experiment train_loss train_SoftDiceLoss train_BCELoss train_iou train_mAP val_loss val_SoftDiceLoss val_BCELoss val_iou val_mAP
refine_net_50_bn_augmentations_lovasz_long_training 0.1960 0.0557 0.0402 0.9214 0.8960 0.5661 0.4858 0.1479 0.8665 0.8420
refine_next_50_bn_augmentations_lovasz_long_training 0.1542 0.0413 0.0297 0.9343 0.9119 0.5965 0.4729 0.1599 0.8691 0.8417
u_resnet_50_pseudo_labeling_3_augmentations 0.0619 0.0288 0.0314 0.9128 0.8901 0.6745 0.4112 0.2612 0.8626 0.8358
refine_net_50_bn_augmentations_long_training 0.0660 0.0307 0.0336 0.9078 0.8858 0.6995 0.4189 0.2786 0.8566 0.8304
refine_net_50_bn_augmentations_lovasz 0.2440 0.0798 0.0556 0.9066 0.8766 0.6227 0.4559 0.1873 0.8551 0.8287
u_resnet_50_pseudo_labeling_3 0.0431 0.0208 0.0204 0.9348 0.9216 0.6523 0.4058 0.2441 0.8550 0.8264
refine_next_50_bn_augmentations 0.0825 0.0384 0.0425 0.9015 0.8765 0.6798 0.4657 0.2123 0.8540 0.8257
refine_next_50_bn_augmentations_distortion 0.0840 0.0399 0.0426 0.8940 0.8626 0.6846 0.4642 0.2187 0.8552 0.8257
refine_net_50_bn_augmentations 0.0845 0.0396 0.0433 0.8963 0.8719 0.6911 0.4279 0.2615 0.8495 0.8249
refine_next_50_bn 0.0428 0.0201 0.0203 0.9298 0.9143 0.7333 0.4670 0.2644 0.8514 0.8234
refine_net_50_bn_pp 0.0526 0.0246 0.0260 0.9176 0.8984 0.7094 0.4720 0.2355 0.8495 0.8209
refine_net_50_bn_dpp 0.0496 0.0233 0.0242 0.9213 0.9035 0.7082 0.4652 0.2410 0.8493 0.8196
refine_net_50_bn 0.0541 0.0253 0.0269 0.9142 0.8947 0.7046 0.4710 0.2317 0.8472 0.8185
refine_net_50_se_bn 0.0514 0.0242 0.0251 0.9188 0.9001 0.6954 0.4686 0.2249 0.8488 0.8184
refine_net_50_bn_gcn 0.0493 0.0234 0.0240 0.9195 0.9012 0.7250 0.4656 0.2575 0.8475 0.8178
u_resnet_50_augmentations_soft_rotation 0.1235 0.0619 0.0610 0.8783 0.8464 0.6535 0.4462 0.2060 0.8435 0.8147
u_resnet_50_augmentations_distortion 0.1109 0.0551 0.0557 0.8788 0.8442 0.6583 0.4425 0.2146 0.8406 0.8118
u_resnet_50_augmentations 0.1092 0.0533 0.0551 0.8843 0.8567 0.6670 0.4459 0.2195 0.8410 0.8113
u_resnet_50_lovasz_loss 0.1609 0.0586 0.0375 0.9413 0.9187 0.6784 0.4649 0.1813 0.8430 0.8105
u_resnet_50_pseudo_labeling 0.0619 0.0310 0.0296 0.9197 0.9019 0.6703 0.4367 0.2315 0.8389 0.8088
u_resnet_50_distortion 0.0759 0.0371 0.0377 0.8962 0.8676 0.6921 0.4390 0.2510 0.8387 0.8079
lkm_50 0.0365 0.0217 0.0192 0.9322 0.9166 0.7702 0.4346 0.3416 0.8246 0.7898
