epoch train_iou train_loss train_mAP val_iou val_mAP
0 0.4848 1.4153 0.4013 0.6850 0.6162
1 0.7019 0.9757 0.6376 0.7469 0.6922
2 0.7462 0.8362 0.6914 0.7623 0.7095
3 0.7719 0.7616 0.7187 0.7839 0.7441
4 0.7929 0.6938 0.7464 0.7947 0.7570
5 0.7953 0.6798 0.7451 0.7998 0.7641
6 0.7968 0.6717 0.7492 0.8042 0.7630
7 0.8007 0.6585 0.7537 0.8114 0.7707
8 0.8027 0.6488 0.7536 0.8060 0.7725
9 0.8048 0.6496 0.7600 0.7671 0.7248
10 0.7993 0.6583 0.7540 0.8040 0.7621
11 0.8100 0.6224 0.7677 0.8200 0.7743
12 0.8165 0.5862 0.7782 0.8188 0.7845
13 0.8325 0.5448 0.7928 0.8279 0.7925
14 0.8445 0.4974 0.8056 0.8373 0.8005
15 0.8474 0.4942 0.8109 0.8361 0.8004
16 0.8549 0.4674 0.8175 0.8457 0.8067
17 0.8348 0.5231 0.7985 0.8234 0.7870
18 0.8389 0.5159 0.8001 0.8326 0.7982
19 0.8355 0.5288 0.7987 0.8172 0.7850
20 0.8350 0.5445 0.7987 0.7911 0.7543
21 0.8337 0.5419 0.7955 0.8233 0.7785
22 0.8380 0.5186 0.8013 0.8252 0.7935
23 0.8512 0.4731 0.8170 0.8295 0.8013
24 0.8591 0.4434 0.8298 0.8411 0.8087
25 0.8610 0.4289 0.8278 0.8413 0.8111
26 0.8647 0.4183 0.8323 0.8435 0.8106
27 0.8632 0.4369 0.8313 0.8413 0.8047
28 0.8556 0.4560 0.8199 0.8290 0.7954
29 0.8463 0.4924 0.8124 0.8306 0.7962
30 0.8419 0.5134 0.8053 0.8109 0.7781
31 0.8464 0.4895 0.8112 0.8241 0.7936
32 0.8601 0.4519 0.8265 0.8440 0.8094
33 0.8652 0.4189 0.8328 0.8470 0.8181
34 0.8709 0.3995 0.8391 0.8506 0.8169
35 0.8758 0.3817 0.8437 0.8520 0.8181
36 0.8697 0.3961 0.8368 0.8504 0.8214
37 0.8706 0.4015 0.8376 0.8566 0.8237
38 0.8722 0.4068 0.8420 0.8453 0.8163
39 0.8627 0.4306 0.8307 0.8475 0.8115
40 0.8525 0.4683 0.8185 0.8391 0.8037
41 0.8579 0.4642 0.8262 0.8311 0.7994
42 0.8667 0.4138 0.8368 0.8255 0.7953
43 0.8773 0.3746 0.8445 0.8428 0.8151
44 0.8791 0.3626 0.8517 0.8490 0.8210
45 0.8833 0.3503 0.8550 0.8524 0.8230
46 0.8862 0.3380 0.8572 0.8518 0.8226
47 0.8805 0.3578 0.8518 0.8457 0.8151
48 0.8726 0.3927 0.8402 0.8417 0.8126
49 0.8716 0.4016 0.8392 0.8355 0.7993
50 0.8701 0.4071 0.8353 0.8265 0.7970
51 0.8667 0.4170 0.8354 0.8364 0.8060
52 0.8720 0.3899 0.8409 0.8448 0.8132
53 0.8802 0.3604 0.8495 0.8484 0.8150
54 0.8818 0.3513 0.8504 0.8526 0.8204
55 0.8900 0.3190 0.8628 0.8512 0.8200
56 0.8971 0.3112 0.8690 0.8504 0.8194
57 0.8889 0.3217 0.8608 0.8434 0.8143
58 0.8900 0.3286 0.8602 0.8460 0.8133
59 0.8776 0.3688 0.8466 0.8470 0.8154
60 0.8754 0.3846 0.8463 0.8476 0.8136
61 0.8665 0.4151 0.8354 0.8439 0.8113
62 0.8861 0.3509 0.8556 0.8382 0.8050
63 0.8820 0.3484 0.8549 0.8522 0.8207
64 0.8918 0.3155 0.8636 0.8529 0.8236
65 0.8952 0.3058 0.8650 0.8542 0.8270
66 0.8954 0.2998 0.8662 0.8581 0.8303
67 0.8916 0.3111 0.8620 0.8561 0.8237
68 0.8910 0.3244 0.8620 0.8517 0.8213
69 0.8828 0.3560 0.8546 0.8441 0.8166
70 0.8788 0.3745 0.8464 0.8294 0.7989
71 0.8760 0.3788 0.8456 0.8420 0.8087
72 0.8875 0.3341 0.8580 0.8497 0.8192
73 0.8974 0.2955 0.8693 0.8516 0.8243
74 0.9018 0.2834 0.8752 0.8614 0.8310
75 0.8981 0.2831 0.8683 0.8561 0.8266
76 0.9045 0.2649 0.8782 0.8564 0.8254
77 0.9033 0.2738 0.8745 0.8553 0.8224
78 0.9040 0.2802 0.8749 0.8533 0.8245
79 0.8891 0.3438 0.8589 0.8276 0.7969
80 0.8821 0.3553 0.8517 0.8527 0.8222
81 0.8929 0.3228 0.8644 0.8493 0.8209
82 0.8950 0.3035 0.8649 0.8563 0.8231
83 0.8956 0.2944 0.8687 0.8586 0.8292
84 0.9032 0.2696 0.8770 0.8588 0.8290
85 0.9099 0.2506 0.8821 0.8589 0.8304
86 0.9151 0.2335 0.8887 0.8584 0.8293
87 0.9066 0.2588 0.8786 0.8539 0.8202
88 0.8979 0.2945 0.8715 0.8346 0.7975
89 0.8837 0.3433 0.8514 0.8449 0.8189
90 0.8942 0.3067 0.8643 0.8463 0.8154
91 0.8929 0.3132 0.8642 0.8450 0.8113
92 0.9002 0.2917 0.8719 0.8538 0.8209
93 0.9091 0.2609 0.8828 0.8544 0.8275
94 0.9045 0.2604 0.8751 0.8601 0.8338
95 0.9112 0.2454 0.8854 0.8593 0.8326
96 0.9103 0.2416 0.8850 0.8595 0.8296
97 0.9156 0.2343 0.8880 0.8570 0.8281
98 0.9087 0.2472 0.8818 0.8449 0.8153
99 0.8948 0.3036 0.8642 0.8596 0.8311
100 0.9054 0.2692 0.8774 0.8558 0.8240
101 0.9113 0.2524 0.8847 0.8576 0.8275
102 0.9143 0.2398 0.8865 0.8594 0.8321
103 0.9196 0.2189 0.8930 0.8608 0.8329
104 0.9196 0.2139 0.8918 0.8622 0.8328
105 0.9220 0.2073 0.8996 0.8618 0.8333
106 0.9195 0.2112 0.8937 0.8632 0.8345
107 0.9190 0.2181 0.8920 0.8603 0.8333
108 0.9179 0.2229 0.8920 0.8603 0.8339
109 0.9200 0.2127 0.8937 0.8586 0.8320
110 0.9150 0.2331 0.8889 0.8577 0.8285
111 0.9183 0.2251 0.8927 0.8471 0.8208
112 0.9183 0.2190 0.8934 0.8575 0.8281
113 0.9181 0.2191 0.8932 0.8582 0.8275
114 0.9220 0.2077 0.8977 0.8564 0.8284
115 0.9226 0.1980 0.8983 0.8561 0.8281
116 0.9246 0.1941 0.9006 0.8575 0.8288
117 0.9223 0.2037 0.8966 0.8577 0.8325
118 0.9249 0.1974 0.8998 0.8534 0.8273
119 0.9212 0.2018 0.8955 0.8606 0.8335
120 0.9207 0.2155 0.8972 0.8589 0.8325
121 0.9200 0.2157 0.8952 0.8545 0.8244
122 0.9216 0.2067 0.8962 0.8567 0.8280
123 0.9283 0.1889 0.9056 0.8623 0.8358
124 0.9242 0.1959 0.8979 0.8619 0.8340
125 0.9263 0.1899 0.9016 0.8628 0.8352
126 0.9283 0.1879 0.9045 0.8623 0.8340
127 0.9276 0.1869 0.9041 0.8536 0.8268
128 0.9277 0.1881 0.9022 0.8590 0.8300
129 0.9209 0.2190 0.8961 0.8446 0.8213
130 0.9153 0.2294 0.8907 0.8554 0.8282
131 0.9144 0.2342 0.8876 0.8493 0.8172
132 0.9229 0.2099 0.8964 0.8529 0.8234
133 0.9206 0.2085 0.8958 0.8539 0.8267
134 0.9291 0.1858 0.9054 0.8578 0.8326
135 0.9263 0.1906 0.9009 0.8589 0.8335
136 0.9294 0.1809 0.9050 0.8599 0.8315
137 0.9324 0.1811 0.9098 0.8602 0.8322
138 0.9250 0.1995 0.8993 0.8609 0.8314
139 0.9244 0.2015 0.8992 0.8572 0.8292
140 0.9193 0.2099 0.8942 0.8556 0.8294
141 0.9182 0.2128 0.8928 0.8581 0.8292
142 0.9203 0.2054 0.8961 0.8609 0.8319
143 0.9311 0.1793 0.9067 0.8603 0.8299
144 0.9283 0.1843 0.9061 0.8618 0.8333
145 0.9267 0.1847 0.9032 0.8648 0.8365
146 0.9283 0.1791 0.9068 0.8652 0.8355
147 0.9345 0.1717 0.9136 0.8526 0.8220
148 0.9272 0.1872 0.9034 0.8611 0.8357
149 0.9241 0.2062 0.8987 0.8589 0.8285
150 0.9248 0.2060 0.9011 0.8531 0.8215
151 0.9279 0.1919 0.9039 0.8581 0.8308
152 0.9310 0.1814 0.9077 0.8573 0.8300
153 0.9232 0.1916 0.8993 0.8559 0.8242
154 0.9319 0.1734 0.9082 0.8570 0.8285
155 0.9342 0.1691 0.9118 0.8578 0.8297
156 0.9344 0.1705 0.9123 0.8571 0.8268
157 0.9322 0.1712 0.9082 0.8581 0.8319
158 0.9274 0.1907 0.9036 0.8586 0.8304
159 0.9287 0.1875 0.9041 0.8543 0.8262
160 0.9295 0.1800 0.9058 0.8597 0.8321
161 0.9313 0.1720 0.9092 0.8596 0.8319
162 0.9360 0.1644 0.9155 0.8569 0.8299
163 0.9365 0.1641 0.9153 0.8586 0.8319
164 0.9298 0.1758 0.9072 0.8560 0.8281
165 0.9335 0.1636 0.9118 0.8573 0.8302
166 0.9317 0.1703 0.9104 0.8589 0.8305
167 0.9343 0.1675 0.9131 0.8599 0.8317
168 0.9324 0.1687 0.9111 0.8612 0.8333
169 0.9351 0.1580 0.9138 0.8603 0.8316
170 0.9357 0.1613 0.9146 0.8585 0.8302
171 0.9367 0.1605 0.9163 0.8598 0.8323
172 0.9318 0.1693 0.9115 0.8603 0.8314
173 0.9343 0.1658 0.9115 0.8587 0.8304
174 0.9365 0.1600 0.9147 0.8599 0.8309
175 0.9392 0.1539 0.9189 0.8595 0.8297
176 0.9411 0.1531 0.9204 0.8602 0.8300
177 0.9373 0.1581 0.9167 0.8626 0.8326
178 0.9320 0.1647 0.9092 0.8586 0.8291
179 0.9353 0.1587 0.9132 0.8612 0.8321
180 0.9383 0.1568 0.9184 0.8615 0.8308
181 0.9390 0.1579 0.9198 0.8586 0.8305
182 0.9364 0.1597 0.9159 0.8611 0.8331
183 0.9352 0.1598 0.9145 0.8588 0.8300
184 0.9391 0.1501 0.9179 0.8590 0.8306
185 0.9359 0.1585 0.9140 0.8586 0.8312
186 0.9358 0.1596 0.9160 0.8596 0.8315
187 0.9362 0.1563 0.9144 0.8592 0.8302
188 0.9358 0.1563 0.9135 0.8618 0.8321
189 0.9367 0.1567 0.9152 0.8618 0.8303
190 0.9384 0.1555 0.9185 0.8625 0.8350
191 0.9403 0.1527 0.9213 0.8646 0.8331
192 0.9379 0.1541 0.9160 0.8614 0.8341
193 0.9345 0.1596 0.9146 0.8603 0.8321
194 0.9360 0.1593 0.9155 0.8636 0.8355
195 0.9368 0.1548 0.9155 0.8604 0.8327
196 0.9374 0.1516 0.9168 0.8627 0.8346
197 0.9396 0.1487 0.9194 0.8620 0.8329
198 0.9417 0.1468 0.9235 0.8610 0.8325
199 0.9403 0.1494 0.9182 0.8638 0.8339
