epoch train_BCELoss train_SoftDiceLoss train_iou train_loss train_mAP val_BCELoss val_SoftDiceLoss val_iou val_loss val_mAP
0 0.6693 0.6788 0.0023 1.3461 0.0012 0.6682 0.7357 0.3594 1.4037 0.3594
1 0.6329 0.6552 0.2457 1.2853 0.2125 0.5830 0.6876 0.4528 1.2658 0.3224
2 0.5395 0.5837 0.5528 1.1207 0.4613 0.5037 0.6489 0.6425 1.1504 0.5679
3 0.4721 0.5280 0.6567 0.9978 0.5826 0.4139 0.6333 0.7056 1.0445 0.6423
4 0.3847 0.4609 0.6958 0.8393 0.6285 0.3332 0.6205 0.6986 0.9431 0.6192
5 0.2230 0.2868 0.7255 0.4681 0.6613 0.2465 0.5453 0.6921 0.7625 0.6223
6 0.1806 0.1917 0.7498 0.3288 0.6976 0.4864 0.6208 0.6240 1.0797 0.5604
7 0.1602 0.1620 0.7727 0.2831 0.7269 0.2383 0.5093 0.7461 0.7264 0.6977
8 0.1259 0.1372 0.7962 0.2254 0.7537 0.2213 0.4944 0.7904 0.6847 0.7478
9 0.1067 0.1169 0.8217 0.1873 0.7807 0.1998 0.4897 0.8029 0.6623 0.7562
10 0.0951 0.1069 0.8284 0.1659 0.7882 0.1996 0.4880 0.8021 0.6595 0.7531
11 0.1010 0.1092 0.8249 0.1749 0.7847 0.2034 0.4881 0.7997 0.6644 0.7531
12 0.0906 0.0991 0.8365 0.1559 0.7994 0.2717 0.4868 0.7883 0.7243 0.7450
13 0.0932 0.0970 0.8295 0.1593 0.7913 0.2468 0.4795 0.7933 0.7015 0.7455
14 0.0887 0.0902 0.8310 0.1505 0.7922 0.2637 0.4805 0.7954 0.7236 0.7565
15 0.1109 0.1037 0.8135 0.1878 0.7725 0.2743 0.4996 0.7685 0.7503 0.7199
16 0.0984 0.0945 0.8240 0.1680 0.7843 0.2647 0.4747 0.7825 0.7187 0.7356
17 0.0843 0.0848 0.8400 0.1447 0.8032 0.2551 0.4881 0.7855 0.7166 0.7452
18 0.0710 0.0725 0.8542 0.1206 0.8209 0.2010 0.4603 0.8114 0.6379 0.7709
19 0.0606 0.0658 0.8654 0.1039 0.8334 0.2203 0.4575 0.8063 0.6519 0.7654
20 0.0572 0.0632 0.8658 0.0979 0.8334 0.2175 0.4565 0.8097 0.6484 0.7690
21 0.0530 0.0591 0.8723 0.0903 0.8419 0.2108 0.4539 0.8162 0.6395 0.7772
22 0.0522 0.0576 0.8699 0.0889 0.8385 0.2189 0.4521 0.8120 0.6440 0.7714
23 0.0533 0.0572 0.8671 0.0905 0.8354 0.2311 0.4585 0.8123 0.6706 0.7759
24 0.0674 0.0665 0.8583 0.1141 0.8233 0.3351 0.4703 0.7897 0.7855 0.7467
25 0.0777 0.0718 0.8451 0.1304 0.8100 0.2980 0.5016 0.7685 0.7776 0.7287
26 0.0743 0.0715 0.8404 0.1271 0.8045 0.3548 0.4713 0.7737 0.7980 0.7268
27 0.0561 0.0593 0.8621 0.0977 0.8293 0.3061 0.4738 0.7938 0.7645 0.7511
28 0.0477 0.0508 0.8743 0.0818 0.8457 0.2798 0.4551 0.8127 0.7179 0.7754
29 0.0437 0.0479 0.8824 0.0753 0.8547 0.2881 0.4539 0.8128 0.7244 0.7776
30 0.0447 0.0473 0.8860 0.0761 0.8593 0.2808 0.4549 0.8110 0.7187 0.7758
31 0.0407 0.0452 0.8865 0.0702 0.8615 0.2795 0.4526 0.8155 0.7146 0.7809
32 0.0415 0.0450 0.8851 0.0712 0.8562 0.2959 0.4585 0.8123 0.7378 0.7783
33 0.0398 0.0427 0.8867 0.0681 0.8609 0.3046 0.4375 0.8176 0.7219 0.7818
34 0.0453 0.0471 0.8749 0.0781 0.8453 0.2556 0.4587 0.8131 0.6994 0.7780
35 0.0419 0.0436 0.8850 0.0719 0.8576 0.2572 0.4553 0.8105 0.6958 0.7698
36 0.0393 0.0412 0.8897 0.0679 0.8625 0.2582 0.4594 0.8186 0.7032 0.7790
37 0.0450 0.0448 0.8888 0.0771 0.8620 0.4218 0.4477 0.8005 0.8546 0.7574
38 0.0412 0.0436 0.8864 0.0717 0.8611 0.2706 0.4552 0.8067 0.7149 0.7701
39 0.0364 0.0397 0.8939 0.0638 0.8695 0.2841 0.4415 0.8149 0.7107 0.7809
40 0.0325 0.0357 0.9034 0.0566 0.8793 0.2825 0.4426 0.8112 0.7099 0.7772
41 0.0321 0.0355 0.8996 0.0560 0.8766 0.2860 0.4438 0.8130 0.7145 0.7786
42 0.0312 0.0345 0.9025 0.0546 0.8804 0.2875 0.4444 0.8147 0.7182 0.7790
43 0.0310 0.0340 0.9050 0.0546 0.8823 0.2866 0.4417 0.8210 0.7142 0.7846
44 0.0309 0.0337 0.9030 0.0545 0.8803 0.2991 0.4441 0.8117 0.7295 0.7763
45 0.0332 0.0345 0.8985 0.0579 0.8750 0.2860 0.4428 0.8144 0.7152 0.7777
46 0.0327 0.0332 0.9056 0.0565 0.8829 0.2703 0.4410 0.8143 0.6975 0.7754
47 0.0283 0.0307 0.9114 0.0503 0.8901 0.2879 0.4291 0.8240 0.7030 0.7895
48 0.0311 0.0313 0.9140 0.0538 0.8930 0.3081 0.4296 0.8184 0.7233 0.7843
49 0.0287 0.0295 0.9157 0.0499 0.8950 0.2928 0.4322 0.8172 0.7110 0.7816
50 0.0243 0.0277 0.9180 0.0439 0.8992 0.2999 0.4294 0.8190 0.7149 0.7842
51 0.0247 0.0276 0.9187 0.0443 0.8997 0.3034 0.4302 0.8184 0.7198 0.7846
52 0.0243 0.0274 0.9188 0.0437 0.8994 0.3033 0.4327 0.8141 0.7227 0.7777
53 0.0235 0.0265 0.9208 0.0425 0.9033 0.3024 0.4281 0.8214 0.7174 0.7874
54 0.0242 0.0270 0.9186 0.0438 0.8990 0.3362 0.4216 0.8136 0.7447 0.7772
55 0.0264 0.0280 0.9164 0.0473 0.8964 0.3449 0.4187 0.8140 0.7490 0.7740
56 0.0260 0.0274 0.9196 0.0465 0.8986 0.3166 0.4213 0.8188 0.7250 0.7831
57 0.0237 0.0260 0.9238 0.0434 0.9048 0.3318 0.4144 0.8152 0.7341 0.7802
58 0.0231 0.0252 0.9221 0.0422 0.9030 0.3002 0.4247 0.8199 0.7138 0.7813
59 0.0210 0.0239 0.9271 0.0390 0.9109 0.3004 0.4193 0.8205 0.7081 0.7846
60 0.0202 0.0232 0.9285 0.0376 0.9122 0.3133 0.4177 0.8204 0.7195 0.7849
61 0.0198 0.0230 0.9284 0.0372 0.9124 0.3190 0.4176 0.8203 0.7258 0.7848
62 0.0197 0.0225 0.9300 0.0368 0.9144 0.3137 0.4207 0.8224 0.7245 0.7849
63 0.0201 0.0223 0.9297 0.0374 0.9136 0.3137 0.4219 0.8182 0.7247 0.7818
64 0.0214 0.0230 0.9268 0.0392 0.9086 0.3482 0.4195 0.8183 0.7569 0.7818
65 0.0231 0.0240 0.9226 0.0421 0.9041 0.2724 0.4288 0.8115 0.6909 0.7709
66 0.0226 0.0240 0.9228 0.0416 0.9037 0.3548 0.4111 0.8208 0.7538 0.7833
67 0.0218 0.0235 0.9269 0.0404 0.9094 0.3164 0.4187 0.8195 0.7237 0.7800
68 0.0196 0.0221 0.9304 0.0371 0.9138 0.3247 0.4144 0.8241 0.7296 0.7853
69 0.0186 0.0213 0.9327 0.0353 0.9168 0.3193 0.4278 0.8206 0.7400 0.7847
70 0.0176 0.0208 0.9345 0.0339 0.9203 0.3146 0.4249 0.8205 0.7318 0.7839
71 0.0175 0.0201 0.9353 0.0336 0.9208 0.3193 0.4262 0.8224 0.7377 0.7863
72 0.0173 0.0201 0.9358 0.0333 0.9213 0.3198 0.4244 0.8188 0.7358 0.7825
73 0.0175 0.0198 0.9364 0.0335 0.9213 0.3325 0.4255 0.8219 0.7512 0.7839
74 0.0184 0.0200 0.9325 0.0348 0.9167 0.3676 0.4279 0.8258 0.7891 0.7886
75 0.0197 0.0209 0.9326 0.0370 0.9159 0.3575 0.4219 0.8209 0.7725 0.7857
76 0.0214 0.0225 0.9280 0.0399 0.9098 0.3395 0.4243 0.8166 0.7559 0.7735
77 0.0196 0.0213 0.9312 0.0371 0.9148 0.3055 0.4217 0.8161 0.7181 0.7743
78 0.0179 0.0197 0.9344 0.0346 0.9193 0.3639 0.4107 0.8246 0.7669 0.7844
79 0.0158 0.0184 0.9398 0.0312 0.9263 0.3369 0.4148 0.8232 0.7439 0.7836
80 0.0159 0.0184 0.9387 0.0312 0.9260 0.3470 0.4105 0.8229 0.7491 0.7844
81 0.0160 0.0186 0.9393 0.0315 0.9267 0.3237 0.4114 0.8274 0.7272 0.7896
82 0.0153 0.0178 0.9409 0.0304 0.9275 0.3243 0.4147 0.8266 0.7320 0.7893
83 0.0159 0.0185 0.9385 0.0315 0.9252 0.3178 0.4221 0.8227 0.7342 0.7830
84 0.0171 0.0187 0.9369 0.0332 0.9222 0.3216 0.4114 0.8253 0.7267 0.7865
85 0.0206 0.0215 0.9251 0.0388 0.9066 0.3073 0.4491 0.8117 0.7508 0.7756
86 0.0425 0.0359 0.8944 0.0730 0.8718 0.4952 0.5200 0.7164 1.0108 0.6769
87 0.0937 0.0841 0.8276 0.1600 0.7920 0.2953 0.4833 0.7918 0.7671 0.7511
88 0.0665 0.0596 0.8630 0.1135 0.8352 0.2891 0.4691 0.7954 0.7453 0.7530
89 0.0382 0.0397 0.8963 0.0666 0.8730 0.2653 0.4573 0.8187 0.7124 0.7792
90 0.0297 0.0348 0.9087 0.0543 0.8875 0.2765 0.4533 0.8173 0.7194 0.7760
91 0.0275 0.0314 0.9066 0.0500 0.8870 0.2974 0.4509 0.8099 0.7380 0.7677
92 0.0244 0.0273 0.9122 0.0447 0.8943 0.3084 0.4490 0.8135 0.7494 0.7711
93 0.0234 0.0266 0.9165 0.0439 0.8974 0.2848 0.4424 0.8269 0.7199 0.7882
94 0.0227 0.0245 0.9193 0.0426 0.9012 0.3822 0.4461 0.8000 0.8230 0.7584
95 0.0717 0.0625 0.8514 0.1234 0.8218 0.2619 0.4817 0.7807 0.7340 0.7375
96 0.0666 0.0626 0.8621 0.1167 0.8327 0.2502 0.4655 0.8083 0.7056 0.7663
97 0.0425 0.0432 0.8843 0.0762 0.8583 0.2739 0.4580 0.8026 0.7238 0.7652
98 0.0296 0.0325 0.9050 0.0549 0.8839 0.3151 0.4482 0.8104 0.7564 0.7742
99 0.0242 0.0272 0.9143 0.0455 0.8953 0.3015 0.4498 0.8101 0.7445 0.7737
