epoch train_iou train_loss train_mAP val_iou val_mAP
0 0.4264 1.5484 0.3239 0.6473 0.5562
1 0.7047 0.9791 0.6368 0.7432 0.6893
2 0.7413 0.8558 0.6812 0.7797 0.7350
3 0.7667 0.7767 0.7147 0.7725 0.7245
4 0.7926 0.7050 0.7422 0.8057 0.7633
5 0.7983 0.6803 0.7480 0.8160 0.7767
6 0.8055 0.6464 0.7573 0.8194 0.7805
7 0.7910 0.6812 0.7430 0.7898 0.7422
8 0.8046 0.6525 0.7569 0.8067 0.7719
9 0.7988 0.6683 0.7504 0.8137 0.7745
10 0.8002 0.6602 0.7539 0.7903 0.7464
11 0.8125 0.6161 0.7672 0.8171 0.7799
12 0.8182 0.5939 0.7755 0.8284 0.7947
13 0.8275 0.5553 0.7879 0.8345 0.8037
14 0.8404 0.5104 0.8005 0.8321 0.8019
15 0.8484 0.4823 0.8117 0.8389 0.8083
16 0.8412 0.4995 0.8022 0.8355 0.8031
17 0.8403 0.5156 0.7993 0.8401 0.8064
18 0.8356 0.5249 0.7959 0.8366 0.8049
19 0.8381 0.5292 0.7992 0.8099 0.7745
20 0.8152 0.6024 0.7735 0.8233 0.7814
21 0.8374 0.5334 0.7991 0.8407 0.8069
22 0.8424 0.5169 0.8014 0.8375 0.8070
23 0.8503 0.4751 0.8142 0.8422 0.8108
24 0.8587 0.4451 0.8248 0.8491 0.8220
25 0.8596 0.4382 0.8263 0.8500 0.8221
26 0.8572 0.4400 0.8229 0.8490 0.8203
27 0.8603 0.4403 0.8253 0.8493 0.8221
28 0.8560 0.4569 0.8184 0.8234 0.8000
29 0.8500 0.4765 0.8144 0.8411 0.8042
30 0.8321 0.5421 0.7951 0.8329 0.8038
31 0.8509 0.4770 0.8144 0.8439 0.8179
32 0.8582 0.4535 0.8228 0.8454 0.8163
33 0.8658 0.4177 0.8336 0.8552 0.8285
34 0.8636 0.4165 0.8298 0.8502 0.8238
35 0.8807 0.3692 0.8460 0.8518 0.8240
36 0.8812 0.3721 0.8492 0.8510 0.8245
37 0.8716 0.3909 0.8382 0.8287 0.7989
38 0.8692 0.4139 0.8357 0.8471 0.8204
39 0.8640 0.4304 0.8278 0.8458 0.8186
40 0.8530 0.4750 0.8159 0.8426 0.8139
41 0.8525 0.4623 0.8160 0.8506 0.8208
42 0.8726 0.3954 0.8388 0.8570 0.8268
43 0.8722 0.3958 0.8380 0.8481 0.8175
44 0.8877 0.3414 0.8550 0.8617 0.8352
45 0.8870 0.3376 0.8574 0.8617 0.8351
46 0.8870 0.3411 0.8563 0.8576 0.8298
47 0.8809 0.3624 0.8497 0.8613 0.8361
48 0.8758 0.3728 0.8433 0.8465 0.8127
49 0.8817 0.3648 0.8516 0.8503 0.8232
50 0.8614 0.4290 0.8216 0.8426 0.8108
51 0.8688 0.3988 0.8308 0.8585 0.8313
52 0.8727 0.3952 0.8378 0.8554 0.8263
53 0.8835 0.3589 0.8513 0.8544 0.8274
54 0.8882 0.3323 0.8570 0.8641 0.8379
55 0.8913 0.3158 0.8606 0.8643 0.8389
56 0.8926 0.3127 0.8628 0.8567 0.8316
57 0.8963 0.3078 0.8656 0.8576 0.8309
58 0.8930 0.3245 0.8621 0.8552 0.8305
59 0.8815 0.3525 0.8493 0.8527 0.8273
60 0.8727 0.3979 0.8412 0.8452 0.8156
61 0.8752 0.3843 0.8409 0.8537 0.8267
62 0.8850 0.3516 0.8544 0.8559 0.8291
63 0.8874 0.3281 0.8545 0.8651 0.8369
64 0.8955 0.2987 0.8649 0.8675 0.8422
65 0.9012 0.2819 0.8699 0.8649 0.8391
66 0.9030 0.2746 0.8730 0.8661 0.8383
67 0.8981 0.2928 0.8673 0.8546 0.8275
68 0.8949 0.3114 0.8624 0.8396 0.8125
69 0.8840 0.3546 0.8483 0.8248 0.7899
70 0.8780 0.3762 0.8434 0.8633 0.8352
71 0.8836 0.3537 0.8519 0.8549 0.8269
72 0.8856 0.3428 0.8540 0.8614 0.8352
73 0.9006 0.2928 0.8724 0.8633 0.8338
74 0.9059 0.2746 0.8747 0.8632 0.8367
75 0.9051 0.2624 0.8745 0.8641 0.8374
76 0.9063 0.2564 0.8790 0.8661 0.8412
77 0.9105 0.2573 0.8821 0.8616 0.8349
78 0.8967 0.2958 0.8647 0.8582 0.8321
79 0.8873 0.3194 0.8574 0.8574 0.8272
80 0.8942 0.3200 0.8622 0.8558 0.8249
81 0.8913 0.3317 0.8590 0.8556 0.8291
82 0.8987 0.3037 0.8668 0.8589 0.8290
83 0.9031 0.2747 0.8754 0.8687 0.8416
84 0.9095 0.2539 0.8820 0.8666 0.8407
85 0.9143 0.2459 0.8860 0.8678 0.8421
86 0.9129 0.2419 0.8852 0.8667 0.8427
87 0.9121 0.2405 0.8823 0.8569 0.8311
88 0.9089 0.2541 0.8807 0.8606 0.8352
89 0.8980 0.2971 0.8672 0.8588 0.8331
90 0.8839 0.3629 0.8525 0.8255 0.7918
91 0.8854 0.3334 0.8548 0.8535 0.8305
92 0.9004 0.2853 0.8704 0.8564 0.8326
93 0.9060 0.2699 0.8771 0.8625 0.8388
94 0.9100 0.2436 0.8804 0.8604 0.8371
95 0.9157 0.2278 0.8869 0.8629 0.8400
96 0.9154 0.2273 0.8876 0.8652 0.8404
97 0.9131 0.2387 0.8846 0.8609 0.8363
98 0.9078 0.2528 0.8779 0.8630 0.8387
99 0.9049 0.2762 0.8751 0.8608 0.8364
100 0.9098 0.2554 0.8815 0.8608 0.8387
101 0.9097 0.2509 0.8829 0.8622 0.8381
102 0.9130 0.2359 0.8864 0.8624 0.8389
103 0.9124 0.2317 0.8843 0.8655 0.8403
104 0.9211 0.2126 0.8933 0.8685 0.8450
105 0.9209 0.2139 0.8947 0.8661 0.8429
106 0.9201 0.2148 0.8941 0.8640 0.8407
107 0.9203 0.2126 0.8937 0.8618 0.8370
108 0.9226 0.2124 0.8970 0.8694 0.8458
109 0.9177 0.2231 0.8898 0.8682 0.8424
110 0.9152 0.2341 0.8896 0.8613 0.8364
111 0.9146 0.2386 0.8886 0.8436 0.8184
112 0.9194 0.2163 0.8918 0.8611 0.8380
113 0.9241 0.2027 0.8981 0.8705 0.8433
114 0.9234 0.2025 0.8981 0.8677 0.8442
115 0.9245 0.1997 0.8977 0.8664 0.8421
116 0.9243 0.2001 0.8989 0.8639 0.8410
117 0.9279 0.1965 0.9034 0.8658 0.8417
118 0.9175 0.2152 0.8910 0.8647 0.8409
119 0.9238 0.2158 0.8980 0.8520 0.8293
120 0.9199 0.2192 0.8930 0.8652 0.8411
121 0.9192 0.2167 0.8932 0.8635 0.8377
122 0.9239 0.2106 0.8990 0.8641 0.8406
123 0.9224 0.2059 0.8966 0.8705 0.8468
124 0.9288 0.1895 0.9031 0.8687 0.8441
125 0.9238 0.1990 0.8994 0.8659 0.8431
126 0.9267 0.1903 0.9027 0.8659 0.8431
127 0.9272 0.1949 0.9018 0.8654 0.8429
128 0.9253 0.2001 0.9021 0.8620 0.8385
129 0.9222 0.2037 0.8970 0.8635 0.8415
130 0.9215 0.2053 0.8957 0.8601 0.8374
131 0.9241 0.2025 0.9003 0.8631 0.8375
132 0.9237 0.2014 0.8988 0.8629 0.8405
133 0.9291 0.1842 0.9049 0.8651 0.8419
134 0.9286 0.1809 0.9054 0.8665 0.8447
135 0.9313 0.1775 0.9077 0.8668 0.8445
136 0.9291 0.1804 0.9060 0.8689 0.8448
137 0.9283 0.1841 0.9056 0.8664 0.8438
138 0.9263 0.1933 0.9028 0.8673 0.8434
139 0.9218 0.2124 0.8965 0.8562 0.8321
140 0.9199 0.2228 0.8921 0.8669 0.8430
141 0.9226 0.2092 0.8967 0.8639 0.8424
142 0.9255 0.1964 0.9005 0.8668 0.8403
143 0.9253 0.1918 0.8991 0.8660 0.8421
144 0.9289 0.1853 0.9063 0.8680 0.8457
145 0.9304 0.1770 0.9077 0.8675 0.8446
146 0.9268 0.1852 0.9047 0.8694 0.8452
147 0.9278 0.1797 0.9040 0.8680 0.8436
148 0.9350 0.1717 0.9121 0.8649 0.8433
149 0.9287 0.1943 0.9040 0.8613 0.8353
150 0.9244 0.2031 0.8994 0.8618 0.8397
151 0.9330 0.1809 0.9101 0.8662 0.8429
152 0.9274 0.1908 0.9060 0.8687 0.8452
153 0.9303 0.1790 0.9066 0.8698 0.8456
154 0.9312 0.1723 0.9081 0.8714 0.8477
155 0.9339 0.1688 0.9120 0.8726 0.8489
156 0.9355 0.1637 0.9142 0.8723 0.8493
157 0.9353 0.1628 0.9134 0.8727 0.8486
158 0.9267 0.1812 0.9008 0.8707 0.8462
159 0.9239 0.1914 0.9006 0.8705 0.8431
160 0.9306 0.1744 0.9069 0.8681 0.8429
161 0.9345 0.1674 0.9113 0.8697 0.8462
162 0.9332 0.1684 0.9113 0.8674 0.8419
163 0.9346 0.1598 0.9140 0.8690 0.8450
164 0.9352 0.1614 0.9129 0.8699 0.8459
165 0.9330 0.1636 0.9116 0.8685 0.8454
166 0.9339 0.1610 0.9118 0.8683 0.8450
167 0.9374 0.1603 0.9172 0.8666 0.8416
168 0.9359 0.1604 0.9144 0.8670 0.8433
169 0.9370 0.1607 0.9154 0.8665 0.8442
170 0.9369 0.1548 0.9157 0.8681 0.8445
171 0.9369 0.1599 0.9157 0.8646 0.8421
172 0.9374 0.1566 0.9150 0.8669 0.8435
173 0.9329 0.1621 0.9108 0.8688 0.8458
174 0.9396 0.1576 0.9195 0.8673 0.8447
175 0.9412 0.1482 0.9218 0.8682 0.8453
176 0.9399 0.1525 0.9188 0.8677 0.8458
177 0.9381 0.1492 0.9178 0.8662 0.8435
178 0.9378 0.1545 0.9174 0.8665 0.8434
179 0.9371 0.1537 0.9159 0.8672 0.8421
180 0.9380 0.1579 0.9171 0.8694 0.8447
181 0.9339 0.1626 0.9111 0.8699 0.8468
182 0.9408 0.1456 0.9201 0.8725 0.8481
183 0.9389 0.1520 0.9187 0.8701 0.8469
184 0.9375 0.1549 0.9178 0.8690 0.8453
185 0.9394 0.1504 0.9197 0.8681 0.8438
186 0.9379 0.1560 0.9170 0.8713 0.8492
187 0.9365 0.1600 0.9163 0.8676 0.8441
188 0.9356 0.1573 0.9153 0.8711 0.8483
189 0.9395 0.1509 0.9196 0.8707 0.8471
190 0.9375 0.1557 0.9167 0.8724 0.8502
191 0.9388 0.1489 0.9185 0.8724 0.8488
192 0.9368 0.1549 0.9158 0.8696 0.8458
193 0.9413 0.1507 0.9202 0.8726 0.8495
194 0.9418 0.1448 0.9218 0.8707 0.8474
195 0.9415 0.1449 0.9220 0.8707 0.8475
196 0.9425 0.1434 0.9227 0.8695 0.8471
197 0.9392 0.1513 0.9201 0.8700 0.8469
198 0.9383 0.1537 0.9178 0.8683 0.8447
199 0.9365 0.1548 0.9152 0.8688 0.8448
