epoch train_iou train_loss train_mAP val_iou val_mAP
0 0.5757 0.3701 0.5016 0.6686 0.6241
1 0.7002 0.3099 0.6411 0.6956 0.6386
2 0.7481 0.3112 0.7038 0.7508 0.7121
3 0.7954 0.3180 0.7541 0.7924 0.7626
4 0.8117 0.3162 0.7749 0.8077 0.7745
5 0.8274 0.3241 0.7897 0.8173 0.7841
6 0.8225 0.3765 0.7873 0.8144 0.7886
7 0.7999 0.4574 0.7610 0.8162 0.7844
8 0.8086 0.4735 0.7724 0.7165 0.6812
9 0.7977 0.5452 0.7581 0.8074 0.7810
10 0.7962 0.5871 0.7564 0.7865 0.7603
11 0.8125 0.5758 0.7755 0.8218 0.7894
12 0.8341 0.5303 0.8014 0.8326 0.8000
13 0.8489 0.5136 0.8176 0.8430 0.8173
14 0.8664 0.4818 0.8346 0.8515 0.8184
15 0.8653 0.4988 0.8307 0.8553 0.8240
16 0.8756 0.4982 0.8433 0.8539 0.8248
17 0.8587 0.5725 0.8262 0.8453 0.8133
18 0.8427 0.6672 0.8095 0.8314 0.8002
19 0.8334 0.7361 0.7994 0.8251 0.7927
20 0.8265 0.8047 0.7919 0.8062 0.7756
21 0.8420 0.7646 0.8044 0.8306 0.8044
22 0.8625 0.6939 0.8302 0.8478 0.8114
23 0.8647 0.6892 0.8339 0.8593 0.8291
24 0.8802 0.6228 0.8513 0.8661 0.8345
25 0.8859 0.6240 0.8523 0.8651 0.8349
26 0.8829 0.6491 0.8528 0.8701 0.8409
27 0.8779 0.7113 0.8459 0.8699 0.8378
28 0.8732 0.7549 0.8418 0.8573 0.8313
29 0.8619 0.8546 0.8279 0.8405 0.8119
30 0.8141 1.2032 0.7759 0.8169 0.7942
31 0.8444 1.0195 0.8099 0.8544 0.8179
32 0.8632 0.9240 0.8298 0.8637 0.8318
33 0.8750 0.8498 0.8425 0.8555 0.8264
34 0.8850 0.7851 0.8528 0.8673 0.8379
35 0.8855 0.7844 0.8548 0.8694 0.8398
36 0.8924 0.7504 0.8599 0.8781 0.8521
37 0.8850 0.8525 0.8546 0.8677 0.8338
38 0.8782 0.9097 0.8475 0.8647 0.8360
39 0.8627 1.0528 0.8300 0.8517 0.8219
40 0.8584 1.1550 0.8232 0.8438 0.8198
41 0.8655 1.0695 0.8328 0.8677 0.8316
42 0.8804 0.9882 0.8477 0.8599 0.8290
43 0.8876 0.9385 0.8563 0.8783 0.8501
44 0.8947 0.8765 0.8645 0.8725 0.8440
45 0.9053 0.7975 0.8748 0.8772 0.8502
46 0.9018 0.8428 0.8713 0.8783 0.8470
47 0.9014 0.8644 0.8707 0.8734 0.8466
48 0.8859 1.0331 0.8556 0.8459 0.8261
49 0.8726 1.1668 0.8368 0.8628 0.8346
50 0.8727 1.2157 0.8396 0.8590 0.8313
51 0.8716 1.1990 0.8365 0.8652 0.8375
52 0.8840 1.0683 0.8536 0.8706 0.8445
53 0.8945 0.9821 0.8653 0.8634 0.8351
54 0.8981 0.8946 0.8662 0.8716 0.8447
55 0.9079 0.8153 0.8773 0.8745 0.8470
56 0.9066 0.8389 0.8773 0.8708 0.8444
57 0.9032 0.8695 0.8714 0.8810 0.8528
58 0.8913 0.9875 0.8603 0.8512 0.8169
59 0.8815 1.1083 0.8502 0.8582 0.8316
60 0.8775 1.1526 0.8442 0.8505 0.8189
61 0.8826 1.1092 0.8506 0.8666 0.8394
62 0.8997 0.9261 0.8686 0.8669 0.8379
63 0.9075 0.8393 0.8775 0.8777 0.8475
64 0.9084 0.8015 0.8770 0.8763 0.8485
65 0.9099 0.7861 0.8811 0.8770 0.8495
66 0.9122 0.7682 0.8827 0.8853 0.8566
67 0.9085 0.8076 0.8786 0.8758 0.8464
68 0.9011 0.8952 0.8683 0.8627 0.8341
69 0.8806 1.0955 0.8489 0.8736 0.8419
70 0.8813 1.0899 0.8498 0.8560 0.8240
71 0.8894 0.9970 0.8560 0.8649 0.8334
72 0.9034 0.8833 0.8748 0.8784 0.8504
73 0.9078 0.8139 0.8798 0.8799 0.8534
74 0.9099 0.7603 0.8811 0.8770 0.8500
75 0.9189 0.6997 0.8902 0.8825 0.8559
76 0.9133 0.7383 0.8834 0.8826 0.8551
77 0.9092 0.7573 0.8805 0.8782 0.8497
78 0.9103 0.8200 0.8806 0.8736 0.8473
79 0.8965 0.9562 0.8655 0.8596 0.8334
80 0.8829 1.0949 0.8500 0.8559 0.8124
81 0.8919 0.9756 0.8612 0.8636 0.8344
82 0.9006 0.8561 0.8674 0.8701 0.8455
83 0.9103 0.7906 0.8800 0.8774 0.8471
84 0.9130 0.7564 0.8824 0.8778 0.8501
85 0.9140 0.7251 0.8833 0.8776 0.8504
86 0.9140 0.6933 0.8857 0.8735 0.8443
87 0.9172 0.7005 0.8898 0.8818 0.8541
88 0.9133 0.7510 0.8838 0.8807 0.8519
89 0.9005 0.8917 0.8693 0.8620 0.8330
90 0.8873 1.0313 0.8571 0.8671 0.8430
91 0.8999 0.9211 0.8678 0.8767 0.8485
92 0.9056 0.8223 0.8743 0.8816 0.8556
93 0.9122 0.7744 0.8821 0.8776 0.8486
94 0.9140 0.7319 0.8863 0.8774 0.8511
95 0.9217 0.6595 0.8945 0.8765 0.8500
96 0.9238 0.6266 0.8962 0.8801 0.8530
97 0.9203 0.6616 0.8923 0.8762 0.8491
98 0.9076 0.7959 0.8789 0.8859 0.8565
99 0.9094 0.8076 0.8799 0.8699 0.8448
100 0.9126 0.7650 0.8817 0.8726 0.8434
101 0.9143 0.7110 0.8863 0.8761 0.8474
102 0.9217 0.6697 0.8944 0.8815 0.8530
103 0.9243 0.6209 0.8956 0.8815 0.8555
104 0.9271 0.5898 0.8992 0.8823 0.8580
105 0.9255 0.6156 0.8998 0.8808 0.8566
106 0.9250 0.5989 0.9003 0.8862 0.8594
107 0.9259 0.5853 0.8979 0.8785 0.8529
108 0.9249 0.6017 0.8999 0.8782 0.8514
109 0.9196 0.6597 0.8936 0.8841 0.8575
110 0.9147 0.7474 0.8872 0.8821 0.8524
111 0.9231 0.6425 0.8979 0.8809 0.8524
112 0.9250 0.6198 0.8976 0.8814 0.8540
113 0.9291 0.5745 0.9034 0.8822 0.8559
114 0.9282 0.5806 0.9028 0.8868 0.8597
115 0.9276 0.5651 0.9005 0.8865 0.8604
116 0.9300 0.5621 0.9047 0.8823 0.8554
117 0.9260 0.5725 0.8992 0.8829 0.8571
118 0.9298 0.5623 0.9047 0.8779 0.8512
119 0.9271 0.5921 0.9013 0.8777 0.8487
120 0.9228 0.6396 0.8976 0.8804 0.8564
121 0.9210 0.6583 0.8923 0.8811 0.8577
122 0.9264 0.5953 0.9007 0.8807 0.8535
123 0.9239 0.6002 0.8972 0.8760 0.8499
124 0.9303 0.5530 0.9057 0.8807 0.8559
125 0.9285 0.5341 0.9037 0.8802 0.8549
126 0.9330 0.5179 0.9100 0.8782 0.8557
127 0.9289 0.5535 0.9037 0.8718 0.8441
128 0.9347 0.5169 0.9122 0.8822 0.8592
129 0.9271 0.5630 0.8999 0.8820 0.8574
130 0.9202 0.6541 0.8949 0.8552 0.8363
131 0.9195 0.6579 0.8932 0.8798 0.8547
132 0.9276 0.5885 0.9026 0.8848 0.8606
133 0.9294 0.5544 0.9047 0.8778 0.8541
134 0.9309 0.5260 0.9065 0.8844 0.8595
135 0.9362 0.4804 0.9100 0.8878 0.8621
136 0.9345 0.4839 0.9107 0.8854 0.8596
137 0.9323 0.5212 0.9089 0.8820 0.8573
138 0.9314 0.5215 0.9058 0.8785 0.8507
139 0.9302 0.5644 0.9055 0.8794 0.8536
140 0.9253 0.6002 0.8981 0.8759 0.8529
141 0.9242 0.6026 0.8976 0.8745 0.8464
142 0.9318 0.5543 0.9084 0.8738 0.8487
143 0.9325 0.5098 0.9083 0.8780 0.8514
144 0.9353 0.4994 0.9125 0.8788 0.8522
145 0.9349 0.4910 0.9124 0.8808 0.8543
146 0.9347 0.4838 0.9098 0.8806 0.8554
147 0.9330 0.5085 0.9083 0.8819 0.8545
148 0.9336 0.5189 0.9112 0.8702 0.8440
149 0.9327 0.5473 0.9097 0.8853 0.8581
150 0.9248 0.6325 0.9013 0.8770 0.8489
151 0.9238 0.6032 0.9001 0.8806 0.8530
152 0.9304 0.5758 0.9066 0.8815 0.8527
153 0.9332 0.5002 0.9106 0.8811 0.8546
154 0.9326 0.5074 0.9084 0.8845 0.8555
155 0.9369 0.4616 0.9138 0.8837 0.8561
156 0.9359 0.4732 0.9134 0.8798 0.8519
157 0.9341 0.4673 0.9120 0.8852 0.8592
158 0.9326 0.5180 0.9108 0.8816 0.8541
159 0.9282 0.5436 0.9048 0.8773 0.8506
160 0.9329 0.5014 0.9093 0.8822 0.8549
161 0.9382 0.4494 0.9173 0.8859 0.8596
162 0.9380 0.4511 0.9160 0.8861 0.8599
163 0.9355 0.4693 0.9110 0.8838 0.8575
164 0.9378 0.4482 0.9154 0.8852 0.8594
165 0.9399 0.4446 0.9183 0.8809 0.8564
166 0.9365 0.4514 0.9145 0.8817 0.8560
167 0.9397 0.4450 0.9175 0.8847 0.8590
168 0.9408 0.4337 0.9206 0.8789 0.8534
169 0.9378 0.4574 0.9143 0.8887 0.8630
170 0.9349 0.4465 0.9130 0.8869 0.8604
171 0.9392 0.4437 0.9173 0.8849 0.8609
172 0.9378 0.4408 0.9143 0.8916 0.8664
173 0.9411 0.4212 0.9204 0.8812 0.8551
174 0.9397 0.4223 0.9180 0.8856 0.8606
175 0.9399 0.4214 0.9183 0.8813 0.8559
176 0.9386 0.4218 0.9165 0.8903 0.8656
177 0.9379 0.4305 0.9158 0.8830 0.8560
178 0.9397 0.4256 0.9192 0.8855 0.8596
179 0.9417 0.4205 0.9210 0.8765 0.8505
180 0.9392 0.4119 0.9166 0.8864 0.8601
181 0.9383 0.4225 0.9166 0.8871 0.8611
182 0.9396 0.4198 0.9178 0.8828 0.8559
183 0.9409 0.4066 0.9193 0.8849 0.8584
184 0.9394 0.4172 0.9179 0.8833 0.8580
185 0.9382 0.4251 0.9148 0.8847 0.8589
186 0.9429 0.4092 0.9226 0.8853 0.8596
187 0.9453 0.3876 0.9255 0.8843 0.8580
188 0.9388 0.4268 0.9173 0.8840 0.8575
189 0.9430 0.3924 0.9231 0.8848 0.8587
190 0.9417 0.4062 0.9218 0.8901 0.8646
191 0.9430 0.3906 0.9216 0.8884 0.8609
192 0.9427 0.3915 0.9222 0.8891 0.8621
193 0.9433 0.3923 0.9226 0.8857 0.8581
194 0.9408 0.3964 0.9209 0.8929 0.8644
195 0.9448 0.3874 0.9265 0.8934 0.8658
196 0.9446 0.3994 0.9252 0.8918 0.8664
197 0.9420 0.3961 0.9213 0.8907 0.8655
198 0.9447 0.3776 0.9262 0.8915 0.8650
199 0.9400 0.4078 0.9193 0.8888 0.8626
