epoch train_iou train_loss train_mAP val_iou val_mAP
0 0.5443 0.1746 0.4702 0.6783 0.6137
1 0.6940 0.1540 0.6370 0.7417 0.6905
2 0.7400 0.1591 0.6908 0.7459 0.6936
3 0.7718 0.1668 0.7257 0.7789 0.7362
4 0.7962 0.1678 0.7542 0.8053 0.7598
5 0.8152 0.1711 0.7756 0.8167 0.7746
6 0.8160 0.1992 0.7755 0.8173 0.7754
7 0.7959 0.2344 0.7532 0.8009 0.7616
8 0.7858 0.2652 0.7413 0.7754 0.7307
9 0.7818 0.3003 0.7382 0.7784 0.7337
10 0.7896 0.3097 0.7443 0.7741 0.7340
11 0.7911 0.3227 0.7516 0.8143 0.7716
12 0.8163 0.3069 0.7766 0.8230 0.7830
13 0.8417 0.2811 0.8051 0.8381 0.7991
14 0.8562 0.2657 0.8210 0.8379 0.8035
15 0.8596 0.2630 0.8245 0.8406 0.8095
16 0.8572 0.2813 0.8238 0.8385 0.8075
17 0.8475 0.3255 0.8126 0.8444 0.8121
18 0.8460 0.3506 0.8103 0.8455 0.8124
19 0.8253 0.4055 0.7892 0.7899 0.7490
20 0.8206 0.4388 0.7862 0.8326 0.8021
21 0.8354 0.4290 0.8022 0.8337 0.8059
22 0.8577 0.3717 0.8260 0.8441 0.8147
23 0.8716 0.3450 0.8421 0.8509 0.8229
24 0.8812 0.3269 0.8512 0.8523 0.8231
25 0.8852 0.3192 0.8548 0.8513 0.8235
26 0.8862 0.3187 0.8555 0.8459 0.8220
27 0.8771 0.3711 0.8459 0.8496 0.8232
28 0.8640 0.4180 0.8313 0.8475 0.8155
29 0.8466 0.4886 0.8147 0.8404 0.8132
30 0.8449 0.5144 0.8124 0.8367 0.8050
31 0.8624 0.4834 0.8311 0.8466 0.8131
32 0.8718 0.4384 0.8391 0.8459 0.8160
33 0.8818 0.4153 0.8529 0.8495 0.8235
34 0.8916 0.3766 0.8650 0.8539 0.8260
35 0.8971 0.3677 0.8697 0.8581 0.8300
36 0.8916 0.3901 0.8637 0.8641 0.8376
37 0.8891 0.4275 0.8611 0.8510 0.8191
38 0.8731 0.4859 0.8438 0.8475 0.8211
39 0.8756 0.5211 0.8453 0.8504 0.8203
40 0.8590 0.6034 0.8265 0.8413 0.8090
41 0.8649 0.5670 0.8331 0.8476 0.8191
42 0.8827 0.5119 0.8534 0.8546 0.8225
43 0.8954 0.4656 0.8677 0.8562 0.8282
44 0.8986 0.4485 0.8722 0.8617 0.8347
45 0.9073 0.4137 0.8815 0.8635 0.8376
46 0.9057 0.4203 0.8768 0.8617 0.8336
47 0.8968 0.4535 0.8698 0.8650 0.8388
48 0.8947 0.5171 0.8651 0.8526 0.8252
49 0.8907 0.5584 0.8615 0.8326 0.8055
50 0.8698 0.6636 0.8403 0.8393 0.8049
51 0.8810 0.6108 0.8512 0.8451 0.8194
52 0.8911 0.5588 0.8614 0.8566 0.8321
53 0.8962 0.5315 0.8676 0.8591 0.8336
54 0.9089 0.4745 0.8827 0.8663 0.8393
55 0.9079 0.4699 0.8827 0.8661 0.8406
56 0.9115 0.4685 0.8868 0.8618 0.8374
57 0.9098 0.4899 0.8840 0.8638 0.8380
58 0.9004 0.5390 0.8751 0.8584 0.8309
59 0.8914 0.6348 0.8637 0.8579 0.8291
60 0.8749 0.7266 0.8438 0.8436 0.8139
61 0.8793 0.7227 0.8502 0.8568 0.8284
62 0.8952 0.6283 0.8682 0.8541 0.8275
63 0.8964 0.6039 0.8703 0.8655 0.8413
64 0.9115 0.5305 0.8847 0.8666 0.8407
65 0.9122 0.5173 0.8907 0.8679 0.8438
66 0.9142 0.5014 0.8909 0.8652 0.8382
67 0.9097 0.5555 0.8864 0.8686 0.8435
68 0.9069 0.6087 0.8824 0.8560 0.8326
69 0.9008 0.6307 0.8757 0.8381 0.8077
70 0.8789 0.8361 0.8520 0.8442 0.8146
71 0.8894 0.7597 0.8608 0.8622 0.8330
72 0.9004 0.6586 0.8741 0.8448 0.8138
73 0.9054 0.6267 0.8808 0.8596 0.8338
74 0.9125 0.5831 0.8887 0.8637 0.8388
75 0.9161 0.5639 0.8924 0.8640 0.8395
76 0.9137 0.5846 0.8894 0.8658 0.8418
77 0.9099 0.6044 0.8846 0.8648 0.8399
78 0.9096 0.6361 0.8857 0.8561 0.8281
79 0.9072 0.6970 0.8820 0.8549 0.8286
80 0.8978 0.7852 0.8699 0.8540 0.8295
81 0.8978 0.7695 0.8718 0.8610 0.8345
82 0.9064 0.6752 0.8801 0.8581 0.8312
83 0.9136 0.6520 0.8882 0.8655 0.8363
84 0.9206 0.5931 0.8975 0.8675 0.8437
85 0.9192 0.5901 0.8973 0.8688 0.8434
86 0.9193 0.6011 0.8969 0.8608 0.8328
87 0.9226 0.6091 0.8999 0.8603 0.8339
88 0.9129 0.6915 0.8906 0.8648 0.8363
89 0.9000 0.8038 0.8727 0.8524 0.8240
90 0.8935 0.9017 0.8659 0.8564 0.8299
91 0.8967 0.8617 0.8688 0.8555 0.8332
92 0.9129 0.7283 0.8892 0.8644 0.8376
93 0.9134 0.7415 0.8916 0.8696 0.8382
94 0.9205 0.6548 0.8990 0.8659 0.8399
95 0.9252 0.6237 0.9044 0.8682 0.8422
96 0.9242 0.6353 0.9019 0.8692 0.8435
97 0.9207 0.6585 0.8996 0.8657 0.8393
98 0.9179 0.7218 0.8954 0.8586 0.8329
99 0.8963 0.8844 0.8709 0.8580 0.8310
100 0.9175 0.7311 0.8959 0.8600 0.8345
101 0.9181 0.7237 0.8957 0.8662 0.8405
102 0.9211 0.7029 0.8994 0.8643 0.8381
103 0.9162 0.6686 0.8949 0.8662 0.8419
104 0.9278 0.6158 0.9053 0.8667 0.8422
105 0.9273 0.6024 0.9071 0.8660 0.8419
106 0.9331 0.5821 0.9140 0.8685 0.8411
107 0.9301 0.5906 0.9083 0.8694 0.8430
108 0.9284 0.6101 0.9083 0.8670 0.8417
109 0.9247 0.6560 0.9033 0.8642 0.8388
110 0.9278 0.6397 0.9079 0.8702 0.8446
111 0.9165 0.7075 0.8947 0.8705 0.8449
112 0.9295 0.6193 0.9103 0.8687 0.8452
113 0.9231 0.6167 0.9036 0.8649 0.8444
114 0.9303 0.5955 0.9103 0.8727 0.8486
115 0.9344 0.5648 0.9170 0.8652 0.8419
116 0.9327 0.5759 0.9144 0.8726 0.8479
117 0.9302 0.5709 0.9125 0.8677 0.8434
118 0.9287 0.5936 0.9102 0.8710 0.8472
119 0.9260 0.6273 0.9067 0.8705 0.8482
120 0.9231 0.6279 0.9047 0.8577 0.8347
121 0.9256 0.6373 0.9045 0.8646 0.8369
122 0.9270 0.6183 0.9073 0.8739 0.8484
123 0.9282 0.5893 0.9085 0.8719 0.8497
124 0.9303 0.5621 0.9121 0.8752 0.8494
125 0.9319 0.5608 0.9154 0.8717 0.8461
126 0.9382 0.5321 0.9210 0.8720 0.8459
127 0.9353 0.5411 0.9182 0.8697 0.8449
128 0.9327 0.5816 0.9142 0.8635 0.8409
129 0.9342 0.5716 0.9158 0.8673 0.8429
130 0.9187 0.7106 0.8975 0.8667 0.8374
131 0.9237 0.6464 0.9035 0.8658 0.8391
132 0.9302 0.5937 0.9127 0.8664 0.8415
133 0.9312 0.5887 0.9145 0.8702 0.8425
134 0.9361 0.5351 0.9186 0.8725 0.8481
135 0.9335 0.5498 0.9163 0.8709 0.8461
136 0.9300 0.5576 0.9124 0.8775 0.8497
137 0.9301 0.5681 0.9116 0.8682 0.8442
138 0.9332 0.5564 0.9149 0.8710 0.8459
139 0.9280 0.5804 0.9082 0.8664 0.8403
140 0.9327 0.5889 0.9137 0.8710 0.8469
141 0.9237 0.6556 0.9053 0.8570 0.8329
142 0.9287 0.5731 0.9111 0.8678 0.8379
143 0.9305 0.5594 0.9135 0.8666 0.8412
144 0.9328 0.5511 0.9161 0.8700 0.8447
145 0.9362 0.5275 0.9199 0.8697 0.8459
146 0.9373 0.5332 0.9206 0.8689 0.8453
147 0.9326 0.5471 0.9150 0.8698 0.8456
148 0.9331 0.5606 0.9160 0.8661 0.8392
149 0.9331 0.5591 0.9147 0.8666 0.8379
150 0.9243 0.6254 0.9052 0.8685 0.8430
151 0.9316 0.5557 0.9155 0.8721 0.8491
152 0.9325 0.5633 0.9154 0.8661 0.8409
153 0.9354 0.5256 0.9187 0.8740 0.8503
154 0.9346 0.5276 0.9175 0.8743 0.8470
155 0.9333 0.5374 0.9150 0.8750 0.8494
156 0.9382 0.4853 0.9220 0.8743 0.8500
157 0.9366 0.5006 0.9222 0.8751 0.8527
158 0.9351 0.5415 0.9186 0.8718 0.8468
159 0.9335 0.5356 0.9165 0.8661 0.8414
160 0.9363 0.5255 0.9220 0.8720 0.8489
161 0.9355 0.5133 0.9207 0.8699 0.8461
162 0.9398 0.4842 0.9251 0.8727 0.8491
163 0.9382 0.5016 0.9212 0.8720 0.8485
164 0.9417 0.4639 0.9266 0.8736 0.8482
165 0.9421 0.4738 0.9279 0.8743 0.8503
166 0.9410 0.4775 0.9249 0.8734 0.8484
167 0.9364 0.5066 0.9205 0.8692 0.8456
168 0.9419 0.4631 0.9275 0.8740 0.8497
169 0.9389 0.4904 0.9241 0.8714 0.8476
170 0.9416 0.4661 0.9277 0.8719 0.8487
171 0.9432 0.4722 0.9297 0.8705 0.8471
172 0.9385 0.4665 0.9248 0.8711 0.8474
173 0.9393 0.4696 0.9245 0.8714 0.8470
174 0.9411 0.4687 0.9262 0.8767 0.8518
175 0.9423 0.4617 0.9272 0.8745 0.8504
176 0.9430 0.4728 0.9284 0.8730 0.8476
177 0.9395 0.4631 0.9255 0.8731 0.8496
178 0.9433 0.4675 0.9300 0.8733 0.8496
179 0.9433 0.4500 0.9294 0.8746 0.8495
180 0.9405 0.4768 0.9271 0.8723 0.8479
181 0.9386 0.4878 0.9247 0.8757 0.8499
182 0.9433 0.4598 0.9292 0.8749 0.8521
183 0.9450 0.4523 0.9327 0.8761 0.8524
184 0.9421 0.4684 0.9287 0.8751 0.8509
185 0.9424 0.4541 0.9291 0.8747 0.8514
186 0.9426 0.4483 0.9294 0.8756 0.8522
187 0.9430 0.4490 0.9292 0.8768 0.8510
188 0.9420 0.4489 0.9285 0.8796 0.8537
189 0.9409 0.4617 0.9256 0.8780 0.8531
190 0.9421 0.4687 0.9278 0.8755 0.8506
191 0.9443 0.4504 0.9312 0.8792 0.8546
192 0.9439 0.4429 0.9298 0.8781 0.8536
193 0.9444 0.4456 0.9307 0.8792 0.8545
194 0.9390 0.4589 0.9252 0.8775 0.8540
195 0.9422 0.4415 0.9275 0.8757 0.8511
196 0.9437 0.4397 0.9312 0.8761 0.8522
197 0.9448 0.4261 0.9327 0.8783 0.8545
198 0.9425 0.4426 0.9303 0.8772 0.8510
199 0.9451 0.4323 0.9332 0.8765 0.8506
