epoch train_iou train_loss train_mAP val_iou val_mAP
0 0.4348 0.1763 0.3452 0.6085 0.5244
1 0.5983 0.1727 0.5253 0.6824 0.6161
2 0.6424 0.1953 0.5764 0.7166 0.6524
3 0.6837 0.2108 0.6220 0.7206 0.6556
4 0.7127 0.2254 0.6537 0.7445 0.6879
5 0.7124 0.2517 0.6528 0.7418 0.6876
6 0.7085 0.2812 0.6493 0.7313 0.6765
7 0.7146 0.3077 0.6567 0.7526 0.6992
8 0.7267 0.3244 0.6715 0.7427 0.6895
9 0.7291 0.3490 0.6748 0.7393 0.6825
10 0.7366 0.3662 0.6800 0.7069 0.6461
11 0.7480 0.3689 0.6941 0.7749 0.7285
12 0.7691 0.3678 0.7204 0.7871 0.7389
13 0.7848 0.3665 0.7409 0.7903 0.7502
14 0.7922 0.3743 0.7462 0.7968 0.7571
15 0.7978 0.3785 0.7552 0.8006 0.7601
16 0.7919 0.4107 0.7474 0.8021 0.7590
17 0.7893 0.4283 0.7420 0.7974 0.7538
18 0.7876 0.4558 0.7404 0.7960 0.7506
19 0.7899 0.4754 0.7449 0.7853 0.7426
20 0.7803 0.5131 0.7312 0.7930 0.7525
21 0.7992 0.5008 0.7545 0.8012 0.7539
22 0.8033 0.5002 0.7613 0.8050 0.7663
23 0.8232 0.4669 0.7836 0.8091 0.7741
24 0.8268 0.4656 0.7885 0.8237 0.7851
25 0.8339 0.4666 0.7934 0.8204 0.7824
26 0.8367 0.4748 0.7965 0.8023 0.7664
27 0.8222 0.5232 0.7830 0.8149 0.7848
28 0.8180 0.5625 0.7773 0.8007 0.7569
29 0.8143 0.5973 0.7732 0.8125 0.7710
30 0.8162 0.6111 0.7761 0.8134 0.7734
31 0.8237 0.5812 0.7840 0.8208 0.7772
32 0.8363 0.5701 0.7989 0.8284 0.7894
33 0.8410 0.5431 0.8030 0.8240 0.7887
34 0.8463 0.5410 0.8098 0.8362 0.7987
35 0.8573 0.5242 0.8205 0.8372 0.8009
36 0.8552 0.5381 0.8171 0.8288 0.7894
37 0.8521 0.5573 0.8153 0.8322 0.7942
38 0.8476 0.6198 0.8079 0.8283 0.7847
39 0.8430 0.6540 0.8052 0.8282 0.7912
40 0.8308 0.6986 0.7927 0.8237 0.7835
41 0.8366 0.6979 0.7978 0.8278 0.7924
42 0.8461 0.6586 0.8084 0.8302 0.7907
43 0.8613 0.6119 0.8264 0.8344 0.7969
44 0.8727 0.5693 0.8371 0.8339 0.8011
45 0.8721 0.5718 0.8376 0.8350 0.8054
46 0.8735 0.5845 0.8369 0.8421 0.8084
47 0.8587 0.6554 0.8223 0.8221 0.7807
48 0.8619 0.6825 0.8254 0.8342 0.8017
49 0.8517 0.7345 0.8192 0.8287 0.7907
50 0.8428 0.8003 0.8070 0.8237 0.7874
51 0.8435 0.7711 0.8062 0.8288 0.7895
52 0.8548 0.7492 0.8178 0.8319 0.8000
53 0.8673 0.6790 0.8330 0.8373 0.8060
54 0.8729 0.6600 0.8404 0.8369 0.8051
55 0.8751 0.6454 0.8407 0.8459 0.8100
56 0.8796 0.6245 0.8466 0.8498 0.8129
57 0.8792 0.6517 0.8457 0.8468 0.8166
58 0.8703 0.7391 0.8357 0.8339 0.8032
59 0.8592 0.8010 0.8247 0.8421 0.8075
60 0.8443 0.9258 0.8073 0.8304 0.7930
61 0.8569 0.8557 0.8218 0.8358 0.8002
62 0.8591 0.8375 0.8239 0.8448 0.8111
63 0.8724 0.7613 0.8389 0.8497 0.8116
64 0.8806 0.7060 0.8474 0.8531 0.8204
65 0.8919 0.6520 0.8580 0.8523 0.8200
66 0.8828 0.6998 0.8490 0.8567 0.8191
67 0.8767 0.7796 0.8408 0.8471 0.8155
68 0.8799 0.7909 0.8482 0.8443 0.8128
69 0.8660 0.8667 0.8298 0.8484 0.8132
70 0.8547 0.9839 0.8212 0.8330 0.8006
71 0.8521 1.0111 0.8198 0.8266 0.7932
72 0.8734 0.8663 0.8403 0.8405 0.8069
73 0.8826 0.7823 0.8493 0.8409 0.8110
74 0.8844 0.7691 0.8536 0.8480 0.8139
75 0.8885 0.7519 0.8550 0.8472 0.8137
76 0.8894 0.7552 0.8578 0.8421 0.8110
77 0.8903 0.7756 0.8562 0.8458 0.8126
78 0.8813 0.8344 0.8519 0.8424 0.8112
79 0.8716 0.9695 0.8386 0.8194 0.7829
80 0.8537 1.1326 0.8201 0.7746 0.7429
81 0.8662 1.0333 0.8341 0.8292 0.7954
82 0.8713 0.9915 0.8388 0.8412 0.8091
83 0.8799 0.9185 0.8466 0.8401 0.8110
84 0.8963 0.8037 0.8656 0.8475 0.8179
85 0.8933 0.8068 0.8629 0.8497 0.8185
86 0.8919 0.8019 0.8611 0.8491 0.8206
87 0.8884 0.8842 0.8592 0.8441 0.8161
88 0.8783 0.9730 0.8485 0.8482 0.8141
89 0.8705 1.0660 0.8379 0.8182 0.7800
90 0.8560 1.1898 0.8228 0.8308 0.7985
91 0.8681 1.1127 0.8367 0.8449 0.8105
92 0.8736 1.0326 0.8431 0.8441 0.8139
93 0.8896 0.9021 0.8607 0.8339 0.8017
94 0.8878 0.9199 0.8569 0.8457 0.8179
95 0.8914 0.8792 0.8636 0.8495 0.8220
96 0.8963 0.8605 0.8680 0.8485 0.8185
97 0.8897 0.9038 0.8605 0.8470 0.8184
98 0.8859 0.9357 0.8544 0.8422 0.8155
99 0.8778 1.0923 0.8474 0.8445 0.8126
100 0.8866 1.0509 0.8557 0.8512 0.8209
101 0.8934 0.9383 0.8650 0.8506 0.8200
102 0.8956 0.9055 0.8667 0.8588 0.8284
103 0.8926 0.9257 0.8644 0.8566 0.8251
104 0.8956 0.8980 0.8652 0.8567 0.8269
105 0.8986 0.8734 0.8717 0.8557 0.8253
106 0.8965 0.8876 0.8676 0.8546 0.8236
107 0.8975 0.8919 0.8678 0.8559 0.8251
108 0.8974 0.8556 0.8691 0.8559 0.8252
109 0.8978 0.8548 0.8676 0.8558 0.8253
110 0.9027 0.8509 0.8758 0.8611 0.8304
111 0.9035 0.8258 0.8744 0.8601 0.8322
112 0.8996 0.8226 0.8721 0.8626 0.8324
113 0.9009 0.8329 0.8711 0.8627 0.8326
114 0.9018 0.8232 0.8728 0.8619 0.8322
115 0.9052 0.8056 0.8775 0.8609 0.8313
116 0.8993 0.8225 0.8691 0.8604 0.8311
117 0.9080 0.7781 0.8794 0.8629 0.8320
118 0.9080 0.7872 0.8795 0.8603 0.8329
119 0.9040 0.8052 0.8751 0.8602 0.8322
120 0.9017 0.8154 0.8732 0.8573 0.8298
121 0.9027 0.8253 0.8749 0.8611 0.8335
122 0.9039 0.7851 0.8758 0.8588 0.8297
123 0.9047 0.7836 0.8774 0.8588 0.8310
124 0.9025 0.8005 0.8734 0.8599 0.8324
125 0.9056 0.7688 0.8783 0.8607 0.8325
126 0.9064 0.7581 0.8789 0.8588 0.8299
127 0.9048 0.7800 0.8792 0.8587 0.8289
128 0.9038 0.7910 0.8782 0.8594 0.8304
129 0.9025 0.7917 0.8729 0.8610 0.8314
130 0.9061 0.7936 0.8783 0.8550 0.8279
131 0.9055 0.7649 0.8802 0.8621 0.8324
132 0.9057 0.7688 0.8780 0.8640 0.8351
133 0.9072 0.7373 0.8804 0.8613 0.8311
134 0.9074 0.7510 0.8822 0.8646 0.8345
135 0.9109 0.7429 0.8832 0.8633 0.8339
136 0.9082 0.7512 0.8809 0.8651 0.8370
137 0.9094 0.7488 0.8816 0.8623 0.8340
138 0.9074 0.7436 0.8798 0.8615 0.8336
139 0.9108 0.7194 0.8838 0.8610 0.8328
140 0.9059 0.7703 0.8798 0.8622 0.8331
141 0.9087 0.7364 0.8828 0.8599 0.8314
142 0.9072 0.7513 0.8806 0.8595 0.8332
143 0.9088 0.7363 0.8838 0.8625 0.8351
144 0.9112 0.7136 0.8856 0.8624 0.8340
145 0.9133 0.7141 0.8878 0.8605 0.8343
146 0.9088 0.7120 0.8841 0.8624 0.8356
147 0.9151 0.6928 0.8916 0.8610 0.8344
148 0.9109 0.7166 0.8860 0.8606 0.8326
149 0.9097 0.7122 0.8830 0.8601 0.8327
150 0.9083 0.7394 0.8821 0.8619 0.8329
151 0.9147 0.6864 0.8884 0.8619 0.8339
152 0.9155 0.6755 0.8898 0.8603 0.8325
153 0.9115 0.7232 0.8864 0.8605 0.8317
154 0.9102 0.7209 0.8833 0.8598 0.8307
155 0.9078 0.7132 0.8839 0.8619 0.8330
156 0.9057 0.7455 0.8812 0.8622 0.8342
157 0.9124 0.7162 0.8857 0.8621 0.8326
158 0.9107 0.7073 0.8862 0.8584 0.8311
159 0.9056 0.7542 0.8788 0.8581 0.8303
160 0.9102 0.7144 0.8850 0.8597 0.8316
161 0.9100 0.7147 0.8843 0.8575 0.8296
162 0.9119 0.6967 0.8856 0.8569 0.8289
163 0.9126 0.6997 0.8866 0.8565 0.8291
164 0.9111 0.7176 0.8868 0.8564 0.8275
165 0.9123 0.6977 0.8874 0.8590 0.8314
166 0.9108 0.7010 0.8870 0.8561 0.8290
167 0.9105 0.7004 0.8846 0.8577 0.8295
168 0.9116 0.6942 0.8856 0.8555 0.8266
169 0.9140 0.6925 0.8890 0.8559 0.8286
170 0.9079 0.7135 0.8814 0.8580 0.8289
171 0.9113 0.6922 0.8861 0.8588 0.8301
172 0.9122 0.6694 0.8868 0.8559 0.8285
173 0.9087 0.7119 0.8828 0.8566 0.8286
174 0.9107 0.6969 0.8852 0.8575 0.8290
175 0.9095 0.6990 0.8834 0.8572 0.8294
176 0.9110 0.7140 0.8858 0.8552 0.8281
177 0.9107 0.6966 0.8863 0.8574 0.8292
178 0.9133 0.6963 0.8876 0.8576 0.8296
179 0.9105 0.7097 0.8841 0.8581 0.8290
180 0.9127 0.7016 0.8882 0.8580 0.8289
181 0.9111 0.6912 0.8875 0.8577 0.8302
182 0.9132 0.6843 0.8888 0.8572 0.8295
183 0.9133 0.6823 0.8895 0.8566 0.8294
184 0.9109 0.6978 0.8851 0.8547 0.8266
185 0.9109 0.6917 0.8864 0.8584 0.8294
186 0.9075 0.7375 0.8818 0.8543 0.8276
187 0.9126 0.6933 0.8868 0.8568 0.8292
188 0.9137 0.6928 0.8862 0.8571 0.8290
189 0.9117 0.7028 0.8858 0.8567 0.8293
190 0.9124 0.6911 0.8883 0.8576 0.8300
191 0.9134 0.6801 0.8885 0.8575 0.8300
192 0.9116 0.7050 0.8879 0.8557 0.8286
193 0.9097 0.6974 0.8837 0.8562 0.8283
194 0.9132 0.6817 0.8886 0.8545 0.8280
195 0.9131 0.6800 0.8877 0.8576 0.8311
196 0.9133 0.6795 0.8886 0.8581 0.8302
197 0.9103 0.7209 0.8839 0.8583 0.8306
198 0.9148 0.6938 0.8906 0.8567 0.8280
199 0.9119 0.6861 0.8872 0.8571 0.8295
