epoch train_iou train_loss train_mAP val_iou val_mAP
0 0.6247 0.3000 0.5482 0.7249 0.6699
1 0.7217 0.2677 0.6614 0.7715 0.7320
2 0.7686 0.2706 0.7222 0.7865 0.7434
3 0.7903 0.2800 0.7471 0.7983 0.7643
4 0.8104 0.2924 0.7727 0.7880 0.7544
5 0.8045 0.3251 0.7648 0.8038 0.7789
6 0.8189 0.3515 0.7800 0.8251 0.7912
7 0.8227 0.3755 0.7847 0.8168 0.7766
8 0.8259 0.3989 0.7917 0.8365 0.8032
9 0.8395 0.3985 0.8041 0.8235 0.7976
10 0.8206 0.4854 0.7798 0.8334 0.7954
11 0.8458 0.4543 0.8126 0.8374 0.8046
12 0.8375 0.5128 0.8016 0.8304 0.8027
13 0.8513 0.4922 0.8199 0.8425 0.8099
14 0.8504 0.5196 0.8173 0.8451 0.8130
15 0.8657 0.4917 0.8333 0.8378 0.8076
16 0.8536 0.5452 0.8223 0.8396 0.8126
17 0.8493 0.5809 0.8202 0.8476 0.8198
18 0.8504 0.6094 0.8179 0.8556 0.8282
19 0.8530 0.6296 0.8199 0.8341 0.8125
20 0.8575 0.6402 0.8273 0.8272 0.7999
21 0.8609 0.6521 0.8321 0.8550 0.8231
22 0.8715 0.6395 0.8420 0.8624 0.8349
23 0.8621 0.6707 0.8280 0.8553 0.8291
24 0.8622 0.7133 0.8302 0.8539 0.8191
25 0.8567 0.7484 0.8240 0.8539 0.8276
26 0.8696 0.7048 0.8396 0.8533 0.8268
27 0.8711 0.7270 0.8437 0.8642 0.8310
28 0.8785 0.7343 0.8512 0.8524 0.8289
29 0.8702 0.7575 0.8436 0.8551 0.8341
30 0.8830 0.7236 0.8561 0.8592 0.8332
31 0.8734 0.7869 0.8445 0.8630 0.8416
32 0.8651 0.8519 0.8396 0.8644 0.8376
33 0.8785 0.8189 0.8514 0.8583 0.8355
34 0.8741 0.8332 0.8469 0.8639 0.8391
35 0.8845 0.8164 0.8608 0.8642 0.8368
36 0.8797 0.8564 0.8497 0.8654 0.8386
37 0.8828 0.8564 0.8559 0.8678 0.8437
38 0.8927 0.8016 0.8700 0.8660 0.8441
39 0.8856 0.8676 0.8600 0.8732 0.8467
40 0.8955 0.8179 0.8710 0.8681 0.8450
41 0.8954 0.8267 0.8740 0.8658 0.8417
42 0.8986 0.8129 0.8747 0.8658 0.8469
43 0.8936 0.8736 0.8690 0.8742 0.8520
44 0.9059 0.8146 0.8817 0.8722 0.8494
45 0.8986 0.8689 0.8760 0.8804 0.8559
46 0.9006 0.8843 0.8767 0.8759 0.8536
47 0.8993 0.8986 0.8767 0.8849 0.8604
48 0.9045 0.8551 0.8830 0.8819 0.8625
49 0.9038 0.8753 0.8805 0.8802 0.8589
50 0.8622 1.3373 0.8307 0.8468 0.8218
51 0.8670 1.2855 0.8403 0.8613 0.8347
52 0.8716 1.2321 0.8422 0.8582 0.8339
53 0.8702 1.2338 0.8435 0.8553 0.8315
54 0.8749 1.1963 0.8475 0.8622 0.8345
55 0.8749 1.1853 0.8483 0.8571 0.8315
56 0.8757 1.1902 0.8472 0.8668 0.8394
57 0.8805 1.1452 0.8524 0.8562 0.8372
58 0.8797 1.1485 0.8540 0.8704 0.8444
59 0.8826 1.1249 0.8579 0.8588 0.8341
60 0.8825 1.1349 0.8548 0.8678 0.8459
61 0.8694 1.1646 0.8439 0.8694 0.8493
62 0.8779 1.1424 0.8506 0.8693 0.8474
63 0.8846 1.0655 0.8579 0.8695 0.8446
64 0.8912 1.0595 0.8664 0.8555 0.8339
65 0.8887 1.0459 0.8644 0.8673 0.8457
66 0.8882 1.0948 0.8638 0.8576 0.8365
67 0.8886 1.0441 0.8660 0.8652 0.8443
68 0.8795 1.1140 0.8521 0.8725 0.8496
69 0.8970 0.9807 0.8734 0.8688 0.8474
70 0.8970 0.9848 0.8737 0.8733 0.8512
71 0.8941 0.9967 0.8720 0.8719 0.8521
72 0.8930 1.0315 0.8689 0.8686 0.8478
73 0.8952 0.9577 0.8701 0.8788 0.8565
74 0.9062 0.8754 0.8846 0.8801 0.8561
75 0.9041 0.9312 0.8808 0.8767 0.8536
76 0.8995 0.9805 0.8759 0.8689 0.8459
77 0.9012 0.9321 0.8767 0.8733 0.8531
78 0.9025 0.9020 0.8814 0.8762 0.8539
79 0.9066 0.8727 0.8848 0.8724 0.8522
80 0.9062 0.8914 0.8850 0.8729 0.8521
81 0.9128 0.8335 0.8924 0.8779 0.8556
82 0.9042 0.8785 0.8826 0.8841 0.8611
83 0.9122 0.8301 0.8899 0.8879 0.8632
84 0.9118 0.8074 0.8922 0.8771 0.8577
85 0.9114 0.8514 0.8880 0.8817 0.8597
86 0.9148 0.7966 0.8947 0.8821 0.8606
87 0.9189 0.7929 0.8978 0.8776 0.8582
88 0.9105 0.8168 0.8899 0.8788 0.8600
89 0.9133 0.7990 0.8903 0.8770 0.8576
90 0.9131 0.8000 0.8925 0.8836 0.8654
91 0.9116 0.8176 0.8915 0.8756 0.8574
92 0.9186 0.7576 0.8981 0.8817 0.8605
93 0.9203 0.7333 0.9009 0.8874 0.8661
94 0.9182 0.7472 0.8989 0.8826 0.8632
95 0.9182 0.7652 0.8993 0.8832 0.8632
96 0.9170 0.7544 0.8978 0.8838 0.8654
97 0.9215 0.7130 0.9034 0.8910 0.8712
98 0.9156 0.7479 0.8959 0.8861 0.8677
99 0.9319 0.6361 0.9174 0.8865 0.8691
100 0.9136 0.7948 0.8945 0.8857 0.8652
101 0.9116 0.8234 0.8873 0.8764 0.8576
102 0.9075 0.8793 0.8853 0.8787 0.8582
103 0.9117 0.8086 0.8922 0.8797 0.8566
104 0.9071 0.8666 0.8861 0.8761 0.8547
105 0.9128 0.8088 0.8932 0.8771 0.8565
106 0.9073 0.8421 0.8867 0.8740 0.8531
107 0.9126 0.8328 0.8912 0.8732 0.8535
108 0.9109 0.8386 0.8912 0.8822 0.8593
109 0.9154 0.8019 0.8977 0.8790 0.8567
110 0.9065 0.8710 0.8882 0.8761 0.8553
111 0.9134 0.7933 0.8944 0.8795 0.8591
112 0.9216 0.7444 0.9042 0.8841 0.8616
113 0.9162 0.7940 0.8952 0.8749 0.8552
114 0.9158 0.7964 0.8950 0.8809 0.8567
115 0.9154 0.7986 0.8959 0.8848 0.8639
116 0.9150 0.7782 0.8967 0.8851 0.8626
117 0.9181 0.7307 0.8976 0.8826 0.8625
118 0.9211 0.7362 0.9029 0.8845 0.8636
119 0.9154 0.7626 0.8971 0.8833 0.8629
120 0.9184 0.7421 0.9018 0.8844 0.8622
121 0.9148 0.7510 0.8950 0.8812 0.8629
122 0.9203 0.7169 0.9041 0.8826 0.8640
123 0.9238 0.7143 0.9051 0.8814 0.8612
124 0.9219 0.7313 0.9029 0.8833 0.8622
125 0.9236 0.6886 0.9068 0.8870 0.8650
126 0.9167 0.7537 0.8965 0.8791 0.8614
127 0.9260 0.6688 0.9102 0.8851 0.8640
128 0.9234 0.6907 0.9071 0.8858 0.8682
129 0.9198 0.6969 0.9018 0.8837 0.8642
130 0.9237 0.6868 0.9078 0.8808 0.8644
131 0.9239 0.6810 0.9064 0.8845 0.8627
132 0.9212 0.7071 0.9038 0.8856 0.8659
133 0.9261 0.6548 0.9082 0.8830 0.8615
134 0.9241 0.6797 0.9065 0.8776 0.8601
135 0.9231 0.6919 0.9067 0.8800 0.8599
136 0.9240 0.6707 0.9064 0.8866 0.8659
137 0.9282 0.6358 0.9136 0.8749 0.8575
138 0.9271 0.6391 0.9102 0.8823 0.8615
139 0.9336 0.6131 0.9171 0.8866 0.8675
140 0.9335 0.5972 0.9206 0.8862 0.8654
141 0.9303 0.6095 0.9159 0.8858 0.8660
142 0.9311 0.6034 0.9168 0.8854 0.8659
143 0.9355 0.5768 0.9216 0.8844 0.8650
144 0.9294 0.6068 0.9148 0.8879 0.8687
145 0.9382 0.5653 0.9230 0.8790 0.8619
146 0.9308 0.5854 0.9147 0.8847 0.8654
147 0.9355 0.5742 0.9202 0.8837 0.8651
148 0.9297 0.6257 0.9168 0.8854 0.8680
149 0.9353 0.5706 0.9209 0.8849 0.8676
150 0.9254 0.6690 0.9085 0.8841 0.8660
151 0.9262 0.6395 0.9077 0.8796 0.8599
152 0.9283 0.6335 0.9114 0.8823 0.8641
153 0.9307 0.6489 0.9150 0.8699 0.8512
154 0.9278 0.6517 0.9114 0.8783 0.8591
155 0.9247 0.6778 0.9057 0.8843 0.8645
156 0.9227 0.6920 0.9048 0.8835 0.8635
157 0.9285 0.6420 0.9109 0.8835 0.8630
158 0.9278 0.6432 0.9139 0.8894 0.8715
159 0.9244 0.6690 0.9056 0.8805 0.8626
160 0.9264 0.6534 0.9099 0.8856 0.8657
161 0.9269 0.6455 0.9112 0.8837 0.8645
162 0.9280 0.6407 0.9110 0.8865 0.8675
163 0.9301 0.6305 0.9125 0.8882 0.8695
164 0.9300 0.6291 0.9156 0.8847 0.8662
165 0.9323 0.6126 0.9157 0.8868 0.8666
166 0.9275 0.6674 0.9116 0.8828 0.8636
167 0.9290 0.6390 0.9127 0.8883 0.8695
168 0.9358 0.5708 0.9241 0.8849 0.8656
169 0.9319 0.6277 0.9150 0.8873 0.8690
170 0.9321 0.6079 0.9146 0.8871 0.8682
171 0.9311 0.5958 0.9145 0.8896 0.8709
172 0.9312 0.6179 0.9165 0.8858 0.8674
173 0.9299 0.6062 0.9177 0.8845 0.8627
174 0.9391 0.5611 0.9242 0.8853 0.8665
175 0.9327 0.6095 0.9154 0.8879 0.8679
176 0.9393 0.5630 0.9241 0.8922 0.8731
177 0.9367 0.5519 0.9236 0.8880 0.8696
178 0.9315 0.6053 0.9163 0.8897 0.8696
179 0.9298 0.6197 0.9138 0.8937 0.8740
180 0.9370 0.5357 0.9233 0.8904 0.8719
181 0.9385 0.5469 0.9247 0.8886 0.8710
182 0.9325 0.5808 0.9178 0.8878 0.8712
183 0.9395 0.5559 0.9264 0.8874 0.8684
184 0.9393 0.5482 0.9265 0.8863 0.8686
185 0.9372 0.5529 0.9207 0.8891 0.8712
186 0.9405 0.5474 0.9266 0.8882 0.8710
187 0.9321 0.5926 0.9177 0.8885 0.8710
188 0.9350 0.5678 0.9215 0.8886 0.8716
189 0.9375 0.5581 0.9240 0.8885 0.8707
190 0.9373 0.5456 0.9254 0.8835 0.8676
191 0.9393 0.5320 0.9271 0.8886 0.8711
192 0.9363 0.5557 0.9212 0.8880 0.8705
193 0.9368 0.5395 0.9225 0.8881 0.8695
194 0.9400 0.5279 0.9279 0.8895 0.8710
195 0.9339 0.5508 0.9194 0.8910 0.8712
196 0.9401 0.5036 0.9270 0.8880 0.8698
197 0.9367 0.5363 0.9236 0.8889 0.8712
198 0.9440 0.5104 0.9333 0.8896 0.8712
199 0.9361 0.5383 0.9239 0.8871 0.8702
