epoch train_iou train_loss train_mAP val_iou val_mAP
0 0.5850 0.3285 0.5185 0.6547 0.5958
1 0.6954 0.2911 0.6409 0.7229 0.6737
2 0.7449 0.2934 0.6980 0.7637 0.7232
3 0.7839 0.2943 0.7427 0.7841 0.7494
4 0.8086 0.2909 0.7689 0.8020 0.7663
5 0.8364 0.2885 0.7957 0.8063 0.7736
6 0.8289 0.3314 0.7904 0.8042 0.7680
7 0.8269 0.3818 0.7892 0.7897 0.7523
8 0.8043 0.4627 0.7616 0.8003 0.7726
9 0.7962 0.5289 0.7518 0.7785 0.7279
10 0.8019 0.5377 0.7625 0.7783 0.7465
11 0.8165 0.5316 0.7790 0.8241 0.7896
12 0.8239 0.5269 0.7882 0.8290 0.7929
13 0.8464 0.4903 0.8124 0.8434 0.8109
14 0.8624 0.4642 0.8265 0.8457 0.8171
15 0.8720 0.4431 0.8377 0.8478 0.8186
16 0.8728 0.4699 0.8392 0.8510 0.8193
17 0.8634 0.5288 0.8287 0.8367 0.8080
18 0.8534 0.5978 0.8166 0.8149 0.7949
19 0.8461 0.6528 0.8117 0.8300 0.7996
20 0.8342 0.7707 0.7974 0.8011 0.7632
21 0.8480 0.7088 0.8135 0.8414 0.8103
22 0.8597 0.6745 0.8251 0.8320 0.8027
23 0.8746 0.6310 0.8402 0.8517 0.8244
24 0.8823 0.5726 0.8484 0.8725 0.8404
25 0.8901 0.5493 0.8569 0.8690 0.8369
26 0.8921 0.5653 0.8592 0.8704 0.8381
27 0.8874 0.6242 0.8551 0.8596 0.8280
28 0.8733 0.7135 0.8409 0.8547 0.8256
29 0.8608 0.8149 0.8262 0.8440 0.8171
30 0.8555 0.8662 0.8209 0.8389 0.8079
31 0.8601 0.8769 0.8260 0.8415 0.8106
32 0.8750 0.7740 0.8418 0.8468 0.8211
33 0.8842 0.7308 0.8510 0.8577 0.8249
34 0.8946 0.6801 0.8607 0.8663 0.8334
35 0.9019 0.6610 0.8694 0.8689 0.8376
36 0.8998 0.6632 0.8671 0.8681 0.8407
37 0.8950 0.7254 0.8643 0.8645 0.8397
38 0.8893 0.8465 0.8564 0.8626 0.8306
39 0.8732 0.9701 0.8410 0.8479 0.8210
40 0.8614 1.0675 0.8268 0.8598 0.8251
41 0.8716 1.0209 0.8357 0.8419 0.8139
42 0.8862 0.8812 0.8503 0.8617 0.8294
43 0.8959 0.8225 0.8631 0.8592 0.8295
44 0.9001 0.7776 0.8673 0.8682 0.8400
45 0.9049 0.7341 0.8745 0.8684 0.8397
46 0.9056 0.7671 0.8737 0.8669 0.8346
47 0.8975 0.8580 0.8655 0.8631 0.8346
48 0.8906 0.9616 0.8560 0.8586 0.8292
49 0.8784 1.0871 0.8455 0.8531 0.8209
50 0.8689 1.2064 0.8314 0.8554 0.8279
51 0.8822 1.0652 0.8487 0.8491 0.8209
52 0.8884 0.9738 0.8561 0.8542 0.8232
53 0.8965 0.8974 0.8641 0.8687 0.8410
54 0.9033 0.8101 0.8726 0.8702 0.8439
55 0.9087 0.7479 0.8799 0.8662 0.8392
56 0.9121 0.7244 0.8801 0.8690 0.8405
57 0.9070 0.7805 0.8767 0.8501 0.8225
58 0.8978 0.8910 0.8657 0.8686 0.8353
59 0.8872 1.0177 0.8531 0.8686 0.8409
60 0.8910 0.9694 0.8566 0.8424 0.8181
61 0.8909 0.9828 0.8576 0.8554 0.8266
62 0.9030 0.8641 0.8710 0.8582 0.8332
63 0.9111 0.7772 0.8800 0.8650 0.8380
64 0.9133 0.7103 0.8834 0.8689 0.8421
65 0.9165 0.6840 0.8843 0.8697 0.8449
66 0.9155 0.6904 0.8834 0.8699 0.8409
67 0.9188 0.6696 0.8873 0.8615 0.8366
68 0.9113 0.7544 0.8807 0.8619 0.8384
69 0.9005 0.8816 0.8684 0.8507 0.8301
70 0.8872 1.0492 0.8546 0.8379 0.8127
71 0.8952 0.9531 0.8636 0.8548 0.8299
72 0.9058 0.8316 0.8748 0.8597 0.8370
73 0.9157 0.7310 0.8862 0.8666 0.8398
74 0.9150 0.7232 0.8856 0.8786 0.8501
75 0.9197 0.6464 0.8913 0.8719 0.8452
76 0.9183 0.6649 0.8893 0.8763 0.8513
77 0.9184 0.6631 0.8916 0.8706 0.8467
78 0.9096 0.7607 0.8805 0.8574 0.8343
79 0.9014 0.8557 0.8703 0.8520 0.8234
80 0.8828 1.0776 0.8461 0.8558 0.8317
81 0.8892 0.9972 0.8565 0.8651 0.8365
82 0.9031 0.8271 0.8728 0.8633 0.8353
83 0.9095 0.7393 0.8808 0.8647 0.8383
84 0.9167 0.6829 0.8884 0.8684 0.8415
85 0.9186 0.6451 0.8886 0.8652 0.8388
86 0.9139 0.6715 0.8844 0.8732 0.8478
87 0.9153 0.6734 0.8851 0.8660 0.8390
88 0.9129 0.7330 0.8821 0.8601 0.8303
89 0.9078 0.8154 0.8783 0.8546 0.8310
90 0.8937 0.9271 0.8605 0.8669 0.8360
91 0.8975 0.8855 0.8649 0.8619 0.8312
92 0.9104 0.7543 0.8797 0.8698 0.8410
93 0.9184 0.6859 0.8888 0.8696 0.8426
94 0.9170 0.6704 0.8886 0.8702 0.8425
95 0.9217 0.6128 0.8953 0.8756 0.8482
96 0.9252 0.5897 0.8970 0.8731 0.8473
97 0.9238 0.6180 0.8961 0.8664 0.8412
98 0.9184 0.6659 0.8896 0.8575 0.8285
99 0.9028 0.8390 0.8739 0.8502 0.8216
100 0.9150 0.7220 0.8839 0.8638 0.8385
101 0.9186 0.6997 0.8901 0.8637 0.8371
102 0.9206 0.6356 0.8936 0.8683 0.8436
103 0.9206 0.6157 0.8919 0.8656 0.8410
104 0.9257 0.5787 0.8985 0.8695 0.8449
105 0.9261 0.5663 0.8999 0.8693 0.8444
106 0.9275 0.5564 0.9001 0.8687 0.8442
107 0.9252 0.5896 0.8979 0.8679 0.8428
108 0.9249 0.5813 0.8978 0.8686 0.8445
109 0.9231 0.5990 0.8947 0.8690 0.8421
110 0.9211 0.6260 0.8903 0.8639 0.8394
111 0.9212 0.6412 0.8941 0.8729 0.8487
112 0.9245 0.5910 0.8974 0.8706 0.8438
113 0.9271 0.5801 0.9017 0.8722 0.8473
114 0.9274 0.5336 0.9012 0.8725 0.8482
115 0.9280 0.5408 0.9031 0.8739 0.8503
116 0.9316 0.5109 0.9060 0.8769 0.8542
117 0.9266 0.5399 0.9003 0.8745 0.8491
118 0.9285 0.5556 0.9021 0.8642 0.8378
119 0.9284 0.5641 0.9012 0.8693 0.8452
120 0.9248 0.5704 0.8975 0.8530 0.8327
121 0.9212 0.6114 0.8945 0.8674 0.8459
122 0.9266 0.5505 0.9007 0.8746 0.8500
123 0.9293 0.5352 0.9050 0.8709 0.8471
124 0.9259 0.5252 0.8994 0.8733 0.8489
125 0.9329 0.4937 0.9074 0.8730 0.8501
126 0.9325 0.4912 0.9081 0.8637 0.8418
127 0.9271 0.5137 0.9013 0.8722 0.8474
128 0.9326 0.4973 0.9069 0.8776 0.8530
129 0.9282 0.5229 0.9027 0.8730 0.8456
130 0.9325 0.5269 0.9080 0.8673 0.8419
131 0.9195 0.6022 0.8909 0.8684 0.8424
132 0.9245 0.5779 0.8976 0.8812 0.8550
133 0.9264 0.5448 0.9000 0.8746 0.8462
134 0.9303 0.5052 0.9056 0.8743 0.8490
135 0.9306 0.4875 0.9053 0.8743 0.8494
136 0.9308 0.4951 0.9057 0.8710 0.8471
137 0.9298 0.4995 0.9051 0.8685 0.8425
138 0.9318 0.5046 0.9084 0.8747 0.8472
139 0.9273 0.5357 0.9021 0.8678 0.8487
140 0.9279 0.5353 0.9013 0.8664 0.8439
141 0.9237 0.5749 0.8979 0.8668 0.8440
142 0.9295 0.5167 0.9038 0.8718 0.8489
143 0.9339 0.4841 0.9099 0.8731 0.8492
144 0.9347 0.4625 0.9115 0.8747 0.8518
145 0.9347 0.4668 0.9120 0.8740 0.8520
146 0.9329 0.4765 0.9102 0.8743 0.8529
147 0.9332 0.4657 0.9098 0.8742 0.8527
148 0.9301 0.5083 0.9062 0.8702 0.8485
149 0.9292 0.5303 0.9027 0.8717 0.8497
150 0.9286 0.5296 0.9046 0.8691 0.8479
151 0.9285 0.5413 0.9021 0.8689 0.8465
152 0.9335 0.5092 0.9102 0.8730 0.8492
153 0.9316 0.4804 0.9067 0.8738 0.8500
154 0.9371 0.4574 0.9128 0.8733 0.8530
155 0.9354 0.4485 0.9108 0.8734 0.8512
156 0.9355 0.4469 0.9147 0.8759 0.8522
157 0.9336 0.4678 0.9110 0.8734 0.8503
158 0.9336 0.4731 0.9096 0.8730 0.8485
159 0.9288 0.5348 0.9063 0.8713 0.8502
160 0.9342 0.4595 0.9122 0.8742 0.8524
161 0.9320 0.4740 0.9083 0.8741 0.8523
162 0.9377 0.4483 0.9148 0.8742 0.8520
163 0.9370 0.4329 0.9151 0.8723 0.8504
164 0.9386 0.4096 0.9165 0.8766 0.8546
165 0.9358 0.4398 0.9134 0.8745 0.8523
166 0.9381 0.4220 0.9158 0.8726 0.8504
167 0.9364 0.4338 0.9145 0.8746 0.8522
168 0.9367 0.4478 0.9153 0.8699 0.8465
169 0.9380 0.4233 0.9153 0.8719 0.8487
170 0.9372 0.4252 0.9146 0.8730 0.8491
171 0.9376 0.4259 0.9155 0.8654 0.8431
172 0.9373 0.4269 0.9164 0.8695 0.8457
173 0.9380 0.4314 0.9157 0.8747 0.8510
174 0.9366 0.4453 0.9147 0.8719 0.8492
175 0.9368 0.4203 0.9148 0.8733 0.8497
176 0.9383 0.4064 0.9161 0.8726 0.8504
177 0.9366 0.4133 0.9149 0.8738 0.8525
178 0.9381 0.4110 0.9166 0.8731 0.8494
179 0.9398 0.4281 0.9194 0.8739 0.8506
180 0.9395 0.4147 0.9172 0.8758 0.8532
181 0.9391 0.4045 0.9162 0.8777 0.8552
182 0.9383 0.4101 0.9168 0.8732 0.8520
183 0.9375 0.4164 0.9166 0.8747 0.8515
184 0.9370 0.4066 0.9154 0.8736 0.8527
185 0.9376 0.4058 0.9142 0.8756 0.8527
186 0.9401 0.4091 0.9182 0.8747 0.8530
187 0.9385 0.4066 0.9169 0.8745 0.8536
188 0.9387 0.3952 0.9173 0.8735 0.8520
189 0.9388 0.3995 0.9177 0.8771 0.8537
190 0.9407 0.3917 0.9206 0.8773 0.8530
191 0.9406 0.3858 0.9189 0.8743 0.8530
192 0.9416 0.3813 0.9213 0.8734 0.8515
193 0.9368 0.3995 0.9162 0.8749 0.8527
194 0.9379 0.4024 0.9167 0.8730 0.8499
195 0.9351 0.4026 0.9123 0.8741 0.8522
196 0.9396 0.3811 0.9179 0.8726 0.8515
197 0.9384 0.3926 0.9175 0.8753 0.8518
198 0.9411 0.3848 0.9194 0.8756 0.8527
199 0.9369 0.3940 0.9153 0.8738 0.8539
