epoch train_iou train_loss train_mAP val_iou val_mAP
0 0.5905 0.1585 0.5146 0.7287 0.6644
1 0.7140 0.1451 0.6574 0.7444 0.6845
2 0.7508 0.1521 0.6992 0.7733 0.7147
3 0.7755 0.1565 0.7276 0.7806 0.7327
4 0.7996 0.1656 0.7560 0.8089 0.7674
5 0.8121 0.1707 0.7657 0.8121 0.7697
6 0.8086 0.1929 0.7672 0.8060 0.7624
7 0.7939 0.2237 0.7500 0.8041 0.7639
8 0.7874 0.2574 0.7416 0.8012 0.7615
9 0.7940 0.2768 0.7489 0.7536 0.7052
10 0.7950 0.3074 0.7492 0.7767 0.7293
11 0.8123 0.2906 0.7732 0.8121 0.7738
12 0.8191 0.2794 0.7823 0.8174 0.7808
13 0.8381 0.2713 0.8006 0.8362 0.7977
14 0.8523 0.2648 0.8192 0.8378 0.8047
15 0.8544 0.2738 0.8198 0.8400 0.8084
16 0.8566 0.2881 0.8248 0.8440 0.8041
17 0.8489 0.3147 0.8143 0.8373 0.8043
18 0.8388 0.3476 0.8039 0.8246 0.7883
19 0.8340 0.3760 0.7996 0.8184 0.7867
20 0.8251 0.4164 0.7903 0.8215 0.7846
21 0.8345 0.4047 0.8018 0.8309 0.7954
22 0.8542 0.3775 0.8216 0.8320 0.7987
23 0.8660 0.3661 0.8337 0.8385 0.8076
24 0.8718 0.3401 0.8407 0.8411 0.8100
25 0.8783 0.3363 0.8500 0.8446 0.8137
26 0.8763 0.3516 0.8472 0.8438 0.8150
27 0.8758 0.3714 0.8434 0.8440 0.8120
28 0.8604 0.4224 0.8292 0.8293 0.7897
29 0.8596 0.4560 0.8294 0.8262 0.8005
30 0.8388 0.5130 0.8065 0.8326 0.7987
31 0.8523 0.4934 0.8207 0.8380 0.8102
32 0.8713 0.4554 0.8415 0.8470 0.8181
33 0.8791 0.4282 0.8500 0.8404 0.8106
34 0.8870 0.4037 0.8573 0.8559 0.8242
35 0.8912 0.3996 0.8634 0.8546 0.8243
36 0.8936 0.3993 0.8651 0.8490 0.8184
37 0.8886 0.4208 0.8590 0.8435 0.8159
38 0.8821 0.4644 0.8529 0.8423 0.8174
39 0.8756 0.4956 0.8445 0.8389 0.8088
40 0.8665 0.5761 0.8379 0.8424 0.8132
41 0.8702 0.5525 0.8391 0.8377 0.8088
42 0.8759 0.5339 0.8465 0.8498 0.8232
43 0.8870 0.4815 0.8592 0.8513 0.8222
44 0.8970 0.4525 0.8713 0.8542 0.8272
45 0.9006 0.4480 0.8737 0.8591 0.8327
46 0.8972 0.4596 0.8723 0.8571 0.8276
47 0.8921 0.4863 0.8660 0.8548 0.8257
48 0.8901 0.5235 0.8617 0.8532 0.8257
49 0.8763 0.6138 0.8478 0.8463 0.8180
50 0.8722 0.6490 0.8443 0.8321 0.8062
51 0.8803 0.6171 0.8507 0.8496 0.8245
52 0.8891 0.5677 0.8619 0.8505 0.8198
53 0.8943 0.5655 0.8659 0.8475 0.8175
54 0.9040 0.5048 0.8773 0.8545 0.8240
55 0.9080 0.4818 0.8854 0.8532 0.8240
56 0.9040 0.4887 0.8794 0.8587 0.8279
57 0.9028 0.5329 0.8775 0.8599 0.8338
58 0.8925 0.5892 0.8645 0.8529 0.8256
59 0.8871 0.6475 0.8565 0.8495 0.8255
60 0.8818 0.6975 0.8531 0.8451 0.8201
61 0.8885 0.6769 0.8583 0.8477 0.8213
62 0.8935 0.6370 0.8669 0.8437 0.8175
63 0.9019 0.5982 0.8768 0.8558 0.8288
64 0.9107 0.5374 0.8862 0.8560 0.8315
65 0.9133 0.5345 0.8911 0.8582 0.8339
66 0.9104 0.5449 0.8866 0.8654 0.8386
67 0.9107 0.5590 0.8875 0.8580 0.8349
68 0.9004 0.6184 0.8732 0.8550 0.8256
69 0.8934 0.6959 0.8682 0.8529 0.8252
70 0.8876 0.7502 0.8589 0.8533 0.8238
71 0.8960 0.7054 0.8694 0.8521 0.8275
72 0.8960 0.6895 0.8680 0.8488 0.8263
73 0.9105 0.6243 0.8877 0.8573 0.8327
74 0.9150 0.5817 0.8922 0.8605 0.8340
75 0.9181 0.5486 0.8951 0.8603 0.8328
76 0.9196 0.5636 0.8952 0.8643 0.8370
77 0.9114 0.6172 0.8875 0.8547 0.8286
78 0.9103 0.6377 0.8853 0.8596 0.8350
79 0.9057 0.6960 0.8818 0.8594 0.8315
80 0.8815 0.8975 0.8531 0.8334 0.8059
81 0.8907 0.8184 0.8634 0.8616 0.8337
82 0.9048 0.7337 0.8823 0.8547 0.8305
83 0.9077 0.6819 0.8854 0.8684 0.8436
84 0.9180 0.6307 0.8941 0.8682 0.8410
85 0.9212 0.6168 0.8998 0.8676 0.8407
86 0.9213 0.6009 0.9014 0.8666 0.8417
87 0.9133 0.6770 0.8897 0.8617 0.8367
88 0.9073 0.7566 0.8826 0.8590 0.8332
89 0.8991 0.8106 0.8751 0.8583 0.8332
90 0.9008 0.8275 0.8748 0.8595 0.8320
91 0.9035 0.8079 0.8785 0.8520 0.8255
92 0.9129 0.7401 0.8895 0.8604 0.8311
93 0.9108 0.7264 0.8866 0.8578 0.8322
94 0.9194 0.6687 0.8972 0.8707 0.8439
95 0.9208 0.6459 0.8984 0.8698 0.8437
96 0.9264 0.6176 0.9048 0.8661 0.8383
97 0.9205 0.6758 0.8988 0.8602 0.8340
98 0.9077 0.7875 0.8850 0.8598 0.8358
99 0.9111 0.7715 0.8872 0.8504 0.8226
100 0.9089 0.8226 0.8848 0.8580 0.8281
101 0.9179 0.7043 0.8974 0.8555 0.8257
102 0.9197 0.7061 0.8982 0.8628 0.8346
103 0.9271 0.6354 0.9050 0.8634 0.8371
104 0.9250 0.6467 0.9052 0.8668 0.8388
105 0.9243 0.6380 0.9032 0.8659 0.8386
106 0.9240 0.6408 0.9032 0.8714 0.8447
107 0.9273 0.6145 0.9092 0.8713 0.8448
108 0.9233 0.6341 0.9027 0.8691 0.8407
109 0.9262 0.6314 0.9045 0.8698 0.8447
110 0.9191 0.6945 0.8987 0.8594 0.8280
111 0.9219 0.6595 0.9028 0.8627 0.8368
112 0.9319 0.5996 0.9132 0.8629 0.8361
113 0.9302 0.6161 0.9101 0.8683 0.8436
114 0.9305 0.5807 0.9122 0.8669 0.8407
115 0.9258 0.6028 0.9075 0.8688 0.8430
116 0.9323 0.5953 0.9125 0.8671 0.8430
117 0.9312 0.5838 0.9114 0.8653 0.8407
118 0.9287 0.5986 0.9112 0.8577 0.8331
119 0.9286 0.6321 0.9094 0.8652 0.8371
120 0.9214 0.7051 0.9018 0.8593 0.8332
121 0.9248 0.6658 0.9062 0.8668 0.8411
122 0.9281 0.6120 0.9098 0.8649 0.8387
123 0.9293 0.6070 0.9094 0.8665 0.8401
124 0.9309 0.5754 0.9121 0.8691 0.8430
125 0.9345 0.5646 0.9163 0.8707 0.8448
126 0.9310 0.5774 0.9135 0.8710 0.8456
127 0.9343 0.5623 0.9168 0.8713 0.8453
128 0.9273 0.6138 0.9083 0.8665 0.8392
129 0.9292 0.6181 0.9105 0.8630 0.8380
130 0.9290 0.6272 0.9118 0.8692 0.8434
131 0.9297 0.6111 0.9118 0.8615 0.8343
132 0.9337 0.5779 0.9160 0.8674 0.8421
133 0.9317 0.5607 0.9144 0.8696 0.8416
134 0.9397 0.5178 0.9250 0.8664 0.8399
135 0.9338 0.5604 0.9173 0.8669 0.8405
136 0.9355 0.5195 0.9187 0.8706 0.8459
137 0.9359 0.5468 0.9185 0.8680 0.8410
138 0.9339 0.5444 0.9178 0.8697 0.8423
139 0.9271 0.5872 0.9085 0.8632 0.8365
140 0.9250 0.6505 0.9066 0.8599 0.8334
141 0.9302 0.6261 0.9127 0.8653 0.8363
142 0.9332 0.5910 0.9138 0.8686 0.8445
143 0.9318 0.5686 0.9142 0.8662 0.8401
144 0.9396 0.5160 0.9245 0.8645 0.8392
145 0.9353 0.5281 0.9187 0.8648 0.8398
146 0.9313 0.5476 0.9134 0.8645 0.8385
147 0.9396 0.5149 0.9248 0.8689 0.8453
148 0.9340 0.5485 0.9160 0.8663 0.8417
149 0.9338 0.5663 0.9153 0.8640 0.8368
150 0.9319 0.5919 0.9144 0.8591 0.8268
151 0.9243 0.6390 0.9056 0.8614 0.8369
152 0.9334 0.5695 0.9190 0.8626 0.8339
153 0.9330 0.5753 0.9163 0.8681 0.8421
154 0.9388 0.5151 0.9250 0.8673 0.8419
155 0.9358 0.5163 0.9201 0.8646 0.8395
156 0.9377 0.5228 0.9228 0.8691 0.8403
157 0.9367 0.5264 0.9206 0.8660 0.8412
158 0.9334 0.5483 0.9179 0.8653 0.8385
159 0.9349 0.5495 0.9186 0.8666 0.8404
160 0.9342 0.5409 0.9155 0.8706 0.8445
161 0.9366 0.5312 0.9211 0.8697 0.8433
162 0.9400 0.4920 0.9246 0.8737 0.8476
163 0.9407 0.4813 0.9260 0.8735 0.8475
164 0.9392 0.4834 0.9230 0.8723 0.8474
165 0.9385 0.5089 0.9245 0.8699 0.8441
166 0.9387 0.4998 0.9234 0.8728 0.8476
167 0.9388 0.4983 0.9242 0.8713 0.8453
168 0.9384 0.5057 0.9242 0.8664 0.8410
169 0.9415 0.4794 0.9281 0.8704 0.8448
170 0.9413 0.4938 0.9266 0.8711 0.8453
171 0.9450 0.4632 0.9306 0.8729 0.8460
172 0.9398 0.4909 0.9266 0.8691 0.8428
173 0.9420 0.4755 0.9289 0.8685 0.8427
174 0.9390 0.5059 0.9247 0.8698 0.8435
175 0.9412 0.4733 0.9279 0.8700 0.8454
176 0.9411 0.4788 0.9262 0.8710 0.8465
177 0.9426 0.4613 0.9275 0.8695 0.8451
178 0.9427 0.4734 0.9282 0.8671 0.8436
179 0.9416 0.4862 0.9284 0.8695 0.8438
180 0.9413 0.4832 0.9266 0.8747 0.8483
181 0.9455 0.4681 0.9308 0.8701 0.8457
182 0.9397 0.4965 0.9258 0.8717 0.8469
183 0.9441 0.4445 0.9308 0.8727 0.8463
184 0.9435 0.4458 0.9320 0.8707 0.8458
185 0.9430 0.4546 0.9310 0.8728 0.8470
186 0.9426 0.4751 0.9297 0.8710 0.8460
187 0.9458 0.4453 0.9324 0.8707 0.8454
188 0.9434 0.4585 0.9302 0.8700 0.8456
189 0.9448 0.4482 0.9309 0.8707 0.8459
190 0.9425 0.4665 0.9279 0.8709 0.8440
191 0.9436 0.4494 0.9303 0.8721 0.8458
192 0.9456 0.4588 0.9317 0.8725 0.8464
193 0.9408 0.4675 0.9270 0.8725 0.8480
194 0.9455 0.4519 0.9319 0.8714 0.8453
195 0.9400 0.4658 0.9266 0.8723 0.8459
196 0.9417 0.4699 0.9287 0.8716 0.8452
197 0.9442 0.4550 0.9313 0.8704 0.8431
198 0.9447 0.4566 0.9314 0.8730 0.8481
199 0.9407 0.4689 0.9278 0.8716 0.8465
