epoch train_iou train_loss train_mAP val_iou val_mAP
0 0.6020 0.3296 0.5218 0.7218 0.6669
1 0.7277 0.2649 0.6695 0.7522 0.7048
2 0.7772 0.2564 0.7267 0.7520 0.7103
3 0.7919 0.2753 0.7452 0.7939 0.7563
4 0.8010 0.3170 0.7569 0.7555 0.7091
5 0.8024 0.3539 0.7558 0.8097 0.7749
6 0.8116 0.3744 0.7713 0.8147 0.7754
7 0.8234 0.3771 0.7869 0.8267 0.7809
8 0.8308 0.3935 0.7970 0.8347 0.7976
9 0.8375 0.3955 0.7999 0.8315 0.7964
10 0.8356 0.4346 0.7998 0.8364 0.7996
11 0.8310 0.4734 0.7952 0.8164 0.7801
12 0.8444 0.4937 0.8093 0.8365 0.8044
13 0.8470 0.4841 0.8127 0.8383 0.8052
14 0.8412 0.5201 0.8075 0.8424 0.8036
15 0.8554 0.5177 0.8232 0.8376 0.8065
16 0.8533 0.5382 0.8189 0.8407 0.8080
17 0.8502 0.5847 0.8142 0.8399 0.8060
18 0.8669 0.5417 0.8362 0.8464 0.8169
19 0.8619 0.5994 0.8335 0.8567 0.8285
20 0.8585 0.6132 0.8296 0.8566 0.8256
21 0.8597 0.6445 0.8299 0.8599 0.8275
22 0.8633 0.6265 0.8331 0.8620 0.8261
23 0.8702 0.6346 0.8427 0.8541 0.8232
24 0.8610 0.6958 0.8298 0.8599 0.8276
25 0.8670 0.7014 0.8382 0.8541 0.8210
26 0.8664 0.7248 0.8377 0.8579 0.8234
27 0.8711 0.7335 0.8445 0.8580 0.8285
28 0.8552 0.8336 0.8252 0.8531 0.8258
29 0.8693 0.7727 0.8394 0.8625 0.8359
30 0.8701 0.7882 0.8438 0.8616 0.8327
31 0.8736 0.7745 0.8453 0.8523 0.8263
32 0.8867 0.7223 0.8626 0.8604 0.8318
33 0.8723 0.8168 0.8452 0.8609 0.8312
34 0.8779 0.8240 0.8462 0.8693 0.8374
35 0.8807 0.8189 0.8538 0.8695 0.8422
36 0.8859 0.7956 0.8609 0.8576 0.8329
37 0.8921 0.8059 0.8688 0.8759 0.8460
38 0.8809 0.8686 0.8563 0.8774 0.8517
39 0.8885 0.8460 0.8643 0.8684 0.8424
40 0.8904 0.8544 0.8659 0.8827 0.8552
41 0.8985 0.8214 0.8759 0.8811 0.8565
42 0.8986 0.8090 0.8744 0.8782 0.8519
43 0.9013 0.8100 0.8781 0.8790 0.8506
44 0.8999 0.8268 0.8748 0.8856 0.8614
45 0.9061 0.7982 0.8847 0.8773 0.8490
46 0.9042 0.8456 0.8792 0.8840 0.8569
47 0.9029 0.8626 0.8785 0.8863 0.8585
48 0.9078 0.8424 0.8868 0.8827 0.8568
49 0.9099 0.8392 0.8867 0.8836 0.8582
50 0.8791 1.1749 0.8524 0.8560 0.8229
51 0.8689 1.2982 0.8396 0.8575 0.8309
52 0.8711 1.2657 0.8433 0.8576 0.8228
53 0.8617 1.3163 0.8322 0.8461 0.8180
54 0.8711 1.2259 0.8465 0.8613 0.8310
55 0.8783 1.1750 0.8535 0.8679 0.8391
56 0.8754 1.1673 0.8480 0.8768 0.8519
57 0.8790 1.1458 0.8527 0.8672 0.8382
58 0.8774 1.1770 0.8506 0.8735 0.8481
59 0.8765 1.1479 0.8474 0.8767 0.8524
60 0.8870 1.0727 0.8641 0.8775 0.8521
61 0.8838 1.1016 0.8591 0.8714 0.8440
62 0.8908 1.0519 0.8648 0.8724 0.8436
63 0.8847 1.0698 0.8599 0.8770 0.8522
64 0.8881 1.0312 0.8621 0.8774 0.8520
65 0.8900 1.0013 0.8690 0.8770 0.8515
66 0.8933 1.0206 0.8691 0.8728 0.8477
67 0.8990 0.9652 0.8767 0.8753 0.8484
68 0.8974 0.9882 0.8732 0.8704 0.8439
69 0.8917 1.0147 0.8687 0.8799 0.8549
70 0.9004 0.9138 0.8792 0.8764 0.8519
71 0.8990 0.9485 0.8779 0.8845 0.8597
72 0.8984 0.9567 0.8754 0.8786 0.8571
73 0.9017 0.9228 0.8789 0.8831 0.8553
74 0.8995 0.9237 0.8714 0.8764 0.8536
75 0.9003 0.9316 0.8777 0.8766 0.8512
76 0.8991 0.9488 0.8757 0.8767 0.8532
77 0.9084 0.8582 0.8851 0.8858 0.8609
78 0.9033 0.8869 0.8800 0.8858 0.8622
79 0.9015 0.8771 0.8777 0.8855 0.8591
80 0.9102 0.8308 0.8902 0.8870 0.8606
81 0.9100 0.8291 0.8886 0.8909 0.8669
82 0.9132 0.8193 0.8916 0.8897 0.8641
83 0.9093 0.8279 0.8876 0.8865 0.8616
84 0.9101 0.8119 0.8875 0.8880 0.8616
85 0.9199 0.7371 0.8980 0.8892 0.8644
86 0.9041 0.8577 0.8827 0.8929 0.8689
87 0.9191 0.7406 0.8992 0.8869 0.8621
88 0.9177 0.7499 0.8981 0.8900 0.8656
89 0.9158 0.7852 0.8970 0.8894 0.8649
90 0.9185 0.7156 0.8977 0.8899 0.8639
91 0.9171 0.7266 0.8960 0.8860 0.8646
92 0.9207 0.7220 0.9026 0.8886 0.8631
93 0.9204 0.6974 0.9007 0.8911 0.8661
94 0.9248 0.6805 0.9063 0.8912 0.8664
95 0.9262 0.6767 0.9088 0.8909 0.8657
96 0.9254 0.6812 0.9062 0.8910 0.8687
97 0.9201 0.7065 0.9003 0.8936 0.8705
98 0.9218 0.7058 0.9020 0.8946 0.8705
99 0.9252 0.6680 0.9068 0.8984 0.8752
100 0.9128 0.7775 0.8902 0.8936 0.8669
101 0.9104 0.7998 0.8905 0.8875 0.8614
102 0.9123 0.7896 0.8909 0.8934 0.8675
103 0.9181 0.7266 0.8990 0.8872 0.8621
104 0.9131 0.7835 0.8923 0.8903 0.8655
105 0.9168 0.7597 0.8977 0.8912 0.8668
106 0.9151 0.7659 0.8945 0.8864 0.8606
107 0.9162 0.7689 0.8969 0.8780 0.8529
108 0.9097 0.8046 0.8900 0.8799 0.8565
109 0.9169 0.7722 0.8969 0.8810 0.8592
110 0.9145 0.7868 0.8962 0.8895 0.8671
111 0.9065 0.8006 0.8864 0.8818 0.8575
112 0.9212 0.7148 0.9033 0.8815 0.8575
113 0.9138 0.7541 0.8946 0.8868 0.8652
114 0.9172 0.7526 0.8971 0.8904 0.8641
115 0.9163 0.7547 0.8961 0.8949 0.8699
116 0.9217 0.7138 0.9011 0.8957 0.8709
117 0.9232 0.6859 0.9035 0.8939 0.8709
118 0.9256 0.6724 0.9068 0.8888 0.8679
119 0.9209 0.7134 0.9014 0.8959 0.8712
120 0.9243 0.7029 0.9079 0.8936 0.8686
121 0.9218 0.7036 0.9033 0.8921 0.8668
122 0.9227 0.6878 0.9037 0.8902 0.8659
123 0.9232 0.6785 0.9050 0.8882 0.8636
124 0.9179 0.7189 0.8980 0.8806 0.8579
125 0.9231 0.6947 0.9063 0.8844 0.8639
126 0.9235 0.6777 0.9048 0.8845 0.8619
127 0.9238 0.6745 0.9056 0.8923 0.8691
128 0.9254 0.6717 0.9082 0.8919 0.8705
129 0.9169 0.7222 0.8993 0.8876 0.8656
130 0.9283 0.6559 0.9126 0.8879 0.8636
131 0.9286 0.6215 0.9117 0.8934 0.8702
132 0.9238 0.7083 0.9052 0.8938 0.8710
133 0.9248 0.6599 0.9075 0.8949 0.8725
134 0.9291 0.6263 0.9128 0.8957 0.8726
135 0.9291 0.6166 0.9107 0.8931 0.8707
136 0.9274 0.6373 0.9106 0.8944 0.8724
137 0.9277 0.6397 0.9076 0.8938 0.8700
138 0.9315 0.6048 0.9160 0.8919 0.8696
139 0.9291 0.6097 0.9132 0.8941 0.8704
140 0.9252 0.6524 0.9065 0.8943 0.8706
141 0.9306 0.6031 0.9117 0.8953 0.8724
142 0.9320 0.5820 0.9154 0.8973 0.8749
143 0.9333 0.5916 0.9177 0.8947 0.8722
144 0.9294 0.5841 0.9124 0.8923 0.8701
145 0.9303 0.6073 0.9160 0.8974 0.8741
146 0.9330 0.5781 0.9175 0.8942 0.8725
147 0.9295 0.6026 0.9121 0.8967 0.8743
148 0.9377 0.5396 0.9247 0.8960 0.8749
149 0.9361 0.5770 0.9203 0.8961 0.8731
150 0.9360 0.5684 0.9190 0.8953 0.8711
151 0.9268 0.6818 0.9093 0.8981 0.8735
152 0.9339 0.5864 0.9193 0.8985 0.8768
153 0.9224 0.6617 0.9043 0.8903 0.8679
154 0.9279 0.6348 0.9110 0.8945 0.8704
155 0.9310 0.6171 0.9160 0.8988 0.8755
156 0.9320 0.6074 0.9152 0.8863 0.8606
157 0.9281 0.6082 0.9116 0.8973 0.8709
158 0.9281 0.6135 0.9120 0.8964 0.8730
159 0.9343 0.5791 0.9197 0.8961 0.8731
160 0.9289 0.6325 0.9147 0.8935 0.8706
161 0.9254 0.6484 0.9084 0.8929 0.8711
162 0.9293 0.6009 0.9135 0.8935 0.8721
163 0.9365 0.5576 0.9225 0.8963 0.8746
164 0.9328 0.6006 0.9161 0.8953 0.8707
165 0.9261 0.6053 0.9105 0.8968 0.8736
166 0.9308 0.5856 0.9140 0.8957 0.8719
167 0.9293 0.6077 0.9136 0.8934 0.8671
168 0.9346 0.5846 0.9202 0.8965 0.8729
169 0.9290 0.5819 0.9137 0.8964 0.8737
170 0.9311 0.5960 0.9133 0.8932 0.8689
171 0.9405 0.5119 0.9262 0.8956 0.8732
172 0.9334 0.5673 0.9181 0.8953 0.8731
173 0.9362 0.5674 0.9214 0.8971 0.8739
174 0.9349 0.5599 0.9195 0.9015 0.8790
175 0.9375 0.5274 0.9223 0.8976 0.8746
176 0.9327 0.5637 0.9186 0.8980 0.8756
177 0.9373 0.5398 0.9240 0.8972 0.8743
178 0.9383 0.5256 0.9246 0.8962 0.8716
179 0.9388 0.5100 0.9252 0.9003 0.8777
180 0.9359 0.5313 0.9230 0.8977 0.8756
181 0.9361 0.5384 0.9236 0.9007 0.8765
182 0.9399 0.5271 0.9264 0.8979 0.8770
183 0.9355 0.5351 0.9213 0.9005 0.8795
184 0.9380 0.5215 0.9240 0.8988 0.8765
185 0.9366 0.5262 0.9245 0.8984 0.8745
186 0.9397 0.5149 0.9261 0.8990 0.8740
187 0.9358 0.5441 0.9227 0.9026 0.8785
188 0.9365 0.5383 0.9235 0.9009 0.8772
189 0.9385 0.5272 0.9243 0.9002 0.8761
190 0.9394 0.5201 0.9255 0.9029 0.8766
191 0.9386 0.5173 0.9248 0.8971 0.8725
192 0.9369 0.5278 0.9230 0.8987 0.8752
193 0.9436 0.4868 0.9308 0.8981 0.8745
194 0.9435 0.4850 0.9319 0.8988 0.8756
195 0.9419 0.4914 0.9293 0.9005 0.8763
196 0.9424 0.4924 0.9299 0.8985 0.8744
197 0.9406 0.5104 0.9279 0.9002 0.8767
198 0.9420 0.4926 0.9291 0.8983 0.8743
199 0.9427 0.4813 0.9296 0.8987 0.8761
