epoch train_iou train_loss train_mAP val_iou val_mAP
0 0.5329 0.1603 0.4627 0.7114 0.6449
1 0.6875 0.1477 0.6331 0.7326 0.6800
2 0.7415 0.1518 0.6932 0.7891 0.7402
3 0.7572 0.1666 0.7114 0.7968 0.7579
4 0.7894 0.1761 0.7468 0.7910 0.7530
5 0.8044 0.1782 0.7658 0.8111 0.7746
6 0.8068 0.2036 0.7681 0.8154 0.7782
7 0.8036 0.2234 0.7617 0.8097 0.7729
8 0.7931 0.2629 0.7475 0.7827 0.7430
9 0.7851 0.2858 0.7393 0.7912 0.7318
10 0.7999 0.2939 0.7578 0.8087 0.7675
11 0.8076 0.2992 0.7680 0.8285 0.7943
12 0.8229 0.2882 0.7849 0.8327 0.7924
13 0.8301 0.2916 0.7963 0.8394 0.8047
14 0.8515 0.2725 0.8148 0.8495 0.8161
15 0.8618 0.2713 0.8274 0.8488 0.8171
16 0.8520 0.2895 0.8189 0.8439 0.8110
17 0.8500 0.3223 0.8145 0.8475 0.8148
18 0.8439 0.3453 0.8070 0.8336 0.8012
19 0.8383 0.3791 0.8046 0.8322 0.7955
20 0.8254 0.4374 0.7863 0.7879 0.7534
21 0.8318 0.4163 0.7968 0.8281 0.7921
22 0.8526 0.3813 0.8198 0.8380 0.8075
23 0.8717 0.3639 0.8402 0.8470 0.8157
24 0.8690 0.3550 0.8364 0.8529 0.8221
25 0.8791 0.3344 0.8478 0.8532 0.8231
26 0.8832 0.3415 0.8514 0.8475 0.8163
27 0.8718 0.3903 0.8406 0.8358 0.8058
28 0.8638 0.4375 0.8291 0.8378 0.8036
29 0.8547 0.4801 0.8192 0.8381 0.8075
30 0.8444 0.5234 0.8108 0.8413 0.8069
31 0.8642 0.4868 0.8313 0.8539 0.8229
32 0.8746 0.4504 0.8430 0.8453 0.8137
33 0.8785 0.4348 0.8487 0.8428 0.8135
34 0.8842 0.4115 0.8549 0.8580 0.8295
35 0.8924 0.4054 0.8616 0.8586 0.8288
36 0.8934 0.3993 0.8629 0.8579 0.8294
37 0.8865 0.4374 0.8547 0.8474 0.8182
38 0.8789 0.4924 0.8474 0.8559 0.8235
39 0.8713 0.5407 0.8388 0.8516 0.8217
40 0.8665 0.5724 0.8351 0.8454 0.8145
41 0.8663 0.5623 0.8349 0.8461 0.8171
42 0.8799 0.5233 0.8489 0.8515 0.8229
43 0.8885 0.4887 0.8588 0.8568 0.8294
44 0.8966 0.4595 0.8650 0.8620 0.8318
45 0.9015 0.4380 0.8724 0.8583 0.8291
46 0.9040 0.4481 0.8760 0.8627 0.8354
47 0.8947 0.4822 0.8668 0.8551 0.8276
48 0.8831 0.5570 0.8522 0.8551 0.8275
49 0.8840 0.5802 0.8548 0.8148 0.7922
50 0.8668 0.6799 0.8358 0.8479 0.8190
51 0.8839 0.6013 0.8505 0.8459 0.8145
52 0.8901 0.5733 0.8614 0.8487 0.8179
53 0.8965 0.5311 0.8691 0.8591 0.8291
54 0.9090 0.4875 0.8808 0.8606 0.8326
55 0.9109 0.4582 0.8838 0.8626 0.8341
56 0.9141 0.4774 0.8883 0.8621 0.8359
57 0.9028 0.5176 0.8759 0.8588 0.8329
58 0.8946 0.5967 0.8639 0.8499 0.8219
59 0.8903 0.6597 0.8597 0.8490 0.8226
60 0.8804 0.7267 0.8510 0.8480 0.8150
61 0.8851 0.6886 0.8555 0.8449 0.8185
62 0.8876 0.6795 0.8584 0.8488 0.8204
63 0.9050 0.5765 0.8762 0.8558 0.8289
64 0.9078 0.5532 0.8827 0.8639 0.8361
65 0.9061 0.5651 0.8764 0.8606 0.8350
66 0.9093 0.5410 0.8822 0.8604 0.8334
67 0.9116 0.5628 0.8842 0.8650 0.8407
68 0.9036 0.6217 0.8763 0.8561 0.8295
69 0.8911 0.7209 0.8604 0.8312 0.8020
70 0.8713 0.8962 0.8403 0.8442 0.8150
71 0.8832 0.7948 0.8530 0.8485 0.8204
72 0.8969 0.7269 0.8702 0.8535 0.8280
73 0.9085 0.6411 0.8821 0.8629 0.8365
74 0.9134 0.6010 0.8852 0.8646 0.8393
75 0.9149 0.5878 0.8885 0.8646 0.8405
76 0.9127 0.6052 0.8854 0.8639 0.8384
77 0.9183 0.5861 0.8924 0.8597 0.8343
78 0.9009 0.7017 0.8696 0.8534 0.8271
79 0.8983 0.7790 0.8690 0.8534 0.8241
80 0.8904 0.8488 0.8631 0.8426 0.8146
81 0.8954 0.8142 0.8647 0.8531 0.8280
82 0.9013 0.7607 0.8752 0.8626 0.8344
83 0.9102 0.6834 0.8856 0.8608 0.8339
84 0.9141 0.6442 0.8899 0.8629 0.8385
85 0.9212 0.6083 0.8983 0.8612 0.8366
86 0.9165 0.6542 0.8895 0.8636 0.8401
87 0.9098 0.6828 0.8834 0.8509 0.8276
88 0.9070 0.7726 0.8809 0.8645 0.8399
89 0.9023 0.8057 0.8754 0.8500 0.8234
90 0.8887 0.9191 0.8601 0.8449 0.8186
91 0.9040 0.8358 0.8766 0.8627 0.8376
92 0.9035 0.8040 0.8784 0.8532 0.8263
93 0.9116 0.7314 0.8856 0.8598 0.8363
94 0.9180 0.6882 0.8936 0.8609 0.8345
95 0.9238 0.6395 0.9017 0.8603 0.8342
96 0.9208 0.6619 0.8967 0.8585 0.8355
97 0.9210 0.6991 0.8966 0.8594 0.8346
98 0.9170 0.7301 0.8926 0.8628 0.8369
99 0.9080 0.8221 0.8825 0.8522 0.8288
100 0.9100 0.8137 0.8842 0.8589 0.8334
101 0.9188 0.7044 0.8956 0.8660 0.8405
102 0.9249 0.6728 0.9007 0.8679 0.8409
103 0.9212 0.6851 0.8974 0.8679 0.8417
104 0.9222 0.6542 0.8999 0.8681 0.8426
105 0.9294 0.6211 0.9067 0.8654 0.8411
106 0.9262 0.6475 0.9041 0.8678 0.8422
107 0.9270 0.6190 0.9040 0.8640 0.8348
108 0.9245 0.6430 0.9029 0.8599 0.8365
109 0.9225 0.6841 0.8994 0.8616 0.8369
110 0.9125 0.7700 0.8885 0.8604 0.8352
111 0.9186 0.7042 0.8938 0.8650 0.8414
112 0.9234 0.6665 0.9014 0.8697 0.8425
113 0.9238 0.6600 0.9019 0.8700 0.8444
114 0.9243 0.6419 0.9029 0.8672 0.8396
115 0.9267 0.6216 0.9045 0.8697 0.8435
116 0.9268 0.6240 0.9054 0.8712 0.8454
117 0.9290 0.6053 0.9082 0.8679 0.8422
118 0.9296 0.6179 0.9087 0.8691 0.8445
119 0.9250 0.6378 0.9028 0.8664 0.8426
120 0.9275 0.6398 0.9060 0.8629 0.8370
121 0.9190 0.7035 0.8980 0.8691 0.8460
122 0.9292 0.6203 0.9086 0.8659 0.8414
123 0.9291 0.5934 0.9088 0.8702 0.8440
124 0.9278 0.6179 0.9075 0.8745 0.8483
125 0.9309 0.5910 0.9096 0.8742 0.8491
126 0.9309 0.5816 0.9097 0.8726 0.8466
127 0.9286 0.6149 0.9075 0.8735 0.8504
128 0.9275 0.6082 0.9059 0.8682 0.8455
129 0.9246 0.6220 0.9029 0.8604 0.8344
130 0.9216 0.6769 0.9002 0.8695 0.8395
131 0.9235 0.6560 0.9029 0.8676 0.8426
132 0.9261 0.6331 0.9052 0.8615 0.8370
133 0.9299 0.6076 0.9094 0.8695 0.8445
134 0.9283 0.5978 0.9091 0.8724 0.8475
135 0.9316 0.5605 0.9128 0.8738 0.8489
136 0.9337 0.5560 0.9138 0.8761 0.8516
137 0.9321 0.5594 0.9135 0.8715 0.8472
138 0.9280 0.6203 0.9081 0.8692 0.8461
139 0.9278 0.6208 0.9085 0.8649 0.8404
140 0.9175 0.7026 0.8940 0.8660 0.8370
141 0.9234 0.6514 0.9037 0.8633 0.8391
142 0.9247 0.6301 0.9048 0.8665 0.8401
143 0.9224 0.6464 0.9022 0.8646 0.8397
144 0.9260 0.5956 0.9055 0.8697 0.8436
145 0.9287 0.5727 0.9082 0.8727 0.8470
146 0.9340 0.5575 0.9161 0.8716 0.8446
147 0.9322 0.5755 0.9121 0.8703 0.8434
148 0.9362 0.5425 0.9176 0.8728 0.8475
149 0.9303 0.5813 0.9117 0.8651 0.8406
150 0.9216 0.6608 0.9016 0.8644 0.8355
151 0.9262 0.6399 0.9034 0.8685 0.8426
152 0.9310 0.5952 0.9115 0.8664 0.8390
153 0.9320 0.5746 0.9124 0.8725 0.8462
154 0.9307 0.5657 0.9121 0.8741 0.8477
155 0.9338 0.5586 0.9134 0.8719 0.8461
156 0.9313 0.5504 0.9129 0.8708 0.8454
157 0.9332 0.5408 0.9140 0.8710 0.8446
158 0.9382 0.5239 0.9215 0.8744 0.8481
159 0.9337 0.5881 0.9157 0.8712 0.8459
160 0.9364 0.5432 0.9203 0.8750 0.8491
161 0.9359 0.5574 0.9170 0.8714 0.8464
162 0.9318 0.5516 0.9148 0.8730 0.8487
163 0.9347 0.5439 0.9153 0.8772 0.8524
164 0.9364 0.5185 0.9202 0.8748 0.8495
165 0.9350 0.5252 0.9168 0.8746 0.8494
166 0.9388 0.4986 0.9218 0.8753 0.8506
167 0.9381 0.5029 0.9211 0.8756 0.8500
168 0.9304 0.5493 0.9123 0.8754 0.8491
169 0.9380 0.5207 0.9191 0.8765 0.8508
170 0.9338 0.5266 0.9172 0.8733 0.8470
171 0.9380 0.5145 0.9221 0.8763 0.8505
172 0.9363 0.5252 0.9183 0.8737 0.8482
173 0.9346 0.5245 0.9176 0.8743 0.8484
174 0.9369 0.5144 0.9198 0.8744 0.8491
175 0.9383 0.4850 0.9207 0.8729 0.8475
176 0.9376 0.4947 0.9209 0.8775 0.8521
177 0.9359 0.5163 0.9181 0.8731 0.8479
178 0.9369 0.5027 0.9204 0.8719 0.8489
179 0.9344 0.5141 0.9180 0.8771 0.8520
180 0.9388 0.4889 0.9212 0.8774 0.8542
181 0.9416 0.4824 0.9229 0.8725 0.8490
182 0.9400 0.4818 0.9240 0.8741 0.8484
183 0.9369 0.5048 0.9205 0.8717 0.8469
184 0.9395 0.4890 0.9232 0.8730 0.8490
185 0.9423 0.4698 0.9266 0.8742 0.8494
186 0.9363 0.4975 0.9191 0.8723 0.8469
187 0.9399 0.4940 0.9232 0.8725 0.8478
188 0.9380 0.5023 0.9209 0.8754 0.8510
189 0.9401 0.4953 0.9232 0.8718 0.8470
190 0.9380 0.4835 0.9226 0.8753 0.8484
191 0.9381 0.4879 0.9225 0.8735 0.8484
192 0.9411 0.4783 0.9254 0.8729 0.8462
193 0.9405 0.4701 0.9254 0.8733 0.8464
194 0.9429 0.4660 0.9284 0.8722 0.8472
195 0.9449 0.4639 0.9278 0.8719 0.8464
196 0.9383 0.5033 0.9220 0.8724 0.8486
197 0.9430 0.4689 0.9267 0.8740 0.8505
198 0.9430 0.4684 0.9288 0.8722 0.8465
199 0.9387 0.4829 0.9222 0.8710 0.8445
