epoch train_iou train_loss train_mAP val_iou val_mAP
0 0.4961 0.1703 0.4192 0.7113 0.6582
1 0.6965 0.1449 0.6402 0.7465 0.7013
2 0.7460 0.1533 0.6943 0.7879 0.7486
3 0.7551 0.1696 0.7079 0.8022 0.7617
4 0.7890 0.1705 0.7428 0.7978 0.7609
5 0.7953 0.1825 0.7509 0.8128 0.7769
6 0.8044 0.2015 0.7610 0.8048 0.7701
7 0.7848 0.2349 0.7406 0.7780 0.7374
8 0.7861 0.2638 0.7431 0.8020 0.7555
9 0.7931 0.2831 0.7500 0.8195 0.7805
10 0.8047 0.2898 0.7621 0.8210 0.7865
11 0.8043 0.2898 0.7635 0.8094 0.7714
12 0.8112 0.3126 0.7720 0.8289 0.7895
13 0.8295 0.2918 0.7895 0.8386 0.8067
14 0.8528 0.2690 0.8192 0.8487 0.8137
15 0.8546 0.2715 0.8189 0.8516 0.8179
16 0.8510 0.2968 0.8150 0.8518 0.8207
17 0.8510 0.3152 0.8152 0.8445 0.8123
18 0.8424 0.3523 0.8051 0.8313 0.8001
19 0.8355 0.3742 0.7954 0.8282 0.7928
20 0.8155 0.4354 0.7759 0.8374 0.8071
21 0.8494 0.3902 0.8148 0.8515 0.8238
22 0.8563 0.3766 0.8208 0.8420 0.8097
23 0.8628 0.3571 0.8289 0.8571 0.8311
24 0.8766 0.3349 0.8465 0.8599 0.8316
25 0.8787 0.3361 0.8452 0.8623 0.8333
26 0.8821 0.3439 0.8488 0.8655 0.8365
27 0.8769 0.3769 0.8455 0.8567 0.8276
28 0.8719 0.4274 0.8396 0.8570 0.8261
29 0.8581 0.4796 0.8232 0.8512 0.8194
30 0.8368 0.5301 0.7995 0.8351 0.8079
31 0.8660 0.4682 0.8311 0.8544 0.8234
32 0.8625 0.4784 0.8290 0.8581 0.8278
33 0.8774 0.4328 0.8457 0.8569 0.8303
34 0.8873 0.3944 0.8558 0.8608 0.8363
35 0.8898 0.4037 0.8596 0.8643 0.8394
36 0.8882 0.4125 0.8588 0.8613 0.8369
37 0.8915 0.4124 0.8598 0.8608 0.8367
38 0.8848 0.4860 0.8537 0.8666 0.8411
39 0.8763 0.5191 0.8427 0.8572 0.8313
40 0.8675 0.5704 0.8329 0.8457 0.8191
41 0.8780 0.5388 0.8465 0.8570 0.8268
42 0.8840 0.5111 0.8507 0.8541 0.8274
43 0.8848 0.5056 0.8543 0.8631 0.8375
44 0.8997 0.4538 0.8704 0.8648 0.8404
45 0.9029 0.4340 0.8733 0.8677 0.8436
46 0.9055 0.4478 0.8768 0.8647 0.8394
47 0.8983 0.4841 0.8702 0.8675 0.8427
48 0.8875 0.5399 0.8559 0.8593 0.8383
49 0.8789 0.6181 0.8481 0.8560 0.8286
50 0.8775 0.6314 0.8468 0.8503 0.8251
51 0.8775 0.6392 0.8468 0.8573 0.8302
52 0.8961 0.5440 0.8656 0.8597 0.8373
53 0.9022 0.5071 0.8736 0.8656 0.8413
54 0.9079 0.4854 0.8791 0.8670 0.8404
55 0.9109 0.4928 0.8838 0.8641 0.8404
56 0.9086 0.4920 0.8797 0.8708 0.8478
57 0.9015 0.5340 0.8731 0.8651 0.8421
58 0.9014 0.5741 0.8741 0.8675 0.8403
59 0.8896 0.6476 0.8600 0.8530 0.8294
60 0.8845 0.7072 0.8545 0.8519 0.8238
61 0.8933 0.6530 0.8629 0.8588 0.8337
62 0.9007 0.6003 0.8712 0.8662 0.8397
63 0.9108 0.5368 0.8852 0.8677 0.8400
64 0.9135 0.5138 0.8873 0.8670 0.8442
65 0.9196 0.4923 0.8933 0.8682 0.8452
66 0.9141 0.5254 0.8890 0.8673 0.8421
67 0.9105 0.5575 0.8834 0.8671 0.8460
68 0.9114 0.5841 0.8840 0.8643 0.8391
69 0.8940 0.7338 0.8653 0.8582 0.8267
70 0.8830 0.8334 0.8507 0.8618 0.8379
71 0.8934 0.7190 0.8632 0.8464 0.8255
72 0.9023 0.6958 0.8747 0.8671 0.8436
73 0.9095 0.6175 0.8812 0.8705 0.8481
74 0.9181 0.5713 0.8921 0.8672 0.8444
75 0.9152 0.5758 0.8914 0.8696 0.8474
76 0.9189 0.5601 0.8954 0.8686 0.8470
77 0.9190 0.5867 0.8942 0.8686 0.8472
78 0.9102 0.6626 0.8825 0.8560 0.8262
79 0.8946 0.7885 0.8663 0.8605 0.8357
80 0.8903 0.8350 0.8610 0.8371 0.8070
81 0.8961 0.8135 0.8641 0.8616 0.8375
82 0.9018 0.7386 0.8753 0.8644 0.8410
83 0.9113 0.6762 0.8850 0.8652 0.8406
84 0.9215 0.6135 0.8975 0.8692 0.8463
85 0.9223 0.5869 0.8969 0.8689 0.8451
86 0.9256 0.5720 0.9022 0.8716 0.8474
87 0.9190 0.6194 0.8955 0.8608 0.8383
88 0.9144 0.6808 0.8888 0.8649 0.8387
89 0.9054 0.8098 0.8780 0.8675 0.8387
90 0.8917 0.9459 0.8626 0.8555 0.8327
91 0.8957 0.8861 0.8670 0.8513 0.8268
92 0.9052 0.7952 0.8786 0.8628 0.8341
93 0.9166 0.7164 0.8913 0.8708 0.8454
94 0.9189 0.6938 0.8948 0.8700 0.8468
95 0.9229 0.6464 0.8974 0.8710 0.8486
96 0.9196 0.6780 0.8956 0.8715 0.8489
97 0.9225 0.6714 0.8982 0.8747 0.8518
98 0.9147 0.7360 0.8908 0.8639 0.8412
99 0.9066 0.8543 0.8783 0.8623 0.8367
100 0.9104 0.8284 0.8851 0.8633 0.8388
101 0.9174 0.7403 0.8919 0.8637 0.8435
102 0.9220 0.6988 0.8999 0.8683 0.8438
103 0.9242 0.6615 0.9010 0.8726 0.8492
104 0.9290 0.6440 0.9087 0.8754 0.8510
105 0.9283 0.6186 0.9077 0.8779 0.8531
106 0.9272 0.6267 0.9052 0.8742 0.8511
107 0.9324 0.5992 0.9122 0.8686 0.8447
108 0.9309 0.6268 0.9088 0.8728 0.8501
109 0.9246 0.6554 0.9036 0.8728 0.8506
110 0.9258 0.6784 0.9028 0.8755 0.8538
111 0.9244 0.6666 0.9020 0.8654 0.8448
112 0.9250 0.6547 0.9023 0.8659 0.8417
113 0.9311 0.6191 0.9105 0.8709 0.8488
114 0.9312 0.6123 0.9102 0.8720 0.8492
115 0.9323 0.5759 0.9140 0.8737 0.8520
116 0.9274 0.6054 0.9055 0.8764 0.8524
117 0.9297 0.5852 0.9108 0.8716 0.8501
118 0.9297 0.6032 0.9089 0.8737 0.8514
119 0.9294 0.6116 0.9087 0.8693 0.8471
120 0.9331 0.6184 0.9119 0.8666 0.8456
121 0.9262 0.6318 0.9069 0.8812 0.8566
122 0.9278 0.6278 0.9054 0.8727 0.8484
123 0.9318 0.6009 0.9104 0.8804 0.8570
124 0.9307 0.5903 0.9102 0.8797 0.8550
125 0.9346 0.5610 0.9146 0.8784 0.8536
126 0.9339 0.5606 0.9155 0.8730 0.8501
127 0.9305 0.5867 0.9104 0.8715 0.8495
128 0.9305 0.5875 0.9104 0.8704 0.8478
129 0.9300 0.6109 0.9079 0.8629 0.8370
130 0.9268 0.6572 0.9055 0.8749 0.8498
131 0.9307 0.6095 0.9099 0.8751 0.8514
132 0.9301 0.6111 0.9080 0.8773 0.8523
133 0.9310 0.5951 0.9118 0.8739 0.8534
134 0.9369 0.5456 0.9176 0.8749 0.8520
135 0.9379 0.5124 0.9194 0.8742 0.8513
136 0.9336 0.5667 0.9152 0.8700 0.8486
137 0.9321 0.5737 0.9131 0.8740 0.8493
138 0.9329 0.5768 0.9130 0.8754 0.8546
139 0.9352 0.5666 0.9181 0.8696 0.8468
140 0.9285 0.6100 0.9078 0.8689 0.8450
141 0.9351 0.5814 0.9148 0.8772 0.8544
142 0.9378 0.5593 0.9199 0.8767 0.8537
143 0.9349 0.5673 0.9168 0.8738 0.8532
144 0.9344 0.5555 0.9151 0.8742 0.8517
145 0.9344 0.5382 0.9153 0.8751 0.8523
146 0.9392 0.5139 0.9197 0.8745 0.8531
147 0.9374 0.5359 0.9185 0.8751 0.8519
148 0.9368 0.5301 0.9179 0.8768 0.8554
149 0.9319 0.5762 0.9132 0.8730 0.8505
150 0.9277 0.6118 0.9081 0.8717 0.8504
151 0.9303 0.5966 0.9111 0.8745 0.8505
152 0.9314 0.5914 0.9127 0.8742 0.8525
153 0.9375 0.5454 0.9178 0.8798 0.8590
154 0.9369 0.5363 0.9190 0.8755 0.8532
155 0.9395 0.5218 0.9211 0.8758 0.8540
156 0.9358 0.5359 0.9177 0.8751 0.8538
157 0.9377 0.5402 0.9193 0.8737 0.8523
158 0.9348 0.5697 0.9165 0.8721 0.8517
159 0.9317 0.5569 0.9119 0.8724 0.8530
160 0.9371 0.5476 0.9202 0.8754 0.8550
161 0.9407 0.4967 0.9235 0.8743 0.8549
162 0.9390 0.5084 0.9226 0.8750 0.8562
163 0.9388 0.5103 0.9223 0.8723 0.8523
164 0.9420 0.4970 0.9243 0.8746 0.8550
165 0.9391 0.4978 0.9223 0.8745 0.8549
166 0.9412 0.4936 0.9247 0.8742 0.8552
167 0.9378 0.5132 0.9208 0.8755 0.8564
168 0.9428 0.4756 0.9265 0.8713 0.8513
169 0.9435 0.4847 0.9289 0.8717 0.8517
170 0.9413 0.4844 0.9251 0.8726 0.8520
171 0.9400 0.4877 0.9230 0.8732 0.8535
172 0.9408 0.4905 0.9249 0.8745 0.8544
173 0.9434 0.4715 0.9280 0.8721 0.8532
174 0.9434 0.4730 0.9276 0.8731 0.8525
175 0.9419 0.4824 0.9247 0.8765 0.8560
176 0.9458 0.4524 0.9308 0.8759 0.8552
177 0.9403 0.4883 0.9244 0.8744 0.8537
178 0.9423 0.4750 0.9263 0.8780 0.8579
179 0.9414 0.4801 0.9259 0.8744 0.8512
180 0.9403 0.4840 0.9241 0.8817 0.8594
181 0.9422 0.4785 0.9257 0.8746 0.8525
182 0.9424 0.4687 0.9266 0.8760 0.8547
183 0.9419 0.4824 0.9266 0.8764 0.8550
184 0.9436 0.4726 0.9292 0.8754 0.8528
185 0.9445 0.4502 0.9318 0.8759 0.8538
186 0.9401 0.4949 0.9234 0.8750 0.8541
187 0.9423 0.4741 0.9286 0.8763 0.8554
188 0.9448 0.4507 0.9294 0.8774 0.8565
189 0.9476 0.4507 0.9327 0.8769 0.8540
190 0.9416 0.4698 0.9254 0.8758 0.8534
191 0.9430 0.4711 0.9277 0.8773 0.8571
192 0.9410 0.4763 0.9249 0.8779 0.8563
193 0.9433 0.4589 0.9280 0.8758 0.8552
194 0.9464 0.4486 0.9319 0.8757 0.8547
195 0.9421 0.4670 0.9259 0.8787 0.8581
196 0.9383 0.4865 0.9225 0.8756 0.8543
197 0.9447 0.4460 0.9325 0.8753 0.8544
198 0.9442 0.4808 0.9293 0.8762 0.8558
199 0.9437 0.4620 0.9286 0.8760 0.8558
