epoch train_iou train_loss train_mAP val_iou val_mAP
0 0.5745 0.1640 0.4961 0.6868 0.6263
1 0.7054 0.1505 0.6430 0.7464 0.6936
2 0.7111 0.1693 0.6576 0.7427 0.6875
3 0.7726 0.1737 0.7259 0.7686 0.7132
4 0.7955 0.1745 0.7490 0.8020 0.7549
5 0.8043 0.1863 0.7602 0.8230 0.7789
6 0.8137 0.1915 0.7753 0.8180 0.7785
7 0.8065 0.2245 0.7663 0.8066 0.7646
8 0.7911 0.2628 0.7502 0.7795 0.7374
9 0.7858 0.2890 0.7462 0.8076 0.7689
10 0.7862 0.3312 0.7443 0.7926 0.7550
11 0.8202 0.2913 0.7858 0.8225 0.7896
12 0.8294 0.2803 0.7934 0.8430 0.8096
13 0.8462 0.2804 0.8131 0.8459 0.8151
14 0.8651 0.2550 0.8341 0.8515 0.8232
15 0.8691 0.2615 0.8379 0.8558 0.8284
16 0.8713 0.2764 0.8424 0.8536 0.8265
17 0.8531 0.3224 0.8217 0.8388 0.8075
18 0.8398 0.3661 0.8036 0.8180 0.7899
19 0.8402 0.3784 0.8064 0.7948 0.7531
20 0.8393 0.4139 0.8076 0.8415 0.8079
21 0.8406 0.4001 0.8076 0.8479 0.8191
22 0.8542 0.3871 0.8213 0.8427 0.8115
23 0.8693 0.3526 0.8389 0.8549 0.8261
24 0.8840 0.3385 0.8554 0.8606 0.8351
25 0.8857 0.3282 0.8586 0.8649 0.8394
26 0.8860 0.3450 0.8607 0.8640 0.8374
27 0.8708 0.3966 0.8451 0.8580 0.8314
28 0.8726 0.4270 0.8480 0.8491 0.8201
29 0.8594 0.4749 0.8341 0.8400 0.8175
30 0.8589 0.4848 0.8288 0.8414 0.8154
31 0.8623 0.4903 0.8292 0.8627 0.8326
32 0.8686 0.4843 0.8402 0.8531 0.8239
33 0.8912 0.4081 0.8656 0.8627 0.8374
34 0.8884 0.4165 0.8635 0.8727 0.8480
35 0.8984 0.3949 0.8736 0.8739 0.8492
36 0.8939 0.4170 0.8673 0.8631 0.8383
37 0.8973 0.4166 0.8743 0.8701 0.8444
38 0.8829 0.4835 0.8552 0.8640 0.8359
39 0.8596 0.5914 0.8288 0.8578 0.8282
40 0.8639 0.5932 0.8388 0.8445 0.8186
41 0.8642 0.5928 0.8375 0.8477 0.8269
42 0.8831 0.5247 0.8557 0.8571 0.8291
43 0.8903 0.5034 0.8682 0.8697 0.8436
44 0.8907 0.4901 0.8665 0.8745 0.8500
45 0.9109 0.4278 0.8882 0.8737 0.8485
46 0.8943 0.4964 0.8706 0.8765 0.8522
47 0.9025 0.4844 0.8796 0.8703 0.8471
48 0.8895 0.5528 0.8632 0.8651 0.8409
49 0.8856 0.6101 0.8610 0.8568 0.8250
50 0.8674 0.7065 0.8394 0.8523 0.8270
51 0.8777 0.6639 0.8518 0.8624 0.8376
52 0.8857 0.6175 0.8601 0.8650 0.8376
53 0.8965 0.5628 0.8692 0.8681 0.8450
54 0.9001 0.5448 0.8752 0.8704 0.8487
55 0.9084 0.5095 0.8871 0.8730 0.8496
56 0.9031 0.5535 0.8802 0.8750 0.8529
57 0.9050 0.5449 0.8811 0.8707 0.8453
58 0.8867 0.6668 0.8609 0.8628 0.8385
59 0.8864 0.6913 0.8587 0.8444 0.8185
60 0.8810 0.7435 0.8577 0.8638 0.8396
61 0.8886 0.7128 0.8659 0.8626 0.8377
62 0.8996 0.6351 0.8779 0.8585 0.8304
63 0.8971 0.6347 0.8760 0.8712 0.8481
64 0.9074 0.5899 0.8860 0.8751 0.8531
65 0.9163 0.5267 0.8975 0.8774 0.8552
66 0.9178 0.5409 0.8992 0.8791 0.8552
67 0.9075 0.5974 0.8836 0.8735 0.8517
68 0.8949 0.6970 0.8722 0.8750 0.8503
69 0.8984 0.6937 0.8765 0.8734 0.8481
70 0.8857 0.7762 0.8608 0.8634 0.8386
71 0.8978 0.7428 0.8746 0.8638 0.8396
72 0.8957 0.7450 0.8722 0.8723 0.8499
73 0.9082 0.6489 0.8865 0.8742 0.8470
74 0.9102 0.6383 0.8891 0.8808 0.8570
75 0.9168 0.5825 0.8970 0.8772 0.8547
76 0.9163 0.5958 0.8974 0.8779 0.8551
77 0.9179 0.6179 0.8964 0.8725 0.8525
78 0.9101 0.6638 0.8882 0.8705 0.8473
79 0.9014 0.7542 0.8787 0.8763 0.8496
80 0.8940 0.8385 0.8678 0.8718 0.8462
81 0.8950 0.8193 0.8696 0.8762 0.8556
82 0.9042 0.7301 0.8825 0.8696 0.8500
83 0.9105 0.7034 0.8893 0.8813 0.8575
84 0.9136 0.6647 0.8932 0.8803 0.8556
85 0.9177 0.6522 0.8979 0.8809 0.8581
86 0.9088 0.7045 0.8868 0.8790 0.8529
87 0.9115 0.7083 0.8893 0.8801 0.8567
88 0.8994 0.8426 0.8783 0.8686 0.8435
89 0.8995 0.8286 0.8746 0.8755 0.8518
90 0.8945 0.8931 0.8694 0.8637 0.8429
91 0.9083 0.7981 0.8877 0.8736 0.8490
92 0.9129 0.7353 0.8912 0.8665 0.8410
93 0.9105 0.7771 0.8900 0.8800 0.8569
94 0.9171 0.7269 0.8950 0.8806 0.8610
95 0.9244 0.6655 0.9079 0.8810 0.8611
96 0.9208 0.6986 0.9004 0.8784 0.8581
97 0.9195 0.7526 0.8994 0.8812 0.8534
98 0.9119 0.7883 0.8927 0.8796 0.8577
99 0.9036 0.8902 0.8824 0.8784 0.8532
100 0.9110 0.8482 0.8901 0.8743 0.8533
101 0.9225 0.7259 0.9026 0.8851 0.8604
102 0.9212 0.7256 0.9022 0.8787 0.8587
103 0.9209 0.7274 0.9009 0.8861 0.8643
104 0.9174 0.7281 0.8967 0.8855 0.8630
105 0.9262 0.6838 0.9057 0.8854 0.8624
106 0.9268 0.6561 0.9059 0.8881 0.8641
107 0.9264 0.6883 0.9052 0.8850 0.8620
108 0.9270 0.6531 0.9074 0.8877 0.8639
109 0.9180 0.7487 0.8970 0.8817 0.8585
110 0.9167 0.7603 0.8981 0.8729 0.8484
111 0.9189 0.7336 0.8997 0.8798 0.8565
112 0.9242 0.6777 0.9063 0.8842 0.8600
113 0.9245 0.6786 0.9060 0.8824 0.8582
114 0.9296 0.6614 0.9107 0.8812 0.8594
115 0.9330 0.5977 0.9143 0.8839 0.8620
116 0.9330 0.5790 0.9162 0.8872 0.8647
117 0.9281 0.6481 0.9108 0.8845 0.8612
118 0.9324 0.6382 0.9147 0.8800 0.8565
119 0.9195 0.6981 0.8985 0.8847 0.8590
120 0.9145 0.7717 0.8921 0.8846 0.8586
121 0.9241 0.6870 0.9061 0.8810 0.8576
122 0.9206 0.6901 0.9016 0.8821 0.8585
123 0.9211 0.7125 0.8993 0.8879 0.8634
124 0.9246 0.6970 0.9052 0.8870 0.8650
125 0.9284 0.6299 0.9112 0.8906 0.8684
126 0.9354 0.5861 0.9170 0.8923 0.8685
127 0.9252 0.6690 0.9057 0.8889 0.8655
128 0.9306 0.6349 0.9121 0.8823 0.8591
129 0.9223 0.6921 0.9048 0.8862 0.8644
130 0.9151 0.7421 0.8952 0.8831 0.8591
131 0.9184 0.7233 0.8986 0.8833 0.8623
132 0.9309 0.6319 0.9139 0.8885 0.8665
133 0.9335 0.5964 0.9174 0.8912 0.8689
134 0.9274 0.6407 0.9107 0.8933 0.8714
135 0.9319 0.6175 0.9137 0.8926 0.8706
136 0.9288 0.6300 0.9107 0.8906 0.8694
137 0.9270 0.6459 0.9108 0.8892 0.8665
138 0.9268 0.6476 0.9099 0.8888 0.8659
139 0.9254 0.6639 0.9078 0.8856 0.8636
140 0.9202 0.7281 0.9010 0.8766 0.8536
141 0.9192 0.7546 0.8996 0.8860 0.8644
142 0.9237 0.6741 0.9043 0.8862 0.8652
143 0.9350 0.5965 0.9192 0.8872 0.8669
144 0.9317 0.6050 0.9147 0.8856 0.8650
145 0.9289 0.6347 0.9108 0.8856 0.8647
146 0.9274 0.6119 0.9091 0.8880 0.8675
147 0.9319 0.6073 0.9135 0.8816 0.8617
148 0.9308 0.6151 0.9140 0.8917 0.8694
149 0.9269 0.6656 0.9073 0.8879 0.8638
150 0.9238 0.6943 0.9044 0.8858 0.8636
151 0.9241 0.6572 0.9080 0.8738 0.8522
152 0.9278 0.6399 0.9085 0.8878 0.8641
153 0.9296 0.6264 0.9101 0.8889 0.8686
154 0.9309 0.6080 0.9143 0.8888 0.8673
155 0.9265 0.6349 0.9091 0.8905 0.8691
156 0.9345 0.5771 0.9184 0.8920 0.8711
157 0.9281 0.6259 0.9096 0.8850 0.8646
158 0.9288 0.6183 0.9116 0.8912 0.8699
159 0.9259 0.6375 0.9072 0.8878 0.8652
160 0.9241 0.6499 0.9061 0.8909 0.8695
161 0.9302 0.6079 0.9138 0.8900 0.8666
162 0.9352 0.5784 0.9188 0.8918 0.8700
163 0.9380 0.5346 0.9227 0.8936 0.8705
164 0.9339 0.5691 0.9173 0.8950 0.8730
165 0.9340 0.5737 0.9182 0.8914 0.8686
166 0.9373 0.5507 0.9212 0.8946 0.8729
167 0.9366 0.5521 0.9193 0.8957 0.8725
168 0.9385 0.5440 0.9227 0.8963 0.8750
169 0.9364 0.5562 0.9191 0.8940 0.8743
170 0.9414 0.5129 0.9276 0.8951 0.8753
171 0.9321 0.5988 0.9155 0.8974 0.8770
172 0.9332 0.5809 0.9167 0.8935 0.8722
173 0.9359 0.5536 0.9208 0.8957 0.8729
174 0.9360 0.5672 0.9178 0.8955 0.8739
175 0.9385 0.5437 0.9238 0.8950 0.8746
176 0.9338 0.5816 0.9166 0.8946 0.8731
177 0.9355 0.5551 0.9196 0.8945 0.8704
178 0.9350 0.5390 0.9197 0.8970 0.8749
179 0.9295 0.5776 0.9131 0.8925 0.8702
180 0.9379 0.5322 0.9202 0.8927 0.8702
181 0.9357 0.5618 0.9187 0.8921 0.8723
182 0.9341 0.5524 0.9174 0.8934 0.8726
183 0.9383 0.5312 0.9228 0.8967 0.8757
184 0.9354 0.5630 0.9176 0.8954 0.8744
185 0.9367 0.5444 0.9196 0.8965 0.8746
186 0.9422 0.4946 0.9266 0.8958 0.8741
187 0.9377 0.5301 0.9239 0.8957 0.8740
188 0.9388 0.5336 0.9239 0.8944 0.8744
189 0.9415 0.5224 0.9286 0.8941 0.8734
190 0.9397 0.5284 0.9229 0.8972 0.8751
191 0.9425 0.4916 0.9291 0.8961 0.8749
192 0.9424 0.5070 0.9283 0.8941 0.8727
193 0.9413 0.4956 0.9250 0.8911 0.8700
194 0.9401 0.5091 0.9238 0.8953 0.8734
195 0.9404 0.5161 0.9253 0.8952 0.8730
196 0.9380 0.5358 0.9237 0.8922 0.8711
197 0.9366 0.5407 0.9201 0.8930 0.8719
198 0.9375 0.5231 0.9217 0.8931 0.8707
199 0.9295 0.5837 0.9110 0.8944 0.8740
