epoch train_iou train_loss train_mAP val_iou val_mAP
0 0.6142 3.0761 0.5440 0.7129 0.6555
1 0.7299 2.4805 0.6799 0.7684 0.7271
2 0.7570 2.7659 0.7110 0.7921 0.7445
3 0.7930 2.7195 0.7500 0.7968 0.7564
4 0.8132 2.7552 0.7733 0.8207 0.7792
5 0.8240 2.9513 0.7838 0.8253 0.7840
6 0.8209 3.3181 0.7813 0.8220 0.7826
7 0.8189 3.7509 0.7815 0.8217 0.7851
8 0.8198 4.1890 0.7813 0.8269 0.7949
9 0.8193 4.4394 0.7810 0.8231 0.7790
10 0.8246 4.7422 0.7852 0.8304 0.7905
11 0.8303 4.9542 0.7920 0.8260 0.7941
12 0.8524 4.4514 0.8169 0.8404 0.8034
13 0.8592 4.3526 0.8286 0.8411 0.8089
14 0.8706 4.2669 0.8381 0.8519 0.8180
15 0.8804 4.2215 0.8498 0.8551 0.8207
16 0.8783 4.6063 0.8482 0.8479 0.8156
17 0.8706 4.9794 0.8385 0.8492 0.8150
18 0.8603 5.6189 0.8269 0.8500 0.8165
19 0.8583 5.8944 0.8246 0.8528 0.8162
20 0.8586 6.3608 0.8251 0.8480 0.8084
21 0.8611 6.2371 0.8281 0.8426 0.8050
22 0.8778 5.6702 0.8467 0.8487 0.8154
23 0.8836 5.7793 0.8540 0.8550 0.8225
24 0.8955 5.2039 0.8665 0.8564 0.8239
25 0.8963 5.2093 0.8690 0.8567 0.8244
26 0.9001 5.3579 0.8711 0.8571 0.8256
27 0.8910 5.9262 0.8622 0.8591 0.8267
28 0.8856 6.4899 0.8578 0.8518 0.8150
29 0.8884 6.7459 0.8567 0.8580 0.8265
30 0.8791 7.7473 0.8475 0.8536 0.8204
31 0.8787 7.4597 0.8472 0.8525 0.8201
32 0.8940 6.5867 0.8625 0.8589 0.8280
33 0.9003 6.6516 0.8714 0.8674 0.8379
34 0.9069 6.1951 0.8783 0.8638 0.8356
35 0.9119 6.0836 0.8842 0.8655 0.8360
36 0.9060 6.4155 0.8788 0.8654 0.8381
37 0.9109 6.5121 0.8836 0.8590 0.8329
38 0.8977 7.3413 0.8691 0.8600 0.8289
39 0.8919 8.0396 0.8650 0.8630 0.8319
40 0.8880 8.9196 0.8591 0.8566 0.8285
41 0.8943 8.4411 0.8665 0.8663 0.8336
42 0.8981 8.1188 0.8707 0.8575 0.8280
43 0.9041 7.7705 0.8758 0.8615 0.8332
44 0.9147 7.0517 0.8884 0.8703 0.8394
45 0.9163 7.1499 0.8912 0.8678 0.8365
46 0.9174 7.0736 0.8927 0.8706 0.8419
47 0.9159 7.2818 0.8906 0.8675 0.8372
48 0.9106 8.0448 0.8832 0.8599 0.8324
49 0.9084 8.7670 0.8799 0.8643 0.8371
50 0.8977 9.8183 0.8707 0.8388 0.8058
51 0.9007 9.2835 0.8740 0.8608 0.8298
52 0.9038 8.8283 0.8767 0.8658 0.8378
53 0.9147 7.8535 0.8926 0.8710 0.8421
54 0.9175 7.3177 0.8940 0.8690 0.8390
55 0.9234 6.8770 0.9020 0.8707 0.8419
56 0.9234 6.8290 0.8989 0.8724 0.8438
57 0.9233 6.9649 0.9005 0.8714 0.8425
58 0.9143 7.8756 0.8906 0.8712 0.8427
59 0.9079 8.4578 0.8828 0.8651 0.8377
60 0.9015 9.5415 0.8739 0.8380 0.8060
61 0.9038 9.0185 0.8782 0.8691 0.8420
62 0.9157 8.0249 0.8900 0.8648 0.8399
63 0.9184 7.2622 0.8957 0.8694 0.8440
64 0.9240 6.8236 0.9023 0.8710 0.8456
65 0.9255 6.6621 0.9037 0.8728 0.8471
66 0.9230 6.7203 0.9001 0.8726 0.8494
67 0.9252 6.7676 0.9022 0.8690 0.8439
68 0.9202 7.2058 0.8970 0.8663 0.8405
69 0.9131 8.0748 0.8875 0.8662 0.8406
70 0.9119 8.0088 0.8870 0.8633 0.8310
71 0.9153 8.0502 0.8904 0.8665 0.8395
72 0.9197 7.3574 0.8943 0.8752 0.8487
73 0.9297 6.4087 0.9080 0.8653 0.8401
74 0.9254 6.5152 0.9030 0.8756 0.8516
75 0.9330 6.1465 0.9127 0.8742 0.8496
76 0.9315 6.1254 0.9114 0.8691 0.8405
77 0.9297 6.3133 0.9102 0.8757 0.8507
78 0.9261 6.6986 0.9058 0.8664 0.8388
79 0.9205 7.4458 0.8971 0.8631 0.8339
80 0.9108 8.5589 0.8838 0.8678 0.8402
81 0.9122 8.0558 0.8875 0.8729 0.8407
82 0.9217 7.4262 0.8998 0.8694 0.8424
83 0.9280 6.5782 0.9066 0.8718 0.8456
84 0.9296 6.2589 0.9093 0.8797 0.8535
85 0.9315 6.1857 0.9100 0.8819 0.8561
86 0.9343 5.8478 0.9149 0.8767 0.8504
87 0.9338 6.1429 0.9142 0.8710 0.8454
88 0.9313 6.2894 0.9107 0.8770 0.8499
89 0.9230 6.8634 0.9012 0.8679 0.8390
90 0.9115 8.0050 0.8874 0.8629 0.8292
91 0.9193 7.5214 0.8977 0.8691 0.8414
92 0.9247 6.9197 0.9030 0.8706 0.8451
93 0.9255 6.8910 0.9039 0.8686 0.8415
94 0.9351 6.0368 0.9150 0.8716 0.8462
95 0.9359 5.7464 0.9178 0.8708 0.8459
96 0.9364 5.7375 0.9174 0.8690 0.8453
97 0.9364 5.6786 0.9190 0.8733 0.8469
98 0.9302 6.2718 0.9107 0.8708 0.8447
99 0.9189 7.2772 0.8959 0.8681 0.8415
100 0.9295 6.4133 0.9077 0.8746 0.8497
101 0.9373 5.5107 0.9196 0.8666 0.8400
102 0.9369 5.6151 0.9192 0.8686 0.8434
103 0.9361 5.5764 0.9182 0.8711 0.8470
104 0.9379 5.3575 0.9203 0.8705 0.8462
105 0.9401 5.3481 0.9226 0.8734 0.8484
106 0.9403 5.4226 0.9240 0.8706 0.8449
107 0.9396 5.6077 0.9227 0.8669 0.8425
108 0.9364 5.5776 0.9183 0.8727 0.8441
109 0.9373 5.4184 0.9213 0.8685 0.8421
110 0.9371 5.5579 0.9206 0.8665 0.8401
111 0.9397 5.4005 0.9227 0.8705 0.8444
112 0.9365 5.5944 0.9196 0.8698 0.8435
113 0.9371 5.4000 0.9207 0.8677 0.8421
114 0.9409 5.1127 0.9238 0.8729 0.8486
115 0.9423 5.0433 0.9277 0.8718 0.8467
116 0.9392 5.2654 0.9224 0.8756 0.8492
117 0.9393 5.0253 0.9233 0.8709 0.8460
118 0.9394 5.3079 0.9223 0.8690 0.8384
119 0.9435 5.0702 0.9292 0.8751 0.8485
120 0.9362 5.5696 0.9194 0.8659 0.8394
121 0.9369 5.6670 0.9197 0.8680 0.8430
122 0.9373 5.3867 0.9210 0.8741 0.8491
123 0.9419 5.1459 0.9261 0.8757 0.8492
124 0.9411 5.1262 0.9259 0.8687 0.8445
125 0.9427 4.9234 0.9265 0.8741 0.8489
126 0.9430 4.8331 0.9273 0.8729 0.8456
127 0.9424 5.0529 0.9263 0.8757 0.8464
128 0.9436 4.8004 0.9282 0.8722 0.8465
129 0.9405 5.3357 0.9247 0.8710 0.8442
130 0.9373 5.4894 0.9198 0.8686 0.8415
131 0.9413 5.0463 0.9260 0.8674 0.8414
132 0.9422 4.9294 0.9271 0.8683 0.8441
133 0.9465 4.6641 0.9327 0.8696 0.8471
134 0.9436 4.9180 0.9299 0.8713 0.8464
135 0.9451 4.6771 0.9319 0.8724 0.8475
136 0.9459 4.6578 0.9327 0.8740 0.8478
137 0.9486 4.5285 0.9336 0.8708 0.8475
138 0.9403 4.8676 0.9266 0.8755 0.8468
139 0.9430 4.8378 0.9302 0.8721 0.8475
140 0.9389 5.4807 0.9237 0.8713 0.8406
141 0.9419 5.0713 0.9282 0.8679 0.8401
142 0.9405 5.0559 0.9249 0.8691 0.8423
143 0.9415 5.0257 0.9272 0.8718 0.8472
144 0.9459 4.6513 0.9323 0.8756 0.8507
145 0.9488 4.3675 0.9350 0.8732 0.8481
146 0.9487 4.3703 0.9354 0.8727 0.8487
147 0.9452 4.7047 0.9302 0.8764 0.8510
148 0.9454 4.6967 0.9306 0.8759 0.8519
149 0.9439 4.9305 0.9289 0.8688 0.8459
150 0.9440 4.9103 0.9305 0.8712 0.8449
151 0.9435 4.9222 0.9292 0.8607 0.8359
152 0.9442 4.9457 0.9305 0.8762 0.8488
153 0.9479 4.5313 0.9343 0.8716 0.8470
154 0.9481 4.5978 0.9358 0.8725 0.8470
155 0.9498 4.4307 0.9359 0.8693 0.8440
156 0.9482 4.3765 0.9359 0.8754 0.8474
157 0.9489 4.2846 0.9358 0.8721 0.8460
158 0.9498 4.3721 0.9367 0.8773 0.8481
159 0.9475 4.5021 0.9343 0.8740 0.8479
160 0.9484 4.3596 0.9347 0.8752 0.8509
161 0.9455 4.5473 0.9331 0.8783 0.8526
162 0.9504 4.1769 0.9389 0.8814 0.8539
163 0.9495 4.2081 0.9379 0.8743 0.8494
164 0.9503 4.1248 0.9372 0.8748 0.8494
165 0.9504 4.2314 0.9385 0.8751 0.8501
166 0.9442 4.5540 0.9305 0.8792 0.8525
167 0.9516 4.2316 0.9393 0.8798 0.8546
168 0.9502 4.2228 0.9383 0.8789 0.8514
169 0.9498 4.0451 0.9386 0.8783 0.8500
170 0.9501 4.1567 0.9382 0.8753 0.8499
171 0.9512 4.0933 0.9400 0.8736 0.8489
172 0.9500 4.1205 0.9383 0.8767 0.8506
173 0.9489 4.1134 0.9376 0.8751 0.8500
174 0.9521 4.0589 0.9412 0.8736 0.8485
175 0.9504 4.0996 0.9390 0.8766 0.8503
176 0.9512 4.0639 0.9398 0.8725 0.8479
177 0.9525 3.9601 0.9409 0.8760 0.8494
178 0.9492 4.2443 0.9367 0.8742 0.8503
179 0.9525 3.9200 0.9416 0.8757 0.8511
180 0.9506 4.0811 0.9402 0.8748 0.8503
181 0.9528 4.0420 0.9407 0.8792 0.8532
182 0.9540 3.8785 0.9424 0.8780 0.8509
183 0.9549 3.7715 0.9447 0.8808 0.8555
184 0.9515 3.9692 0.9397 0.8793 0.8544
185 0.9498 4.0750 0.9391 0.8778 0.8518
186 0.9483 4.1524 0.9358 0.8767 0.8496
187 0.9461 4.3659 0.9336 0.8781 0.8526
188 0.9525 3.9414 0.9421 0.8793 0.8521
189 0.9483 4.2294 0.9364 0.8786 0.8520
190 0.9501 4.1362 0.9382 0.8756 0.8479
191 0.9510 4.1750 0.9388 0.8762 0.8525
192 0.9556 3.7846 0.9447 0.8781 0.8529
193 0.9514 3.9671 0.9416 0.8796 0.8554
194 0.9530 3.8848 0.9434 0.8760 0.8503
195 0.9518 4.0280 0.9403 0.8783 0.8520
196 0.9527 3.8119 0.9414 0.8768 0.8515
197 0.9502 4.1244 0.9394 0.8747 0.8468
198 0.9515 3.9075 0.9418 0.8758 0.8509
199 0.9528 3.9158 0.9427 0.8782 0.8509
