epoch train_iou train_loss train_mAP val_iou val_mAP
0 0.6279 0.1543 0.5573 0.7135 0.6505
1 0.7030 0.1515 0.6475 0.7719 0.7269
2 0.7471 0.1553 0.7012 0.7737 0.7296
3 0.7922 0.1543 0.7513 0.8147 0.7735
4 0.8130 0.1539 0.7753 0.8261 0.7870
5 0.8245 0.1625 0.7869 0.8358 0.7982
6 0.8296 0.1811 0.7965 0.8324 0.7969
7 0.8046 0.2191 0.7652 0.8309 0.7939
8 0.7994 0.2585 0.7592 0.8247 0.7816
9 0.8019 0.2702 0.7589 0.8242 0.7857
10 0.7987 0.3127 0.7557 0.8332 0.7980
11 0.8114 0.3029 0.7743 0.8270 0.7890
12 0.8336 0.2806 0.7985 0.8356 0.8046
13 0.8520 0.2604 0.8183 0.8396 0.8056
14 0.8670 0.2474 0.8358 0.8574 0.8289
15 0.8732 0.2401 0.8445 0.8587 0.8282
16 0.8701 0.2497 0.8384 0.8508 0.8210
17 0.8656 0.2865 0.8330 0.8492 0.8171
18 0.8607 0.3277 0.8272 0.8425 0.8100
19 0.8527 0.3484 0.8172 0.8526 0.8192
20 0.8424 0.3974 0.8100 0.8439 0.8166
21 0.8515 0.3828 0.8183 0.8400 0.8091
22 0.8644 0.3548 0.8325 0.8480 0.8190
23 0.8698 0.3304 0.8406 0.8534 0.8240
24 0.8902 0.2944 0.8628 0.8623 0.8340
25 0.8907 0.2939 0.8609 0.8622 0.8351
26 0.8975 0.2867 0.8696 0.8603 0.8317
27 0.8902 0.3385 0.8617 0.8633 0.8346
28 0.8839 0.3592 0.8560 0.8506 0.8225
29 0.8687 0.4177 0.8372 0.8437 0.8109
30 0.8594 0.4796 0.8230 0.8546 0.8170
31 0.8788 0.4307 0.8482 0.8593 0.8260
32 0.8857 0.3994 0.8580 0.8502 0.8214
33 0.8894 0.3861 0.8605 0.8625 0.8366
34 0.9016 0.3433 0.8750 0.8670 0.8409
35 0.9103 0.3189 0.8830 0.8657 0.8411
36 0.9064 0.3493 0.8781 0.8657 0.8381
37 0.9049 0.3594 0.8770 0.8569 0.8324
38 0.8913 0.4124 0.8612 0.8547 0.8246
39 0.8883 0.4805 0.8564 0.8500 0.8214
40 0.8750 0.5488 0.8440 0.8389 0.8060
41 0.8888 0.4873 0.8615 0.8639 0.8365
42 0.8999 0.4314 0.8722 0.8556 0.8332
43 0.9089 0.3951 0.8810 0.8590 0.8338
44 0.9076 0.3909 0.8814 0.8609 0.8347
45 0.9158 0.3756 0.8881 0.8610 0.8365
46 0.9162 0.3740 0.8914 0.8676 0.8435
47 0.9143 0.4046 0.8864 0.8646 0.8406
48 0.9059 0.4392 0.8784 0.8593 0.8322
49 0.8907 0.5524 0.8627 0.8465 0.8194
50 0.8811 0.6107 0.8521 0.8622 0.8324
51 0.8913 0.5603 0.8630 0.8598 0.8326
52 0.9013 0.4866 0.8737 0.8608 0.8369
53 0.9089 0.4703 0.8818 0.8639 0.8406
54 0.9152 0.4248 0.8898 0.8683 0.8453
55 0.9177 0.4240 0.8929 0.8687 0.8466
56 0.9201 0.4266 0.8956 0.8667 0.8416
57 0.9166 0.4583 0.8907 0.8619 0.8384
58 0.9101 0.4985 0.8839 0.8595 0.8349
59 0.9031 0.5655 0.8761 0.8524 0.8280
60 0.8982 0.6427 0.8697 0.8222 0.7955
61 0.8998 0.6256 0.8721 0.8549 0.8282
62 0.9099 0.5392 0.8848 0.8629 0.8372
63 0.9140 0.5127 0.8883 0.8621 0.8355
64 0.9219 0.4570 0.8999 0.8715 0.8474
65 0.9285 0.4339 0.9054 0.8695 0.8457
66 0.9235 0.4645 0.8995 0.8723 0.8491
67 0.9202 0.4911 0.8970 0.8573 0.8307
68 0.9163 0.5321 0.8939 0.8683 0.8438
69 0.9004 0.6695 0.8717 0.8599 0.8305
70 0.8947 0.7271 0.8671 0.8526 0.8255
71 0.9040 0.6302 0.8767 0.8598 0.8369
72 0.9089 0.6071 0.8838 0.8604 0.8355
73 0.9231 0.5132 0.9009 0.8678 0.8440
74 0.9284 0.4912 0.9070 0.8688 0.8445
75 0.9292 0.4960 0.9079 0.8699 0.8475
76 0.9267 0.5048 0.9042 0.8717 0.8479
77 0.9234 0.5357 0.8993 0.8673 0.8411
78 0.9217 0.5599 0.8988 0.8605 0.8330
79 0.9034 0.7352 0.8785 0.8624 0.8377
80 0.8991 0.7603 0.8721 0.8437 0.8165
81 0.9110 0.6921 0.8851 0.8464 0.8236
82 0.9095 0.6684 0.8844 0.8640 0.8401
83 0.9204 0.5803 0.8964 0.8657 0.8404
84 0.9312 0.5199 0.9087 0.8675 0.8424
85 0.9275 0.5267 0.9055 0.8655 0.8406
86 0.9309 0.5227 0.9108 0.8653 0.8405
87 0.9288 0.5529 0.9062 0.8717 0.8469
88 0.9214 0.6311 0.8993 0.8594 0.8343
89 0.9150 0.6905 0.8912 0.8542 0.8248
90 0.9049 0.8053 0.8792 0.8624 0.8341
91 0.9068 0.7894 0.8803 0.8694 0.8430
92 0.9181 0.6705 0.8967 0.8650 0.8386
93 0.9252 0.6188 0.9021 0.8692 0.8441
94 0.9332 0.5683 0.9133 0.8767 0.8519
95 0.9325 0.5629 0.9126 0.8776 0.8534
96 0.9302 0.5654 0.9113 0.8732 0.8496
97 0.9319 0.5978 0.9109 0.8710 0.8465
98 0.9222 0.6836 0.9013 0.8707 0.8443
99 0.9164 0.7327 0.8946 0.8585 0.8305
100 0.9158 0.7537 0.8927 0.8708 0.8455
101 0.9262 0.6418 0.9061 0.8732 0.8461
102 0.9347 0.5789 0.9162 0.8680 0.8426
103 0.9333 0.5813 0.9126 0.8712 0.8443
104 0.9346 0.5593 0.9154 0.8757 0.8502
105 0.9372 0.5504 0.9204 0.8771 0.8511
106 0.9368 0.5333 0.9187 0.8776 0.8504
107 0.9381 0.5323 0.9190 0.8737 0.8473
108 0.9357 0.5522 0.9176 0.8649 0.8420
109 0.9336 0.5741 0.9130 0.8682 0.8413
110 0.9321 0.5846 0.9138 0.8702 0.8466
111 0.9325 0.5901 0.9137 0.8684 0.8447
112 0.9358 0.5617 0.9172 0.8731 0.8477
113 0.9407 0.5141 0.9233 0.8754 0.8534
114 0.9408 0.5095 0.9249 0.8764 0.8524
115 0.9416 0.4958 0.9237 0.8754 0.8511
116 0.9394 0.5137 0.9222 0.8746 0.8526
117 0.9404 0.5112 0.9223 0.8717 0.8518
118 0.9382 0.5299 0.9196 0.8741 0.8510
119 0.9391 0.5322 0.9213 0.8749 0.8520
120 0.9277 0.6297 0.9064 0.8735 0.8494
121 0.9347 0.5763 0.9169 0.8778 0.8539
122 0.9377 0.5344 0.9206 0.8718 0.8496
123 0.9410 0.5084 0.9230 0.8725 0.8490
124 0.9443 0.4943 0.9289 0.8730 0.8506
125 0.9443 0.4639 0.9293 0.8715 0.8485
126 0.9466 0.4558 0.9303 0.8751 0.8533
127 0.9433 0.4773 0.9288 0.8748 0.8543
128 0.9418 0.5015 0.9256 0.8771 0.8539
129 0.9355 0.5368 0.9186 0.8766 0.8497
130 0.9347 0.5605 0.9144 0.8745 0.8492
131 0.9378 0.5474 0.9194 0.8708 0.8460
132 0.9409 0.5074 0.9245 0.8752 0.8521
133 0.9425 0.5098 0.9268 0.8722 0.8489
134 0.9415 0.4931 0.9264 0.8741 0.8512
135 0.9422 0.4731 0.9265 0.8758 0.8539
136 0.9447 0.4719 0.9294 0.8769 0.8541
137 0.9411 0.4935 0.9247 0.8796 0.8562
138 0.9428 0.4876 0.9284 0.8806 0.8566
139 0.9423 0.4805 0.9269 0.8795 0.8560
140 0.9318 0.6130 0.9127 0.8592 0.8401
141 0.9327 0.5948 0.9149 0.8749 0.8526
142 0.9406 0.5205 0.9239 0.8756 0.8516
143 0.9462 0.4651 0.9313 0.8772 0.8545
144 0.9471 0.4598 0.9332 0.8743 0.8519
145 0.9463 0.4581 0.9323 0.8761 0.8531
146 0.9443 0.4568 0.9301 0.8756 0.8534
147 0.9472 0.4545 0.9324 0.8791 0.8549
148 0.9425 0.4809 0.9267 0.8773 0.8532
149 0.9418 0.4875 0.9257 0.8806 0.8584
150 0.9382 0.5284 0.9229 0.8753 0.8493
151 0.9388 0.5226 0.9225 0.8744 0.8501
152 0.9412 0.4978 0.9250 0.8766 0.8537
153 0.9466 0.4618 0.9320 0.8788 0.8577
154 0.9466 0.4519 0.9306 0.8771 0.8549
155 0.9487 0.4352 0.9341 0.8772 0.8556
156 0.9491 0.4252 0.9343 0.8788 0.8550
157 0.9455 0.4560 0.9309 0.8752 0.8504
158 0.9469 0.4414 0.9337 0.8727 0.8490
159 0.9467 0.4516 0.9321 0.8707 0.8499
160 0.9472 0.4365 0.9335 0.8764 0.8540
161 0.9520 0.4216 0.9386 0.8789 0.8571
162 0.9487 0.4287 0.9343 0.8785 0.8554
163 0.9519 0.4033 0.9395 0.8776 0.8560
164 0.9504 0.4210 0.9366 0.8792 0.8593
165 0.9494 0.4137 0.9366 0.8797 0.8590
166 0.9501 0.4153 0.9389 0.8776 0.8558
167 0.9515 0.3947 0.9407 0.8779 0.8569
168 0.9532 0.4060 0.9412 0.8744 0.8526
169 0.9478 0.4264 0.9344 0.8773 0.8539
170 0.9494 0.4156 0.9366 0.8789 0.8540
171 0.9509 0.4106 0.9377 0.8785 0.8564
172 0.9519 0.4063 0.9385 0.8763 0.8543
173 0.9527 0.3965 0.9407 0.8768 0.8537
174 0.9527 0.3917 0.9410 0.8770 0.8549
175 0.9525 0.3979 0.9389 0.8773 0.8553
176 0.9544 0.3839 0.9418 0.8770 0.8555
177 0.9517 0.4012 0.9391 0.8758 0.8539
178 0.9521 0.3894 0.9406 0.8771 0.8554
179 0.9527 0.3864 0.9413 0.8776 0.8551
180 0.9527 0.4048 0.9425 0.8782 0.8547
181 0.9519 0.4041 0.9383 0.8787 0.8587
182 0.9528 0.3939 0.9405 0.8773 0.8562
183 0.9518 0.3886 0.9396 0.8777 0.8556
184 0.9514 0.4018 0.9392 0.8777 0.8558
185 0.9536 0.3717 0.9419 0.8774 0.8544
186 0.9529 0.3815 0.9415 0.8786 0.8571
187 0.9523 0.4075 0.9393 0.8782 0.8564
188 0.9509 0.4131 0.9370 0.8790 0.8556
189 0.9517 0.3937 0.9390 0.8742 0.8507
190 0.9512 0.3939 0.9395 0.8766 0.8533
191 0.9500 0.4049 0.9376 0.8766 0.8534
192 0.9539 0.3950 0.9417 0.8749 0.8540
193 0.9513 0.3908 0.9398 0.8754 0.8516
194 0.9534 0.3926 0.9398 0.8748 0.8525
195 0.9535 0.3811 0.9409 0.8755 0.8526
196 0.9540 0.3745 0.9421 0.8751 0.8514
197 0.9563 0.3666 0.9439 0.8765 0.8522
198 0.9555 0.3712 0.9445 0.8758 0.8528
199 0.9542 0.3779 0.9422 0.8764 0.8536
