epoch train_iou train_loss train_mAP val_iou val_mAP
0 0.6173 0.3143 0.5423 0.7181 0.6599
1 0.7406 0.2399 0.6842 0.7669 0.7172
2 0.7721 0.2693 0.7243 0.7898 0.7514
3 0.8035 0.2734 0.7632 0.7706 0.7222
4 0.7830 0.3371 0.7389 0.8064 0.7650
5 0.8229 0.3191 0.7823 0.8083 0.7757
6 0.8214 0.3375 0.7815 0.8285 0.7937
7 0.8341 0.3583 0.7987 0.8269 0.7944
8 0.8392 0.3712 0.8034 0.8327 0.7956
9 0.8422 0.3937 0.8076 0.8478 0.8150
10 0.8359 0.4305 0.8002 0.8450 0.8143
11 0.8473 0.4307 0.8132 0.8392 0.8079
12 0.8555 0.4278 0.8222 0.8410 0.8057
13 0.8523 0.4823 0.8216 0.8358 0.8036
14 0.8461 0.5232 0.8115 0.8343 0.8006
15 0.8611 0.4876 0.8286 0.8380 0.8108
16 0.8617 0.5039 0.8273 0.8466 0.8182
17 0.8649 0.5319 0.8335 0.8464 0.8140
18 0.8687 0.5552 0.8386 0.8339 0.8017
19 0.8655 0.5914 0.8368 0.8544 0.8238
20 0.8726 0.6064 0.8421 0.8589 0.8296
21 0.8724 0.5902 0.8446 0.8573 0.8291
22 0.8797 0.5789 0.8497 0.8582 0.8282
23 0.8696 0.6531 0.8376 0.8571 0.8242
24 0.8701 0.6679 0.8444 0.8442 0.8169
25 0.8751 0.6612 0.8487 0.8658 0.8406
26 0.8802 0.6558 0.8502 0.8592 0.8309
27 0.8778 0.6794 0.8499 0.8430 0.8099
28 0.8759 0.7142 0.8457 0.8537 0.8225
29 0.8793 0.7319 0.8538 0.8604 0.8343
30 0.8809 0.7311 0.8543 0.8657 0.8397
31 0.8811 0.7459 0.8541 0.8691 0.8442
32 0.8888 0.7188 0.8616 0.8596 0.8274
33 0.8903 0.7425 0.8668 0.8610 0.8321
34 0.8924 0.7345 0.8672 0.8639 0.8302
35 0.8918 0.7303 0.8665 0.8645 0.8395
36 0.8914 0.7691 0.8643 0.8712 0.8454
37 0.8908 0.7915 0.8668 0.8694 0.8435
38 0.8966 0.7719 0.8716 0.8678 0.8421
39 0.8988 0.7596 0.8725 0.8723 0.8414
40 0.8952 0.8088 0.8716 0.8664 0.8407
41 0.8960 0.8184 0.8733 0.8694 0.8443
42 0.9024 0.7997 0.8797 0.8758 0.8506
43 0.9002 0.7992 0.8767 0.8741 0.8476
44 0.9048 0.7972 0.8817 0.8749 0.8474
45 0.9055 0.7850 0.8813 0.8770 0.8531
46 0.9085 0.7711 0.8886 0.8728 0.8480
47 0.9141 0.7670 0.8926 0.8710 0.8455
48 0.9157 0.7529 0.8941 0.8766 0.8520
49 0.9174 0.7706 0.8966 0.8749 0.8528
50 0.8741 1.1819 0.8465 0.8236 0.7934
51 0.8668 1.2530 0.8384 0.8644 0.8344
52 0.8826 1.1392 0.8545 0.8645 0.8371
53 0.8726 1.2151 0.8472 0.8535 0.8271
54 0.8785 1.1689 0.8511 0.8607 0.8322
55 0.8889 1.0743 0.8636 0.8400 0.8103
56 0.8847 1.1059 0.8561 0.8595 0.8353
57 0.8878 1.0715 0.8630 0.8638 0.8394
58 0.8929 1.0264 0.8698 0.8588 0.8318
59 0.8804 1.1085 0.8542 0.8687 0.8436
60 0.8881 1.0699 0.8635 0.8727 0.8416
61 0.8965 1.0117 0.8695 0.8595 0.8251
62 0.8860 1.0933 0.8596 0.8686 0.8429
63 0.9015 0.9772 0.8790 0.8680 0.8414
64 0.9024 0.9514 0.8782 0.8775 0.8510
65 0.8957 0.9748 0.8749 0.8708 0.8440
66 0.8964 0.9998 0.8720 0.8784 0.8490
67 0.9016 0.9334 0.8789 0.8746 0.8486
68 0.9073 0.8790 0.8829 0.8778 0.8516
69 0.9024 0.9288 0.8790 0.8728 0.8497
70 0.9025 0.9055 0.8793 0.8737 0.8468
71 0.8996 0.9272 0.8794 0.8707 0.8439
72 0.8990 0.9198 0.8773 0.8719 0.8497
73 0.9060 0.8717 0.8839 0.8736 0.8500
74 0.9066 0.9260 0.8850 0.8763 0.8517
75 0.9050 0.8922 0.8804 0.8735 0.8494
76 0.9093 0.8654 0.8865 0.8775 0.8546
77 0.9175 0.7863 0.8976 0.8802 0.8554
78 0.9117 0.8255 0.8909 0.8789 0.8544
79 0.9116 0.8238 0.8900 0.8789 0.8556
80 0.9133 0.8018 0.8952 0.8783 0.8521
81 0.9114 0.8274 0.8902 0.8806 0.8559
82 0.9135 0.7965 0.8922 0.8818 0.8547
83 0.9205 0.7780 0.9013 0.8763 0.8545
84 0.9161 0.7856 0.8943 0.8768 0.8546
85 0.9070 0.8309 0.8874 0.8777 0.8526
86 0.9252 0.7006 0.9066 0.8776 0.8521
87 0.9159 0.7777 0.8973 0.8821 0.8591
88 0.9274 0.6818 0.9090 0.8767 0.8519
89 0.9240 0.6858 0.9075 0.8783 0.8548
90 0.9267 0.6832 0.9092 0.8850 0.8602
91 0.9205 0.7116 0.8999 0.8820 0.8600
92 0.9237 0.6823 0.9046 0.8800 0.8580
93 0.9219 0.7001 0.9039 0.8815 0.8601
94 0.9247 0.6754 0.9065 0.8811 0.8579
95 0.9238 0.6788 0.9053 0.8834 0.8615
96 0.9274 0.6421 0.9097 0.8857 0.8632
97 0.9271 0.6637 0.9099 0.8828 0.8635
98 0.9287 0.6747 0.9111 0.8819 0.8618
99 0.9279 0.6514 0.9087 0.8862 0.8656
100 0.9238 0.7218 0.9052 0.8751 0.8512
101 0.9225 0.7129 0.9044 0.8791 0.8581
102 0.9166 0.7508 0.8965 0.8819 0.8601
103 0.9188 0.7798 0.8988 0.8777 0.8533
104 0.9143 0.7856 0.8942 0.8833 0.8605
105 0.9291 0.6756 0.9124 0.8801 0.8577
106 0.9221 0.7399 0.9007 0.8757 0.8540
107 0.9174 0.7550 0.8971 0.8747 0.8494
108 0.9195 0.7539 0.8994 0.8802 0.8572
109 0.9225 0.7197 0.9051 0.8728 0.8503
110 0.9161 0.7827 0.8975 0.8813 0.8591
111 0.9231 0.7160 0.9047 0.8780 0.8560
112 0.9224 0.7122 0.9035 0.8788 0.8559
113 0.9248 0.7084 0.9081 0.8825 0.8614
114 0.9232 0.7176 0.9035 0.8813 0.8601
115 0.9235 0.6872 0.9055 0.8829 0.8587
116 0.9310 0.6522 0.9140 0.8776 0.8527
117 0.9294 0.6559 0.9141 0.8763 0.8537
118 0.9282 0.6666 0.9103 0.8721 0.8481
119 0.9324 0.6256 0.9167 0.8788 0.8557
120 0.9222 0.7086 0.9026 0.8808 0.8526
121 0.9320 0.6184 0.9147 0.8802 0.8575
122 0.9264 0.6696 0.9087 0.8805 0.8559
123 0.9269 0.6493 0.9100 0.8766 0.8524
124 0.9285 0.6523 0.9129 0.8839 0.8587
125 0.9231 0.6988 0.9050 0.8774 0.8531
126 0.9322 0.6327 0.9166 0.8815 0.8586
127 0.9304 0.6141 0.9134 0.8722 0.8485
128 0.9404 0.5481 0.9263 0.8755 0.8525
129 0.9297 0.6381 0.9117 0.8758 0.8540
130 0.9342 0.6035 0.9186 0.8785 0.8559
131 0.9330 0.5953 0.9153 0.8798 0.8570
132 0.9356 0.5712 0.9211 0.8807 0.8576
133 0.9335 0.5848 0.9197 0.8787 0.8556
134 0.9324 0.5861 0.9168 0.8760 0.8527
135 0.9408 0.5314 0.9271 0.8784 0.8535
136 0.9380 0.5713 0.9233 0.8750 0.8529
137 0.9326 0.5850 0.9176 0.8781 0.8535
138 0.9365 0.5682 0.9209 0.8786 0.8567
139 0.9371 0.5561 0.9218 0.8842 0.8620
140 0.9320 0.5890 0.9140 0.8791 0.8561
141 0.9366 0.5585 0.9226 0.8799 0.8557
142 0.9365 0.5653 0.9204 0.8823 0.8575
143 0.9345 0.5821 0.9197 0.8794 0.8561
144 0.9418 0.5327 0.9299 0.8805 0.8582
145 0.9384 0.5663 0.9234 0.8799 0.8571
146 0.9409 0.5218 0.9281 0.8825 0.8600
147 0.9462 0.4816 0.9333 0.8811 0.8590
148 0.9395 0.5285 0.9270 0.8825 0.8593
149 0.9380 0.5447 0.9231 0.8816 0.8589
150 0.9401 0.5471 0.9264 0.8866 0.8634
151 0.9354 0.5864 0.9205 0.8738 0.8505
152 0.9339 0.6017 0.9175 0.8813 0.8571
153 0.9280 0.6344 0.9111 0.8853 0.8637
154 0.9360 0.5677 0.9208 0.8799 0.8568
155 0.9342 0.5769 0.9192 0.8783 0.8551
156 0.9338 0.5931 0.9168 0.8864 0.8636
157 0.9343 0.5890 0.9193 0.8827 0.8580
158 0.9349 0.5868 0.9190 0.8876 0.8625
159 0.9364 0.5702 0.9196 0.8853 0.8630
160 0.9353 0.5743 0.9196 0.8831 0.8619
161 0.9376 0.5476 0.9231 0.8869 0.8639
162 0.9369 0.5602 0.9236 0.8827 0.8594
163 0.9356 0.5885 0.9217 0.8783 0.8529
164 0.9337 0.5639 0.9187 0.8785 0.8539
165 0.9393 0.5588 0.9249 0.8857 0.8627
166 0.9407 0.5234 0.9252 0.8874 0.8647
167 0.9396 0.5277 0.9248 0.8855 0.8631
168 0.9415 0.5234 0.9282 0.8876 0.8640
169 0.9427 0.5338 0.9288 0.8837 0.8594
170 0.9389 0.5442 0.9259 0.8825 0.8607
171 0.9373 0.5478 0.9225 0.8827 0.8582
172 0.9426 0.5195 0.9287 0.8798 0.8555
173 0.9383 0.5454 0.9241 0.8817 0.8589
174 0.9424 0.5319 0.9290 0.8847 0.8630
175 0.9405 0.5291 0.9258 0.8837 0.8591
176 0.9400 0.5158 0.9282 0.8846 0.8611
177 0.9414 0.5185 0.9272 0.8880 0.8635
178 0.9419 0.5147 0.9274 0.8808 0.8577
179 0.9432 0.4986 0.9313 0.8876 0.8630
180 0.9390 0.5172 0.9257 0.8871 0.8621
181 0.9472 0.4834 0.9348 0.8856 0.8624
182 0.9423 0.5159 0.9293 0.8859 0.8616
183 0.9403 0.5418 0.9264 0.8831 0.8596
184 0.9427 0.4931 0.9304 0.8837 0.8605
185 0.9412 0.5183 0.9284 0.8855 0.8631
186 0.9426 0.5149 0.9297 0.8873 0.8637
187 0.9383 0.5201 0.9238 0.8868 0.8630
188 0.9411 0.4978 0.9265 0.8856 0.8634
189 0.9458 0.4781 0.9332 0.8854 0.8616
190 0.9425 0.5096 0.9299 0.8876 0.8644
191 0.9447 0.4814 0.9334 0.8850 0.8614
192 0.9404 0.5026 0.9272 0.8868 0.8626
193 0.9496 0.4437 0.9391 0.8872 0.8645
194 0.9456 0.4739 0.9327 0.8866 0.8639
195 0.9430 0.4935 0.9287 0.8854 0.8611
196 0.9473 0.4605 0.9377 0.8850 0.8616
197 0.9495 0.4487 0.9397 0.8843 0.8609
198 0.9477 0.4797 0.9365 0.8845 0.8618
199 0.9449 0.4595 0.9343 0.8866 0.8639
