epoch train_iou train_loss train_mAP val_iou val_mAP
0 0.5544 0.1539 0.4824 0.7027 0.6398
1 0.6980 0.1477 0.6396 0.7446 0.6899
2 0.7517 0.1517 0.7026 0.7691 0.7071
3 0.7836 0.1609 0.7339 0.7780 0.7247
4 0.8003 0.1730 0.7607 0.7983 0.7549
5 0.8124 0.1761 0.7723 0.8072 0.7650
6 0.8136 0.1945 0.7747 0.7994 0.7580
7 0.8011 0.2240 0.7613 0.7996 0.7657
8 0.8083 0.2419 0.7694 0.7984 0.7626
9 0.8253 0.2485 0.7858 0.8178 0.7751
10 0.8166 0.2776 0.7757 0.8202 0.7851
11 0.8215 0.2765 0.7869 0.8208 0.7909
12 0.8400 0.2729 0.8050 0.8348 0.7986
13 0.8542 0.2643 0.8202 0.8436 0.8112
14 0.8629 0.2550 0.8302 0.8369 0.8066
15 0.8701 0.2578 0.8384 0.8413 0.8090
16 0.8604 0.2913 0.8269 0.8412 0.8082
17 0.8687 0.2912 0.8378 0.8460 0.8134
18 0.8554 0.3256 0.8231 0.7935 0.7551
19 0.8527 0.3531 0.8194 0.8421 0.8106
20 0.8452 0.3741 0.8106 0.8448 0.8087
21 0.8535 0.3823 0.8215 0.8383 0.8031
22 0.8631 0.3656 0.8320 0.8466 0.8179
23 0.8673 0.3613 0.8368 0.8548 0.8274
24 0.8891 0.3099 0.8643 0.8562 0.8273
25 0.8878 0.3337 0.8598 0.8584 0.8309
26 0.8868 0.3370 0.8587 0.8567 0.8303
27 0.8787 0.3645 0.8493 0.8574 0.8289
28 0.8655 0.4381 0.8367 0.8542 0.8285
29 0.8673 0.4609 0.8352 0.8457 0.8114
30 0.8653 0.4672 0.8332 0.8336 0.8007
31 0.8755 0.4426 0.8472 0.8502 0.8239
32 0.8822 0.4092 0.8549 0.8517 0.8140
33 0.8809 0.4338 0.8543 0.8587 0.8321
34 0.8925 0.3892 0.8662 0.8621 0.8355
35 0.8939 0.3900 0.8706 0.8610 0.8352
36 0.9017 0.3887 0.8762 0.8619 0.8346
37 0.8882 0.4434 0.8629 0.8621 0.8357
38 0.8941 0.4466 0.8673 0.8679 0.8378
39 0.8878 0.4772 0.8615 0.8468 0.8188
40 0.8747 0.5431 0.8449 0.8408 0.8149
41 0.8816 0.5282 0.8543 0.8662 0.8357
42 0.8962 0.4722 0.8714 0.8590 0.8312
43 0.8956 0.4812 0.8717 0.8712 0.8424
44 0.9022 0.4412 0.8757 0.8699 0.8396
45 0.9152 0.3937 0.8928 0.8717 0.8420
46 0.9035 0.4484 0.8815 0.8699 0.8445
47 0.8944 0.4991 0.8685 0.8661 0.8411
48 0.9007 0.5117 0.8765 0.8607 0.8332
49 0.8933 0.5336 0.8689 0.8572 0.8319
50 0.8839 0.6036 0.8581 0.8610 0.8303
51 0.8888 0.5926 0.8606 0.8646 0.8388
52 0.8928 0.5634 0.8686 0.8640 0.8318
53 0.9118 0.4861 0.8899 0.8698 0.8419
54 0.9027 0.5019 0.8788 0.8749 0.8481
55 0.9066 0.4925 0.8818 0.8740 0.8455
56 0.9142 0.4757 0.8928 0.8728 0.8451
57 0.9109 0.5003 0.8896 0.8719 0.8467
58 0.9039 0.5646 0.8812 0.8615 0.8334
59 0.8997 0.6048 0.8737 0.8661 0.8396
60 0.8891 0.6797 0.8641 0.8590 0.8311
61 0.9032 0.5987 0.8796 0.8664 0.8419
62 0.9063 0.5716 0.8820 0.8617 0.8356
63 0.9037 0.5765 0.8772 0.8739 0.8460
64 0.9075 0.5643 0.8837 0.8710 0.8455
65 0.9119 0.5508 0.8880 0.8765 0.8516
66 0.9186 0.5228 0.8973 0.8741 0.8506
67 0.9108 0.5876 0.8864 0.8703 0.8450
68 0.9058 0.6170 0.8839 0.8679 0.8386
69 0.9083 0.6329 0.8874 0.8709 0.8396
70 0.8995 0.6955 0.8749 0.8655 0.8371
71 0.9053 0.6734 0.8812 0.8662 0.8415
72 0.9095 0.6657 0.8876 0.8649 0.8397
73 0.9163 0.5978 0.8958 0.8721 0.8453
74 0.9138 0.6087 0.8927 0.8726 0.8486
75 0.9221 0.5453 0.9013 0.8737 0.8503
76 0.9218 0.5655 0.9020 0.8754 0.8511
77 0.9141 0.6295 0.8924 0.8719 0.8446
78 0.9026 0.7045 0.8793 0.8725 0.8465
79 0.9061 0.7130 0.8830 0.8702 0.8427
80 0.9038 0.7733 0.8816 0.8712 0.8460
81 0.9082 0.7150 0.8879 0.8592 0.8341
82 0.9140 0.6758 0.8914 0.8745 0.8459
83 0.9157 0.6569 0.8950 0.8730 0.8477
84 0.9207 0.6469 0.9018 0.8819 0.8587
85 0.9281 0.5965 0.9074 0.8829 0.8585
86 0.9239 0.6294 0.9037 0.8788 0.8549
87 0.9175 0.6532 0.8971 0.8685 0.8434
88 0.9209 0.6701 0.8997 0.8628 0.8376
89 0.9058 0.8005 0.8857 0.8792 0.8534
90 0.9053 0.7997 0.8827 0.8647 0.8395
91 0.9058 0.8164 0.8833 0.8656 0.8395
92 0.9105 0.7801 0.8902 0.8737 0.8435
93 0.9171 0.7281 0.8979 0.8720 0.8457
94 0.9199 0.6946 0.8999 0.8753 0.8496
95 0.9268 0.6470 0.9075 0.8799 0.8536
96 0.9243 0.6561 0.9055 0.8743 0.8501
97 0.9273 0.6826 0.9087 0.8682 0.8426
98 0.9163 0.7489 0.8968 0.8706 0.8440
99 0.9130 0.8193 0.8909 0.8773 0.8512
100 0.9136 0.7973 0.8924 0.8790 0.8520
101 0.9189 0.7580 0.8974 0.8780 0.8491
102 0.9263 0.6739 0.9076 0.8804 0.8541
103 0.9233 0.6816 0.9047 0.8789 0.8536
104 0.9217 0.7168 0.9032 0.8769 0.8520
105 0.9280 0.6548 0.9097 0.8788 0.8539
106 0.9289 0.6516 0.9105 0.8784 0.8541
107 0.9255 0.6733 0.9077 0.8751 0.8496
108 0.9295 0.6748 0.9117 0.8790 0.8524
109 0.9225 0.7094 0.9023 0.8793 0.8520
110 0.9221 0.7108 0.9020 0.8815 0.8579
111 0.9265 0.6607 0.9074 0.8813 0.8531
112 0.9278 0.6462 0.9081 0.8799 0.8559
113 0.9222 0.6825 0.9029 0.8796 0.8535
114 0.9241 0.6804 0.9051 0.8826 0.8586
115 0.9306 0.6180 0.9145 0.8823 0.8585
116 0.9351 0.5918 0.9182 0.8803 0.8553
117 0.9313 0.6131 0.9143 0.8799 0.8556
118 0.9354 0.6028 0.9188 0.8765 0.8520
119 0.9260 0.7046 0.9070 0.8808 0.8550
120 0.9164 0.7393 0.8956 0.8761 0.8497
121 0.9265 0.6950 0.9080 0.8723 0.8475
122 0.9284 0.6494 0.9077 0.8734 0.8510
123 0.9345 0.5923 0.9188 0.8748 0.8525
124 0.9307 0.6288 0.9129 0.8741 0.8525
125 0.9272 0.6561 0.9089 0.8759 0.8526
126 0.9353 0.5792 0.9177 0.8779 0.8526
127 0.9323 0.6059 0.9151 0.8760 0.8524
128 0.9267 0.6635 0.9090 0.8764 0.8515
129 0.9300 0.6490 0.9120 0.8786 0.8541
130 0.9345 0.6101 0.9177 0.8697 0.8470
131 0.9291 0.6330 0.9111 0.8825 0.8556
132 0.9278 0.6296 0.9091 0.8752 0.8474
133 0.9286 0.6413 0.9090 0.8774 0.8512
134 0.9353 0.5802 0.9198 0.8809 0.8537
135 0.9342 0.5780 0.9178 0.8820 0.8554
136 0.9283 0.6244 0.9081 0.8783 0.8537
137 0.9351 0.5800 0.9200 0.8790 0.8544
138 0.9364 0.5600 0.9196 0.8781 0.8550
139 0.9270 0.6472 0.9098 0.8781 0.8529
140 0.9279 0.6617 0.9133 0.8793 0.8553
141 0.9277 0.6348 0.9093 0.8735 0.8479
142 0.9292 0.6312 0.9121 0.8795 0.8544
143 0.9327 0.5950 0.9145 0.8806 0.8562
144 0.9308 0.6119 0.9123 0.8763 0.8509
145 0.9341 0.5986 0.9150 0.8773 0.8519
146 0.9298 0.6014 0.9136 0.8763 0.8516
147 0.9411 0.5439 0.9258 0.8802 0.8561
148 0.9320 0.6045 0.9142 0.8792 0.8540
149 0.9297 0.6203 0.9118 0.8788 0.8571
150 0.9254 0.6620 0.9079 0.8716 0.8460
151 0.9312 0.6338 0.9146 0.8772 0.8525
152 0.9301 0.6214 0.9122 0.8752 0.8529
153 0.9353 0.5864 0.9183 0.8780 0.8526
154 0.9378 0.5661 0.9216 0.8800 0.8560
155 0.9320 0.6019 0.9142 0.8762 0.8521
156 0.9341 0.5725 0.9180 0.8770 0.8515
157 0.9330 0.5858 0.9179 0.8797 0.8540
158 0.9362 0.5499 0.9195 0.8771 0.8517
159 0.9306 0.6212 0.9133 0.8753 0.8517
160 0.9339 0.5784 0.9175 0.8777 0.8560
161 0.9353 0.5799 0.9202 0.8781 0.8546
162 0.9355 0.5609 0.9182 0.8784 0.8536
163 0.9360 0.5626 0.9199 0.8788 0.8544
164 0.9382 0.5261 0.9244 0.8809 0.8559
165 0.9349 0.5641 0.9192 0.8765 0.8515
166 0.9376 0.5325 0.9217 0.8783 0.8551
167 0.9365 0.5697 0.9178 0.8790 0.8539
168 0.9352 0.5340 0.9168 0.8796 0.8547
169 0.9379 0.5432 0.9232 0.8772 0.8544
170 0.9319 0.5837 0.9162 0.8761 0.8533
171 0.9437 0.4964 0.9287 0.8775 0.8532
172 0.9389 0.5351 0.9239 0.8828 0.8579
173 0.9385 0.5351 0.9215 0.8807 0.8572
174 0.9421 0.5144 0.9292 0.8830 0.8572
175 0.9398 0.5358 0.9240 0.8843 0.8589
176 0.9407 0.5216 0.9260 0.8823 0.8569
177 0.9335 0.5771 0.9188 0.8831 0.8580
178 0.9357 0.5443 0.9205 0.8839 0.8585
179 0.9373 0.5309 0.9200 0.8790 0.8551
180 0.9311 0.5766 0.9148 0.8779 0.8532
181 0.9371 0.5330 0.9205 0.8752 0.8524
182 0.9378 0.5460 0.9225 0.8789 0.8537
183 0.9402 0.5156 0.9249 0.8804 0.8550
184 0.9424 0.4920 0.9307 0.8791 0.8555
185 0.9405 0.5148 0.9253 0.8795 0.8549
186 0.9413 0.5227 0.9276 0.8787 0.8559
187 0.9398 0.5173 0.9231 0.8794 0.8569
188 0.9385 0.5457 0.9227 0.8786 0.8562
189 0.9383 0.5250 0.9206 0.8765 0.8527
190 0.9339 0.5751 0.9176 0.8800 0.8576
191 0.9395 0.5392 0.9235 0.8793 0.8565
192 0.9425 0.4902 0.9283 0.8794 0.8560
193 0.9349 0.5285 0.9196 0.8806 0.8577
194 0.9419 0.4938 0.9293 0.8779 0.8557
195 0.9401 0.5137 0.9255 0.8779 0.8550
196 0.9377 0.5200 0.9227 0.8815 0.8582
197 0.9361 0.5494 0.9184 0.8783 0.8542
198 0.9434 0.4835 0.9282 0.8779 0.8533
199 0.9426 0.5068 0.9261 0.8804 0.8559
