epoch train_iou train_loss train_mAP val_iou val_mAP
0 0.5662 0.1577 0.4943 0.7000 0.6429
1 0.7041 0.1517 0.6466 0.7565 0.7165
2 0.7576 0.1444 0.7095 0.7569 0.7151
3 0.7852 0.1578 0.7389 0.8077 0.7745
4 0.8125 0.1592 0.7712 0.8201 0.7898
5 0.8313 0.1617 0.7934 0.8192 0.7884
6 0.8272 0.1850 0.7862 0.8261 0.7928
7 0.8082 0.2181 0.7705 0.8274 0.7916
8 0.7990 0.2662 0.7566 0.8152 0.7829
9 0.8034 0.2873 0.7624 0.8025 0.7694
10 0.7880 0.3057 0.7480 0.7242 0.6585
11 0.8125 0.3003 0.7752 0.8287 0.7994
12 0.8370 0.2792 0.8031 0.8451 0.8175
13 0.8537 0.2792 0.8221 0.8492 0.8209
14 0.8585 0.2734 0.8301 0.8579 0.8279
15 0.8725 0.2506 0.8425 0.8593 0.8317
16 0.8593 0.2819 0.8293 0.8574 0.8272
17 0.8656 0.2848 0.8394 0.8473 0.8169
18 0.8578 0.3280 0.8260 0.8512 0.8228
19 0.8408 0.3740 0.8075 0.8420 0.8139
20 0.8419 0.3981 0.8084 0.8321 0.8054
21 0.8517 0.3922 0.8192 0.8518 0.8179
22 0.8626 0.3750 0.8350 0.8542 0.8265
23 0.8754 0.3421 0.8498 0.8627 0.8336
24 0.8822 0.3338 0.8537 0.8663 0.8410
25 0.8897 0.3227 0.8651 0.8653 0.8403
26 0.8859 0.3431 0.8593 0.8698 0.8445
27 0.8878 0.3497 0.8605 0.8642 0.8402
28 0.8803 0.3973 0.8535 0.8549 0.8264
29 0.8605 0.4598 0.8324 0.8458 0.8130
30 0.8564 0.4969 0.8249 0.8425 0.8169
31 0.8680 0.4653 0.8389 0.8494 0.8181
32 0.8718 0.4659 0.8462 0.8553 0.8327
33 0.8911 0.4023 0.8666 0.8693 0.8444
34 0.8950 0.4001 0.8694 0.8709 0.8450
35 0.8936 0.3963 0.8720 0.8730 0.8470
36 0.8975 0.3881 0.8724 0.8732 0.8469
37 0.8934 0.4383 0.8673 0.8563 0.8275
38 0.8769 0.5094 0.8518 0.8672 0.8341
39 0.8778 0.5081 0.8493 0.8647 0.8404
40 0.8701 0.5670 0.8417 0.8466 0.8230
41 0.8906 0.5088 0.8648 0.8610 0.8380
42 0.8890 0.5108 0.8634 0.8749 0.8503
43 0.9046 0.4549 0.8811 0.8701 0.8469
44 0.8987 0.4739 0.8733 0.8819 0.8564
45 0.9001 0.4643 0.8754 0.8859 0.8602
46 0.8978 0.4818 0.8744 0.8798 0.8554
47 0.9022 0.4631 0.8745 0.8736 0.8478
48 0.8830 0.5707 0.8584 0.8730 0.8451
49 0.8883 0.5826 0.8663 0.8449 0.8161
50 0.8745 0.6840 0.8453 0.8649 0.8396
51 0.8845 0.6118 0.8602 0.8642 0.8338
52 0.8953 0.5543 0.8715 0.8780 0.8518
53 0.9090 0.5102 0.8861 0.8697 0.8444
54 0.9085 0.5008 0.8868 0.8784 0.8514
55 0.9117 0.4872 0.8892 0.8809 0.8539
56 0.9085 0.5062 0.8851 0.8788 0.8526
57 0.9039 0.5403 0.8810 0.8746 0.8471
58 0.8926 0.6119 0.8702 0.8727 0.8480
59 0.8919 0.6344 0.8641 0.8641 0.8433
60 0.8774 0.7682 0.8501 0.8595 0.8311
61 0.8923 0.6688 0.8673 0.8667 0.8404
62 0.8962 0.6539 0.8736 0.8624 0.8369
63 0.9113 0.5504 0.8910 0.8777 0.8506
64 0.9160 0.5437 0.8934 0.8755 0.8524
65 0.9182 0.5213 0.8994 0.8817 0.8577
66 0.9150 0.5406 0.8949 0.8809 0.8575
67 0.9114 0.5938 0.8892 0.8791 0.8532
68 0.9059 0.6334 0.8838 0.8751 0.8468
69 0.8978 0.7062 0.8734 0.8590 0.8335
70 0.8860 0.8020 0.8583 0.8582 0.8350
71 0.8900 0.7749 0.8650 0.8614 0.8391
72 0.9075 0.6521 0.8859 0.8712 0.8459
73 0.9038 0.6682 0.8833 0.8649 0.8417
74 0.9212 0.5727 0.9006 0.8757 0.8516
75 0.9230 0.5621 0.9022 0.8761 0.8537
76 0.9214 0.5745 0.8992 0.8794 0.8549
77 0.9181 0.5832 0.8973 0.8774 0.8524
78 0.9154 0.6582 0.8943 0.8645 0.8364
79 0.9085 0.7074 0.8863 0.8734 0.8501
80 0.8901 0.8680 0.8652 0.8611 0.8345
81 0.8877 0.8953 0.8617 0.8698 0.8472
82 0.9029 0.7677 0.8817 0.8700 0.8476
83 0.9163 0.6680 0.8965 0.8742 0.8509
84 0.9192 0.6280 0.8985 0.8793 0.8537
85 0.9193 0.6253 0.8975 0.8784 0.8547
86 0.9242 0.6305 0.9011 0.8803 0.8567
87 0.9182 0.6711 0.8969 0.8717 0.8490
88 0.9215 0.6655 0.8999 0.8720 0.8493
89 0.9055 0.8017 0.8839 0.8696 0.8460
90 0.8995 0.8791 0.8725 0.8529 0.8300
91 0.9014 0.8592 0.8772 0.8670 0.8430
92 0.9042 0.8073 0.8814 0.8793 0.8534
93 0.9171 0.7188 0.8948 0.8798 0.8557
94 0.9206 0.7040 0.9004 0.8812 0.8585
95 0.9227 0.7068 0.9030 0.8806 0.8592
96 0.9229 0.6830 0.9017 0.8809 0.8585
97 0.9218 0.7001 0.9028 0.8782 0.8529
98 0.9164 0.7500 0.8959 0.8658 0.8382
99 0.9060 0.8615 0.8827 0.8722 0.8492
100 0.9168 0.7759 0.8972 0.8796 0.8566
101 0.9252 0.7002 0.9040 0.8777 0.8539
102 0.9200 0.7316 0.8968 0.8858 0.8624
103 0.9273 0.6587 0.9099 0.8824 0.8594
104 0.9274 0.6668 0.9089 0.8838 0.8610
105 0.9348 0.6170 0.9157 0.8855 0.8626
106 0.9281 0.6589 0.9094 0.8844 0.8621
107 0.9277 0.6344 0.9061 0.8824 0.8590
108 0.9282 0.6556 0.9081 0.8870 0.8634
109 0.9239 0.7056 0.9047 0.8846 0.8609
110 0.9188 0.7095 0.8995 0.8857 0.8644
111 0.9237 0.7146 0.9039 0.8841 0.8590
112 0.9212 0.7131 0.8985 0.8813 0.8595
113 0.9259 0.6482 0.9065 0.8878 0.8640
114 0.9374 0.5804 0.9209 0.8907 0.8652
115 0.9379 0.5548 0.9215 0.8905 0.8652
116 0.9339 0.5772 0.9162 0.8885 0.8645
117 0.9299 0.6189 0.9117 0.8860 0.8627
118 0.9310 0.6329 0.9118 0.8874 0.8636
119 0.9313 0.6111 0.9115 0.8819 0.8562
120 0.9276 0.6747 0.9096 0.8780 0.8555
121 0.9291 0.6659 0.9113 0.8842 0.8622
122 0.9300 0.6440 0.9132 0.8789 0.8572
123 0.9317 0.6218 0.9144 0.8843 0.8631
124 0.9307 0.6107 0.9116 0.8891 0.8665
125 0.9407 0.5255 0.9237 0.8895 0.8664
126 0.9350 0.5790 0.9166 0.8918 0.8672
127 0.9342 0.5783 0.9161 0.8837 0.8593
128 0.9377 0.5409 0.9223 0.8837 0.8579
129 0.9273 0.6619 0.9075 0.8838 0.8612
130 0.9253 0.6689 0.9058 0.8791 0.8581
131 0.9292 0.6282 0.9110 0.8763 0.8540
132 0.9323 0.6237 0.9138 0.8790 0.8551
133 0.9349 0.5742 0.9201 0.8816 0.8580
134 0.9314 0.5885 0.9150 0.8852 0.8611
135 0.9391 0.5283 0.9237 0.8850 0.8609
136 0.9447 0.4966 0.9319 0.8876 0.8629
137 0.9371 0.5706 0.9214 0.8869 0.8621
138 0.9315 0.5924 0.9143 0.8824 0.8635
139 0.9320 0.5997 0.9154 0.8805 0.8586
140 0.9233 0.6830 0.9043 0.8848 0.8574
141 0.9327 0.5899 0.9182 0.8843 0.8635
142 0.9271 0.6567 0.9081 0.8893 0.8666
143 0.9317 0.6276 0.9111 0.8881 0.8630
144 0.9378 0.5669 0.9216 0.8873 0.8636
145 0.9348 0.5685 0.9165 0.8875 0.8651
146 0.9343 0.5522 0.9177 0.8870 0.8630
147 0.9424 0.5159 0.9258 0.8861 0.8622
148 0.9293 0.6001 0.9119 0.8866 0.8642
149 0.9300 0.6332 0.9155 0.8807 0.8599
150 0.9277 0.6175 0.9109 0.8798 0.8575
151 0.9348 0.5810 0.9174 0.8833 0.8590
152 0.9320 0.5983 0.9161 0.8846 0.8635
153 0.9276 0.6013 0.9107 0.8878 0.8651
154 0.9389 0.5506 0.9222 0.8897 0.8665
155 0.9447 0.4917 0.9302 0.8901 0.8679
156 0.9370 0.5511 0.9202 0.8902 0.8674
157 0.9368 0.5372 0.9212 0.8811 0.8606
158 0.9372 0.5792 0.9208 0.8815 0.8621
159 0.9362 0.5648 0.9189 0.8770 0.8577
160 0.9375 0.5407 0.9224 0.8831 0.8620
161 0.9417 0.5317 0.9258 0.8875 0.8664
162 0.9436 0.4900 0.9301 0.8864 0.8662
163 0.9476 0.4608 0.9350 0.8881 0.8671
164 0.9402 0.5031 0.9249 0.8854 0.8636
165 0.9420 0.5050 0.9278 0.8888 0.8666
166 0.9380 0.5223 0.9220 0.8867 0.8641
167 0.9402 0.5120 0.9262 0.8847 0.8634
168 0.9392 0.5147 0.9253 0.8848 0.8635
169 0.9447 0.4896 0.9310 0.8827 0.8627
170 0.9377 0.5342 0.9213 0.8884 0.8676
171 0.9399 0.5110 0.9258 0.8870 0.8660
172 0.9437 0.5052 0.9277 0.8850 0.8645
173 0.9415 0.4998 0.9262 0.8853 0.8651
174 0.9402 0.5056 0.9243 0.8860 0.8651
175 0.9402 0.5036 0.9243 0.8871 0.8660
176 0.9441 0.4698 0.9305 0.8900 0.8691
177 0.9428 0.4971 0.9267 0.8875 0.8645
178 0.9413 0.5155 0.9265 0.8884 0.8674
179 0.9516 0.4254 0.9393 0.8844 0.8646
180 0.9427 0.5009 0.9274 0.8894 0.8652
181 0.9418 0.4746 0.9262 0.8879 0.8659
182 0.9405 0.4938 0.9256 0.8859 0.8633
183 0.9401 0.4986 0.9266 0.8864 0.8635
184 0.9445 0.4739 0.9294 0.8889 0.8664
185 0.9477 0.4486 0.9356 0.8890 0.8671
186 0.9385 0.5141 0.9229 0.8883 0.8654
187 0.9466 0.4681 0.9335 0.8867 0.8654
188 0.9456 0.4468 0.9319 0.8892 0.8680
189 0.9418 0.4999 0.9261 0.8864 0.8646
190 0.9416 0.4996 0.9282 0.8869 0.8636
191 0.9473 0.4363 0.9342 0.8889 0.8665
192 0.9426 0.4893 0.9281 0.8829 0.8626
193 0.9435 0.4682 0.9303 0.8879 0.8656
194 0.9447 0.4582 0.9313 0.8875 0.8657
195 0.9466 0.4534 0.9342 0.8873 0.8650
196 0.9469 0.4488 0.9345 0.8886 0.8669
197 0.9464 0.4469 0.9333 0.8898 0.8679
198 0.9453 0.4527 0.9320 0.8847 0.8630
199 0.9421 0.4674 0.9287 0.8896 0.8682
