epoch train_iou train_loss train_mAP val_iou val_mAP
0 0.5958 0.3041 0.5188 0.6393 0.5557
1 0.7017 0.2758 0.6450 0.7040 0.6526
2 0.7415 0.2954 0.6880 0.7509 0.7016
3 0.7736 0.3060 0.7308 0.7821 0.7349
4 0.7914 0.3147 0.7481 0.7962 0.7524
5 0.8178 0.3066 0.7772 0.8070 0.7655
6 0.8141 0.3522 0.7750 0.8093 0.7648
7 0.8019 0.4175 0.7607 0.8072 0.7702
8 0.8119 0.4433 0.7685 0.8128 0.7710
9 0.8121 0.4818 0.7685 0.8084 0.7689
10 0.8139 0.5172 0.7727 0.7965 0.7613
11 0.8257 0.4980 0.7858 0.8254 0.7847
12 0.8342 0.4987 0.7971 0.8447 0.8048
13 0.8544 0.4663 0.8190 0.8440 0.8120
14 0.8683 0.4364 0.8344 0.8476 0.8120
15 0.8716 0.4379 0.8379 0.8448 0.8107
16 0.8663 0.4763 0.8345 0.8446 0.8103
17 0.8676 0.5091 0.8344 0.8541 0.8213
18 0.8580 0.5753 0.8228 0.8417 0.8046
19 0.8546 0.6101 0.8192 0.8454 0.8107
20 0.8449 0.6998 0.8082 0.8135 0.7655
21 0.8603 0.6448 0.8253 0.8258 0.7841
22 0.8673 0.6358 0.8318 0.8507 0.8170
23 0.8788 0.6016 0.8496 0.8474 0.8158
24 0.8835 0.5812 0.8530 0.8588 0.8245
25 0.8906 0.5621 0.8590 0.8628 0.8302
26 0.8905 0.5613 0.8605 0.8561 0.8220
27 0.8923 0.5861 0.8628 0.8608 0.8245
28 0.8781 0.6795 0.8459 0.8500 0.8125
29 0.8713 0.7464 0.8395 0.8574 0.8217
30 0.8697 0.8213 0.8383 0.8152 0.7788
31 0.8687 0.8348 0.8365 0.8496 0.8206
32 0.8841 0.7328 0.8527 0.8562 0.8238
33 0.8934 0.6880 0.8651 0.8651 0.8306
34 0.9001 0.6488 0.8700 0.8636 0.8282
35 0.9043 0.6453 0.8749 0.8651 0.8303
36 0.9070 0.6317 0.8799 0.8669 0.8340
37 0.8994 0.7045 0.8713 0.8667 0.8285
38 0.8888 0.7946 0.8589 0.8574 0.8232
39 0.8863 0.8693 0.8561 0.8564 0.8208
40 0.8775 0.9665 0.8478 0.8512 0.8174
41 0.8837 0.9354 0.8549 0.8563 0.8263
42 0.8936 0.8531 0.8658 0.8620 0.8274
43 0.8991 0.7931 0.8715 0.8577 0.8226
44 0.9008 0.7899 0.8723 0.8665 0.8318
45 0.9076 0.7464 0.8804 0.8638 0.8307
46 0.9112 0.7606 0.8827 0.8659 0.8338
47 0.9040 0.8139 0.8755 0.8586 0.8232
48 0.9007 0.8859 0.8726 0.8534 0.8216
49 0.8949 0.9898 0.8663 0.8545 0.8219
50 0.8712 1.1962 0.8391 0.8554 0.8224
51 0.8895 1.0032 0.8597 0.8565 0.8237
52 0.9034 0.8904 0.8771 0.8720 0.8387
53 0.9116 0.8133 0.8857 0.8592 0.8273
54 0.9130 0.7907 0.8862 0.8649 0.8339
55 0.9185 0.7301 0.8947 0.8655 0.8334
56 0.9140 0.7599 0.8886 0.8671 0.8359
57 0.9114 0.7890 0.8857 0.8659 0.8297
58 0.9048 0.8602 0.8788 0.8646 0.8373
59 0.9048 0.8684 0.8786 0.8640 0.8260
60 0.8881 1.0991 0.8596 0.8484 0.8150
61 0.8970 0.9758 0.8702 0.8568 0.8255
62 0.9000 0.9014 0.8702 0.8624 0.8319
63 0.9104 0.8154 0.8845 0.8676 0.8367
64 0.9110 0.7912 0.8848 0.8717 0.8417
65 0.9192 0.7176 0.8968 0.8711 0.8414
66 0.9178 0.7406 0.8937 0.8633 0.8321
67 0.9107 0.7746 0.8850 0.8592 0.8285
68 0.9110 0.7897 0.8840 0.8623 0.8275
69 0.9035 0.8624 0.8782 0.8622 0.8314
70 0.9027 0.9331 0.8778 0.8451 0.8196
71 0.8999 0.9383 0.8731 0.8693 0.8407
72 0.9085 0.8277 0.8847 0.8581 0.8246
73 0.9124 0.7511 0.8889 0.8720 0.8376
74 0.9161 0.6935 0.8915 0.8668 0.8361
75 0.9178 0.7068 0.8944 0.8670 0.8376
76 0.9178 0.7100 0.8955 0.8629 0.8305
77 0.9213 0.7014 0.8966 0.8600 0.8274
78 0.9135 0.7400 0.8902 0.8714 0.8449
79 0.9114 0.7737 0.8859 0.8635 0.8347
80 0.9008 0.8793 0.8741 0.8458 0.8127
81 0.8998 0.8916 0.8734 0.8615 0.8302
82 0.9082 0.8333 0.8836 0.8643 0.8366
83 0.9171 0.7495 0.8948 0.8697 0.8423
84 0.9192 0.7072 0.8938 0.8676 0.8364
85 0.9250 0.6467 0.9031 0.8674 0.8387
86 0.9220 0.6616 0.9001 0.8670 0.8404
87 0.9216 0.6809 0.8996 0.8661 0.8365
88 0.9151 0.7425 0.8909 0.8615 0.8297
89 0.9063 0.7770 0.8838 0.8572 0.8254
90 0.9070 0.8465 0.8825 0.8639 0.8376
91 0.9100 0.8277 0.8852 0.8547 0.8169
92 0.9208 0.7115 0.8966 0.8656 0.8335
93 0.9207 0.6834 0.8968 0.8729 0.8412
94 0.9201 0.6631 0.8988 0.8637 0.8339
95 0.9249 0.6361 0.9050 0.8695 0.8399
96 0.9204 0.6418 0.9006 0.8694 0.8377
97 0.9245 0.6592 0.9036 0.8731 0.8441
98 0.9230 0.6725 0.9015 0.8712 0.8424
99 0.9146 0.7537 0.8921 0.8613 0.8308
100 0.9172 0.7284 0.8937 0.8695 0.8419
101 0.9230 0.6618 0.9040 0.8684 0.8357
102 0.9297 0.6129 0.9115 0.8683 0.8416
103 0.9276 0.5981 0.9081 0.8678 0.8375
104 0.9272 0.5967 0.9070 0.8701 0.8404
105 0.9299 0.5911 0.9120 0.8727 0.8411
106 0.9282 0.5981 0.9078 0.8691 0.8366
107 0.9274 0.5996 0.9083 0.8738 0.8396
108 0.9272 0.5962 0.9100 0.8714 0.8430
109 0.9275 0.6077 0.9085 0.8596 0.8240
110 0.9147 0.6907 0.8962 0.8694 0.8382
111 0.9231 0.6293 0.9043 0.8759 0.8474
112 0.9269 0.6080 0.9077 0.8731 0.8442
113 0.9264 0.5878 0.9071 0.8727 0.8410
114 0.9292 0.5729 0.9125 0.8734 0.8425
115 0.9298 0.5561 0.9119 0.8700 0.8392
116 0.9298 0.5722 0.9116 0.8760 0.8465
117 0.9320 0.5567 0.9151 0.8623 0.8300
118 0.9299 0.5671 0.9126 0.8725 0.8427
119 0.9281 0.5973 0.9084 0.8683 0.8303
120 0.9244 0.6263 0.9062 0.8676 0.8374
121 0.9281 0.6015 0.9097 0.8697 0.8410
122 0.9262 0.5939 0.9094 0.8615 0.8296
123 0.9331 0.5386 0.9163 0.8687 0.8375
124 0.9346 0.5371 0.9190 0.8761 0.8463
125 0.9300 0.5650 0.9140 0.8755 0.8462
126 0.9343 0.5412 0.9173 0.8701 0.8404
127 0.9334 0.5440 0.9172 0.8771 0.8480
128 0.9341 0.5390 0.9183 0.8721 0.8411
129 0.9305 0.5625 0.9130 0.8745 0.8457
130 0.9252 0.5978 0.9071 0.8676 0.8366
131 0.9244 0.5987 0.9069 0.8700 0.8419
132 0.9261 0.5777 0.9096 0.8729 0.8431
133 0.9254 0.5930 0.9089 0.8637 0.8339
134 0.9321 0.5290 0.9169 0.8714 0.8433
135 0.9274 0.5616 0.9116 0.8695 0.8418
136 0.9347 0.5438 0.9191 0.8713 0.8425
137 0.9299 0.5554 0.9129 0.8690 0.8408
138 0.9312 0.5316 0.9140 0.8641 0.8353
139 0.9274 0.5938 0.9098 0.8616 0.8340
140 0.9283 0.6008 0.9115 0.8684 0.8415
141 0.9293 0.5945 0.9124 0.8626 0.8348
142 0.9275 0.5808 0.9114 0.8665 0.8403
143 0.9303 0.5809 0.9128 0.8693 0.8439
144 0.9379 0.5101 0.9228 0.8682 0.8402
145 0.9396 0.4817 0.9247 0.8712 0.8430
146 0.9356 0.5169 0.9210 0.8711 0.8450
147 0.9397 0.4917 0.9255 0.8728 0.8438
148 0.9327 0.5280 0.9160 0.8704 0.8416
149 0.9309 0.5423 0.9168 0.8559 0.8264
150 0.9357 0.5733 0.9193 0.8743 0.8484
151 0.9311 0.6067 0.9140 0.8747 0.8436
152 0.9296 0.5671 0.9131 0.8684 0.8383
153 0.9295 0.5551 0.9136 0.8671 0.8396
154 0.9344 0.5202 0.9194 0.8665 0.8399
155 0.9363 0.5043 0.9220 0.8667 0.8387
156 0.9378 0.5022 0.9233 0.8687 0.8403
157 0.9309 0.5395 0.9179 0.8741 0.8439
158 0.9340 0.5130 0.9181 0.8674 0.8402
159 0.9321 0.5519 0.9182 0.8606 0.8331
160 0.9338 0.5436 0.9186 0.8662 0.8431
161 0.9349 0.5082 0.9224 0.8685 0.8410
162 0.9364 0.5022 0.9233 0.8655 0.8378
163 0.9327 0.5133 0.9177 0.8675 0.8404
164 0.9354 0.5067 0.9227 0.8685 0.8416
165 0.9379 0.4800 0.9246 0.8682 0.8413
166 0.9338 0.4991 0.9193 0.8660 0.8387
167 0.9455 0.4439 0.9322 0.8615 0.8343
168 0.9385 0.4960 0.9239 0.8662 0.8369
169 0.9399 0.4726 0.9282 0.8650 0.8367
170 0.9347 0.5049 0.9217 0.8673 0.8400
171 0.9424 0.4584 0.9297 0.8676 0.8400
172 0.9392 0.4784 0.9282 0.8680 0.8397
173 0.9384 0.4810 0.9251 0.8660 0.8369
174 0.9383 0.4630 0.9254 0.8661 0.8363
175 0.9420 0.4650 0.9296 0.8664 0.8378
176 0.9382 0.4750 0.9245 0.8679 0.8371
177 0.9407 0.4663 0.9270 0.8714 0.8420
178 0.9398 0.4645 0.9263 0.8679 0.8388
179 0.9433 0.4549 0.9303 0.8650 0.8389
180 0.9404 0.4652 0.9280 0.8613 0.8338
181 0.9373 0.4671 0.9246 0.8666 0.8379
182 0.9394 0.4615 0.9271 0.8631 0.8368
183 0.9390 0.4765 0.9256 0.8657 0.8376
184 0.9378 0.4611 0.9260 0.8682 0.8396
185 0.9404 0.4569 0.9279 0.8643 0.8362
186 0.9389 0.4726 0.9260 0.8672 0.8379
187 0.9422 0.4438 0.9301 0.8658 0.8376
188 0.9387 0.4595 0.9250 0.8671 0.8405
189 0.9400 0.4641 0.9274 0.8652 0.8365
190 0.9387 0.4659 0.9248 0.8665 0.8392
191 0.9356 0.4716 0.9228 0.8669 0.8402
192 0.9367 0.4609 0.9232 0.8664 0.8385
193 0.9404 0.4610 0.9277 0.8642 0.8374
194 0.9413 0.4594 0.9303 0.8620 0.8348
195 0.9392 0.4531 0.9287 0.8647 0.8356
196 0.9447 0.4364 0.9328 0.8652 0.8394
197 0.9387 0.4735 0.9271 0.8658 0.8374
198 0.9394 0.4636 0.9267 0.8668 0.8387
199 0.9394 0.4661 0.9257 0.8678 0.8385
