epoch train_iou train_loss train_mAP val_iou val_mAP
0 0.6050 0.3072 0.5323 0.6932 0.6220
1 0.6907 0.2940 0.6331 0.7477 0.7000
2 0.7451 0.2889 0.6924 0.7563 0.6956
3 0.7762 0.2961 0.7318 0.8018 0.7594
4 0.7976 0.3066 0.7522 0.8012 0.7620
5 0.8145 0.3163 0.7724 0.8164 0.7770
6 0.8005 0.3651 0.7538 0.8223 0.7832
7 0.7985 0.4047 0.7524 0.8179 0.7711
8 0.8010 0.4476 0.7562 0.8154 0.7742
9 0.7932 0.5111 0.7462 0.7868 0.7292
10 0.8035 0.5290 0.7605 0.8277 0.7929
11 0.8140 0.5232 0.7713 0.8252 0.7859
12 0.8278 0.5126 0.7868 0.8218 0.7837
13 0.8405 0.4999 0.8039 0.8468 0.8181
14 0.8553 0.4811 0.8188 0.8533 0.8202
15 0.8626 0.4719 0.8275 0.8575 0.8278
16 0.8550 0.5169 0.8194 0.8481 0.8120
17 0.8511 0.5631 0.8152 0.8551 0.8244
18 0.8494 0.5991 0.8146 0.8465 0.8177
19 0.8391 0.6950 0.8015 0.8502 0.8192
20 0.8480 0.6875 0.8105 0.8171 0.7836
21 0.8511 0.7015 0.8142 0.8335 0.7980
22 0.8617 0.6699 0.8260 0.8483 0.8182
23 0.8736 0.6204 0.8426 0.8592 0.8323
24 0.8851 0.5758 0.8532 0.8623 0.8341
25 0.8872 0.5822 0.8547 0.8653 0.8373
26 0.8863 0.6026 0.8547 0.8602 0.8327
27 0.8828 0.6532 0.8508 0.8594 0.8358
28 0.8784 0.7006 0.8447 0.8578 0.8294
29 0.8702 0.7626 0.8353 0.8512 0.8199
30 0.8616 0.8674 0.8275 0.8534 0.8221
31 0.8700 0.8381 0.8368 0.8466 0.8105
32 0.8847 0.7517 0.8524 0.8639 0.8361
33 0.8952 0.6983 0.8664 0.8628 0.8381
34 0.8980 0.6781 0.8676 0.8612 0.8349
35 0.8977 0.6762 0.8691 0.8634 0.8377
36 0.9037 0.6776 0.8753 0.8638 0.8380
37 0.8970 0.7206 0.8662 0.8660 0.8402
38 0.8912 0.8167 0.8606 0.8602 0.8337
39 0.8763 0.9198 0.8443 0.8648 0.8367
40 0.8768 0.9889 0.8439 0.8429 0.8118
41 0.8904 0.8906 0.8598 0.8562 0.8285
42 0.8973 0.8496 0.8676 0.8537 0.8271
43 0.9005 0.8007 0.8710 0.8659 0.8387
44 0.9080 0.7643 0.8810 0.8717 0.8469
45 0.9063 0.7908 0.8779 0.8693 0.8457
46 0.9076 0.8079 0.8791 0.8664 0.8424
47 0.9053 0.8281 0.8779 0.8693 0.8452
48 0.9004 0.8806 0.8724 0.8519 0.8212
49 0.8948 0.9639 0.8653 0.8606 0.8360
50 0.8847 1.1253 0.8526 0.8494 0.8213
51 0.8907 1.0295 0.8576 0.8406 0.8085
52 0.8978 0.9549 0.8677 0.8694 0.8465
53 0.9100 0.8257 0.8812 0.8627 0.8405
54 0.9123 0.8112 0.8869 0.8719 0.8478
55 0.9142 0.7673 0.8883 0.8714 0.8478
56 0.9113 0.7857 0.8839 0.8684 0.8437
57 0.9114 0.7789 0.8828 0.8699 0.8470
58 0.9028 0.8801 0.8762 0.8636 0.8360
59 0.8983 0.9391 0.8708 0.8608 0.8394
60 0.8964 1.0175 0.8672 0.8661 0.8416
61 0.9030 0.9109 0.8736 0.8694 0.8442
62 0.9105 0.8366 0.8835 0.8555 0.8267
63 0.9111 0.7959 0.8850 0.8649 0.8369
64 0.9194 0.7459 0.8963 0.8674 0.8414
65 0.9203 0.7360 0.8960 0.8634 0.8394
66 0.9185 0.7129 0.8934 0.8688 0.8421
67 0.9153 0.7523 0.8891 0.8601 0.8315
68 0.9105 0.8203 0.8858 0.8568 0.8325
69 0.9083 0.8405 0.8831 0.8569 0.8305
70 0.8994 0.9534 0.8719 0.8667 0.8421
71 0.9019 0.9066 0.8736 0.8689 0.8435
72 0.9100 0.8230 0.8837 0.8694 0.8452
73 0.9180 0.7418 0.8947 0.8700 0.8452
74 0.9198 0.7004 0.8955 0.8706 0.8464
75 0.9222 0.7077 0.8974 0.8721 0.8478
76 0.9210 0.6842 0.8969 0.8721 0.8464
77 0.9243 0.6934 0.9018 0.8720 0.8468
78 0.9179 0.7291 0.8930 0.8735 0.8523
79 0.9060 0.8989 0.8777 0.8589 0.8314
80 0.9036 0.9313 0.8770 0.8559 0.8272
81 0.9080 0.8863 0.8828 0.8712 0.8453
82 0.9090 0.8111 0.8836 0.8690 0.8440
83 0.9142 0.7735 0.8896 0.8752 0.8519
84 0.9167 0.7375 0.8910 0.8705 0.8474
85 0.9238 0.6768 0.9013 0.8752 0.8530
86 0.9240 0.6825 0.9012 0.8763 0.8542
87 0.9174 0.7165 0.8933 0.8764 0.8516
88 0.9179 0.7579 0.8950 0.8665 0.8407
89 0.9151 0.7605 0.8889 0.8695 0.8456
90 0.9095 0.8499 0.8821 0.8646 0.8412
91 0.9085 0.8561 0.8817 0.8639 0.8400
92 0.9144 0.7846 0.8911 0.8690 0.8384
93 0.9223 0.6975 0.8983 0.8670 0.8440
94 0.9234 0.6550 0.8994 0.8753 0.8521
95 0.9280 0.6245 0.9068 0.8765 0.8528
96 0.9288 0.6400 0.9075 0.8743 0.8518
97 0.9258 0.6549 0.9030 0.8664 0.8436
98 0.9233 0.6716 0.9015 0.8671 0.8456
99 0.9233 0.6948 0.8999 0.8676 0.8408
100 0.9202 0.6907 0.8970 0.8671 0.8428
101 0.9257 0.6668 0.9042 0.8677 0.8450
102 0.9308 0.6018 0.9108 0.8666 0.8421
103 0.9286 0.6239 0.9069 0.8690 0.8472
104 0.9290 0.5993 0.9071 0.8704 0.8486
105 0.9346 0.5862 0.9145 0.8714 0.8495
106 0.9329 0.5798 0.9124 0.8748 0.8525
107 0.9278 0.6116 0.9057 0.8755 0.8525
108 0.9291 0.6176 0.9095 0.8721 0.8479
109 0.9243 0.6487 0.9044 0.8655 0.8422
110 0.9221 0.6881 0.9007 0.8706 0.8480
111 0.9282 0.6263 0.9090 0.8621 0.8386
112 0.9331 0.5918 0.9121 0.8622 0.8388
113 0.9317 0.5808 0.9111 0.8722 0.8490
114 0.9329 0.5728 0.9133 0.8662 0.8436
115 0.9332 0.5741 0.9130 0.8680 0.8462
116 0.9306 0.5723 0.9090 0.8674 0.8441
117 0.9387 0.5461 0.9194 0.8770 0.8538
118 0.9325 0.5826 0.9128 0.8800 0.8578
119 0.9329 0.5865 0.9132 0.8644 0.8407
120 0.9299 0.6152 0.9101 0.8671 0.8432
121 0.9199 0.6905 0.8982 0.8668 0.8417
122 0.9301 0.5929 0.9101 0.8703 0.8445
123 0.9315 0.5751 0.9115 0.8710 0.8476
124 0.9306 0.5922 0.9119 0.8703 0.8474
125 0.9363 0.5340 0.9177 0.8664 0.8423
126 0.9360 0.5467 0.9176 0.8670 0.8448
127 0.9300 0.5606 0.9112 0.8714 0.8480
128 0.9328 0.5605 0.9148 0.8756 0.8535
129 0.9355 0.5644 0.9172 0.8672 0.8437
130 0.9281 0.5941 0.9084 0.8681 0.8441
131 0.9354 0.5644 0.9160 0.8710 0.8494
132 0.9354 0.5652 0.9166 0.8661 0.8436
133 0.9298 0.5675 0.9117 0.8624 0.8404
134 0.9332 0.5655 0.9139 0.8672 0.8464
135 0.9361 0.5240 0.9179 0.8642 0.8427
136 0.9376 0.5279 0.9199 0.8619 0.8401
137 0.9424 0.4956 0.9249 0.8655 0.8420
138 0.9354 0.5577 0.9163 0.8644 0.8395
139 0.9315 0.5688 0.9119 0.8635 0.8414
140 0.9242 0.6439 0.9034 0.8652 0.8409
141 0.9350 0.5679 0.9152 0.8635 0.8406
142 0.9381 0.5382 0.9210 0.8710 0.8494
143 0.9340 0.5589 0.9151 0.8608 0.8402
144 0.9398 0.5148 0.9226 0.8659 0.8440
145 0.9400 0.4915 0.9238 0.8670 0.8459
146 0.9390 0.5133 0.9224 0.8665 0.8425
147 0.9409 0.5029 0.9240 0.8705 0.8482
148 0.9363 0.5423 0.9183 0.8655 0.8424
149 0.9361 0.5389 0.9171 0.8692 0.8464
150 0.9322 0.5664 0.9137 0.8693 0.8480
151 0.9309 0.5804 0.9131 0.8773 0.8541
152 0.9319 0.5797 0.9127 0.8682 0.8478
153 0.9373 0.5126 0.9186 0.8744 0.8515
154 0.9359 0.5290 0.9187 0.8733 0.8502
155 0.9393 0.5012 0.9222 0.8788 0.8561
156 0.9366 0.5262 0.9198 0.8743 0.8534
157 0.9401 0.5129 0.9243 0.8685 0.8466
158 0.9422 0.4994 0.9246 0.8709 0.8485
159 0.9343 0.5526 0.9172 0.8644 0.8420
160 0.9377 0.5469 0.9180 0.8672 0.8471
161 0.9391 0.5012 0.9223 0.8638 0.8431
162 0.9380 0.5128 0.9217 0.8694 0.8451
163 0.9411 0.4954 0.9242 0.8719 0.8488
164 0.9412 0.4954 0.9256 0.8694 0.8464
165 0.9424 0.4838 0.9266 0.8688 0.8474
166 0.9447 0.4691 0.9302 0.8693 0.8464
167 0.9411 0.4882 0.9247 0.8732 0.8500
168 0.9402 0.4878 0.9231 0.8740 0.8498
169 0.9400 0.4877 0.9236 0.8715 0.8494
170 0.9401 0.4878 0.9236 0.8731 0.8492
171 0.9409 0.4826 0.9237 0.8774 0.8545
172 0.9417 0.4973 0.9264 0.8759 0.8525
173 0.9443 0.4526 0.9299 0.8721 0.8495
174 0.9405 0.4814 0.9252 0.8784 0.8536
175 0.9440 0.4808 0.9280 0.8780 0.8525
176 0.9418 0.4799 0.9253 0.8786 0.8545
177 0.9406 0.4796 0.9266 0.8735 0.8498
178 0.9433 0.4683 0.9279 0.8741 0.8507
179 0.9433 0.4655 0.9288 0.8711 0.8469
180 0.9415 0.4787 0.9256 0.8680 0.8467
181 0.9440 0.4540 0.9287 0.8752 0.8537
182 0.9411 0.4699 0.9256 0.8728 0.8503
183 0.9415 0.4816 0.9270 0.8761 0.8513
184 0.9420 0.4639 0.9277 0.8755 0.8535
185 0.9435 0.4630 0.9279 0.8713 0.8480
186 0.9439 0.4593 0.9281 0.8712 0.8463
187 0.9388 0.4791 0.9230 0.8745 0.8513
188 0.9454 0.4485 0.9311 0.8739 0.8507
189 0.9432 0.4585 0.9290 0.8729 0.8494
190 0.9434 0.4619 0.9287 0.8726 0.8483
191 0.9438 0.4591 0.9290 0.8719 0.8494
192 0.9463 0.4489 0.9304 0.8715 0.8478
193 0.9431 0.4752 0.9293 0.8709 0.8494
194 0.9433 0.4506 0.9284 0.8722 0.8490
195 0.9439 0.4628 0.9281 0.8736 0.8494
196 0.9444 0.4355 0.9305 0.8742 0.8506
197 0.9448 0.4510 0.9288 0.8725 0.8477
198 0.9448 0.4492 0.9306 0.8776 0.8521
199 0.9431 0.4603 0.9284 0.8688 0.8459
