epoch train_iou train_loss train_mAP val_iou val_mAP
0 0.5288 0.1697 0.4524 0.6847 0.6183
1 0.6746 0.1527 0.6163 0.7242 0.6704
2 0.7278 0.1605 0.6762 0.7534 0.7037
3 0.7591 0.1675 0.7109 0.7700 0.7222
4 0.7833 0.1757 0.7408 0.7900 0.7453
5 0.7910 0.1825 0.7497 0.7953 0.7542
6 0.7920 0.2058 0.7478 0.7948 0.7500
7 0.7901 0.2288 0.7470 0.7862 0.7459
8 0.7737 0.2752 0.7289 0.7812 0.7403
9 0.7742 0.3009 0.7302 0.7862 0.7466
10 0.7801 0.3179 0.7332 0.7646 0.7174
11 0.8037 0.3044 0.7648 0.8084 0.7673
12 0.8152 0.3015 0.7744 0.8181 0.7823
13 0.8319 0.2886 0.7958 0.8184 0.7809
14 0.8504 0.2730 0.8138 0.8311 0.8026
15 0.8529 0.2778 0.8186 0.8348 0.8038
16 0.8491 0.3002 0.8116 0.8360 0.8050
17 0.8357 0.3387 0.7996 0.8269 0.7895
18 0.8280 0.3657 0.7906 0.8050 0.7702
19 0.8278 0.4008 0.7923 0.8154 0.7743
20 0.8241 0.4223 0.7882 0.8223 0.7857
21 0.8312 0.4237 0.7947 0.8275 0.7958
22 0.8496 0.4010 0.8164 0.8005 0.7769
23 0.8589 0.3702 0.8242 0.8412 0.8109
24 0.8702 0.3511 0.8371 0.8462 0.8174
25 0.8728 0.3494 0.8412 0.8478 0.8156
26 0.8743 0.3663 0.8413 0.8411 0.8167
27 0.8674 0.3923 0.8378 0.8362 0.8050
28 0.8626 0.4349 0.8285 0.8385 0.8096
29 0.8508 0.4863 0.8166 0.8271 0.7857
30 0.8417 0.5311 0.8077 0.8143 0.7839
31 0.8503 0.5116 0.8171 0.8305 0.8011
32 0.8614 0.4704 0.8275 0.8459 0.8180
33 0.8772 0.4515 0.8463 0.8517 0.8221
34 0.8801 0.4259 0.8474 0.8616 0.8343
35 0.8897 0.4019 0.8578 0.8601 0.8325
36 0.8900 0.4115 0.8618 0.8575 0.8315
37 0.8884 0.4360 0.8571 0.8466 0.8191
38 0.8775 0.4866 0.8463 0.8466 0.8191
39 0.8728 0.5229 0.8410 0.8355 0.8042
40 0.8573 0.5966 0.8242 0.8259 0.7931
41 0.8654 0.5818 0.8350 0.8447 0.8160
42 0.8819 0.5083 0.8513 0.8433 0.8147
43 0.8896 0.4873 0.8605 0.8523 0.8251
44 0.8968 0.4556 0.8680 0.8591 0.8311
45 0.9017 0.4300 0.8724 0.8578 0.8314
46 0.8983 0.4533 0.8686 0.8577 0.8306
47 0.9000 0.4651 0.8714 0.8572 0.8304
48 0.8827 0.5431 0.8535 0.8536 0.8236
49 0.8776 0.5996 0.8482 0.8410 0.8159
50 0.8435 0.7775 0.8085 0.8005 0.7572
51 0.8650 0.7232 0.8310 0.8453 0.8144
52 0.8825 0.6066 0.8524 0.8466 0.8221
53 0.8896 0.5597 0.8612 0.8539 0.8297
54 0.8910 0.5478 0.8630 0.8569 0.8298
55 0.9035 0.5070 0.8750 0.8569 0.8303
56 0.9074 0.4967 0.8792 0.8589 0.8331
57 0.8953 0.5588 0.8667 0.8542 0.8243
58 0.8988 0.5808 0.8707 0.8573 0.8251
59 0.8865 0.6656 0.8578 0.8585 0.8297
60 0.8761 0.7176 0.8457 0.8427 0.8147
61 0.8870 0.6856 0.8570 0.8444 0.8137
62 0.8925 0.6372 0.8638 0.8582 0.8296
63 0.9005 0.6050 0.8721 0.8609 0.8309
64 0.9090 0.5520 0.8817 0.8633 0.8373
65 0.9106 0.5471 0.8838 0.8628 0.8362
66 0.9122 0.5343 0.8850 0.8630 0.8335
67 0.9091 0.5799 0.8823 0.8603 0.8347
68 0.8963 0.6374 0.8680 0.8653 0.8399
69 0.8995 0.6827 0.8710 0.8558 0.8267
70 0.8811 0.7836 0.8507 0.8416 0.8154
71 0.8872 0.7611 0.8612 0.8495 0.8221
72 0.8988 0.6864 0.8705 0.8577 0.8320
73 0.9002 0.6686 0.8735 0.8610 0.8317
74 0.9098 0.6249 0.8843 0.8575 0.8302
75 0.9143 0.5817 0.8892 0.8617 0.8365
76 0.9121 0.5973 0.8856 0.8632 0.8367
77 0.9111 0.6255 0.8845 0.8607 0.8329
78 0.9062 0.6611 0.8798 0.8576 0.8284
79 0.8934 0.7854 0.8663 0.8545 0.8250
80 0.8919 0.8472 0.8636 0.8451 0.8082
81 0.8924 0.8098 0.8623 0.8413 0.8089
82 0.8979 0.7805 0.8698 0.8551 0.8244
83 0.9074 0.6866 0.8834 0.8574 0.8315
84 0.9139 0.6602 0.8875 0.8573 0.8329
85 0.9141 0.6689 0.8880 0.8608 0.8344
86 0.9208 0.6227 0.8954 0.8621 0.8356
87 0.9124 0.6773 0.8868 0.8644 0.8375
88 0.9071 0.7434 0.8821 0.8549 0.8300
89 0.9074 0.7682 0.8823 0.8517 0.8292
90 0.8824 0.9868 0.8526 0.8529 0.8239
91 0.9062 0.8357 0.8784 0.8536 0.8255
92 0.9048 0.8070 0.8808 0.8700 0.8428
93 0.9128 0.7117 0.8868 0.8687 0.8425
94 0.9152 0.6972 0.8904 0.8699 0.8446
95 0.9150 0.6853 0.8900 0.8706 0.8465
96 0.9197 0.6851 0.8960 0.8692 0.8413
97 0.9140 0.7539 0.8886 0.8673 0.8456
98 0.9097 0.7749 0.8838 0.8520 0.8228
99 0.9043 0.8848 0.8780 0.8582 0.8270
100 0.9072 0.8220 0.8804 0.8552 0.8320
101 0.9129 0.7855 0.8880 0.8646 0.8367
102 0.9165 0.7096 0.8931 0.8676 0.8407
103 0.9217 0.6895 0.8961 0.8690 0.8435
104 0.9225 0.6651 0.8997 0.8695 0.8429
105 0.9241 0.6410 0.9007 0.8696 0.8429
106 0.9217 0.6738 0.8983 0.8682 0.8424
107 0.9221 0.6825 0.8987 0.8666 0.8409
108 0.9194 0.6738 0.8960 0.8649 0.8398
109 0.9188 0.6898 0.8963 0.8647 0.8369
110 0.9169 0.7209 0.8939 0.8608 0.8371
111 0.9168 0.7111 0.8940 0.8673 0.8400
112 0.9221 0.6746 0.8977 0.8747 0.8499
113 0.9203 0.6843 0.8972 0.8734 0.8481
114 0.9227 0.6434 0.9012 0.8729 0.8470
115 0.9258 0.6348 0.9036 0.8736 0.8474
116 0.9240 0.6387 0.9005 0.8736 0.8488
117 0.9272 0.6144 0.9047 0.8758 0.8498
118 0.9243 0.6371 0.9008 0.8712 0.8435
119 0.9215 0.6505 0.8971 0.8771 0.8501
120 0.9196 0.7098 0.8962 0.8657 0.8359
121 0.9154 0.7381 0.8917 0.8680 0.8407
122 0.9207 0.6767 0.8974 0.8596 0.8365
123 0.9260 0.6237 0.9034 0.8660 0.8400
124 0.9271 0.6268 0.9047 0.8642 0.8376
125 0.9304 0.5908 0.9100 0.8684 0.8425
126 0.9238 0.6104 0.9033 0.8665 0.8400
127 0.9286 0.6138 0.9073 0.8675 0.8409
128 0.9213 0.6529 0.8981 0.8600 0.8315
129 0.9207 0.6609 0.8982 0.8599 0.8319
130 0.9110 0.7358 0.8867 0.8628 0.8355
131 0.9230 0.6820 0.9008 0.8642 0.8379
132 0.9235 0.6647 0.9001 0.8708 0.8451
133 0.9286 0.6169 0.9087 0.8570 0.8345
134 0.9260 0.6086 0.9061 0.8695 0.8433
135 0.9328 0.5788 0.9131 0.8691 0.8434
136 0.9312 0.5846 0.9096 0.8707 0.8456
137 0.9307 0.5811 0.9103 0.8678 0.8448
138 0.9316 0.5872 0.9125 0.8721 0.8462
139 0.9243 0.6356 0.9029 0.8653 0.8397
140 0.9231 0.6696 0.9006 0.8630 0.8403
141 0.9268 0.6290 0.9048 0.8638 0.8403
142 0.9247 0.6436 0.9032 0.8649 0.8393
143 0.9279 0.6247 0.9076 0.8716 0.8460
144 0.9286 0.5962 0.9087 0.8704 0.8452
145 0.9314 0.5753 0.9124 0.8697 0.8430
146 0.9311 0.5731 0.9117 0.8688 0.8423
147 0.9336 0.5697 0.9138 0.8696 0.8439
148 0.9281 0.5893 0.9084 0.8681 0.8421
149 0.9246 0.6525 0.9030 0.8678 0.8413
150 0.9250 0.6708 0.9033 0.8571 0.8323
151 0.9263 0.6224 0.9068 0.8670 0.8409
152 0.9300 0.6058 0.9099 0.8671 0.8399
153 0.9281 0.6076 0.9072 0.8683 0.8422
154 0.9331 0.5723 0.9146 0.8667 0.8407
155 0.9298 0.5895 0.9104 0.8694 0.8451
156 0.9326 0.5898 0.9141 0.8670 0.8410
157 0.9312 0.5819 0.9119 0.8748 0.8493
158 0.9316 0.5630 0.9121 0.8629 0.8368
159 0.9284 0.6105 0.9086 0.8638 0.8400
160 0.9278 0.5851 0.9084 0.8708 0.8458
161 0.9300 0.5615 0.9121 0.8700 0.8446
162 0.9375 0.5222 0.9204 0.8700 0.8448
163 0.9358 0.5308 0.9167 0.8706 0.8442
164 0.9352 0.5231 0.9163 0.8720 0.8466
165 0.9372 0.5211 0.9206 0.8733 0.8476
166 0.9363 0.5297 0.9173 0.8731 0.8477
167 0.9376 0.5118 0.9202 0.8718 0.8464
168 0.9339 0.5449 0.9156 0.8725 0.8463
169 0.9368 0.5250 0.9188 0.8754 0.8482
170 0.9380 0.5114 0.9201 0.8633 0.8361
171 0.9335 0.5526 0.9135 0.8649 0.8382
172 0.9387 0.5056 0.9214 0.8647 0.8374
173 0.9350 0.5453 0.9154 0.8684 0.8422
174 0.9383 0.5076 0.9217 0.8684 0.8436
175 0.9344 0.5272 0.9154 0.8699 0.8430
176 0.9365 0.5240 0.9187 0.8673 0.8406
177 0.9391 0.5224 0.9217 0.8674 0.8421
178 0.9369 0.5247 0.9201 0.8698 0.8439
179 0.9387 0.5091 0.9217 0.8748 0.8502
180 0.9357 0.5109 0.9194 0.8745 0.8488
181 0.9355 0.5101 0.9195 0.8699 0.8445
182 0.9320 0.5380 0.9138 0.8713 0.8442
183 0.9350 0.5148 0.9177 0.8713 0.8448
184 0.9383 0.5103 0.9224 0.8702 0.8450
185 0.9394 0.4899 0.9228 0.8718 0.8464
186 0.9379 0.5051 0.9207 0.8699 0.8444
187 0.9414 0.4963 0.9244 0.8695 0.8450
188 0.9376 0.5227 0.9203 0.8718 0.8481
189 0.9363 0.5087 0.9196 0.8711 0.8463
190 0.9380 0.4976 0.9223 0.8671 0.8431
191 0.9412 0.4867 0.9255 0.8714 0.8458
192 0.9390 0.5060 0.9220 0.8718 0.8482
193 0.9365 0.5259 0.9187 0.8727 0.8475
194 0.9420 0.4828 0.9238 0.8726 0.8489
195 0.9361 0.5115 0.9189 0.8727 0.8492
196 0.9358 0.5191 0.9191 0.8733 0.8500
197 0.9402 0.4875 0.9243 0.8693 0.8447
198 0.9374 0.5016 0.9202 0.8708 0.8480
199 0.9399 0.4899 0.9234 0.8728 0.8480
