epoch train_iou train_loss train_mAP val_iou val_mAP
0 0.6048 0.1675 0.5312 0.7023 0.6488
1 0.6986 0.1555 0.6385 0.7473 0.6981
2 0.7457 0.1572 0.6978 0.7642 0.7161
3 0.7791 0.1643 0.7371 0.7819 0.7325
4 0.8112 0.1589 0.7718 0.8102 0.7736
5 0.8251 0.1667 0.7885 0.8159 0.7756
6 0.8194 0.1884 0.7809 0.8164 0.7785
7 0.8014 0.2273 0.7605 0.8041 0.7618
8 0.8048 0.2579 0.7630 0.7999 0.7525
9 0.7981 0.2891 0.7583 0.8057 0.7667
10 0.7986 0.3097 0.7558 0.7963 0.7544
11 0.8182 0.3023 0.7782 0.8140 0.7769
12 0.8317 0.2901 0.7953 0.8146 0.7840
13 0.8471 0.2736 0.8143 0.8377 0.7990
14 0.8730 0.2389 0.8419 0.8508 0.8155
15 0.8793 0.2358 0.8475 0.8497 0.8178
16 0.8747 0.2586 0.8433 0.8480 0.8175
17 0.8665 0.2959 0.8339 0.8332 0.7987
18 0.8512 0.3298 0.8187 0.8427 0.8091
19 0.8409 0.3943 0.8050 0.8333 0.8005
20 0.8377 0.4170 0.8045 0.8180 0.7754
21 0.8471 0.3897 0.8150 0.8421 0.8086
22 0.8651 0.3582 0.8330 0.8499 0.8205
23 0.8775 0.3320 0.8480 0.8443 0.8182
24 0.8824 0.3138 0.8520 0.8563 0.8246
25 0.8969 0.2867 0.8668 0.8525 0.8251
26 0.8920 0.3033 0.8629 0.8550 0.8239
27 0.8865 0.3398 0.8578 0.8493 0.8194
28 0.8785 0.3900 0.8472 0.8439 0.8093
29 0.8633 0.4436 0.8318 0.8392 0.8126
30 0.8599 0.4647 0.8268 0.8177 0.7793
31 0.8688 0.4598 0.8371 0.8531 0.8272
32 0.8753 0.4362 0.8451 0.8478 0.8189
33 0.8934 0.3676 0.8648 0.8492 0.8230
34 0.9057 0.3419 0.8784 0.8578 0.8320
35 0.9080 0.3361 0.8811 0.8584 0.8326
36 0.9106 0.3263 0.8836 0.8548 0.8271
37 0.9011 0.3769 0.8730 0.8487 0.8198
38 0.8962 0.4232 0.8688 0.8544 0.8249
39 0.8858 0.4811 0.8545 0.8420 0.8156
40 0.8703 0.5683 0.8373 0.8408 0.8107
41 0.8818 0.5307 0.8498 0.8554 0.8281
42 0.8885 0.4791 0.8615 0.8586 0.8281
43 0.9074 0.3981 0.8811 0.8635 0.8355
44 0.9107 0.4050 0.8835 0.8644 0.8377
45 0.9114 0.3772 0.8850 0.8633 0.8372
46 0.9128 0.3914 0.8864 0.8609 0.8335
47 0.9122 0.4063 0.8875 0.8616 0.8339
48 0.9046 0.4648 0.8759 0.8613 0.8319
49 0.8923 0.5359 0.8631 0.8626 0.8340
50 0.8818 0.6208 0.8494 0.8566 0.8263
51 0.8833 0.5861 0.8536 0.8475 0.8167
52 0.9001 0.4987 0.8730 0.8645 0.8373
53 0.9109 0.4546 0.8872 0.8544 0.8265
54 0.9137 0.4467 0.8863 0.8626 0.8375
55 0.9163 0.4259 0.8920 0.8636 0.8391
56 0.9187 0.4280 0.8961 0.8644 0.8378
57 0.9160 0.4475 0.8910 0.8655 0.8402
58 0.9080 0.5216 0.8816 0.8618 0.8321
59 0.8944 0.6263 0.8670 0.8520 0.8256
60 0.8920 0.6608 0.8649 0.8366 0.7995
61 0.8977 0.6213 0.8693 0.8515 0.8228
62 0.9074 0.5436 0.8812 0.8581 0.8327
63 0.9143 0.5092 0.8891 0.8588 0.8341
64 0.9231 0.4583 0.8997 0.8618 0.8390
65 0.9222 0.4492 0.9002 0.8643 0.8407
66 0.9220 0.4711 0.8984 0.8642 0.8371
67 0.9193 0.4966 0.8947 0.8649 0.8376
68 0.9093 0.5777 0.8839 0.8688 0.8417
69 0.9042 0.6426 0.8796 0.8581 0.8311
70 0.8985 0.6966 0.8717 0.8481 0.8186
71 0.8996 0.6784 0.8734 0.8587 0.8301
72 0.9123 0.6099 0.8887 0.8655 0.8347
73 0.9191 0.5482 0.8934 0.8643 0.8371
74 0.9291 0.4774 0.9083 0.8669 0.8386
75 0.9252 0.5029 0.9027 0.8674 0.8396
76 0.9270 0.5076 0.9047 0.8720 0.8439
77 0.9216 0.5334 0.8991 0.8731 0.8435
78 0.9152 0.6061 0.8919 0.8648 0.8331
79 0.9100 0.6652 0.8843 0.8573 0.8296
80 0.8983 0.7755 0.8713 0.8556 0.8267
81 0.9069 0.7295 0.8807 0.8566 0.8316
82 0.9163 0.6447 0.8910 0.8660 0.8386
83 0.9232 0.5895 0.9012 0.8686 0.8426
84 0.9299 0.5354 0.9090 0.8767 0.8461
85 0.9287 0.5472 0.9076 0.8774 0.8462
86 0.9261 0.5582 0.9052 0.8730 0.8439
87 0.9290 0.5558 0.9089 0.8644 0.8370
88 0.9265 0.5854 0.9056 0.8604 0.8343
89 0.9181 0.6964 0.8949 0.8668 0.8360
90 0.9070 0.8181 0.8826 0.8566 0.8310
91 0.9023 0.8257 0.8781 0.8538 0.8267
92 0.9223 0.6606 0.8994 0.8586 0.8313
93 0.9253 0.6219 0.9037 0.8730 0.8455
94 0.9255 0.6166 0.9032 0.8667 0.8397
95 0.9307 0.5593 0.9114 0.8711 0.8450
96 0.9312 0.5892 0.9110 0.8692 0.8406
97 0.9281 0.6056 0.9072 0.8691 0.8426
98 0.9278 0.6424 0.9062 0.8685 0.8372
99 0.9109 0.8049 0.8862 0.8600 0.8369
100 0.9183 0.7355 0.8965 0.8671 0.8405
101 0.9266 0.6443 0.9086 0.8632 0.8370
102 0.9284 0.6309 0.9079 0.8680 0.8425
103 0.9316 0.5934 0.9135 0.8695 0.8426
104 0.9409 0.5228 0.9243 0.8700 0.8435
105 0.9343 0.5617 0.9155 0.8698 0.8432
106 0.9380 0.5481 0.9194 0.8723 0.8464
107 0.9387 0.5479 0.9216 0.8698 0.8443
108 0.9349 0.5584 0.9163 0.8722 0.8449
109 0.9314 0.6091 0.9112 0.8686 0.8418
110 0.9300 0.6362 0.9111 0.8748 0.8476
111 0.9314 0.5979 0.9127 0.8724 0.8439
112 0.9361 0.5766 0.9165 0.8710 0.8454
113 0.9384 0.5343 0.9211 0.8704 0.8455
114 0.9361 0.5417 0.9171 0.8728 0.8462
115 0.9383 0.5306 0.9216 0.8729 0.8481
116 0.9346 0.5524 0.9172 0.8753 0.8491
117 0.9353 0.5406 0.9169 0.8773 0.8504
118 0.9399 0.5183 0.9218 0.8685 0.8414
119 0.9350 0.5664 0.9148 0.8680 0.8427
120 0.9344 0.5837 0.9168 0.8646 0.8386
121 0.9334 0.5793 0.9155 0.8724 0.8461
122 0.9358 0.5443 0.9181 0.8690 0.8411
123 0.9435 0.4969 0.9264 0.8691 0.8424
124 0.9395 0.5376 0.9234 0.8695 0.8411
125 0.9396 0.4978 0.9233 0.8686 0.8411
126 0.9423 0.4921 0.9268 0.8701 0.8419
127 0.9416 0.4994 0.9251 0.8707 0.8450
128 0.9396 0.5255 0.9242 0.8763 0.8515
129 0.9394 0.5317 0.9242 0.8748 0.8492
130 0.9345 0.5897 0.9178 0.8710 0.8479
131 0.9361 0.5831 0.9170 0.8717 0.8481
132 0.9351 0.5631 0.9181 0.8732 0.8476
133 0.9414 0.5005 0.9267 0.8689 0.8445
134 0.9424 0.5015 0.9269 0.8692 0.8456
135 0.9452 0.4760 0.9313 0.8748 0.8518
136 0.9456 0.4776 0.9306 0.8756 0.8524
137 0.9439 0.4711 0.9291 0.8752 0.8504
138 0.9414 0.4953 0.9267 0.8687 0.8424
139 0.9401 0.5198 0.9232 0.8703 0.8442
140 0.9329 0.5869 0.9137 0.8679 0.8450
141 0.9353 0.5650 0.9191 0.8735 0.8495
142 0.9384 0.5311 0.9219 0.8762 0.8512
143 0.9394 0.5240 0.9234 0.8752 0.8497
144 0.9436 0.4917 0.9284 0.8764 0.8530
145 0.9450 0.4582 0.9285 0.8774 0.8549
146 0.9478 0.4530 0.9331 0.8744 0.8514
147 0.9419 0.4882 0.9256 0.8748 0.8507
148 0.9451 0.4733 0.9292 0.8784 0.8524
149 0.9413 0.5250 0.9258 0.8724 0.8476
150 0.9350 0.5590 0.9160 0.8670 0.8382
151 0.9381 0.5249 0.9217 0.8677 0.8444
152 0.9408 0.5063 0.9244 0.8668 0.8429
153 0.9439 0.4806 0.9268 0.8707 0.8452
154 0.9463 0.4725 0.9312 0.8681 0.8446
155 0.9443 0.4765 0.9304 0.8668 0.8428
156 0.9453 0.4655 0.9298 0.8684 0.8455
157 0.9424 0.4951 0.9265 0.8690 0.8464
158 0.9398 0.5055 0.9233 0.8670 0.8402
159 0.9486 0.4659 0.9345 0.8713 0.8476
160 0.9455 0.4655 0.9301 0.8717 0.8504
161 0.9459 0.4509 0.9319 0.8750 0.8518
162 0.9479 0.4524 0.9339 0.8776 0.8530
163 0.9486 0.4454 0.9337 0.8772 0.8526
164 0.9470 0.4470 0.9333 0.8736 0.8494
165 0.9488 0.4368 0.9348 0.8714 0.8482
166 0.9512 0.4177 0.9399 0.8748 0.8505
167 0.9497 0.4259 0.9366 0.8720 0.8480
168 0.9495 0.4199 0.9378 0.8740 0.8466
169 0.9506 0.4204 0.9365 0.8736 0.8500
170 0.9482 0.4368 0.9353 0.8738 0.8482
171 0.9511 0.4170 0.9374 0.8691 0.8465
172 0.9497 0.4309 0.9377 0.8732 0.8493
173 0.9521 0.4030 0.9404 0.8706 0.8470
174 0.9518 0.4103 0.9384 0.8694 0.8471
175 0.9513 0.4021 0.9398 0.8716 0.8476
176 0.9513 0.4130 0.9380 0.8728 0.8479
177 0.9491 0.4282 0.9351 0.8715 0.8460
178 0.9518 0.4091 0.9382 0.8743 0.8504
179 0.9479 0.4213 0.9362 0.8752 0.8506
180 0.9531 0.3897 0.9421 0.8755 0.8512
181 0.9502 0.4085 0.9379 0.8753 0.8506
182 0.9499 0.4042 0.9370 0.8749 0.8494
183 0.9521 0.4021 0.9395 0.8757 0.8514
184 0.9514 0.4013 0.9378 0.8749 0.8512
185 0.9522 0.3985 0.9401 0.8760 0.8522
186 0.9558 0.3746 0.9443 0.8735 0.8482
187 0.9546 0.3936 0.9428 0.8747 0.8505
188 0.9549 0.3972 0.9429 0.8724 0.8485
189 0.9551 0.3885 0.9429 0.8698 0.8466
190 0.9545 0.3906 0.9418 0.8733 0.8493
191 0.9559 0.3933 0.9442 0.8753 0.8505
192 0.9515 0.4062 0.9385 0.8767 0.8504
193 0.9532 0.4050 0.9413 0.8732 0.8483
194 0.9528 0.4031 0.9404 0.8739 0.8499
195 0.9522 0.3952 0.9395 0.8750 0.8510
196 0.9514 0.3964 0.9412 0.8718 0.8479
197 0.9535 0.3847 0.9417 0.8743 0.8515
198 0.9520 0.3947 0.9401 0.8761 0.8520
199 0.9549 0.3829 0.9435 0.8750 0.8519
