epoch train_iou train_loss train_mAP val_iou val_mAP
0 0.5627 0.1681 0.4920 0.6680 0.5997
1 0.6918 0.1539 0.6355 0.7037 0.6457
2 0.7245 0.1670 0.6737 0.7687 0.7196
3 0.7582 0.1736 0.7107 0.7872 0.7437
4 0.7803 0.1861 0.7383 0.7681 0.7075
5 0.7960 0.1890 0.7539 0.7936 0.7505
6 0.7913 0.2141 0.7518 0.7854 0.7435
7 0.7799 0.2493 0.7374 0.7768 0.7359
8 0.7778 0.2828 0.7335 0.7586 0.7115
9 0.7707 0.3057 0.7228 0.7761 0.7231
10 0.7780 0.3282 0.7327 0.7684 0.7176
11 0.7879 0.3309 0.7491 0.8024 0.7608
12 0.8101 0.3151 0.7692 0.8031 0.7666
13 0.8189 0.3129 0.7819 0.8180 0.7780
14 0.8421 0.2964 0.8067 0.8266 0.7939
15 0.8480 0.2849 0.8140 0.8289 0.7956
16 0.8448 0.3109 0.8070 0.8261 0.7867
17 0.8449 0.3357 0.8100 0.8267 0.7890
18 0.8264 0.3871 0.7878 0.8153 0.7796
19 0.8187 0.4209 0.7789 0.8090 0.7676
20 0.8215 0.4436 0.7804 0.8094 0.7676
21 0.8227 0.4435 0.7855 0.8254 0.7939
22 0.8383 0.4283 0.8026 0.8246 0.7977
23 0.8460 0.4058 0.8151 0.8382 0.8095
24 0.8572 0.3785 0.8248 0.8421 0.8104
25 0.8674 0.3694 0.8347 0.8438 0.8146
26 0.8706 0.3853 0.8399 0.8406 0.8093
27 0.8577 0.4448 0.8231 0.8441 0.8117
28 0.8564 0.4534 0.8215 0.8305 0.7940
29 0.8459 0.5081 0.8108 0.8253 0.7861
30 0.8398 0.5385 0.8047 0.8226 0.7804
31 0.8464 0.5325 0.8133 0.8376 0.8021
32 0.8620 0.4820 0.8286 0.8372 0.8099
33 0.8689 0.4677 0.8336 0.8380 0.8052
34 0.8789 0.4370 0.8462 0.8448 0.8129
35 0.8862 0.4262 0.8558 0.8474 0.8180
36 0.8813 0.4560 0.8483 0.8489 0.8192
37 0.8735 0.4960 0.8407 0.8539 0.8211
38 0.8762 0.5102 0.8431 0.8448 0.8139
39 0.8584 0.5964 0.8259 0.8384 0.8029
40 0.8496 0.6715 0.8156 0.8183 0.7916
41 0.8575 0.6114 0.8229 0.8400 0.8110
42 0.8717 0.5732 0.8408 0.8360 0.8111
43 0.8811 0.5229 0.8489 0.8521 0.8232
44 0.8894 0.5060 0.8597 0.8539 0.8254
45 0.8911 0.4990 0.8632 0.8538 0.8239
46 0.8885 0.5089 0.8587 0.8566 0.8234
47 0.8905 0.5377 0.8599 0.8509 0.8219
48 0.8823 0.5771 0.8525 0.8417 0.8111
49 0.8772 0.6264 0.8457 0.8406 0.8100
50 0.8669 0.7075 0.8355 0.8428 0.8082
51 0.8741 0.6734 0.8419 0.8425 0.8130
52 0.8794 0.6249 0.8511 0.8422 0.8138
53 0.8885 0.5990 0.8564 0.8538 0.8246
54 0.8978 0.5434 0.8689 0.8525 0.8224
55 0.8983 0.5376 0.8712 0.8563 0.8261
56 0.8999 0.5479 0.8713 0.8565 0.8288
57 0.8971 0.5676 0.8679 0.8512 0.8261
58 0.8914 0.6106 0.8610 0.8423 0.8154
59 0.8756 0.7212 0.8431 0.8356 0.8085
60 0.8723 0.7666 0.8416 0.8430 0.8126
61 0.8802 0.7306 0.8485 0.8489 0.8196
62 0.8861 0.6973 0.8571 0.8528 0.8228
63 0.8994 0.6287 0.8690 0.8602 0.8299
64 0.9021 0.5953 0.8735 0.8595 0.8310
65 0.8980 0.6087 0.8698 0.8605 0.8316
66 0.8970 0.6224 0.8681 0.8613 0.8330
67 0.8973 0.6567 0.8697 0.8553 0.8313
68 0.8948 0.6928 0.8648 0.8526 0.8281
69 0.8838 0.7926 0.8522 0.8406 0.8080
70 0.8653 0.9429 0.8329 0.8383 0.8047
71 0.8777 0.8279 0.8456 0.8475 0.8152
72 0.8936 0.7415 0.8647 0.8602 0.8291
73 0.8991 0.7060 0.8707 0.8652 0.8358
74 0.9013 0.6618 0.8744 0.8625 0.8332
75 0.9087 0.6454 0.8815 0.8647 0.8350
76 0.9090 0.6395 0.8827 0.8639 0.8352
77 0.9053 0.6840 0.8771 0.8640 0.8335
78 0.8946 0.7732 0.8659 0.8431 0.8171
79 0.8965 0.7831 0.8667 0.8447 0.8126
80 0.8735 0.9480 0.8391 0.8365 0.8080
81 0.8803 0.9194 0.8504 0.8476 0.8201
82 0.8924 0.8327 0.8623 0.8558 0.8295
83 0.9016 0.7363 0.8726 0.8598 0.8311
84 0.9058 0.7292 0.8799 0.8565 0.8288
85 0.9094 0.6870 0.8858 0.8558 0.8286
86 0.9110 0.6974 0.8833 0.8583 0.8324
87 0.9074 0.7252 0.8823 0.8490 0.8232
88 0.8980 0.8099 0.8692 0.8583 0.8287
89 0.8925 0.9118 0.8645 0.8509 0.8269
90 0.8874 0.9703 0.8596 0.8442 0.8090
91 0.8877 0.9378 0.8586 0.8554 0.8260
92 0.8982 0.8467 0.8685 0.8560 0.8275
93 0.9091 0.7961 0.8818 0.8573 0.8297
94 0.9060 0.7891 0.8792 0.8671 0.8420
95 0.9119 0.7300 0.8882 0.8643 0.8380
96 0.9148 0.7470 0.8904 0.8578 0.8302
97 0.9130 0.7621 0.8869 0.8582 0.8306
98 0.9103 0.7924 0.8841 0.8458 0.8155
99 0.9027 0.9094 0.8752 0.8536 0.8242
100 0.9054 0.8648 0.8784 0.8589 0.8300
101 0.9124 0.7921 0.8854 0.8559 0.8273
102 0.9145 0.7798 0.8901 0.8584 0.8321
103 0.9148 0.7444 0.8893 0.8603 0.8354
104 0.9189 0.7228 0.8945 0.8615 0.8388
105 0.9216 0.6655 0.8968 0.8644 0.8400
106 0.9209 0.6865 0.8967 0.8637 0.8380
107 0.9155 0.7327 0.8898 0.8640 0.8369
108 0.9215 0.6924 0.8965 0.8570 0.8324
109 0.9165 0.7459 0.8922 0.8583 0.8280
110 0.9115 0.7667 0.8845 0.8566 0.8277
111 0.9127 0.7656 0.8888 0.8612 0.8335
112 0.9164 0.7485 0.8905 0.8607 0.8341
113 0.9190 0.7089 0.8952 0.8579 0.8304
114 0.9243 0.6714 0.9032 0.8657 0.8390
115 0.9162 0.7163 0.8913 0.8656 0.8374
116 0.9179 0.6787 0.8960 0.8663 0.8402
117 0.9221 0.6654 0.8998 0.8730 0.8475
118 0.9251 0.6608 0.9035 0.8668 0.8416
119 0.9166 0.7191 0.8926 0.8601 0.8353
120 0.9117 0.7822 0.8886 0.8554 0.8314
121 0.9186 0.7178 0.8950 0.8560 0.8275
122 0.9209 0.6954 0.8982 0.8664 0.8386
123 0.9245 0.6492 0.9022 0.8581 0.8324
124 0.9233 0.6574 0.9003 0.8659 0.8389
125 0.9215 0.6536 0.8973 0.8676 0.8404
126 0.9238 0.6378 0.9020 0.8682 0.8380
127 0.9196 0.6534 0.8982 0.8604 0.8360
128 0.9224 0.6733 0.8980 0.8551 0.8292
129 0.9284 0.6656 0.9060 0.8550 0.8253
130 0.9171 0.7394 0.8943 0.8685 0.8371
131 0.9179 0.7229 0.8945 0.8677 0.8415
132 0.9252 0.6544 0.9024 0.8609 0.8340
133 0.9219 0.6528 0.9006 0.8638 0.8372
134 0.9242 0.6559 0.9032 0.8676 0.8416
135 0.9247 0.6194 0.9030 0.8696 0.8421
136 0.9285 0.6041 0.9079 0.8671 0.8421
137 0.9274 0.6212 0.9053 0.8659 0.8375
138 0.9244 0.6723 0.9033 0.8674 0.8409
139 0.9232 0.6559 0.9014 0.8624 0.8354
140 0.9148 0.7226 0.8920 0.8655 0.8409
141 0.9206 0.6733 0.8975 0.8610 0.8290
142 0.9253 0.6524 0.9046 0.8652 0.8397
143 0.9226 0.6530 0.9011 0.8653 0.8386
144 0.9272 0.6105 0.9051 0.8672 0.8414
145 0.9311 0.5807 0.9104 0.8693 0.8435
146 0.9255 0.6141 0.9051 0.8633 0.8372
147 0.9272 0.6157 0.9071 0.8663 0.8393
148 0.9246 0.6190 0.9022 0.8689 0.8397
149 0.9261 0.6431 0.9038 0.8663 0.8381
150 0.9141 0.7511 0.8890 0.8635 0.8353
151 0.9179 0.7008 0.8956 0.8662 0.8399
152 0.9249 0.6544 0.9042 0.8638 0.8371
153 0.9264 0.6127 0.9054 0.8612 0.8319
154 0.9305 0.5841 0.9117 0.8660 0.8390
155 0.9282 0.5980 0.9094 0.8658 0.8382
156 0.9280 0.5996 0.9082 0.8682 0.8417
157 0.9280 0.6105 0.9067 0.8670 0.8386
158 0.9223 0.6800 0.9018 0.8633 0.8387
159 0.9243 0.6386 0.9040 0.8645 0.8406
160 0.9288 0.6067 0.9091 0.8698 0.8444
161 0.9303 0.5890 0.9112 0.8722 0.8455
162 0.9336 0.5697 0.9145 0.8694 0.8431
163 0.9293 0.5867 0.9115 0.8704 0.8441
164 0.9303 0.5742 0.9116 0.8693 0.8435
165 0.9321 0.5612 0.9139 0.8704 0.8432
166 0.9300 0.5730 0.9107 0.8704 0.8435
167 0.9326 0.5603 0.9140 0.8658 0.8402
168 0.9343 0.5536 0.9153 0.8715 0.8445
169 0.9337 0.5782 0.9144 0.8682 0.8446
170 0.9283 0.5927 0.9099 0.8687 0.8424
171 0.9294 0.5616 0.9107 0.8715 0.8444
172 0.9307 0.5694 0.9109 0.8696 0.8435
173 0.9303 0.5855 0.9114 0.8707 0.8444
174 0.9317 0.5447 0.9130 0.8709 0.8454
175 0.9347 0.5313 0.9163 0.8691 0.8432
176 0.9306 0.5659 0.9107 0.8697 0.8440
177 0.9293 0.5767 0.9096 0.8696 0.8436
178 0.9343 0.5314 0.9157 0.8698 0.8435
179 0.9315 0.5623 0.9128 0.8723 0.8470
180 0.9305 0.5815 0.9123 0.8720 0.8446
181 0.9327 0.5563 0.9133 0.8691 0.8432
182 0.9355 0.5376 0.9177 0.8724 0.8449
183 0.9370 0.5151 0.9186 0.8703 0.8434
184 0.9319 0.5653 0.9142 0.8722 0.8450
185 0.9325 0.5295 0.9136 0.8690 0.8424
186 0.9377 0.5043 0.9219 0.8703 0.8438
187 0.9373 0.5204 0.9199 0.8699 0.8435
188 0.9335 0.5574 0.9122 0.8695 0.8456
189 0.9377 0.5189 0.9213 0.8698 0.8451
190 0.9299 0.5505 0.9124 0.8709 0.8444
191 0.9362 0.5301 0.9162 0.8701 0.8454
192 0.9360 0.5213 0.9182 0.8683 0.8443
193 0.9360 0.5286 0.9179 0.8655 0.8420
194 0.9344 0.5176 0.9166 0.8686 0.8440
195 0.9323 0.5371 0.9139 0.8674 0.8429
196 0.9345 0.5306 0.9161 0.8687 0.8443
197 0.9378 0.5244 0.9194 0.8697 0.8454
198 0.9376 0.5179 0.9203 0.8710 0.8459
199 0.9310 0.5377 0.9119 0.8682 0.8434
