epoch train_iou train_loss train_mAP val_iou val_mAP
0 0.5870 0.1649 0.5127 0.6418 0.5616
1 0.6867 0.1622 0.6263 0.7377 0.6882
2 0.7508 0.1561 0.7010 0.7490 0.6990
3 0.7925 0.1495 0.7526 0.7894 0.7444
4 0.8207 0.1541 0.7823 0.8261 0.7884
5 0.8250 0.1652 0.7868 0.8306 0.7961
6 0.8320 0.1754 0.7963 0.8287 0.7956
7 0.8067 0.2163 0.7645 0.8145 0.7814
8 0.8048 0.2523 0.7638 0.7646 0.7282
9 0.8006 0.2822 0.7624 0.7995 0.7602
10 0.8042 0.3049 0.7680 0.8073 0.7741
11 0.8220 0.2809 0.7865 0.8346 0.8070
12 0.8403 0.2754 0.8040 0.8327 0.8045
13 0.8389 0.2852 0.8048 0.8489 0.8176
14 0.8697 0.2427 0.8392 0.8474 0.8201
15 0.8605 0.2702 0.8327 0.8529 0.8265
16 0.8675 0.2665 0.8402 0.8645 0.8364
17 0.8573 0.2958 0.8282 0.8550 0.8274
18 0.8461 0.3425 0.8147 0.8562 0.8289
19 0.8461 0.3671 0.8134 0.8402 0.8137
20 0.8313 0.4093 0.7977 0.8511 0.8210
21 0.8514 0.3904 0.8229 0.8622 0.8332
22 0.8635 0.3623 0.8355 0.8593 0.8322
23 0.8650 0.3537 0.8327 0.8628 0.8352
24 0.8786 0.3401 0.8519 0.8628 0.8369
25 0.8771 0.3416 0.8511 0.8668 0.8427
26 0.8926 0.3242 0.8671 0.8682 0.8428
27 0.8807 0.3708 0.8545 0.8630 0.8347
28 0.8760 0.3935 0.8520 0.8704 0.8385
29 0.8682 0.4509 0.8401 0.8519 0.8273
30 0.8483 0.5249 0.8198 0.8465 0.8263
31 0.8611 0.4798 0.8349 0.8469 0.8180
32 0.8778 0.4400 0.8498 0.8605 0.8319
33 0.8783 0.4332 0.8497 0.8643 0.8386
34 0.8910 0.3955 0.8671 0.8777 0.8484
35 0.8874 0.4245 0.8612 0.8803 0.8531
36 0.8896 0.4232 0.8633 0.8755 0.8471
37 0.8952 0.4232 0.8718 0.8740 0.8473
38 0.8865 0.4636 0.8598 0.8515 0.8141
39 0.8702 0.5177 0.8456 0.8691 0.8429
40 0.8619 0.5917 0.8365 0.8555 0.8266
41 0.8749 0.5425 0.8502 0.8613 0.8360
42 0.8913 0.4899 0.8660 0.8638 0.8426
43 0.8955 0.4727 0.8726 0.8705 0.8449
44 0.9014 0.4581 0.8811 0.8762 0.8503
45 0.8993 0.4533 0.8757 0.8753 0.8505
46 0.9004 0.4698 0.8778 0.8793 0.8550
47 0.9080 0.4535 0.8836 0.8647 0.8395
48 0.8940 0.5189 0.8719 0.8721 0.8444
49 0.8734 0.6181 0.8472 0.8635 0.8401
50 0.8801 0.6254 0.8552 0.8716 0.8453
51 0.8792 0.6184 0.8518 0.8564 0.8301
52 0.8922 0.5668 0.8687 0.8626 0.8372
53 0.9015 0.5262 0.8785 0.8793 0.8555
54 0.9111 0.4876 0.8899 0.8797 0.8581
55 0.9035 0.5045 0.8816 0.8819 0.8587
56 0.9106 0.5031 0.8899 0.8803 0.8569
57 0.9022 0.5416 0.8782 0.8726 0.8509
58 0.8939 0.5843 0.8701 0.8669 0.8451
59 0.8897 0.6558 0.8680 0.8703 0.8429
60 0.8886 0.6796 0.8666 0.8689 0.8422
61 0.8854 0.7207 0.8580 0.8720 0.8473
62 0.8995 0.6323 0.8747 0.8731 0.8475
63 0.8994 0.6303 0.8749 0.8791 0.8527
64 0.9136 0.5647 0.8920 0.8774 0.8535
65 0.9077 0.5733 0.8866 0.8789 0.8561
66 0.9143 0.5501 0.8930 0.8810 0.8565
67 0.9115 0.5971 0.8901 0.8740 0.8492
68 0.9029 0.6459 0.8818 0.8704 0.8511
69 0.9004 0.6791 0.8746 0.8670 0.8436
70 0.8738 0.8638 0.8473 0.8682 0.8435
71 0.8964 0.7294 0.8722 0.8736 0.8489
72 0.9012 0.7104 0.8788 0.8781 0.8557
73 0.9090 0.6410 0.8858 0.8752 0.8504
74 0.9174 0.5899 0.8990 0.8857 0.8616
75 0.9143 0.6108 0.8932 0.8826 0.8599
76 0.9138 0.6268 0.8917 0.8841 0.8597
77 0.9065 0.6620 0.8823 0.8771 0.8524
78 0.9080 0.6975 0.8887 0.8763 0.8489
79 0.9072 0.7328 0.8834 0.8774 0.8520
80 0.8900 0.8569 0.8652 0.8649 0.8381
81 0.8916 0.8414 0.8677 0.8734 0.8480
82 0.9092 0.7273 0.8868 0.8768 0.8535
83 0.9134 0.6924 0.8909 0.8776 0.8555
84 0.9152 0.6590 0.8953 0.8807 0.8560
85 0.9173 0.6647 0.8950 0.8821 0.8582
86 0.9266 0.5961 0.9087 0.8810 0.8557
87 0.9136 0.7016 0.8917 0.8837 0.8595
88 0.9024 0.8025 0.8767 0.8733 0.8464
89 0.9029 0.8069 0.8793 0.8786 0.8533
90 0.8826 0.9433 0.8579 0.8728 0.8459
91 0.9013 0.8939 0.8796 0.8726 0.8479
92 0.8977 0.8508 0.8749 0.8790 0.8555
93 0.9156 0.7597 0.8930 0.8769 0.8540
94 0.9178 0.7099 0.8974 0.8794 0.8569
95 0.9223 0.6892 0.9055 0.8786 0.8567
96 0.9144 0.7476 0.8939 0.8811 0.8594
97 0.9149 0.7675 0.8943 0.8780 0.8586
98 0.9111 0.8071 0.8913 0.8772 0.8554
99 0.8977 0.9257 0.8724 0.8708 0.8439
100 0.9139 0.7929 0.8949 0.8826 0.8621
101 0.9140 0.7860 0.8934 0.8817 0.8601
102 0.9203 0.7137 0.9011 0.8846 0.8626
103 0.9267 0.6741 0.9070 0.8850 0.8634
104 0.9263 0.6666 0.9063 0.8842 0.8626
105 0.9286 0.6459 0.9124 0.8824 0.8601
106 0.9269 0.6441 0.9096 0.8899 0.8656
107 0.9288 0.6597 0.9081 0.8888 0.8675
108 0.9259 0.6736 0.9058 0.8829 0.8634
109 0.9172 0.7421 0.8952 0.8826 0.8632
110 0.9171 0.7287 0.8996 0.8866 0.8634
111 0.9145 0.7836 0.8944 0.8798 0.8569
112 0.9244 0.6878 0.9058 0.8818 0.8600
113 0.9219 0.6936 0.9032 0.8833 0.8615
114 0.9285 0.6435 0.9103 0.8832 0.8617
115 0.9267 0.6403 0.9098 0.8834 0.8630
116 0.9263 0.6478 0.9071 0.8865 0.8645
117 0.9268 0.6587 0.9084 0.8837 0.8626
118 0.9224 0.6807 0.9028 0.8842 0.8600
119 0.9242 0.6823 0.9040 0.8814 0.8596
120 0.9162 0.7636 0.8969 0.8799 0.8575
121 0.9193 0.7377 0.9017 0.8833 0.8600
122 0.9207 0.7003 0.9006 0.8858 0.8616
123 0.9244 0.6541 0.9064 0.8848 0.8618
124 0.9293 0.6257 0.9109 0.8855 0.8622
125 0.9357 0.6000 0.9184 0.8843 0.8601
126 0.9357 0.5945 0.9188 0.8857 0.8621
127 0.9338 0.5978 0.9177 0.8856 0.8625
128 0.9306 0.6136 0.9126 0.8890 0.8644
129 0.9343 0.6094 0.9168 0.8848 0.8634
130 0.9223 0.6889 0.9062 0.8868 0.8627
131 0.9201 0.7397 0.9010 0.8849 0.8639
132 0.9323 0.6093 0.9122 0.8926 0.8691
133 0.9271 0.6214 0.9107 0.8903 0.8668
134 0.9336 0.5894 0.9172 0.8896 0.8655
135 0.9331 0.6115 0.9146 0.8907 0.8667
136 0.9291 0.6217 0.9106 0.8926 0.8679
137 0.9353 0.5770 0.9205 0.8849 0.8631
138 0.9328 0.5987 0.9162 0.8922 0.8687
139 0.9326 0.6134 0.9160 0.8862 0.8634
140 0.9215 0.6885 0.9013 0.8853 0.8626
141 0.9163 0.7267 0.8979 0.8872 0.8637
142 0.9308 0.6211 0.9143 0.8847 0.8646
143 0.9315 0.5977 0.9130 0.8905 0.8690
144 0.9406 0.5526 0.9271 0.8904 0.8669
145 0.9383 0.5481 0.9256 0.8911 0.8687
146 0.9372 0.5602 0.9204 0.8882 0.8668
147 0.9312 0.6119 0.9154 0.8875 0.8645
148 0.9395 0.5503 0.9259 0.8908 0.8690
149 0.9289 0.6399 0.9105 0.8869 0.8617
150 0.9237 0.6821 0.9028 0.8857 0.8614
151 0.9302 0.6369 0.9137 0.8880 0.8641
152 0.9311 0.6157 0.9117 0.8864 0.8644
153 0.9318 0.6237 0.9118 0.8886 0.8649
154 0.9313 0.5947 0.9144 0.8921 0.8709
155 0.9349 0.5865 0.9199 0.8946 0.8720
156 0.9349 0.5683 0.9193 0.8913 0.8701
157 0.9341 0.5769 0.9180 0.8902 0.8682
158 0.9347 0.5874 0.9182 0.8891 0.8671
159 0.9334 0.5918 0.9177 0.8930 0.8674
160 0.9378 0.5545 0.9205 0.8890 0.8655
161 0.9321 0.5958 0.9159 0.8911 0.8672
162 0.9326 0.6037 0.9152 0.8910 0.8676
163 0.9333 0.5799 0.9168 0.8928 0.8699
164 0.9366 0.5607 0.9210 0.8931 0.8705
165 0.9339 0.5640 0.9176 0.8932 0.8704
166 0.9367 0.5504 0.9197 0.8937 0.8702
167 0.9402 0.5345 0.9258 0.8937 0.8706
168 0.9332 0.5816 0.9189 0.8901 0.8676
169 0.9369 0.5549 0.9226 0.8918 0.8706
170 0.9402 0.5152 0.9244 0.8914 0.8694
171 0.9386 0.5343 0.9242 0.8966 0.8720
172 0.9383 0.5208 0.9239 0.8940 0.8710
173 0.9373 0.5397 0.9222 0.8962 0.8735
174 0.9404 0.5165 0.9261 0.8948 0.8721
175 0.9414 0.5215 0.9261 0.8931 0.8696
176 0.9428 0.4868 0.9288 0.8933 0.8699
177 0.9376 0.5305 0.9225 0.8930 0.8689
178 0.9392 0.5347 0.9270 0.8917 0.8681
179 0.9396 0.5102 0.9248 0.8956 0.8732
180 0.9379 0.5264 0.9246 0.8937 0.8706
181 0.9376 0.5535 0.9227 0.8906 0.8676
182 0.9385 0.5413 0.9233 0.8924 0.8687
183 0.9424 0.5039 0.9299 0.8927 0.8686
184 0.9402 0.5109 0.9267 0.8940 0.8710
185 0.9376 0.5345 0.9222 0.8942 0.8705
186 0.9383 0.5191 0.9244 0.8941 0.8701
187 0.9426 0.4884 0.9295 0.8924 0.8689
188 0.9421 0.5138 0.9268 0.8930 0.8704
189 0.9395 0.5135 0.9255 0.8963 0.8744
190 0.9386 0.5515 0.9237 0.8935 0.8697
191 0.9415 0.5233 0.9280 0.8920 0.8706
192 0.9368 0.5274 0.9210 0.8959 0.8734
193 0.9422 0.5249 0.9274 0.8940 0.8715
194 0.9408 0.5207 0.9244 0.8945 0.8715
195 0.9405 0.5169 0.9245 0.8932 0.8715
196 0.9463 0.4624 0.9332 0.8911 0.8691
197 0.9403 0.4906 0.9267 0.8923 0.8690
198 0.9373 0.5228 0.9229 0.8930 0.8706
199 0.9409 0.5204 0.9263 0.8955 0.8731
