epoch train_iou train_loss train_mAP val_iou val_mAP
0 0.6248 0.3065 0.5508 0.7258 0.6678
1 0.7340 0.2582 0.6782 0.7549 0.7014
2 0.7752 0.2689 0.7263 0.8079 0.7655
3 0.8080 0.2741 0.7708 0.8157 0.7828
4 0.8077 0.3041 0.7680 0.8139 0.7802
5 0.8088 0.3335 0.7664 0.8282 0.7929
6 0.8261 0.3438 0.7924 0.7972 0.7366
7 0.8222 0.3768 0.7868 0.8232 0.7921
8 0.8271 0.4037 0.7988 0.8221 0.7942
9 0.8405 0.4072 0.8079 0.8269 0.7944
10 0.8350 0.4395 0.8003 0.8472 0.8214
11 0.8466 0.4466 0.8111 0.8406 0.8126
12 0.8469 0.4834 0.8159 0.8285 0.8032
13 0.8356 0.5191 0.8022 0.8473 0.8216
14 0.8401 0.5519 0.8028 0.8276 0.7952
15 0.8402 0.5923 0.8074 0.8488 0.8199
16 0.8442 0.5784 0.8112 0.8558 0.8290
17 0.8435 0.6157 0.8090 0.8473 0.8199
18 0.8494 0.6298 0.8181 0.8444 0.8192
19 0.8638 0.6008 0.8355 0.8501 0.8268
20 0.8560 0.6461 0.8269 0.8465 0.8262
21 0.8618 0.6394 0.8318 0.8466 0.8225
22 0.8608 0.6647 0.8331 0.8508 0.8274
23 0.8638 0.6772 0.8339 0.8555 0.8241
24 0.8630 0.7080 0.8354 0.8498 0.8177
25 0.8627 0.7377 0.8354 0.8577 0.8350
26 0.8666 0.7113 0.8382 0.8555 0.8301
27 0.8729 0.7240 0.8478 0.8662 0.8430
28 0.8717 0.7450 0.8428 0.8572 0.8316
29 0.8687 0.7853 0.8402 0.8666 0.8411
30 0.8728 0.7998 0.8466 0.8299 0.8007
31 0.8671 0.8243 0.8396 0.8672 0.8438
32 0.8623 0.9121 0.8367 0.8683 0.8451
33 0.8752 0.8547 0.8468 0.8636 0.8425
34 0.8828 0.8244 0.8545 0.8475 0.8226
35 0.8717 0.8694 0.8471 0.8584 0.8392
36 0.8813 0.8463 0.8558 0.8650 0.8435
37 0.8742 0.9311 0.8474 0.8613 0.8381
38 0.8809 0.9153 0.8570 0.8613 0.8419
39 0.8805 0.9093 0.8544 0.8706 0.8487
40 0.8848 0.8989 0.8592 0.8671 0.8454
41 0.8823 0.9191 0.8600 0.8706 0.8486
42 0.8934 0.8707 0.8696 0.8758 0.8560
43 0.8888 0.9204 0.8649 0.8781 0.8581
44 0.9047 0.8153 0.8836 0.8795 0.8556
45 0.8956 0.8944 0.8713 0.8852 0.8629
46 0.9046 0.8448 0.8820 0.8857 0.8646
47 0.9072 0.8492 0.8841 0.8742 0.8554
48 0.9049 0.8482 0.8826 0.8766 0.8572
49 0.9091 0.8395 0.8861 0.8805 0.8619
50 0.8658 1.3023 0.8372 0.8528 0.8310
51 0.8580 1.3715 0.8281 0.8435 0.8210
52 0.8555 1.4126 0.8257 0.8384 0.8203
53 0.8592 1.3431 0.8323 0.8576 0.8329
54 0.8577 1.3472 0.8277 0.8553 0.8329
55 0.8650 1.2773 0.8371 0.8562 0.8310
56 0.8647 1.2896 0.8379 0.8611 0.8357
57 0.8799 1.1641 0.8554 0.8601 0.8387
58 0.8747 1.1966 0.8487 0.8586 0.8351
59 0.8788 1.1752 0.8535 0.8641 0.8451
60 0.8807 1.1552 0.8540 0.8655 0.8435
61 0.8735 1.2010 0.8446 0.8558 0.8286
62 0.8673 1.2621 0.8385 0.8641 0.8403
63 0.8839 1.1328 0.8562 0.8730 0.8470
64 0.8838 1.0970 0.8563 0.8654 0.8449
65 0.8910 1.0332 0.8677 0.8554 0.8341
66 0.8828 1.1045 0.8577 0.8643 0.8481
67 0.8930 1.0364 0.8683 0.8735 0.8521
68 0.8807 1.0892 0.8538 0.8686 0.8496
69 0.8812 1.1278 0.8553 0.8765 0.8572
70 0.8859 1.0783 0.8603 0.8759 0.8574
71 0.8960 1.0108 0.8742 0.8773 0.8544
72 0.8945 0.9972 0.8698 0.8680 0.8448
73 0.8881 1.0538 0.8644 0.8701 0.8497
74 0.8945 0.9904 0.8717 0.8821 0.8614
75 0.9006 0.9346 0.8763 0.8709 0.8529
76 0.8924 1.0158 0.8674 0.8773 0.8567
77 0.8999 0.9424 0.8767 0.8758 0.8564
78 0.8977 0.9698 0.8744 0.8784 0.8615
79 0.8982 0.9506 0.8756 0.8810 0.8602
80 0.9051 0.8979 0.8849 0.8770 0.8594
81 0.9100 0.8550 0.8909 0.8816 0.8609
82 0.9023 0.8868 0.8799 0.8720 0.8541
83 0.9101 0.8506 0.8868 0.8820 0.8622
84 0.9074 0.8470 0.8851 0.8820 0.8612
85 0.9048 0.9080 0.8824 0.8832 0.8625
86 0.9053 0.8760 0.8839 0.8863 0.8673
87 0.9057 0.8418 0.8853 0.8880 0.8680
88 0.9140 0.8013 0.8919 0.8810 0.8605
89 0.9090 0.8354 0.8852 0.8878 0.8666
90 0.9178 0.7853 0.8977 0.8833 0.8635
91 0.9182 0.7506 0.8977 0.8830 0.8643
92 0.9111 0.8184 0.8890 0.8832 0.8647
93 0.9217 0.7306 0.9029 0.8815 0.8625
94 0.9216 0.7151 0.9040 0.8845 0.8662
95 0.9282 0.6808 0.9099 0.8787 0.8632
96 0.9222 0.7195 0.8998 0.8834 0.8651
97 0.9213 0.7155 0.9018 0.8800 0.8611
98 0.9178 0.7674 0.8951 0.8796 0.8624
99 0.9254 0.6678 0.9061 0.8822 0.8641
100 0.9126 0.8133 0.8900 0.8741 0.8524
101 0.9044 0.9056 0.8821 0.8741 0.8544
102 0.9097 0.8721 0.8873 0.8828 0.8609
103 0.9031 0.9000 0.8807 0.8733 0.8561
104 0.9075 0.8617 0.8857 0.8717 0.8505
105 0.9059 0.8930 0.8831 0.8689 0.8484
106 0.9107 0.8271 0.8897 0.8778 0.8576
107 0.9015 0.9049 0.8778 0.8789 0.8597
108 0.9066 0.8516 0.8849 0.8791 0.8609
109 0.9154 0.7896 0.8948 0.8820 0.8614
110 0.9131 0.8107 0.8923 0.8820 0.8625
111 0.9073 0.8693 0.8846 0.8787 0.8580
112 0.9056 0.8828 0.8859 0.8733 0.8515
113 0.9071 0.8584 0.8869 0.8734 0.8564
114 0.9174 0.7989 0.8970 0.8872 0.8679
115 0.9124 0.8112 0.8910 0.8832 0.8641
116 0.9108 0.8299 0.8916 0.8787 0.8600
117 0.9145 0.7746 0.8903 0.8795 0.8616
118 0.9145 0.7818 0.8961 0.8840 0.8652
119 0.9188 0.7581 0.8990 0.8810 0.8632
120 0.9181 0.7485 0.8971 0.8744 0.8545
121 0.9191 0.7610 0.8987 0.8780 0.8609
122 0.9144 0.7923 0.8944 0.8712 0.8547
123 0.9209 0.7503 0.9022 0.8907 0.8707
124 0.9182 0.7371 0.8971 0.8799 0.8639
125 0.9200 0.7329 0.9017 0.8752 0.8601
126 0.9202 0.7310 0.9003 0.8776 0.8597
127 0.9214 0.7318 0.9010 0.8819 0.8633
128 0.9304 0.6355 0.9129 0.8851 0.8645
129 0.9283 0.6755 0.9093 0.8796 0.8602
130 0.9222 0.7127 0.9043 0.8774 0.8620
131 0.9159 0.7703 0.8962 0.8861 0.8672
132 0.9220 0.7277 0.9012 0.8886 0.8675
133 0.9240 0.6847 0.9052 0.8870 0.8674
134 0.9266 0.6908 0.9087 0.8826 0.8634
135 0.9258 0.6781 0.9069 0.8890 0.8700
136 0.9350 0.5902 0.9199 0.8892 0.8696
137 0.9266 0.6625 0.9100 0.8901 0.8689
138 0.9261 0.6725 0.9083 0.8870 0.8668
139 0.9303 0.6505 0.9127 0.8869 0.8685
140 0.9285 0.6655 0.9093 0.8866 0.8699
141 0.9241 0.6496 0.9055 0.8872 0.8706
142 0.9353 0.5763 0.9178 0.8864 0.8701
143 0.9354 0.5679 0.9188 0.8840 0.8659
144 0.9317 0.6051 0.9137 0.8839 0.8664
145 0.9309 0.6051 0.9148 0.8844 0.8666
146 0.9337 0.5863 0.9179 0.8900 0.8708
147 0.9341 0.5827 0.9190 0.8909 0.8719
148 0.9292 0.6338 0.9107 0.8902 0.8706
149 0.9316 0.6134 0.9149 0.8926 0.8736
150 0.9279 0.6446 0.9114 0.8881 0.8701
151 0.9305 0.6314 0.9147 0.8829 0.8640
152 0.9267 0.6784 0.9073 0.8829 0.8611
153 0.9334 0.6056 0.9166 0.8850 0.8656
154 0.9286 0.6431 0.9108 0.8811 0.8654
155 0.9263 0.6919 0.9072 0.8840 0.8669
156 0.9320 0.6344 0.9136 0.8831 0.8645
157 0.9283 0.6540 0.9108 0.8869 0.8694
158 0.9288 0.6233 0.9090 0.8901 0.8729
159 0.9283 0.6486 0.9113 0.8860 0.8665
160 0.9316 0.6387 0.9165 0.8885 0.8724
161 0.9229 0.6954 0.9061 0.8888 0.8712
162 0.9305 0.6324 0.9137 0.8841 0.8660
163 0.9318 0.6147 0.9172 0.8886 0.8730
164 0.9305 0.6148 0.9141 0.8869 0.8705
165 0.9352 0.5751 0.9178 0.8831 0.8667
166 0.9365 0.5929 0.9212 0.8931 0.8747
167 0.9300 0.6293 0.9135 0.8860 0.8670
168 0.9329 0.5929 0.9183 0.8938 0.8764
169 0.9305 0.6182 0.9135 0.8915 0.8728
170 0.9320 0.6155 0.9161 0.8858 0.8689
171 0.9268 0.6364 0.9107 0.8895 0.8716
172 0.9331 0.5944 0.9175 0.8886 0.8704
173 0.9278 0.6364 0.9117 0.8878 0.8714
174 0.9269 0.6399 0.9104 0.8880 0.8690
175 0.9317 0.6084 0.9161 0.8829 0.8654
176 0.9317 0.6118 0.9161 0.8822 0.8655
177 0.9404 0.5288 0.9250 0.8864 0.8684
178 0.9342 0.5860 0.9185 0.8882 0.8722
179 0.9346 0.5693 0.9213 0.8906 0.8737
180 0.9319 0.5988 0.9143 0.8887 0.8734
181 0.9381 0.5449 0.9227 0.8916 0.8737
182 0.9344 0.5850 0.9159 0.8902 0.8705
183 0.9357 0.5612 0.9200 0.8938 0.8757
184 0.9437 0.5025 0.9300 0.8869 0.8691
185 0.9414 0.5319 0.9269 0.8861 0.8683
186 0.9435 0.5045 0.9294 0.8905 0.8705
187 0.9380 0.5160 0.9243 0.8938 0.8771
188 0.9413 0.5128 0.9290 0.8867 0.8686
189 0.9374 0.5349 0.9235 0.8890 0.8720
190 0.9321 0.5763 0.9149 0.8938 0.8777
191 0.9342 0.5456 0.9205 0.8943 0.8764
192 0.9359 0.5473 0.9211 0.8939 0.8753
193 0.9388 0.5343 0.9249 0.8900 0.8735
194 0.9380 0.5326 0.9229 0.8912 0.8747
195 0.9365 0.5590 0.9218 0.8948 0.8771
196 0.9403 0.5177 0.9271 0.8971 0.8810
197 0.9430 0.5044 0.9302 0.8963 0.8806
198 0.9402 0.5260 0.9250 0.8972 0.8811
199 0.9429 0.5060 0.9298 0.8976 0.8808
