epoch train_iou train_loss train_mAP val_iou val_mAP
0 0.6074 0.3193 0.5352 0.7001 0.6516
1 0.7073 0.2841 0.6527 0.7593 0.7065
2 0.7466 0.2932 0.6989 0.7619 0.7190
3 0.7843 0.3036 0.7414 0.8121 0.7766
4 0.8038 0.2978 0.7611 0.8208 0.7916
5 0.8285 0.2981 0.7912 0.8298 0.7986
6 0.8252 0.3335 0.7861 0.8180 0.7841
7 0.8067 0.4104 0.7681 0.8135 0.7831
8 0.8016 0.4629 0.7608 0.8148 0.7837
9 0.8114 0.4968 0.7700 0.8099 0.7777
10 0.7967 0.5583 0.7535 0.8296 0.7930
11 0.8130 0.5332 0.7744 0.8442 0.8148
12 0.8240 0.5335 0.7866 0.8321 0.8091
13 0.8504 0.4847 0.8168 0.8430 0.8130
14 0.8613 0.4532 0.8298 0.8505 0.8225
15 0.8717 0.4448 0.8388 0.8553 0.8264
16 0.8765 0.4629 0.8454 0.8583 0.8307
17 0.8624 0.5359 0.8314 0.8430 0.8115
18 0.8546 0.5980 0.8215 0.8439 0.8180
19 0.8427 0.6860 0.8078 0.8451 0.8173
20 0.8307 0.7619 0.7947 0.8473 0.8227
21 0.8410 0.7526 0.8066 0.8552 0.8243
22 0.8616 0.6648 0.8289 0.8493 0.8197
23 0.8744 0.6366 0.8444 0.8631 0.8360
24 0.8815 0.6007 0.8511 0.8632 0.8406
25 0.8920 0.5450 0.8624 0.8658 0.8406
26 0.8864 0.6027 0.8598 0.8679 0.8449
27 0.8835 0.6442 0.8528 0.8638 0.8422
28 0.8709 0.7483 0.8381 0.8559 0.8330
29 0.8548 0.8414 0.8221 0.8535 0.8280
30 0.8465 0.9637 0.8131 0.8541 0.8248
31 0.8603 0.8878 0.8251 0.8564 0.8280
32 0.8791 0.7849 0.8470 0.8614 0.8375
33 0.8839 0.7507 0.8542 0.8764 0.8504
34 0.8972 0.6854 0.8691 0.8703 0.8443
35 0.9022 0.6456 0.8734 0.8728 0.8472
36 0.9010 0.6821 0.8714 0.8589 0.8336
37 0.8939 0.7412 0.8657 0.8675 0.8443
38 0.8854 0.8744 0.8546 0.8685 0.8395
39 0.8824 0.9297 0.8544 0.8687 0.8433
40 0.8659 1.0367 0.8368 0.8585 0.8313
41 0.8804 0.9605 0.8506 0.8548 0.8294
42 0.8822 0.9205 0.8518 0.8696 0.8462
43 0.8947 0.8557 0.8674 0.8526 0.8287
44 0.9031 0.7974 0.8752 0.8661 0.8426
45 0.9062 0.7466 0.8789 0.8661 0.8437
46 0.9113 0.7356 0.8842 0.8674 0.8462
47 0.9029 0.8549 0.8767 0.8709 0.8457
48 0.8942 0.9475 0.8652 0.8633 0.8369
49 0.8922 0.9953 0.8644 0.8604 0.8358
50 0.8772 1.1646 0.8467 0.8704 0.8454
51 0.8804 1.1447 0.8517 0.8623 0.8398
52 0.8967 0.9837 0.8658 0.8708 0.8446
53 0.9076 0.8393 0.8846 0.8717 0.8481
54 0.9075 0.8254 0.8819 0.8675 0.8429
55 0.9099 0.8014 0.8848 0.8660 0.8442
56 0.9081 0.8074 0.8835 0.8701 0.8468
57 0.9125 0.8073 0.8884 0.8730 0.8501
58 0.8999 0.9347 0.8733 0.8579 0.8346
59 0.8966 0.9783 0.8690 0.8676 0.8456
60 0.8867 1.0858 0.8575 0.8559 0.8389
61 0.8916 1.0056 0.8629 0.8728 0.8452
62 0.9036 0.8865 0.8786 0.8703 0.8468
63 0.9067 0.8434 0.8813 0.8788 0.8620
64 0.9106 0.7680 0.8865 0.8702 0.8469
65 0.9177 0.7086 0.8929 0.8704 0.8472
66 0.9162 0.7322 0.8916 0.8721 0.8496
67 0.9097 0.7812 0.8842 0.8766 0.8531
68 0.8971 0.8712 0.8735 0.8734 0.8494
69 0.8862 1.0353 0.8593 0.8733 0.8506
70 0.8953 0.9853 0.8664 0.8568 0.8362
71 0.8945 1.0069 0.8672 0.8676 0.8454
72 0.9000 0.8825 0.8733 0.8764 0.8524
73 0.9128 0.7821 0.8892 0.8699 0.8486
74 0.9136 0.7450 0.8898 0.8749 0.8536
75 0.9146 0.7202 0.8907 0.8749 0.8534
76 0.9150 0.7174 0.8934 0.8725 0.8508
77 0.9194 0.7175 0.8965 0.8769 0.8564
78 0.9114 0.8207 0.8866 0.8739 0.8537
79 0.8960 0.9512 0.8687 0.8674 0.8439
80 0.8874 1.0277 0.8633 0.8690 0.8437
81 0.8954 0.9884 0.8693 0.8625 0.8399
82 0.9040 0.8676 0.8782 0.8704 0.8491
83 0.9099 0.8064 0.8850 0.8623 0.8397
84 0.9139 0.7583 0.8910 0.8756 0.8527
85 0.9181 0.7201 0.8940 0.8693 0.8471
86 0.9205 0.6911 0.8971 0.8744 0.8526
87 0.9194 0.6810 0.8976 0.8786 0.8581
88 0.9093 0.8165 0.8856 0.8725 0.8496
89 0.9083 0.8134 0.8832 0.8511 0.8297
90 0.8948 0.9783 0.8662 0.8669 0.8459
91 0.8938 0.9712 0.8686 0.8526 0.8294
92 0.9074 0.8442 0.8821 0.8706 0.8453
93 0.9191 0.7039 0.8963 0.8799 0.8600
94 0.9185 0.7073 0.8977 0.8802 0.8606
95 0.9225 0.6508 0.9032 0.8739 0.8547
96 0.9156 0.6970 0.8955 0.8761 0.8549
97 0.9147 0.7071 0.8920 0.8753 0.8558
98 0.9142 0.7576 0.8910 0.8585 0.8361
99 0.9104 0.7977 0.8879 0.8594 0.8393
100 0.9122 0.7873 0.8890 0.8721 0.8509
101 0.9112 0.7370 0.8890 0.8663 0.8461
102 0.9140 0.7241 0.8934 0.8794 0.8598
103 0.9215 0.6686 0.9010 0.8791 0.8568
104 0.9200 0.6603 0.8999 0.8802 0.8593
105 0.9243 0.6272 0.9034 0.8818 0.8626
106 0.9271 0.6105 0.9081 0.8774 0.8589
107 0.9249 0.6014 0.9060 0.8777 0.8573
108 0.9208 0.6521 0.9005 0.8707 0.8526
109 0.9224 0.6476 0.9022 0.8688 0.8535
110 0.9187 0.7014 0.8983 0.8724 0.8531
111 0.9200 0.6688 0.9001 0.8692 0.8500
112 0.9228 0.6609 0.9038 0.8648 0.8469
113 0.9230 0.6244 0.9035 0.8709 0.8515
114 0.9235 0.6230 0.9056 0.8723 0.8548
115 0.9264 0.5858 0.9074 0.8720 0.8534
116 0.9259 0.5938 0.9071 0.8749 0.8550
117 0.9273 0.5875 0.9084 0.8690 0.8522
118 0.9239 0.6003 0.9040 0.8804 0.8622
119 0.9211 0.6293 0.9017 0.8734 0.8547
120 0.9183 0.6887 0.8982 0.8775 0.8595
121 0.9224 0.6436 0.9027 0.8765 0.8547
122 0.9208 0.6516 0.9013 0.8848 0.8647
123 0.9258 0.6091 0.9078 0.8807 0.8612
124 0.9322 0.5505 0.9150 0.8837 0.8641
125 0.9327 0.5567 0.9153 0.8861 0.8664
126 0.9285 0.5665 0.9107 0.8856 0.8649
127 0.9296 0.5687 0.9108 0.8835 0.8597
128 0.9255 0.6097 0.9072 0.8669 0.8466
129 0.9180 0.6910 0.8997 0.8738 0.8520
130 0.9200 0.6733 0.9001 0.8620 0.8390
131 0.9242 0.6552 0.9040 0.8699 0.8499
132 0.9265 0.5985 0.9087 0.8690 0.8511
133 0.9252 0.6070 0.9076 0.8723 0.8560
134 0.9325 0.5692 0.9169 0.8720 0.8529
135 0.9299 0.5590 0.9128 0.8725 0.8550
136 0.9326 0.5447 0.9160 0.8736 0.8569
137 0.9304 0.5646 0.9133 0.8751 0.8562
138 0.9307 0.5585 0.9135 0.8692 0.8482
139 0.9296 0.6007 0.9122 0.8705 0.8531
140 0.9265 0.6428 0.9092 0.8726 0.8516
141 0.9239 0.6236 0.9044 0.8685 0.8502
142 0.9248 0.5992 0.9095 0.8700 0.8540
143 0.9276 0.5658 0.9115 0.8775 0.8595
144 0.9296 0.5670 0.9135 0.8758 0.8604
145 0.9329 0.5438 0.9176 0.8777 0.8609
146 0.9358 0.5155 0.9214 0.8754 0.8595
147 0.9321 0.5473 0.9178 0.8723 0.8548
148 0.9279 0.5636 0.9120 0.8730 0.8563
149 0.9251 0.6105 0.9060 0.8808 0.8628
150 0.9198 0.6707 0.9015 0.8759 0.8595
151 0.9241 0.6268 0.9070 0.8747 0.8564
152 0.9317 0.5988 0.9151 0.8757 0.8574
153 0.9310 0.5567 0.9154 0.8758 0.8579
154 0.9291 0.5500 0.9133 0.8760 0.8597
155 0.9312 0.5301 0.9151 0.8785 0.8604
156 0.9315 0.5371 0.9145 0.8778 0.8614
157 0.9368 0.5158 0.9217 0.8770 0.8589
158 0.9345 0.5232 0.9189 0.8766 0.8627
159 0.9233 0.6266 0.9079 0.8809 0.8635
160 0.9350 0.5402 0.9202 0.8786 0.8631
161 0.9303 0.5441 0.9146 0.8832 0.8670
162 0.9336 0.5211 0.9180 0.8739 0.8571
163 0.9322 0.5168 0.9173 0.8807 0.8642
164 0.9368 0.5055 0.9226 0.8803 0.8644
165 0.9329 0.5151 0.9186 0.8821 0.8657
166 0.9365 0.4877 0.9215 0.8815 0.8645
167 0.9346 0.5266 0.9188 0.8817 0.8645
168 0.9342 0.5008 0.9201 0.8786 0.8620
169 0.9315 0.5066 0.9182 0.8820 0.8659
170 0.9354 0.5058 0.9196 0.8806 0.8633
171 0.9341 0.5162 0.9188 0.8754 0.8566
172 0.9394 0.4762 0.9269 0.8783 0.8595
173 0.9357 0.4963 0.9198 0.8777 0.8588
174 0.9364 0.4922 0.9206 0.8769 0.8597
175 0.9379 0.4845 0.9234 0.8790 0.8604
176 0.9395 0.4733 0.9258 0.8817 0.8651
177 0.9332 0.5027 0.9182 0.8795 0.8611
178 0.9394 0.4686 0.9253 0.8803 0.8608
179 0.9383 0.4923 0.9240 0.8805 0.8638
180 0.9361 0.4962 0.9220 0.8806 0.8626
181 0.9384 0.4759 0.9244 0.8835 0.8644
182 0.9395 0.4726 0.9258 0.8781 0.8602
183 0.9396 0.4737 0.9258 0.8769 0.8583
184 0.9370 0.4965 0.9243 0.8830 0.8642
185 0.9408 0.4683 0.9269 0.8842 0.8641
186 0.9368 0.4841 0.9232 0.8806 0.8617
187 0.9393 0.4730 0.9271 0.8819 0.8628
188 0.9407 0.4677 0.9275 0.8777 0.8604
189 0.9375 0.4764 0.9242 0.8836 0.8651
190 0.9397 0.4720 0.9262 0.8777 0.8616
191 0.9386 0.4676 0.9250 0.8828 0.8635
192 0.9397 0.4699 0.9252 0.8850 0.8681
193 0.9416 0.4631 0.9292 0.8796 0.8623
194 0.9416 0.4463 0.9297 0.8820 0.8639
195 0.9394 0.4602 0.9263 0.8842 0.8670
196 0.9403 0.4707 0.9280 0.8804 0.8599
197 0.9376 0.4716 0.9241 0.8826 0.8644
198 0.9360 0.4760 0.9237 0.8807 0.8618
199 0.9428 0.4609 0.9299 0.8853 0.8650
