epoch train_iou train_loss train_mAP val_iou val_mAP
0 0.6610 0.2755 0.5969 0.7557 0.7171
1 0.7492 0.2524 0.6962 0.7639 0.7254
2 0.7859 0.2497 0.7425 0.7976 0.7665
3 0.7934 0.2845 0.7514 0.8131 0.7775
4 0.8094 0.3020 0.7722 0.8139 0.7832
5 0.8001 0.3379 0.7571 0.8221 0.7871
6 0.8036 0.3767 0.7618 0.8350 0.7991
7 0.8241 0.3866 0.7836 0.8327 0.7955
8 0.8279 0.3992 0.7914 0.8469 0.8180
9 0.8346 0.4073 0.7997 0.8413 0.8114
10 0.8406 0.4320 0.8087 0.8540 0.8254
11 0.8365 0.4587 0.8056 0.8297 0.8009
12 0.8394 0.4882 0.8064 0.8372 0.7986
13 0.8431 0.4919 0.8111 0.8458 0.8209
14 0.8471 0.5232 0.8175 0.8455 0.8218
15 0.8521 0.5397 0.8214 0.8542 0.8334
16 0.8398 0.6135 0.8083 0.8475 0.8175
17 0.8380 0.6209 0.8044 0.8579 0.8299
18 0.8557 0.5954 0.8265 0.8542 0.8274
19 0.8574 0.6276 0.8280 0.8616 0.8392
20 0.8610 0.6321 0.8322 0.8525 0.8220
21 0.8586 0.6450 0.8314 0.8617 0.8361
22 0.8526 0.6827 0.8229 0.8551 0.8264
23 0.8602 0.6851 0.8326 0.8638 0.8428
24 0.8646 0.7087 0.8344 0.8578 0.8266
25 0.8604 0.7506 0.8314 0.8625 0.8351
26 0.8717 0.7306 0.8430 0.8682 0.8464
27 0.8627 0.7886 0.8323 0.8618 0.8369
28 0.8772 0.7366 0.8477 0.8569 0.8306
29 0.8697 0.7992 0.8445 0.8759 0.8510
30 0.8767 0.7663 0.8494 0.8715 0.8464
31 0.8674 0.8482 0.8388 0.8788 0.8556
32 0.8758 0.8111 0.8499 0.8614 0.8367
33 0.8710 0.8483 0.8431 0.8710 0.8439
34 0.8749 0.8270 0.8497 0.8725 0.8492
35 0.8749 0.8834 0.8479 0.8808 0.8546
36 0.8765 0.8923 0.8502 0.8718 0.8470
37 0.8889 0.8061 0.8628 0.8749 0.8503
38 0.8874 0.8412 0.8627 0.8775 0.8526
39 0.8898 0.8465 0.8651 0.8810 0.8553
40 0.8789 0.8946 0.8512 0.8744 0.8476
41 0.8980 0.8428 0.8749 0.8805 0.8553
42 0.8933 0.8633 0.8677 0.8750 0.8557
43 0.8954 0.8629 0.8728 0.8820 0.8600
44 0.8970 0.8657 0.8752 0.8857 0.8632
45 0.9057 0.8072 0.8827 0.8792 0.8550
46 0.9119 0.7728 0.8921 0.8830 0.8601
47 0.9022 0.8685 0.8797 0.8815 0.8601
48 0.9115 0.7941 0.8873 0.8791 0.8566
49 0.9166 0.7886 0.8953 0.8827 0.8611
50 0.8510 1.4272 0.8214 0.8561 0.8307
51 0.8656 1.2902 0.8382 0.8605 0.8355
52 0.8524 1.4256 0.8217 0.8659 0.8419
53 0.8570 1.3784 0.8284 0.8648 0.8406
54 0.8671 1.2547 0.8408 0.8699 0.8447
55 0.8688 1.2567 0.8427 0.8765 0.8507
56 0.8730 1.2721 0.8465 0.8718 0.8476
57 0.8688 1.2498 0.8411 0.8637 0.8396
58 0.8665 1.2636 0.8369 0.8674 0.8392
59 0.8763 1.2020 0.8483 0.8727 0.8476
60 0.8764 1.1819 0.8508 0.8798 0.8537
61 0.8772 1.1878 0.8466 0.8738 0.8486
62 0.8743 1.1813 0.8495 0.8691 0.8467
63 0.8816 1.1263 0.8549 0.8672 0.8422
64 0.8813 1.0923 0.8562 0.8700 0.8480
65 0.8797 1.1231 0.8533 0.8647 0.8411
66 0.8803 1.1335 0.8567 0.8203 0.7968
67 0.8753 1.1758 0.8441 0.8814 0.8590
68 0.8785 1.1200 0.8501 0.8649 0.8347
69 0.8903 1.0321 0.8677 0.8786 0.8555
70 0.8907 1.0073 0.8652 0.8786 0.8591
71 0.8917 0.9999 0.8686 0.8771 0.8535
72 0.8984 0.9866 0.8743 0.8775 0.8544
73 0.8912 1.0529 0.8651 0.8699 0.8490
74 0.8978 0.9822 0.8743 0.8815 0.8601
75 0.8986 0.9460 0.8747 0.8819 0.8575
76 0.8978 0.9538 0.8753 0.8823 0.8625
77 0.8983 0.9325 0.8766 0.8804 0.8589
78 0.9068 0.8839 0.8835 0.8316 0.8096
79 0.9116 0.8345 0.8892 0.8827 0.8614
80 0.9056 0.8832 0.8828 0.8852 0.8629
81 0.9108 0.8185 0.8905 0.8818 0.8576
82 0.9036 0.9203 0.8803 0.8885 0.8685
83 0.9108 0.8413 0.8883 0.8791 0.8559
84 0.9083 0.8603 0.8890 0.8843 0.8643
85 0.9113 0.8296 0.8872 0.8824 0.8626
86 0.9109 0.8256 0.8899 0.8839 0.8627
87 0.9082 0.8346 0.8895 0.8859 0.8660
88 0.9174 0.7770 0.8985 0.8780 0.8555
89 0.9154 0.8041 0.8947 0.8848 0.8639
90 0.9205 0.7476 0.8991 0.8804 0.8607
91 0.9156 0.7488 0.8957 0.8863 0.8654
92 0.9217 0.7227 0.9028 0.8898 0.8684
93 0.9188 0.7479 0.8983 0.8899 0.8692
94 0.9230 0.7054 0.9032 0.8867 0.8680
95 0.9206 0.7153 0.9035 0.8888 0.8686
96 0.9295 0.6795 0.9118 0.8892 0.8670
97 0.9237 0.7028 0.9020 0.8911 0.8700
98 0.9217 0.6826 0.9041 0.8893 0.8690
99 0.9243 0.6940 0.9042 0.8897 0.8691
100 0.9141 0.8066 0.8932 0.8874 0.8631
101 0.9085 0.8633 0.8849 0.8832 0.8602
102 0.9095 0.8417 0.8888 0.8761 0.8541
103 0.9056 0.8888 0.8822 0.8804 0.8577
104 0.9098 0.8556 0.8888 0.8816 0.8571
105 0.9105 0.8415 0.8897 0.8731 0.8514
106 0.9090 0.8691 0.8870 0.8809 0.8599
107 0.8994 0.9245 0.8770 0.8795 0.8571
108 0.9109 0.8228 0.8924 0.8782 0.8577
109 0.9132 0.8089 0.8929 0.8862 0.8616
110 0.9145 0.7996 0.8928 0.8762 0.8559
111 0.9128 0.8115 0.8936 0.8829 0.8636
112 0.9148 0.7895 0.8924 0.8937 0.8706
113 0.9146 0.8097 0.8943 0.8807 0.8590
114 0.9254 0.6958 0.9055 0.8878 0.8662
115 0.9103 0.8371 0.8913 0.8867 0.8666
116 0.9173 0.7693 0.8975 0.8867 0.8633
117 0.9225 0.7174 0.9033 0.8916 0.8709
118 0.9170 0.7637 0.8961 0.8881 0.8676
119 0.9201 0.7464 0.9011 0.8889 0.8678
120 0.9205 0.7424 0.9022 0.8883 0.8631
121 0.9177 0.7467 0.8964 0.8850 0.8647
122 0.9249 0.6950 0.9063 0.8898 0.8690
123 0.9261 0.6796 0.9093 0.8896 0.8685
124 0.9197 0.7361 0.8975 0.8885 0.8666
125 0.9211 0.7554 0.9040 0.8913 0.8706
126 0.9252 0.6923 0.9065 0.8894 0.8701
127 0.9240 0.6974 0.9039 0.8914 0.8701
128 0.9221 0.7095 0.9035 0.8907 0.8691
129 0.9226 0.6909 0.9017 0.8951 0.8697
130 0.9266 0.6831 0.9077 0.8899 0.8675
131 0.9295 0.6430 0.9114 0.8901 0.8695
132 0.9289 0.6383 0.9127 0.8909 0.8696
133 0.9279 0.6463 0.9100 0.8893 0.8679
134 0.9318 0.6099 0.9152 0.8925 0.8700
135 0.9278 0.6631 0.9104 0.8883 0.8675
136 0.9304 0.6210 0.9110 0.8904 0.8699
137 0.9359 0.6023 0.9189 0.8927 0.8707
138 0.9378 0.5654 0.9237 0.8883 0.8674
139 0.9290 0.6562 0.9130 0.8954 0.8736
140 0.9293 0.6324 0.9124 0.8959 0.8730
141 0.9308 0.6136 0.9130 0.8896 0.8701
142 0.9340 0.6049 0.9197 0.8960 0.8757
143 0.9318 0.6078 0.9174 0.8944 0.8734
144 0.9403 0.5681 0.9257 0.9013 0.8777
145 0.9371 0.5707 0.9227 0.8966 0.8756
146 0.9366 0.5702 0.9225 0.8959 0.8716
147 0.9362 0.5847 0.9204 0.8966 0.8740
148 0.9381 0.5641 0.9247 0.8954 0.8740
149 0.9380 0.5602 0.9228 0.8954 0.8714
150 0.9359 0.5834 0.9215 0.8924 0.8702
151 0.9334 0.6060 0.9177 0.8910 0.8677
152 0.9258 0.6644 0.9087 0.8922 0.8730
153 0.9324 0.5960 0.9159 0.8917 0.8689
154 0.9331 0.6423 0.9167 0.8927 0.8720
155 0.9282 0.6480 0.9131 0.8891 0.8646
156 0.9293 0.6503 0.9134 0.8865 0.8662
157 0.9326 0.6130 0.9169 0.8916 0.8702
158 0.9283 0.6577 0.9098 0.8870 0.8627
159 0.9342 0.5917 0.9186 0.8895 0.8651
160 0.9285 0.6284 0.9120 0.8938 0.8728
161 0.9340 0.5988 0.9192 0.8905 0.8669
162 0.9390 0.5687 0.9241 0.8892 0.8690
163 0.9317 0.6179 0.9143 0.8913 0.8705
164 0.9356 0.5802 0.9202 0.8872 0.8682
165 0.9318 0.6031 0.9146 0.8904 0.8672
166 0.9402 0.5601 0.9260 0.8943 0.8728
167 0.9347 0.5867 0.9205 0.8914 0.8702
168 0.9388 0.5519 0.9250 0.8942 0.8702
169 0.9335 0.6030 0.9185 0.8903 0.8692
170 0.9392 0.5590 0.9260 0.8954 0.8725
171 0.9335 0.5767 0.9190 0.8896 0.8696
172 0.9378 0.5702 0.9230 0.8904 0.8675
173 0.9412 0.5323 0.9287 0.8947 0.8714
174 0.9356 0.5744 0.9210 0.8913 0.8709
175 0.9333 0.5821 0.9193 0.8923 0.8705
176 0.9356 0.5762 0.9197 0.8892 0.8692
177 0.9411 0.5329 0.9268 0.8931 0.8716
178 0.9379 0.5629 0.9232 0.8912 0.8681
179 0.9396 0.5547 0.9258 0.8921 0.8687
180 0.9331 0.5815 0.9167 0.8963 0.8726
181 0.9442 0.4969 0.9309 0.8943 0.8737
182 0.9393 0.5425 0.9255 0.8918 0.8693
183 0.9353 0.5729 0.9201 0.8994 0.8774
184 0.9374 0.5626 0.9233 0.8935 0.8732
185 0.9398 0.5359 0.9267 0.8925 0.8704
186 0.9396 0.5292 0.9263 0.8925 0.8712
187 0.9417 0.5208 0.9288 0.8965 0.8750
188 0.9398 0.5232 0.9269 0.8935 0.8708
189 0.9440 0.5142 0.9314 0.8910 0.8682
190 0.9400 0.5323 0.9258 0.8917 0.8700
191 0.9406 0.5208 0.9281 0.8954 0.8716
192 0.9422 0.5111 0.9282 0.8939 0.8701
193 0.9402 0.5244 0.9255 0.8951 0.8720
194 0.9471 0.4782 0.9356 0.8914 0.8701
195 0.9423 0.5132 0.9300 0.8943 0.8717
196 0.9450 0.4918 0.9309 0.8945 0.8724
197 0.9431 0.5074 0.9297 0.8950 0.8735
198 0.9467 0.4741 0.9352 0.8957 0.8732
199 0.9432 0.5068 0.9298 0.8948 0.8732
