epoch train_iou train_loss train_mAP val_iou val_mAP
0 0.5754 0.1699 0.4978 0.6668 0.6214
1 0.6893 0.1517 0.6348 0.7485 0.6980
2 0.7374 0.1609 0.6868 0.7556 0.7076
3 0.7793 0.1580 0.7337 0.8074 0.7681
4 0.8098 0.1561 0.7687 0.8024 0.7676
5 0.8250 0.1662 0.7875 0.8132 0.7779
6 0.8204 0.1821 0.7828 0.8101 0.7726
7 0.8073 0.2204 0.7693 0.7888 0.7525
8 0.7979 0.2678 0.7535 0.8045 0.7660
9 0.7977 0.2776 0.7548 0.8043 0.7614
10 0.7783 0.3317 0.7365 0.7822 0.7346
11 0.8204 0.2865 0.7824 0.8026 0.7735
12 0.8404 0.2787 0.8095 0.8244 0.7904
13 0.8381 0.2826 0.8065 0.8350 0.8037
14 0.8546 0.2717 0.8229 0.8390 0.8035
15 0.8673 0.2696 0.8381 0.8461 0.8134
16 0.8591 0.2834 0.8274 0.8457 0.8129
17 0.8660 0.2923 0.8368 0.8442 0.8163
18 0.8557 0.3316 0.8242 0.8435 0.8120
19 0.8338 0.4038 0.8028 0.8273 0.7871
20 0.8388 0.3994 0.8066 0.8277 0.7961
21 0.8585 0.3660 0.8305 0.8399 0.8097
22 0.8615 0.3834 0.8260 0.8398 0.8165
23 0.8615 0.3728 0.8330 0.8502 0.8190
24 0.8796 0.3420 0.8545 0.8552 0.8282
25 0.8847 0.3329 0.8592 0.8553 0.8296
26 0.8824 0.3428 0.8545 0.8616 0.8353
27 0.8803 0.3702 0.8561 0.8580 0.8280
28 0.8712 0.4288 0.8446 0.8419 0.8168
29 0.8569 0.4694 0.8273 0.8449 0.8177
30 0.8610 0.4853 0.8315 0.8453 0.8150
31 0.8643 0.4836 0.8360 0.8505 0.8255
32 0.8821 0.4391 0.8527 0.8531 0.8263
33 0.8845 0.4276 0.8580 0.8686 0.8413
34 0.8853 0.4117 0.8604 0.8717 0.8468
35 0.8970 0.3838 0.8735 0.8742 0.8496
36 0.8938 0.4111 0.8682 0.8665 0.8428
37 0.8998 0.3999 0.8748 0.8568 0.8334
38 0.8933 0.4591 0.8682 0.8560 0.8366
39 0.8701 0.5349 0.8426 0.8546 0.8256
40 0.8712 0.5721 0.8457 0.8465 0.8200
41 0.8776 0.5566 0.8520 0.8539 0.8260
42 0.8858 0.5220 0.8607 0.8591 0.8370
43 0.8886 0.4947 0.8633 0.8642 0.8380
44 0.8950 0.4745 0.8690 0.8752 0.8514
45 0.9095 0.4124 0.8870 0.8726 0.8486
46 0.9104 0.4447 0.8893 0.8721 0.8485
47 0.9013 0.4846 0.8759 0.8668 0.8388
48 0.8901 0.5225 0.8637 0.8593 0.8344
49 0.8891 0.5808 0.8661 0.8653 0.8419
50 0.8777 0.6486 0.8499 0.8526 0.8293
51 0.8914 0.5880 0.8664 0.8628 0.8345
52 0.8935 0.5820 0.8719 0.8570 0.8342
53 0.8993 0.5303 0.8773 0.8694 0.8449
54 0.9062 0.5206 0.8831 0.8681 0.8436
55 0.9116 0.4896 0.8919 0.8691 0.8444
56 0.9034 0.5273 0.8804 0.8710 0.8476
57 0.9104 0.5121 0.8889 0.8667 0.8407
58 0.8936 0.6090 0.8685 0.8569 0.8331
59 0.8936 0.6442 0.8680 0.8596 0.8332
60 0.8837 0.7095 0.8588 0.8512 0.8237
61 0.8840 0.7048 0.8596 0.8608 0.8384
62 0.8989 0.6380 0.8750 0.8686 0.8432
63 0.9043 0.6081 0.8792 0.8742 0.8509
64 0.9075 0.5822 0.8868 0.8720 0.8489
65 0.9098 0.5481 0.8876 0.8753 0.8528
66 0.9058 0.5842 0.8831 0.8691 0.8489
67 0.9060 0.6224 0.8837 0.8779 0.8545
68 0.9095 0.6123 0.8879 0.8775 0.8537
69 0.8995 0.6857 0.8766 0.8578 0.8306
70 0.8810 0.8567 0.8563 0.8616 0.8398
71 0.8905 0.7645 0.8640 0.8622 0.8406
72 0.9042 0.6833 0.8788 0.8681 0.8487
73 0.9100 0.6575 0.8878 0.8721 0.8515
74 0.9087 0.6483 0.8889 0.8726 0.8520
75 0.9141 0.6169 0.8934 0.8738 0.8532
76 0.9156 0.5996 0.8947 0.8767 0.8534
77 0.9130 0.6568 0.8907 0.8762 0.8534
78 0.9070 0.7043 0.8842 0.8648 0.8465
79 0.9054 0.7231 0.8833 0.8640 0.8410
80 0.8927 0.8359 0.8679 0.8576 0.8355
81 0.9009 0.7861 0.8787 0.8640 0.8446
82 0.9057 0.7397 0.8839 0.8636 0.8414
83 0.9075 0.7590 0.8861 0.8688 0.8476
84 0.9151 0.6543 0.8935 0.8729 0.8514
85 0.9174 0.6693 0.8977 0.8721 0.8516
86 0.9173 0.6609 0.8989 0.8748 0.8539
87 0.9143 0.6938 0.8943 0.8727 0.8507
88 0.9183 0.7037 0.8975 0.8626 0.8360
89 0.9083 0.7900 0.8889 0.8567 0.8359
90 0.9011 0.8683 0.8768 0.8679 0.8425
91 0.9006 0.8705 0.8778 0.8679 0.8469
92 0.9084 0.8249 0.8863 0.8750 0.8545
93 0.9125 0.7588 0.8928 0.8796 0.8541
94 0.9161 0.7030 0.8947 0.8791 0.8549
95 0.9159 0.7315 0.8948 0.8805 0.8590
96 0.9167 0.7385 0.8955 0.8738 0.8535
97 0.9128 0.7749 0.8925 0.8827 0.8601
98 0.9188 0.7221 0.9011 0.8605 0.8419
99 0.9055 0.8650 0.8827 0.8607 0.8364
100 0.9138 0.8082 0.8925 0.8684 0.8480
101 0.9182 0.7591 0.8997 0.8715 0.8505
102 0.9202 0.7432 0.8978 0.8756 0.8544
103 0.9225 0.7185 0.9036 0.8769 0.8579
104 0.9275 0.6452 0.9097 0.8762 0.8553
105 0.9250 0.6770 0.9058 0.8762 0.8561
106 0.9220 0.7073 0.9027 0.8789 0.8599
107 0.9243 0.6828 0.9041 0.8758 0.8577
108 0.9281 0.6723 0.9122 0.8740 0.8540
109 0.9269 0.6768 0.9048 0.8763 0.8547
110 0.9209 0.7243 0.9013 0.8795 0.8532
111 0.9202 0.7439 0.9019 0.8752 0.8548
112 0.9272 0.6863 0.9081 0.8737 0.8552
113 0.9281 0.6594 0.9091 0.8757 0.8562
114 0.9282 0.6493 0.9102 0.8762 0.8562
115 0.9272 0.6285 0.9097 0.8763 0.8565
116 0.9260 0.6581 0.9079 0.8733 0.8537
117 0.9287 0.6329 0.9092 0.8777 0.8598
118 0.9276 0.6530 0.9080 0.8682 0.8511
119 0.9261 0.6856 0.9072 0.8788 0.8570
120 0.9282 0.6784 0.9096 0.8762 0.8540
121 0.9225 0.6869 0.9025 0.8805 0.8601
122 0.9220 0.7126 0.9009 0.8770 0.8576
123 0.9307 0.6182 0.9133 0.8826 0.8620
124 0.9305 0.6370 0.9106 0.8818 0.8621
125 0.9279 0.6236 0.9095 0.8819 0.8622
126 0.9307 0.6010 0.9147 0.8807 0.8596
127 0.9319 0.6493 0.9144 0.8785 0.8582
128 0.9312 0.6127 0.9110 0.8833 0.8647
129 0.9243 0.7015 0.9064 0.8809 0.8597
130 0.9220 0.6825 0.9013 0.8817 0.8581
131 0.9259 0.6845 0.9075 0.8715 0.8495
132 0.9286 0.6431 0.9125 0.8708 0.8537
133 0.9317 0.6243 0.9155 0.8743 0.8525
134 0.9339 0.6098 0.9172 0.8833 0.8631
135 0.9348 0.5746 0.9186 0.8745 0.8544
136 0.9372 0.5957 0.9201 0.8802 0.8606
137 0.9327 0.6061 0.9167 0.8747 0.8581
138 0.9320 0.6004 0.9137 0.8811 0.8620
139 0.9295 0.6280 0.9119 0.8800 0.8612
140 0.9329 0.6376 0.9169 0.8807 0.8585
141 0.9334 0.6281 0.9163 0.8767 0.8581
142 0.9315 0.6227 0.9139 0.8745 0.8544
143 0.9210 0.6848 0.9000 0.8773 0.8562
144 0.9351 0.5860 0.9192 0.8790 0.8612
145 0.9354 0.5680 0.9202 0.8806 0.8626
146 0.9331 0.5862 0.9188 0.8763 0.8587
147 0.9339 0.5938 0.9175 0.8795 0.8599
148 0.9337 0.5944 0.9184 0.8798 0.8582
149 0.9248 0.6411 0.9084 0.8769 0.8556
150 0.9219 0.7033 0.9035 0.8746 0.8534
151 0.9272 0.6569 0.9094 0.8734 0.8581
152 0.9296 0.6361 0.9143 0.8760 0.8564
153 0.9335 0.5778 0.9167 0.8747 0.8556
154 0.9334 0.5910 0.9170 0.8766 0.8577
155 0.9333 0.5859 0.9159 0.8775 0.8585
156 0.9294 0.6356 0.9118 0.8796 0.8605
157 0.9383 0.5431 0.9256 0.8764 0.8570
158 0.9316 0.5876 0.9152 0.8784 0.8566
159 0.9278 0.6512 0.9116 0.8786 0.8579
160 0.9337 0.5940 0.9164 0.8845 0.8636
161 0.9321 0.5959 0.9156 0.8848 0.8636
162 0.9342 0.5801 0.9173 0.8855 0.8657
163 0.9393 0.5402 0.9233 0.8865 0.8662
164 0.9367 0.5551 0.9209 0.8851 0.8640
165 0.9392 0.5313 0.9233 0.8853 0.8645
166 0.9394 0.5471 0.9243 0.8859 0.8659
167 0.9341 0.5761 0.9177 0.8840 0.8647
168 0.9386 0.5343 0.9227 0.8859 0.8649
169 0.9413 0.5318 0.9246 0.8838 0.8654
170 0.9374 0.5419 0.9220 0.8803 0.8611
171 0.9426 0.5070 0.9290 0.8797 0.8606
172 0.9358 0.5648 0.9187 0.8830 0.8632
173 0.9398 0.5144 0.9247 0.8822 0.8617
174 0.9366 0.5416 0.9206 0.8817 0.8615
175 0.9394 0.5219 0.9234 0.8824 0.8629
176 0.9389 0.5235 0.9212 0.8828 0.8630
177 0.9417 0.5084 0.9269 0.8822 0.8629
178 0.9353 0.5635 0.9219 0.8828 0.8650
179 0.9427 0.5342 0.9278 0.8825 0.8654
180 0.9444 0.4926 0.9307 0.8838 0.8657
181 0.9411 0.5058 0.9246 0.8860 0.8677
182 0.9433 0.4996 0.9281 0.8859 0.8689
183 0.9330 0.5326 0.9187 0.8822 0.8622
184 0.9442 0.5224 0.9303 0.8823 0.8630
185 0.9375 0.5204 0.9229 0.8826 0.8637
186 0.9416 0.5024 0.9276 0.8810 0.8637
187 0.9399 0.4933 0.9269 0.8829 0.8647
188 0.9370 0.5283 0.9214 0.8832 0.8651
189 0.9438 0.4888 0.9308 0.8824 0.8629
190 0.9399 0.5120 0.9261 0.8843 0.8651
191 0.9378 0.5349 0.9245 0.8826 0.8641
192 0.9386 0.5132 0.9249 0.8857 0.8670
193 0.9382 0.5287 0.9243 0.8835 0.8631
194 0.9396 0.5162 0.9248 0.8844 0.8650
195 0.9434 0.5058 0.9286 0.8839 0.8642
196 0.9328 0.5587 0.9149 0.8839 0.8655
197 0.9424 0.4980 0.9293 0.8816 0.8631
198 0.9348 0.5266 0.9216 0.8811 0.8616
199 0.9372 0.5203 0.9219 0.8812 0.8631
