epoch train_iou train_loss train_mAP val_iou val_mAP
0 0.5868 0.3687 0.5076 0.6484 0.5866
1 0.6761 0.3431 0.6139 0.7279 0.6831
2 0.7154 0.3540 0.6633 0.7227 0.6801
3 0.7348 0.3755 0.6837 0.7035 0.6535
4 0.7524 0.4010 0.7031 0.7718 0.7235
5 0.7823 0.4050 0.7388 0.7880 0.7502
6 0.7797 0.4413 0.7363 0.7988 0.7626
7 0.7804 0.4914 0.7342 0.7914 0.7637
8 0.7871 0.5103 0.7453 0.7854 0.7565
9 0.7975 0.5136 0.7556 0.8069 0.7786
10 0.7897 0.5835 0.7460 0.8016 0.7814
11 0.8034 0.5762 0.7653 0.8196 0.7871
12 0.8099 0.5918 0.7747 0.8192 0.7820
13 0.7937 0.6732 0.7546 0.7982 0.7639
14 0.8003 0.6863 0.7624 0.8155 0.7850
15 0.7935 0.7386 0.7550 0.7956 0.7540
16 0.8134 0.7294 0.7749 0.8036 0.7660
17 0.8209 0.7090 0.7841 0.8006 0.7689
18 0.7740 0.9854 0.7153 0.7102 0.6489
19 0.7782 0.9933 0.7278 0.8116 0.7732
20 0.8093 0.8534 0.7649 0.8095 0.7860
21 0.8177 0.8692 0.7783 0.8178 0.7777
22 0.8100 0.8971 0.7697 0.8279 0.7921
23 0.8286 0.8664 0.7890 0.8177 0.7915
24 0.8273 0.9104 0.7900 0.8143 0.7882
25 0.8327 0.9031 0.7938 0.8352 0.7985
26 0.8238 0.9657 0.7834 0.8296 0.7914
27 0.8305 0.9933 0.7861 0.7714 0.7234
28 0.8249 1.0064 0.7811 0.8342 0.7982
29 0.8403 0.9630 0.8014 0.8361 0.8112
30 0.8400 1.0066 0.8024 0.8320 0.7967
31 0.8513 0.9617 0.8162 0.8454 0.8153
32 0.8526 0.9695 0.8145 0.8456 0.8090
33 0.8525 0.9728 0.8160 0.8508 0.8203
34 0.8618 0.9492 0.8254 0.8581 0.8252
35 0.8613 0.9720 0.8247 0.8530 0.8220
36 0.8661 0.9593 0.8301 0.8550 0.8260
37 0.8558 1.0390 0.8212 0.8504 0.8196
38 0.8609 1.0385 0.8250 0.8384 0.8084
39 0.8500 1.1214 0.8166 0.8422 0.8173
40 0.8398 1.2954 0.8022 0.8478 0.8162
41 0.8524 1.2055 0.8155 0.8523 0.8266
42 0.8593 1.1467 0.8277 0.8493 0.8238
43 0.8627 1.1586 0.8289 0.8477 0.8183
44 0.8707 1.0790 0.8358 0.8612 0.8306
45 0.8690 1.1288 0.8366 0.8566 0.8285
46 0.8774 1.0829 0.8435 0.8467 0.8131
47 0.8624 1.2295 0.8270 0.8583 0.8297
48 0.8651 1.2231 0.8344 0.8570 0.8281
49 0.8642 1.2447 0.8297 0.8419 0.8086
50 0.8588 1.3447 0.8247 0.8495 0.8221
51 0.8649 1.2982 0.8328 0.8489 0.8169
52 0.8556 1.3378 0.8190 0.8465 0.8137
53 0.8609 1.3133 0.8221 0.8470 0.8106
54 0.8764 1.1606 0.8409 0.8544 0.8218
55 0.8726 1.1691 0.8370 0.8566 0.8245
56 0.8752 1.2006 0.8338 0.8507 0.8211
57 0.8723 1.2109 0.8361 0.8293 0.7940
58 0.8647 1.2509 0.8289 0.7510 0.7062
59 0.8516 1.4080 0.8141 0.8430 0.8118
60 0.8583 1.3501 0.8249 0.8317 0.7849
61 0.8628 1.2997 0.8260 0.8515 0.8207
62 0.8729 1.2278 0.8363 0.8303 0.8009
63 0.8690 1.2150 0.8310 0.8521 0.8263
64 0.8793 1.1223 0.8456 0.8478 0.8187
65 0.8833 1.0688 0.8478 0.8535 0.8248
66 0.8764 1.1851 0.8381 0.8352 0.8043
67 0.8734 1.1436 0.8375 0.8441 0.8164
68 0.8766 1.1232 0.8406 0.8457 0.8137
69 0.8754 1.1692 0.8381 0.8449 0.8130
70 0.8719 1.1721 0.8374 0.8465 0.8144
71 0.8748 1.1686 0.8403 0.8564 0.8260
72 0.8781 1.1336 0.8432 0.8467 0.8173
73 0.8720 1.1837 0.8359 0.8442 0.8145
74 0.8746 1.1523 0.8419 0.8440 0.8126
75 0.8792 1.1059 0.8465 0.8486 0.8187
76 0.8795 1.1228 0.8443 0.8443 0.8154
77 0.8756 1.1392 0.8425 0.8090 0.7509
78 0.8612 1.2528 0.8219 0.8496 0.8223
79 0.8673 1.2267 0.8308 0.8410 0.8125
80 0.8786 1.1606 0.8451 0.8371 0.8109
81 0.8728 1.1820 0.8376 0.8462 0.8244
82 0.8803 1.0768 0.8467 0.8513 0.8244
83 0.8863 1.0785 0.8524 0.8544 0.8292
84 0.8882 1.0276 0.8529 0.8555 0.8290
85 0.8874 1.0254 0.8567 0.8575 0.8306
86 0.8904 1.0271 0.8588 0.8526 0.8248
87 0.8854 1.0731 0.8525 0.8476 0.8179
88 0.8653 1.2804 0.8235 0.8270 0.7935
89 0.8608 1.3190 0.8207 0.8523 0.8235
90 0.8685 1.2518 0.8333 0.8455 0.8166
91 0.8776 1.1537 0.8424 0.8377 0.8121
92 0.8780 1.1413 0.8412 0.8585 0.8306
93 0.8796 1.1277 0.8477 0.8503 0.8242
94 0.8812 1.0840 0.8443 0.8508 0.8198
95 0.8861 1.0380 0.8516 0.8550 0.8248
96 0.8903 0.9998 0.8559 0.8502 0.8223
97 0.8591 1.2746 0.8166 0.8179 0.7906
98 0.8529 1.3861 0.8126 0.7960 0.7599
99 0.8245 1.6687 0.7785 0.8513 0.8227
100 0.8559 1.3504 0.8140 0.8460 0.8137
101 0.7968 1.8824 0.7255 0.7961 0.7477
102 0.8103 1.7269 0.7466 0.8014 0.7459
103 0.8239 1.5782 0.7661 0.8261 0.7837
104 0.8296 1.5528 0.7748 0.8251 0.7841
105 0.8375 1.4773 0.7848 0.8275 0.7834
106 0.8444 1.4167 0.7917 0.8291 0.7867
107 0.8452 1.4072 0.7926 0.8325 0.7919
108 0.8564 1.3203 0.8073 0.8373 0.8063
109 0.8574 1.3151 0.8101 0.8300 0.7959
110 0.8694 1.2108 0.8251 0.8372 0.8075
111 0.8669 1.2558 0.8249 0.8409 0.8125
112 0.8741 1.1514 0.8331 0.8422 0.8161
113 0.8819 1.0840 0.8440 0.8409 0.8125
114 0.8755 1.1382 0.8388 0.8456 0.8178
115 0.8802 1.0745 0.8408 0.8470 0.8178
116 0.8754 1.1237 0.8375 0.8429 0.8130
117 0.8850 1.0359 0.8494 0.8441 0.8149
118 0.8805 1.0786 0.8441 0.8443 0.8189
119 0.8806 1.0665 0.8427 0.8470 0.8134
120 0.8804 1.0880 0.8446 0.8514 0.8231
121 0.8823 1.0596 0.8461 0.8390 0.8129
122 0.8898 1.0012 0.8549 0.8438 0.8166
123 0.8889 0.9865 0.8544 0.8516 0.8215
124 0.8918 0.9604 0.8559 0.8551 0.8288
125 0.8930 0.9655 0.8589 0.8498 0.8234
126 0.8893 0.9866 0.8538 0.8467 0.8187
127 0.8901 0.9736 0.8551 0.8526 0.8250
128 0.8917 0.9613 0.8577 0.8436 0.8183
129 0.8870 1.0201 0.8556 0.8488 0.8243
130 0.8775 1.0715 0.8431 0.8515 0.8265
131 0.8895 0.9970 0.8559 0.8527 0.8281
132 0.8683 1.2361 0.8274 0.8498 0.8217
133 0.8803 1.1374 0.8413 0.8467 0.8198
134 0.8898 1.0260 0.8527 0.8495 0.8244
135 0.8850 1.0626 0.8492 0.8485 0.8212
136 0.8907 1.0039 0.8553 0.8525 0.8221
137 0.8880 1.0025 0.8523 0.8575 0.8276
138 0.8952 0.9675 0.8625 0.8377 0.8053
139 0.8900 0.9977 0.8542 0.8530 0.8252
140 0.8876 1.0094 0.8540 0.8638 0.8383
141 0.8916 0.9783 0.8593 0.8474 0.8169
142 0.8929 0.9467 0.8605 0.8543 0.8271
143 0.9009 0.9164 0.8692 0.8614 0.8314
144 0.8957 0.9179 0.8617 0.8633 0.8342
145 0.8956 0.9190 0.8630 0.8660 0.8387
146 0.8981 0.8989 0.8662 0.8608 0.8328
147 0.8919 0.9520 0.8570 0.8495 0.8197
148 0.9008 0.8890 0.8694 0.8594 0.8312
149 0.9011 0.9142 0.8681 0.8576 0.8295
150 0.8862 1.0063 0.8520 0.8500 0.8138
151 0.8837 1.0504 0.8458 0.8598 0.8304
152 0.8916 1.0113 0.8565 0.8539 0.8235
153 0.8950 0.9595 0.8615 0.8645 0.8363
154 0.8993 0.9025 0.8667 0.8565 0.8281
155 0.9018 0.8804 0.8689 0.8600 0.8338
156 0.8991 0.9048 0.8664 0.8539 0.8255
157 0.8934 0.9501 0.8618 0.8535 0.8242
158 0.8857 1.0610 0.8501 0.8535 0.8251
159 0.8987 0.9557 0.8646 0.8578 0.8298
160 0.8941 0.9600 0.8602 0.8599 0.8338
161 0.8990 0.8959 0.8670 0.8558 0.8295
162 0.9007 0.9053 0.8652 0.8540 0.8274
163 0.8990 0.8925 0.8649 0.8514 0.8262
164 0.9016 0.8861 0.8697 0.8530 0.8260
165 0.8984 0.8796 0.8659 0.8544 0.8263
166 0.9000 0.8636 0.8679 0.8547 0.8274
167 0.8992 0.9077 0.8641 0.8471 0.8206
168 0.9028 0.8843 0.8706 0.8603 0.8342
169 0.9019 0.8616 0.8683 0.8550 0.8288
170 0.9034 0.8405 0.8727 0.8590 0.8329
171 0.9067 0.8367 0.8757 0.8520 0.8241
172 0.9008 0.8775 0.8691 0.8551 0.8286
173 0.9002 0.8729 0.8708 0.8520 0.8245
174 0.9011 0.8801 0.8672 0.8485 0.8205
175 0.9054 0.8177 0.8734 0.8550 0.8281
176 0.9072 0.8132 0.8753 0.8607 0.8330
177 0.9024 0.8506 0.8702 0.8605 0.8323
178 0.9047 0.8325 0.8729 0.8579 0.8313
179 0.9002 0.8556 0.8690 0.8551 0.8281
180 0.9076 0.8270 0.8777 0.8591 0.8322
181 0.9132 0.7603 0.8821 0.8566 0.8309
182 0.9037 0.8383 0.8731 0.8476 0.8206
183 0.9072 0.8103 0.8769 0.8601 0.8333
184 0.9061 0.8270 0.8763 0.8568 0.8317
185 0.9088 0.7972 0.8774 0.8578 0.8321
186 0.9069 0.8081 0.8782 0.8523 0.8254
187 0.9074 0.8093 0.8756 0.8507 0.8258
188 0.9066 0.8200 0.8767 0.8525 0.8274
189 0.9056 0.8134 0.8749 0.8512 0.8251
190 0.9056 0.8117 0.8754 0.8630 0.8385
191 0.9060 0.8285 0.8771 0.8578 0.8319
192 0.9063 0.8107 0.8754 0.8619 0.8355
193 0.9037 0.8285 0.8720 0.8559 0.8304
194 0.9083 0.7837 0.8778 0.8648 0.8392
195 0.9051 0.8114 0.8719 0.8553 0.8295
196 0.9061 0.8180 0.8758 0.8559 0.8304
197 0.9053 0.7970 0.8759 0.8587 0.8337
198 0.9059 0.8068 0.8755 0.8591 0.8332
199 0.9054 0.8149 0.8734 0.8553 0.8279
