epoch train_iou train_loss train_mAP val_iou val_mAP
0 0.5450 0.1705 0.4720 0.6739 0.6309
1 0.6930 0.1579 0.6338 0.7517 0.7040
2 0.7472 0.1609 0.6981 0.7787 0.7334
3 0.7832 0.1651 0.7419 0.7889 0.7535
4 0.8005 0.1684 0.7587 0.8176 0.7796
5 0.8243 0.1644 0.7841 0.8177 0.7820
6 0.8100 0.2024 0.7693 0.8209 0.7855
7 0.8102 0.2246 0.7691 0.8110 0.7725
8 0.7750 0.2866 0.7297 0.8125 0.7761
9 0.7958 0.2792 0.7499 0.8018 0.7686
10 0.7982 0.3033 0.7549 0.8102 0.7799
11 0.8115 0.3086 0.7690 0.8147 0.7804
12 0.8284 0.2943 0.7912 0.8230 0.7880
13 0.8361 0.2820 0.8022 0.8288 0.7977
14 0.8580 0.2582 0.8250 0.8456 0.8167
15 0.8701 0.2495 0.8393 0.8507 0.8210
16 0.8657 0.2706 0.8324 0.8491 0.8190
17 0.8639 0.2906 0.8291 0.8470 0.8164
18 0.8497 0.3451 0.8165 0.8450 0.8184
19 0.8495 0.3589 0.8153 0.8308 0.8054
20 0.8357 0.4135 0.8026 0.8231 0.7853
21 0.8430 0.4080 0.8087 0.8484 0.8161
22 0.8543 0.3845 0.8227 0.8455 0.8125
23 0.8688 0.3543 0.8393 0.8535 0.8281
24 0.8839 0.3084 0.8537 0.8590 0.8334
25 0.8930 0.3036 0.8612 0.8634 0.8361
26 0.8903 0.3167 0.8609 0.8614 0.8346
27 0.8806 0.3566 0.8504 0.8595 0.8314
28 0.8679 0.4128 0.8354 0.8501 0.8238
29 0.8559 0.4699 0.8245 0.8519 0.8224
30 0.8530 0.4885 0.8228 0.8340 0.8049
31 0.8700 0.4586 0.8367 0.8435 0.8195
32 0.8778 0.4236 0.8480 0.8490 0.8201
33 0.8871 0.3962 0.8582 0.8626 0.8359
34 0.8997 0.3557 0.8725 0.8637 0.8365
35 0.9022 0.3593 0.8751 0.8673 0.8412
36 0.9017 0.3665 0.8738 0.8668 0.8404
37 0.8978 0.3928 0.8709 0.8571 0.8278
38 0.8862 0.4580 0.8565 0.8578 0.8320
39 0.8745 0.5070 0.8429 0.8588 0.8345
40 0.8711 0.5513 0.8430 0.8575 0.8313
41 0.8760 0.5459 0.8451 0.8471 0.8261
42 0.8885 0.4812 0.8610 0.8636 0.8410
43 0.8953 0.4633 0.8683 0.8681 0.8409
44 0.9061 0.4148 0.8802 0.8663 0.8420
45 0.9062 0.4062 0.8786 0.8656 0.8419
46 0.9113 0.4099 0.8841 0.8723 0.8490
47 0.9049 0.4559 0.8777 0.8623 0.8378
48 0.9015 0.4711 0.8743 0.8755 0.8487
49 0.8858 0.5780 0.8569 0.8418 0.8134
50 0.8755 0.6505 0.8443 0.8580 0.8299
51 0.8858 0.5816 0.8570 0.8621 0.8361
52 0.9008 0.5231 0.8724 0.8669 0.8401
53 0.9042 0.4970 0.8787 0.8706 0.8472
54 0.9108 0.4596 0.8855 0.8669 0.8434
55 0.9178 0.4356 0.8947 0.8707 0.8481
56 0.9168 0.4624 0.8916 0.8685 0.8452
57 0.9132 0.4755 0.8898 0.8651 0.8390
58 0.9082 0.5148 0.8833 0.8642 0.8405
59 0.8988 0.5818 0.8728 0.8574 0.8310
60 0.8796 0.7386 0.8494 0.8444 0.8239
61 0.8961 0.6374 0.8667 0.8552 0.8316
62 0.9027 0.5938 0.8742 0.8684 0.8449
63 0.9100 0.5361 0.8867 0.8655 0.8427
64 0.9170 0.5063 0.8932 0.8703 0.8485
65 0.9226 0.4803 0.9007 0.8683 0.8453
66 0.9187 0.4958 0.8963 0.8749 0.8499
67 0.9144 0.5410 0.8899 0.8646 0.8407
68 0.9085 0.5709 0.8858 0.8629 0.8407
69 0.9042 0.6603 0.8782 0.8490 0.8262
70 0.8912 0.7726 0.8617 0.8512 0.8230
71 0.8930 0.7523 0.8656 0.8648 0.8394
72 0.9094 0.6359 0.8827 0.8659 0.8422
73 0.9154 0.5825 0.8924 0.8611 0.8422
74 0.9199 0.5311 0.8964 0.8708 0.8515
75 0.9229 0.5220 0.9011 0.8723 0.8526
76 0.9189 0.5531 0.8975 0.8726 0.8525
77 0.9183 0.5766 0.8952 0.8681 0.8427
78 0.9155 0.6167 0.8914 0.8726 0.8479
79 0.9105 0.6853 0.8853 0.8555 0.8286
80 0.8825 0.9240 0.8539 0.8560 0.8326
81 0.8997 0.7762 0.8745 0.8763 0.8517
82 0.9114 0.6687 0.8856 0.8732 0.8504
83 0.9164 0.6368 0.8949 0.8644 0.8396
84 0.9192 0.5894 0.8981 0.8780 0.8560
85 0.9291 0.5422 0.9093 0.8793 0.8568
86 0.9251 0.5736 0.9039 0.8730 0.8526
87 0.9228 0.6148 0.9006 0.8750 0.8546
88 0.9186 0.6683 0.8957 0.8791 0.8552
89 0.9028 0.8019 0.8798 0.8706 0.8461
90 0.9040 0.8358 0.8802 0.8552 0.8304
91 0.9050 0.8260 0.8824 0.8633 0.8366
92 0.9093 0.7466 0.8832 0.8654 0.8462
93 0.9174 0.6938 0.8952 0.8716 0.8478
94 0.9249 0.6302 0.9014 0.8729 0.8491
95 0.9252 0.6195 0.9022 0.8718 0.8496
96 0.9288 0.6013 0.9068 0.8752 0.8566
97 0.9255 0.6473 0.9042 0.8709 0.8514
98 0.9262 0.6948 0.9046 0.8711 0.8525
99 0.9151 0.7965 0.8909 0.8522 0.8314
100 0.9119 0.7971 0.8899 0.8664 0.8470
101 0.9244 0.6961 0.9025 0.8697 0.8494
102 0.9262 0.6534 0.9057 0.8695 0.8478
103 0.9293 0.6157 0.9094 0.8725 0.8525
104 0.9319 0.5998 0.9121 0.8732 0.8529
105 0.9308 0.5786 0.9115 0.8728 0.8526
106 0.9315 0.5895 0.9117 0.8790 0.8584
107 0.9316 0.5828 0.9129 0.8712 0.8514
108 0.9282 0.6036 0.9100 0.8691 0.8399
109 0.9266 0.6596 0.9070 0.8700 0.8480
110 0.9311 0.6290 0.9106 0.8694 0.8461
111 0.9284 0.6186 0.9086 0.8757 0.8533
112 0.9285 0.6303 0.9080 0.8689 0.8483
113 0.9331 0.5897 0.9123 0.8741 0.8520
114 0.9365 0.5485 0.9196 0.8738 0.8531
115 0.9350 0.5551 0.9196 0.8770 0.8567
116 0.9377 0.5360 0.9203 0.8710 0.8506
117 0.9372 0.5356 0.9194 0.8755 0.8553
118 0.9346 0.5635 0.9166 0.8694 0.8468
119 0.9306 0.5857 0.9130 0.8701 0.8462
120 0.9261 0.6384 0.9064 0.8695 0.8492
121 0.9319 0.6380 0.9124 0.8715 0.8470
122 0.9266 0.6255 0.9066 0.8757 0.8531
123 0.9335 0.5549 0.9154 0.8794 0.8574
124 0.9384 0.5156 0.9212 0.8816 0.8602
125 0.9377 0.5359 0.9221 0.8808 0.8605
126 0.9342 0.5590 0.9153 0.8810 0.8587
127 0.9356 0.5460 0.9193 0.8804 0.8598
128 0.9366 0.5482 0.9188 0.8813 0.8567
129 0.9330 0.5795 0.9152 0.8718 0.8524
130 0.9283 0.6353 0.9097 0.8713 0.8494
131 0.9294 0.6062 0.9104 0.8776 0.8556
132 0.9362 0.5432 0.9200 0.8810 0.8571
133 0.9385 0.5217 0.9214 0.8819 0.8591
134 0.9350 0.5420 0.9191 0.8804 0.8581
135 0.9401 0.4977 0.9239 0.8800 0.8585
136 0.9402 0.5142 0.9223 0.8800 0.8572
137 0.9411 0.4990 0.9267 0.8784 0.8577
138 0.9383 0.5158 0.9224 0.8725 0.8520
139 0.9388 0.5333 0.9225 0.8780 0.8547
140 0.9274 0.6574 0.9092 0.8744 0.8514
141 0.9292 0.6287 0.9096 0.8655 0.8450
142 0.9393 0.5504 0.9210 0.8755 0.8545
143 0.9380 0.5217 0.9216 0.8763 0.8571
144 0.9395 0.5099 0.9243 0.8787 0.8577
145 0.9386 0.5104 0.9230 0.8799 0.8591
146 0.9395 0.5069 0.9217 0.8799 0.8575
147 0.9438 0.4840 0.9283 0.8824 0.8629
148 0.9375 0.5290 0.9206 0.8814 0.8572
149 0.9370 0.5373 0.9200 0.8808 0.8585
150 0.9322 0.5837 0.9140 0.8785 0.8581
151 0.9346 0.5590 0.9182 0.8737 0.8523
152 0.9393 0.5095 0.9229 0.8722 0.8491
153 0.9421 0.5009 0.9265 0.8696 0.8459
154 0.9409 0.5067 0.9250 0.8727 0.8492
155 0.9424 0.4765 0.9280 0.8753 0.8522
156 0.9448 0.4747 0.9301 0.8740 0.8525
157 0.9412 0.4809 0.9255 0.8798 0.8564
158 0.9391 0.5199 0.9225 0.8743 0.8524
159 0.9344 0.5566 0.9170 0.8820 0.8625
160 0.9373 0.5372 0.9216 0.8815 0.8600
161 0.9397 0.5077 0.9241 0.8819 0.8632
162 0.9400 0.4822 0.9247 0.8834 0.8627
163 0.9450 0.4649 0.9317 0.8839 0.8611
164 0.9450 0.4668 0.9307 0.8836 0.8616
165 0.9450 0.4617 0.9310 0.8843 0.8631
166 0.9447 0.4674 0.9308 0.8805 0.8582
167 0.9447 0.4610 0.9300 0.8833 0.8627
168 0.9461 0.4564 0.9317 0.8816 0.8616
169 0.9445 0.4586 0.9295 0.8818 0.8614
170 0.9465 0.4558 0.9337 0.8830 0.8625
171 0.9452 0.4637 0.9314 0.8833 0.8624
172 0.9486 0.4346 0.9358 0.8827 0.8624
173 0.9453 0.4552 0.9303 0.8846 0.8639
174 0.9449 0.4569 0.9301 0.8831 0.8609
175 0.9439 0.4595 0.9289 0.8819 0.8610
176 0.9448 0.4480 0.9325 0.8847 0.8644
177 0.9471 0.4425 0.9336 0.8841 0.8636
178 0.9468 0.4217 0.9335 0.8832 0.8612
179 0.9476 0.4339 0.9348 0.8821 0.8606
180 0.9448 0.4481 0.9316 0.8837 0.8610
181 0.9467 0.4365 0.9346 0.8871 0.8647
182 0.9489 0.4452 0.9363 0.8835 0.8610
183 0.9443 0.4383 0.9316 0.8816 0.8589
184 0.9490 0.4320 0.9356 0.8828 0.8611
185 0.9473 0.4335 0.9335 0.8800 0.8582
186 0.9469 0.4303 0.9316 0.8826 0.8607
187 0.9467 0.4389 0.9325 0.8818 0.8604
188 0.9497 0.4277 0.9362 0.8817 0.8604
189 0.9471 0.4323 0.9335 0.8851 0.8641
190 0.9477 0.4492 0.9337 0.8819 0.8622
191 0.9453 0.4491 0.9327 0.8846 0.8634
192 0.9451 0.4481 0.9323 0.8822 0.8621
193 0.9501 0.4225 0.9380 0.8835 0.8632
194 0.9491 0.4189 0.9368 0.8820 0.8614
195 0.9498 0.4026 0.9380 0.8828 0.8626
196 0.9492 0.4262 0.9351 0.8826 0.8626
197 0.9518 0.4036 0.9393 0.8803 0.8609
198 0.9481 0.4266 0.9367 0.8787 0.8580
199 0.9445 0.4307 0.9319 0.8809 0.8600
