epoch train_iou train_loss train_mAP val_iou val_mAP
0 0.6402 0.2964 0.5736 0.7382 0.6858
1 0.7262 0.2462 0.6702 0.7714 0.7336
2 0.7795 0.2537 0.7338 0.7923 0.7508
3 0.7956 0.2883 0.7517 0.7991 0.7655
4 0.8059 0.3136 0.7643 0.8053 0.7764
5 0.8078 0.3238 0.7665 0.8317 0.7950
6 0.8314 0.3208 0.7950 0.8235 0.7921
7 0.8322 0.3570 0.7993 0.8230 0.7917
8 0.8428 0.3676 0.8082 0.8205 0.7893
9 0.8533 0.3744 0.8193 0.8287 0.7982
10 0.8366 0.4401 0.7999 0.8427 0.8163
11 0.8477 0.4205 0.8171 0.8373 0.8070
12 0.8511 0.4494 0.8168 0.8322 0.8004
13 0.8556 0.4579 0.8251 0.8408 0.8171
14 0.8601 0.4732 0.8260 0.8398 0.8089
15 0.8571 0.5028 0.8265 0.8507 0.8221
16 0.8595 0.5295 0.8260 0.8447 0.8171
17 0.8625 0.5293 0.8312 0.8512 0.8229
18 0.8600 0.5608 0.8263 0.8561 0.8291
19 0.8663 0.5714 0.8359 0.8507 0.8222
20 0.8598 0.6157 0.8299 0.8553 0.8309
21 0.8711 0.5945 0.8420 0.8382 0.8166
22 0.8742 0.6254 0.8459 0.8631 0.8382
23 0.8685 0.6560 0.8383 0.8621 0.8376
24 0.8753 0.6297 0.8479 0.8563 0.8311
25 0.8772 0.6587 0.8502 0.8599 0.8350
26 0.8824 0.6515 0.8587 0.8613 0.8401
27 0.8793 0.6787 0.8515 0.8666 0.8434
28 0.8779 0.6977 0.8533 0.8588 0.8410
29 0.8842 0.6872 0.8571 0.8533 0.8304
30 0.8933 0.6639 0.8669 0.8683 0.8445
31 0.8798 0.7550 0.8524 0.8659 0.8443
32 0.8899 0.7174 0.8622 0.8614 0.8401
33 0.8861 0.7334 0.8608 0.8695 0.8480
34 0.8969 0.7070 0.8714 0.8697 0.8448
35 0.8865 0.7888 0.8587 0.8677 0.8474
36 0.8899 0.7679 0.8637 0.8715 0.8504
37 0.8877 0.8201 0.8620 0.8753 0.8550
38 0.8924 0.7903 0.8696 0.8795 0.8605
39 0.8951 0.7814 0.8732 0.8729 0.8500
40 0.8985 0.7972 0.8729 0.8699 0.8481
41 0.9032 0.7424 0.8805 0.8726 0.8541
42 0.8994 0.7830 0.8742 0.8833 0.8597
43 0.9036 0.7947 0.8808 0.8818 0.8630
44 0.9009 0.8318 0.8767 0.8820 0.8614
45 0.9064 0.7855 0.8836 0.8751 0.8571
46 0.9132 0.7673 0.8916 0.8767 0.8594
47 0.9134 0.7764 0.8918 0.8784 0.8570
48 0.9180 0.7440 0.8975 0.8805 0.8571
49 0.9231 0.6993 0.9042 0.8836 0.8640
50 0.8926 1.0463 0.8694 0.8464 0.8263
51 0.8760 1.1582 0.8492 0.8585 0.8267
52 0.8801 1.1637 0.8526 0.8587 0.8250
53 0.8763 1.1873 0.8490 0.8625 0.8419
54 0.8858 1.1066 0.8622 0.8632 0.8380
55 0.8899 1.0945 0.8648 0.8692 0.8480
56 0.8887 1.0708 0.8657 0.8721 0.8501
57 0.8840 1.0748 0.8585 0.8657 0.8420
58 0.8885 1.0777 0.8642 0.8604 0.8392
59 0.8804 1.1302 0.8553 0.8594 0.8390
60 0.8929 1.0225 0.8699 0.8610 0.8405
61 0.8991 0.9875 0.8775 0.8721 0.8449
62 0.8884 1.0331 0.8648 0.8797 0.8580
63 0.8949 0.9885 0.8687 0.8624 0.8384
64 0.8889 1.0550 0.8625 0.8623 0.8388
65 0.9023 0.9207 0.8797 0.8720 0.8510
66 0.8989 0.9495 0.8781 0.8688 0.8464
67 0.9009 0.9445 0.8796 0.8771 0.8536
68 0.9070 0.8791 0.8842 0.8731 0.8527
69 0.9023 0.9300 0.8820 0.8562 0.8350
70 0.9023 0.9028 0.8791 0.8798 0.8589
71 0.9129 0.8155 0.8893 0.8796 0.8599
72 0.9084 0.8556 0.8860 0.8770 0.8581
73 0.9008 0.9129 0.8777 0.8732 0.8524
74 0.9100 0.8655 0.8865 0.8777 0.8600
75 0.9118 0.8347 0.8940 0.8732 0.8516
76 0.9122 0.8235 0.8884 0.8757 0.8557
77 0.9092 0.8740 0.8878 0.8711 0.8526
78 0.9074 0.8506 0.8858 0.8719 0.8540
79 0.9140 0.7884 0.8963 0.8691 0.8489
80 0.9186 0.7695 0.8988 0.8777 0.8571
81 0.9159 0.7749 0.8940 0.8751 0.8582
82 0.9156 0.7765 0.8953 0.8880 0.8666
83 0.9107 0.8074 0.8900 0.8771 0.8571
84 0.9163 0.7660 0.8973 0.8787 0.8579
85 0.9185 0.7194 0.8990 0.8842 0.8615
86 0.9203 0.7246 0.9009 0.8812 0.8619
87 0.9258 0.6693 0.9090 0.8811 0.8599
88 0.9169 0.7665 0.8967 0.8817 0.8620
89 0.9265 0.6596 0.9084 0.8844 0.8652
90 0.9215 0.7000 0.9025 0.8810 0.8612
91 0.9255 0.6686 0.9093 0.8813 0.8608
92 0.9253 0.6694 0.9068 0.8855 0.8631
93 0.9230 0.6715 0.9061 0.8787 0.8601
94 0.9257 0.6742 0.9062 0.8815 0.8621
95 0.9291 0.6299 0.9126 0.8794 0.8623
96 0.9280 0.6457 0.9107 0.8780 0.8587
97 0.9241 0.6559 0.9075 0.8802 0.8611
98 0.9277 0.6257 0.9097 0.8818 0.8641
99 0.9305 0.6178 0.9139 0.8797 0.8644
100 0.9246 0.6733 0.9059 0.8793 0.8570
101 0.9144 0.7526 0.8966 0.8751 0.8564
102 0.9222 0.7225 0.9040 0.8679 0.8489
103 0.9220 0.7226 0.9033 0.8680 0.8496
104 0.9201 0.7293 0.8998 0.8702 0.8526
105 0.9292 0.6812 0.9097 0.8805 0.8608
106 0.9204 0.7374 0.9002 0.8824 0.8618
107 0.9195 0.7179 0.9003 0.8753 0.8566
108 0.9173 0.7695 0.8948 0.8823 0.8644
109 0.9211 0.7297 0.9021 0.8721 0.8526
110 0.9257 0.6937 0.9071 0.8761 0.8589
111 0.9221 0.7156 0.9050 0.8709 0.8517
112 0.9182 0.7364 0.9002 0.8786 0.8604
113 0.9212 0.7205 0.9023 0.8711 0.8544
114 0.9258 0.6507 0.9113 0.8758 0.8535
115 0.9271 0.6638 0.9109 0.8802 0.8614
116 0.9276 0.6655 0.9115 0.8748 0.8544
117 0.9243 0.6803 0.9062 0.8761 0.8586
118 0.9292 0.6454 0.9127 0.8806 0.8598
119 0.9206 0.6997 0.9032 0.8816 0.8627
120 0.9258 0.6736 0.9069 0.8778 0.8593
121 0.9274 0.6553 0.9109 0.8849 0.8641
122 0.9258 0.6787 0.9083 0.8809 0.8615
123 0.9310 0.6268 0.9153 0.8748 0.8564
124 0.9234 0.6743 0.9063 0.8835 0.8652
125 0.9297 0.6495 0.9128 0.8775 0.8598
126 0.9291 0.6201 0.9119 0.8837 0.8639
127 0.9349 0.5726 0.9207 0.8796 0.8610
128 0.9287 0.6375 0.9124 0.8807 0.8625
129 0.9334 0.5923 0.9186 0.8793 0.8611
130 0.9359 0.6270 0.9195 0.8787 0.8626
131 0.9349 0.5808 0.9199 0.8860 0.8686
132 0.9345 0.5749 0.9185 0.8849 0.8679
133 0.9366 0.5601 0.9202 0.8832 0.8654
134 0.9366 0.5599 0.9221 0.8825 0.8646
135 0.9313 0.6123 0.9159 0.8852 0.8660
136 0.9324 0.5978 0.9177 0.8812 0.8624
137 0.9380 0.5403 0.9234 0.8810 0.8645
138 0.9340 0.5729 0.9170 0.8789 0.8595
139 0.9384 0.5472 0.9243 0.8830 0.8647
140 0.9396 0.5412 0.9247 0.8844 0.8659
141 0.9345 0.5960 0.9187 0.8848 0.8666
142 0.9423 0.5128 0.9273 0.8821 0.8637
143 0.9397 0.5316 0.9247 0.8808 0.8630
144 0.9361 0.5693 0.9207 0.8836 0.8654
145 0.9410 0.5347 0.9287 0.8850 0.8664
146 0.9374 0.5598 0.9235 0.8876 0.8697
147 0.9405 0.5408 0.9279 0.8852 0.8681
148 0.9426 0.5008 0.9297 0.8853 0.8669
149 0.9350 0.5638 0.9201 0.8865 0.8693
150 0.9390 0.5464 0.9247 0.8789 0.8635
151 0.9292 0.6065 0.9128 0.8779 0.8624
152 0.9398 0.5237 0.9256 0.8784 0.8589
153 0.9352 0.5807 0.9206 0.8815 0.8631
154 0.9328 0.5920 0.9171 0.8803 0.8590
155 0.9352 0.5937 0.9213 0.8813 0.8622
156 0.9328 0.6019 0.9174 0.8838 0.8634
157 0.9373 0.5412 0.9243 0.8806 0.8627
158 0.9332 0.5809 0.9205 0.8815 0.8619
159 0.9323 0.5872 0.9170 0.8854 0.8647
160 0.9347 0.5496 0.9205 0.8855 0.8668
161 0.9324 0.5832 0.9176 0.8841 0.8665
162 0.9363 0.5577 0.9224 0.8858 0.8656
163 0.9376 0.5508 0.9246 0.8874 0.8693
164 0.9357 0.5720 0.9196 0.8892 0.8694
165 0.9420 0.5173 0.9286 0.8865 0.8685
166 0.9316 0.6008 0.9188 0.8866 0.8679
167 0.9391 0.5288 0.9272 0.8837 0.8656
168 0.9409 0.5257 0.9287 0.8747 0.8596
169 0.9383 0.5231 0.9247 0.8831 0.8654
170 0.9346 0.5679 0.9205 0.8867 0.8675
171 0.9413 0.5010 0.9277 0.8824 0.8639
172 0.9401 0.5215 0.9236 0.8839 0.8666
173 0.9399 0.5289 0.9276 0.8800 0.8616
174 0.9428 0.4874 0.9310 0.8809 0.8630
175 0.9382 0.5440 0.9267 0.8830 0.8650
176 0.9412 0.5093 0.9288 0.8817 0.8641
177 0.9440 0.4891 0.9318 0.8881 0.8687
178 0.9366 0.5432 0.9243 0.8841 0.8649
179 0.9397 0.5147 0.9275 0.8815 0.8632
180 0.9396 0.5112 0.9265 0.8846 0.8668
181 0.9420 0.4883 0.9305 0.8869 0.8701
182 0.9470 0.4629 0.9362 0.8843 0.8635
183 0.9402 0.5009 0.9265 0.8863 0.8671
184 0.9448 0.4855 0.9325 0.8832 0.8669
185 0.9382 0.5105 0.9253 0.8851 0.8675
186 0.9353 0.5470 0.9211 0.8813 0.8646
187 0.9459 0.4747 0.9349 0.8831 0.8655
188 0.9420 0.4950 0.9298 0.8881 0.8704
189 0.9421 0.4875 0.9298 0.8851 0.8674
190 0.9420 0.5013 0.9282 0.8867 0.8668
191 0.9469 0.4617 0.9359 0.8837 0.8654
192 0.9463 0.4631 0.9354 0.8838 0.8661
193 0.9471 0.4678 0.9367 0.8862 0.8677
194 0.9472 0.4551 0.9372 0.8872 0.8692
195 0.9408 0.4952 0.9288 0.8861 0.8679
196 0.9398 0.5096 0.9270 0.8862 0.8687
197 0.9464 0.4467 0.9362 0.8870 0.8690
198 0.9453 0.4740 0.9340 0.8847 0.8665
199 0.9449 0.4852 0.9330 0.8877 0.8690
