epoch train_iou train_loss train_mAP val_iou val_mAP
0 0.6363 0.2871 0.5602 0.7348 0.6771
1 0.7274 0.2611 0.6684 0.7501 0.6941
2 0.7600 0.2785 0.7075 0.7961 0.7588
3 0.7808 0.2941 0.7355 0.8220 0.7880
4 0.8034 0.2959 0.7611 0.8188 0.7797
5 0.8115 0.3385 0.7686 0.7983 0.7670
6 0.8226 0.3452 0.7850 0.8393 0.8055
7 0.8217 0.3763 0.7837 0.8363 0.8040
8 0.8246 0.3854 0.7882 0.8291 0.8040
9 0.8389 0.4011 0.8048 0.8309 0.7987
10 0.8274 0.4562 0.7892 0.8304 0.8017
11 0.8366 0.4718 0.7998 0.8438 0.8099
12 0.8372 0.4994 0.8023 0.8303 0.8026
13 0.8449 0.5114 0.8098 0.8487 0.8213
14 0.8391 0.5339 0.8060 0.8547 0.8244
15 0.8593 0.4973 0.8283 0.8520 0.8260
16 0.8517 0.5469 0.8184 0.8576 0.8290
17 0.8542 0.5560 0.8225 0.8522 0.8242
18 0.8584 0.5794 0.8288 0.8564 0.8290
19 0.8586 0.5942 0.8298 0.8460 0.8211
20 0.8671 0.5980 0.8381 0.8593 0.8301
21 0.8739 0.5850 0.8447 0.8526 0.8222
22 0.8674 0.6310 0.8373 0.8598 0.8331
23 0.8739 0.6366 0.8441 0.8428 0.8219
24 0.8673 0.6732 0.8382 0.8527 0.8266
25 0.8743 0.6581 0.8464 0.8633 0.8375
26 0.8693 0.7042 0.8400 0.8638 0.8374
27 0.8725 0.7135 0.8417 0.8649 0.8399
28 0.8678 0.7674 0.8403 0.8642 0.8401
29 0.8746 0.7360 0.8460 0.8688 0.8422
30 0.8683 0.8019 0.8356 0.8545 0.8324
31 0.8751 0.8106 0.8465 0.8643 0.8363
32 0.8812 0.7678 0.8550 0.8568 0.8333
33 0.8779 0.7926 0.8527 0.8576 0.8321
34 0.8801 0.8239 0.8509 0.8683 0.8401
35 0.8763 0.8502 0.8489 0.8697 0.8439
36 0.8789 0.8442 0.8514 0.8674 0.8390
37 0.8855 0.8446 0.8601 0.8619 0.8404
38 0.8850 0.8478 0.8610 0.8671 0.8434
39 0.8860 0.8501 0.8614 0.8674 0.8454
40 0.8863 0.9013 0.8587 0.8734 0.8486
41 0.8925 0.8206 0.8649 0.8794 0.8560
42 0.8981 0.8244 0.8742 0.8742 0.8516
43 0.9034 0.7907 0.8793 0.8810 0.8569
44 0.8976 0.8411 0.8741 0.8742 0.8529
45 0.9019 0.8242 0.8793 0.8768 0.8557
46 0.9055 0.8093 0.8831 0.8800 0.8572
47 0.9075 0.7997 0.8844 0.8771 0.8557
48 0.9065 0.8488 0.8845 0.8785 0.8574
49 0.9046 0.8411 0.8803 0.8833 0.8609
50 0.8719 1.2220 0.8418 0.8512 0.8251
51 0.8686 1.2762 0.8400 0.8563 0.8295
52 0.8617 1.3191 0.8313 0.8512 0.8224
53 0.8638 1.2801 0.8364 0.8599 0.8335
54 0.8671 1.2871 0.8387 0.8679 0.8409
55 0.8721 1.2138 0.8436 0.8702 0.8482
56 0.8770 1.1517 0.8516 0.8658 0.8399
57 0.8780 1.1849 0.8542 0.8622 0.8377
58 0.8886 1.0626 0.8632 0.8679 0.8445
59 0.8765 1.1617 0.8512 0.8672 0.8466
60 0.8861 1.1091 0.8599 0.8678 0.8421
61 0.8766 1.1728 0.8484 0.8648 0.8396
62 0.8825 1.1028 0.8595 0.8735 0.8495
63 0.8800 1.1097 0.8558 0.8727 0.8494
64 0.8848 1.0698 0.8594 0.8653 0.8396
65 0.8796 1.1520 0.8576 0.8699 0.8474
66 0.8863 1.0639 0.8608 0.8739 0.8525
67 0.8927 1.0311 0.8678 0.8715 0.8489
68 0.8904 1.0252 0.8657 0.8724 0.8480
69 0.8958 0.9778 0.8717 0.8757 0.8535
70 0.8969 0.9967 0.8722 0.8765 0.8534
71 0.8908 1.0288 0.8650 0.8772 0.8551
72 0.9008 0.9306 0.8792 0.8667 0.8420
73 0.8943 0.9706 0.8731 0.8761 0.8556
74 0.8924 1.0015 0.8687 0.8759 0.8528
75 0.9003 0.9303 0.8780 0.8805 0.8574
76 0.8979 0.9481 0.8778 0.8781 0.8562
77 0.9081 0.8710 0.8869 0.8859 0.8646
78 0.9104 0.8379 0.8872 0.8802 0.8568
79 0.9128 0.8156 0.8901 0.8767 0.8569
80 0.9128 0.8416 0.8935 0.8748 0.8550
81 0.9068 0.8702 0.8853 0.8772 0.8561
82 0.9101 0.8230 0.8907 0.8802 0.8602
83 0.9061 0.8553 0.8844 0.8807 0.8620
84 0.9076 0.8436 0.8853 0.8835 0.8634
85 0.9096 0.8182 0.8866 0.8839 0.8615
86 0.9144 0.7740 0.8957 0.8846 0.8640
87 0.9101 0.8405 0.8886 0.8813 0.8634
88 0.9154 0.7859 0.8943 0.8873 0.8669
89 0.9170 0.7526 0.8980 0.8800 0.8580
90 0.9142 0.7675 0.8938 0.8821 0.8609
91 0.9152 0.7540 0.8972 0.8833 0.8643
92 0.9227 0.6895 0.9046 0.8881 0.8685
93 0.9184 0.7443 0.8991 0.8874 0.8673
94 0.9258 0.6707 0.9072 0.8901 0.8702
95 0.9194 0.7114 0.8999 0.8895 0.8704
96 0.9216 0.7018 0.9026 0.8900 0.8710
97 0.9292 0.6555 0.9122 0.8857 0.8659
98 0.9203 0.7334 0.8996 0.8892 0.8689
99 0.9225 0.7118 0.9030 0.8848 0.8657
100 0.9195 0.7462 0.9003 0.8767 0.8546
101 0.9084 0.8255 0.8860 0.8828 0.8582
102 0.9115 0.7855 0.8903 0.8789 0.8590
103 0.9115 0.8212 0.8892 0.8828 0.8631
104 0.9072 0.8516 0.8872 0.8854 0.8624
105 0.9130 0.7754 0.8912 0.8765 0.8546
106 0.9107 0.7974 0.8903 0.8875 0.8646
107 0.9106 0.8204 0.8912 0.8874 0.8658
108 0.9208 0.7437 0.9002 0.8804 0.8594
109 0.9235 0.7116 0.9045 0.8834 0.8641
110 0.9148 0.7589 0.8952 0.8838 0.8615
111 0.9140 0.7877 0.8933 0.8819 0.8622
112 0.9170 0.7650 0.8959 0.8842 0.8621
113 0.9120 0.7872 0.8916 0.8792 0.8565
114 0.9185 0.7596 0.9003 0.8845 0.8644
115 0.9166 0.7351 0.8983 0.8804 0.8615
116 0.9189 0.7325 0.8991 0.8920 0.8726
117 0.9196 0.7396 0.9010 0.8824 0.8627
118 0.9162 0.7613 0.8971 0.8853 0.8684
119 0.9181 0.7759 0.8980 0.8845 0.8679
120 0.9201 0.7201 0.9019 0.8858 0.8660
121 0.9196 0.7342 0.8999 0.8892 0.8685
122 0.9217 0.7149 0.9052 0.8871 0.8652
123 0.9210 0.7030 0.9031 0.8868 0.8654
124 0.9202 0.7108 0.9020 0.8862 0.8681
125 0.9230 0.6698 0.9024 0.8861 0.8652
126 0.9181 0.7259 0.9001 0.8909 0.8684
127 0.9242 0.6913 0.9052 0.8925 0.8719
128 0.9240 0.6665 0.9063 0.8910 0.8735
129 0.9179 0.7453 0.8984 0.8938 0.8729
130 0.9282 0.6475 0.9114 0.8878 0.8676
131 0.9235 0.6925 0.9056 0.8906 0.8712
132 0.9239 0.6553 0.9085 0.8931 0.8741
133 0.9218 0.6760 0.9030 0.8887 0.8689
134 0.9283 0.6314 0.9113 0.8883 0.8697
135 0.9305 0.6161 0.9141 0.8931 0.8729
136 0.9292 0.6096 0.9129 0.8905 0.8716
137 0.9275 0.6167 0.9112 0.8862 0.8680
138 0.9299 0.5924 0.9137 0.8939 0.8744
139 0.9332 0.6045 0.9202 0.8898 0.8706
140 0.9279 0.6220 0.9114 0.8928 0.8743
141 0.9310 0.6131 0.9146 0.9001 0.8794
142 0.9329 0.5975 0.9152 0.8919 0.8729
143 0.9336 0.5659 0.9198 0.8936 0.8724
144 0.9377 0.5443 0.9225 0.8912 0.8711
145 0.9322 0.5939 0.9157 0.8937 0.8745
146 0.9384 0.5584 0.9256 0.8937 0.8760
147 0.9323 0.5740 0.9164 0.8955 0.8761
148 0.9320 0.5803 0.9159 0.8913 0.8732
149 0.9351 0.5625 0.9210 0.8920 0.8737
150 0.9288 0.6348 0.9104 0.8888 0.8706
151 0.9346 0.5738 0.9181 0.8912 0.8735
152 0.9225 0.6432 0.9041 0.8887 0.8698
153 0.9337 0.5869 0.9184 0.8898 0.8718
154 0.9267 0.6437 0.9098 0.8936 0.8737
155 0.9301 0.6177 0.9132 0.8903 0.8729
156 0.9342 0.5899 0.9190 0.8960 0.8764
157 0.9384 0.5420 0.9244 0.8902 0.8732
158 0.9243 0.6497 0.9042 0.8923 0.8739
159 0.9336 0.5979 0.9191 0.8909 0.8740
160 0.9273 0.6171 0.9116 0.8938 0.8753
161 0.9325 0.5681 0.9169 0.8886 0.8691
162 0.9371 0.5644 0.9233 0.8896 0.8720
163 0.9269 0.6352 0.9072 0.8932 0.8749
164 0.9280 0.6099 0.9111 0.8927 0.8730
165 0.9384 0.5413 0.9228 0.8928 0.8751
166 0.9308 0.6058 0.9154 0.8877 0.8709
167 0.9357 0.5484 0.9202 0.8908 0.8723
168 0.9352 0.5574 0.9222 0.8925 0.8723
169 0.9321 0.5735 0.9169 0.8922 0.8730
170 0.9394 0.5272 0.9259 0.8922 0.8726
171 0.9381 0.5442 0.9220 0.8897 0.8714
172 0.9303 0.5944 0.9132 0.8913 0.8722
173 0.9324 0.6136 0.9140 0.8915 0.8747
174 0.9343 0.5599 0.9196 0.8916 0.8747
175 0.9353 0.5580 0.9203 0.8942 0.8741
176 0.9357 0.5587 0.9215 0.8938 0.8757
177 0.9326 0.5790 0.9171 0.8914 0.8720
178 0.9389 0.5241 0.9258 0.8925 0.8740
179 0.9404 0.5197 0.9277 0.8859 0.8686
180 0.9296 0.5955 0.9144 0.8883 0.8687
181 0.9342 0.5537 0.9202 0.8935 0.8735
182 0.9348 0.5565 0.9217 0.8940 0.8744
183 0.9428 0.4877 0.9317 0.8905 0.8718
184 0.9266 0.5965 0.9106 0.8927 0.8736
185 0.9341 0.5649 0.9211 0.8905 0.8716
186 0.9385 0.5376 0.9252 0.8925 0.8744
187 0.9385 0.5291 0.9238 0.8925 0.8753
188 0.9408 0.4994 0.9266 0.8911 0.8724
189 0.9381 0.5394 0.9237 0.8905 0.8722
190 0.9420 0.4990 0.9304 0.8922 0.8739
191 0.9369 0.5255 0.9221 0.8928 0.8737
192 0.9378 0.5170 0.9236 0.8925 0.8737
193 0.9432 0.4827 0.9313 0.8913 0.8737
194 0.9435 0.4884 0.9299 0.8943 0.8771
195 0.9349 0.5642 0.9218 0.8961 0.8783
196 0.9414 0.5050 0.9290 0.8933 0.8768
197 0.9423 0.5079 0.9285 0.8935 0.8764
198 0.9448 0.4779 0.9330 0.8917 0.8739
199 0.9408 0.5111 0.9264 0.8930 0.8764
