epoch train_iou train_loss train_mAP val_iou val_mAP
0 0.6195 0.3018 0.5429 0.6128 0.5380
1 0.7144 0.2748 0.6546 0.6474 0.5845
2 0.7680 0.2692 0.7195 0.7943 0.7570
3 0.8042 0.2770 0.7584 0.7862 0.7458
4 0.7947 0.3216 0.7545 0.7814 0.7496
5 0.8174 0.3284 0.7788 0.7441 0.7052
6 0.8188 0.3432 0.7827 0.8146 0.7731
7 0.8260 0.3770 0.7918 0.7881 0.7347
8 0.8344 0.3920 0.7990 0.8179 0.7857
9 0.8342 0.4137 0.7968 0.8107 0.7705
10 0.8365 0.4377 0.8019 0.8183 0.7849
11 0.8309 0.4792 0.7963 0.8396 0.8066
12 0.8540 0.4509 0.8217 0.8310 0.8037
13 0.8514 0.4813 0.8184 0.8353 0.8049
14 0.8469 0.5283 0.8173 0.8224 0.7860
15 0.8561 0.5138 0.8248 0.8491 0.8152
16 0.8577 0.5333 0.8261 0.8302 0.8044
17 0.8556 0.5716 0.8262 0.8272 0.8007
18 0.8599 0.5883 0.8281 0.8407 0.8129
19 0.8509 0.6267 0.8209 0.8382 0.8136
20 0.8564 0.6338 0.8282 0.8459 0.8146
21 0.8598 0.6520 0.8323 0.8510 0.8210
22 0.8740 0.6091 0.8470 0.8348 0.8095
23 0.8669 0.6586 0.8398 0.8507 0.8267
24 0.8618 0.7330 0.8346 0.8469 0.8224
25 0.8607 0.7250 0.8308 0.8516 0.8233
26 0.8692 0.7091 0.8424 0.8247 0.7931
27 0.8700 0.7352 0.8433 0.8417 0.8131
28 0.8722 0.7501 0.8488 0.8509 0.8307
29 0.8822 0.7259 0.8587 0.8442 0.8151
30 0.8693 0.7911 0.8413 0.8572 0.8320
31 0.8748 0.7942 0.8510 0.8395 0.8155
32 0.8731 0.8288 0.8461 0.8558 0.8345
33 0.8715 0.8155 0.8457 0.8501 0.8271
34 0.8802 0.8063 0.8538 0.8363 0.8095
35 0.8853 0.8178 0.8605 0.8585 0.8315
36 0.8817 0.8273 0.8521 0.8458 0.8186
37 0.8888 0.8197 0.8633 0.8582 0.8303
38 0.8818 0.8805 0.8582 0.8621 0.8362
39 0.8894 0.8526 0.8643 0.8655 0.8425
40 0.8880 0.8428 0.8658 0.8647 0.8410
41 0.8878 0.8872 0.8616 0.8589 0.8346
42 0.8905 0.8967 0.8647 0.8563 0.8338
43 0.9081 0.7718 0.8857 0.8666 0.8411
44 0.8906 0.9060 0.8643 0.8668 0.8421
45 0.9061 0.8080 0.8843 0.8731 0.8465
46 0.9063 0.8564 0.8843 0.8727 0.8487
47 0.9077 0.8232 0.8853 0.8747 0.8525
48 0.9090 0.8276 0.8871 0.8757 0.8521
49 0.9056 0.8641 0.8808 0.8761 0.8522
50 0.8586 1.3984 0.8286 0.8346 0.8068
51 0.8546 1.4291 0.8276 0.7915 0.7650
52 0.8558 1.3728 0.8301 0.8454 0.8214
53 0.8702 1.2582 0.8418 0.8363 0.8084
54 0.8569 1.3706 0.8290 0.8292 0.8012
55 0.8650 1.2960 0.8380 0.8567 0.8275
56 0.8666 1.2596 0.8418 0.8562 0.8306
57 0.8724 1.2318 0.8441 0.8379 0.8040
58 0.8770 1.2025 0.8507 0.8444 0.8182
59 0.8754 1.2109 0.8508 0.8522 0.8239
60 0.8810 1.1389 0.8545 0.8681 0.8408
61 0.8869 1.0885 0.8629 0.8497 0.8269
62 0.8804 1.1568 0.8563 0.8611 0.8336
63 0.8785 1.1325 0.8524 0.8611 0.8328
64 0.8808 1.1558 0.8573 0.8598 0.8369
65 0.8841 1.1141 0.8589 0.8737 0.8455
66 0.8969 0.9970 0.8752 0.8629 0.8381
67 0.8828 1.1017 0.8551 0.8616 0.8370
68 0.8886 1.0493 0.8652 0.8567 0.8372
69 0.8948 1.0135 0.8698 0.8640 0.8410
70 0.8996 1.0031 0.8758 0.8569 0.8346
71 0.8917 1.0604 0.8696 0.8582 0.8395
72 0.8939 1.0142 0.8693 0.8682 0.8439
73 0.9003 0.9964 0.8782 0.8626 0.8411
74 0.8924 1.0002 0.8683 0.8736 0.8509
75 0.9035 0.9255 0.8827 0.8687 0.8431
76 0.9022 0.9243 0.8810 0.8722 0.8462
77 0.9001 0.9738 0.8784 0.8668 0.8447
78 0.8877 1.0307 0.8615 0.8637 0.8399
79 0.9029 0.9061 0.8799 0.8676 0.8478
80 0.9026 0.9114 0.8779 0.8706 0.8460
81 0.9096 0.8511 0.8918 0.8788 0.8551
82 0.9067 0.8773 0.8863 0.8714 0.8516
83 0.9109 0.8084 0.8911 0.8743 0.8495
84 0.9048 0.8695 0.8841 0.8657 0.8440
85 0.9140 0.8480 0.8935 0.8723 0.8507
86 0.9111 0.8209 0.8905 0.8730 0.8495
87 0.9058 0.8728 0.8847 0.8776 0.8541
88 0.9129 0.8057 0.8946 0.8710 0.8484
89 0.9140 0.7879 0.8962 0.8773 0.8536
90 0.9208 0.7518 0.9006 0.8751 0.8548
91 0.9129 0.7897 0.8917 0.8750 0.8531
92 0.9164 0.7579 0.8949 0.8818 0.8574
93 0.9240 0.7014 0.9068 0.8800 0.8565
94 0.9238 0.7112 0.9041 0.8792 0.8559
95 0.9231 0.6916 0.9033 0.8770 0.8541
96 0.9224 0.7104 0.9046 0.8795 0.8581
97 0.9229 0.7081 0.9031 0.8806 0.8559
98 0.9270 0.6732 0.9076 0.8824 0.8612
99 0.9276 0.6675 0.9093 0.8796 0.8585
100 0.9111 0.8118 0.8918 0.8706 0.8496
101 0.9089 0.8582 0.8861 0.8711 0.8457
102 0.9058 0.8780 0.8846 0.8690 0.8453
103 0.9058 0.8762 0.8845 0.8620 0.8388
104 0.9100 0.8281 0.8898 0.8599 0.8378
105 0.8993 0.8909 0.8764 0.8757 0.8491
106 0.9091 0.8282 0.8883 0.8642 0.8450
107 0.9098 0.8323 0.8907 0.8711 0.8514
108 0.9121 0.8239 0.8928 0.8716 0.8499
109 0.9090 0.8423 0.8886 0.8775 0.8520
110 0.9132 0.7964 0.8950 0.8824 0.8580
111 0.9159 0.8051 0.8953 0.8796 0.8548
112 0.9083 0.8596 0.8893 0.8696 0.8450
113 0.9156 0.7909 0.8960 0.8756 0.8506
114 0.9209 0.7323 0.9032 0.8712 0.8476
115 0.9144 0.7977 0.8964 0.8707 0.8505
116 0.9148 0.8046 0.8954 0.8771 0.8547
117 0.9206 0.7524 0.9019 0.8784 0.8522
118 0.9232 0.7150 0.9054 0.8743 0.8518
119 0.9166 0.7549 0.8979 0.8854 0.8595
120 0.9232 0.7176 0.9035 0.8722 0.8524
121 0.9200 0.7352 0.8996 0.8789 0.8559
122 0.9243 0.7059 0.9046 0.8761 0.8525
123 0.9219 0.7202 0.9035 0.8809 0.8585
124 0.9248 0.7126 0.9090 0.8782 0.8545
125 0.9177 0.7392 0.9000 0.8824 0.8586
126 0.9209 0.7230 0.9014 0.8799 0.8594
127 0.9275 0.6740 0.9105 0.8777 0.8540
128 0.9219 0.6963 0.9049 0.8814 0.8592
129 0.9231 0.7036 0.9035 0.8756 0.8529
130 0.9301 0.6339 0.9112 0.8799 0.8572
131 0.9325 0.6139 0.9149 0.8810 0.8576
132 0.9288 0.6476 0.9115 0.8822 0.8585
133 0.9318 0.6476 0.9159 0.8812 0.8591
134 0.9294 0.6552 0.9124 0.8811 0.8584
135 0.9262 0.6772 0.9096 0.8828 0.8609
136 0.9243 0.6722 0.9068 0.8732 0.8517
137 0.9290 0.6219 0.9112 0.8866 0.8634
138 0.9268 0.6524 0.9104 0.8806 0.8600
139 0.9320 0.6091 0.9150 0.8847 0.8615
140 0.9293 0.6344 0.9104 0.8834 0.8600
141 0.9353 0.5924 0.9210 0.8835 0.8591
142 0.9391 0.5624 0.9247 0.8837 0.8592
143 0.9322 0.6141 0.9163 0.8872 0.8651
144 0.9307 0.6229 0.9148 0.8844 0.8611
145 0.9331 0.5796 0.9173 0.8861 0.8621
146 0.9344 0.5748 0.9158 0.8862 0.8610
147 0.9440 0.5171 0.9306 0.8863 0.8627
148 0.9396 0.5478 0.9246 0.8875 0.8644
149 0.9399 0.5399 0.9270 0.8866 0.8639
150 0.9350 0.5966 0.9174 0.8818 0.8580
151 0.9258 0.6662 0.9057 0.8724 0.8509
152 0.9237 0.6964 0.9047 0.8799 0.8587
153 0.9319 0.6273 0.9165 0.8807 0.8562
154 0.9284 0.6479 0.9112 0.8822 0.8614
155 0.9248 0.6757 0.9060 0.8775 0.8530
156 0.9308 0.6242 0.9140 0.8849 0.8611
157 0.9333 0.6075 0.9175 0.8820 0.8599
158 0.9351 0.5905 0.9205 0.8811 0.8562
159 0.9305 0.6334 0.9148 0.8845 0.8605
160 0.9351 0.5857 0.9187 0.8849 0.8627
161 0.9336 0.6003 0.9176 0.8856 0.8631
162 0.9337 0.6217 0.9182 0.8834 0.8626
163 0.9325 0.6049 0.9164 0.8826 0.8597
164 0.9337 0.6101 0.9190 0.8794 0.8581
165 0.9283 0.6332 0.9097 0.8825 0.8599
166 0.9311 0.6254 0.9153 0.8810 0.8584
167 0.9369 0.5813 0.9239 0.8820 0.8618
168 0.9325 0.5860 0.9171 0.8819 0.8594
169 0.9372 0.5711 0.9233 0.8805 0.8586
170 0.9304 0.5985 0.9142 0.8821 0.8591
171 0.9357 0.5676 0.9206 0.8848 0.8618
172 0.9306 0.6352 0.9137 0.8843 0.8623
173 0.9359 0.5840 0.9223 0.8853 0.8619
174 0.9376 0.5653 0.9224 0.8848 0.8629
175 0.9407 0.5338 0.9287 0.8803 0.8594
176 0.9347 0.5780 0.9200 0.8810 0.8579
177 0.9351 0.5633 0.9198 0.8774 0.8569
178 0.9372 0.5659 0.9229 0.8794 0.8590
179 0.9322 0.5984 0.9158 0.8749 0.8530
180 0.9403 0.5283 0.9266 0.8776 0.8564
181 0.9398 0.5255 0.9255 0.8817 0.8615
182 0.9368 0.5429 0.9227 0.8837 0.8625
183 0.9391 0.5378 0.9250 0.8815 0.8579
184 0.9406 0.5424 0.9272 0.8831 0.8618
185 0.9387 0.5345 0.9256 0.8818 0.8617
186 0.9384 0.5391 0.9255 0.8867 0.8635
187 0.9403 0.5198 0.9266 0.8880 0.8654
188 0.9386 0.5453 0.9231 0.8869 0.8626
189 0.9420 0.5136 0.9291 0.8839 0.8604
190 0.9413 0.5192 0.9283 0.8866 0.8640
191 0.9368 0.5535 0.9227 0.8860 0.8641
192 0.9455 0.4883 0.9328 0.8846 0.8637
193 0.9434 0.4994 0.9294 0.8847 0.8639
194 0.9414 0.5193 0.9279 0.8846 0.8634
195 0.9437 0.4971 0.9304 0.8836 0.8629
196 0.9465 0.4804 0.9359 0.8832 0.8614
197 0.9460 0.4815 0.9340 0.8837 0.8624
198 0.9416 0.4932 0.9286 0.8863 0.8639
199 0.9465 0.4796 0.9334 0.8864 0.8641
