epoch train_iou train_loss train_mAP val_iou val_mAP
0 0.6457 0.2794 0.5813 0.7513 0.7141
1 0.7386 0.2595 0.6834 0.7843 0.7482
2 0.7759 0.2557 0.7307 0.7927 0.7594
3 0.7835 0.2932 0.7397 0.8218 0.7864
4 0.8057 0.3124 0.7642 0.8274 0.7915
5 0.8145 0.3270 0.7768 0.8101 0.7811
6 0.8150 0.3753 0.7764 0.8167 0.7847
7 0.8089 0.4050 0.7702 0.8185 0.7641
8 0.8243 0.4016 0.7878 0.8395 0.8087
9 0.8389 0.4037 0.8045 0.8503 0.8202
10 0.8328 0.4461 0.7970 0.8399 0.8079
11 0.8445 0.4499 0.8127 0.8521 0.8240
12 0.8458 0.4752 0.8165 0.8419 0.8139
13 0.8401 0.5184 0.8067 0.8549 0.8261
14 0.8475 0.5211 0.8158 0.8529 0.8190
15 0.8527 0.5248 0.8203 0.8378 0.7992
16 0.8542 0.5514 0.8247 0.8558 0.8204
17 0.8561 0.5773 0.8246 0.8359 0.7910
18 0.8479 0.6281 0.8143 0.8590 0.8346
19 0.8559 0.6377 0.8259 0.8635 0.8353
20 0.8635 0.6067 0.8358 0.8592 0.8361
21 0.8591 0.6522 0.8289 0.8582 0.8305
22 0.8635 0.6432 0.8340 0.8625 0.8381
23 0.8689 0.6554 0.8420 0.8502 0.8241
24 0.8649 0.6965 0.8374 0.8671 0.8429
25 0.8639 0.7228 0.8367 0.8644 0.8390
26 0.8620 0.7566 0.8336 0.8464 0.8169
27 0.8560 0.8070 0.8287 0.8661 0.8415
28 0.8791 0.7107 0.8549 0.8705 0.8450
29 0.8768 0.7687 0.8520 0.8694 0.8445
30 0.8810 0.7283 0.8549 0.8692 0.8417
31 0.8694 0.7997 0.8417 0.8679 0.8376
32 0.8708 0.8481 0.8440 0.8724 0.8476
33 0.8804 0.8010 0.8533 0.8699 0.8484
34 0.8850 0.7895 0.8595 0.8774 0.8510
35 0.8776 0.8404 0.8504 0.8723 0.8465
36 0.8813 0.8371 0.8569 0.8696 0.8421
37 0.8792 0.8782 0.8530 0.8772 0.8534
38 0.8892 0.8445 0.8656 0.8730 0.8485
39 0.8895 0.8450 0.8675 0.8720 0.8495
40 0.8814 0.9027 0.8568 0.8814 0.8580
41 0.8903 0.8838 0.8642 0.8759 0.8562
42 0.8894 0.8759 0.8660 0.8762 0.8560
43 0.8933 0.8647 0.8691 0.8788 0.8574
44 0.8994 0.8554 0.8769 0.8755 0.8534
45 0.9055 0.8121 0.8836 0.8824 0.8593
46 0.9092 0.7943 0.8857 0.8854 0.8631
47 0.9057 0.8140 0.8821 0.8864 0.8620
48 0.9090 0.8269 0.8872 0.8902 0.8686
49 0.9134 0.7924 0.8914 0.8926 0.8709
50 0.8667 1.2939 0.8363 0.8363 0.8150
51 0.8498 1.4589 0.8196 0.8534 0.8251
52 0.8592 1.3278 0.8311 0.8222 0.7879
53 0.8522 1.3981 0.8210 0.8552 0.8307
54 0.8641 1.2935 0.8340 0.8648 0.8372
55 0.8704 1.2668 0.8462 0.8663 0.8407
56 0.8729 1.2282 0.8484 0.8593 0.8278
57 0.8767 1.1994 0.8492 0.8662 0.8465
58 0.8745 1.2035 0.8482 0.8680 0.8462
59 0.8737 1.2159 0.8496 0.8607 0.8301
60 0.8789 1.1899 0.8536 0.8716 0.8490
61 0.8782 1.1524 0.8533 0.8791 0.8545
62 0.8788 1.1803 0.8514 0.8622 0.8349
63 0.8833 1.1262 0.8585 0.8547 0.8355
64 0.8820 1.1283 0.8563 0.8656 0.8477
65 0.8890 1.0981 0.8649 0.8689 0.8486
66 0.8828 1.1120 0.8585 0.8778 0.8529
67 0.8865 1.0526 0.8626 0.8801 0.8551
68 0.8889 1.0458 0.8645 0.8791 0.8555
69 0.8898 1.0318 0.8686 0.8761 0.8511
70 0.8906 1.0262 0.8688 0.8816 0.8593
71 0.8957 0.9642 0.8739 0.8649 0.8349
72 0.8937 1.0180 0.8712 0.8827 0.8619
73 0.8925 1.0052 0.8687 0.8823 0.8602
74 0.9044 0.9190 0.8847 0.8834 0.8620
75 0.9087 0.8707 0.8883 0.8821 0.8574
76 0.8999 0.9213 0.8777 0.8791 0.8585
77 0.9070 0.8978 0.8887 0.8856 0.8651
78 0.9042 0.8853 0.8821 0.8798 0.8587
79 0.9062 0.9183 0.8839 0.8764 0.8544
80 0.9040 0.8881 0.8856 0.8857 0.8650
81 0.9013 0.9101 0.8800 0.8858 0.8635
82 0.9019 0.9291 0.8782 0.8922 0.8675
83 0.9071 0.8776 0.8888 0.8863 0.8645
84 0.9097 0.8464 0.8880 0.8881 0.8680
85 0.9085 0.8327 0.8874 0.8916 0.8704
86 0.9126 0.8385 0.8909 0.8823 0.8526
87 0.9100 0.8272 0.8893 0.8910 0.8689
88 0.9152 0.8017 0.8955 0.8868 0.8652
89 0.9172 0.7927 0.8962 0.8868 0.8629
90 0.9186 0.7532 0.8999 0.8865 0.8670
91 0.9148 0.7957 0.8945 0.8858 0.8649
92 0.9170 0.7728 0.8967 0.8874 0.8687
93 0.9111 0.8352 0.8892 0.8899 0.8687
94 0.9221 0.7253 0.9044 0.8857 0.8666
95 0.9231 0.7007 0.9041 0.8899 0.8697
96 0.9216 0.7152 0.9009 0.8905 0.8704
97 0.9258 0.6891 0.9048 0.8903 0.8697
98 0.9296 0.6312 0.9106 0.8912 0.8706
99 0.9207 0.7320 0.9002 0.8929 0.8716
100 0.9118 0.8546 0.8911 0.8773 0.8571
101 0.9117 0.8395 0.8918 0.8800 0.8561
102 0.9091 0.8465 0.8865 0.8862 0.8661
103 0.9093 0.8660 0.8902 0.8823 0.8584
104 0.9083 0.8374 0.8877 0.8736 0.8511
105 0.8998 0.9411 0.8768 0.8897 0.8680
106 0.9061 0.8972 0.8857 0.8748 0.8534
107 0.9109 0.8204 0.8898 0.8894 0.8671
108 0.9076 0.8618 0.8856 0.8840 0.8612
109 0.9086 0.8160 0.8882 0.8921 0.8706
110 0.9159 0.7872 0.8963 0.8853 0.8649
111 0.9091 0.8615 0.8895 0.8882 0.8655
112 0.9137 0.8083 0.8911 0.8848 0.8642
113 0.9178 0.7840 0.8961 0.8843 0.8631
114 0.9132 0.8270 0.8943 0.8857 0.8666
115 0.9150 0.7989 0.8961 0.8857 0.8670
116 0.9121 0.8157 0.8925 0.8883 0.8672
117 0.9194 0.7580 0.9012 0.8916 0.8700
118 0.9218 0.7438 0.9033 0.8903 0.8689
119 0.9173 0.7641 0.8992 0.8838 0.8602
120 0.9203 0.7272 0.9034 0.8873 0.8662
121 0.9189 0.7444 0.9008 0.8845 0.8655
122 0.9251 0.7025 0.9069 0.8811 0.8600
123 0.9186 0.7316 0.9002 0.8954 0.8732
124 0.9117 0.7879 0.8902 0.8934 0.8712
125 0.9222 0.7254 0.9043 0.8928 0.8699
126 0.9205 0.7091 0.9017 0.8950 0.8734
127 0.9269 0.6824 0.9074 0.8862 0.8680
128 0.9216 0.7176 0.9015 0.8897 0.8686
129 0.9217 0.7352 0.9029 0.8962 0.8764
130 0.9175 0.7453 0.8981 0.8912 0.8700
131 0.9308 0.6386 0.9139 0.8925 0.8712
132 0.9253 0.6796 0.9067 0.8914 0.8706
133 0.9292 0.6679 0.9109 0.8897 0.8700
134 0.9243 0.6992 0.9079 0.8875 0.8695
135 0.9321 0.6097 0.9155 0.8926 0.8731
136 0.9313 0.6351 0.9127 0.8936 0.8731
137 0.9293 0.6241 0.9126 0.8922 0.8721
138 0.9281 0.6608 0.9107 0.8894 0.8699
139 0.9354 0.5901 0.9172 0.8871 0.8671
140 0.9350 0.5791 0.9193 0.8830 0.8635
141 0.9318 0.6189 0.9174 0.8869 0.8689
142 0.9321 0.6009 0.9143 0.8867 0.8677
143 0.9299 0.6352 0.9130 0.8911 0.8714
144 0.9276 0.6179 0.9095 0.8920 0.8719
145 0.9392 0.5468 0.9251 0.8902 0.8711
146 0.9360 0.6007 0.9223 0.8952 0.8734
147 0.9404 0.5505 0.9251 0.8951 0.8761
148 0.9394 0.5486 0.9275 0.8934 0.8753
149 0.9329 0.6042 0.9182 0.8943 0.8747
150 0.9281 0.6411 0.9104 0.8887 0.8700
151 0.9302 0.6215 0.9151 0.8866 0.8675
152 0.9296 0.6448 0.9116 0.8902 0.8699
153 0.9333 0.6288 0.9163 0.8843 0.8654
154 0.9324 0.6237 0.9176 0.8870 0.8670
155 0.9201 0.7099 0.9020 0.8898 0.8681
156 0.9226 0.6843 0.9053 0.8884 0.8679
157 0.9258 0.6650 0.9088 0.8909 0.8709
158 0.9372 0.5998 0.9219 0.8922 0.8722
159 0.9287 0.6669 0.9109 0.8879 0.8697
160 0.9303 0.6304 0.9165 0.8929 0.8716
161 0.9239 0.6746 0.9065 0.8860 0.8662
162 0.9264 0.6497 0.9096 0.8929 0.8714
163 0.9279 0.6403 0.9094 0.8942 0.8707
164 0.9327 0.5936 0.9171 0.8894 0.8699
165 0.9330 0.6060 0.9156 0.8942 0.8724
166 0.9357 0.5956 0.9208 0.8921 0.8715
167 0.9354 0.5981 0.9220 0.8933 0.8734
168 0.9309 0.6240 0.9148 0.8929 0.8724
169 0.9358 0.5828 0.9217 0.8931 0.8718
170 0.9297 0.5947 0.9125 0.8926 0.8719
171 0.9313 0.6133 0.9158 0.8927 0.8720
172 0.9352 0.5704 0.9219 0.8903 0.8685
173 0.9385 0.5545 0.9243 0.8910 0.8699
174 0.9323 0.5986 0.9155 0.8940 0.8724
175 0.9352 0.5890 0.9201 0.8916 0.8714
176 0.9345 0.5855 0.9203 0.8930 0.8725
177 0.9390 0.5473 0.9247 0.8948 0.8722
178 0.9342 0.5698 0.9178 0.8949 0.8725
179 0.9379 0.5588 0.9247 0.8961 0.8745
180 0.9339 0.5728 0.9180 0.8902 0.8718
181 0.9330 0.6167 0.9166 0.8957 0.8750
182 0.9370 0.5416 0.9231 0.8961 0.8745
183 0.9367 0.5558 0.9223 0.8958 0.8763
184 0.9381 0.5407 0.9237 0.8950 0.8757
185 0.9389 0.5233 0.9248 0.8977 0.8768
186 0.9376 0.5444 0.9235 0.8947 0.8740
187 0.9401 0.5385 0.9257 0.8998 0.8784
188 0.9366 0.5262 0.9205 0.9019 0.8795
189 0.9385 0.5210 0.9253 0.8940 0.8731
190 0.9394 0.5264 0.9267 0.8969 0.8780
191 0.9379 0.5326 0.9227 0.8978 0.8785
192 0.9390 0.5133 0.9265 0.8964 0.8751
193 0.9409 0.5170 0.9268 0.8973 0.8766
194 0.9387 0.5589 0.9240 0.8959 0.8750
195 0.9417 0.5122 0.9284 0.8929 0.8730
196 0.9387 0.5343 0.9232 0.8966 0.8763
197 0.9371 0.5512 0.9226 0.8963 0.8759
198 0.9404 0.5215 0.9259 0.8963 0.8763
199 0.9470 0.4581 0.9348 0.8997 0.8789
