epoch train_iou train_loss train_mAP val_iou val_mAP
0 0.5966 0.3074 0.5288 0.7133 0.6553
1 0.6951 0.2879 0.6382 0.7729 0.7246
2 0.7456 0.3011 0.6961 0.7550 0.6978
3 0.7827 0.2979 0.7402 0.8132 0.7833
4 0.8039 0.2993 0.7650 0.8259 0.7953
5 0.8231 0.2935 0.7848 0.8337 0.8012
6 0.8272 0.3376 0.7873 0.8425 0.8103
7 0.8113 0.3997 0.7733 0.8324 0.7989
8 0.8029 0.4664 0.7609 0.8106 0.7787
9 0.7968 0.5079 0.7574 0.8210 0.7803
10 0.8042 0.5466 0.7655 0.8392 0.8100
11 0.8075 0.5542 0.7674 0.8313 0.8066
12 0.8326 0.5164 0.7973 0.8452 0.8128
13 0.8526 0.4784 0.8192 0.8571 0.8233
14 0.8593 0.4641 0.8245 0.8589 0.8282
15 0.8745 0.4464 0.8454 0.8642 0.8340
16 0.8693 0.4864 0.8349 0.8541 0.8247
17 0.8597 0.5522 0.8298 0.8538 0.8203
18 0.8485 0.6270 0.8145 0.8500 0.8133
19 0.8456 0.6753 0.8108 0.8390 0.8117
20 0.8370 0.7407 0.8042 0.8338 0.8037
21 0.8397 0.7421 0.8065 0.8452 0.8118
22 0.8641 0.6655 0.8306 0.8547 0.8233
23 0.8735 0.6204 0.8446 0.8516 0.8246
24 0.8792 0.6094 0.8484 0.8653 0.8342
25 0.8839 0.5812 0.8571 0.8666 0.8339
26 0.8893 0.5833 0.8592 0.8675 0.8343
27 0.8850 0.6412 0.8561 0.8593 0.8270
28 0.8728 0.7425 0.8415 0.8466 0.8165
29 0.8627 0.8425 0.8319 0.8495 0.8167
30 0.8533 0.9230 0.8217 0.8467 0.8194
31 0.8552 0.9176 0.8210 0.8516 0.8211
32 0.8736 0.8429 0.8449 0.8546 0.8286
33 0.8821 0.7814 0.8522 0.8686 0.8350
34 0.8905 0.7260 0.8618 0.8703 0.8346
35 0.8951 0.6806 0.8647 0.8763 0.8448
36 0.8978 0.7267 0.8713 0.8688 0.8380
37 0.8950 0.7500 0.8689 0.8680 0.8407
38 0.8859 0.8674 0.8582 0.8599 0.8277
39 0.8648 1.0388 0.8323 0.8568 0.8317
40 0.8690 1.0321 0.8404 0.8575 0.8290
41 0.8731 1.0413 0.8432 0.8593 0.8262
42 0.8877 0.9197 0.8578 0.8682 0.8373
43 0.9043 0.8008 0.8778 0.8684 0.8404
44 0.9011 0.8027 0.8743 0.8700 0.8403
45 0.9128 0.7300 0.8875 0.8683 0.8384
46 0.9087 0.7708 0.8813 0.8694 0.8406
47 0.8984 0.8746 0.8704 0.8717 0.8421
48 0.8999 0.9283 0.8712 0.8662 0.8403
49 0.8876 1.0566 0.8583 0.8608 0.8265
50 0.8735 1.2168 0.8436 0.8508 0.8163
51 0.8857 1.1186 0.8564 0.8585 0.8318
52 0.8948 0.9948 0.8662 0.8670 0.8343
53 0.9021 0.9133 0.8740 0.8711 0.8405
54 0.9083 0.8238 0.8823 0.8688 0.8417
55 0.9077 0.8121 0.8819 0.8697 0.8410
56 0.9154 0.7712 0.8903 0.8693 0.8416
57 0.9056 0.8491 0.8805 0.8597 0.8294
58 0.8973 0.9380 0.8698 0.8689 0.8379
59 0.8917 1.0299 0.8629 0.8648 0.8368
60 0.8924 1.0165 0.8668 0.8554 0.8194
61 0.8836 1.1457 0.8537 0.8396 0.8201
62 0.8989 0.9781 0.8719 0.8667 0.8341
63 0.9007 0.9201 0.8749 0.8768 0.8487
64 0.9072 0.8237 0.8827 0.8794 0.8511
65 0.9179 0.7361 0.8951 0.8790 0.8511
66 0.9116 0.8225 0.8878 0.8752 0.8470
67 0.9066 0.8210 0.8816 0.8612 0.8326
68 0.9081 0.8306 0.8823 0.8696 0.8442
69 0.8976 0.9796 0.8736 0.8587 0.8300
70 0.8817 1.1166 0.8537 0.8573 0.8257
71 0.8969 1.0074 0.8684 0.8606 0.8338
72 0.9042 0.8724 0.8768 0.8730 0.8421
73 0.9078 0.8203 0.8804 0.8643 0.8335
74 0.9174 0.7575 0.8936 0.8668 0.8391
75 0.9210 0.7022 0.8983 0.8681 0.8414
76 0.9209 0.7076 0.8972 0.8749 0.8478
77 0.9128 0.7833 0.8881 0.8739 0.8452
78 0.9081 0.8325 0.8816 0.8686 0.8388
79 0.8974 0.9340 0.8716 0.8661 0.8402
80 0.8929 1.0028 0.8661 0.8465 0.8258
81 0.9035 0.9177 0.8783 0.8606 0.8359
82 0.9127 0.8187 0.8879 0.8570 0.8303
83 0.9140 0.7684 0.8898 0.8611 0.8394
84 0.9214 0.6909 0.9000 0.8704 0.8448
85 0.9218 0.6710 0.9004 0.8731 0.8494
86 0.9206 0.6932 0.8967 0.8695 0.8456
87 0.9260 0.6664 0.9045 0.8702 0.8445
88 0.9126 0.7952 0.8859 0.8599 0.8307
89 0.9057 0.8768 0.8811 0.8562 0.8321
90 0.8940 1.0414 0.8680 0.8725 0.8445
91 0.8934 0.9965 0.8655 0.8654 0.8379
92 0.9113 0.8171 0.8862 0.8733 0.8489
93 0.9127 0.7696 0.8901 0.8674 0.8437
94 0.9217 0.6937 0.8996 0.8749 0.8506
95 0.9229 0.6729 0.9017 0.8722 0.8471
96 0.9219 0.6739 0.8986 0.8698 0.8444
97 0.9233 0.6715 0.9001 0.8664 0.8426
98 0.9202 0.7076 0.8974 0.8782 0.8517
99 0.9015 0.8586 0.8779 0.8607 0.8334
100 0.9128 0.7909 0.8888 0.8677 0.8438
101 0.9168 0.7307 0.8948 0.8654 0.8418
102 0.9219 0.6655 0.9008 0.8695 0.8456
103 0.9248 0.6309 0.9037 0.8741 0.8487
104 0.9277 0.6172 0.9076 0.8742 0.8493
105 0.9302 0.5966 0.9098 0.8769 0.8521
106 0.9262 0.6307 0.9048 0.8773 0.8533
107 0.9306 0.6085 0.9101 0.8754 0.8481
108 0.9234 0.6509 0.9010 0.8766 0.8510
109 0.9234 0.6629 0.9032 0.8765 0.8489
110 0.9187 0.7143 0.8982 0.8700 0.8431
111 0.9219 0.6762 0.9003 0.8693 0.8451
112 0.9278 0.6405 0.9086 0.8730 0.8474
113 0.9255 0.6279 0.9051 0.8738 0.8487
114 0.9316 0.5906 0.9115 0.8803 0.8569
115 0.9342 0.5679 0.9158 0.8771 0.8544
116 0.9264 0.6050 0.9066 0.8762 0.8514
117 0.9318 0.5818 0.9114 0.8806 0.8539
118 0.9287 0.5986 0.9092 0.8777 0.8495
119 0.9299 0.6078 0.9104 0.8752 0.8469
120 0.9218 0.6809 0.9023 0.8689 0.8436
121 0.9298 0.6246 0.9109 0.8744 0.8498
122 0.9266 0.6081 0.9074 0.8762 0.8505
123 0.9369 0.5595 0.9199 0.8762 0.8520
124 0.9345 0.5621 0.9167 0.8783 0.8533
125 0.9306 0.5600 0.9130 0.8761 0.8511
126 0.9340 0.5621 0.9164 0.8737 0.8488
127 0.9309 0.5718 0.9112 0.8778 0.8504
128 0.9334 0.5810 0.9154 0.8715 0.8485
129 0.9259 0.6258 0.9060 0.8750 0.8497
130 0.9270 0.6346 0.9076 0.8706 0.8444
131 0.9273 0.6187 0.9078 0.8754 0.8487
132 0.9325 0.5929 0.9144 0.8722 0.8454
133 0.9328 0.5483 0.9150 0.8782 0.8522
134 0.9351 0.5621 0.9176 0.8717 0.8498
135 0.9325 0.5644 0.9150 0.8736 0.8499
136 0.9371 0.5283 0.9206 0.8720 0.8489
137 0.9328 0.5615 0.9140 0.8790 0.8551
138 0.9360 0.5454 0.9180 0.8738 0.8501
139 0.9256 0.6309 0.9084 0.8721 0.8487
140 0.9307 0.6064 0.9103 0.8717 0.8496
141 0.9289 0.6081 0.9105 0.8689 0.8473
142 0.9308 0.5870 0.9131 0.8753 0.8519
143 0.9296 0.5722 0.9125 0.8719 0.8479
144 0.9362 0.5371 0.9186 0.8760 0.8511
145 0.9331 0.5392 0.9146 0.8754 0.8507
146 0.9356 0.5439 0.9187 0.8769 0.8534
147 0.9336 0.5371 0.9165 0.8802 0.8545
148 0.9316 0.5638 0.9141 0.8773 0.8533
149 0.9333 0.5848 0.9151 0.8724 0.8493
150 0.9349 0.5676 0.9173 0.8786 0.8538
151 0.9304 0.5830 0.9128 0.8781 0.8557
152 0.9332 0.5703 0.9172 0.8726 0.8494
153 0.9326 0.5636 0.9137 0.8751 0.8488
154 0.9388 0.4966 0.9231 0.8776 0.8521
155 0.9391 0.5122 0.9233 0.8760 0.8514
156 0.9339 0.5326 0.9159 0.8767 0.8505
157 0.9379 0.5135 0.9213 0.8813 0.8561
158 0.9329 0.5660 0.9158 0.8780 0.8566
159 0.9382 0.5315 0.9195 0.8693 0.8451
160 0.9384 0.5234 0.9226 0.8752 0.8510
161 0.9404 0.4984 0.9250 0.8771 0.8531
162 0.9397 0.4962 0.9233 0.8782 0.8532
163 0.9418 0.4758 0.9256 0.8782 0.8512
164 0.9404 0.4810 0.9242 0.8773 0.8524
165 0.9375 0.5051 0.9211 0.8767 0.8504
166 0.9436 0.4780 0.9280 0.8799 0.8542
167 0.9378 0.4791 0.9230 0.8806 0.8549
168 0.9411 0.4883 0.9262 0.8798 0.8547
169 0.9400 0.4813 0.9259 0.8792 0.8545
170 0.9432 0.4678 0.9302 0.8791 0.8524
171 0.9437 0.4659 0.9288 0.8805 0.8557
172 0.9422 0.4675 0.9287 0.8779 0.8522
173 0.9393 0.4893 0.9239 0.8799 0.8553
174 0.9410 0.4630 0.9269 0.8810 0.8555
175 0.9417 0.4624 0.9270 0.8789 0.8536
176 0.9417 0.4641 0.9271 0.8807 0.8571
177 0.9435 0.4647 0.9285 0.8821 0.8576
178 0.9419 0.4704 0.9274 0.8843 0.8607
179 0.9450 0.4438 0.9321 0.8795 0.8560
180 0.9409 0.4868 0.9264 0.8813 0.8542
181 0.9429 0.4621 0.9270 0.8799 0.8540
182 0.9412 0.4778 0.9283 0.8799 0.8553
183 0.9438 0.4649 0.9299 0.8758 0.8512
184 0.9453 0.4442 0.9314 0.8785 0.8540
185 0.9446 0.4449 0.9303 0.8799 0.8562
186 0.9416 0.4621 0.9268 0.8770 0.8538
187 0.9433 0.4455 0.9291 0.8812 0.8575
188 0.9434 0.4515 0.9290 0.8801 0.8574
189 0.9406 0.4760 0.9269 0.8796 0.8522
190 0.9447 0.4417 0.9315 0.8789 0.8540
191 0.9406 0.4774 0.9248 0.8830 0.8570
192 0.9445 0.4501 0.9306 0.8772 0.8545
193 0.9421 0.4557 0.9270 0.8782 0.8537
194 0.9444 0.4377 0.9300 0.8804 0.8573
195 0.9453 0.4373 0.9323 0.8781 0.8544
196 0.9431 0.4365 0.9293 0.8794 0.8549
197 0.9457 0.4386 0.9312 0.8791 0.8543
198 0.9399 0.4747 0.9245 0.8793 0.8552
199 0.9442 0.4537 0.9307 0.8819 0.8567
