epoch train_iou train_loss train_mAP val_iou val_mAP
0 0.5700 0.1608 0.4906 0.6933 0.6316
1 0.6844 0.1540 0.6235 0.7368 0.6916
2 0.7482 0.1593 0.6971 0.7577 0.7102
3 0.7912 0.1588 0.7484 0.7851 0.7501
4 0.8243 0.1422 0.7874 0.8158 0.7766
5 0.8278 0.1629 0.7911 0.8161 0.7801
6 0.8314 0.1756 0.7931 0.8216 0.7757
7 0.8078 0.2210 0.7680 0.8025 0.7574
8 0.7891 0.2661 0.7434 0.7975 0.7594
9 0.8076 0.2683 0.7718 0.8105 0.7741
10 0.7965 0.2953 0.7548 0.7884 0.7467
11 0.8064 0.3084 0.7664 0.7893 0.7606
12 0.8302 0.2779 0.7912 0.8295 0.7960
13 0.8493 0.2895 0.8184 0.8366 0.8049
14 0.8499 0.2719 0.8180 0.8537 0.8214
15 0.8651 0.2608 0.8369 0.8525 0.8219
16 0.8659 0.2691 0.8347 0.8542 0.8206
17 0.8502 0.3231 0.8161 0.8486 0.8147
18 0.8417 0.3576 0.8089 0.8441 0.8146
19 0.8445 0.3776 0.8100 0.8457 0.8109
20 0.8391 0.4205 0.8039 0.8301 0.8026
21 0.8485 0.3791 0.8178 0.8341 0.7996
22 0.8642 0.3649 0.8351 0.8534 0.8244
23 0.8603 0.3771 0.8291 0.8569 0.8263
24 0.8808 0.3303 0.8539 0.8689 0.8368
25 0.8888 0.3231 0.8613 0.8662 0.8364
26 0.8753 0.3649 0.8469 0.8735 0.8436
27 0.8769 0.3800 0.8492 0.8609 0.8300
28 0.8654 0.4364 0.8371 0.8562 0.8219
29 0.8668 0.4451 0.8391 0.8465 0.8105
30 0.8583 0.4767 0.8289 0.8569 0.8249
31 0.8612 0.4724 0.8339 0.8596 0.8285
32 0.8703 0.4679 0.8396 0.8655 0.8359
33 0.8835 0.4335 0.8556 0.8625 0.8358
34 0.8987 0.3815 0.8748 0.8690 0.8419
35 0.8974 0.3809 0.8771 0.8704 0.8422
36 0.8983 0.3998 0.8721 0.8740 0.8447
37 0.8885 0.4481 0.8613 0.8684 0.8399
38 0.8836 0.4744 0.8565 0.8576 0.8316
39 0.8696 0.5627 0.8412 0.8486 0.8166
40 0.8703 0.5733 0.8424 0.8580 0.8286
41 0.8866 0.5111 0.8628 0.8523 0.8163
42 0.8877 0.5179 0.8610 0.8643 0.8370
43 0.8929 0.4839 0.8713 0.8721 0.8445
44 0.8958 0.4758 0.8700 0.8784 0.8481
45 0.9056 0.4440 0.8802 0.8794 0.8525
46 0.8983 0.4698 0.8712 0.8771 0.8484
47 0.9073 0.4565 0.8849 0.8769 0.8505
48 0.8859 0.5569 0.8626 0.8704 0.8446
49 0.8769 0.6371 0.8489 0.8627 0.8341
50 0.8832 0.6335 0.8575 0.8554 0.8279
51 0.8846 0.6438 0.8606 0.8552 0.8307
52 0.8951 0.5699 0.8713 0.8758 0.8493
53 0.8954 0.5540 0.8717 0.8712 0.8455
54 0.8974 0.5557 0.8734 0.8804 0.8549
55 0.9116 0.4890 0.8912 0.8790 0.8540
56 0.9071 0.5259 0.8855 0.8835 0.8576
57 0.9056 0.5418 0.8845 0.8840 0.8585
58 0.9012 0.5780 0.8810 0.8753 0.8469
59 0.8790 0.7053 0.8537 0.8720 0.8456
60 0.8777 0.7421 0.8506 0.8753 0.8489
61 0.8870 0.7088 0.8649 0.8646 0.8389
62 0.8938 0.6615 0.8698 0.8764 0.8507
63 0.8914 0.6575 0.8671 0.8746 0.8481
64 0.9087 0.5666 0.8866 0.8868 0.8608
65 0.9132 0.5622 0.8904 0.8855 0.8590
66 0.9083 0.5809 0.8864 0.8855 0.8599
67 0.9100 0.5777 0.8890 0.8696 0.8454
68 0.9057 0.6244 0.8845 0.8693 0.8450
69 0.8895 0.7409 0.8673 0.8686 0.8384
70 0.8842 0.8077 0.8588 0.8582 0.8273
71 0.8874 0.7687 0.8622 0.8810 0.8503
72 0.8992 0.6835 0.8741 0.8867 0.8576
73 0.9077 0.6332 0.8859 0.8798 0.8506
74 0.9042 0.6785 0.8856 0.8855 0.8598
75 0.9155 0.6103 0.8985 0.8879 0.8611
76 0.9125 0.6355 0.8896 0.8911 0.8646
77 0.9120 0.6521 0.8907 0.8825 0.8546
78 0.9121 0.6705 0.8905 0.8722 0.8458
79 0.8949 0.8155 0.8721 0.8729 0.8481
80 0.8990 0.7927 0.8730 0.8710 0.8422
81 0.8917 0.8603 0.8705 0.8639 0.8369
82 0.9044 0.7385 0.8822 0.8797 0.8534
83 0.9102 0.7316 0.8898 0.8870 0.8612
84 0.9131 0.6889 0.8913 0.8857 0.8584
85 0.9220 0.6246 0.9012 0.8894 0.8624
86 0.9231 0.6088 0.9045 0.8880 0.8631
87 0.9126 0.6893 0.8925 0.8843 0.8575
88 0.9083 0.7514 0.8882 0.8810 0.8535
89 0.9040 0.8123 0.8802 0.8749 0.8512
90 0.8972 0.8994 0.8726 0.8695 0.8439
91 0.9002 0.8808 0.8774 0.8740 0.8501
92 0.9080 0.8084 0.8877 0.8888 0.8640
93 0.9172 0.7398 0.8966 0.8776 0.8519
94 0.9105 0.7846 0.8893 0.8829 0.8593
95 0.9173 0.7152 0.8981 0.8857 0.8620
96 0.9206 0.7155 0.9014 0.8871 0.8619
97 0.9194 0.7245 0.9022 0.8857 0.8639
98 0.9099 0.8160 0.8872 0.8741 0.8510
99 0.9137 0.8206 0.8934 0.8692 0.8441
100 0.9093 0.8438 0.8911 0.8832 0.8564
101 0.9187 0.7679 0.9008 0.8930 0.8647
102 0.9204 0.7323 0.9012 0.8833 0.8581
103 0.9154 0.7728 0.8967 0.8869 0.8646
104 0.9283 0.6553 0.9097 0.8936 0.8696
105 0.9244 0.6766 0.9048 0.8935 0.8701
106 0.9213 0.6788 0.9032 0.8918 0.8687
107 0.9264 0.6647 0.9079 0.8923 0.8696
108 0.9206 0.7452 0.9035 0.8856 0.8615
109 0.9200 0.7204 0.9001 0.8895 0.8672
110 0.9201 0.7291 0.9007 0.8733 0.8534
111 0.9157 0.7888 0.8951 0.8851 0.8614
112 0.9212 0.7564 0.9009 0.8895 0.8658
113 0.9229 0.6849 0.9048 0.8883 0.8680
114 0.9218 0.6920 0.9023 0.8883 0.8669
115 0.9292 0.6337 0.9092 0.8899 0.8689
116 0.9331 0.5843 0.9169 0.8884 0.8677
117 0.9271 0.6587 0.9082 0.8846 0.8596
118 0.9229 0.6803 0.9050 0.8936 0.8705
119 0.9187 0.7407 0.8999 0.8935 0.8699
120 0.9197 0.7577 0.9002 0.8897 0.8654
121 0.9249 0.6614 0.9069 0.8855 0.8627
122 0.9247 0.6833 0.9060 0.8943 0.8697
123 0.9263 0.6467 0.9096 0.8945 0.8726
124 0.9258 0.6721 0.9066 0.8955 0.8726
125 0.9332 0.6083 0.9178 0.8977 0.8751
126 0.9302 0.6142 0.9145 0.8962 0.8750
127 0.9254 0.6515 0.9072 0.8918 0.8679
128 0.9313 0.6273 0.9161 0.8935 0.8681
129 0.9232 0.7038 0.9034 0.8836 0.8612
130 0.9184 0.7009 0.9009 0.8927 0.8681
131 0.9183 0.7271 0.9002 0.8905 0.8664
132 0.9278 0.6734 0.9101 0.8916 0.8683
133 0.9253 0.6659 0.9055 0.8989 0.8745
134 0.9283 0.6242 0.9097 0.8954 0.8720
135 0.9303 0.6059 0.9123 0.8979 0.8734
136 0.9277 0.6104 0.9105 0.8977 0.8724
137 0.9265 0.6373 0.9083 0.8958 0.8729
138 0.9318 0.6105 0.9132 0.8874 0.8630
139 0.9277 0.6526 0.9091 0.8883 0.8630
140 0.9178 0.7434 0.8996 0.8853 0.8636
141 0.9257 0.6510 0.9082 0.8924 0.8682
142 0.9273 0.6449 0.9091 0.8936 0.8715
143 0.9318 0.6225 0.9146 0.8977 0.8730
144 0.9343 0.5971 0.9167 0.8989 0.8766
145 0.9310 0.5962 0.9115 0.8994 0.8771
146 0.9287 0.6145 0.9110 0.8993 0.8767
147 0.9300 0.6182 0.9128 0.8958 0.8718
148 0.9245 0.6626 0.9063 0.8958 0.8720
149 0.9267 0.6826 0.9117 0.8990 0.8751
150 0.9222 0.6979 0.9032 0.8846 0.8584
151 0.9268 0.6605 0.9067 0.8951 0.8710
152 0.9264 0.6356 0.9096 0.8925 0.8694
153 0.9321 0.6239 0.9154 0.8937 0.8730
154 0.9342 0.5674 0.9169 0.8970 0.8741
155 0.9384 0.5515 0.9257 0.9008 0.8780
156 0.9387 0.5686 0.9247 0.9018 0.8765
157 0.9294 0.6097 0.9140 0.8957 0.8752
158 0.9323 0.6075 0.9164 0.8920 0.8727
159 0.9299 0.6099 0.9131 0.8925 0.8699
160 0.9331 0.5934 0.9152 0.8935 0.8711
161 0.9369 0.5430 0.9197 0.8928 0.8686
162 0.9290 0.6116 0.9098 0.8940 0.8719
163 0.9378 0.5504 0.9226 0.8942 0.8712
164 0.9349 0.5687 0.9208 0.9008 0.8780
165 0.9350 0.6028 0.9166 0.9002 0.8778
166 0.9346 0.5784 0.9166 0.8968 0.8740
167 0.9363 0.5591 0.9202 0.8981 0.8751
168 0.9389 0.5274 0.9239 0.8946 0.8715
169 0.9317 0.5629 0.9148 0.8967 0.8735
170 0.9323 0.5931 0.9141 0.8972 0.8731
171 0.9299 0.6130 0.9121 0.8939 0.8706
172 0.9357 0.5622 0.9205 0.8957 0.8741
173 0.9357 0.5705 0.9201 0.8960 0.8736
174 0.9324 0.5623 0.9164 0.8942 0.8718
175 0.9329 0.5723 0.9168 0.8934 0.8712
176 0.9324 0.5720 0.9156 0.8951 0.8722
177 0.9386 0.5420 0.9237 0.8956 0.8727
178 0.9390 0.5338 0.9230 0.8962 0.8737
179 0.9405 0.5128 0.9257 0.8973 0.8744
180 0.9369 0.5656 0.9193 0.8994 0.8770
181 0.9373 0.5236 0.9226 0.8989 0.8763
182 0.9402 0.5155 0.9244 0.8992 0.8754
183 0.9354 0.5608 0.9197 0.9007 0.8766
184 0.9416 0.5006 0.9275 0.9003 0.8776
185 0.9387 0.5141 0.9249 0.8974 0.8734
186 0.9401 0.5105 0.9244 0.8997 0.8759
187 0.9387 0.5170 0.9258 0.8999 0.8777
188 0.9398 0.5163 0.9248 0.8955 0.8727
189 0.9418 0.5045 0.9260 0.8947 0.8724
190 0.9353 0.5506 0.9195 0.8932 0.8697
191 0.9401 0.5395 0.9251 0.8991 0.8756
192 0.9360 0.5405 0.9200 0.8956 0.8717
193 0.9363 0.5429 0.9213 0.8994 0.8751
194 0.9336 0.5445 0.9186 0.8977 0.8753
195 0.9373 0.5457 0.9219 0.8982 0.8756
196 0.9329 0.5500 0.9167 0.8994 0.8764
197 0.9409 0.5110 0.9261 0.8990 0.8760
198 0.9353 0.5568 0.9215 0.8974 0.8736
199 0.9405 0.5092 0.9251 0.9001 0.8775
