epoch train_iou train_loss train_mAP val_iou val_mAP
0 0.6187 0.2933 0.5422 0.7431 0.6859
1 0.7104 0.2572 0.6475 0.7544 0.7057
2 0.7592 0.2657 0.7055 0.7934 0.7496
3 0.7801 0.2969 0.7310 0.7943 0.7351
4 0.8032 0.3071 0.7597 0.8199 0.7865
5 0.8067 0.3311 0.7660 0.8272 0.7879
6 0.8241 0.3283 0.7854 0.8030 0.7677
7 0.8273 0.3607 0.7874 0.8192 0.7844
8 0.8466 0.3694 0.8085 0.8289 0.7935
9 0.8447 0.3721 0.8064 0.8324 0.7941
10 0.8394 0.4277 0.8062 0.8476 0.8160
11 0.8447 0.4367 0.8104 0.8437 0.8112
12 0.8473 0.4603 0.8132 0.8531 0.8251
13 0.8532 0.4651 0.8198 0.8559 0.8293
14 0.8538 0.4722 0.8192 0.8448 0.8163
15 0.8607 0.4917 0.8315 0.8529 0.8260
16 0.8696 0.4890 0.8367 0.8512 0.8246
17 0.8639 0.5243 0.8336 0.8514 0.8190
18 0.8763 0.4922 0.8468 0.8547 0.8291
19 0.8693 0.5469 0.8386 0.8652 0.8375
20 0.8749 0.5457 0.8462 0.8592 0.8345
21 0.8686 0.5701 0.8411 0.8649 0.8396
22 0.8770 0.5736 0.8470 0.8611 0.8370
23 0.8756 0.5911 0.8473 0.8641 0.8384
24 0.8737 0.6579 0.8424 0.8695 0.8466
25 0.8853 0.6102 0.8582 0.8698 0.8406
26 0.8836 0.6101 0.8572 0.8525 0.8269
27 0.8857 0.6212 0.8572 0.8544 0.8290
28 0.8746 0.7230 0.8465 0.8692 0.8460
29 0.8914 0.6386 0.8643 0.8680 0.8421
30 0.8852 0.6957 0.8579 0.8551 0.8306
31 0.8852 0.7104 0.8572 0.8719 0.8446
32 0.8924 0.6976 0.8658 0.8687 0.8451
33 0.8948 0.6710 0.8692 0.8695 0.8413
34 0.8886 0.7389 0.8607 0.8746 0.8505
35 0.8987 0.7039 0.8745 0.8675 0.8468
36 0.9002 0.7086 0.8760 0.8738 0.8495
37 0.9020 0.7082 0.8794 0.8725 0.8489
38 0.9016 0.7203 0.8763 0.8713 0.8462
39 0.8973 0.7443 0.8708 0.8727 0.8487
40 0.9052 0.7265 0.8763 0.8782 0.8566
41 0.9077 0.7091 0.8844 0.8757 0.8511
42 0.9047 0.7472 0.8816 0.8726 0.8507
43 0.9030 0.7674 0.8789 0.8801 0.8554
44 0.9008 0.7857 0.8772 0.8817 0.8594
45 0.9182 0.6798 0.8982 0.8899 0.8680
46 0.9134 0.7401 0.8914 0.8850 0.8634
47 0.9160 0.7175 0.8948 0.8804 0.8604
48 0.9220 0.6942 0.9024 0.8804 0.8586
49 0.9162 0.7234 0.8943 0.8824 0.8616
50 0.8941 0.9931 0.8671 0.8473 0.8195
51 0.8742 1.1690 0.8449 0.8729 0.8476
52 0.8819 1.0865 0.8538 0.8728 0.8456
53 0.8852 1.0685 0.8569 0.8626 0.8409
54 0.8921 1.0644 0.8653 0.8617 0.8394
55 0.8858 1.0624 0.8587 0.8580 0.8350
56 0.8924 1.0430 0.8664 0.8665 0.8420
57 0.8870 1.0741 0.8616 0.8696 0.8494
58 0.8936 1.0140 0.8690 0.8575 0.8346
59 0.8928 1.0099 0.8672 0.8619 0.8415
60 0.8882 1.0341 0.8624 0.8797 0.8564
61 0.9006 0.9369 0.8772 0.8705 0.8485
62 0.8997 0.9377 0.8763 0.8666 0.8459
63 0.9020 0.9211 0.8780 0.8685 0.8458
64 0.9072 0.8833 0.8857 0.8687 0.8486
65 0.9006 0.9156 0.8780 0.8812 0.8625
66 0.9075 0.8520 0.8863 0.8830 0.8604
67 0.8996 0.8995 0.8754 0.8772 0.8510
68 0.9109 0.8512 0.8872 0.8808 0.8580
69 0.9132 0.8022 0.8919 0.8756 0.8551
70 0.9022 0.8810 0.8790 0.8767 0.8537
71 0.9101 0.8157 0.8886 0.8785 0.8577
72 0.9192 0.7644 0.8974 0.8791 0.8617
73 0.9169 0.7727 0.8964 0.8726 0.8508
74 0.9162 0.7802 0.8957 0.8789 0.8553
75 0.9122 0.7883 0.8887 0.8834 0.8607
76 0.9231 0.7145 0.9032 0.8765 0.8556
77 0.9213 0.7217 0.9004 0.8803 0.8590
78 0.9241 0.7042 0.9052 0.8841 0.8641
79 0.9252 0.6768 0.9065 0.8800 0.8594
80 0.9202 0.7193 0.9006 0.8770 0.8570
81 0.9290 0.6556 0.9114 0.8817 0.8597
82 0.9256 0.6966 0.9062 0.8825 0.8608
83 0.9277 0.6621 0.9080 0.8793 0.8575
84 0.9239 0.6716 0.9036 0.8828 0.8624
85 0.9268 0.6768 0.9071 0.8808 0.8605
86 0.9278 0.6679 0.9093 0.8851 0.8648
87 0.9290 0.6573 0.9092 0.8873 0.8657
88 0.9264 0.6567 0.9088 0.8875 0.8674
89 0.9305 0.6297 0.9121 0.8888 0.8682
90 0.9365 0.5917 0.9207 0.8858 0.8671
91 0.9311 0.6284 0.9125 0.8886 0.8662
92 0.9256 0.6553 0.9082 0.8936 0.8729
93 0.9318 0.5931 0.9147 0.8929 0.8756
94 0.9285 0.6179 0.9097 0.8891 0.8697
95 0.9283 0.6273 0.9102 0.8868 0.8671
96 0.9335 0.5792 0.9167 0.8891 0.8699
97 0.9382 0.5643 0.9208 0.8889 0.8714
98 0.9343 0.5681 0.9177 0.8904 0.8712
99 0.9348 0.5744 0.9168 0.8927 0.8739
100 0.9278 0.6184 0.9099 0.8905 0.8696
101 0.9286 0.6560 0.9117 0.8882 0.8692
102 0.9337 0.5941 0.9188 0.8865 0.8671
103 0.9272 0.6441 0.9090 0.8834 0.8624
104 0.9268 0.6581 0.9104 0.8881 0.8677
105 0.9325 0.6331 0.9158 0.8873 0.8670
106 0.9256 0.6557 0.9085 0.8876 0.8676
107 0.9244 0.6861 0.9061 0.8864 0.8669
108 0.9273 0.6586 0.9097 0.8721 0.8537
109 0.9332 0.6139 0.9162 0.8850 0.8632
110 0.9324 0.6347 0.9155 0.8855 0.8670
111 0.9251 0.6760 0.9071 0.8880 0.8686
112 0.9340 0.5962 0.9179 0.8876 0.8646
113 0.9248 0.6464 0.9081 0.8916 0.8729
114 0.9299 0.6221 0.9117 0.8927 0.8722
115 0.9289 0.6251 0.9120 0.8842 0.8644
116 0.9383 0.5545 0.9240 0.8920 0.8736
117 0.9278 0.6256 0.9129 0.8920 0.8716
118 0.9386 0.5549 0.9229 0.8953 0.8759
119 0.9337 0.5825 0.9162 0.8898 0.8697
120 0.9327 0.6002 0.9171 0.8903 0.8700
121 0.9357 0.5585 0.9210 0.8834 0.8647
122 0.9354 0.5453 0.9191 0.8901 0.8696
123 0.9348 0.5709 0.9177 0.8953 0.8755
124 0.9367 0.5515 0.9247 0.8952 0.8760
125 0.9418 0.5167 0.9293 0.8896 0.8711
126 0.9342 0.5772 0.9183 0.8973 0.8784
127 0.9334 0.5832 0.9175 0.8923 0.8734
128 0.9398 0.5393 0.9239 0.8899 0.8717
129 0.9388 0.5427 0.9239 0.8961 0.8785
130 0.9393 0.5300 0.9240 0.8962 0.8779
131 0.9354 0.5540 0.9224 0.8932 0.8754
132 0.9385 0.5510 0.9240 0.8962 0.8760
133 0.9389 0.5258 0.9251 0.8936 0.8761
134 0.9405 0.5135 0.9270 0.8945 0.8739
135 0.9384 0.5276 0.9252 0.8948 0.8755
136 0.9436 0.4858 0.9301 0.8965 0.8780
137 0.9386 0.5485 0.9221 0.8976 0.8770
138 0.9421 0.5020 0.9279 0.8999 0.8812
139 0.9415 0.5069 0.9268 0.8981 0.8781
140 0.9420 0.4902 0.9302 0.9005 0.8804
141 0.9393 0.5049 0.9254 0.8981 0.8788
142 0.9451 0.4633 0.9335 0.8968 0.8784
143 0.9394 0.5252 0.9245 0.9025 0.8831
144 0.9437 0.5003 0.9304 0.8982 0.8796
145 0.9387 0.5163 0.9247 0.8974 0.8782
146 0.9417 0.4835 0.9297 0.8990 0.8798
147 0.9434 0.4843 0.9313 0.8975 0.8788
148 0.9478 0.4640 0.9357 0.8995 0.8805
149 0.9427 0.4730 0.9302 0.9000 0.8808
150 0.9434 0.4894 0.9304 0.9026 0.8815
151 0.9417 0.5177 0.9282 0.9004 0.8811
152 0.9450 0.4819 0.9312 0.8945 0.8759
153 0.9432 0.4901 0.9297 0.8969 0.8768
154 0.9403 0.5152 0.9277 0.8984 0.8791
155 0.9388 0.5090 0.9251 0.8997 0.8785
156 0.9443 0.4923 0.9314 0.8947 0.8757
157 0.9392 0.5074 0.9239 0.8952 0.8753
158 0.9433 0.4992 0.9295 0.8939 0.8735
159 0.9440 0.5113 0.9304 0.8983 0.8796
160 0.9446 0.4986 0.9313 0.8944 0.8749
161 0.9407 0.5034 0.9267 0.8933 0.8763
162 0.9442 0.4705 0.9330 0.8973 0.8788
163 0.9420 0.4925 0.9297 0.8996 0.8811
164 0.9448 0.4747 0.9327 0.8973 0.8794
165 0.9464 0.4658 0.9355 0.8983 0.8798
166 0.9420 0.4944 0.9292 0.8961 0.8756
167 0.9425 0.5036 0.9288 0.8986 0.8785
168 0.9420 0.4922 0.9297 0.8997 0.8793
169 0.9446 0.4821 0.9310 0.8975 0.8767
170 0.9434 0.4964 0.9332 0.8954 0.8747
171 0.9479 0.4491 0.9358 0.9013 0.8800
172 0.9425 0.4890 0.9309 0.8947 0.8719
173 0.9456 0.4909 0.9320 0.8999 0.8794
174 0.9428 0.4678 0.9308 0.8997 0.8798
175 0.9431 0.4774 0.9311 0.8986 0.8801
176 0.9424 0.4610 0.9321 0.8988 0.8795
177 0.9469 0.4444 0.9358 0.8953 0.8772
178 0.9416 0.4854 0.9305 0.8924 0.8733
179 0.9446 0.4713 0.9335 0.9024 0.8834
180 0.9427 0.4822 0.9296 0.9029 0.8838
181 0.9431 0.4798 0.9304 0.8987 0.8785
182 0.9472 0.4432 0.9360 0.9022 0.8831
183 0.9463 0.4682 0.9353 0.9032 0.8845
184 0.9478 0.4393 0.9388 0.9001 0.8799
185 0.9534 0.4061 0.9442 0.9002 0.8816
186 0.9483 0.4342 0.9378 0.9004 0.8807
187 0.9465 0.4539 0.9346 0.8996 0.8803
188 0.9500 0.4136 0.9395 0.9017 0.8820
189 0.9493 0.4288 0.9400 0.9014 0.8840
190 0.9462 0.4570 0.9354 0.9022 0.8835
191 0.9485 0.4283 0.9361 0.9049 0.8859
192 0.9476 0.4232 0.9366 0.9041 0.8856
193 0.9493 0.4397 0.9376 0.9015 0.8822
194 0.9466 0.4670 0.9352 0.9022 0.8824
195 0.9487 0.4308 0.9382 0.9024 0.8826
196 0.9458 0.4389 0.9340 0.9018 0.8818
197 0.9509 0.4252 0.9423 0.9016 0.8823
198 0.9521 0.3931 0.9413 0.9022 0.8824
199 0.9531 0.3839 0.9444 0.9023 0.8832
