depoch train_iou train_loss train_mAP val_iou val_mAP
0 0.5936 0.2995 0.5176 0.7209 0.6737
1 0.7097 0.2722 0.6542 0.7573 0.7164
2 0.7568 0.2878 0.7077 0.8029 0.7634
3 0.7772 0.3013 0.7331 0.8054 0.7685
4 0.7926 0.3050 0.7490 0.8306 0.7942
5 0.8113 0.3149 0.7700 0.8352 0.8012
6 0.8090 0.3566 0.7686 0.8272 0.7940
7 0.8092 0.3949 0.7664 0.8219 0.7884
8 0.7974 0.4666 0.7536 0.8261 0.7877
9 0.7988 0.5051 0.7519 0.8171 0.7822
10 0.8091 0.5182 0.7679 0.8278 0.7948
11 0.8226 0.5154 0.7827 0.8298 0.7950
12 0.8406 0.4878 0.8026 0.8592 0.8277
13 0.8489 0.4757 0.8135 0.8531 0.8292
14 0.8592 0.4551 0.8242 0.8535 0.8305
15 0.8611 0.4703 0.8270 0.8592 0.8334
16 0.8670 0.4713 0.8320 0.8576 0.8315
17 0.8668 0.5070 0.8316 0.8465 0.8183
18 0.8579 0.5823 0.8225 0.8461 0.8145
19 0.8403 0.6703 0.8015 0.8272 0.7982
20 0.8463 0.6914 0.8085 0.8600 0.8374
21 0.8508 0.6970 0.8141 0.8621 0.8392
22 0.8658 0.6240 0.8309 0.8625 0.8354
23 0.8805 0.5902 0.8468 0.8577 0.8324
24 0.8843 0.5644 0.8516 0.8569 0.8319
25 0.8909 0.5634 0.8595 0.8620 0.8396
26 0.8899 0.5651 0.8600 0.8656 0.8435
27 0.8835 0.6152 0.8534 0.8643 0.8415
28 0.8831 0.6858 0.8518 0.8631 0.8392
29 0.8642 0.7956 0.8296 0.8545 0.8271
30 0.8606 0.8488 0.8251 0.8489 0.8242
31 0.8795 0.7777 0.8461 0.8634 0.8413
32 0.8818 0.7536 0.8497 0.8540 0.8340
33 0.8908 0.7073 0.8607 0.8663 0.8458
34 0.8963 0.6921 0.8672 0.8667 0.8452
35 0.8994 0.6651 0.8703 0.8712 0.8489
36 0.9038 0.6702 0.8740 0.8719 0.8517
37 0.8976 0.7196 0.8677 0.8702 0.8478
38 0.8947 0.7747 0.8634 0.8577 0.8382
39 0.8821 0.9007 0.8479 0.8644 0.8394
40 0.8765 0.9450 0.8440 0.8540 0.8317
41 0.8856 0.9043 0.8533 0.8648 0.8408
42 0.8933 0.8361 0.8619 0.8661 0.8404
43 0.8941 0.8663 0.8644 0.8673 0.8462
44 0.9043 0.7713 0.8765 0.8700 0.8477
45 0.9078 0.7428 0.8826 0.8712 0.8503
46 0.9095 0.7647 0.8826 0.8710 0.8499
47 0.9077 0.8104 0.8808 0.8664 0.8453
48 0.9033 0.8544 0.8742 0.8719 0.8522
49 0.8914 0.9969 0.8613 0.8722 0.8492
50 0.8808 1.1328 0.8480 0.8672 0.8430
51 0.8892 1.0356 0.8596 0.8623 0.8388
52 0.8951 0.9764 0.8645 0.8758 0.8562
53 0.9084 0.8303 0.8794 0.8745 0.8578
54 0.9133 0.8004 0.8880 0.8773 0.8581
55 0.9185 0.7425 0.8924 0.8786 0.8609
56 0.9145 0.7661 0.8867 0.8793 0.8572
57 0.9147 0.7891 0.8864 0.8754 0.8535
58 0.9053 0.8542 0.8780 0.8683 0.8425
59 0.8986 0.9284 0.8703 0.8674 0.8447
60 0.8844 1.1002 0.8527 0.8578 0.8370
61 0.8965 0.9534 0.8676 0.8724 0.8550
62 0.9077 0.8523 0.8786 0.8680 0.8411
63 0.9128 0.7745 0.8851 0.8710 0.8466
64 0.9171 0.7316 0.8910 0.8806 0.8629
65 0.9176 0.7454 0.8915 0.8802 0.8629
66 0.9179 0.7202 0.8920 0.8777 0.8565
67 0.9156 0.7434 0.8900 0.8656 0.8470
68 0.9121 0.8040 0.8873 0.8696 0.8511
69 0.9064 0.8634 0.8776 0.8815 0.8616
70 0.8905 0.9685 0.8622 0.8619 0.8417
71 0.9041 0.8454 0.8770 0.8714 0.8497
72 0.9112 0.7782 0.8844 0.8747 0.8573
73 0.9154 0.7418 0.8893 0.8725 0.8535
74 0.9201 0.7086 0.8955 0.8762 0.8557
75 0.9239 0.6638 0.9004 0.8769 0.8577
76 0.9222 0.6779 0.8982 0.8783 0.8597
77 0.9176 0.7080 0.8927 0.8789 0.8564
78 0.9153 0.7662 0.8906 0.8706 0.8444
79 0.9081 0.8731 0.8798 0.8666 0.8433
80 0.9023 0.9337 0.8731 0.8673 0.8454
81 0.9026 0.8757 0.8774 0.8652 0.8420
82 0.9077 0.8310 0.8809 0.8718 0.8496
83 0.9206 0.7098 0.8953 0.8759 0.8548
84 0.9198 0.6907 0.8934 0.8785 0.8565
85 0.9222 0.6948 0.8965 0.8811 0.8609
86 0.9215 0.6918 0.8974 0.8830 0.8626
87 0.9213 0.7098 0.8991 0.8807 0.8606
88 0.9174 0.7439 0.8943 0.8777 0.8551
89 0.9129 0.7763 0.8871 0.8774 0.8585
90 0.9087 0.8485 0.8836 0.8668 0.8409
91 0.9084 0.8243 0.8850 0.8726 0.8506
92 0.9203 0.7141 0.8969 0.8779 0.8568
93 0.9221 0.6769 0.9002 0.8826 0.8615
94 0.9251 0.6493 0.9033 0.8855 0.8659
95 0.9277 0.6158 0.9051 0.8839 0.8666
96 0.9284 0.6107 0.9069 0.8815 0.8637
97 0.9270 0.6265 0.9043 0.8709 0.8530
98 0.9237 0.6873 0.8998 0.8658 0.8471
99 0.9138 0.7695 0.8882 0.8774 0.8548
100 0.9144 0.7329 0.8912 0.8805 0.8582
101 0.9188 0.6946 0.8956 0.8801 0.8597
102 0.9245 0.6418 0.9031 0.8854 0.8665
103 0.9249 0.6329 0.9061 0.8890 0.8716
104 0.9288 0.6088 0.9089 0.8888 0.8717
105 0.9278 0.6078 0.9062 0.8852 0.8677
106 0.9320 0.5880 0.9119 0.8841 0.8671
107 0.9275 0.6106 0.9062 0.8833 0.8646
108 0.9275 0.6109 0.9076 0.8804 0.8630
109 0.9273 0.6319 0.9066 0.8788 0.8616
110 0.9227 0.6538 0.9023 0.8804 0.8618
111 0.9236 0.6546 0.9021 0.8724 0.8548
112 0.9274 0.6264 0.9058 0.8735 0.8538
113 0.9292 0.5883 0.9097 0.8777 0.8564
114 0.9291 0.5871 0.9083 0.8824 0.8632
115 0.9348 0.5448 0.9158 0.8756 0.8585
116 0.9353 0.5594 0.9157 0.8790 0.8594
117 0.9310 0.5815 0.9122 0.8778 0.8628
118 0.9298 0.6087 0.9108 0.8747 0.8553
119 0.9302 0.5813 0.9113 0.8765 0.8540
120 0.9248 0.6619 0.9040 0.8923 0.8716
121 0.9278 0.6056 0.9072 0.8837 0.8640
122 0.9291 0.5867 0.9088 0.8815 0.8623
123 0.9349 0.5494 0.9165 0.8835 0.8642
124 0.9290 0.5679 0.9103 0.8908 0.8718
125 0.9351 0.5261 0.9168 0.8856 0.8670
126 0.9352 0.5346 0.9166 0.8886 0.8715
127 0.9356 0.5448 0.9174 0.8847 0.8651
128 0.9311 0.5675 0.9122 0.8806 0.8587
129 0.9270 0.6288 0.9081 0.8820 0.8601
130 0.9304 0.6130 0.9102 0.8861 0.8685
131 0.9301 0.6079 0.9110 0.8739 0.8530
132 0.9331 0.5624 0.9144 0.8885 0.8703
133 0.9335 0.5636 0.9140 0.8866 0.8666
134 0.9345 0.5573 0.9158 0.8839 0.8618
135 0.9384 0.5175 0.9220 0.8856 0.8661
136 0.9359 0.5287 0.9178 0.8864 0.8672
137 0.9362 0.5312 0.9183 0.8892 0.8706
138 0.9366 0.5335 0.9184 0.8908 0.8700
139 0.9323 0.5652 0.9136 0.8890 0.8737
140 0.9331 0.5673 0.9137 0.8767 0.8568
141 0.9304 0.6025 0.9124 0.8950 0.8734
142 0.9343 0.5579 0.9159 0.8915 0.8703
143 0.9348 0.5226 0.9171 0.8872 0.8659
144 0.9357 0.5251 0.9197 0.8927 0.8709
145 0.9388 0.5241 0.9229 0.8915 0.8707
146 0.9335 0.5302 0.9174 0.8910 0.8712
147 0.9371 0.5083 0.9206 0.8919 0.8705
148 0.9333 0.5519 0.9146 0.8926 0.8709
149 0.9288 0.6005 0.9113 0.8861 0.8643
150 0.9301 0.5985 0.9110 0.8813 0.8612
151 0.9311 0.5706 0.9130 0.8846 0.8652
152 0.9326 0.5651 0.9151 0.8864 0.8658
153 0.9382 0.5052 0.9215 0.8894 0.8694
154 0.9368 0.5179 0.9202 0.8876 0.8654
155 0.9328 0.5334 0.9151 0.8910 0.8688
156 0.9420 0.4771 0.9249 0.8883 0.8670
157 0.9387 0.5029 0.9213 0.8866 0.8662
158 0.9318 0.5435 0.9143 0.8767 0.8544
159 0.9280 0.5739 0.9122 0.8812 0.8603
160 0.9352 0.5340 0.9185 0.8835 0.8636
161 0.9393 0.4968 0.9237 0.8844 0.8646
162 0.9386 0.4917 0.9222 0.8814 0.8599
163 0.9384 0.5074 0.9233 0.8795 0.8579
164 0.9350 0.5046 0.9181 0.8832 0.8614
165 0.9404 0.4795 0.9247 0.8858 0.8642
166 0.9360 0.5145 0.9177 0.8828 0.8615
167 0.9397 0.5031 0.9223 0.8840 0.8638
168 0.9362 0.5178 0.9203 0.8854 0.8663
169 0.9440 0.4698 0.9283 0.8841 0.8658
170 0.9374 0.4999 0.9207 0.8823 0.8627
171 0.9382 0.4924 0.9228 0.8845 0.8657
172 0.9399 0.4751 0.9247 0.8846 0.8643
173 0.9435 0.4679 0.9283 0.8852 0.8646
174 0.9373 0.4964 0.9233 0.8841 0.8636
175 0.9421 0.4746 0.9259 0.8849 0.8643
176 0.9404 0.4848 0.9251 0.8821 0.8625
177 0.9392 0.4897 0.9239 0.8855 0.8655
178 0.9435 0.4614 0.9289 0.8868 0.8659
179 0.9442 0.4638 0.9305 0.8821 0.8627
180 0.9406 0.4778 0.9242 0.8832 0.8652
181 0.9421 0.4681 0.9263 0.8885 0.8685
182 0.9439 0.4663 0.9287 0.8825 0.8625
183 0.9418 0.4672 0.9271 0.8820 0.8619
184 0.9456 0.4349 0.9310 0.8823 0.8619
185 0.9419 0.4642 0.9256 0.8894 0.8683
186 0.9416 0.4592 0.9264 0.8862 0.8660
187 0.9457 0.4540 0.9315 0.8881 0.8688
188 0.9441 0.4571 0.9301 0.8850 0.8653
189 0.9419 0.4648 0.9276 0.8795 0.8629
190 0.9425 0.4631 0.9276 0.8855 0.8650
191 0.9416 0.4633 0.9256 0.8870 0.8665
192 0.9434 0.4544 0.9287 0.8844 0.8641
193 0.9435 0.4554 0.9301 0.8862 0.8665
194 0.9437 0.4474 0.9286 0.8876 0.8678
195 0.9445 0.4379 0.9304 0.8862 0.8671
196 0.9437 0.4502 0.9290 0.8815 0.8625
197 0.9438 0.4408 0.9295 0.8873 0.8688
198 0.9410 0.4596 0.9255 0.8877 0.8671
199 0.9445 0.4495 0.9309 0.8892 0.8690
