epoch train_iou train_loss train_mAP val_iou val_mAP
0 0.5949 0.3120 0.5250 0.6694 0.6113
1 0.6993 0.2930 0.6424 0.7539 0.7083
2 0.7446 0.2878 0.6976 0.7735 0.7282
3 0.7874 0.2885 0.7437 0.8020 0.7680
4 0.8191 0.2842 0.7803 0.8077 0.7721
5 0.8223 0.2983 0.7796 0.8199 0.7863
6 0.8323 0.3297 0.7943 0.8284 0.7940
7 0.8083 0.3987 0.7687 0.8141 0.7816
8 0.8127 0.4385 0.7722 0.8232 0.7866
9 0.8041 0.4970 0.7621 0.7891 0.7559
10 0.8011 0.5525 0.7634 0.7854 0.7460
11 0.8248 0.5204 0.7888 0.8208 0.7926
12 0.8412 0.4890 0.8088 0.8337 0.8043
13 0.8551 0.4750 0.8208 0.8437 0.8141
14 0.8609 0.4611 0.8289 0.8568 0.8251
15 0.8729 0.4512 0.8399 0.8549 0.8247
16 0.8683 0.4691 0.8375 0.8541 0.8203
17 0.8624 0.5373 0.8296 0.8509 0.8171
18 0.8453 0.6386 0.8092 0.8399 0.8138
19 0.8533 0.6576 0.8203 0.8201 0.7897
20 0.8381 0.7366 0.8039 0.8241 0.7933
21 0.8552 0.6939 0.8219 0.8502 0.8175
22 0.8643 0.6656 0.8327 0.8414 0.8160
23 0.8745 0.6218 0.8440 0.8523 0.8222
24 0.8829 0.5905 0.8534 0.8528 0.8204
25 0.8883 0.5726 0.8597 0.8558 0.8266
26 0.8927 0.5820 0.8640 0.8526 0.8269
27 0.8834 0.6483 0.8529 0.8537 0.8236
28 0.8771 0.7122 0.8458 0.8432 0.8131
29 0.8632 0.8277 0.8321 0.8327 0.8056
30 0.8560 0.9018 0.8210 0.8447 0.8095
31 0.8680 0.8308 0.8353 0.8516 0.8200
32 0.8761 0.7952 0.8467 0.8502 0.8232
33 0.8901 0.7283 0.8596 0.8668 0.8329
34 0.8940 0.6948 0.8663 0.8655 0.8352
35 0.9001 0.6633 0.8708 0.8669 0.8358
36 0.9012 0.6776 0.8746 0.8649 0.8350
37 0.8975 0.7362 0.8704 0.8680 0.8345
38 0.8887 0.8184 0.8572 0.8512 0.8191
39 0.8781 0.9514 0.8463 0.8385 0.7996
40 0.8719 1.0441 0.8398 0.8563 0.8230
41 0.8749 1.0126 0.8451 0.8649 0.8351
42 0.8853 0.9175 0.8568 0.8498 0.8186
43 0.8914 0.8569 0.8627 0.8674 0.8393
44 0.9010 0.8087 0.8737 0.8617 0.8335
45 0.9106 0.7306 0.8838 0.8649 0.8365
46 0.9132 0.7549 0.8873 0.8679 0.8403
47 0.9043 0.8396 0.8764 0.8716 0.8412
48 0.8960 0.9215 0.8682 0.8734 0.8456
49 0.8924 1.0084 0.8654 0.8622 0.8314
50 0.8764 1.2083 0.8473 0.8427 0.8192
51 0.8836 1.1173 0.8541 0.8493 0.8199
52 0.8906 1.0060 0.8616 0.8729 0.8395
53 0.9050 0.8708 0.8784 0.8640 0.8364
54 0.9118 0.7914 0.8851 0.8713 0.8429
55 0.9106 0.7828 0.8844 0.8729 0.8454
56 0.9104 0.8111 0.8861 0.8664 0.8400
57 0.9012 0.8795 0.8756 0.8629 0.8341
58 0.8981 0.9620 0.8698 0.8487 0.8231
59 0.8921 0.9725 0.8632 0.8564 0.8315
60 0.8842 1.0741 0.8561 0.8501 0.8183
61 0.8995 0.9295 0.8728 0.8669 0.8387
62 0.8988 0.9061 0.8727 0.8669 0.8384
63 0.9022 0.8738 0.8752 0.8724 0.8434
64 0.9149 0.7480 0.8892 0.8719 0.8435
65 0.9170 0.7317 0.8928 0.8699 0.8438
66 0.9134 0.7696 0.8891 0.8744 0.8519
67 0.9149 0.7553 0.8910 0.8688 0.8419
68 0.9079 0.8122 0.8838 0.8650 0.8368
69 0.8965 0.9337 0.8707 0.8647 0.8362
70 0.8829 1.0933 0.8561 0.8516 0.8184
71 0.8980 0.9300 0.8699 0.8683 0.8411
72 0.9070 0.8677 0.8816 0.8711 0.8428
73 0.9175 0.7516 0.8931 0.8768 0.8465
74 0.9168 0.7365 0.8934 0.8741 0.8487
75 0.9139 0.7221 0.8903 0.8729 0.8473
76 0.9205 0.6970 0.8978 0.8673 0.8431
77 0.9190 0.7388 0.8953 0.8651 0.8392
78 0.9129 0.7854 0.8888 0.8671 0.8415
79 0.9009 0.9383 0.8776 0.8619 0.8351
80 0.8976 0.9691 0.8707 0.8430 0.8154
81 0.8983 0.9178 0.8704 0.8691 0.8443
82 0.9032 0.8802 0.8777 0.8692 0.8467
83 0.9181 0.7492 0.8944 0.8725 0.8468
84 0.9187 0.7273 0.8953 0.8804 0.8565
85 0.9213 0.6971 0.8987 0.8806 0.8572
86 0.9223 0.6601 0.9002 0.8736 0.8459
87 0.9229 0.7101 0.9017 0.8721 0.8483
88 0.9090 0.8055 0.8842 0.8727 0.8479
89 0.9066 0.8408 0.8798 0.8673 0.8414
90 0.8856 1.0490 0.8586 0.8662 0.8400
91 0.9056 0.8700 0.8816 0.8628 0.8356
92 0.9132 0.7800 0.8883 0.8799 0.8547
93 0.9169 0.7392 0.8945 0.8764 0.8494
94 0.9202 0.7125 0.8986 0.8828 0.8564
95 0.9235 0.6609 0.9024 0.8828 0.8563
96 0.9220 0.6640 0.9010 0.8805 0.8548
97 0.9212 0.6875 0.8989 0.8741 0.8487
98 0.9173 0.7391 0.8929 0.8637 0.8350
99 0.9045 0.8850 0.8805 0.8695 0.8392
100 0.9131 0.7787 0.8888 0.8670 0.8435
101 0.9208 0.6900 0.8995 0.8719 0.8466
102 0.9229 0.6693 0.8989 0.8794 0.8520
103 0.9262 0.6458 0.9032 0.8724 0.8487
104 0.9231 0.6329 0.9015 0.8787 0.8553
105 0.9279 0.6011 0.9091 0.8767 0.8531
106 0.9301 0.5974 0.9068 0.8776 0.8554
107 0.9264 0.6215 0.9046 0.8773 0.8515
108 0.9231 0.6385 0.9015 0.8737 0.8501
109 0.9266 0.6403 0.9055 0.8795 0.8564
110 0.9255 0.6733 0.9041 0.8712 0.8443
111 0.9219 0.6675 0.9022 0.8771 0.8518
112 0.9310 0.6092 0.9121 0.8793 0.8560
113 0.9226 0.6515 0.9016 0.8748 0.8553
114 0.9284 0.6016 0.9085 0.8801 0.8563
115 0.9306 0.5897 0.9117 0.8768 0.8535
116 0.9275 0.5829 0.9086 0.8792 0.8546
117 0.9291 0.5852 0.9106 0.8797 0.8549
118 0.9271 0.6106 0.9062 0.8781 0.8548
119 0.9253 0.6429 0.9041 0.8723 0.8488
120 0.9198 0.6779 0.9005 0.8620 0.8365
121 0.9237 0.6490 0.9025 0.8726 0.8498
122 0.9301 0.6117 0.9109 0.8792 0.8565
123 0.9317 0.5938 0.9134 0.8762 0.8529
124 0.9317 0.5594 0.9134 0.8792 0.8572
125 0.9344 0.5391 0.9172 0.8782 0.8551
126 0.9292 0.5594 0.9097 0.8809 0.8566
127 0.9344 0.5585 0.9166 0.8748 0.8503
128 0.9348 0.5468 0.9163 0.8759 0.8524
129 0.9242 0.6248 0.9056 0.8730 0.8506
130 0.9208 0.6848 0.8997 0.8696 0.8434
131 0.9280 0.6324 0.9070 0.8737 0.8489
132 0.9260 0.6112 0.9067 0.8724 0.8479
133 0.9310 0.5929 0.9120 0.8715 0.8472
134 0.9268 0.5813 0.9081 0.8696 0.8464
135 0.9303 0.5791 0.9101 0.8709 0.8455
136 0.9338 0.5534 0.9152 0.8730 0.8499
137 0.9317 0.5548 0.9142 0.8745 0.8500
138 0.9321 0.5508 0.9143 0.8760 0.8533
139 0.9333 0.5619 0.9161 0.8694 0.8459
140 0.9290 0.6113 0.9093 0.8628 0.8400
141 0.9230 0.6407 0.9030 0.8724 0.8506
142 0.9318 0.5688 0.9136 0.8750 0.8494
143 0.9307 0.5898 0.9130 0.8730 0.8490
144 0.9258 0.5842 0.9080 0.8770 0.8532
145 0.9349 0.5255 0.9182 0.8793 0.8569
146 0.9366 0.5213 0.9203 0.8763 0.8534
147 0.9350 0.5387 0.9192 0.8799 0.8570
148 0.9373 0.5264 0.9186 0.8744 0.8501
149 0.9348 0.5488 0.9165 0.8808 0.8566
150 0.9304 0.6123 0.9107 0.8720 0.8435
151 0.9311 0.5694 0.9132 0.8784 0.8542
152 0.9348 0.5685 0.9155 0.8797 0.8570
153 0.9332 0.5717 0.9161 0.8801 0.8557
154 0.9357 0.5404 0.9203 0.8797 0.8530
155 0.9374 0.5080 0.9215 0.8806 0.8540
156 0.9391 0.5076 0.9223 0.8857 0.8611
157 0.9372 0.5129 0.9215 0.8791 0.8527
158 0.9295 0.5466 0.9137 0.8756 0.8482
159 0.9318 0.5735 0.9137 0.8828 0.8578
160 0.9325 0.5359 0.9155 0.8826 0.8579
161 0.9354 0.5170 0.9193 0.8797 0.8524
162 0.9389 0.5115 0.9234 0.8831 0.8572
163 0.9432 0.4859 0.9293 0.8828 0.8592
164 0.9392 0.4885 0.9239 0.8822 0.8573
165 0.9404 0.4830 0.9238 0.8791 0.8562
166 0.9379 0.5018 0.9225 0.8823 0.8585
167 0.9411 0.4829 0.9268 0.8810 0.8550
168 0.9422 0.4502 0.9290 0.8811 0.8581
169 0.9405 0.4894 0.9260 0.8826 0.8604
170 0.9382 0.4904 0.9247 0.8779 0.8537
171 0.9392 0.4895 0.9246 0.8829 0.8582
172 0.9368 0.4988 0.9206 0.8795 0.8565
173 0.9374 0.4794 0.9233 0.8795 0.8532
174 0.9420 0.4707 0.9262 0.8800 0.8542
175 0.9418 0.4706 0.9253 0.8784 0.8547
176 0.9374 0.4849 0.9227 0.8825 0.8585
177 0.9402 0.4782 0.9244 0.8819 0.8587
178 0.9356 0.5198 0.9190 0.8826 0.8552
179 0.9382 0.4896 0.9231 0.8796 0.8540
180 0.9417 0.4786 0.9277 0.8786 0.8535
181 0.9408 0.4664 0.9254 0.8802 0.8562
182 0.9391 0.4853 0.9231 0.8831 0.8583
183 0.9405 0.4661 0.9276 0.8826 0.8612
184 0.9419 0.4616 0.9276 0.8806 0.8582
185 0.9423 0.4620 0.9272 0.8817 0.8602
186 0.9394 0.4779 0.9267 0.8793 0.8572
187 0.9428 0.4425 0.9304 0.8791 0.8572
188 0.9408 0.4598 0.9260 0.8769 0.8530
189 0.9413 0.4537 0.9285 0.8787 0.8571
190 0.9373 0.4877 0.9209 0.8784 0.8563
191 0.9407 0.4629 0.9266 0.8805 0.8576
192 0.9434 0.4342 0.9303 0.8738 0.8499
193 0.9411 0.4567 0.9277 0.8803 0.8543
194 0.9451 0.4442 0.9321 0.8824 0.8594
195 0.9417 0.4503 0.9259 0.8794 0.8563
196 0.9410 0.4614 0.9278 0.8827 0.8594
197 0.9421 0.4583 0.9277 0.8760 0.8543
198 0.9423 0.4401 0.9289 0.8788 0.8572
199 0.9397 0.4655 0.9268 0.8802 0.8568
