epoch train_iou train_loss train_mAP val_iou val_mAP
0 0.5377 0.1748 0.4583 0.7002 0.6434
1 0.6800 0.1597 0.6219 0.7426 0.6988
2 0.7169 0.1722 0.6625 0.7595 0.7124
3 0.7439 0.1821 0.6939 0.7557 0.7063
4 0.7675 0.1869 0.7194 0.7692 0.7272
5 0.7750 0.2020 0.7267 0.7827 0.7403
6 0.7787 0.2242 0.7316 0.7865 0.7407
7 0.7707 0.2570 0.7222 0.7845 0.7429
8 0.7627 0.2924 0.7167 0.7862 0.7492
9 0.7746 0.3083 0.7273 0.7722 0.7266
10 0.7721 0.3258 0.7283 0.7967 0.7612
11 0.7786 0.3262 0.7360 0.8121 0.7793
12 0.8021 0.3254 0.7612 0.8293 0.7915
13 0.8202 0.3107 0.7809 0.8282 0.7931
14 0.8339 0.2883 0.7928 0.8421 0.8105
15 0.8426 0.3000 0.8027 0.8413 0.8106
16 0.8480 0.3005 0.8105 0.8429 0.8117
17 0.8279 0.3391 0.7872 0.8423 0.8096
18 0.8200 0.3834 0.7800 0.8227 0.7900
19 0.8163 0.4178 0.7774 0.8167 0.7826
20 0.8129 0.4468 0.7728 0.8343 0.7988
21 0.8327 0.4190 0.7958 0.8368 0.8069
22 0.8406 0.4110 0.8043 0.8348 0.8034
23 0.8529 0.3895 0.8174 0.8354 0.8075
24 0.8610 0.3739 0.8262 0.8469 0.8198
25 0.8669 0.3554 0.8322 0.8541 0.8237
26 0.8655 0.3892 0.8285 0.8507 0.8184
27 0.8631 0.3999 0.8262 0.8421 0.8114
28 0.8539 0.4491 0.8193 0.8458 0.8141
29 0.8443 0.4961 0.8089 0.8369 0.8019
30 0.8439 0.5343 0.8092 0.8433 0.8112
31 0.8416 0.5268 0.8081 0.8493 0.8145
32 0.8594 0.4855 0.8248 0.8417 0.8077
33 0.8632 0.4771 0.8278 0.8505 0.8215
34 0.8809 0.4301 0.8487 0.8624 0.8368
35 0.8855 0.4087 0.8517 0.8642 0.8376
36 0.8856 0.4238 0.8532 0.8653 0.8385
37 0.8791 0.4617 0.8451 0.8661 0.8394
38 0.8729 0.5120 0.8402 0.8587 0.8279
39 0.8603 0.5870 0.8294 0.8483 0.8157
40 0.8602 0.6106 0.8225 0.8447 0.8127
41 0.8647 0.5724 0.8302 0.8471 0.8161
42 0.8772 0.5487 0.8441 0.8610 0.8358
43 0.8811 0.5009 0.8494 0.8653 0.8395
44 0.8913 0.4776 0.8599 0.8713 0.8427
45 0.9013 0.4418 0.8697 0.8700 0.8439
46 0.8949 0.4707 0.8663 0.8676 0.8433
47 0.9007 0.4778 0.8709 0.8660 0.8387
48 0.8831 0.5598 0.8497 0.8545 0.8244
49 0.8713 0.6127 0.8410 0.8424 0.8172
50 0.8639 0.6892 0.8282 0.8319 0.8007
51 0.8682 0.6828 0.8343 0.8507 0.8208
52 0.8821 0.6051 0.8493 0.8559 0.8291
53 0.8926 0.5484 0.8611 0.8509 0.8264
54 0.8947 0.5436 0.8654 0.8625 0.8365
55 0.9005 0.5198 0.8712 0.8648 0.8404
56 0.9035 0.5154 0.8749 0.8655 0.8395
57 0.8991 0.5354 0.8711 0.8673 0.8393
58 0.8861 0.6294 0.8552 0.8577 0.8319
59 0.8807 0.6899 0.8465 0.8581 0.8296
60 0.8726 0.7393 0.8407 0.8606 0.8374
61 0.8776 0.7211 0.8453 0.8511 0.8233
62 0.8899 0.6665 0.8604 0.8618 0.8382
63 0.8974 0.6197 0.8677 0.8645 0.8400
64 0.8972 0.6104 0.8686 0.8648 0.8411
65 0.9078 0.5498 0.8806 0.8661 0.8423
66 0.9059 0.5697 0.8785 0.8686 0.8450
67 0.9046 0.5944 0.8755 0.8680 0.8425
68 0.8940 0.6666 0.8649 0.8639 0.8376
69 0.8918 0.6998 0.8619 0.8536 0.8308
70 0.8847 0.7732 0.8551 0.8568 0.8340
71 0.8860 0.7917 0.8550 0.8558 0.8314
72 0.8943 0.7145 0.8656 0.8661 0.8400
73 0.9019 0.6644 0.8730 0.8717 0.8483
74 0.9119 0.6100 0.8843 0.8727 0.8504
75 0.9136 0.6013 0.8863 0.8743 0.8498
76 0.9131 0.6027 0.8859 0.8771 0.8538
77 0.9086 0.6458 0.8811 0.8714 0.8451
78 0.9055 0.6818 0.8768 0.8712 0.8468
79 0.8925 0.8119 0.8633 0.8662 0.8361
80 0.8899 0.8406 0.8587 0.8474 0.8165
81 0.8942 0.8134 0.8652 0.8660 0.8423
82 0.9036 0.7350 0.8778 0.8698 0.8458
83 0.9080 0.6956 0.8807 0.8707 0.8459
84 0.9123 0.6675 0.8877 0.8767 0.8555
85 0.9145 0.6511 0.8883 0.8767 0.8548
86 0.9166 0.6511 0.8907 0.8719 0.8460
87 0.9106 0.7060 0.8851 0.8667 0.8433
88 0.9120 0.7130 0.8865 0.8666 0.8417
89 0.9002 0.8610 0.8702 0.8577 0.8309
90 0.8935 0.9036 0.8652 0.8613 0.8369
91 0.8996 0.8418 0.8721 0.8561 0.8314
92 0.9014 0.8437 0.8737 0.8655 0.8415
93 0.9130 0.7533 0.8882 0.8695 0.8448
94 0.9182 0.7107 0.8915 0.8765 0.8543
95 0.9166 0.7165 0.8906 0.8750 0.8518
96 0.9115 0.7419 0.8850 0.8718 0.8463
97 0.9196 0.6991 0.8937 0.8723 0.8500
98 0.9149 0.7312 0.8883 0.8637 0.8379
99 0.9044 0.8764 0.8782 0.8597 0.8316
100 0.9079 0.8089 0.8813 0.8745 0.8538
101 0.9118 0.7683 0.8872 0.8661 0.8404
102 0.9190 0.7248 0.8939 0.8732 0.8519
103 0.9208 0.6685 0.8984 0.8694 0.8462
104 0.9201 0.6887 0.8957 0.8710 0.8495
105 0.9189 0.6761 0.8962 0.8741 0.8531
106 0.9216 0.6601 0.8978 0.8739 0.8513
107 0.9255 0.6534 0.9013 0.8718 0.8508
108 0.9206 0.6802 0.8979 0.8623 0.8403
109 0.9195 0.6867 0.8955 0.8745 0.8524
110 0.9151 0.7406 0.8916 0.8578 0.8344
111 0.9193 0.7114 0.8949 0.8768 0.8534
112 0.9248 0.6609 0.9024 0.8721 0.8511
113 0.9241 0.6634 0.9004 0.8763 0.8531
114 0.9225 0.6532 0.9021 0.8731 0.8501
115 0.9238 0.6314 0.9002 0.8740 0.8517
116 0.9251 0.6323 0.9026 0.8754 0.8538
117 0.9268 0.6171 0.9056 0.8677 0.8430
118 0.9231 0.6450 0.8992 0.8758 0.8554
119 0.9209 0.6828 0.8988 0.8747 0.8524
120 0.9173 0.6976 0.8941 0.8697 0.8442
121 0.9164 0.7367 0.8938 0.8686 0.8463
122 0.9195 0.6889 0.8947 0.8739 0.8523
123 0.9216 0.6717 0.8968 0.8707 0.8496
124 0.9237 0.6338 0.9013 0.8691 0.8495
125 0.9268 0.6156 0.9048 0.8683 0.8477
126 0.9225 0.6351 0.9012 0.8718 0.8495
127 0.9274 0.6139 0.9046 0.8747 0.8534
128 0.9247 0.6533 0.9041 0.8648 0.8433
129 0.9241 0.6366 0.9007 0.8697 0.8495
130 0.9210 0.6823 0.9008 0.8645 0.8410
131 0.9221 0.6556 0.9012 0.8643 0.8410
132 0.9263 0.6389 0.9031 0.8757 0.8547
133 0.9269 0.6401 0.9063 0.8717 0.8506
134 0.9274 0.6001 0.9060 0.8725 0.8508
135 0.9258 0.6097 0.9055 0.8731 0.8522
136 0.9258 0.6161 0.9058 0.8732 0.8516
137 0.9254 0.6143 0.9050 0.8740 0.8524
138 0.9272 0.6141 0.9074 0.8741 0.8510
139 0.9238 0.6264 0.9008 0.8758 0.8552
140 0.9243 0.6337 0.9030 0.8739 0.8494
141 0.9235 0.6510 0.9028 0.8731 0.8493
142 0.9227 0.6224 0.9015 0.8774 0.8518
143 0.9208 0.6582 0.8988 0.8756 0.8535
144 0.9295 0.5838 0.9093 0.8750 0.8534
145 0.9327 0.5800 0.9137 0.8740 0.8526
146 0.9301 0.5794 0.9109 0.8787 0.8584
147 0.9285 0.5644 0.9093 0.8766 0.8531
148 0.9250 0.6287 0.9053 0.8710 0.8516
149 0.9251 0.6287 0.9024 0.8730 0.8495
150 0.9193 0.6839 0.8983 0.8703 0.8482
151 0.9227 0.6690 0.9027 0.8697 0.8472
152 0.9251 0.6211 0.9040 0.8801 0.8579
153 0.9277 0.5833 0.9086 0.8767 0.8540
154 0.9336 0.5586 0.9128 0.8720 0.8499
155 0.9285 0.5939 0.9080 0.8759 0.8529
156 0.9295 0.5975 0.9101 0.8758 0.8542
157 0.9321 0.5581 0.9142 0.8778 0.8572
158 0.9323 0.5771 0.9137 0.8799 0.8576
159 0.9268 0.6165 0.9074 0.8819 0.8607
160 0.9330 0.5482 0.9145 0.8827 0.8607
161 0.9297 0.5660 0.9108 0.8838 0.8617
162 0.9356 0.5280 0.9170 0.8843 0.8620
163 0.9296 0.5707 0.9102 0.8817 0.8591
164 0.9387 0.5118 0.9196 0.8815 0.8596
165 0.9362 0.5333 0.9183 0.8842 0.8626
166 0.9366 0.5358 0.9187 0.8831 0.8613
167 0.9363 0.5112 0.9199 0.8832 0.8611
168 0.9360 0.5213 0.9177 0.8822 0.8594
169 0.9377 0.5092 0.9201 0.8828 0.8607
170 0.9281 0.5536 0.9086 0.8732 0.8524
171 0.9375 0.5274 0.9174 0.8785 0.8560
172 0.9338 0.5422 0.9150 0.8784 0.8552
173 0.9312 0.5476 0.9125 0.8792 0.8560
174 0.9340 0.5354 0.9156 0.8796 0.8560
175 0.9352 0.5257 0.9176 0.8819 0.8578
176 0.9344 0.4989 0.9180 0.8806 0.8585
177 0.9333 0.5323 0.9145 0.8813 0.8589
178 0.9303 0.5412 0.9114 0.8807 0.8572
179 0.9338 0.5152 0.9157 0.8781 0.8541
180 0.9381 0.5066 0.9215 0.8777 0.8556
181 0.9343 0.5247 0.9170 0.8801 0.8564
182 0.9352 0.5240 0.9190 0.8822 0.8600
183 0.9386 0.5020 0.9215 0.8808 0.8584
184 0.9356 0.5131 0.9197 0.8823 0.8593
185 0.9374 0.5085 0.9206 0.8830 0.8603
186 0.9377 0.5083 0.9209 0.8824 0.8600
187 0.9356 0.5266 0.9195 0.8793 0.8581
188 0.9328 0.5375 0.9151 0.8786 0.8571
189 0.9365 0.5029 0.9197 0.8782 0.8550
190 0.9355 0.5130 0.9177 0.8735 0.8504
191 0.9336 0.5250 0.9160 0.8761 0.8516
192 0.9359 0.5071 0.9192 0.8746 0.8522
193 0.9340 0.5200 0.9158 0.8750 0.8528
194 0.9344 0.5042 0.9183 0.8729 0.8484
195 0.9347 0.4947 0.9191 0.8788 0.8540
196 0.9366 0.4979 0.9203 0.8789 0.8566
197 0.9351 0.5117 0.9184 0.8785 0.8555
198 0.9378 0.4994 0.9215 0.8792 0.8564
199 0.9378 0.4990 0.9211 0.8778 0.8547
