epoch train_iou train_loss train_mAP val_iou val_mAP
0 0.5531 0.1823 0.4832 0.6992 0.6519
1 0.6633 0.1701 0.6060 0.7179 0.6670
2 0.7115 0.1799 0.6559 0.7361 0.6875
3 0.7459 0.1877 0.6989 0.7630 0.7256
4 0.7697 0.1933 0.7267 0.7760 0.7347
5 0.7851 0.2056 0.7437 0.7951 0.7614
6 0.7825 0.2288 0.7423 0.8038 0.7747
7 0.7651 0.2797 0.7179 0.7825 0.7495
8 0.7728 0.2977 0.7285 0.7919 0.7636
9 0.7601 0.3287 0.7182 0.6884 0.6025
10 0.7504 0.3719 0.7049 0.7556 0.7121
11 0.7765 0.3576 0.7368 0.7962 0.7591
12 0.7948 0.3469 0.7566 0.8062 0.7726
13 0.8153 0.3271 0.7788 0.8184 0.7897
14 0.8309 0.3141 0.7971 0.8389 0.8118
15 0.8351 0.3212 0.7994 0.8401 0.8138
16 0.8443 0.3200 0.8087 0.8311 0.7965
17 0.8337 0.3758 0.7993 0.8264 0.8000
18 0.8236 0.4033 0.7879 0.7975 0.7636
19 0.8102 0.4510 0.7728 0.8250 0.7981
20 0.8068 0.4842 0.7698 0.8241 0.7986
21 0.8236 0.4674 0.7873 0.8308 0.8026
22 0.8284 0.4521 0.7949 0.8326 0.8004
23 0.8411 0.4296 0.8075 0.8382 0.8084
24 0.8567 0.3981 0.8239 0.8397 0.8108
25 0.8518 0.4194 0.8202 0.8469 0.8184
26 0.8560 0.4302 0.8242 0.8459 0.8221
27 0.8545 0.4533 0.8206 0.8438 0.8175
28 0.8377 0.5220 0.8038 0.8438 0.8178
29 0.8321 0.5600 0.7986 0.8309 0.8009
30 0.8280 0.5907 0.7943 0.8244 0.8023
31 0.8414 0.5557 0.8071 0.8325 0.8010
32 0.8425 0.5461 0.8087 0.8485 0.8224
33 0.8600 0.5078 0.8286 0.8554 0.8288
34 0.8664 0.5026 0.8358 0.8448 0.8176
35 0.8813 0.4473 0.8506 0.8535 0.8276
36 0.8763 0.4915 0.8452 0.8499 0.8232
37 0.8659 0.5377 0.8356 0.8644 0.8359
38 0.8645 0.5755 0.8311 0.8534 0.8238
39 0.8529 0.6293 0.8242 0.8376 0.8119
40 0.8457 0.6732 0.8113 0.8410 0.8154
41 0.8551 0.6490 0.8229 0.8479 0.8229
42 0.8593 0.6350 0.8259 0.8556 0.8282
43 0.8689 0.5897 0.8388 0.8498 0.8235
44 0.8764 0.5563 0.8462 0.8527 0.8243
45 0.8867 0.5370 0.8552 0.8539 0.8271
46 0.8885 0.5450 0.8605 0.8609 0.8349
47 0.8761 0.5943 0.8454 0.8553 0.8249
48 0.8724 0.6421 0.8415 0.8400 0.8115
49 0.8596 0.7104 0.8289 0.8501 0.8231
50 0.8590 0.7364 0.8264 0.8439 0.8157
51 0.8610 0.7538 0.8279 0.8446 0.8164
52 0.8641 0.6937 0.8318 0.8604 0.8331
53 0.8839 0.6378 0.8529 0.8523 0.8235
54 0.8839 0.6163 0.8552 0.8566 0.8315
55 0.8874 0.6063 0.8574 0.8586 0.8353
56 0.8905 0.6103 0.8613 0.8585 0.8331
57 0.8817 0.6688 0.8521 0.8652 0.8403
58 0.8802 0.6872 0.8492 0.8575 0.8357
59 0.8727 0.7532 0.8430 0.8620 0.8372
60 0.8664 0.8221 0.8353 0.8488 0.8210
61 0.8643 0.8208 0.8340 0.8533 0.8286
62 0.8774 0.7591 0.8460 0.8604 0.8366
63 0.8802 0.7197 0.8514 0.8541 0.8257
64 0.8928 0.6643 0.8644 0.8545 0.8280
65 0.8954 0.6537 0.8659 0.8624 0.8355
66 0.8930 0.6693 0.8627 0.8679 0.8429
67 0.8920 0.6956 0.8619 0.8644 0.8406
68 0.8829 0.7880 0.8534 0.8512 0.8235
69 0.8784 0.8243 0.8484 0.8613 0.8355
70 0.8674 0.9240 0.8363 0.8594 0.8318
71 0.8703 0.8935 0.8396 0.8414 0.8112
72 0.8769 0.8478 0.8480 0.8626 0.8381
73 0.8882 0.7771 0.8587 0.8572 0.8301
74 0.9005 0.7123 0.8716 0.8707 0.8484
75 0.8995 0.7088 0.8681 0.8676 0.8450
76 0.9011 0.7077 0.8743 0.8693 0.8472
77 0.8978 0.7635 0.8702 0.8605 0.8347
78 0.8866 0.8235 0.8576 0.8724 0.8494
79 0.8816 0.8801 0.8516 0.8528 0.8284
80 0.8732 0.9558 0.8410 0.8596 0.8322
81 0.8824 0.9418 0.8515 0.8533 0.8296
82 0.8825 0.8939 0.8528 0.8638 0.8414
83 0.8965 0.7857 0.8667 0.8572 0.8302
84 0.9004 0.7913 0.8746 0.8697 0.8464
85 0.8997 0.8055 0.8730 0.8679 0.8441
86 0.9018 0.7678 0.8723 0.8690 0.8438
87 0.9013 0.8158 0.8728 0.8611 0.8364
88 0.8893 0.8851 0.8591 0.8610 0.8336
89 0.8866 0.9439 0.8591 0.8585 0.8355
90 0.8743 1.0720 0.8454 0.8567 0.8265
91 0.8852 0.9807 0.8571 0.8527 0.8311
92 0.8926 0.9260 0.8638 0.8450 0.8206
93 0.8930 0.8795 0.8635 0.8691 0.8431
94 0.9042 0.8066 0.8759 0.8613 0.8364
95 0.9028 0.8143 0.8733 0.8653 0.8408
96 0.9064 0.8048 0.8775 0.8674 0.8426
97 0.8984 0.8855 0.8676 0.8696 0.8458
98 0.8980 0.9266 0.8675 0.8727 0.8476
99 0.8872 1.0613 0.8581 0.8682 0.8429
100 0.8950 0.9822 0.8658 0.8702 0.8454
101 0.9016 0.8969 0.8712 0.8598 0.8347
102 0.9071 0.8317 0.8784 0.8721 0.8462
103 0.9025 0.8557 0.8727 0.8623 0.8378
104 0.9109 0.8022 0.8843 0.8699 0.8474
105 0.9173 0.7330 0.8903 0.8705 0.8467
106 0.9019 0.8346 0.8736 0.8675 0.8439
107 0.9113 0.7658 0.8810 0.8707 0.8468
108 0.9087 0.8085 0.8805 0.8644 0.8420
109 0.9057 0.8453 0.8783 0.8642 0.8395
110 0.9052 0.8667 0.8784 0.8653 0.8458
111 0.9035 0.8595 0.8767 0.8650 0.8411
112 0.9135 0.7925 0.8876 0.8752 0.8504
113 0.9117 0.7827 0.8855 0.8677 0.8439
114 0.9185 0.7123 0.8916 0.8657 0.8429
115 0.9167 0.7283 0.8893 0.8687 0.8460
116 0.9176 0.7244 0.8909 0.8689 0.8459
117 0.9131 0.7614 0.8857 0.8703 0.8459
118 0.9110 0.7718 0.8831 0.8701 0.8476
119 0.9140 0.7856 0.8868 0.8649 0.8444
120 0.9039 0.8503 0.8761 0.8779 0.8550
121 0.9076 0.8314 0.8806 0.8692 0.8451
122 0.9117 0.7714 0.8846 0.8671 0.8454
123 0.9148 0.7496 0.8886 0.8670 0.8455
124 0.9149 0.7106 0.8886 0.8733 0.8519
125 0.9142 0.7372 0.8889 0.8705 0.8475
126 0.9193 0.6861 0.8946 0.8684 0.8464
127 0.9181 0.6927 0.8916 0.8648 0.8444
128 0.9129 0.7639 0.8887 0.8673 0.8443
129 0.9077 0.7834 0.8791 0.8563 0.8334
130 0.9025 0.8312 0.8740 0.8683 0.8424
131 0.9098 0.7693 0.8825 0.8624 0.8380
132 0.9141 0.7498 0.8871 0.8633 0.8390
133 0.9118 0.7586 0.8842 0.8755 0.8549
134 0.9217 0.7031 0.8969 0.8733 0.8531
135 0.9171 0.7205 0.8915 0.8766 0.8542
136 0.9167 0.6992 0.8926 0.8741 0.8519
137 0.9197 0.7157 0.8956 0.8695 0.8451
138 0.9163 0.7435 0.8901 0.8708 0.8483
139 0.9147 0.7613 0.8883 0.8613 0.8372
140 0.9100 0.7952 0.8823 0.8638 0.8416
141 0.9126 0.7772 0.8862 0.8750 0.8513
142 0.9137 0.7485 0.8873 0.8699 0.8483
143 0.9184 0.7188 0.8946 0.8703 0.8487
144 0.9193 0.6927 0.8959 0.8716 0.8491
145 0.9183 0.6976 0.8932 0.8706 0.8487
146 0.9221 0.6723 0.8978 0.8741 0.8524
147 0.9218 0.6629 0.8972 0.8673 0.8455
148 0.9185 0.6982 0.8921 0.8655 0.8415
149 0.9177 0.7195 0.8917 0.8750 0.8525
150 0.9065 0.8706 0.8776 0.8625 0.8376
151 0.9085 0.8066 0.8823 0.8717 0.8507
152 0.9137 0.7373 0.8887 0.8675 0.8446
153 0.9182 0.7148 0.8921 0.8722 0.8477
154 0.9211 0.6897 0.8964 0.8764 0.8554
155 0.9251 0.6371 0.9021 0.8778 0.8570
156 0.9227 0.6408 0.8979 0.8767 0.8546
157 0.9226 0.6650 0.8998 0.8791 0.8589
158 0.9164 0.6981 0.8896 0.8702 0.8466
159 0.9154 0.7476 0.8910 0.8716 0.8500
160 0.9204 0.6785 0.8963 0.8746 0.8530
161 0.9217 0.6621 0.8987 0.8739 0.8519
162 0.9213 0.6525 0.8963 0.8741 0.8535
163 0.9199 0.6591 0.8964 0.8749 0.8540
164 0.9216 0.6669 0.8972 0.8744 0.8541
165 0.9223 0.6328 0.8970 0.8762 0.8565
166 0.9223 0.6451 0.8979 0.8753 0.8544
167 0.9279 0.6031 0.9054 0.8744 0.8534
168 0.9266 0.6133 0.9043 0.8710 0.8512
169 0.9270 0.6240 0.9031 0.8826 0.8615
170 0.9240 0.6203 0.8999 0.8743 0.8541
171 0.9259 0.6278 0.9017 0.8778 0.8577
172 0.9248 0.6249 0.9001 0.8764 0.8556
173 0.9213 0.6559 0.8968 0.8724 0.8530
174 0.9240 0.6201 0.9017 0.8743 0.8546
175 0.9276 0.6121 0.9046 0.8765 0.8581
176 0.9248 0.6179 0.9029 0.8760 0.8557
177 0.9242 0.6255 0.9010 0.8802 0.8614
178 0.9298 0.6068 0.9064 0.8764 0.8568
179 0.9280 0.5984 0.9047 0.8734 0.8510
180 0.9217 0.6461 0.8986 0.8767 0.8566
181 0.9270 0.5955 0.9046 0.8636 0.8427
182 0.9252 0.6067 0.9025 0.8783 0.8589
183 0.9278 0.5964 0.9044 0.8705 0.8497
184 0.9243 0.6156 0.9016 0.8792 0.8598
185 0.9283 0.6004 0.9061 0.8818 0.8626
186 0.9266 0.6042 0.9021 0.8804 0.8615
187 0.9273 0.6097 0.9019 0.8792 0.8597
188 0.9250 0.6155 0.9028 0.8763 0.8547
189 0.9270 0.6096 0.9025 0.8815 0.8605
190 0.9269 0.5978 0.9056 0.8815 0.8621
191 0.9280 0.6032 0.9067 0.8767 0.8565
192 0.9269 0.6023 0.9026 0.8740 0.8541
193 0.9266 0.6003 0.9051 0.8741 0.8550
194 0.9278 0.5914 0.9046 0.8759 0.8564
195 0.9294 0.5754 0.9089 0.8759 0.8560
196 0.9317 0.5795 0.9106 0.8771 0.8586
197 0.9299 0.5814 0.9082 0.8799 0.8609
198 0.9223 0.6357 0.8995 0.8720 0.8516
199 0.9306 0.5873 0.9076 0.8695 0.8503
