epoch train_iou train_loss train_mAP val_iou val_mAP
0 0.5405 0.1739 0.4655 0.6813 0.6195
1 0.6908 0.1576 0.6330 0.7195 0.6625
2 0.7210 0.1713 0.6710 0.7367 0.6870
3 0.7669 0.1715 0.7194 0.7737 0.7243
4 0.7902 0.1713 0.7473 0.7961 0.7545
5 0.8062 0.1821 0.7681 0.8082 0.7659
6 0.8027 0.2046 0.7597 0.8074 0.7652
7 0.8045 0.2299 0.7622 0.8076 0.7659
8 0.7840 0.2727 0.7410 0.8013 0.7619
9 0.7600 0.3276 0.7182 0.7912 0.7469
10 0.7915 0.3180 0.7473 0.7756 0.7327
11 0.7993 0.3138 0.7578 0.8099 0.7676
12 0.8261 0.2948 0.7890 0.8292 0.7925
13 0.8344 0.2858 0.8009 0.8313 0.8047
14 0.8572 0.2644 0.8251 0.8415 0.8062
15 0.8697 0.2525 0.8367 0.8409 0.8107
16 0.8646 0.2786 0.8317 0.8396 0.8060
17 0.8510 0.3196 0.8170 0.8362 0.8012
18 0.8373 0.3692 0.8019 0.8300 0.7983
19 0.8350 0.3950 0.8000 0.8336 0.8006
20 0.8233 0.4320 0.7854 0.8317 0.7936
21 0.8382 0.4204 0.8044 0.8433 0.8141
22 0.8533 0.3870 0.8200 0.8384 0.8064
23 0.8623 0.3812 0.8305 0.8541 0.8223
24 0.8846 0.3175 0.8549 0.8610 0.8319
25 0.8818 0.3331 0.8523 0.8581 0.8280
26 0.8874 0.3323 0.8567 0.8559 0.8282
27 0.8732 0.3785 0.8403 0.8505 0.8184
28 0.8653 0.4187 0.8331 0.8285 0.7974
29 0.8550 0.4737 0.8211 0.8310 0.7969
30 0.8509 0.4984 0.8185 0.8407 0.8093
31 0.8562 0.5132 0.8248 0.8316 0.8006
32 0.8703 0.4617 0.8421 0.8543 0.8274
33 0.8847 0.4174 0.8555 0.8554 0.8278
34 0.8964 0.3878 0.8673 0.8606 0.8316
35 0.8979 0.3732 0.8688 0.8612 0.8320
36 0.9021 0.3743 0.8734 0.8610 0.8309
37 0.8931 0.4125 0.8674 0.8596 0.8309
38 0.8845 0.4589 0.8513 0.8512 0.8218
39 0.8604 0.5383 0.8315 0.8369 0.8090
40 0.8586 0.6109 0.8223 0.8430 0.8156
41 0.8748 0.5468 0.8462 0.8328 0.8004
42 0.8879 0.5013 0.8587 0.8450 0.8157
43 0.8952 0.4763 0.8668 0.8519 0.8277
44 0.9039 0.4304 0.8758 0.8602 0.8319
45 0.9047 0.4257 0.8747 0.8620 0.8351
46 0.9090 0.4235 0.8820 0.8623 0.8366
47 0.9031 0.4558 0.8740 0.8614 0.8321
48 0.8994 0.4865 0.8713 0.8565 0.8269
49 0.8846 0.5899 0.8558 0.8534 0.8219
50 0.8676 0.7055 0.8355 0.8448 0.8101
51 0.8793 0.6254 0.8493 0.8552 0.8281
52 0.8914 0.5763 0.8627 0.8620 0.8335
53 0.9001 0.5278 0.8724 0.8482 0.8228
54 0.9074 0.5112 0.8813 0.8603 0.8354
55 0.9061 0.4978 0.8789 0.8626 0.8366
56 0.9083 0.4936 0.8815 0.8619 0.8350
57 0.9092 0.5140 0.8823 0.8662 0.8406
58 0.8977 0.5740 0.8689 0.8604 0.8382
59 0.8935 0.6403 0.8644 0.8333 0.8075
60 0.8783 0.7436 0.8472 0.8441 0.8159
61 0.8850 0.6784 0.8587 0.8433 0.8210
62 0.8933 0.6427 0.8666 0.8632 0.8374
63 0.9028 0.5931 0.8755 0.8577 0.8329
64 0.9172 0.5108 0.8921 0.8654 0.8425
65 0.9185 0.5045 0.8928 0.8675 0.8460
66 0.9148 0.5234 0.8890 0.8639 0.8405
67 0.9165 0.5302 0.8913 0.8603 0.8305
68 0.9051 0.6164 0.8788 0.8620 0.8346
69 0.9015 0.6373 0.8717 0.8548 0.8282
70 0.8801 0.7924 0.8522 0.8326 0.7974
71 0.8923 0.7244 0.8651 0.8469 0.8195
72 0.8999 0.7089 0.8741 0.8591 0.8309
73 0.9108 0.6148 0.8850 0.8606 0.8341
74 0.9116 0.5882 0.8880 0.8643 0.8411
75 0.9185 0.5535 0.8949 0.8659 0.8438
76 0.9134 0.5767 0.8892 0.8635 0.8389
77 0.9140 0.6046 0.8888 0.8588 0.8335
78 0.9072 0.6761 0.8806 0.8634 0.8364
79 0.8984 0.7713 0.8701 0.8486 0.8174
80 0.8896 0.8249 0.8619 0.8445 0.8138
81 0.8995 0.7765 0.8727 0.8658 0.8378
82 0.9078 0.7169 0.8826 0.8612 0.8320
83 0.9106 0.6708 0.8861 0.8647 0.8429
84 0.9167 0.6264 0.8922 0.8660 0.8389
85 0.9220 0.5938 0.8988 0.8696 0.8435
86 0.9246 0.5685 0.9024 0.8677 0.8464
87 0.9169 0.6409 0.8925 0.8608 0.8351
88 0.9146 0.6980 0.8895 0.8701 0.8419
89 0.9071 0.7763 0.8795 0.8641 0.8403
90 0.8893 0.9621 0.8622 0.8574 0.8246
91 0.8987 0.8355 0.8716 0.8642 0.8371
92 0.9130 0.7380 0.8902 0.8600 0.8369
93 0.9203 0.7002 0.8984 0.8624 0.8364
94 0.9176 0.6794 0.8937 0.8645 0.8395
95 0.9222 0.6306 0.8982 0.8675 0.8405
96 0.9217 0.6798 0.8982 0.8652 0.8419
97 0.9211 0.6705 0.8969 0.8667 0.8414
98 0.9136 0.7884 0.8892 0.8672 0.8366
99 0.9054 0.8475 0.8795 0.8596 0.8271
100 0.9169 0.7655 0.8935 0.8666 0.8429
101 0.9194 0.7060 0.8960 0.8686 0.8435
102 0.9242 0.6583 0.9052 0.8722 0.8506
103 0.9220 0.6702 0.8991 0.8699 0.8489
104 0.9237 0.6331 0.9021 0.8683 0.8477
105 0.9252 0.6155 0.9025 0.8698 0.8476
106 0.9285 0.6256 0.9051 0.8664 0.8449
107 0.9279 0.5965 0.9065 0.8707 0.8457
108 0.9275 0.6155 0.9070 0.8694 0.8504
109 0.9293 0.6107 0.9087 0.8746 0.8537
110 0.9179 0.6901 0.8957 0.8645 0.8421
111 0.9194 0.7129 0.8976 0.8686 0.8451
112 0.9236 0.6519 0.9017 0.8708 0.8462
113 0.9245 0.6253 0.9038 0.8772 0.8524
114 0.9331 0.5672 0.9139 0.8740 0.8529
115 0.9322 0.5866 0.9126 0.8755 0.8527
116 0.9315 0.5929 0.9108 0.8740 0.8479
117 0.9289 0.5834 0.9087 0.8745 0.8514
118 0.9259 0.6240 0.9054 0.8721 0.8454
119 0.9274 0.6114 0.9080 0.8705 0.8470
120 0.9210 0.6788 0.9020 0.8708 0.8432
121 0.9222 0.6611 0.9003 0.8740 0.8494
122 0.9294 0.5916 0.9100 0.8746 0.8485
123 0.9295 0.6011 0.9112 0.8716 0.8464
124 0.9283 0.6194 0.9092 0.8697 0.8480
125 0.9349 0.5540 0.9166 0.8736 0.8503
126 0.9354 0.5524 0.9172 0.8756 0.8501
127 0.9310 0.5731 0.9132 0.8686 0.8453
128 0.9318 0.5784 0.9132 0.8737 0.8460
129 0.9300 0.6000 0.9094 0.8721 0.8472
130 0.9195 0.6652 0.8988 0.8702 0.8419
131 0.9259 0.6402 0.9068 0.8649 0.8392
132 0.9274 0.6026 0.9073 0.8718 0.8452
133 0.9293 0.5747 0.9106 0.8715 0.8460
134 0.9307 0.5691 0.9109 0.8741 0.8506
135 0.9323 0.5522 0.9137 0.8729 0.8492
136 0.9368 0.5328 0.9171 0.8752 0.8515
137 0.9357 0.5413 0.9177 0.8746 0.8500
138 0.9328 0.5634 0.9151 0.8724 0.8445
139 0.9281 0.5824 0.9092 0.8691 0.8465
140 0.9271 0.6367 0.9076 0.8636 0.8354
141 0.9266 0.6238 0.9057 0.8675 0.8425
142 0.9316 0.5819 0.9145 0.8710 0.8441
143 0.9317 0.5640 0.9145 0.8696 0.8449
144 0.9325 0.5419 0.9148 0.8723 0.8469
145 0.9354 0.5381 0.9184 0.8704 0.8461
146 0.9352 0.5230 0.9188 0.8724 0.8466
147 0.9357 0.5234 0.9199 0.8707 0.8452
148 0.9372 0.5395 0.9193 0.8670 0.8370
149 0.9303 0.5802 0.9132 0.8680 0.8444
150 0.9241 0.6771 0.9053 0.8724 0.8470
151 0.9310 0.5847 0.9110 0.8722 0.8450
152 0.9265 0.5914 0.9077 0.8683 0.8409
153 0.9345 0.5421 0.9173 0.8722 0.8490
154 0.9369 0.5275 0.9204 0.8713 0.8479
155 0.9400 0.5186 0.9234 0.8715 0.8484
156 0.9363 0.5431 0.9205 0.8770 0.8539
157 0.9388 0.5004 0.9218 0.8767 0.8526
158 0.9339 0.5341 0.9160 0.8698 0.8414
159 0.9290 0.5766 0.9119 0.8738 0.8457
160 0.9362 0.5324 0.9217 0.8720 0.8484
161 0.9362 0.5283 0.9197 0.8763 0.8507
162 0.9375 0.5017 0.9208 0.8771 0.8512
163 0.9408 0.4921 0.9252 0.8778 0.8544
164 0.9416 0.4903 0.9272 0.8801 0.8557
165 0.9397 0.4844 0.9240 0.8779 0.8536
166 0.9440 0.4718 0.9297 0.8799 0.8555
167 0.9378 0.5067 0.9215 0.8798 0.8553
168 0.9370 0.4983 0.9204 0.8734 0.8479
169 0.9397 0.4759 0.9240 0.8718 0.8481
170 0.9401 0.4915 0.9248 0.8706 0.8452
171 0.9425 0.4689 0.9286 0.8751 0.8504
172 0.9408 0.4888 0.9256 0.8780 0.8549
173 0.9369 0.4925 0.9222 0.8724 0.8464
174 0.9420 0.4792 0.9273 0.8754 0.8511
175 0.9383 0.5008 0.9228 0.8760 0.8510
176 0.9426 0.4656 0.9273 0.8771 0.8521
177 0.9402 0.4767 0.9244 0.8765 0.8514
178 0.9426 0.4645 0.9284 0.8783 0.8542
179 0.9432 0.4608 0.9300 0.8768 0.8512
180 0.9394 0.4799 0.9243 0.8776 0.8535
181 0.9397 0.4868 0.9246 0.8726 0.8466
182 0.9386 0.4938 0.9228 0.8775 0.8532
183 0.9461 0.4402 0.9327 0.8784 0.8540
184 0.9413 0.4625 0.9268 0.8774 0.8542
185 0.9394 0.4892 0.9244 0.8791 0.8546
186 0.9410 0.4659 0.9289 0.8790 0.8546
187 0.9424 0.4744 0.9272 0.8786 0.8562
188 0.9386 0.4767 0.9229 0.8743 0.8507
189 0.9372 0.4816 0.9208 0.8767 0.8505
190 0.9371 0.4904 0.9216 0.8770 0.8510
191 0.9393 0.4926 0.9234 0.8802 0.8546
192 0.9403 0.4776 0.9260 0.8774 0.8554
193 0.9436 0.4525 0.9287 0.8766 0.8501
194 0.9426 0.4547 0.9276 0.8793 0.8570
195 0.9433 0.4553 0.9293 0.8792 0.8546
196 0.9417 0.4692 0.9276 0.8790 0.8565
197 0.9400 0.4572 0.9259 0.8804 0.8565
198 0.9460 0.4305 0.9325 0.8783 0.8560
199 0.9428 0.4544 0.9290 0.8813 0.8555
