epoch train_iou train_loss train_mAP val_iou val_mAP
0 0.6091 0.2948 0.5413 0.6789 0.6256
1 0.6970 0.2892 0.6428 0.7272 0.6778
2 0.7469 0.2885 0.6981 0.7781 0.7316
3 0.7848 0.2849 0.7404 0.7696 0.7283
4 0.8083 0.2934 0.7689 0.8146 0.7747
5 0.8329 0.2777 0.7930 0.8107 0.7733
6 0.8213 0.3416 0.7826 0.8186 0.7797
7 0.8171 0.3891 0.7777 0.8031 0.7684
8 0.7981 0.4576 0.7584 0.7959 0.7622
9 0.7994 0.5222 0.7581 0.7796 0.7434
10 0.7936 0.5632 0.7531 0.7977 0.7607
11 0.8180 0.5262 0.7792 0.8210 0.7911
12 0.8277 0.5124 0.7920 0.8316 0.7992
13 0.8468 0.4863 0.8120 0.8374 0.8122
14 0.8645 0.4440 0.8309 0.8454 0.8122
15 0.8734 0.4311 0.8362 0.8507 0.8172
16 0.8690 0.4747 0.8358 0.8491 0.8180
17 0.8639 0.5392 0.8283 0.8481 0.8157
18 0.8538 0.6024 0.8196 0.8421 0.8154
19 0.8449 0.6641 0.8077 0.8321 0.8006
20 0.8364 0.7567 0.8013 0.8245 0.7936
21 0.8442 0.7305 0.8101 0.8325 0.8026
22 0.8567 0.6807 0.8226 0.8485 0.8203
23 0.8772 0.5991 0.8452 0.8455 0.8176
24 0.8802 0.5826 0.8457 0.8517 0.8187
25 0.8882 0.5591 0.8564 0.8574 0.8273
26 0.8934 0.5629 0.8594 0.8663 0.8374
27 0.8813 0.6414 0.8493 0.8460 0.8175
28 0.8758 0.7325 0.8431 0.8529 0.8255
29 0.8685 0.7901 0.8347 0.8449 0.8132
30 0.8539 0.8970 0.8141 0.8161 0.7830
31 0.8666 0.8352 0.8329 0.8515 0.8289
32 0.8809 0.7686 0.8467 0.8569 0.8312
33 0.8861 0.7228 0.8510 0.8580 0.8310
34 0.8948 0.6793 0.8627 0.8576 0.8291
35 0.9005 0.6504 0.8701 0.8635 0.8366
36 0.8970 0.6668 0.8641 0.8582 0.8264
37 0.8944 0.7399 0.8628 0.8585 0.8276
38 0.8840 0.8393 0.8503 0.8543 0.8253
39 0.8719 0.9618 0.8370 0.8447 0.8134
40 0.8641 1.0514 0.8285 0.8550 0.8244
41 0.8716 1.0073 0.8390 0.8562 0.8275
42 0.8823 0.8985 0.8507 0.8577 0.8252
43 0.8951 0.8037 0.8639 0.8665 0.8393
44 0.9016 0.7514 0.8690 0.8727 0.8460
45 0.9033 0.7360 0.8716 0.8670 0.8416
46 0.9013 0.7647 0.8699 0.8730 0.8469
47 0.8996 0.8044 0.8687 0.8661 0.8395
48 0.8987 0.8656 0.8669 0.8523 0.8288
49 0.8826 1.0930 0.8493 0.8468 0.8177
50 0.8578 1.3494 0.8235 0.8447 0.8115
51 0.8839 1.0523 0.8483 0.8659 0.8355
52 0.8903 0.9613 0.8559 0.8506 0.8195
53 0.8957 0.8841 0.8635 0.8640 0.8398
54 0.9029 0.8164 0.8706 0.8619 0.8324
55 0.9098 0.7605 0.8762 0.8600 0.8357
56 0.9093 0.7535 0.8765 0.8550 0.8300
57 0.9062 0.7991 0.8741 0.8654 0.8387
58 0.9003 0.8894 0.8675 0.8653 0.8352
59 0.8875 0.9830 0.8541 0.8471 0.8189
60 0.8728 1.1766 0.8390 0.8370 0.8082
61 0.8891 0.9916 0.8533 0.8388 0.8057
62 0.8927 0.9623 0.8591 0.8630 0.8371
63 0.9031 0.8456 0.8719 0.8618 0.8331
64 0.9076 0.7628 0.8758 0.8617 0.8339
65 0.9123 0.7200 0.8801 0.8612 0.8337
66 0.9132 0.7368 0.8832 0.8631 0.8381
67 0.9090 0.7461 0.8772 0.8593 0.8327
68 0.9068 0.7829 0.8740 0.8662 0.8400
69 0.8916 0.9225 0.8598 0.8444 0.8186
70 0.8897 0.9993 0.8556 0.8549 0.8289
71 0.8957 0.9106 0.8626 0.8470 0.8183
72 0.8952 0.9117 0.8633 0.8631 0.8335
73 0.9119 0.7453 0.8822 0.8714 0.8461
74 0.9099 0.7219 0.8800 0.8688 0.8442
75 0.9130 0.6781 0.8852 0.8701 0.8437
76 0.9135 0.6840 0.8829 0.8689 0.8450
77 0.9142 0.7003 0.8851 0.8551 0.8321
78 0.9085 0.7587 0.8780 0.8602 0.8358
79 0.8963 0.8990 0.8667 0.8523 0.8254
80 0.8912 0.9558 0.8593 0.8509 0.8264
81 0.8984 0.9042 0.8674 0.8610 0.8372
82 0.9029 0.8058 0.8719 0.8684 0.8427
83 0.9101 0.7357 0.8811 0.8699 0.8420
84 0.9137 0.6799 0.8840 0.8654 0.8414
85 0.9188 0.6139 0.8914 0.8676 0.8450
86 0.9172 0.6352 0.8889 0.8702 0.8442
87 0.9180 0.6573 0.8887 0.8512 0.8257
88 0.9132 0.6895 0.8847 0.8689 0.8429
89 0.9000 0.8465 0.8674 0.8662 0.8399
90 0.9033 0.8530 0.8728 0.8523 0.8302
91 0.9028 0.8476 0.8739 0.8548 0.8298
92 0.9061 0.7899 0.8751 0.8635 0.8376
93 0.9125 0.7310 0.8836 0.8697 0.8413
94 0.9181 0.6462 0.8879 0.8677 0.8433
95 0.9231 0.5995 0.8958 0.8754 0.8494
96 0.9210 0.6182 0.8927 0.8695 0.8448
97 0.9141 0.6799 0.8839 0.8642 0.8432
98 0.9131 0.6949 0.8845 0.8511 0.8272
99 0.9052 0.7967 0.8775 0.8590 0.8296
100 0.9175 0.6815 0.8898 0.8623 0.8406
101 0.9184 0.6661 0.8894 0.8667 0.8431
102 0.9219 0.6063 0.8943 0.8760 0.8532
103 0.9246 0.5679 0.8984 0.8680 0.8459
104 0.9252 0.5627 0.8998 0.8699 0.8463
105 0.9261 0.5464 0.9006 0.8726 0.8517
106 0.9236 0.5689 0.8981 0.8736 0.8506
107 0.9235 0.5560 0.8941 0.8781 0.8539
108 0.9219 0.5877 0.8948 0.8699 0.8465
109 0.9177 0.6158 0.8899 0.8633 0.8404
110 0.9176 0.6445 0.8902 0.8603 0.8329
111 0.9154 0.6205 0.8865 0.8697 0.8457
112 0.9214 0.6160 0.8959 0.8730 0.8477
113 0.9274 0.5620 0.9001 0.8678 0.8445
114 0.9225 0.5786 0.8961 0.8717 0.8478
115 0.9249 0.5529 0.8978 0.8719 0.8482
116 0.9281 0.5143 0.9010 0.8672 0.8438
117 0.9264 0.5449 0.9003 0.8762 0.8522
118 0.9262 0.5509 0.9003 0.8762 0.8518
119 0.9248 0.5814 0.8982 0.8529 0.8299
120 0.9189 0.6272 0.8924 0.8602 0.8362
121 0.9257 0.5768 0.8998 0.8635 0.8384
122 0.9244 0.5502 0.8987 0.8719 0.8473
123 0.9283 0.5033 0.9028 0.8717 0.8458
124 0.9270 0.5351 0.9027 0.8694 0.8431
125 0.9285 0.5146 0.9055 0.8677 0.8415
126 0.9283 0.5150 0.9043 0.8786 0.8520
127 0.9286 0.5297 0.9037 0.8659 0.8395
128 0.9251 0.5580 0.9016 0.8725 0.8447
129 0.9262 0.5361 0.9005 0.8672 0.8398
130 0.9185 0.6165 0.8936 0.8565 0.8313
131 0.9169 0.6560 0.8903 0.8663 0.8414
132 0.9210 0.5784 0.8935 0.8727 0.8503
133 0.9282 0.5342 0.9032 0.8763 0.8522
134 0.9260 0.5270 0.9014 0.8722 0.8474
135 0.9301 0.4803 0.9051 0.8745 0.8514
136 0.9316 0.4793 0.9094 0.8720 0.8484
137 0.9268 0.4962 0.9023 0.8745 0.8499
138 0.9294 0.5094 0.9054 0.8761 0.8519
139 0.9243 0.5755 0.9002 0.8543 0.8295
140 0.9210 0.5986 0.8956 0.8708 0.8469
141 0.9249 0.5668 0.8994 0.8764 0.8521
142 0.9260 0.5481 0.9027 0.8705 0.8479
143 0.9332 0.4905 0.9097 0.8766 0.8542
144 0.9356 0.4706 0.9118 0.8764 0.8560
145 0.9316 0.4944 0.9080 0.8786 0.8586
146 0.9345 0.4582 0.9115 0.8751 0.8531
147 0.9331 0.4808 0.9099 0.8731 0.8531
148 0.9284 0.5205 0.9047 0.8786 0.8563
149 0.9281 0.5155 0.9049 0.8758 0.8527
150 0.9164 0.6312 0.8913 0.8728 0.8505
151 0.9220 0.5702 0.8985 0.8738 0.8506
152 0.9277 0.5372 0.9045 0.8629 0.8366
153 0.9311 0.4891 0.9059 0.8747 0.8537
154 0.9294 0.4946 0.9062 0.8750 0.8525
155 0.9337 0.4857 0.9107 0.8718 0.8504
156 0.9343 0.4522 0.9111 0.8738 0.8508
157 0.9300 0.4686 0.9065 0.8762 0.8531
158 0.9277 0.5224 0.9041 0.8786 0.8553
159 0.9217 0.6049 0.8957 0.8702 0.8456
160 0.9274 0.5353 0.9022 0.8699 0.8463
161 0.9305 0.4814 0.9060 0.8758 0.8520
162 0.9332 0.4521 0.9097 0.8712 0.8480
163 0.9293 0.4882 0.9042 0.8741 0.8507
164 0.9315 0.4875 0.9074 0.8745 0.8493
165 0.9318 0.4674 0.9072 0.8785 0.8539
166 0.9342 0.4591 0.9096 0.8729 0.8472
167 0.9305 0.4680 0.9072 0.8725 0.8482
168 0.9330 0.4526 0.9102 0.8657 0.8428
169 0.9351 0.4604 0.9120 0.8762 0.8520
170 0.9328 0.4558 0.9097 0.8771 0.8534
171 0.9346 0.4637 0.9119 0.8730 0.8492
172 0.9305 0.4628 0.9077 0.8745 0.8486
173 0.9322 0.4736 0.9081 0.8796 0.8553
174 0.9355 0.4341 0.9128 0.8819 0.8576
175 0.9362 0.4284 0.9133 0.8782 0.8526
176 0.9390 0.4323 0.9170 0.8769 0.8521
177 0.9351 0.4348 0.9123 0.8814 0.8567
178 0.9309 0.4560 0.9074 0.8719 0.8470
179 0.9334 0.4505 0.9097 0.8768 0.8511
180 0.9325 0.4588 0.9098 0.8715 0.8477
181 0.9384 0.4308 0.9176 0.8758 0.8538
182 0.9329 0.4466 0.9103 0.8745 0.8491
183 0.9326 0.4453 0.9099 0.8745 0.8507
184 0.9377 0.4387 0.9164 0.8731 0.8495
185 0.9377 0.4342 0.9146 0.8734 0.8495
186 0.9341 0.4483 0.9113 0.8678 0.8454
187 0.9328 0.4479 0.9089 0.8677 0.8442
188 0.9334 0.4369 0.9104 0.8781 0.8532
189 0.9369 0.4220 0.9143 0.8721 0.8472
190 0.9319 0.4519 0.9063 0.8744 0.8487
191 0.9339 0.4263 0.9121 0.8760 0.8525
192 0.9348 0.4221 0.9124 0.8715 0.8498
193 0.9372 0.4124 0.9141 0.8739 0.8506
194 0.9379 0.4193 0.9167 0.8710 0.8470
195 0.9382 0.4139 0.9171 0.8746 0.8508
196 0.9338 0.4291 0.9111 0.8746 0.8528
197 0.9377 0.4132 0.9162 0.8777 0.8548
198 0.9373 0.4169 0.9154 0.8731 0.8499
199 0.9384 0.4208 0.9170 0.8741 0.8507
