epoch train_iou train_loss train_mAP val_iou val_mAP
0 0.5502 0.1668 0.4718 0.5135 0.4544
1 0.6707 0.1594 0.6083 0.7154 0.6672
2 0.7348 0.1657 0.6812 0.7551 0.6990
3 0.7767 0.1624 0.7322 0.7757 0.7369
4 0.8064 0.1630 0.7645 0.7905 0.7474
5 0.8076 0.1752 0.7649 0.8012 0.7617
6 0.8185 0.1900 0.7783 0.8112 0.7710
7 0.8059 0.2319 0.7645 0.8137 0.7778
8 0.7924 0.2631 0.7485 0.8034 0.7616
9 0.7921 0.2961 0.7487 0.8202 0.7757
10 0.7737 0.3287 0.7285 0.7884 0.7525
11 0.8066 0.3132 0.7676 0.7908 0.7593
12 0.8164 0.3103 0.7834 0.8254 0.7921
13 0.8429 0.2728 0.8132 0.8457 0.8090
14 0.8466 0.2687 0.8136 0.8482 0.8110
15 0.8621 0.2655 0.8326 0.8528 0.8209
16 0.8658 0.2875 0.8374 0.8500 0.8188
17 0.8594 0.3086 0.8302 0.8513 0.8181
18 0.8489 0.3523 0.8181 0.8388 0.7986
19 0.8247 0.4256 0.7853 0.8285 0.7950
20 0.8243 0.4281 0.7929 0.8322 0.8037
21 0.8421 0.4049 0.8120 0.8346 0.8050
22 0.8552 0.3832 0.8217 0.8561 0.8245
23 0.8674 0.3616 0.8380 0.8619 0.8299
24 0.8788 0.3402 0.8532 0.8648 0.8313
25 0.8748 0.3532 0.8472 0.8653 0.8336
26 0.8799 0.3502 0.8500 0.8688 0.8362
27 0.8753 0.3909 0.8476 0.8590 0.8301
28 0.8817 0.3936 0.8582 0.8620 0.8325
29 0.8691 0.4288 0.8414 0.8559 0.8238
30 0.8438 0.5523 0.8133 0.8267 0.7996
31 0.8528 0.5129 0.8238 0.8602 0.8315
32 0.8747 0.4459 0.8488 0.8575 0.8293
33 0.8794 0.4352 0.8534 0.8661 0.8349
34 0.8952 0.4033 0.8710 0.8656 0.8404
35 0.8968 0.3878 0.8753 0.8682 0.8445
36 0.8897 0.4151 0.8647 0.8757 0.8475
37 0.8884 0.4358 0.8631 0.8648 0.8411
38 0.8818 0.4819 0.8567 0.8665 0.8409
39 0.8706 0.5561 0.8428 0.8566 0.8289
40 0.8621 0.5882 0.8337 0.8477 0.8194
41 0.8626 0.5920 0.8365 0.8590 0.8292
42 0.8852 0.5280 0.8614 0.8639 0.8395
43 0.8989 0.4695 0.8732 0.8721 0.8466
44 0.9016 0.4575 0.8774 0.8793 0.8549
45 0.8992 0.4646 0.8764 0.8814 0.8556
46 0.9002 0.4742 0.8773 0.8773 0.8512
47 0.8955 0.5143 0.8705 0.8668 0.8389
48 0.8956 0.5211 0.8712 0.8760 0.8476
49 0.8829 0.5947 0.8551 0.8704 0.8394
50 0.8615 0.7150 0.8328 0.8489 0.8209
51 0.8821 0.5914 0.8559 0.8698 0.8434
52 0.8989 0.5619 0.8738 0.8776 0.8511
53 0.8944 0.5713 0.8705 0.8809 0.8551
54 0.9022 0.5246 0.8796 0.8799 0.8541
55 0.9074 0.5059 0.8860 0.8830 0.8570
56 0.9048 0.5181 0.8837 0.8854 0.8570
57 0.9039 0.5411 0.8827 0.8855 0.8574
58 0.8963 0.5983 0.8758 0.8753 0.8501
59 0.8913 0.6694 0.8637 0.8634 0.8385
60 0.8818 0.7291 0.8550 0.8519 0.8207
61 0.8880 0.6932 0.8632 0.8763 0.8486
62 0.8992 0.6238 0.8797 0.8819 0.8570
63 0.9081 0.5622 0.8858 0.8868 0.8595
64 0.9152 0.5498 0.8935 0.8820 0.8557
65 0.9146 0.5528 0.8932 0.8850 0.8604
66 0.9126 0.5611 0.8901 0.8891 0.8621
67 0.9054 0.6270 0.8835 0.8799 0.8514
68 0.8990 0.6790 0.8766 0.8681 0.8411
69 0.8941 0.7185 0.8695 0.8743 0.8466
70 0.8933 0.7416 0.8718 0.8624 0.8352
71 0.8964 0.7204 0.8746 0.8684 0.8389
72 0.8949 0.7342 0.8742 0.8711 0.8424
73 0.9148 0.6219 0.8939 0.8790 0.8549
74 0.9122 0.6347 0.8922 0.8857 0.8595
75 0.9125 0.6175 0.8892 0.8818 0.8577
76 0.9171 0.5822 0.8968 0.8826 0.8572
77 0.9112 0.6340 0.8912 0.8788 0.8535
78 0.9044 0.7152 0.8831 0.8761 0.8515
79 0.8964 0.7948 0.8750 0.8761 0.8439
80 0.8931 0.8483 0.8683 0.8704 0.8462
81 0.8836 0.9263 0.8577 0.8696 0.8407
82 0.9047 0.7712 0.8839 0.8758 0.8493
83 0.9050 0.7500 0.8832 0.8789 0.8554
84 0.9172 0.6539 0.8976 0.8864 0.8584
85 0.9223 0.6387 0.9038 0.8854 0.8589
86 0.9149 0.6809 0.8938 0.8828 0.8550
87 0.9081 0.7421 0.8876 0.8827 0.8565
88 0.9043 0.7962 0.8809 0.8792 0.8540
89 0.9001 0.8353 0.8781 0.8643 0.8350
90 0.8835 0.9780 0.8604 0.8683 0.8381
91 0.8962 0.9166 0.8733 0.8689 0.8460
92 0.8977 0.8526 0.8727 0.8752 0.8502
93 0.9132 0.7654 0.8914 0.8769 0.8546
94 0.9153 0.7350 0.8957 0.8816 0.8547
95 0.9251 0.6584 0.9070 0.8817 0.8561
96 0.9200 0.7076 0.8991 0.8830 0.8581
97 0.9174 0.7325 0.8985 0.8837 0.8575
98 0.9015 0.8903 0.8790 0.8746 0.8494
99 0.8988 0.9359 0.8779 0.8837 0.8594
100 0.9051 0.8765 0.8849 0.8813 0.8531
101 0.9086 0.8340 0.8886 0.8822 0.8565
102 0.9228 0.7413 0.9027 0.8810 0.8544
103 0.9269 0.6832 0.9080 0.8851 0.8611
104 0.9150 0.7348 0.8933 0.8869 0.8604
105 0.9170 0.7264 0.8949 0.8870 0.8612
106 0.9224 0.7071 0.9057 0.8869 0.8615
107 0.9180 0.7194 0.8981 0.8914 0.8661
108 0.9202 0.7245 0.9014 0.8888 0.8644
109 0.9229 0.7026 0.9043 0.8855 0.8568
110 0.9151 0.7811 0.8953 0.8780 0.8534
111 0.9149 0.7811 0.8951 0.8850 0.8568
112 0.9192 0.7141 0.9009 0.8880 0.8596
113 0.9167 0.7236 0.8963 0.8899 0.8640
114 0.9300 0.6086 0.9127 0.8911 0.8654
115 0.9282 0.6495 0.9089 0.8949 0.8691
116 0.9270 0.6463 0.9086 0.8911 0.8656
117 0.9258 0.6520 0.9063 0.8903 0.8666
118 0.9312 0.6181 0.9147 0.8839 0.8601
119 0.9219 0.7216 0.9025 0.8803 0.8579
120 0.9191 0.7403 0.9006 0.8790 0.8518
121 0.9237 0.6976 0.9042 0.8856 0.8604
122 0.9277 0.6729 0.9102 0.8939 0.8689
123 0.9272 0.6563 0.9100 0.9005 0.8735
124 0.9251 0.6467 0.9057 0.8982 0.8726
125 0.9293 0.6439 0.9104 0.8972 0.8735
126 0.9262 0.6216 0.9086 0.8963 0.8690
127 0.9271 0.6443 0.9104 0.8891 0.8641
128 0.9230 0.6887 0.9027 0.8922 0.8656
129 0.9165 0.7326 0.8952 0.8914 0.8645
130 0.9215 0.6862 0.9025 0.8949 0.8686
131 0.9216 0.7065 0.9001 0.8914 0.8668
132 0.9279 0.6364 0.9079 0.8896 0.8645
133 0.9280 0.6518 0.9087 0.8914 0.8687
134 0.9264 0.6230 0.9072 0.8877 0.8642
135 0.9284 0.6156 0.9092 0.8889 0.8642
136 0.9302 0.5813 0.9110 0.8932 0.8700
137 0.9309 0.6021 0.9135 0.8923 0.8674
138 0.9287 0.6204 0.9128 0.8909 0.8650
139 0.9287 0.6301 0.9110 0.8836 0.8592
140 0.9294 0.6338 0.9132 0.8855 0.8614
141 0.9261 0.6679 0.9087 0.8918 0.8669
142 0.9288 0.6384 0.9135 0.8918 0.8666
143 0.9199 0.6936 0.9001 0.8925 0.8665
144 0.9326 0.5994 0.9148 0.8909 0.8641
145 0.9292 0.6080 0.9135 0.8916 0.8661
146 0.9323 0.5937 0.9144 0.8909 0.8656
147 0.9322 0.5827 0.9162 0.8960 0.8721
148 0.9354 0.5761 0.9186 0.8945 0.8684
149 0.9252 0.6635 0.9061 0.8922 0.8690
150 0.9201 0.7015 0.9024 0.8821 0.8579
151 0.9251 0.6788 0.9071 0.8934 0.8675
152 0.9297 0.6257 0.9100 0.8869 0.8637
153 0.9356 0.5967 0.9211 0.8931 0.8704
154 0.9319 0.6020 0.9131 0.8911 0.8677
155 0.9303 0.5995 0.9144 0.8911 0.8682
156 0.9302 0.5925 0.9131 0.8944 0.8705
157 0.9302 0.5860 0.9132 0.8962 0.8707
158 0.9249 0.6521 0.9114 0.8928 0.8670
159 0.9247 0.6578 0.9078 0.8877 0.8631
160 0.9274 0.6183 0.9087 0.8927 0.8674
161 0.9369 0.5727 0.9207 0.8932 0.8674
162 0.9363 0.5581 0.9204 0.8971 0.8725
163 0.9324 0.5813 0.9150 0.8921 0.8666
164 0.9330 0.5759 0.9171 0.8934 0.8673
165 0.9354 0.5536 0.9182 0.8956 0.8706
166 0.9326 0.5771 0.9151 0.8950 0.8704
167 0.9323 0.5844 0.9146 0.8965 0.8716
168 0.9355 0.5460 0.9195 0.8965 0.8720
169 0.9354 0.5742 0.9176 0.8953 0.8709
170 0.9334 0.5776 0.9158 0.8932 0.8666
171 0.9383 0.5251 0.9242 0.8958 0.8702
172 0.9421 0.5004 0.9273 0.8954 0.8711
173 0.9350 0.5707 0.9193 0.8954 0.8701
174 0.9387 0.5390 0.9239 0.8930 0.8695
175 0.9402 0.4983 0.9275 0.8955 0.8715
176 0.9388 0.5047 0.9238 0.8933 0.8697
177 0.9354 0.5341 0.9200 0.8940 0.8706
178 0.9350 0.5654 0.9188 0.8942 0.8691
179 0.9395 0.5181 0.9240 0.8945 0.8701
180 0.9390 0.5295 0.9245 0.8941 0.8699
181 0.9395 0.5281 0.9234 0.8930 0.8706
182 0.9390 0.5385 0.9233 0.8938 0.8695
183 0.9355 0.5467 0.9202 0.8947 0.8718
184 0.9367 0.5390 0.9209 0.8949 0.8709
185 0.9338 0.5409 0.9206 0.8942 0.8689
186 0.9407 0.5145 0.9255 0.8937 0.8700
187 0.9387 0.5056 0.9243 0.8953 0.8706
188 0.9407 0.5499 0.9259 0.8928 0.8689
189 0.9372 0.5277 0.9220 0.8937 0.8693
190 0.9366 0.5502 0.9200 0.8938 0.8685
191 0.9380 0.5427 0.9241 0.8933 0.8680
192 0.9367 0.5220 0.9213 0.8949 0.8711
193 0.9436 0.4820 0.9276 0.8971 0.8729
194 0.9378 0.5290 0.9222 0.8980 0.8734
195 0.9414 0.5138 0.9277 0.8979 0.8731
196 0.9387 0.5212 0.9237 0.8975 0.8739
197 0.9384 0.5448 0.9254 0.8926 0.8691
198 0.9409 0.5112 0.9271 0.8935 0.8695
199 0.9392 0.5196 0.9226 0.8931 0.8681
