epoch train_iou train_loss train_mAP val_iou val_mAP
0 0.6045 0.3144 0.5332 0.6887 0.6228
1 0.6962 0.2968 0.6396 0.7525 0.7043
2 0.7520 0.2898 0.7076 0.7931 0.7521
3 0.7783 0.2957 0.7363 0.8201 0.7775
4 0.8081 0.3045 0.7687 0.8234 0.7840
5 0.8272 0.2975 0.7909 0.8234 0.7875
6 0.8322 0.3287 0.7921 0.7900 0.7410
7 0.8108 0.4058 0.7725 0.7948 0.7347
8 0.8143 0.4410 0.7715 0.8221 0.7880
9 0.7959 0.5140 0.7570 0.8284 0.7930
10 0.8027 0.5512 0.7625 0.8080 0.7696
11 0.8147 0.5532 0.7764 0.8157 0.7840
12 0.8314 0.5243 0.7968 0.8323 0.7983
13 0.8452 0.5034 0.8117 0.8449 0.8132
14 0.8575 0.4663 0.8240 0.8555 0.8254
15 0.8676 0.4685 0.8341 0.8553 0.8272
16 0.8670 0.4971 0.8346 0.8523 0.8223
17 0.8571 0.5559 0.8236 0.8468 0.8168
18 0.8488 0.6295 0.8148 0.8399 0.8061
19 0.8466 0.6707 0.8133 0.8419 0.8127
20 0.8355 0.7344 0.8025 0.8502 0.8167
21 0.8512 0.7130 0.8193 0.8513 0.8218
22 0.8685 0.6535 0.8381 0.8540 0.8286
23 0.8771 0.6213 0.8468 0.8563 0.8269
24 0.8843 0.5805 0.8547 0.8678 0.8410
25 0.8919 0.5600 0.8621 0.8651 0.8381
26 0.8894 0.5891 0.8594 0.8666 0.8413
27 0.8827 0.6573 0.8535 0.8541 0.8293
28 0.8764 0.7155 0.8455 0.8558 0.8279
29 0.8648 0.8286 0.8319 0.8534 0.8282
30 0.8468 0.9593 0.8148 0.8433 0.8131
31 0.8682 0.8438 0.8364 0.8443 0.8191
32 0.8759 0.8140 0.8455 0.8582 0.8322
33 0.8803 0.7690 0.8519 0.8644 0.8374
34 0.8968 0.6936 0.8668 0.8618 0.8387
35 0.9049 0.6392 0.8783 0.8643 0.8407
36 0.9004 0.6981 0.8723 0.8626 0.8386
37 0.8938 0.7603 0.8673 0.8613 0.8344
38 0.8898 0.8287 0.8597 0.8516 0.8263
39 0.8803 0.9387 0.8493 0.8431 0.8172
40 0.8626 1.0918 0.8323 0.8493 0.8215
41 0.8755 0.9985 0.8447 0.8571 0.8349
42 0.8862 0.9254 0.8572 0.8625 0.8398
43 0.8934 0.8569 0.8665 0.8641 0.8384
44 0.9094 0.7434 0.8844 0.8685 0.8461
45 0.9090 0.7450 0.8830 0.8633 0.8411
46 0.9038 0.7873 0.8745 0.8661 0.8430
47 0.9092 0.8120 0.8823 0.8619 0.8359
48 0.8957 0.9112 0.8683 0.8671 0.8425
49 0.8874 1.0452 0.8598 0.8604 0.8295
50 0.8728 1.2279 0.8396 0.8576 0.8293
51 0.8802 1.1147 0.8517 0.8606 0.8359
52 0.8956 0.9764 0.8676 0.8525 0.8262
53 0.9064 0.8930 0.8804 0.8628 0.8405
54 0.9102 0.8024 0.8849 0.8726 0.8514
55 0.9119 0.7859 0.8876 0.8716 0.8497
56 0.9138 0.7690 0.8902 0.8648 0.8424
57 0.9130 0.7869 0.8884 0.8563 0.8339
58 0.9051 0.8677 0.8806 0.8630 0.8394
59 0.8993 0.9192 0.8741 0.8561 0.8257
60 0.8827 1.1259 0.8542 0.8631 0.8386
61 0.8938 0.9865 0.8634 0.8553 0.8242
62 0.8946 0.9706 0.8678 0.8652 0.8398
63 0.9034 0.8579 0.8813 0.8565 0.8310
64 0.9126 0.7656 0.8898 0.8642 0.8428
65 0.9185 0.7128 0.8942 0.8655 0.8441
66 0.9158 0.7278 0.8915 0.8631 0.8418
67 0.9101 0.7768 0.8863 0.8626 0.8396
68 0.9062 0.8542 0.8822 0.8697 0.8442
69 0.8921 0.9959 0.8641 0.8633 0.8369
70 0.8827 1.1446 0.8550 0.8409 0.8172
71 0.8926 1.0027 0.8646 0.8587 0.8362
72 0.8997 0.8946 0.8720 0.8635 0.8405
73 0.9043 0.8469 0.8795 0.8688 0.8459
74 0.9187 0.7190 0.8946 0.8681 0.8471
75 0.9178 0.7200 0.8954 0.8695 0.8484
76 0.9170 0.7294 0.8934 0.8680 0.8449
77 0.9171 0.7252 0.8931 0.8715 0.8501
78 0.9055 0.8526 0.8811 0.8716 0.8489
79 0.8986 0.9229 0.8735 0.8589 0.8317
80 0.8876 1.0554 0.8588 0.8538 0.8265
81 0.8950 0.9545 0.8681 0.8616 0.8403
82 0.9079 0.8132 0.8821 0.8688 0.8412
83 0.9146 0.7758 0.8914 0.8764 0.8545
84 0.9165 0.7315 0.8940 0.8727 0.8513
85 0.9208 0.6846 0.8982 0.8736 0.8534
86 0.9233 0.6852 0.9022 0.8766 0.8556
87 0.9238 0.6840 0.9017 0.8675 0.8438
88 0.9162 0.7324 0.8936 0.8756 0.8539
89 0.9089 0.8485 0.8850 0.8698 0.8466
90 0.8954 0.9593 0.8682 0.8584 0.8370
91 0.8932 0.9599 0.8671 0.8627 0.8352
92 0.9152 0.7751 0.8933 0.8614 0.8421
93 0.9174 0.7237 0.8963 0.8726 0.8511
94 0.9209 0.6817 0.8998 0.8756 0.8544
95 0.9242 0.6372 0.9028 0.8745 0.8535
96 0.9230 0.6476 0.9031 0.8685 0.8451
97 0.9145 0.7182 0.8931 0.8705 0.8459
98 0.9192 0.7071 0.8952 0.8613 0.8415
99 0.9146 0.7786 0.8894 0.8672 0.8423
100 0.9112 0.7890 0.8866 0.8608 0.8386
101 0.9130 0.7340 0.8901 0.8738 0.8510
102 0.9213 0.6813 0.9010 0.8724 0.8507
103 0.9211 0.6399 0.9007 0.8695 0.8466
104 0.9231 0.6299 0.9020 0.8695 0.8478
105 0.9314 0.5934 0.9118 0.8711 0.8494
106 0.9261 0.6115 0.9053 0.8694 0.8475
107 0.9249 0.6267 0.9025 0.8710 0.8487
108 0.9244 0.6265 0.9051 0.8772 0.8535
109 0.9238 0.6256 0.9024 0.8648 0.8439
110 0.9218 0.6430 0.9020 0.8708 0.8478
111 0.9197 0.6700 0.8992 0.8629 0.8379
112 0.9235 0.6608 0.9017 0.8724 0.8492
113 0.9282 0.6149 0.9087 0.8721 0.8520
114 0.9295 0.5920 0.9115 0.8707 0.8485
115 0.9310 0.5682 0.9121 0.8730 0.8506
116 0.9247 0.6009 0.9059 0.8774 0.8532
117 0.9285 0.5717 0.9093 0.8761 0.8518
118 0.9272 0.6009 0.9097 0.8721 0.8457
119 0.9252 0.6047 0.9063 0.8706 0.8471
120 0.9237 0.6427 0.9039 0.8694 0.8495
121 0.9221 0.6485 0.9020 0.8715 0.8492
122 0.9268 0.6116 0.9080 0.8806 0.8560
123 0.9288 0.5825 0.9116 0.8764 0.8525
124 0.9311 0.5805 0.9112 0.8830 0.8601
125 0.9303 0.5512 0.9131 0.8821 0.8581
126 0.9312 0.5802 0.9145 0.8787 0.8528
127 0.9327 0.5496 0.9157 0.8723 0.8491
128 0.9295 0.5834 0.9128 0.8763 0.8537
129 0.9258 0.6155 0.9076 0.8718 0.8467
130 0.9256 0.6368 0.9057 0.8716 0.8452
131 0.9260 0.6443 0.9069 0.8768 0.8507
132 0.9264 0.6314 0.9080 0.8702 0.8473
133 0.9296 0.6002 0.9101 0.8772 0.8567
134 0.9332 0.5597 0.9151 0.8810 0.8586
135 0.9359 0.5390 0.9189 0.8800 0.8572
136 0.9322 0.5686 0.9135 0.8795 0.8558
137 0.9331 0.5523 0.9166 0.8780 0.8539
138 0.9323 0.5706 0.9144 0.8779 0.8521
139 0.9294 0.5805 0.9110 0.8718 0.8494
140 0.9271 0.6179 0.9077 0.8702 0.8474
141 0.9286 0.6053 0.9105 0.8770 0.8557
142 0.9246 0.6131 0.9057 0.8710 0.8501
143 0.9315 0.5581 0.9147 0.8717 0.8526
144 0.9368 0.5158 0.9197 0.8809 0.8605
145 0.9310 0.5577 0.9146 0.8822 0.8622
146 0.9338 0.5301 0.9172 0.8843 0.8619
147 0.9340 0.5342 0.9185 0.8834 0.8633
148 0.9339 0.5322 0.9178 0.8853 0.8636
149 0.9248 0.6129 0.9068 0.8745 0.8539
150 0.9239 0.6306 0.9043 0.8714 0.8470
151 0.9271 0.6149 0.9100 0.8727 0.8511
152 0.9285 0.5883 0.9111 0.8701 0.8463
153 0.9337 0.5523 0.9178 0.8771 0.8543
154 0.9334 0.5360 0.9176 0.8785 0.8565
155 0.9357 0.5145 0.9200 0.8801 0.8590
156 0.9369 0.5143 0.9230 0.8752 0.8538
157 0.9294 0.5391 0.9134 0.8751 0.8538
158 0.9345 0.5393 0.9184 0.8741 0.8543
159 0.9340 0.5425 0.9171 0.8676 0.8459
160 0.9335 0.5347 0.9183 0.8744 0.8536
161 0.9359 0.5054 0.9210 0.8773 0.8558
162 0.9368 0.5039 0.9218 0.8752 0.8545
163 0.9348 0.5053 0.9219 0.8805 0.8565
164 0.9387 0.4919 0.9252 0.8776 0.8571
165 0.9362 0.5005 0.9216 0.8794 0.8570
166 0.9393 0.4852 0.9256 0.8768 0.8555
167 0.9400 0.4801 0.9245 0.8816 0.8595
168 0.9370 0.4981 0.9218 0.8796 0.8564
169 0.9368 0.4910 0.9216 0.8775 0.8548
170 0.9393 0.4872 0.9239 0.8796 0.8562
171 0.9373 0.4824 0.9229 0.8755 0.8526
172 0.9375 0.4866 0.9225 0.8757 0.8527
173 0.9408 0.4788 0.9276 0.8752 0.8522
174 0.9428 0.4562 0.9283 0.8723 0.8499
175 0.9407 0.4706 0.9269 0.8748 0.8527
176 0.9394 0.4758 0.9258 0.8763 0.8543
177 0.9404 0.4659 0.9262 0.8692 0.8472
178 0.9400 0.4737 0.9252 0.8726 0.8504
179 0.9393 0.4726 0.9245 0.8732 0.8522
180 0.9396 0.4821 0.9248 0.8773 0.8539
181 0.9404 0.4704 0.9253 0.8751 0.8534
182 0.9423 0.4582 0.9272 0.8766 0.8560
183 0.9435 0.4612 0.9291 0.8761 0.8551
184 0.9397 0.4593 0.9270 0.8773 0.8555
185 0.9408 0.4567 0.9270 0.8776 0.8556
186 0.9421 0.4471 0.9287 0.8770 0.8558
187 0.9387 0.4733 0.9237 0.8755 0.8525
188 0.9375 0.4804 0.9227 0.8785 0.8577
189 0.9386 0.4814 0.9235 0.8767 0.8556
190 0.9428 0.4547 0.9287 0.8772 0.8529
191 0.9411 0.4465 0.9281 0.8810 0.8572
192 0.9392 0.4843 0.9256 0.8798 0.8560
193 0.9413 0.4455 0.9275 0.8772 0.8541
194 0.9414 0.4608 0.9271 0.8772 0.8535
195 0.9424 0.4474 0.9270 0.8762 0.8524
196 0.9400 0.4563 0.9260 0.8780 0.8543
197 0.9432 0.4443 0.9299 0.8852 0.8631
198 0.9413 0.4534 0.9264 0.8805 0.8584
199 0.9422 0.4401 0.9294 0.8800 0.8588
