epoch train_iou train_loss train_mAP val_iou val_mAP
0 0.5843 0.3209 0.5133 0.7191 0.6775
1 0.7189 0.2713 0.6664 0.7487 0.7049
2 0.7683 0.2736 0.7257 0.7626 0.7326
3 0.7966 0.2887 0.7558 0.7860 0.7438
4 0.8151 0.2839 0.7753 0.8207 0.7879
5 0.8272 0.2903 0.7893 0.8283 0.7955
6 0.8309 0.3311 0.7934 0.8263 0.7875
7 0.8095 0.3920 0.7699 0.8253 0.7960
8 0.7968 0.4732 0.7540 0.7978 0.7652
9 0.7966 0.5034 0.7525 0.8199 0.7849
10 0.8054 0.5389 0.7675 0.8181 0.7875
11 0.8170 0.5278 0.7793 0.8091 0.7737
12 0.8344 0.5029 0.7957 0.8246 0.8008
13 0.8499 0.4793 0.8142 0.8411 0.8132
14 0.8655 0.4580 0.8299 0.8591 0.8329
15 0.8677 0.4566 0.8342 0.8592 0.8318
16 0.8713 0.4753 0.8368 0.8544 0.8316
17 0.8677 0.5118 0.8311 0.8515 0.8266
18 0.8527 0.6093 0.8159 0.8411 0.8170
19 0.8411 0.6930 0.8038 0.8357 0.8035
20 0.8312 0.7689 0.7943 0.8407 0.8132
21 0.8468 0.7049 0.8111 0.8471 0.8253
22 0.8574 0.6827 0.8228 0.8487 0.8254
23 0.8744 0.6079 0.8392 0.8641 0.8384
24 0.8816 0.5706 0.8467 0.8653 0.8402
25 0.8846 0.5664 0.8491 0.8663 0.8413
26 0.8907 0.5801 0.8570 0.8550 0.8322
27 0.8826 0.6273 0.8465 0.8450 0.8191
28 0.8721 0.7351 0.8360 0.8492 0.8264
29 0.8657 0.8172 0.8301 0.8474 0.8208
30 0.8531 0.9071 0.8179 0.8478 0.8284
31 0.8575 0.8703 0.8231 0.8673 0.8423
32 0.8713 0.8032 0.8331 0.8549 0.8337
33 0.8825 0.7468 0.8452 0.8645 0.8414
34 0.8870 0.7123 0.8522 0.8652 0.8448
35 0.8957 0.6786 0.8602 0.8640 0.8435
36 0.8940 0.7019 0.8593 0.8620 0.8406
37 0.8873 0.7839 0.8511 0.8625 0.8401
38 0.8834 0.8426 0.8486 0.8616 0.8423
39 0.8798 0.8831 0.8442 0.8333 0.8052
40 0.8619 1.0480 0.8256 0.8517 0.8283
41 0.8686 1.0198 0.8300 0.8604 0.8387
42 0.8872 0.8859 0.8518 0.8442 0.8172
43 0.8897 0.8714 0.8553 0.8678 0.8423
44 0.8944 0.7992 0.8609 0.8700 0.8470
45 0.9055 0.7594 0.8726 0.8733 0.8485
46 0.9011 0.7776 0.8690 0.8603 0.8372
47 0.8980 0.8303 0.8644 0.8742 0.8531
48 0.8934 0.9445 0.8594 0.8672 0.8494
49 0.8809 1.0578 0.8457 0.8611 0.8375
50 0.8668 1.2454 0.8314 0.8625 0.8331
51 0.8788 1.1265 0.8440 0.8634 0.8418
52 0.8786 1.1283 0.8439 0.8674 0.8469
53 0.8961 0.8992 0.8603 0.8718 0.8465
54 0.9036 0.8013 0.8705 0.8777 0.8527
55 0.9069 0.7818 0.8740 0.8752 0.8511
56 0.9065 0.8232 0.8747 0.8769 0.8542
57 0.9048 0.8235 0.8722 0.8663 0.8418
58 0.9019 0.8481 0.8701 0.8678 0.8441
59 0.8974 0.9120 0.8643 0.8611 0.8332
60 0.8792 1.1147 0.8443 0.8603 0.8365
61 0.8870 1.0077 0.8510 0.8626 0.8367
62 0.8842 0.9946 0.8474 0.8667 0.8428
63 0.9075 0.8038 0.8756 0.8721 0.8487
64 0.9074 0.7623 0.8753 0.8779 0.8554
65 0.9112 0.7378 0.8803 0.8790 0.8564
66 0.9072 0.7367 0.8738 0.8742 0.8527
67 0.9100 0.7446 0.8769 0.8746 0.8500
68 0.9041 0.8183 0.8719 0.8683 0.8480
69 0.8998 0.8730 0.8666 0.8719 0.8472
70 0.8851 1.0095 0.8531 0.8619 0.8414
71 0.8931 0.9396 0.8615 0.8683 0.8456
72 0.9046 0.8415 0.8736 0.8683 0.8451
73 0.9086 0.7862 0.8785 0.8770 0.8517
74 0.9157 0.6902 0.8851 0.8831 0.8614
75 0.9123 0.6980 0.8818 0.8810 0.8623
76 0.9166 0.6588 0.8871 0.8682 0.8463
77 0.9192 0.6688 0.8890 0.8706 0.8488
78 0.9034 0.8242 0.8730 0.8697 0.8471
79 0.8961 0.9321 0.8637 0.8650 0.8420
80 0.8800 1.0972 0.8475 0.8541 0.8308
81 0.8907 0.9684 0.8581 0.8721 0.8459
82 0.9006 0.8698 0.8687 0.8643 0.8422
83 0.9101 0.7540 0.8799 0.8739 0.8544
84 0.9138 0.7032 0.8849 0.8737 0.8554
85 0.9207 0.6335 0.8923 0.8729 0.8533
86 0.9165 0.6679 0.8871 0.8752 0.8552
87 0.9178 0.6597 0.8870 0.8687 0.8463
88 0.9117 0.7285 0.8810 0.8640 0.8388
89 0.8955 0.9316 0.8644 0.8593 0.8343
90 0.8820 1.0418 0.8496 0.8652 0.8420
91 0.8987 0.8905 0.8690 0.8597 0.8352
92 0.9063 0.7902 0.8765 0.8696 0.8480
93 0.9125 0.7359 0.8833 0.8742 0.8549
94 0.9159 0.6836 0.8874 0.8703 0.8511
95 0.9161 0.6496 0.8863 0.8724 0.8519
96 0.9201 0.6297 0.8924 0.8767 0.8597
97 0.9210 0.6273 0.8932 0.8701 0.8480
98 0.9158 0.6829 0.8873 0.8779 0.8560
99 0.9067 0.8020 0.8749 0.8628 0.8399
100 0.9093 0.7770 0.8804 0.8658 0.8435
101 0.9131 0.7112 0.8821 0.8694 0.8485
102 0.9200 0.6420 0.8917 0.8732 0.8536
103 0.9198 0.6423 0.8903 0.8639 0.8409
104 0.9202 0.6025 0.8926 0.8744 0.8529
105 0.9230 0.5833 0.8941 0.8718 0.8508
106 0.9219 0.6004 0.8924 0.8731 0.8518
107 0.9242 0.5876 0.8964 0.8706 0.8532
108 0.9247 0.5766 0.8959 0.8725 0.8487
109 0.9228 0.5935 0.8955 0.8737 0.8504
110 0.9181 0.6351 0.8906 0.8680 0.8437
111 0.9194 0.6530 0.8912 0.8738 0.8544
112 0.9236 0.6101 0.8969 0.8750 0.8534
113 0.9260 0.5752 0.8996 0.8778 0.8541
114 0.9269 0.5481 0.8996 0.8755 0.8547
115 0.9281 0.5424 0.9019 0.8771 0.8569
116 0.9275 0.5611 0.9001 0.8725 0.8499
117 0.9291 0.5286 0.9027 0.8772 0.8573
118 0.9236 0.5832 0.8949 0.8686 0.8467
119 0.9221 0.6187 0.8943 0.8722 0.8490
120 0.9205 0.6275 0.8930 0.8744 0.8548
121 0.9226 0.5984 0.8967 0.8780 0.8594
122 0.9192 0.6340 0.8912 0.8655 0.8434
123 0.9280 0.5416 0.9025 0.8809 0.8593
124 0.9285 0.5367 0.9031 0.8795 0.8570
125 0.9272 0.5337 0.9018 0.8804 0.8571
126 0.9286 0.5299 0.9027 0.8744 0.8525
127 0.9300 0.5408 0.9050 0.8773 0.8561
128 0.9269 0.5490 0.9003 0.8743 0.8526
129 0.9298 0.5303 0.9044 0.8781 0.8567
130 0.9253 0.5643 0.8979 0.8661 0.8396
131 0.9229 0.5945 0.8967 0.8668 0.8480
132 0.9259 0.5590 0.8981 0.8684 0.8467
133 0.9276 0.5413 0.9011 0.8716 0.8509
134 0.9300 0.5274 0.9036 0.8752 0.8545
135 0.9302 0.5125 0.9051 0.8737 0.8526
136 0.9308 0.5017 0.9053 0.8719 0.8510
137 0.9326 0.4906 0.9078 0.8758 0.8546
138 0.9262 0.5342 0.8998 0.8754 0.8540
139 0.9240 0.5748 0.8982 0.8682 0.8484
140 0.9262 0.5874 0.8987 0.8720 0.8509
141 0.9244 0.5746 0.9002 0.8746 0.8552
142 0.9259 0.5544 0.8994 0.8683 0.8486
143 0.9292 0.5226 0.9039 0.8759 0.8569
144 0.9307 0.5002 0.9056 0.8702 0.8502
145 0.9287 0.5147 0.9046 0.8714 0.8514
146 0.9326 0.4763 0.9082 0.8719 0.8531
147 0.9303 0.4953 0.9050 0.8818 0.8625
148 0.9308 0.4908 0.9061 0.8723 0.8517
149 0.9302 0.5321 0.9059 0.8735 0.8571
150 0.9258 0.5726 0.9007 0.8751 0.8558
151 0.9242 0.5844 0.9003 0.8709 0.8522
152 0.9239 0.6082 0.8991 0.8748 0.8549
153 0.9306 0.5048 0.9047 0.8809 0.8613
154 0.9346 0.4701 0.9100 0.8773 0.8587
155 0.9330 0.4831 0.9083 0.8837 0.8651
156 0.9355 0.4671 0.9116 0.8729 0.8542
157 0.9352 0.4627 0.9124 0.8724 0.8521
158 0.9313 0.4847 0.9073 0.8815 0.8618
159 0.9314 0.5089 0.9056 0.8684 0.8448
160 0.9336 0.4750 0.9097 0.8787 0.8581
161 0.9340 0.4799 0.9092 0.8809 0.8609
162 0.9363 0.4408 0.9138 0.8790 0.8597
163 0.9351 0.4514 0.9112 0.8819 0.8610
164 0.9364 0.4293 0.9129 0.8807 0.8601
165 0.9391 0.4374 0.9156 0.8810 0.8605
166 0.9345 0.4617 0.9128 0.8799 0.8602
167 0.9375 0.4455 0.9146 0.8796 0.8581
168 0.9362 0.4646 0.9149 0.8818 0.8623
169 0.9361 0.4475 0.9124 0.8775 0.8568
170 0.9395 0.4261 0.9171 0.8752 0.8553
171 0.9336 0.4563 0.9112 0.8749 0.8540
172 0.9390 0.4261 0.9177 0.8726 0.8505
173 0.9357 0.4563 0.9140 0.8794 0.8599
174 0.9394 0.4234 0.9186 0.8801 0.8585
175 0.9390 0.4240 0.9165 0.8776 0.8570
176 0.9395 0.4215 0.9194 0.8822 0.8600
177 0.9386 0.4234 0.9160 0.8799 0.8574
178 0.9365 0.4297 0.9149 0.8822 0.8610
179 0.9406 0.4116 0.9197 0.8826 0.8610
180 0.9396 0.4010 0.9184 0.8760 0.8555
181 0.9415 0.4260 0.9190 0.8791 0.8578
182 0.9380 0.4454 0.9158 0.8817 0.8630
183 0.9364 0.4255 0.9141 0.8803 0.8601
184 0.9384 0.4262 0.9161 0.8790 0.8576
185 0.9364 0.4088 0.9137 0.8800 0.8594
186 0.9416 0.4066 0.9200 0.8799 0.8594
187 0.9379 0.4240 0.9156 0.8806 0.8594
188 0.9355 0.4286 0.9126 0.8816 0.8614
189 0.9387 0.4199 0.9164 0.8827 0.8621
190 0.9402 0.4042 0.9194 0.8804 0.8605
191 0.9416 0.3913 0.9206 0.8769 0.8567
192 0.9391 0.3960 0.9185 0.8756 0.8554
193 0.9365 0.4095 0.9154 0.8797 0.8596
194 0.9409 0.3920 0.9181 0.8811 0.8595
195 0.9413 0.3996 0.9205 0.8785 0.8577
196 0.9393 0.4003 0.9189 0.8807 0.8614
197 0.9414 0.4080 0.9210 0.8804 0.8596
198 0.9380 0.4015 0.9169 0.8813 0.8598
199 0.9380 0.4094 0.9164 0.8789 0.8593
