epoch train_iou train_loss train_mAP val_iou val_mAP
0 0.5508 0.1641 0.4750 0.6889 0.6311
1 0.7007 0.1489 0.6472 0.7464 0.6909
2 0.7498 0.1569 0.7009 0.7452 0.6975
3 0.7811 0.1580 0.7389 0.7852 0.7419
4 0.8146 0.1594 0.7751 0.8078 0.7667
5 0.8309 0.1651 0.7929 0.8212 0.7809
6 0.8190 0.1847 0.7804 0.8107 0.7691
7 0.8057 0.2267 0.7652 0.8073 0.7675
8 0.8084 0.2555 0.7692 0.7938 0.7546
9 0.8080 0.2822 0.7688 0.7867 0.7411
10 0.8013 0.2901 0.7621 0.7932 0.7506
11 0.8053 0.3065 0.7681 0.8160 0.7806
12 0.8242 0.2895 0.7906 0.8244 0.7867
13 0.8462 0.2730 0.8152 0.8275 0.7982
14 0.8535 0.2705 0.8213 0.8442 0.8111
15 0.8687 0.2596 0.8405 0.8454 0.8137
16 0.8626 0.2858 0.8303 0.8460 0.8176
17 0.8669 0.3005 0.8384 0.8470 0.8117
18 0.8499 0.3571 0.8172 0.8171 0.7855
19 0.8440 0.3829 0.8116 0.8103 0.7764
20 0.8337 0.4320 0.8018 0.8255 0.7882
21 0.8461 0.4124 0.8169 0.8324 0.7999
22 0.8597 0.3848 0.8285 0.8445 0.8164
23 0.8713 0.3491 0.8465 0.8411 0.8151
24 0.8865 0.3362 0.8589 0.8525 0.8296
25 0.8822 0.3396 0.8570 0.8561 0.8305
26 0.8743 0.3728 0.8468 0.8605 0.8329
27 0.8884 0.3490 0.8643 0.8540 0.8295
28 0.8692 0.4062 0.8438 0.8344 0.8052
29 0.8717 0.4340 0.8456 0.8493 0.8181
30 0.8584 0.4964 0.8309 0.8412 0.8106
31 0.8613 0.4802 0.8324 0.8388 0.8084
32 0.8809 0.4244 0.8514 0.8614 0.8334
33 0.8878 0.4022 0.8630 0.8582 0.8314
34 0.8913 0.4075 0.8662 0.8649 0.8381
35 0.8866 0.4175 0.8593 0.8659 0.8397
36 0.8930 0.4294 0.8652 0.8634 0.8346
37 0.8962 0.4188 0.8732 0.8622 0.8369
38 0.8880 0.4451 0.8635 0.8579 0.8273
39 0.8779 0.5067 0.8513 0.8563 0.8279
40 0.8733 0.5675 0.8489 0.8569 0.8283
41 0.8740 0.5684 0.8485 0.8401 0.8139
42 0.8877 0.5051 0.8601 0.8585 0.8295
43 0.8920 0.5032 0.8673 0.8620 0.8350
44 0.8987 0.4762 0.8756 0.8677 0.8404
45 0.9049 0.4575 0.8831 0.8691 0.8424
46 0.9096 0.4401 0.8847 0.8685 0.8430
47 0.8999 0.4753 0.8784 0.8604 0.8341
48 0.9009 0.5139 0.8790 0.8510 0.8266
49 0.8862 0.5829 0.8587 0.8457 0.8201
50 0.8682 0.6849 0.8420 0.8451 0.8219
51 0.8828 0.6154 0.8602 0.8560 0.8261
52 0.8916 0.5752 0.8692 0.8591 0.8334
53 0.9044 0.5213 0.8816 0.8602 0.8355
54 0.9059 0.5169 0.8828 0.8686 0.8454
55 0.9110 0.4943 0.8908 0.8669 0.8422
56 0.9098 0.5124 0.8874 0.8658 0.8442
57 0.9078 0.5495 0.8857 0.8656 0.8390
58 0.8945 0.6092 0.8719 0.8651 0.8400
59 0.8915 0.6430 0.8682 0.8544 0.8300
60 0.8888 0.6934 0.8672 0.8471 0.8165
61 0.8812 0.7119 0.8542 0.8442 0.8179
62 0.8936 0.6641 0.8708 0.8661 0.8396
63 0.9082 0.5928 0.8868 0.8713 0.8470
64 0.9123 0.5448 0.8924 0.8672 0.8419
65 0.9158 0.5429 0.8921 0.8690 0.8438
66 0.9143 0.5595 0.8931 0.8684 0.8438
67 0.9091 0.5901 0.8858 0.8685 0.8427
68 0.9025 0.6397 0.8772 0.8606 0.8363
69 0.9028 0.6736 0.8796 0.8606 0.8332
70 0.8870 0.7973 0.8605 0.8600 0.8338
71 0.8866 0.7798 0.8625 0.8475 0.8272
72 0.8959 0.7333 0.8734 0.8597 0.8359
73 0.9141 0.6362 0.8910 0.8686 0.8447
74 0.9117 0.6212 0.8898 0.8681 0.8439
75 0.9181 0.6076 0.8960 0.8686 0.8459
76 0.9151 0.6275 0.8963 0.8633 0.8391
77 0.9125 0.6524 0.8924 0.8683 0.8434
78 0.9131 0.6499 0.8921 0.8634 0.8416
79 0.8984 0.7769 0.8749 0.8694 0.8430
80 0.9006 0.8006 0.8785 0.8567 0.8307
81 0.9014 0.7955 0.8810 0.8576 0.8330
82 0.9047 0.7632 0.8843 0.8569 0.8351
83 0.9072 0.7266 0.8863 0.8657 0.8415
84 0.9186 0.6399 0.8982 0.8744 0.8511
85 0.9182 0.6584 0.8963 0.8755 0.8520
86 0.9171 0.6365 0.8963 0.8771 0.8534
87 0.9102 0.7170 0.8882 0.8733 0.8502
88 0.9063 0.7752 0.8832 0.8703 0.8442
89 0.9042 0.8144 0.8834 0.8603 0.8356
90 0.8927 0.9396 0.8690 0.8623 0.8436
91 0.9060 0.8276 0.8853 0.8650 0.8420
92 0.9094 0.7918 0.8873 0.8723 0.8475
93 0.9165 0.7445 0.8944 0.8754 0.8530
94 0.9121 0.7574 0.8881 0.8761 0.8532
95 0.9163 0.7205 0.8952 0.8769 0.8544
96 0.9301 0.6289 0.9121 0.8767 0.8527
97 0.9172 0.7408 0.8974 0.8713 0.8455
98 0.9111 0.7979 0.8916 0.8740 0.8497
99 0.9097 0.8460 0.8880 0.8733 0.8499
100 0.9140 0.8160 0.8939 0.8644 0.8422
101 0.9164 0.7820 0.8973 0.8778 0.8541
102 0.9155 0.7635 0.8959 0.8756 0.8546
103 0.9180 0.7042 0.9007 0.8779 0.8554
104 0.9250 0.6861 0.9071 0.8743 0.8520
105 0.9221 0.7088 0.9007 0.8748 0.8532
106 0.9239 0.6662 0.9047 0.8796 0.8579
107 0.9245 0.6751 0.9062 0.8716 0.8478
108 0.9212 0.7192 0.9015 0.8753 0.8524
109 0.9244 0.7053 0.9057 0.8733 0.8489
110 0.9222 0.7035 0.9003 0.8767 0.8519
111 0.9274 0.6754 0.9092 0.8756 0.8521
112 0.9244 0.7000 0.9069 0.8768 0.8527
113 0.9262 0.6701 0.9083 0.8802 0.8553
114 0.9268 0.6480 0.9118 0.8785 0.8574
115 0.9354 0.5939 0.9190 0.8795 0.8586
116 0.9237 0.6684 0.9029 0.8804 0.8570
117 0.9289 0.6315 0.9086 0.8754 0.8517
118 0.9259 0.6623 0.9086 0.8749 0.8551
119 0.9290 0.6442 0.9112 0.8747 0.8530
120 0.9256 0.6908 0.9060 0.8718 0.8509
121 0.9229 0.6876 0.9039 0.8687 0.8468
122 0.9258 0.6645 0.9087 0.8755 0.8536
123 0.9290 0.6490 0.9103 0.8771 0.8562
124 0.9256 0.6578 0.9081 0.8810 0.8570
125 0.9253 0.6377 0.9070 0.8794 0.8559
126 0.9296 0.6204 0.9103 0.8807 0.8580
127 0.9330 0.6039 0.9151 0.8757 0.8531
128 0.9302 0.6136 0.9130 0.8700 0.8474
129 0.9259 0.6505 0.9085 0.8743 0.8501
130 0.9219 0.7152 0.9032 0.8793 0.8564
131 0.9235 0.6925 0.9038 0.8760 0.8540
132 0.9264 0.6720 0.9072 0.8737 0.8509
133 0.9293 0.6307 0.9121 0.8773 0.8556
134 0.9350 0.5610 0.9207 0.8818 0.8589
135 0.9376 0.5614 0.9217 0.8797 0.8586
136 0.9368 0.5855 0.9206 0.8768 0.8544
137 0.9383 0.5551 0.9229 0.8788 0.8586
138 0.9304 0.6307 0.9125 0.8744 0.8519
139 0.9266 0.6754 0.9082 0.8744 0.8525
140 0.9257 0.6490 0.9097 0.8759 0.8530
141 0.9225 0.7102 0.9036 0.8703 0.8465
142 0.9351 0.6121 0.9188 0.8746 0.8501
143 0.9221 0.6748 0.9008 0.8792 0.8545
144 0.9302 0.6245 0.9122 0.8748 0.8525
145 0.9334 0.5878 0.9144 0.8741 0.8512
146 0.9361 0.5914 0.9195 0.8800 0.8564
147 0.9344 0.5837 0.9180 0.8791 0.8565
148 0.9364 0.5841 0.9202 0.8720 0.8502
149 0.9270 0.6462 0.9064 0.8791 0.8550
150 0.9231 0.7176 0.9047 0.8704 0.8503
151 0.9301 0.6108 0.9134 0.8702 0.8442
152 0.9310 0.6051 0.9135 0.8791 0.8530
153 0.9321 0.6018 0.9158 0.8775 0.8550
154 0.9310 0.6002 0.9125 0.8788 0.8561
155 0.9310 0.6202 0.9123 0.8779 0.8553
156 0.9354 0.5599 0.9177 0.8826 0.8591
157 0.9311 0.6052 0.9146 0.8756 0.8515
158 0.9341 0.5825 0.9162 0.8798 0.8575
159 0.9287 0.6481 0.9102 0.8746 0.8520
160 0.9328 0.6027 0.9160 0.8777 0.8526
161 0.9362 0.5598 0.9195 0.8817 0.8567
162 0.9355 0.5829 0.9193 0.8800 0.8561
163 0.9419 0.5393 0.9279 0.8783 0.8535
164 0.9371 0.5524 0.9203 0.8819 0.8580
165 0.9407 0.5213 0.9273 0.8819 0.8571
166 0.9376 0.5343 0.9223 0.8803 0.8555
167 0.9332 0.5770 0.9153 0.8787 0.8544
168 0.9396 0.5283 0.9245 0.8761 0.8524
169 0.9384 0.5468 0.9227 0.8787 0.8562
170 0.9342 0.5665 0.9169 0.8806 0.8571
171 0.9381 0.5322 0.9202 0.8789 0.8544
172 0.9438 0.4956 0.9301 0.8793 0.8539
173 0.9409 0.5293 0.9267 0.8762 0.8511
174 0.9385 0.5301 0.9235 0.8810 0.8565
175 0.9429 0.5113 0.9287 0.8812 0.8570
176 0.9385 0.5213 0.9232 0.8794 0.8561
177 0.9378 0.5368 0.9219 0.8825 0.8581
178 0.9394 0.5141 0.9252 0.8771 0.8539
179 0.9429 0.5058 0.9283 0.8793 0.8550
180 0.9383 0.5359 0.9216 0.8775 0.8546
181 0.9346 0.5467 0.9193 0.8797 0.8560
182 0.9379 0.5330 0.9226 0.8818 0.8581
183 0.9387 0.5113 0.9225 0.8811 0.8585
184 0.9399 0.5260 0.9247 0.8807 0.8584
185 0.9376 0.5523 0.9210 0.8798 0.8575
186 0.9383 0.5570 0.9220 0.8787 0.8556
187 0.9391 0.5282 0.9233 0.8787 0.8562
188 0.9459 0.4632 0.9328 0.8789 0.8552
189 0.9401 0.5306 0.9237 0.8778 0.8560
190 0.9421 0.4936 0.9278 0.8816 0.8577
191 0.9386 0.5254 0.9249 0.8797 0.8565
192 0.9379 0.5270 0.9246 0.8826 0.8590
193 0.9407 0.4989 0.9263 0.8828 0.8590
194 0.9444 0.5069 0.9302 0.8819 0.8587
195 0.9393 0.4950 0.9248 0.8810 0.8579
196 0.9439 0.4738 0.9307 0.8803 0.8560
197 0.9404 0.5067 0.9252 0.8795 0.8571
198 0.9422 0.4997 0.9272 0.8777 0.8557
199 0.9442 0.4903 0.9293 0.8824 0.8583
