epoch train_iou train_loss train_mAP val_iou val_mAP
0 0.6374 0.2663 0.5628 0.7344 0.6793
1 0.7165 0.2448 0.6604 0.7761 0.7259
2 0.7731 0.2419 0.7208 0.8020 0.7610
3 0.8007 0.2675 0.7526 0.8264 0.7864
4 0.8254 0.2546 0.7877 0.8399 0.8021
5 0.8233 0.2896 0.7773 0.8402 0.8034
6 0.8346 0.3174 0.7941 0.8422 0.8059
7 0.8218 0.3642 0.7804 0.8348 0.7980
8 0.8203 0.3997 0.7766 0.8275 0.7849
9 0.8353 0.3957 0.7944 0.8292 0.8012
10 0.8314 0.4578 0.7914 0.8328 0.7995
11 0.8419 0.4393 0.8068 0.8311 0.8006
12 0.8506 0.4486 0.8187 0.8487 0.8179
13 0.8565 0.4379 0.8258 0.8531 0.8220
14 0.8674 0.4291 0.8368 0.8646 0.8370
15 0.8778 0.4223 0.8468 0.8669 0.8382
16 0.8832 0.4341 0.8558 0.8618 0.8347
17 0.8783 0.4743 0.8467 0.8602 0.8350
18 0.8671 0.5439 0.8385 0.8562 0.8275
19 0.8568 0.6114 0.8273 0.8360 0.8101
20 0.8620 0.6285 0.8270 0.8518 0.8196
21 0.8700 0.6071 0.8387 0.8547 0.8279
22 0.8731 0.5887 0.8430 0.8619 0.8354
23 0.8813 0.5836 0.8559 0.8646 0.8380
24 0.8816 0.5957 0.8541 0.8673 0.8426
25 0.8915 0.5587 0.8671 0.8677 0.8425
26 0.8961 0.5637 0.8710 0.8720 0.8474
27 0.8797 0.6642 0.8517 0.8706 0.8443
28 0.8822 0.6764 0.8527 0.8587 0.8294
29 0.8839 0.7231 0.8581 0.8612 0.8354
30 0.8721 0.7756 0.8412 0.8598 0.8334
31 0.8707 0.7893 0.8422 0.8695 0.8422
32 0.8843 0.7438 0.8587 0.8670 0.8419
33 0.8916 0.7014 0.8645 0.8724 0.8489
34 0.8991 0.6950 0.8755 0.8794 0.8555
35 0.9086 0.6363 0.8849 0.8775 0.8528
36 0.8996 0.7213 0.8743 0.8803 0.8537
37 0.8998 0.7225 0.8769 0.8740 0.8504
38 0.9025 0.7368 0.8785 0.8729 0.8474
39 0.8788 0.9025 0.8506 0.8737 0.8461
40 0.8902 0.8529 0.8637 0.8666 0.8434
41 0.8766 0.9615 0.8481 0.8689 0.8416
42 0.8902 0.8924 0.8627 0.8726 0.8489
43 0.8972 0.8443 0.8713 0.8765 0.8532
44 0.9074 0.7501 0.8827 0.8789 0.8561
45 0.9044 0.8130 0.8819 0.8816 0.8586
46 0.9118 0.7638 0.8872 0.8795 0.8572
47 0.9057 0.8180 0.8823 0.8791 0.8526
48 0.9100 0.8141 0.8852 0.8592 0.8339
49 0.8953 0.9865 0.8699 0.8746 0.8485
50 0.8913 1.0287 0.8670 0.8671 0.8404
51 0.8949 0.9976 0.8670 0.8749 0.8477
52 0.9027 0.8982 0.8788 0.8791 0.8550
53 0.9118 0.8222 0.8902 0.8800 0.8537
54 0.9059 0.8607 0.8808 0.8826 0.8585
55 0.9071 0.8465 0.8841 0.8865 0.8620
56 0.9134 0.7896 0.8926 0.8836 0.8582
57 0.9092 0.8344 0.8869 0.8858 0.8635
58 0.9115 0.8651 0.8897 0.8760 0.8505
59 0.9066 0.8705 0.8818 0.8824 0.8559
60 0.8980 0.9332 0.8730 0.8820 0.8550
61 0.9058 0.9049 0.8820 0.8790 0.8605
62 0.9093 0.8440 0.8883 0.8759 0.8553
63 0.9102 0.8337 0.8850 0.8848 0.8633
64 0.9197 0.7333 0.8986 0.8853 0.8636
65 0.9181 0.7619 0.8977 0.8869 0.8656
66 0.9186 0.7419 0.8993 0.8860 0.8645
67 0.9064 0.8378 0.8850 0.8829 0.8622
68 0.9162 0.7911 0.8946 0.8834 0.8622
69 0.9084 0.8789 0.8824 0.8782 0.8539
70 0.8967 0.9507 0.8725 0.8724 0.8504
71 0.9039 0.8859 0.8805 0.8706 0.8449
72 0.9069 0.8714 0.8838 0.8753 0.8542
73 0.9111 0.8069 0.8882 0.8838 0.8630
74 0.9194 0.7250 0.8980 0.8850 0.8659
75 0.9196 0.7347 0.9004 0.8858 0.8658
76 0.9235 0.7177 0.9036 0.8838 0.8632
77 0.9100 0.8179 0.8888 0.8850 0.8656
78 0.9160 0.7716 0.8942 0.8831 0.8615
79 0.9108 0.8196 0.8906 0.8785 0.8539
80 0.9120 0.8668 0.8907 0.8733 0.8509
81 0.9083 0.8721 0.8857 0.8870 0.8656
82 0.9121 0.8185 0.8923 0.8855 0.8636
83 0.9202 0.7425 0.8997 0.8872 0.8677
84 0.9235 0.6928 0.9055 0.8873 0.8687
85 0.9248 0.6790 0.9058 0.8854 0.8670
86 0.9274 0.6585 0.9084 0.8864 0.8670
87 0.9181 0.7552 0.8967 0.8866 0.8660
88 0.9201 0.7497 0.9010 0.8883 0.8678
89 0.9118 0.8296 0.8889 0.8765 0.8544
90 0.9055 0.8677 0.8817 0.8650 0.8401
91 0.9103 0.8412 0.8872 0.8789 0.8546
92 0.9128 0.7957 0.8908 0.8825 0.8625
93 0.9209 0.7359 0.9012 0.8833 0.8637
94 0.9263 0.6902 0.9077 0.8882 0.8694
95 0.9284 0.6507 0.9113 0.8849 0.8677
96 0.9245 0.6757 0.9051 0.8881 0.8690
97 0.9254 0.7006 0.9060 0.8895 0.8685
98 0.9198 0.7296 0.8985 0.8820 0.8616
99 0.9153 0.7849 0.8952 0.8687 0.8465
100 0.9177 0.7607 0.8976 0.8820 0.8619
101 0.9238 0.6967 0.9052 0.8825 0.8623
102 0.9288 0.6527 0.9107 0.8924 0.8697
103 0.9299 0.6385 0.9126 0.8926 0.8718
104 0.9289 0.6412 0.9107 0.8930 0.8732
105 0.9312 0.6193 0.9144 0.8920 0.8722
106 0.9283 0.6484 0.9098 0.8935 0.8738
107 0.9272 0.6443 0.9096 0.8860 0.8654
108 0.9255 0.6880 0.9071 0.8873 0.8677
109 0.9247 0.6921 0.9046 0.8885 0.8679
110 0.9301 0.6539 0.9130 0.8845 0.8635
111 0.9290 0.6571 0.9119 0.8881 0.8675
112 0.9309 0.6387 0.9141 0.8859 0.8664
113 0.9312 0.6308 0.9136 0.8882 0.8670
114 0.9327 0.6027 0.9175 0.8905 0.8716
115 0.9312 0.6048 0.9150 0.8902 0.8706
116 0.9294 0.6528 0.9110 0.8903 0.8705
117 0.9347 0.5921 0.9172 0.8901 0.8692
118 0.9340 0.6010 0.9149 0.8911 0.8702
119 0.9340 0.6132 0.9173 0.8889 0.8677
120 0.9268 0.6505 0.9079 0.8898 0.8700
121 0.9327 0.6340 0.9156 0.8883 0.8680
122 0.9359 0.5955 0.9168 0.8887 0.8676
123 0.9281 0.6403 0.9104 0.8890 0.8702
124 0.9337 0.5850 0.9159 0.8929 0.8737
125 0.9388 0.5449 0.9234 0.8908 0.8711
126 0.9368 0.5643 0.9218 0.8893 0.8701
127 0.9386 0.5503 0.9234 0.8937 0.8743
128 0.9381 0.5778 0.9218 0.8869 0.8681
129 0.9265 0.6457 0.9083 0.8874 0.8687
130 0.9314 0.6070 0.9137 0.8913 0.8698
131 0.9311 0.6274 0.9140 0.8909 0.8695
132 0.9350 0.5911 0.9189 0.8906 0.8714
133 0.9376 0.5512 0.9206 0.8945 0.8736
134 0.9352 0.5774 0.9177 0.8947 0.8742
135 0.9376 0.5553 0.9252 0.8925 0.8731
136 0.9360 0.5648 0.9210 0.8938 0.8755
137 0.9413 0.5339 0.9272 0.8952 0.8757
138 0.9297 0.6119 0.9131 0.8938 0.8734
139 0.9293 0.6108 0.9114 0.8960 0.8747
140 0.9260 0.6571 0.9090 0.8939 0.8725
141 0.9328 0.5879 0.9169 0.8897 0.8684
142 0.9296 0.6286 0.9131 0.8959 0.8746
143 0.9354 0.5971 0.9199 0.8969 0.8771
144 0.9422 0.5230 0.9286 0.8977 0.8779
145 0.9409 0.5236 0.9270 0.8980 0.8784
146 0.9396 0.5394 0.9267 0.8962 0.8791
147 0.9398 0.5430 0.9242 0.8930 0.8720
148 0.9357 0.5805 0.9204 0.8928 0.8721
149 0.9368 0.5773 0.9189 0.8954 0.8755
150 0.9341 0.6041 0.9195 0.8903 0.8684
151 0.9373 0.5585 0.9208 0.8921 0.8705
152 0.9336 0.6063 0.9180 0.8954 0.8737
153 0.9330 0.5791 0.9182 0.8925 0.8729
154 0.9442 0.5005 0.9303 0.8931 0.8734
155 0.9447 0.4848 0.9318 0.8941 0.8749
156 0.9368 0.5403 0.9237 0.8947 0.8759
157 0.9370 0.5477 0.9222 0.8925 0.8735
158 0.9374 0.5574 0.9230 0.8912 0.8700
159 0.9331 0.5832 0.9161 0.8911 0.8711
160 0.9401 0.5442 0.9248 0.8920 0.8741
161 0.9390 0.5372 0.9254 0.8956 0.8779
162 0.9438 0.5100 0.9311 0.8952 0.8776
163 0.9415 0.5182 0.9292 0.8967 0.8791
164 0.9427 0.5136 0.9281 0.8955 0.8767
165 0.9425 0.5105 0.9302 0.8966 0.8786
166 0.9440 0.5044 0.9303 0.8956 0.8772
167 0.9428 0.5070 0.9290 0.8941 0.8769
168 0.9407 0.5138 0.9253 0.8968 0.8788
169 0.9421 0.5182 0.9287 0.8997 0.8819
170 0.9373 0.5384 0.9228 0.8978 0.8789
171 0.9406 0.5319 0.9272 0.8938 0.8756
172 0.9458 0.4748 0.9337 0.8977 0.8795
173 0.9426 0.4991 0.9270 0.8948 0.8769
174 0.9437 0.5056 0.9318 0.8969 0.8785
175 0.9447 0.4734 0.9314 0.8979 0.8796
176 0.9430 0.5058 0.9281 0.8990 0.8803
177 0.9448 0.4820 0.9322 0.8989 0.8804
178 0.9452 0.4755 0.9308 0.8971 0.8795
179 0.9415 0.5151 0.9263 0.8956 0.8760
180 0.9387 0.5308 0.9247 0.8978 0.8782
181 0.9411 0.5025 0.9275 0.8980 0.8798
182 0.9449 0.4801 0.9316 0.8996 0.8799
183 0.9478 0.4556 0.9364 0.8995 0.8801
184 0.9430 0.4950 0.9287 0.9010 0.8819
185 0.9406 0.5089 0.9278 0.8964 0.8780
186 0.9431 0.4841 0.9323 0.8954 0.8770
187 0.9443 0.4891 0.9326 0.8973 0.8779
188 0.9477 0.4861 0.9353 0.8972 0.8768
189 0.9428 0.5140 0.9301 0.8964 0.8771
190 0.9415 0.4881 0.9280 0.8973 0.8793
191 0.9465 0.4652 0.9342 0.8997 0.8801
192 0.9428 0.4862 0.9303 0.8962 0.8769
193 0.9437 0.5004 0.9302 0.8974 0.8779
194 0.9484 0.4555 0.9372 0.8952 0.8759
195 0.9463 0.4812 0.9339 0.8975 0.8795
196 0.9427 0.4862 0.9302 0.8969 0.8785
197 0.9455 0.4520 0.9324 0.8968 0.8769
198 0.9494 0.4548 0.9377 0.8990 0.8799
199 0.9416 0.5166 0.9272 0.8970 0.8779
