epoch train_iou train_loss train_mAP val_iou val_mAP
0 0.6194 0.2832 0.5407 0.7157 0.6641
1 0.7327 0.2547 0.6738 0.7839 0.7371
2 0.7739 0.2627 0.7208 0.8050 0.7634
3 0.7996 0.2687 0.7506 0.8265 0.7876
4 0.8169 0.2789 0.7749 0.8268 0.7949
5 0.8234 0.2985 0.7822 0.8350 0.8029
6 0.8160 0.3359 0.7711 0.8382 0.8076
7 0.8191 0.3697 0.7761 0.8367 0.8046
8 0.8180 0.4104 0.7773 0.8331 0.7989
9 0.7987 0.4988 0.7541 0.8398 0.8084
10 0.8076 0.5091 0.7621 0.8445 0.8151
11 0.8364 0.4790 0.7989 0.8458 0.8153
12 0.8345 0.4940 0.7992 0.8505 0.8244
13 0.8583 0.4528 0.8262 0.8572 0.8281
14 0.8653 0.4497 0.8331 0.8556 0.8263
15 0.8561 0.4989 0.8229 0.8591 0.8320
16 0.8662 0.4894 0.8329 0.8550 0.8294
17 0.8577 0.5416 0.8222 0.8573 0.8282
18 0.8588 0.5562 0.8280 0.8540 0.8229
19 0.8471 0.6508 0.8139 0.8605 0.8339
20 0.8488 0.6811 0.8140 0.8507 0.8227
21 0.8528 0.6841 0.8220 0.8480 0.8225
22 0.8671 0.6315 0.8331 0.8608 0.8377
23 0.8650 0.6510 0.8321 0.8608 0.8366
24 0.8757 0.6498 0.8467 0.8672 0.8430
25 0.8791 0.6411 0.8505 0.8677 0.8418
26 0.8778 0.6516 0.8453 0.8642 0.8355
27 0.8800 0.6714 0.8508 0.8651 0.8413
28 0.8710 0.7514 0.8409 0.8619 0.8403
29 0.8562 0.8388 0.8232 0.8545 0.8266
30 0.8562 0.8793 0.8237 0.8581 0.8347
31 0.8657 0.8516 0.8384 0.8661 0.8416
32 0.8812 0.7893 0.8525 0.8669 0.8403
33 0.8955 0.6970 0.8696 0.8634 0.8385
34 0.8915 0.7364 0.8686 0.8674 0.8447
35 0.8871 0.7833 0.8611 0.8682 0.8457
36 0.8946 0.7415 0.8717 0.8708 0.8461
37 0.8882 0.8011 0.8582 0.8690 0.8429
38 0.8680 0.9664 0.8400 0.8686 0.8475
39 0.8755 0.9621 0.8470 0.8709 0.8407
40 0.8641 1.0925 0.8322 0.8523 0.8246
41 0.8695 1.0536 0.8384 0.8635 0.8380
42 0.8799 0.9927 0.8527 0.8638 0.8404
43 0.8847 0.9473 0.8571 0.8634 0.8395
44 0.8969 0.8705 0.8712 0.8717 0.8498
45 0.8856 0.9807 0.8593 0.8716 0.8506
46 0.9006 0.8586 0.8789 0.8727 0.8492
47 0.8896 0.9846 0.8617 0.8740 0.8510
48 0.8885 1.0137 0.8619 0.8716 0.8466
49 0.8902 1.0403 0.8653 0.8669 0.8450
50 0.8794 1.1475 0.8492 0.8569 0.8315
51 0.8859 1.1103 0.8609 0.8696 0.8422
52 0.8785 1.1083 0.8519 0.8642 0.8371
53 0.8933 0.9946 0.8691 0.8715 0.8512
54 0.8949 0.9817 0.8712 0.8742 0.8519
55 0.9066 0.8868 0.8833 0.8760 0.8545
56 0.9069 0.8801 0.8839 0.8710 0.8499
57 0.8958 0.9826 0.8693 0.8656 0.8438
58 0.8940 1.0090 0.8699 0.8646 0.8424
59 0.8834 1.1111 0.8562 0.8673 0.8413
60 0.8858 1.1013 0.8600 0.8648 0.8405
61 0.8851 1.0742 0.8598 0.8687 0.8466
62 0.8961 0.9814 0.8701 0.8699 0.8471
63 0.8946 0.9838 0.8712 0.8690 0.8459
64 0.8968 0.9480 0.8745 0.8680 0.8480
65 0.9118 0.8455 0.8891 0.8716 0.8514
66 0.9005 0.9050 0.8761 0.8682 0.8466
67 0.9027 0.8841 0.8792 0.8725 0.8520
68 0.9006 0.9428 0.8785 0.8690 0.8451
69 0.8968 0.9339 0.8717 0.8697 0.8461
70 0.8832 1.1042 0.8571 0.8673 0.8441
71 0.8875 1.0419 0.8638 0.8751 0.8520
72 0.8971 0.9676 0.8736 0.8704 0.8515
73 0.9012 0.9099 0.8798 0.8690 0.8490
74 0.9100 0.8514 0.8862 0.8666 0.8467
75 0.9054 0.8816 0.8848 0.8692 0.8487
76 0.9083 0.8660 0.8864 0.8725 0.8514
77 0.9072 0.8768 0.8845 0.8741 0.8536
78 0.9003 0.9234 0.8771 0.8725 0.8534
79 0.8953 0.9533 0.8706 0.8690 0.8489
80 0.8934 1.0306 0.8663 0.8722 0.8493
81 0.8945 1.0104 0.8681 0.8714 0.8525
82 0.9030 0.9266 0.8798 0.8722 0.8496
83 0.9063 0.8923 0.8821 0.8774 0.8556
84 0.9104 0.8371 0.8899 0.8788 0.8566
85 0.9083 0.8491 0.8871 0.8802 0.8582
86 0.9097 0.8083 0.8880 0.8805 0.8592
87 0.9069 0.8550 0.8851 0.8749 0.8547
88 0.9038 0.9001 0.8827 0.8714 0.8514
89 0.8981 0.9326 0.8730 0.8661 0.8429
90 0.8894 1.0352 0.8652 0.8747 0.8514
91 0.8932 1.0254 0.8704 0.8749 0.8521
92 0.9063 0.8812 0.8839 0.8739 0.8532
93 0.9117 0.8176 0.8926 0.8785 0.8576
94 0.9144 0.8194 0.8917 0.8780 0.8584
95 0.9130 0.7901 0.8925 0.8799 0.8597
96 0.9173 0.7868 0.8981 0.8811 0.8619
97 0.9112 0.8097 0.8919 0.8748 0.8537
98 0.9092 0.8441 0.8874 0.8754 0.8526
99 0.9035 0.9006 0.8803 0.8710 0.8502
100 0.8969 0.9657 0.8741 0.8802 0.8587
101 0.9137 0.8207 0.8924 0.8836 0.8621
102 0.9219 0.7444 0.9021 0.8780 0.8584
103 0.9128 0.7986 0.8911 0.8787 0.8596
104 0.9173 0.7526 0.8987 0.8836 0.8622
105 0.9176 0.7420 0.8992 0.8826 0.8609
106 0.9196 0.7182 0.8992 0.8813 0.8602
107 0.9236 0.6972 0.9039 0.8801 0.8584
108 0.9181 0.7514 0.8984 0.8781 0.8604
109 0.9076 0.8329 0.8851 0.8879 0.8643
110 0.9074 0.8476 0.8874 0.8815 0.8594
111 0.9198 0.7569 0.9011 0.8817 0.8611
112 0.9182 0.7446 0.8979 0.8797 0.8612
113 0.9256 0.6815 0.9072 0.8821 0.8631
114 0.9270 0.6714 0.9100 0.8816 0.8627
115 0.9305 0.6561 0.9149 0.8827 0.8626
116 0.9197 0.7123 0.9006 0.8854 0.8652
117 0.9246 0.6844 0.9038 0.8830 0.8626
118 0.9169 0.7483 0.8964 0.8814 0.8610
119 0.9190 0.7343 0.9010 0.8840 0.8648
120 0.9173 0.7865 0.8967 0.8785 0.8586
121 0.9174 0.7690 0.8973 0.8840 0.8640
122 0.9245 0.6967 0.9072 0.8809 0.8582
123 0.9237 0.6781 0.9043 0.8846 0.8646
124 0.9189 0.7156 0.9001 0.8870 0.8668
125 0.9293 0.6561 0.9112 0.8841 0.8639
126 0.9313 0.6331 0.9160 0.8845 0.8655
127 0.9239 0.6634 0.9057 0.8845 0.8641
128 0.9226 0.6961 0.9050 0.8844 0.8630
129 0.9208 0.6963 0.9016 0.8827 0.8612
130 0.9129 0.7808 0.8940 0.8840 0.8655
131 0.9242 0.7081 0.9063 0.8721 0.8480
132 0.9236 0.6984 0.9043 0.8856 0.8652
133 0.9245 0.6922 0.9066 0.8858 0.8654
134 0.9250 0.6781 0.9093 0.8868 0.8656
135 0.9237 0.6973 0.9059 0.8866 0.8650
136 0.9255 0.6671 0.9084 0.8900 0.8685
137 0.9322 0.6218 0.9160 0.8867 0.8661
138 0.9190 0.7216 0.9013 0.8821 0.8618
139 0.9250 0.7078 0.9060 0.8827 0.8614
140 0.9238 0.7457 0.9028 0.8786 0.8569
141 0.9253 0.6930 0.9089 0.8811 0.8615
142 0.9252 0.6892 0.9072 0.8850 0.8642
143 0.9188 0.7156 0.8996 0.8793 0.8591
144 0.9265 0.6479 0.9101 0.8848 0.8642
145 0.9242 0.6790 0.9072 0.8838 0.8636
146 0.9258 0.6621 0.9090 0.8898 0.8699
147 0.9300 0.6306 0.9128 0.8826 0.8607
148 0.9293 0.6473 0.9135 0.8851 0.8646
149 0.9249 0.6689 0.9058 0.8839 0.8602
150 0.9203 0.7039 0.9022 0.8901 0.8676
151 0.9231 0.7126 0.9041 0.8849 0.8624
152 0.9249 0.6970 0.9066 0.8882 0.8665
153 0.9284 0.6346 0.9128 0.8847 0.8637
154 0.9265 0.6510 0.9113 0.8864 0.8666
155 0.9353 0.5924 0.9198 0.8870 0.8674
156 0.9281 0.6423 0.9112 0.8846 0.8650
157 0.9315 0.6137 0.9161 0.8842 0.8634
158 0.9247 0.6479 0.9069 0.8802 0.8574
159 0.9233 0.6905 0.9061 0.8804 0.8592
160 0.9247 0.6706 0.9073 0.8839 0.8635
161 0.9309 0.6337 0.9132 0.8838 0.8629
162 0.9363 0.5815 0.9223 0.8809 0.8617
163 0.9317 0.6110 0.9170 0.8786 0.8586
164 0.9352 0.5739 0.9180 0.8799 0.8601
165 0.9332 0.6060 0.9160 0.8807 0.8596
166 0.9380 0.5829 0.9210 0.8817 0.8616
167 0.9279 0.6456 0.9122 0.8819 0.8622
168 0.9330 0.5902 0.9196 0.8827 0.8632
169 0.9320 0.5970 0.9156 0.8835 0.8632
170 0.9318 0.5988 0.9160 0.8846 0.8655
171 0.9420 0.5205 0.9282 0.8860 0.8680
172 0.9368 0.5658 0.9233 0.8867 0.8672
173 0.9344 0.5887 0.9180 0.8861 0.8662
174 0.9341 0.5976 0.9192 0.8846 0.8671
175 0.9335 0.5741 0.9189 0.8860 0.8684
176 0.9345 0.5704 0.9218 0.8855 0.8665
177 0.9334 0.5842 0.9169 0.8824 0.8641
178 0.9348 0.5921 0.9188 0.8810 0.8609
179 0.9349 0.5686 0.9200 0.8781 0.8587
180 0.9362 0.5491 0.9222 0.8828 0.8636
181 0.9309 0.6012 0.9147 0.8829 0.8650
182 0.9374 0.5580 0.9223 0.8853 0.8657
183 0.9353 0.5528 0.9227 0.8817 0.8621
184 0.9444 0.4971 0.9307 0.8862 0.8665
185 0.9390 0.5434 0.9252 0.8841 0.8649
186 0.9411 0.5290 0.9267 0.8835 0.8634
187 0.9330 0.5791 0.9186 0.8813 0.8630
188 0.9352 0.5857 0.9210 0.8843 0.8637
189 0.9362 0.5664 0.9232 0.8835 0.8649
190 0.9345 0.5546 0.9189 0.8844 0.8650
191 0.9390 0.5451 0.9226 0.8833 0.8637
192 0.9370 0.5535 0.9232 0.8831 0.8636
193 0.9339 0.5883 0.9193 0.8843 0.8639
194 0.9390 0.5314 0.9243 0.8860 0.8666
195 0.9327 0.5809 0.9171 0.8848 0.8660
196 0.9376 0.5644 0.9238 0.8832 0.8629
197 0.9409 0.5435 0.9272 0.8835 0.8637
198 0.9367 0.5557 0.9229 0.8853 0.8652
199 0.9345 0.5692 0.9192 0.8864 0.8662
