epoch train_iou train_loss train_mAP val_iou val_mAP
0 0.5654 0.1649 0.4915 0.5851 0.4987
1 0.6818 0.1566 0.6254 0.6797 0.5935
2 0.7268 0.1660 0.6774 0.7379 0.6746
3 0.7552 0.1710 0.7062 0.7736 0.7282
4 0.7789 0.1742 0.7358 0.7844 0.7406
5 0.7947 0.1850 0.7519 0.7986 0.7564
6 0.7934 0.2067 0.7556 0.8018 0.7616
7 0.7908 0.2398 0.7502 0.7937 0.7499
8 0.7635 0.2927 0.7188 0.7988 0.7584
9 0.7702 0.2989 0.7261 0.7974 0.7541
10 0.7756 0.3353 0.7312 0.8004 0.7595
11 0.7997 0.3167 0.7588 0.7860 0.7385
12 0.8100 0.3137 0.7705 0.8141 0.7808
13 0.8342 0.2983 0.7963 0.8312 0.7955
14 0.8332 0.2957 0.7948 0.8292 0.7886
15 0.8492 0.2931 0.8126 0.8336 0.7970
16 0.8453 0.3112 0.8086 0.8371 0.8021
17 0.8375 0.3449 0.8021 0.8239 0.7910
18 0.8295 0.3692 0.7957 0.7540 0.6875
19 0.8196 0.4200 0.7807 0.8219 0.7809
20 0.8126 0.4587 0.7763 0.8190 0.7805
21 0.8288 0.4303 0.7924 0.8215 0.7928
22 0.8351 0.4232 0.7982 0.8267 0.7945
23 0.8426 0.4122 0.8093 0.8322 0.7976
24 0.8630 0.3726 0.8308 0.8388 0.8020
25 0.8663 0.3665 0.8331 0.8426 0.8070
26 0.8708 0.3764 0.8402 0.8481 0.8159
27 0.8644 0.4199 0.8312 0.8372 0.8035
28 0.8561 0.4508 0.8228 0.8294 0.7969
29 0.8459 0.5042 0.8111 0.8210 0.7824
30 0.8427 0.5213 0.8095 0.8230 0.7850
31 0.8525 0.5335 0.8187 0.8260 0.7902
32 0.8591 0.4958 0.8254 0.8413 0.8097
33 0.8689 0.4645 0.8379 0.8424 0.8100
34 0.8846 0.4154 0.8544 0.8464 0.8156
35 0.8816 0.4366 0.8510 0.8446 0.8139
36 0.8838 0.4364 0.8524 0.8496 0.8166
37 0.8740 0.4920 0.8423 0.8445 0.8110
38 0.8726 0.5166 0.8386 0.8396 0.8140
39 0.8630 0.5761 0.8287 0.8424 0.8065
40 0.8488 0.6509 0.8144 0.8393 0.8060
41 0.8602 0.6077 0.8270 0.8481 0.8178
42 0.8734 0.5736 0.8405 0.8366 0.8047
43 0.8798 0.5288 0.8499 0.8470 0.8185
44 0.8914 0.4891 0.8628 0.8490 0.8225
45 0.8890 0.4946 0.8601 0.8469 0.8194
46 0.8941 0.4827 0.8617 0.8454 0.8159
47 0.8887 0.5241 0.8607 0.8423 0.8163
48 0.8845 0.5622 0.8531 0.8536 0.8185
49 0.8716 0.6604 0.8364 0.8065 0.7735
50 0.8539 0.7564 0.8217 0.8358 0.7985
51 0.8618 0.7039 0.8308 0.8461 0.8207
52 0.8783 0.6151 0.8487 0.8396 0.8096
53 0.8850 0.6023 0.8533 0.8588 0.8280
54 0.8988 0.5388 0.8672 0.8551 0.8279
55 0.9030 0.5245 0.8769 0.8543 0.8264
56 0.8976 0.5482 0.8674 0.8618 0.8313
57 0.8958 0.5816 0.8669 0.8568 0.8252
58 0.8851 0.6598 0.8579 0.8464 0.8179
59 0.8810 0.6984 0.8532 0.8379 0.8093
60 0.8704 0.7763 0.8402 0.8371 0.8156
61 0.8771 0.7238 0.8451 0.8389 0.8040
62 0.8856 0.6749 0.8566 0.8439 0.8090
63 0.8983 0.6132 0.8702 0.8514 0.8224
64 0.9037 0.5965 0.8753 0.8590 0.8312
65 0.8997 0.6082 0.8699 0.8593 0.8329
66 0.9035 0.5918 0.8774 0.8555 0.8307
67 0.8973 0.6418 0.8688 0.8587 0.8314
68 0.8961 0.6700 0.8683 0.8429 0.8166
69 0.8813 0.7889 0.8494 0.8503 0.8174
70 0.8723 0.8791 0.8405 0.8477 0.8141
71 0.8784 0.8468 0.8458 0.8481 0.8194
72 0.8881 0.7743 0.8573 0.8563 0.8270
73 0.8952 0.7178 0.8689 0.8591 0.8305
74 0.9038 0.6366 0.8779 0.8570 0.8274
75 0.9040 0.6378 0.8780 0.8630 0.8331
76 0.9039 0.6405 0.8749 0.8610 0.8311
77 0.9026 0.6569 0.8746 0.8571 0.8293
78 0.9001 0.7170 0.8733 0.8480 0.8258
79 0.8899 0.8028 0.8618 0.8490 0.8219
80 0.8752 0.9568 0.8450 0.8334 0.7991
81 0.8855 0.8971 0.8556 0.8410 0.8101
82 0.8952 0.7879 0.8660 0.8543 0.8219
83 0.8992 0.7526 0.8722 0.8530 0.8224
84 0.9012 0.7214 0.8744 0.8585 0.8321
85 0.9074 0.7003 0.8812 0.8613 0.8346
86 0.9081 0.6952 0.8818 0.8588 0.8348
87 0.9042 0.7161 0.8767 0.8567 0.8314
88 0.8942 0.8382 0.8678 0.8533 0.8215
89 0.8935 0.8710 0.8670 0.8446 0.8173
90 0.8820 1.0046 0.8532 0.8432 0.8064
91 0.8872 0.9533 0.8588 0.8562 0.8273
92 0.8980 0.8297 0.8694 0.8604 0.8320
93 0.9074 0.7725 0.8801 0.8656 0.8371
94 0.9062 0.7400 0.8778 0.8560 0.8305
95 0.9054 0.7651 0.8818 0.8664 0.8389
96 0.9108 0.7267 0.8869 0.8608 0.8340
97 0.9082 0.7861 0.8812 0.8683 0.8388
98 0.9070 0.8084 0.8803 0.8534 0.8269
99 0.8952 0.9266 0.8686 0.8373 0.8133
100 0.9006 0.9220 0.8753 0.8567 0.8281
101 0.9066 0.8109 0.8801 0.8630 0.8344
102 0.9095 0.7587 0.8849 0.8587 0.8311
103 0.9157 0.7322 0.8924 0.8575 0.8332
104 0.9147 0.7174 0.8891 0.8618 0.8359
105 0.9175 0.7241 0.8944 0.8628 0.8360
106 0.9141 0.7245 0.8886 0.8626 0.8374
107 0.9188 0.6900 0.8951 0.8604 0.8337
108 0.9118 0.7529 0.8875 0.8638 0.8367
109 0.9087 0.7819 0.8827 0.8542 0.8276
110 0.9061 0.8292 0.8800 0.8545 0.8269
111 0.9119 0.7484 0.8880 0.8590 0.8331
112 0.9134 0.7561 0.8897 0.8609 0.8334
113 0.9128 0.7326 0.8898 0.8622 0.8349
114 0.9192 0.6944 0.8952 0.8591 0.8325
115 0.9207 0.6789 0.8979 0.8631 0.8374
116 0.9241 0.6617 0.9013 0.8616 0.8350
117 0.9210 0.6773 0.8964 0.8638 0.8395
118 0.9150 0.7254 0.8902 0.8682 0.8424
119 0.9164 0.7238 0.8943 0.8639 0.8386
120 0.9096 0.7778 0.8845 0.8577 0.8290
121 0.9120 0.7359 0.8900 0.8593 0.8311
122 0.9148 0.7272 0.8914 0.8584 0.8328
123 0.9187 0.6840 0.8976 0.8599 0.8364
124 0.9218 0.6616 0.8998 0.8627 0.8389
125 0.9222 0.6447 0.8983 0.8645 0.8399
126 0.9214 0.6343 0.9013 0.8654 0.8404
127 0.9241 0.6516 0.9036 0.8581 0.8324
128 0.9231 0.6598 0.8997 0.8640 0.8391
129 0.9165 0.6881 0.8952 0.8606 0.8360
130 0.9150 0.7431 0.8921 0.8579 0.8340
131 0.9127 0.7382 0.8884 0.8566 0.8319
132 0.9196 0.6831 0.8964 0.8618 0.8369
133 0.9154 0.6970 0.8940 0.8607 0.8363
134 0.9237 0.6335 0.9022 0.8605 0.8360
135 0.9219 0.6509 0.9007 0.8611 0.8374
136 0.9274 0.6082 0.9072 0.8634 0.8388
137 0.9238 0.6331 0.9017 0.8648 0.8394
138 0.9251 0.6508 0.9039 0.8627 0.8380
139 0.9122 0.7321 0.8901 0.8612 0.8321
140 0.9126 0.7483 0.8886 0.8478 0.8205
141 0.9144 0.7337 0.8927 0.8662 0.8396
142 0.9232 0.6587 0.8999 0.8588 0.8335
143 0.9225 0.6530 0.9006 0.8593 0.8316
144 0.9245 0.6126 0.9017 0.8611 0.8356
145 0.9238 0.6357 0.9031 0.8624 0.8361
146 0.9230 0.6219 0.9032 0.8618 0.8364
147 0.9228 0.6237 0.9032 0.8646 0.8390
148 0.9179 0.6682 0.8951 0.8647 0.8394
149 0.9187 0.6892 0.8967 0.8634 0.8361
150 0.9173 0.7077 0.8962 0.8534 0.8261
151 0.9220 0.6580 0.9011 0.8575 0.8320
152 0.9262 0.6458 0.9046 0.8642 0.8379
153 0.9238 0.6593 0.9027 0.8669 0.8409
154 0.9258 0.6149 0.9057 0.8661 0.8422
155 0.9262 0.5919 0.9082 0.8664 0.8420
156 0.9266 0.6038 0.9074 0.8685 0.8451
157 0.9298 0.6094 0.9105 0.8662 0.8392
158 0.9253 0.6130 0.9069 0.8625 0.8371
159 0.9185 0.7114 0.8985 0.8661 0.8421
160 0.9244 0.6365 0.9038 0.8632 0.8369
161 0.9238 0.6234 0.9038 0.8637 0.8379
162 0.9244 0.6202 0.9045 0.8640 0.8372
163 0.9285 0.5920 0.9071 0.8707 0.8445
164 0.9271 0.5854 0.9081 0.8703 0.8447
165 0.9307 0.5640 0.9101 0.8712 0.8457
166 0.9278 0.5806 0.9077 0.8641 0.8400
167 0.9278 0.5761 0.9087 0.8671 0.8417
168 0.9262 0.5840 0.9060 0.8668 0.8405
169 0.9267 0.5721 0.9080 0.8717 0.8465
170 0.9294 0.5762 0.9102 0.8672 0.8453
171 0.9249 0.5697 0.9052 0.8699 0.8432
172 0.9292 0.5684 0.9100 0.8669 0.8405
173 0.9300 0.5519 0.9104 0.8685 0.8422
174 0.9308 0.5605 0.9114 0.8706 0.8449
175 0.9294 0.5516 0.9112 0.8692 0.8447
176 0.9309 0.5617 0.9122 0.8674 0.8411
177 0.9255 0.5822 0.9067 0.8690 0.8420
178 0.9282 0.5628 0.9099 0.8690 0.8416
179 0.9275 0.5838 0.9077 0.8668 0.8415
180 0.9315 0.5656 0.9126 0.8729 0.8481
181 0.9269 0.5723 0.9079 0.8728 0.8482
182 0.9339 0.5268 0.9160 0.8698 0.8428
183 0.9313 0.5485 0.9145 0.8732 0.8490
184 0.9290 0.5520 0.9117 0.8690 0.8440
185 0.9268 0.5649 0.9075 0.8712 0.8462
186 0.9306 0.5421 0.9128 0.8702 0.8446
187 0.9332 0.5510 0.9153 0.8691 0.8442
188 0.9305 0.5516 0.9109 0.8698 0.8424
189 0.9305 0.5701 0.9117 0.8666 0.8414
190 0.9292 0.5564 0.9116 0.8727 0.8474
191 0.9334 0.5363 0.9150 0.8708 0.8461
192 0.9305 0.5611 0.9117 0.8703 0.8461
193 0.9335 0.5437 0.9152 0.8697 0.8444
194 0.9345 0.5259 0.9169 0.8696 0.8462
195 0.9316 0.5458 0.9133 0.8706 0.8471
196 0.9328 0.5509 0.9137 0.8718 0.8464
197 0.9303 0.5587 0.9109 0.8720 0.8470
198 0.9316 0.5406 0.9130 0.8725 0.8485
199 0.9314 0.5528 0.9122 0.8716 0.8476
