epoch train_iou train_loss train_mAP val_iou val_mAP
0 0.5684 0.1689 0.4925 0.6678 0.6040
1 0.6879 0.1613 0.6262 0.7334 0.6816
2 0.7355 0.1640 0.6802 0.7142 0.6745
3 0.7684 0.1683 0.7226 0.7524 0.7041
4 0.7953 0.1688 0.7532 0.7954 0.7620
5 0.8024 0.1808 0.7618 0.8008 0.7672
6 0.8141 0.1954 0.7744 0.7988 0.7593
7 0.7968 0.2392 0.7526 0.7862 0.7531
8 0.7910 0.2707 0.7471 0.7915 0.7548
9 0.7715 0.3190 0.7233 0.7356 0.6808
10 0.7915 0.3123 0.7460 0.7914 0.7501
11 0.8096 0.2977 0.7696 0.8234 0.7861
12 0.8168 0.3016 0.7778 0.8184 0.7829
13 0.8369 0.2841 0.7998 0.8375 0.8008
14 0.8463 0.2789 0.8073 0.8421 0.8035
15 0.8588 0.2678 0.8213 0.8427 0.8078
16 0.8592 0.2834 0.8239 0.8439 0.8048
17 0.8440 0.3206 0.8062 0.8420 0.8066
18 0.8371 0.3598 0.8016 0.8322 0.7897
19 0.8290 0.4032 0.7928 0.8111 0.7690
20 0.8260 0.4274 0.7863 0.7878 0.7484
21 0.8377 0.4033 0.8002 0.8270 0.7913
22 0.8552 0.3805 0.8214 0.8364 0.8077
23 0.8569 0.3722 0.8214 0.8583 0.8251
24 0.8715 0.3478 0.8371 0.8591 0.8280
25 0.8836 0.3227 0.8525 0.8586 0.8270
26 0.8823 0.3406 0.8528 0.8531 0.8222
27 0.8723 0.3766 0.8393 0.8500 0.8172
28 0.8632 0.4302 0.8314 0.8430 0.8129
29 0.8541 0.4691 0.8200 0.8442 0.8100
30 0.8487 0.5120 0.8145 0.8171 0.7907
31 0.8580 0.4801 0.8262 0.8429 0.8141
32 0.8706 0.4580 0.8413 0.8361 0.8130
33 0.8828 0.4087 0.8509 0.8621 0.8335
34 0.8891 0.4021 0.8582 0.8627 0.8343
35 0.8934 0.3796 0.8648 0.8659 0.8373
36 0.8903 0.4021 0.8590 0.8641 0.8370
37 0.8886 0.4235 0.8587 0.8612 0.8268
38 0.8823 0.4738 0.8505 0.8482 0.8099
39 0.8627 0.5714 0.8290 0.8365 0.7968
40 0.8573 0.6078 0.8249 0.8448 0.8133
41 0.8689 0.5680 0.8359 0.8564 0.8237
42 0.8772 0.5368 0.8465 0.8487 0.8185
43 0.8854 0.4871 0.8569 0.8552 0.8296
44 0.9007 0.4447 0.8725 0.8604 0.8332
45 0.9039 0.4229 0.8739 0.8658 0.8388
46 0.9061 0.4351 0.8777 0.8673 0.8409
47 0.9022 0.4634 0.8714 0.8678 0.8361
48 0.8925 0.5193 0.8618 0.8555 0.8275
49 0.8736 0.6097 0.8422 0.8488 0.8198
50 0.8722 0.6568 0.8404 0.8509 0.8142
51 0.8773 0.6357 0.8449 0.8355 0.7993
52 0.8882 0.5672 0.8583 0.8592 0.8313
53 0.8949 0.5456 0.8650 0.8600 0.8296
54 0.9058 0.4801 0.8784 0.8701 0.8422
55 0.9072 0.4858 0.8789 0.8693 0.8395
56 0.9064 0.4937 0.8802 0.8716 0.8442
57 0.9033 0.5120 0.8740 0.8623 0.8350
58 0.8929 0.5975 0.8625 0.8682 0.8418
59 0.8835 0.6781 0.8549 0.8443 0.8188
60 0.8735 0.7694 0.8425 0.8310 0.8010
61 0.8808 0.7252 0.8492 0.8590 0.8297
62 0.8911 0.6473 0.8620 0.8572 0.8261
63 0.9031 0.5942 0.8767 0.8702 0.8423
64 0.9077 0.5657 0.8803 0.8754 0.8489
65 0.9080 0.5627 0.8815 0.8748 0.8484
66 0.9078 0.5367 0.8827 0.8707 0.8470
67 0.9090 0.5649 0.8802 0.8717 0.8477
68 0.9017 0.6246 0.8745 0.8744 0.8472
69 0.8933 0.6918 0.8640 0.8582 0.8279
70 0.8765 0.8332 0.8465 0.8690 0.8364
71 0.8817 0.7688 0.8525 0.8558 0.8269
72 0.8884 0.7721 0.8609 0.8597 0.8335
73 0.8974 0.6835 0.8690 0.8673 0.8424
74 0.9051 0.6281 0.8780 0.8759 0.8508
75 0.9135 0.5913 0.8882 0.8738 0.8481
76 0.9134 0.5874 0.8881 0.8733 0.8470
77 0.9094 0.6293 0.8843 0.8789 0.8500
78 0.9037 0.6689 0.8780 0.8644 0.8392
79 0.8977 0.7667 0.8702 0.8517 0.8245
80 0.8867 0.8559 0.8586 0.8401 0.8162
81 0.8965 0.8100 0.8690 0.8525 0.8285
82 0.9009 0.7753 0.8719 0.8762 0.8481
83 0.9083 0.6815 0.8832 0.8703 0.8403
84 0.9113 0.6501 0.8864 0.8746 0.8490
85 0.9160 0.6352 0.8921 0.8730 0.8468
86 0.9110 0.6495 0.8877 0.8741 0.8472
87 0.9065 0.6854 0.8808 0.8795 0.8526
88 0.9082 0.7456 0.8828 0.8710 0.8416
89 0.9015 0.8022 0.8756 0.8639 0.8394
90 0.8959 0.8802 0.8694 0.8531 0.8208
91 0.8937 0.9029 0.8668 0.8593 0.8294
92 0.8970 0.8621 0.8707 0.8662 0.8368
93 0.9094 0.7695 0.8841 0.8697 0.8445
94 0.9159 0.6842 0.8924 0.8740 0.8490
95 0.9147 0.6836 0.8897 0.8743 0.8487
96 0.9163 0.6962 0.8933 0.8687 0.8417
97 0.9120 0.6911 0.8868 0.8660 0.8401
98 0.9082 0.8077 0.8852 0.8669 0.8383
99 0.9088 0.8213 0.8822 0.8628 0.8327
100 0.8971 0.8992 0.8695 0.8750 0.8471
101 0.9138 0.7737 0.8917 0.8706 0.8412
102 0.9183 0.7039 0.8962 0.8735 0.8475
103 0.9241 0.6739 0.9029 0.8717 0.8468
104 0.9278 0.6280 0.9076 0.8754 0.8505
105 0.9192 0.6731 0.8962 0.8746 0.8487
106 0.9231 0.6414 0.9011 0.8721 0.8466
107 0.9242 0.6417 0.9009 0.8794 0.8510
108 0.9213 0.6600 0.8990 0.8737 0.8484
109 0.9257 0.6567 0.9040 0.8687 0.8465
110 0.9119 0.7511 0.8865 0.8682 0.8416
111 0.9204 0.7004 0.8966 0.8722 0.8465
112 0.9219 0.6614 0.9000 0.8698 0.8435
113 0.9202 0.6748 0.8986 0.8762 0.8488
114 0.9253 0.6109 0.9032 0.8718 0.8474
115 0.9260 0.6078 0.9049 0.8728 0.8459
116 0.9271 0.6333 0.9063 0.8725 0.8480
117 0.9275 0.6328 0.9073 0.8720 0.8472
118 0.9273 0.6253 0.9064 0.8719 0.8445
119 0.9227 0.6424 0.9014 0.8719 0.8474
120 0.9213 0.6776 0.9004 0.8719 0.8476
121 0.9190 0.7106 0.8962 0.8664 0.8403
122 0.9218 0.6716 0.9001 0.8672 0.8424
123 0.9291 0.6001 0.9102 0.8706 0.8484
124 0.9279 0.5927 0.9082 0.8688 0.8448
125 0.9329 0.5768 0.9130 0.8696 0.8459
126 0.9296 0.5967 0.9094 0.8700 0.8436
127 0.9282 0.6206 0.9072 0.8655 0.8413
128 0.9267 0.6356 0.9056 0.8638 0.8409
129 0.9228 0.6437 0.9034 0.8664 0.8415
130 0.9159 0.7058 0.8955 0.8711 0.8441
131 0.9190 0.6820 0.8963 0.8740 0.8472
132 0.9261 0.6386 0.9068 0.8703 0.8458
133 0.9271 0.6048 0.9079 0.8752 0.8482
134 0.9274 0.6158 0.9074 0.8744 0.8500
135 0.9311 0.5799 0.9134 0.8746 0.8490
136 0.9304 0.5798 0.9096 0.8760 0.8496
137 0.9308 0.5730 0.9110 0.8686 0.8457
138 0.9301 0.5735 0.9123 0.8706 0.8427
139 0.9259 0.6708 0.9042 0.8726 0.8478
140 0.9201 0.7028 0.8989 0.8601 0.8395
141 0.9225 0.6416 0.9021 0.8698 0.8407
142 0.9277 0.6234 0.9093 0.8664 0.8394
143 0.9262 0.6153 0.9062 0.8686 0.8434
144 0.9279 0.5813 0.9093 0.8669 0.8427
145 0.9322 0.5521 0.9135 0.8722 0.8469
146 0.9300 0.5686 0.9101 0.8714 0.8471
147 0.9289 0.5753 0.9109 0.8727 0.8480
148 0.9263 0.6013 0.9073 0.8654 0.8394
149 0.9255 0.6348 0.9060 0.8690 0.8418
150 0.9256 0.6163 0.9062 0.8617 0.8338
151 0.9223 0.6313 0.9022 0.8667 0.8422
152 0.9203 0.6589 0.9004 0.8694 0.8418
153 0.9300 0.6011 0.9117 0.8696 0.8417
154 0.9274 0.5867 0.9078 0.8724 0.8434
155 0.9269 0.5744 0.9089 0.8729 0.8466
156 0.9325 0.5685 0.9144 0.8702 0.8447
157 0.9309 0.5625 0.9124 0.8722 0.8463
158 0.9279 0.5928 0.9100 0.8786 0.8511
159 0.9273 0.6323 0.9080 0.8670 0.8419
160 0.9352 0.5396 0.9186 0.8713 0.8472
161 0.9306 0.5693 0.9129 0.8763 0.8511
162 0.9364 0.5326 0.9197 0.8720 0.8492
163 0.9318 0.5367 0.9149 0.8741 0.8501
164 0.9333 0.5408 0.9159 0.8735 0.8488
165 0.9387 0.5178 0.9223 0.8754 0.8519
166 0.9331 0.5239 0.9164 0.8727 0.8472
167 0.9313 0.5399 0.9143 0.8762 0.8492
168 0.9359 0.5306 0.9190 0.8782 0.8526
169 0.9360 0.5078 0.9192 0.8750 0.8522
170 0.9351 0.5227 0.9184 0.8744 0.8471
171 0.9356 0.5302 0.9186 0.8752 0.8488
172 0.9373 0.5090 0.9216 0.8749 0.8476
173 0.9336 0.5141 0.9164 0.8761 0.8483
174 0.9384 0.4882 0.9225 0.8739 0.8487
175 0.9369 0.5132 0.9199 0.8747 0.8478
176 0.9370 0.5014 0.9196 0.8745 0.8490
177 0.9370 0.5046 0.9211 0.8726 0.8448
178 0.9325 0.5289 0.9148 0.8769 0.8513
179 0.9364 0.5117 0.9202 0.8781 0.8519
180 0.9342 0.5178 0.9171 0.8752 0.8475
181 0.9376 0.5000 0.9217 0.8733 0.8480
182 0.9375 0.5067 0.9207 0.8741 0.8477
183 0.9343 0.5064 0.9180 0.8777 0.8522
184 0.9390 0.4970 0.9240 0.8751 0.8506
185 0.9395 0.4834 0.9234 0.8746 0.8504
186 0.9402 0.4894 0.9251 0.8767 0.8518
187 0.9363 0.5017 0.9207 0.8721 0.8465
188 0.9403 0.4927 0.9247 0.8730 0.8478
189 0.9350 0.5168 0.9182 0.8751 0.8514
190 0.9361 0.5018 0.9195 0.8748 0.8484
191 0.9404 0.4862 0.9253 0.8729 0.8472
192 0.9376 0.4856 0.9224 0.8766 0.8505
193 0.9341 0.5120 0.9160 0.8740 0.8476
194 0.9406 0.4707 0.9262 0.8756 0.8464
195 0.9368 0.4998 0.9206 0.8752 0.8483
196 0.9337 0.5211 0.9167 0.8751 0.8488
197 0.9401 0.4830 0.9240 0.8755 0.8487
198 0.9367 0.4928 0.9210 0.8781 0.8519
199 0.9400 0.4721 0.9248 0.8729 0.8463
