epoch train_iou train_loss train_mAP val_iou val_mAP
0 0.5782 0.1691 0.5090 0.6692 0.6211
1 0.6714 0.1633 0.6115 0.6606 0.5927
2 0.7183 0.1723 0.6638 0.7540 0.7045
3 0.7560 0.1792 0.7113 0.7829 0.7462
4 0.7845 0.1769 0.7443 0.7957 0.7599
5 0.8084 0.1747 0.7718 0.8086 0.7736
6 0.8073 0.2026 0.7668 0.8050 0.7530
7 0.7899 0.2443 0.7494 0.8006 0.7583
8 0.7745 0.2760 0.7300 0.7836 0.7457
9 0.7959 0.2785 0.7575 0.8146 0.7795
10 0.7785 0.3303 0.7376 0.7781 0.7292
11 0.8025 0.3183 0.7634 0.7954 0.7557
12 0.8117 0.3063 0.7752 0.8320 0.7985
13 0.8400 0.2905 0.8068 0.8321 0.7959
14 0.8524 0.2771 0.8185 0.8304 0.7970
15 0.8507 0.2828 0.8184 0.8310 0.7994
16 0.8536 0.2948 0.8195 0.8381 0.8065
17 0.8479 0.3191 0.8136 0.8496 0.8124
18 0.8413 0.3511 0.8075 0.8174 0.7765
19 0.8337 0.3964 0.7976 0.8403 0.8047
20 0.8291 0.4161 0.7945 0.8149 0.7879
21 0.8324 0.4446 0.7992 0.8433 0.8109
22 0.8465 0.4045 0.8131 0.8436 0.8183
23 0.8589 0.3748 0.8264 0.8505 0.8225
24 0.8813 0.3249 0.8497 0.8563 0.8260
25 0.8804 0.3419 0.8497 0.8629 0.8347
26 0.8833 0.3364 0.8518 0.8517 0.8264
27 0.8807 0.3764 0.8498 0.8464 0.8152
28 0.8613 0.4261 0.8303 0.8546 0.8252
29 0.8535 0.4764 0.8215 0.8367 0.7972
30 0.8539 0.5054 0.8194 0.8272 0.8021
31 0.8592 0.4971 0.8261 0.8463 0.8181
32 0.8766 0.4476 0.8459 0.8563 0.8294
33 0.8863 0.4138 0.8552 0.8635 0.8343
34 0.8942 0.3786 0.8659 0.8647 0.8350
35 0.8975 0.3813 0.8687 0.8672 0.8387
36 0.9007 0.3870 0.8719 0.8659 0.8367
37 0.8900 0.4146 0.8606 0.8551 0.8243
38 0.8875 0.4669 0.8578 0.8517 0.8206
39 0.8674 0.5447 0.8355 0.8474 0.8162
40 0.8658 0.5858 0.8358 0.8494 0.8160
41 0.8685 0.5615 0.8369 0.8493 0.8218
42 0.8860 0.4963 0.8567 0.8563 0.8281
43 0.8978 0.4438 0.8684 0.8652 0.8375
44 0.9034 0.4250 0.8743 0.8606 0.8321
45 0.9118 0.3985 0.8850 0.8633 0.8351
46 0.9051 0.4331 0.8786 0.8604 0.8302
47 0.8970 0.4762 0.8693 0.8627 0.8359
48 0.8987 0.4756 0.8716 0.8647 0.8360
49 0.8760 0.6125 0.8469 0.8502 0.8231
50 0.8732 0.6683 0.8416 0.8520 0.8280
51 0.8847 0.5902 0.8550 0.8304 0.8036
52 0.8913 0.5629 0.8644 0.8678 0.8362
53 0.8985 0.5263 0.8715 0.8680 0.8414
54 0.9105 0.4593 0.8847 0.8750 0.8504
55 0.9125 0.4705 0.8874 0.8765 0.8504
56 0.9082 0.4837 0.8809 0.8732 0.8478
57 0.9050 0.4953 0.8784 0.8728 0.8452
58 0.8972 0.5843 0.8689 0.8616 0.8359
59 0.8994 0.6070 0.8705 0.8622 0.8375
60 0.8792 0.7157 0.8508 0.8541 0.8308
61 0.8904 0.6781 0.8631 0.8520 0.8219
62 0.8988 0.6127 0.8722 0.8637 0.8400
63 0.9091 0.5546 0.8827 0.8693 0.8449
64 0.9138 0.5166 0.8900 0.8695 0.8444
65 0.9204 0.4889 0.8968 0.8689 0.8420
66 0.9159 0.5140 0.8908 0.8683 0.8417
67 0.9111 0.5416 0.8850 0.8735 0.8475
68 0.9002 0.6325 0.8719 0.8624 0.8360
69 0.9041 0.6612 0.8761 0.8570 0.8306
70 0.8867 0.7908 0.8598 0.8551 0.8271
71 0.8918 0.7276 0.8632 0.8620 0.8336
72 0.8979 0.7019 0.8719 0.8639 0.8341
73 0.9096 0.6160 0.8844 0.8709 0.8449
74 0.9128 0.5747 0.8894 0.8765 0.8496
75 0.9183 0.5565 0.8951 0.8738 0.8470
76 0.9202 0.5681 0.8963 0.8726 0.8458
77 0.9145 0.5989 0.8897 0.8740 0.8491
78 0.9146 0.6436 0.8878 0.8677 0.8419
79 0.8979 0.7507 0.8702 0.8629 0.8335
80 0.8927 0.8387 0.8628 0.8420 0.8098
81 0.8964 0.8149 0.8708 0.8630 0.8380
82 0.9089 0.6960 0.8822 0.8651 0.8396
83 0.9158 0.6660 0.8913 0.8707 0.8464
84 0.9211 0.6039 0.8971 0.8731 0.8486
85 0.9235 0.5825 0.8995 0.8741 0.8498
86 0.9226 0.5936 0.8971 0.8728 0.8473
87 0.9176 0.6525 0.8942 0.8660 0.8427
88 0.9190 0.6597 0.8966 0.8702 0.8452
89 0.9017 0.8330 0.8749 0.8554 0.8275
90 0.8944 0.9237 0.8686 0.8481 0.8220
91 0.9054 0.8117 0.8782 0.8696 0.8448
92 0.9059 0.7645 0.8804 0.8673 0.8418
93 0.9181 0.6822 0.8948 0.8651 0.8399
94 0.9193 0.6720 0.8941 0.8760 0.8487
95 0.9244 0.6351 0.9015 0.8737 0.8480
96 0.9143 0.6996 0.8904 0.8755 0.8489
97 0.9167 0.7043 0.8928 0.8677 0.8417
98 0.9123 0.7861 0.8874 0.8585 0.8321
99 0.9068 0.8201 0.8809 0.8638 0.8393
100 0.9161 0.7367 0.8918 0.8642 0.8413
101 0.9191 0.7180 0.8946 0.8645 0.8433
102 0.9248 0.6663 0.9037 0.8764 0.8510
103 0.9247 0.6381 0.9037 0.8790 0.8547
104 0.9249 0.6407 0.9037 0.8772 0.8532
105 0.9266 0.6278 0.9060 0.8796 0.8556
106 0.9267 0.6213 0.9048 0.8753 0.8527
107 0.9287 0.6242 0.9078 0.8743 0.8510
108 0.9231 0.6484 0.9008 0.8686 0.8449
109 0.9274 0.6307 0.9043 0.8747 0.8524
110 0.9246 0.6698 0.9022 0.8686 0.8425
111 0.9244 0.6788 0.9017 0.8710 0.8477
112 0.9262 0.6367 0.9044 0.8720 0.8477
113 0.9260 0.6181 0.9067 0.8720 0.8484
114 0.9296 0.6054 0.9088 0.8750 0.8499
115 0.9303 0.5709 0.9095 0.8747 0.8525
116 0.9318 0.5710 0.9139 0.8749 0.8540
117 0.9301 0.5876 0.9103 0.8759 0.8527
118 0.9292 0.6048 0.9087 0.8715 0.8459
119 0.9295 0.6402 0.9095 0.8687 0.8471
120 0.9255 0.6456 0.9033 0.8715 0.8486
121 0.9280 0.6233 0.9060 0.8739 0.8516
122 0.9298 0.6238 0.9098 0.8693 0.8475
123 0.9331 0.5836 0.9146 0.8760 0.8509
124 0.9305 0.5837 0.9112 0.8740 0.8508
125 0.9301 0.5681 0.9108 0.8768 0.8539
126 0.9324 0.5578 0.9113 0.8776 0.8540
127 0.9325 0.5791 0.9132 0.8755 0.8519
128 0.9345 0.5782 0.9139 0.8781 0.8568
129 0.9300 0.5989 0.9090 0.8769 0.8520
130 0.9259 0.6305 0.9029 0.8662 0.8417
131 0.9246 0.6461 0.9033 0.8638 0.8393
132 0.9286 0.6271 0.9082 0.8666 0.8402
133 0.9270 0.6277 0.9084 0.8707 0.8478
134 0.9335 0.5488 0.9153 0.8744 0.8528
135 0.9347 0.5331 0.9167 0.8741 0.8528
136 0.9330 0.5559 0.9137 0.8732 0.8510
137 0.9332 0.5630 0.9155 0.8711 0.8494
138 0.9360 0.5369 0.9188 0.8735 0.8509
139 0.9264 0.6051 0.9085 0.8688 0.8452
140 0.9264 0.6196 0.9063 0.8581 0.8336
141 0.9277 0.6295 0.9091 0.8653 0.8429
142 0.9310 0.5830 0.9135 0.8635 0.8405
143 0.9332 0.5577 0.9156 0.8751 0.8505
144 0.9273 0.5804 0.9088 0.8687 0.8464
145 0.9345 0.5371 0.9162 0.8672 0.8456
146 0.9358 0.5224 0.9178 0.8700 0.8475
147 0.9364 0.5216 0.9197 0.8719 0.8491
148 0.9359 0.5487 0.9182 0.8698 0.8485
149 0.9325 0.5624 0.9152 0.8686 0.8463
150 0.9299 0.5830 0.9108 0.8660 0.8406
151 0.9209 0.6542 0.9007 0.8749 0.8525
152 0.9302 0.5938 0.9114 0.8753 0.8507
153 0.9352 0.5518 0.9161 0.8736 0.8498
154 0.9348 0.5492 0.9170 0.8701 0.8482
155 0.9351 0.5461 0.9168 0.8722 0.8503
156 0.9392 0.5219 0.9231 0.8696 0.8481
157 0.9386 0.5357 0.9215 0.8754 0.8527
158 0.9338 0.5364 0.9175 0.8708 0.8493
159 0.9320 0.5547 0.9146 0.8703 0.8465
160 0.9339 0.5497 0.9160 0.8727 0.8485
161 0.9366 0.5224 0.9193 0.8731 0.8507
162 0.9369 0.5355 0.9192 0.8743 0.8535
163 0.9418 0.4907 0.9249 0.8777 0.8570
164 0.9396 0.4927 0.9242 0.8749 0.8535
165 0.9377 0.5112 0.9222 0.8742 0.8522
166 0.9397 0.4923 0.9241 0.8737 0.8514
167 0.9388 0.4870 0.9220 0.8749 0.8540
168 0.9398 0.4922 0.9245 0.8732 0.8496
169 0.9399 0.4871 0.9244 0.8709 0.8487
170 0.9336 0.5098 0.9178 0.8737 0.8510
171 0.9387 0.5071 0.9220 0.8723 0.8510
172 0.9450 0.4639 0.9297 0.8712 0.8499
173 0.9446 0.4737 0.9293 0.8719 0.8498
174 0.9404 0.4942 0.9256 0.8745 0.8523
175 0.9439 0.4626 0.9282 0.8705 0.8485
176 0.9412 0.4753 0.9252 0.8746 0.8526
177 0.9421 0.4711 0.9272 0.8725 0.8503
178 0.9421 0.4657 0.9281 0.8749 0.8520
179 0.9393 0.4844 0.9233 0.8747 0.8542
180 0.9399 0.4699 0.9251 0.8726 0.8500
181 0.9416 0.4720 0.9267 0.8728 0.8507
182 0.9380 0.4827 0.9225 0.8711 0.8492
183 0.9434 0.4633 0.9288 0.8703 0.8486
184 0.9427 0.4555 0.9285 0.8762 0.8558
185 0.9432 0.4563 0.9304 0.8711 0.8494
186 0.9438 0.4596 0.9286 0.8708 0.8507
187 0.9478 0.4321 0.9337 0.8734 0.8514
188 0.9421 0.4731 0.9271 0.8717 0.8501
189 0.9410 0.4583 0.9260 0.8751 0.8525
190 0.9434 0.4576 0.9307 0.8754 0.8528
191 0.9406 0.4703 0.9254 0.8735 0.8523
192 0.9403 0.4688 0.9254 0.8761 0.8525
193 0.9428 0.4450 0.9287 0.8714 0.8504
194 0.9421 0.4608 0.9271 0.8752 0.8530
195 0.9435 0.4429 0.9273 0.8741 0.8519
196 0.9405 0.4729 0.9265 0.8716 0.8486
197 0.9444 0.4389 0.9292 0.8723 0.8504
198 0.9413 0.4610 0.9284 0.8697 0.8483
199 0.9408 0.4891 0.9272 0.8718 0.8481
