epoch train_iou train_loss train_mAP val_iou val_mAP
0 0.5601 0.1665 0.4789 0.7100 0.6542
1 0.7018 0.1474 0.6464 0.7662 0.7197
2 0.7550 0.1566 0.7092 0.7849 0.7434
3 0.7914 0.1559 0.7474 0.8039 0.7699
4 0.8015 0.1587 0.7621 0.8225 0.7891
5 0.8351 0.1560 0.7974 0.8240 0.7911
6 0.8213 0.1843 0.7814 0.8216 0.7877
7 0.8207 0.2095 0.7831 0.8268 0.7916
8 0.8181 0.2405 0.7770 0.8014 0.7680
9 0.8105 0.2609 0.7716 0.8103 0.7749
10 0.7986 0.2916 0.7575 0.8324 0.8000
11 0.8313 0.2745 0.7959 0.8313 0.8047
12 0.8506 0.2596 0.8182 0.8382 0.8060
13 0.8572 0.2508 0.8215 0.8435 0.8163
14 0.8728 0.2323 0.8417 0.8547 0.8269
15 0.8788 0.2334 0.8473 0.8569 0.8274
16 0.8793 0.2441 0.8489 0.8499 0.8224
17 0.8695 0.2681 0.8364 0.8517 0.8217
18 0.8595 0.3164 0.8268 0.8420 0.8126
19 0.8417 0.3596 0.8071 0.8403 0.8126
20 0.8413 0.3882 0.8099 0.8420 0.8109
21 0.8576 0.3549 0.8255 0.8524 0.8215
22 0.8672 0.3496 0.8370 0.8465 0.8161
23 0.8841 0.3106 0.8553 0.8544 0.8281
24 0.8922 0.2913 0.8632 0.8556 0.8299
25 0.9001 0.2864 0.8714 0.8591 0.8341
26 0.8856 0.3107 0.8542 0.8628 0.8372
27 0.8968 0.3198 0.8699 0.8504 0.8239
28 0.8861 0.3604 0.8552 0.8469 0.8202
29 0.8777 0.3904 0.8475 0.8407 0.8072
30 0.8569 0.4834 0.8241 0.8428 0.8151
31 0.8717 0.4421 0.8443 0.8339 0.8116
32 0.8846 0.3921 0.8540 0.8568 0.8294
33 0.8952 0.3759 0.8666 0.8625 0.8341
34 0.9033 0.3342 0.8756 0.8613 0.8335
35 0.9034 0.3514 0.8757 0.8631 0.8369
36 0.9031 0.3511 0.8773 0.8619 0.8355
37 0.9003 0.3726 0.8708 0.8656 0.8409
38 0.8988 0.4179 0.8717 0.8552 0.8293
39 0.8877 0.4637 0.8578 0.8527 0.8279
40 0.8805 0.5158 0.8499 0.8401 0.8157
41 0.8854 0.4908 0.8563 0.8508 0.8249
42 0.8942 0.4603 0.8636 0.8570 0.8333
43 0.9069 0.4029 0.8797 0.8622 0.8390
44 0.9096 0.3931 0.8846 0.8630 0.8403
45 0.9158 0.3705 0.8910 0.8644 0.8415
46 0.9138 0.3803 0.8875 0.8670 0.8429
47 0.9117 0.4125 0.8869 0.8627 0.8409
48 0.8990 0.4717 0.8718 0.8588 0.8319
49 0.8951 0.5283 0.8660 0.8562 0.8311
50 0.8765 0.6614 0.8471 0.8455 0.8173
51 0.8892 0.5735 0.8612 0.8582 0.8336
52 0.9031 0.4972 0.8777 0.8694 0.8435
53 0.9107 0.4652 0.8834 0.8680 0.8444
54 0.9168 0.4239 0.8905 0.8647 0.8411
55 0.9134 0.4239 0.8880 0.8651 0.8414
56 0.9154 0.4313 0.8891 0.8660 0.8420
57 0.9131 0.4648 0.8872 0.8680 0.8442
58 0.9069 0.5049 0.8815 0.8652 0.8391
59 0.8890 0.6404 0.8604 0.8502 0.8268
60 0.8857 0.6698 0.8595 0.8528 0.8260
61 0.8945 0.6290 0.8651 0.8560 0.8314
62 0.9077 0.5566 0.8830 0.8558 0.8320
63 0.9153 0.5034 0.8911 0.8601 0.8389
64 0.9151 0.4801 0.8930 0.8715 0.8485
65 0.9197 0.4918 0.8956 0.8694 0.8464
66 0.9167 0.4802 0.8949 0.8675 0.8445
67 0.9115 0.5390 0.8872 0.8617 0.8366
68 0.9090 0.5420 0.8843 0.8641 0.8431
69 0.8959 0.6565 0.8692 0.8595 0.8320
70 0.8968 0.7081 0.8716 0.8588 0.8271
71 0.8898 0.7171 0.8636 0.8544 0.8310
72 0.9009 0.6560 0.8745 0.8667 0.8411
73 0.9139 0.5661 0.8904 0.8635 0.8415
74 0.9239 0.4878 0.9017 0.8673 0.8440
75 0.9208 0.5055 0.8997 0.8665 0.8444
76 0.9180 0.5294 0.8959 0.8689 0.8462
77 0.9179 0.5523 0.8937 0.8610 0.8389
78 0.9134 0.6082 0.8899 0.8553 0.8286
79 0.9022 0.7175 0.8753 0.8585 0.8321
80 0.8869 0.8517 0.8590 0.8545 0.8313
81 0.8912 0.7940 0.8639 0.8608 0.8379
82 0.9023 0.7091 0.8782 0.8592 0.8396
83 0.9055 0.6863 0.8818 0.8663 0.8419
84 0.9176 0.6014 0.8941 0.8639 0.8411
85 0.9244 0.5480 0.9037 0.8671 0.8452
86 0.9220 0.5786 0.8994 0.8618 0.8409
87 0.9198 0.5890 0.8983 0.8650 0.8405
88 0.9125 0.6669 0.8894 0.8673 0.8409
89 0.9007 0.7589 0.8785 0.8641 0.8418
90 0.8844 0.9697 0.8587 0.8542 0.8293
91 0.9009 0.8419 0.8752 0.8670 0.8424
92 0.9085 0.7316 0.8842 0.8511 0.8270
93 0.9119 0.6809 0.8903 0.8616 0.8374
94 0.9222 0.6091 0.9025 0.8697 0.8472
95 0.9224 0.6328 0.9003 0.8674 0.8454
96 0.9202 0.6501 0.8989 0.8611 0.8384
97 0.9207 0.6533 0.8980 0.8707 0.8501
98 0.9114 0.7477 0.8897 0.8661 0.8449
99 0.9131 0.7675 0.8905 0.8597 0.8386
100 0.9143 0.7285 0.8947 0.8643 0.8454
101 0.9180 0.7063 0.8972 0.8672 0.8464
102 0.9196 0.6611 0.9010 0.8650 0.8472
103 0.9194 0.6533 0.9004 0.8705 0.8507
104 0.9243 0.6135 0.9051 0.8712 0.8510
105 0.9247 0.6228 0.9067 0.8722 0.8512
106 0.9294 0.5761 0.9113 0.8726 0.8533
107 0.9350 0.5545 0.9174 0.8732 0.8532
108 0.9273 0.6002 0.9097 0.8667 0.8445
109 0.9224 0.6342 0.9049 0.8681 0.8475
110 0.9224 0.6595 0.9040 0.8675 0.8451
111 0.9199 0.6345 0.9003 0.8706 0.8496
112 0.9225 0.6261 0.9035 0.8631 0.8397
113 0.9277 0.6067 0.9093 0.8710 0.8507
114 0.9272 0.5873 0.9098 0.8727 0.8515
115 0.9319 0.5403 0.9170 0.8701 0.8495
116 0.9339 0.5439 0.9166 0.8743 0.8537
117 0.9265 0.5833 0.9087 0.8692 0.8474
118 0.9251 0.5812 0.9072 0.8746 0.8556
119 0.9237 0.6210 0.9033 0.8714 0.8515
120 0.9211 0.6268 0.9023 0.8654 0.8425
121 0.9258 0.6288 0.9076 0.8647 0.8435
122 0.9280 0.6064 0.9107 0.8631 0.8404
123 0.9261 0.6047 0.9075 0.8670 0.8431
124 0.9327 0.5370 0.9176 0.8674 0.8446
125 0.9299 0.5606 0.9122 0.8684 0.8449
126 0.9339 0.5169 0.9177 0.8674 0.8440
127 0.9327 0.5358 0.9161 0.8720 0.8486
128 0.9289 0.5824 0.9111 0.8713 0.8469
129 0.9279 0.5811 0.9113 0.8729 0.8514
130 0.9305 0.5803 0.9126 0.8696 0.8504
131 0.9313 0.5560 0.9135 0.8736 0.8522
132 0.9308 0.5520 0.9149 0.8683 0.8461
133 0.9321 0.5431 0.9165 0.8686 0.8488
134 0.9322 0.5446 0.9153 0.8696 0.8483
135 0.9351 0.5132 0.9185 0.8699 0.8489
136 0.9334 0.5117 0.9189 0.8696 0.8499
137 0.9348 0.5136 0.9193 0.8657 0.8455
138 0.9342 0.5321 0.9206 0.8724 0.8512
139 0.9344 0.5427 0.9204 0.8693 0.8471
140 0.9278 0.5916 0.9120 0.8665 0.8470
141 0.9334 0.5594 0.9160 0.8684 0.8455
142 0.9306 0.5656 0.9143 0.8668 0.8445
143 0.9288 0.5544 0.9146 0.8652 0.8435
144 0.9326 0.5157 0.9176 0.8666 0.8461
145 0.9362 0.4894 0.9208 0.8656 0.8451
146 0.9331 0.5153 0.9178 0.8720 0.8512
147 0.9313 0.5352 0.9152 0.8672 0.8440
148 0.9362 0.4869 0.9212 0.8651 0.8454
149 0.9324 0.5386 0.9167 0.8709 0.8465
150 0.9269 0.5948 0.9099 0.8493 0.8238
151 0.9289 0.5854 0.9122 0.8669 0.8471
152 0.9298 0.5360 0.9144 0.8730 0.8534
153 0.9314 0.5395 0.9181 0.8706 0.8515
154 0.9381 0.5054 0.9247 0.8754 0.8575
155 0.9362 0.5008 0.9230 0.8755 0.8579
156 0.9358 0.5009 0.9222 0.8758 0.8580
157 0.9330 0.4987 0.9178 0.8733 0.8544
158 0.9320 0.5164 0.9184 0.8774 0.8586
159 0.9285 0.5591 0.9147 0.8779 0.8560
160 0.9353 0.5061 0.9228 0.8777 0.8605
161 0.9368 0.4985 0.9227 0.8769 0.8585
162 0.9418 0.4679 0.9298 0.8803 0.8616
163 0.9400 0.4764 0.9275 0.8786 0.8591
164 0.9386 0.4700 0.9259 0.8773 0.8587
165 0.9397 0.4708 0.9263 0.8768 0.8577
166 0.9396 0.4682 0.9256 0.8774 0.8596
167 0.9387 0.4703 0.9252 0.8759 0.8574
168 0.9352 0.4937 0.9231 0.8777 0.8590
169 0.9372 0.4703 0.9265 0.8774 0.8577
170 0.9383 0.4719 0.9254 0.8756 0.8571
171 0.9433 0.4296 0.9327 0.8743 0.8543
172 0.9403 0.4346 0.9297 0.8753 0.8561
173 0.9386 0.4677 0.9270 0.8745 0.8556
174 0.9381 0.4618 0.9246 0.8747 0.8542
175 0.9400 0.4741 0.9271 0.8755 0.8554
176 0.9424 0.4353 0.9316 0.8758 0.8579
177 0.9395 0.4489 0.9272 0.8787 0.8579
178 0.9380 0.4613 0.9262 0.8751 0.8539
179 0.9399 0.4474 0.9283 0.8744 0.8541
180 0.9395 0.4430 0.9258 0.8759 0.8559
181 0.9424 0.4572 0.9290 0.8746 0.8560
182 0.9426 0.4389 0.9303 0.8773 0.8571
183 0.9401 0.4493 0.9264 0.8797 0.8590
184 0.9387 0.4627 0.9258 0.8764 0.8546
185 0.9414 0.4451 0.9298 0.8778 0.8571
186 0.9412 0.4430 0.9304 0.8767 0.8576
187 0.9432 0.4388 0.9312 0.8786 0.8592
188 0.9398 0.4490 0.9287 0.8779 0.8570
189 0.9405 0.4577 0.9293 0.8733 0.8531
190 0.9393 0.4456 0.9276 0.8755 0.8554
191 0.9413 0.4501 0.9289 0.8759 0.8585
192 0.9421 0.4346 0.9305 0.8740 0.8545
193 0.9434 0.4245 0.9329 0.8740 0.8531
194 0.9427 0.4267 0.9314 0.8756 0.8559
195 0.9434 0.4313 0.9329 0.8741 0.8539
196 0.9445 0.4286 0.9338 0.8744 0.8540
197 0.9425 0.4236 0.9314 0.8767 0.8566
198 0.9408 0.4336 0.9290 0.8755 0.8561
199 0.9456 0.4221 0.9334 0.8722 0.8517
