epoch train_iou train_loss train_mAP val_iou val_mAP
0 0.5684 0.1783 0.5011 0.6919 0.6370
1 0.6853 0.1644 0.6316 0.7397 0.6961
2 0.7372 0.1683 0.6896 0.7542 0.6996
3 0.7704 0.1774 0.7290 0.7880 0.7525
4 0.7983 0.1774 0.7610 0.7955 0.7580
5 0.8141 0.1848 0.7794 0.8100 0.7792
6 0.8069 0.2076 0.7672 0.7963 0.7649
7 0.7919 0.2520 0.7509 0.8143 0.7784
8 0.7759 0.2833 0.7338 0.7915 0.7664
9 0.7813 0.3106 0.7432 0.7799 0.7485
10 0.7578 0.3591 0.7145 0.7899 0.7574
11 0.7904 0.3375 0.7487 0.8096 0.7755
12 0.8151 0.3133 0.7805 0.8194 0.7870
13 0.8235 0.3147 0.7890 0.8267 0.7921
14 0.8388 0.3045 0.8054 0.8337 0.8046
15 0.8483 0.2987 0.8156 0.8419 0.8099
16 0.8445 0.3167 0.8128 0.8415 0.8121
17 0.8428 0.3369 0.8084 0.8499 0.8177
18 0.8277 0.4027 0.7906 0.8408 0.8115
19 0.8203 0.4171 0.7847 0.8344 0.8040
20 0.8120 0.4677 0.7743 0.8321 0.7945
21 0.8290 0.4414 0.7966 0.8413 0.8091
22 0.8408 0.4259 0.8068 0.8376 0.8075
23 0.8482 0.4126 0.8153 0.8526 0.8214
24 0.8638 0.3861 0.8340 0.8572 0.8281
25 0.8702 0.3738 0.8410 0.8619 0.8330
26 0.8679 0.3903 0.8380 0.8569 0.8250
27 0.8632 0.4310 0.8321 0.8529 0.8214
28 0.8532 0.4999 0.8220 0.8486 0.8188
29 0.8487 0.5150 0.8171 0.8320 0.8006
30 0.8321 0.5619 0.7993 0.8348 0.8061
31 0.8549 0.5291 0.8252 0.8454 0.8174
32 0.8632 0.4914 0.8314 0.8509 0.8201
33 0.8658 0.4782 0.8366 0.8545 0.8290
34 0.8779 0.4475 0.8479 0.8566 0.8301
35 0.8841 0.4476 0.8550 0.8624 0.8373
36 0.8742 0.4877 0.8446 0.8608 0.8329
37 0.8770 0.4828 0.8464 0.8417 0.8171
38 0.8632 0.5646 0.8299 0.8555 0.8243
39 0.8527 0.5935 0.8223 0.8516 0.8220
40 0.8412 0.6764 0.8067 0.8271 0.8011
41 0.8518 0.6375 0.8198 0.8463 0.8159
42 0.8740 0.5711 0.8437 0.8428 0.8124
43 0.8737 0.5672 0.8440 0.8635 0.8353
44 0.8875 0.5040 0.8571 0.8633 0.8359
45 0.8926 0.4955 0.8644 0.8652 0.8375
46 0.8919 0.5116 0.8634 0.8689 0.8430
47 0.8755 0.5716 0.8458 0.8655 0.8406
48 0.8758 0.6089 0.8460 0.8647 0.8370
49 0.8633 0.6933 0.8304 0.8588 0.8290
50 0.8622 0.7273 0.8303 0.8436 0.8150
51 0.8676 0.6863 0.8372 0.8590 0.8239
52 0.8734 0.6633 0.8424 0.8679 0.8410
53 0.8809 0.6208 0.8511 0.8609 0.8354
54 0.8880 0.5864 0.8584 0.8690 0.8419
55 0.8941 0.5534 0.8658 0.8702 0.8434
56 0.8965 0.5706 0.8680 0.8703 0.8449
57 0.8808 0.6377 0.8504 0.8650 0.8406
58 0.8770 0.7056 0.8482 0.8636 0.8342
59 0.8778 0.7315 0.8468 0.8598 0.8334
60 0.8705 0.7859 0.8407 0.8399 0.8118
61 0.8742 0.7790 0.8435 0.8651 0.8357
62 0.8797 0.7238 0.8508 0.8695 0.8427
63 0.8848 0.7045 0.8563 0.8699 0.8448
64 0.9009 0.6071 0.8731 0.8733 0.8469
65 0.8952 0.6267 0.8642 0.8749 0.8478
66 0.9005 0.6240 0.8736 0.8713 0.8486
67 0.8960 0.6729 0.8664 0.8660 0.8357
68 0.8919 0.7145 0.8638 0.8707 0.8424
69 0.8786 0.8080 0.8494 0.8600 0.8310
70 0.8701 0.8951 0.8382 0.8506 0.8195
71 0.8803 0.8288 0.8496 0.8687 0.8449
72 0.8852 0.7573 0.8559 0.8656 0.8378
73 0.8931 0.7210 0.8672 0.8639 0.8382
74 0.8998 0.6902 0.8730 0.8789 0.8544
75 0.9094 0.6444 0.8812 0.8777 0.8516
76 0.9006 0.6788 0.8745 0.8784 0.8524
77 0.8926 0.7567 0.8633 0.8691 0.8407
78 0.8919 0.7882 0.8631 0.8659 0.8359
79 0.8844 0.8695 0.8565 0.8632 0.8381
80 0.8690 0.9724 0.8389 0.8529 0.8259
81 0.8781 0.9311 0.8451 0.8589 0.8380
82 0.8846 0.8762 0.8562 0.8689 0.8440
83 0.8915 0.8281 0.8625 0.8723 0.8481
84 0.9005 0.7563 0.8730 0.8825 0.8571
85 0.9109 0.6932 0.8825 0.8788 0.8538
86 0.8983 0.7582 0.8710 0.8756 0.8496
87 0.9027 0.7890 0.8747 0.8690 0.8430
88 0.8961 0.8124 0.8690 0.8732 0.8471
89 0.8849 0.9374 0.8561 0.8692 0.8412
90 0.8712 1.0519 0.8405 0.8719 0.8461
91 0.8762 1.0198 0.8469 0.8612 0.8350
92 0.8860 0.9590 0.8571 0.8721 0.8466
93 0.8972 0.8483 0.8675 0.8761 0.8519
94 0.9033 0.7883 0.8773 0.8788 0.8526
95 0.9073 0.7720 0.8808 0.8814 0.8551
96 0.9059 0.8029 0.8788 0.8830 0.8576
97 0.9033 0.8113 0.8754 0.8794 0.8555
98 0.8988 0.8841 0.8722 0.8680 0.8414
99 0.8871 1.0434 0.8607 0.8610 0.8388
100 0.8935 0.9540 0.8663 0.8715 0.8439
101 0.9064 0.8190 0.8783 0.8734 0.8494
102 0.9066 0.8116 0.8787 0.8629 0.8395
103 0.9096 0.7868 0.8839 0.8718 0.8485
104 0.9094 0.7857 0.8839 0.8725 0.8484
105 0.9138 0.7516 0.8873 0.8749 0.8506
106 0.9132 0.7387 0.8863 0.8742 0.8493
107 0.9148 0.7477 0.8890 0.8765 0.8506
108 0.9092 0.7717 0.8835 0.8749 0.8495
109 0.9103 0.7862 0.8842 0.8691 0.8433
110 0.9066 0.8166 0.8789 0.8727 0.8511
111 0.9108 0.7970 0.8823 0.8695 0.8469
112 0.9100 0.7700 0.8842 0.8762 0.8525
113 0.9148 0.7424 0.8883 0.8725 0.8483
114 0.9141 0.7362 0.8894 0.8708 0.8486
115 0.9183 0.7051 0.8944 0.8739 0.8487
116 0.9161 0.7180 0.8917 0.8790 0.8543
117 0.9163 0.7343 0.8908 0.8694 0.8470
118 0.9136 0.7386 0.8882 0.8748 0.8480
119 0.9128 0.7415 0.8886 0.8758 0.8526
120 0.9069 0.8116 0.8810 0.8764 0.8501
121 0.9115 0.7780 0.8854 0.8769 0.8522
122 0.9111 0.7576 0.8879 0.8826 0.8554
123 0.9157 0.7102 0.8892 0.8816 0.8561
124 0.9216 0.6850 0.8983 0.8798 0.8548
125 0.9163 0.7085 0.8923 0.8835 0.8576
126 0.9166 0.6857 0.8909 0.8860 0.8604
127 0.9174 0.6845 0.8916 0.8852 0.8595
128 0.9199 0.7131 0.8942 0.8778 0.8518
129 0.9101 0.7443 0.8843 0.8755 0.8501
130 0.9062 0.8319 0.8804 0.8796 0.8549
131 0.9118 0.7665 0.8871 0.8716 0.8462
132 0.9129 0.7416 0.8882 0.8841 0.8583
133 0.9198 0.6985 0.8963 0.8795 0.8550
134 0.9187 0.6715 0.8951 0.8852 0.8597
135 0.9170 0.6860 0.8932 0.8842 0.8588
136 0.9152 0.6934 0.8917 0.8844 0.8589
137 0.9188 0.6810 0.8944 0.8816 0.8546
138 0.9162 0.6951 0.8894 0.8855 0.8609
139 0.9091 0.7663 0.8841 0.8792 0.8530
140 0.9126 0.7778 0.8878 0.8789 0.8518
141 0.9100 0.7859 0.8856 0.8700 0.8446
142 0.9210 0.6874 0.8979 0.8834 0.8576
143 0.9175 0.6864 0.8924 0.8850 0.8576
144 0.9215 0.6849 0.8998 0.8786 0.8543
145 0.9229 0.6426 0.9012 0.8848 0.8597
146 0.9226 0.6301 0.8998 0.8846 0.8608
147 0.9198 0.6719 0.8977 0.8774 0.8525
148 0.9151 0.6941 0.8906 0.8785 0.8557
149 0.9200 0.7063 0.8966 0.8764 0.8515
150 0.9168 0.7659 0.8914 0.8659 0.8415
151 0.9131 0.7656 0.8875 0.8748 0.8511
152 0.9146 0.7321 0.8891 0.8698 0.8438
153 0.9224 0.6614 0.8987 0.8771 0.8499
154 0.9210 0.6621 0.8991 0.8793 0.8534
155 0.9249 0.6241 0.9017 0.8802 0.8544
156 0.9196 0.6773 0.8947 0.8768 0.8516
157 0.9228 0.6447 0.8992 0.8785 0.8533
158 0.9144 0.6963 0.8910 0.8811 0.8545
159 0.9194 0.6866 0.8957 0.8658 0.8400
160 0.9206 0.6732 0.8978 0.8831 0.8589
161 0.9231 0.6273 0.9022 0.8817 0.8564
162 0.9238 0.6117 0.9008 0.8836 0.8581
163 0.9220 0.6468 0.9001 0.8840 0.8581
164 0.9228 0.6271 0.9005 0.8832 0.8583
165 0.9278 0.6024 0.9065 0.8826 0.8581
166 0.9247 0.6360 0.9025 0.8846 0.8599
167 0.9267 0.5767 0.9053 0.8813 0.8562
168 0.9258 0.6064 0.9029 0.8860 0.8591
169 0.9221 0.6316 0.8989 0.8820 0.8566
170 0.9268 0.5911 0.9032 0.8849 0.8581
171 0.9269 0.6034 0.9040 0.8833 0.8587
172 0.9284 0.5521 0.9084 0.8785 0.8522
173 0.9292 0.5825 0.9075 0.8787 0.8528
174 0.9282 0.5819 0.9067 0.8751 0.8500
175 0.9270 0.5804 0.9074 0.8802 0.8542
176 0.9266 0.5922 0.9050 0.8810 0.8556
177 0.9257 0.6127 0.9028 0.8871 0.8604
178 0.9274 0.5915 0.9049 0.8825 0.8557
179 0.9246 0.6161 0.9026 0.8826 0.8589
180 0.9264 0.5884 0.9043 0.8866 0.8606
181 0.9248 0.6033 0.9029 0.8871 0.8618
182 0.9282 0.5932 0.9039 0.8880 0.8631
183 0.9273 0.5788 0.9061 0.8888 0.8631
184 0.9296 0.5593 0.9087 0.8867 0.8615
185 0.9270 0.5790 0.9049 0.8858 0.8601
186 0.9315 0.5624 0.9104 0.8885 0.8619
187 0.9300 0.5519 0.9089 0.8846 0.8604
188 0.9281 0.5699 0.9081 0.8860 0.8579
189 0.9277 0.5732 0.9049 0.8862 0.8597
190 0.9293 0.5660 0.9063 0.8770 0.8496
191 0.9324 0.5557 0.9119 0.8847 0.8583
192 0.9241 0.6034 0.9026 0.8882 0.8640
193 0.9320 0.5529 0.9120 0.8859 0.8611
194 0.9264 0.5868 0.9051 0.8879 0.8624
195 0.9269 0.5705 0.9076 0.8883 0.8620
196 0.9299 0.5492 0.9082 0.8844 0.8585
197 0.9315 0.5544 0.9099 0.8838 0.8580
198 0.9303 0.5460 0.9096 0.8868 0.8606
199 0.9247 0.5932 0.9019 0.8865 0.8605
