epoch train_iou train_loss train_mAP val_iou val_mAP
0 0.5806 0.1632 0.5065 0.7257 0.6699
1 0.6868 0.1534 0.6293 0.7394 0.6873
2 0.7348 0.1618 0.6870 0.7423 0.6907
3 0.7728 0.1609 0.7257 0.7964 0.7561
4 0.8068 0.1585 0.7663 0.8151 0.7765
5 0.8248 0.1644 0.7841 0.8211 0.7820
6 0.8211 0.1883 0.7823 0.8155 0.7761
7 0.8031 0.2290 0.7647 0.8061 0.7638
8 0.7961 0.2618 0.7521 0.7987 0.7632
9 0.7909 0.2834 0.7483 0.7849 0.7454
10 0.7926 0.3132 0.7534 0.7923 0.7564
11 0.8236 0.2901 0.7863 0.8209 0.7789
12 0.8283 0.2917 0.7920 0.8157 0.7830
13 0.8487 0.2754 0.8152 0.8355 0.8072
14 0.8546 0.2624 0.8215 0.8443 0.8103
15 0.8602 0.2632 0.8286 0.8468 0.8161
16 0.8634 0.2696 0.8334 0.8346 0.8036
17 0.8535 0.3141 0.8200 0.8383 0.8077
18 0.8459 0.3442 0.8101 0.8220 0.7940
19 0.8382 0.3779 0.8059 0.8391 0.8034
20 0.8320 0.4255 0.7956 0.8057 0.7719
21 0.8465 0.3959 0.8146 0.8152 0.7851
22 0.8561 0.3680 0.8256 0.8518 0.8236
23 0.8724 0.3445 0.8416 0.8530 0.8224
24 0.8834 0.3243 0.8547 0.8589 0.8275
25 0.8888 0.3087 0.8577 0.8568 0.8276
26 0.8902 0.3188 0.8608 0.8638 0.8339
27 0.8829 0.3581 0.8526 0.8505 0.8194
28 0.8630 0.4302 0.8319 0.8481 0.8205
29 0.8659 0.4383 0.8351 0.8489 0.8168
30 0.8475 0.5085 0.8140 0.8500 0.8217
31 0.8584 0.4949 0.8265 0.8170 0.7829
32 0.8716 0.4486 0.8397 0.8550 0.8269
33 0.8875 0.3981 0.8565 0.8581 0.8311
34 0.8939 0.3818 0.8640 0.8650 0.8356
35 0.9028 0.3562 0.8753 0.8672 0.8381
36 0.9002 0.3714 0.8704 0.8678 0.8388
37 0.8959 0.4096 0.8654 0.8654 0.8369
38 0.8857 0.4754 0.8570 0.8468 0.8216
39 0.8773 0.5254 0.8483 0.8532 0.8177
40 0.8634 0.5912 0.8323 0.8534 0.8270
41 0.8758 0.5240 0.8445 0.8515 0.8219
42 0.8902 0.4810 0.8603 0.8492 0.8221
43 0.8889 0.4777 0.8600 0.8625 0.8346
44 0.9086 0.4030 0.8824 0.8649 0.8395
45 0.9096 0.4073 0.8833 0.8694 0.8453
46 0.9071 0.4337 0.8797 0.8566 0.8313
47 0.9035 0.4526 0.8755 0.8623 0.8350
48 0.8931 0.5328 0.8643 0.8559 0.8248
49 0.8874 0.5733 0.8585 0.8638 0.8325
50 0.8819 0.6269 0.8519 0.8499 0.8220
51 0.8959 0.5751 0.8679 0.8494 0.8165
52 0.8927 0.5385 0.8643 0.8585 0.8347
53 0.9061 0.4802 0.8802 0.8617 0.8414
54 0.9064 0.4705 0.8828 0.8692 0.8422
55 0.9146 0.4546 0.8884 0.8700 0.8435
56 0.9125 0.4639 0.8861 0.8666 0.8406
57 0.9061 0.4961 0.8795 0.8701 0.8434
58 0.9054 0.5571 0.8789 0.8601 0.8325
59 0.8879 0.6473 0.8595 0.8554 0.8247
60 0.8825 0.7099 0.8526 0.8526 0.8266
61 0.8859 0.6860 0.8571 0.8495 0.8214
62 0.9005 0.6175 0.8726 0.8601 0.8333
63 0.9062 0.5768 0.8815 0.8598 0.8321
64 0.9142 0.5113 0.8889 0.8662 0.8365
65 0.9195 0.4996 0.8950 0.8681 0.8399
66 0.9182 0.5042 0.8917 0.8691 0.8390
67 0.9107 0.5411 0.8857 0.8664 0.8384
68 0.9052 0.5926 0.8799 0.8663 0.8407
69 0.8952 0.6993 0.8657 0.8536 0.8252
70 0.8817 0.8122 0.8507 0.8520 0.8258
71 0.8902 0.7601 0.8619 0.8674 0.8396
72 0.9023 0.6698 0.8743 0.8573 0.8324
73 0.9125 0.5988 0.8858 0.8718 0.8454
74 0.9141 0.5790 0.8888 0.8704 0.8435
75 0.9208 0.5396 0.8965 0.8700 0.8459
76 0.9214 0.5555 0.8975 0.8724 0.8468
77 0.9169 0.5912 0.8911 0.8628 0.8356
78 0.9128 0.6451 0.8866 0.8648 0.8411
79 0.8988 0.7566 0.8719 0.8544 0.8254
80 0.8964 0.7969 0.8671 0.8585 0.8310
81 0.9031 0.7668 0.8768 0.8532 0.8266
82 0.9064 0.7100 0.8803 0.8630 0.8354
83 0.9202 0.6299 0.8959 0.8656 0.8409
84 0.9178 0.6150 0.8937 0.8705 0.8459
85 0.9263 0.5552 0.9039 0.8700 0.8451
86 0.9214 0.5924 0.8968 0.8685 0.8415
87 0.9199 0.6259 0.8972 0.8674 0.8413
88 0.9187 0.6680 0.8930 0.8694 0.8447
89 0.9057 0.7813 0.8813 0.8555 0.8295
90 0.8924 0.9480 0.8656 0.8545 0.8307
91 0.9101 0.7837 0.8841 0.8563 0.8263
92 0.9107 0.7528 0.8858 0.8656 0.8422
93 0.9147 0.7268 0.8916 0.8699 0.8459
94 0.9203 0.6583 0.8982 0.8745 0.8489
95 0.9259 0.5962 0.9027 0.8748 0.8503
96 0.9229 0.6350 0.9001 0.8741 0.8489
97 0.9237 0.6434 0.8992 0.8732 0.8476
98 0.9183 0.7159 0.8946 0.8645 0.8395
99 0.9092 0.8234 0.8839 0.8595 0.8311
100 0.9150 0.7535 0.8904 0.8658 0.8397
101 0.9210 0.6979 0.9007 0.8663 0.8392
102 0.9210 0.6583 0.8967 0.8690 0.8399
103 0.9260 0.6253 0.9040 0.8699 0.8469
104 0.9289 0.6177 0.9088 0.8680 0.8430
105 0.9353 0.5768 0.9134 0.8691 0.8445
106 0.9317 0.5723 0.9115 0.8687 0.8442
107 0.9221 0.6321 0.9008 0.8693 0.8446
108 0.9299 0.6071 0.9087 0.8687 0.8439
109 0.9255 0.6298 0.9045 0.8641 0.8393
110 0.9251 0.6533 0.9050 0.8612 0.8340
111 0.9231 0.6549 0.9026 0.8631 0.8416
112 0.9243 0.6596 0.9044 0.8696 0.8469
113 0.9277 0.6180 0.9075 0.8684 0.8440
114 0.9310 0.5674 0.9112 0.8704 0.8476
115 0.9323 0.5645 0.9135 0.8745 0.8492
116 0.9294 0.5742 0.9113 0.8768 0.8511
117 0.9295 0.5786 0.9094 0.8683 0.8453
118 0.9280 0.5997 0.9071 0.8672 0.8420
119 0.9284 0.6084 0.9088 0.8752 0.8500
120 0.9225 0.6600 0.9011 0.8666 0.8380
121 0.9270 0.6142 0.9072 0.8724 0.8462
122 0.9299 0.5859 0.9097 0.8786 0.8512
123 0.9316 0.5865 0.9137 0.8773 0.8506
124 0.9302 0.5650 0.9122 0.8736 0.8492
125 0.9375 0.5064 0.9202 0.8748 0.8486
126 0.9330 0.5770 0.9140 0.8731 0.8465
127 0.9309 0.5666 0.9131 0.8730 0.8477
128 0.9314 0.5502 0.9133 0.8736 0.8469
129 0.9302 0.5876 0.9108 0.8733 0.8480
130 0.9225 0.6403 0.9032 0.8681 0.8434
131 0.9213 0.6545 0.9006 0.8680 0.8426
132 0.9320 0.5819 0.9149 0.8741 0.8495
133 0.9319 0.5592 0.9141 0.8699 0.8455
134 0.9336 0.5518 0.9161 0.8701 0.8456
135 0.9358 0.5308 0.9194 0.8712 0.8468
136 0.9337 0.5304 0.9167 0.8736 0.8472
137 0.9324 0.5556 0.9145 0.8726 0.8482
138 0.9287 0.5715 0.9123 0.8697 0.8476
139 0.9274 0.5955 0.9085 0.8743 0.8495
140 0.9247 0.6534 0.9054 0.8688 0.8422
141 0.9249 0.6238 0.9055 0.8680 0.8405
142 0.9320 0.5765 0.9141 0.8711 0.8476
143 0.9344 0.5572 0.9162 0.8698 0.8477
144 0.9279 0.5541 0.9124 0.8719 0.8466
145 0.9383 0.5221 0.9215 0.8724 0.8476
146 0.9325 0.5246 0.9177 0.8735 0.8477
147 0.9370 0.5220 0.9223 0.8750 0.8521
148 0.9328 0.5577 0.9141 0.8678 0.8429
149 0.9305 0.5667 0.9140 0.8663 0.8396
150 0.9277 0.6095 0.9092 0.8624 0.8382
151 0.9313 0.5816 0.9137 0.8669 0.8429
152 0.9346 0.5521 0.9182 0.8714 0.8497
153 0.9338 0.5549 0.9177 0.8729 0.8486
154 0.9369 0.4991 0.9212 0.8739 0.8505
155 0.9368 0.5125 0.9213 0.8709 0.8475
156 0.9379 0.4938 0.9232 0.8705 0.8464
157 0.9370 0.5216 0.9215 0.8743 0.8502
158 0.9373 0.5198 0.9216 0.8689 0.8431
159 0.9319 0.5855 0.9131 0.8649 0.8420
160 0.9351 0.5216 0.9199 0.8725 0.8485
161 0.9387 0.5082 0.9231 0.8738 0.8509
162 0.9366 0.5139 0.9194 0.8727 0.8495
163 0.9430 0.4629 0.9296 0.8730 0.8486
164 0.9398 0.4807 0.9274 0.8735 0.8493
165 0.9405 0.4783 0.9234 0.8738 0.8494
166 0.9373 0.5017 0.9216 0.8730 0.8482
167 0.9422 0.4762 0.9278 0.8723 0.8484
168 0.9390 0.4976 0.9247 0.8729 0.8499
169 0.9389 0.4948 0.9249 0.8735 0.8503
170 0.9381 0.4879 0.9237 0.8730 0.8487
171 0.9409 0.4766 0.9274 0.8727 0.8494
172 0.9463 0.4385 0.9325 0.8698 0.8467
173 0.9439 0.4667 0.9312 0.8716 0.8486
174 0.9378 0.4765 0.9251 0.8717 0.8486
175 0.9414 0.4581 0.9255 0.8712 0.8455
176 0.9395 0.4733 0.9273 0.8700 0.8449
177 0.9393 0.4678 0.9260 0.8703 0.8462
178 0.9423 0.4698 0.9286 0.8714 0.8491
179 0.9412 0.4641 0.9272 0.8717 0.8471
180 0.9437 0.4513 0.9313 0.8734 0.8481
181 0.9388 0.4629 0.9244 0.8699 0.8451
182 0.9390 0.4740 0.9258 0.8743 0.8505
183 0.9431 0.4442 0.9294 0.8731 0.8495
184 0.9415 0.4603 0.9269 0.8734 0.8487
185 0.9423 0.4564 0.9287 0.8709 0.8458
186 0.9381 0.4714 0.9246 0.8736 0.8484
187 0.9374 0.4877 0.9216 0.8723 0.8476
188 0.9392 0.4768 0.9257 0.8690 0.8417
189 0.9400 0.4725 0.9264 0.8682 0.8445
190 0.9411 0.4625 0.9275 0.8692 0.8459
191 0.9364 0.4760 0.9220 0.8708 0.8482
192 0.9429 0.4699 0.9299 0.8733 0.8507
193 0.9460 0.4321 0.9330 0.8713 0.8465
194 0.9471 0.4387 0.9339 0.8740 0.8494
195 0.9443 0.4470 0.9328 0.8733 0.8497
196 0.9449 0.4423 0.9321 0.8721 0.8472
197 0.9439 0.4383 0.9322 0.8729 0.8486
198 0.9384 0.4614 0.9249 0.8731 0.8495
199 0.9448 0.4525 0.9321 0.8754 0.8500
