epoch train_iou train_loss train_mAP val_iou val_mAP
0 0.5742 0.1769 0.5026 0.6850 0.6441
1 0.6717 0.1736 0.6129 0.6397 0.5826
2 0.7120 0.1817 0.6626 0.7312 0.6815
3 0.7380 0.1881 0.6878 0.7759 0.7382
4 0.7696 0.1910 0.7239 0.7952 0.7591
5 0.7834 0.2025 0.7397 0.7964 0.7639
6 0.7863 0.2278 0.7401 0.7924 0.7556
7 0.7702 0.2660 0.7250 0.7799 0.7381
8 0.7756 0.2863 0.7328 0.7802 0.7469
9 0.7760 0.3246 0.7284 0.7976 0.7531
10 0.7722 0.3305 0.7282 0.7965 0.7590
11 0.7919 0.3306 0.7506 0.7689 0.7151
12 0.8037 0.3302 0.7636 0.8169 0.7866
13 0.8172 0.3165 0.7819 0.8188 0.7911
14 0.8348 0.3032 0.7984 0.8310 0.7949
15 0.8456 0.2930 0.8070 0.8351 0.8029
16 0.8423 0.3213 0.8073 0.8390 0.8105
17 0.8358 0.3503 0.8007 0.8277 0.7926
18 0.8286 0.3820 0.7912 0.8215 0.7960
19 0.8223 0.4267 0.7835 0.8169 0.7866
20 0.8133 0.4721 0.7755 0.8148 0.7806
21 0.8139 0.4758 0.7791 0.8224 0.7922
22 0.8343 0.4311 0.8001 0.8312 0.7982
23 0.8454 0.4144 0.8101 0.8456 0.8164
24 0.8595 0.3860 0.8272 0.8527 0.8214
25 0.8669 0.3809 0.8338 0.8524 0.8225
26 0.8699 0.3884 0.8365 0.8516 0.8184
27 0.8617 0.4135 0.8300 0.8518 0.8205
28 0.8474 0.4861 0.8103 0.8454 0.8153
29 0.8491 0.5124 0.8152 0.8198 0.7947
30 0.8335 0.5699 0.7982 0.8294 0.7949
31 0.8579 0.5086 0.8235 0.8434 0.8140
32 0.8554 0.5319 0.8201 0.8496 0.8205
33 0.8693 0.4702 0.8364 0.8388 0.8107
34 0.8710 0.4585 0.8397 0.8514 0.8266
35 0.8772 0.4418 0.8462 0.8507 0.8249
36 0.8770 0.4686 0.8469 0.8546 0.8260
37 0.8706 0.4907 0.8396 0.8535 0.8272
38 0.8712 0.5455 0.8391 0.8508 0.8257
39 0.8589 0.5812 0.8242 0.8465 0.8211
40 0.8439 0.6604 0.8102 0.8337 0.8089
41 0.8576 0.6175 0.8252 0.8329 0.8006
42 0.8703 0.5749 0.8394 0.8557 0.8256
43 0.8747 0.5494 0.8425 0.8587 0.8321
44 0.8830 0.5159 0.8512 0.8577 0.8324
45 0.8859 0.5169 0.8572 0.8594 0.8344
46 0.8902 0.5109 0.8593 0.8597 0.8362
47 0.8832 0.5624 0.8512 0.8495 0.8212
48 0.8752 0.6112 0.8432 0.8529 0.8281
49 0.8757 0.6360 0.8414 0.8474 0.8260
50 0.8669 0.6866 0.8321 0.8602 0.8351
51 0.8707 0.6630 0.8375 0.8386 0.8084
52 0.8758 0.6422 0.8442 0.8513 0.8248
53 0.8833 0.6182 0.8532 0.8590 0.8341
54 0.8911 0.5786 0.8606 0.8615 0.8382
55 0.8976 0.5446 0.8692 0.8592 0.8371
56 0.8962 0.5752 0.8641 0.8594 0.8370
57 0.8857 0.6098 0.8566 0.8663 0.8405
58 0.8853 0.6550 0.8561 0.8440 0.8191
59 0.8765 0.7234 0.8411 0.8593 0.8334
60 0.8677 0.7933 0.8347 0.8444 0.8204
61 0.8815 0.7190 0.8525 0.8511 0.8232
62 0.8851 0.6899 0.8533 0.8527 0.8234
63 0.8912 0.6517 0.8624 0.8626 0.8355
64 0.9000 0.5945 0.8708 0.8647 0.8409
65 0.9037 0.5879 0.8753 0.8648 0.8417
66 0.9044 0.5785 0.8757 0.8685 0.8420
67 0.8978 0.6414 0.8686 0.8605 0.8355
68 0.8968 0.6947 0.8683 0.8662 0.8395
69 0.8810 0.7940 0.8504 0.8619 0.8336
70 0.8720 0.8627 0.8377 0.8236 0.7996
71 0.8852 0.8097 0.8534 0.8680 0.8430
72 0.8864 0.7547 0.8548 0.8647 0.8410
73 0.9028 0.6646 0.8732 0.8632 0.8405
74 0.9002 0.6716 0.8718 0.8704 0.8464
75 0.9046 0.6469 0.8747 0.8706 0.8460
76 0.9013 0.6804 0.8722 0.8649 0.8417
77 0.9016 0.6795 0.8722 0.8627 0.8407
78 0.9010 0.7348 0.8719 0.8581 0.8346
79 0.8974 0.8113 0.8680 0.8596 0.8316
80 0.8770 0.9457 0.8452 0.8546 0.8279
81 0.8855 0.8903 0.8557 0.8447 0.8221
82 0.8900 0.8333 0.8608 0.8495 0.8274
83 0.9041 0.7490 0.8762 0.8604 0.8366
84 0.9022 0.7311 0.8721 0.8653 0.8416
85 0.9071 0.7059 0.8781 0.8676 0.8455
86 0.9022 0.7398 0.8755 0.8736 0.8501
87 0.9071 0.7152 0.8806 0.8625 0.8400
88 0.8991 0.8006 0.8706 0.8419 0.8184
89 0.8810 1.0011 0.8492 0.8626 0.8379
90 0.8877 0.9632 0.8593 0.8602 0.8288
91 0.8904 0.9131 0.8632 0.8524 0.8274
92 0.8979 0.8300 0.8690 0.8683 0.8479
93 0.9066 0.7753 0.8818 0.8643 0.8405
94 0.9066 0.7635 0.8785 0.8753 0.8525
95 0.9122 0.7233 0.8846 0.8751 0.8526
96 0.9124 0.7385 0.8831 0.8746 0.8527
97 0.9130 0.7750 0.8875 0.8674 0.8449
98 0.9014 0.8582 0.8739 0.8662 0.8432
99 0.8963 0.9224 0.8667 0.8570 0.8309
100 0.9023 0.8820 0.8754 0.8648 0.8434
101 0.9073 0.8251 0.8802 0.8628 0.8407
102 0.9138 0.7640 0.8872 0.8680 0.8469
103 0.9110 0.7455 0.8843 0.8681 0.8466
104 0.9173 0.7130 0.8907 0.8698 0.8478
105 0.9162 0.7262 0.8894 0.8671 0.8474
106 0.9129 0.7147 0.8854 0.8696 0.8462
107 0.9145 0.7080 0.8873 0.8672 0.8479
108 0.9096 0.7584 0.8819 0.8768 0.8541
109 0.9139 0.7233 0.8888 0.8690 0.8469
110 0.9169 0.7458 0.8897 0.8685 0.8471
111 0.9094 0.7691 0.8838 0.8651 0.8441
112 0.9149 0.7524 0.8884 0.8694 0.8464
113 0.9108 0.7423 0.8853 0.8634 0.8405
114 0.9178 0.7014 0.8937 0.8762 0.8525
115 0.9186 0.6848 0.8921 0.8772 0.8533
116 0.9208 0.6594 0.8956 0.8712 0.8480
117 0.9149 0.6991 0.8873 0.8690 0.8469
118 0.9153 0.7338 0.8889 0.8620 0.8413
119 0.9151 0.7499 0.8891 0.8601 0.8382
120 0.9122 0.7805 0.8868 0.8682 0.8406
121 0.9119 0.7714 0.8870 0.8652 0.8430
122 0.9141 0.7397 0.8894 0.8702 0.8446
123 0.9202 0.6649 0.8969 0.8746 0.8497
124 0.9151 0.6922 0.8895 0.8753 0.8517
125 0.9234 0.6418 0.8990 0.8763 0.8524
126 0.9189 0.6644 0.8932 0.8728 0.8512
127 0.9185 0.6722 0.8941 0.8708 0.8494
128 0.9186 0.6858 0.8945 0.8722 0.8500
129 0.9181 0.6910 0.8908 0.8731 0.8518
130 0.9207 0.6976 0.8953 0.8539 0.8316
131 0.9133 0.7425 0.8873 0.8684 0.8478
132 0.9168 0.7276 0.8929 0.8723 0.8512
133 0.9149 0.7200 0.8886 0.8735 0.8525
134 0.9257 0.6336 0.9015 0.8726 0.8525
135 0.9235 0.6269 0.9007 0.8765 0.8547
136 0.9224 0.6485 0.8991 0.8763 0.8544
137 0.9188 0.6611 0.8941 0.8708 0.8496
138 0.9196 0.6582 0.8952 0.8723 0.8507
139 0.9188 0.7041 0.8956 0.8664 0.8476
140 0.9181 0.6777 0.8962 0.8694 0.8436
141 0.9170 0.7073 0.8914 0.8704 0.8462
142 0.9171 0.6698 0.8933 0.8713 0.8492
143 0.9212 0.6649 0.8984 0.8776 0.8548
144 0.9219 0.6480 0.8977 0.8810 0.8591
145 0.9234 0.6154 0.9002 0.8776 0.8561
146 0.9190 0.6643 0.8970 0.8761 0.8557
147 0.9212 0.6303 0.8983 0.8779 0.8565
148 0.9209 0.6381 0.8996 0.8784 0.8530
149 0.9159 0.6964 0.8918 0.8723 0.8505
150 0.9081 0.7514 0.8849 0.8650 0.8429
151 0.9077 0.7767 0.8833 0.8708 0.8493
152 0.9131 0.7134 0.8864 0.8703 0.8469
153 0.9229 0.6402 0.8982 0.8713 0.8494
154 0.9217 0.6299 0.8982 0.8703 0.8490
155 0.9198 0.6436 0.8969 0.8708 0.8503
156 0.9267 0.6278 0.9033 0.8726 0.8521
157 0.9254 0.6140 0.9032 0.8781 0.8562
158 0.9236 0.6617 0.8995 0.8662 0.8434
159 0.9182 0.6729 0.8959 0.8658 0.8414
160 0.9224 0.6358 0.8991 0.8680 0.8464
161 0.9211 0.6422 0.8976 0.8715 0.8509
162 0.9304 0.5818 0.9085 0.8733 0.8519
163 0.9220 0.6168 0.8977 0.8762 0.8529
164 0.9252 0.6028 0.9027 0.8742 0.8514
165 0.9250 0.5960 0.9030 0.8724 0.8502
166 0.9267 0.5933 0.9017 0.8766 0.8546
167 0.9244 0.5978 0.9014 0.8746 0.8535
168 0.9251 0.5951 0.9040 0.8752 0.8531
169 0.9282 0.5723 0.9070 0.8788 0.8576
170 0.9276 0.6070 0.9073 0.8715 0.8502
171 0.9306 0.5598 0.9091 0.8729 0.8511
172 0.9284 0.5675 0.9083 0.8725 0.8501
173 0.9275 0.5794 0.9046 0.8747 0.8532
174 0.9284 0.5706 0.9067 0.8740 0.8532
175 0.9282 0.5769 0.9055 0.8755 0.8519
176 0.9282 0.5665 0.9063 0.8708 0.8482
177 0.9247 0.5775 0.9027 0.8746 0.8526
178 0.9255 0.5671 0.9045 0.8750 0.8524
179 0.9285 0.5686 0.9049 0.8755 0.8539
180 0.9271 0.5593 0.9059 0.8765 0.8555
181 0.9271 0.5762 0.9058 0.8746 0.8530
182 0.9290 0.5821 0.9072 0.8759 0.8551
183 0.9279 0.5699 0.9051 0.8779 0.8571
184 0.9303 0.5552 0.9078 0.8766 0.8547
185 0.9260 0.5684 0.9052 0.8775 0.8572
186 0.9286 0.5793 0.9070 0.8777 0.8569
187 0.9248 0.5769 0.9029 0.8775 0.8561
188 0.9279 0.5617 0.9068 0.8758 0.8556
189 0.9267 0.5667 0.9042 0.8730 0.8520
190 0.9276 0.5739 0.9064 0.8699 0.8509
191 0.9278 0.5609 0.9063 0.8722 0.8496
192 0.9277 0.5631 0.9064 0.8746 0.8535
193 0.9300 0.5619 0.9088 0.8749 0.8540
194 0.9284 0.5692 0.9075 0.8725 0.8519
195 0.9314 0.5550 0.9103 0.8745 0.8531
196 0.9328 0.5242 0.9136 0.8775 0.8565
197 0.9283 0.5522 0.9058 0.8754 0.8555
198 0.9308 0.5367 0.9080 0.8742 0.8534
199 0.9323 0.5567 0.9127 0.8738 0.8522
