epoch train_iou train_loss train_mAP val_iou val_mAP
0 0.4779 0.1772 0.3905 0.6459 0.5666
1 0.6378 0.1646 0.5685 0.6934 0.6418
2 0.6866 0.1849 0.6242 0.7090 0.6498
3 0.6997 0.2015 0.6393 0.7258 0.6781
4 0.7309 0.2144 0.6743 0.7465 0.6935
5 0.7348 0.2347 0.6776 0.7381 0.6888
6 0.7291 0.2652 0.6722 0.7211 0.6760
7 0.7287 0.2978 0.6729 0.7354 0.6913
8 0.7335 0.3198 0.6789 0.7337 0.6851
9 0.7396 0.3365 0.6841 0.7525 0.7040
10 0.7417 0.3620 0.6868 0.7273 0.6826
11 0.7570 0.3670 0.7062 0.7751 0.7273
12 0.7759 0.3632 0.7256 0.7690 0.7306
13 0.7781 0.3731 0.7337 0.7766 0.7368
14 0.7894 0.3680 0.7435 0.7874 0.7536
15 0.7964 0.3731 0.7513 0.7903 0.7538
16 0.8001 0.3963 0.7538 0.7939 0.7600
17 0.7899 0.4233 0.7407 0.7836 0.7466
18 0.7887 0.4583 0.7418 0.7875 0.7513
19 0.7905 0.4903 0.7434 0.7779 0.7444
20 0.7874 0.5039 0.7420 0.7800 0.7463
21 0.7963 0.4977 0.7485 0.8012 0.7694
22 0.8039 0.5013 0.7613 0.7734 0.7183
23 0.8117 0.5095 0.7666 0.8018 0.7749
24 0.8210 0.4882 0.7804 0.8088 0.7761
25 0.8284 0.4770 0.7906 0.8099 0.7802
26 0.8275 0.4929 0.7874 0.8082 0.7769
27 0.8188 0.5220 0.7756 0.8166 0.7775
28 0.8199 0.5597 0.7779 0.8046 0.7724
29 0.8132 0.5924 0.7727 0.7779 0.7481
30 0.8108 0.6260 0.7688 0.8022 0.7700
31 0.8139 0.6007 0.7729 0.8086 0.7677
32 0.8303 0.5972 0.7900 0.8082 0.7738
33 0.8361 0.5803 0.7978 0.8169 0.7891
34 0.8461 0.5534 0.8103 0.8193 0.7905
35 0.8507 0.5433 0.8137 0.8199 0.7895
36 0.8409 0.5841 0.8045 0.8208 0.7856
37 0.8436 0.6055 0.8033 0.8111 0.7846
38 0.8453 0.6227 0.8081 0.8234 0.7812
39 0.8361 0.6920 0.7952 0.8027 0.7742
40 0.8268 0.7239 0.7849 0.7982 0.7702
41 0.8329 0.7118 0.7936 0.8222 0.7887
42 0.8381 0.6992 0.8011 0.8218 0.7806
43 0.8469 0.6613 0.8094 0.8341 0.8006
44 0.8632 0.6254 0.8299 0.8310 0.8031
45 0.8611 0.6127 0.8272 0.8393 0.8083
46 0.8586 0.6458 0.8245 0.8299 0.8000
47 0.8581 0.6769 0.8213 0.8268 0.7982
48 0.8501 0.7224 0.8105 0.8237 0.7899
49 0.8418 0.7716 0.8036 0.8142 0.7805
50 0.8321 0.8317 0.7942 0.8143 0.7787
51 0.8391 0.8344 0.8041 0.8114 0.7774
52 0.8520 0.7756 0.8138 0.8367 0.8029
53 0.8609 0.7333 0.8243 0.8273 0.7980
54 0.8667 0.7069 0.8296 0.8417 0.8111
55 0.8775 0.6592 0.8434 0.8443 0.8126
56 0.8775 0.6684 0.8442 0.8400 0.8081
57 0.8686 0.7108 0.8343 0.8402 0.8060
58 0.8637 0.7627 0.8279 0.8363 0.8085
59 0.8445 0.8884 0.8072 0.8258 0.7942
60 0.8692 0.7653 0.8320 0.8372 0.8070
61 0.8719 0.7400 0.8377 0.8413 0.8118
62 0.8724 0.7342 0.8367 0.8335 0.8093
63 0.8786 0.7166 0.8484 0.8439 0.8144
64 0.8817 0.7040 0.8480 0.8447 0.8177
65 0.8864 0.6995 0.8543 0.8456 0.8163
66 0.8818 0.7265 0.8487 0.8427 0.8135
67 0.8847 0.7257 0.8514 0.8458 0.8189
68 0.8840 0.7383 0.8519 0.8385 0.8103
69 0.8799 0.7745 0.8453 0.8401 0.8114
70 0.8776 0.7843 0.8438 0.8450 0.8114
71 0.8841 0.7853 0.8493 0.8457 0.8178
72 0.8873 0.7589 0.8538 0.8497 0.8201
73 0.8862 0.7348 0.8538 0.8526 0.8258
74 0.8886 0.7404 0.8555 0.8544 0.8266
75 0.8954 0.7182 0.8638 0.8517 0.8231
76 0.8917 0.7562 0.8610 0.8518 0.8254
77 0.8881 0.7654 0.8553 0.8433 0.8141
78 0.8941 0.7568 0.8617 0.8527 0.8207
79 0.8868 0.8200 0.8550 0.8496 0.8213
80 0.8856 0.8313 0.8531 0.8447 0.8151
81 0.8888 0.8289 0.8549 0.8397 0.8113
82 0.8910 0.8144 0.8581 0.8506 0.8208
83 0.8919 0.7912 0.8577 0.8488 0.8214
84 0.8951 0.7816 0.8635 0.8492 0.8206
85 0.8982 0.7675 0.8657 0.8517 0.8248
86 0.9006 0.7884 0.8706 0.8534 0.8239
87 0.8947 0.8301 0.8637 0.8475 0.8198
88 0.8919 0.8526 0.8590 0.8453 0.8169
89 0.8916 0.8580 0.8623 0.8460 0.8161
90 0.8856 0.9100 0.8567 0.8437 0.8162
91 0.8900 0.9062 0.8559 0.8470 0.8172
92 0.8938 0.8680 0.8615 0.8456 0.8149
93 0.8949 0.8769 0.8623 0.8552 0.8274
94 0.8927 0.9017 0.8620 0.8501 0.8226
95 0.8931 0.8778 0.8646 0.8521 0.8234
96 0.8929 0.8894 0.8627 0.8509 0.8228
97 0.8918 0.8942 0.8606 0.8516 0.8230
98 0.9017 0.8695 0.8718 0.8545 0.8263
99 0.8944 0.9260 0.8621 0.8418 0.8147
100 0.8889 0.9954 0.8580 0.8389 0.8037
101 0.8917 1.0070 0.8609 0.8400 0.8135
102 0.8949 0.9503 0.8652 0.8512 0.8221
103 0.8950 0.9234 0.8637 0.8514 0.8232
104 0.9004 0.8890 0.8704 0.8496 0.8232
105 0.9012 0.8735 0.8695 0.8497 0.8224
106 0.9020 0.8732 0.8727 0.8469 0.8194
107 0.9041 0.8399 0.8754 0.8403 0.8117
108 0.8983 0.8573 0.8687 0.8455 0.8160
109 0.8976 0.9080 0.8673 0.8503 0.8255
110 0.8949 0.9502 0.8641 0.8456 0.8192
111 0.8973 0.9170 0.8672 0.8383 0.8118
112 0.9019 0.8666 0.8699 0.8450 0.8149
113 0.8984 0.8965 0.8682 0.8503 0.8216
114 0.9025 0.8473 0.8709 0.8584 0.8297
115 0.9061 0.8122 0.8765 0.8553 0.8279
116 0.9066 0.8089 0.8770 0.8543 0.8249
117 0.9034 0.8278 0.8740 0.8553 0.8267
118 0.9024 0.8742 0.8725 0.8471 0.8185
119 0.9030 0.8434 0.8703 0.8508 0.8225
