epoch train_iou train_loss train_mAP val_iou val_mAP
0 0.6302 0.2860 0.5562 0.7322 0.6835
1 0.7440 0.2454 0.6905 0.7768 0.7406
2 0.7838 0.2408 0.7382 0.8021 0.7650
3 0.8011 0.2691 0.7607 0.8116 0.7754
4 0.8261 0.2830 0.7855 0.8199 0.7837
5 0.8314 0.3039 0.7957 0.8396 0.8096
6 0.8257 0.3364 0.7875 0.8414 0.8064
7 0.8244 0.3571 0.7914 0.8388 0.8094
8 0.8383 0.3767 0.8023 0.8396 0.8043
9 0.8389 0.3967 0.8089 0.8402 0.8160
10 0.8561 0.3903 0.8250 0.8486 0.8192
11 0.8478 0.4259 0.8177 0.8397 0.8051
12 0.8550 0.4687 0.8240 0.8542 0.8199
13 0.8475 0.4923 0.8141 0.8310 0.8071
14 0.8558 0.4979 0.8248 0.8499 0.8231
15 0.8538 0.5286 0.8232 0.8522 0.8275
16 0.8583 0.5320 0.8274 0.8516 0.8201
17 0.8662 0.5367 0.8371 0.8453 0.8144
18 0.8663 0.5484 0.8391 0.8581 0.8320
19 0.8689 0.5724 0.8402 0.8621 0.8405
20 0.8672 0.5804 0.8395 0.8592 0.8356
21 0.8706 0.6057 0.8415 0.8560 0.8350
22 0.8709 0.6228 0.8446 0.8613 0.8363
23 0.8660 0.6739 0.8398 0.8618 0.8369
24 0.8746 0.6500 0.8449 0.8667 0.8419
25 0.8727 0.6734 0.8472 0.8568 0.8307
26 0.8716 0.7116 0.8474 0.8687 0.8436
27 0.8757 0.6969 0.8486 0.8610 0.8298
28 0.8718 0.7439 0.8452 0.8736 0.8489
29 0.8810 0.7208 0.8563 0.8690 0.8501
30 0.8764 0.7677 0.8493 0.8664 0.8471
31 0.8669 0.8172 0.8428 0.8555 0.8282
32 0.8848 0.7612 0.8592 0.8576 0.8356
33 0.8788 0.7958 0.8528 0.8657 0.8455
34 0.8865 0.7836 0.8613 0.8693 0.8452
35 0.8843 0.8115 0.8589 0.8647 0.8382
36 0.8822 0.8240 0.8563 0.8671 0.8450
37 0.8913 0.8113 0.8678 0.8702 0.8456
38 0.8947 0.7963 0.8720 0.8647 0.8381
39 0.8950 0.8158 0.8718 0.8602 0.8366
40 0.8965 0.8283 0.8749 0.8746 0.8536
41 0.8932 0.8406 0.8704 0.8738 0.8505
42 0.8952 0.8355 0.8711 0.8826 0.8612
43 0.9005 0.8300 0.8756 0.8780 0.8580
44 0.8985 0.8474 0.8769 0.8811 0.8604
45 0.9026 0.8247 0.8806 0.8768 0.8577
46 0.9020 0.8507 0.8784 0.8796 0.8593
47 0.9099 0.8078 0.8877 0.8788 0.8605
48 0.9097 0.8156 0.8888 0.8823 0.8607
49 0.9127 0.7817 0.8910 0.8813 0.8622
50 0.8731 1.1936 0.8469 0.8443 0.8143
51 0.8623 1.3227 0.8346 0.8581 0.8344
52 0.8765 1.1667 0.8495 0.8549 0.8285
53 0.8675 1.2585 0.8380 0.8564 0.8313
54 0.8752 1.2258 0.8480 0.8571 0.8366
55 0.8753 1.1736 0.8509 0.8567 0.8332
56 0.8764 1.1967 0.8504 0.8667 0.8414
57 0.8816 1.1275 0.8562 0.8444 0.8259
58 0.8863 1.0876 0.8631 0.8631 0.8424
59 0.8817 1.1324 0.8555 0.8594 0.8336
60 0.8865 1.0967 0.8612 0.8652 0.8439
61 0.8879 1.0802 0.8608 0.8642 0.8404
62 0.8901 1.0764 0.8653 0.8715 0.8471
63 0.8844 1.1038 0.8585 0.8624 0.8394
64 0.8849 1.0811 0.8598 0.8714 0.8453
65 0.8959 1.0004 0.8704 0.8747 0.8522
66 0.8887 1.0598 0.8638 0.8717 0.8487
67 0.8934 1.0298 0.8683 0.8770 0.8537
68 0.8902 1.0433 0.8669 0.8776 0.8532
69 0.8963 0.9849 0.8712 0.8743 0.8526
70 0.8966 0.9773 0.8728 0.8761 0.8554
71 0.9010 0.9407 0.8781 0.8801 0.8592
72 0.8997 0.9591 0.8793 0.8716 0.8482
73 0.9013 0.9413 0.8791 0.8789 0.8594
74 0.9016 0.9275 0.8811 0.8725 0.8475
75 0.9027 0.9147 0.8791 0.8767 0.8570
76 0.9029 0.9067 0.8828 0.8836 0.8617
77 0.9071 0.8999 0.8890 0.8738 0.8525
78 0.9085 0.8504 0.8876 0.8800 0.8567
79 0.9067 0.8786 0.8871 0.8806 0.8589
80 0.9105 0.8405 0.8922 0.8818 0.8634
81 0.9116 0.8222 0.8905 0.8756 0.8524
82 0.9106 0.8732 0.8882 0.8811 0.8600
83 0.9161 0.7927 0.8988 0.8782 0.8591
84 0.9142 0.8092 0.8947 0.8853 0.8607
85 0.9087 0.8253 0.8908 0.8787 0.8570
86 0.9137 0.7874 0.8950 0.8833 0.8614
87 0.9158 0.7778 0.8971 0.8843 0.8633
88 0.9199 0.7356 0.9023 0.8848 0.8632
89 0.9228 0.7032 0.9035 0.8843 0.8641
90 0.9161 0.7588 0.8975 0.8838 0.8646
91 0.9125 0.8062 0.8927 0.8843 0.8625
92 0.9255 0.6967 0.9065 0.8879 0.8686
93 0.9201 0.7164 0.8998 0.8882 0.8701
94 0.9174 0.7421 0.8999 0.8894 0.8696
95 0.9201 0.7086 0.9013 0.8904 0.8711
96 0.9264 0.6593 0.9081 0.8890 0.8689
97 0.9209 0.7027 0.8999 0.8904 0.8701
98 0.9285 0.6580 0.9099 0.8876 0.8680
99 0.9262 0.6647 0.9072 0.8889 0.8701
100 0.9185 0.7939 0.8967 0.8785 0.8571
101 0.9209 0.7606 0.9040 0.8754 0.8530
102 0.9080 0.8639 0.8903 0.8808 0.8616
103 0.9142 0.7975 0.8932 0.8838 0.8612
104 0.9156 0.7859 0.8944 0.8878 0.8677
105 0.9116 0.8132 0.8913 0.8809 0.8616
106 0.9139 0.8130 0.8933 0.8818 0.8611
107 0.9128 0.8076 0.8929 0.8804 0.8584
108 0.9172 0.7987 0.8963 0.8862 0.8673
109 0.9145 0.7905 0.8940 0.8902 0.8685
110 0.9182 0.7614 0.8978 0.8788 0.8602
111 0.9139 0.8245 0.8935 0.8826 0.8619
112 0.9149 0.8011 0.8961 0.8862 0.8689
113 0.9130 0.7868 0.8943 0.8766 0.8577
114 0.9235 0.6912 0.9049 0.8834 0.8644
115 0.9157 0.7768 0.8973 0.8818 0.8629
116 0.9184 0.7519 0.8998 0.8884 0.8693
117 0.9216 0.7231 0.9037 0.8859 0.8629
118 0.9139 0.7939 0.8932 0.8887 0.8683
119 0.9227 0.7095 0.9044 0.8803 0.8639
120 0.9266 0.6718 0.9072 0.8888 0.8677
121 0.9171 0.7677 0.8978 0.8867 0.8691
122 0.9251 0.6740 0.9063 0.8867 0.8654
123 0.9234 0.6996 0.9062 0.8838 0.8641
124 0.9319 0.6435 0.9142 0.8916 0.8720
125 0.9301 0.6507 0.9133 0.8875 0.8660
126 0.9248 0.6811 0.9075 0.8854 0.8656
127 0.9282 0.6648 0.9119 0.8879 0.8670
128 0.9278 0.6551 0.9109 0.8887 0.8680
129 0.9274 0.6658 0.9112 0.8903 0.8709
130 0.9324 0.6281 0.9160 0.8856 0.8661
131 0.9274 0.6581 0.9108 0.8868 0.8677
132 0.9330 0.6182 0.9177 0.8845 0.8639
133 0.9332 0.6284 0.9159 0.8873 0.8684
134 0.9266 0.6779 0.9095 0.8870 0.8680
135 0.9318 0.6166 0.9147 0.8892 0.8712
136 0.9296 0.6212 0.9118 0.8911 0.8712
137 0.9339 0.5812 0.9204 0.8882 0.8680
138 0.9335 0.5915 0.9207 0.8886 0.8676
139 0.9333 0.6016 0.9179 0.8952 0.8754
140 0.9290 0.6307 0.9118 0.8928 0.8732
141 0.9363 0.5692 0.9218 0.8960 0.8760
142 0.9322 0.6018 0.9185 0.8922 0.8733
143 0.9339 0.5830 0.9174 0.8930 0.8729
144 0.9327 0.5915 0.9171 0.8920 0.8724
145 0.9363 0.5516 0.9212 0.8923 0.8741
146 0.9399 0.5156 0.9279 0.8966 0.8772
147 0.9412 0.5332 0.9288 0.8945 0.8754
148 0.9347 0.5723 0.9188 0.8992 0.8798
149 0.9399 0.5430 0.9254 0.8955 0.8766
150 0.9321 0.6232 0.9157 0.8947 0.8750
151 0.9225 0.6784 0.9057 0.8931 0.8741
152 0.9330 0.6089 0.9185 0.8904 0.8719
153 0.9329 0.6106 0.9155 0.8941 0.8766
154 0.9311 0.6299 0.9157 0.9005 0.8798
155 0.9344 0.5769 0.9199 0.8948 0.8757
156 0.9311 0.6313 0.9150 0.8943 0.8766
157 0.9334 0.5995 0.9170 0.8936 0.8735
158 0.9331 0.5975 0.9157 0.8931 0.8737
159 0.9338 0.5883 0.9195 0.8955 0.8753
160 0.9387 0.5483 0.9250 0.8913 0.8724
161 0.9341 0.6065 0.9200 0.8976 0.8795
162 0.9336 0.5903 0.9196 0.8925 0.8745
163 0.9306 0.6075 0.9177 0.8984 0.8786
164 0.9403 0.5465 0.9245 0.8899 0.8710
165 0.9325 0.5927 0.9164 0.8998 0.8802
166 0.9332 0.6030 0.9192 0.8951 0.8781
167 0.9334 0.5942 0.9196 0.8902 0.8716
168 0.9313 0.6213 0.9159 0.8970 0.8778
169 0.9321 0.5884 0.9160 0.8967 0.8779
170 0.9353 0.5544 0.9211 0.8924 0.8710
171 0.9416 0.5196 0.9274 0.8951 0.8750
172 0.9343 0.5717 0.9201 0.8964 0.8790
173 0.9398 0.5277 0.9271 0.8967 0.8765
174 0.9390 0.5436 0.9246 0.8993 0.8795
175 0.9352 0.5658 0.9196 0.8919 0.8749
176 0.9407 0.5193 0.9249 0.8904 0.8726
177 0.9347 0.5648 0.9212 0.8957 0.8784
178 0.9369 0.5603 0.9232 0.8919 0.8739
179 0.9317 0.5638 0.9179 0.8906 0.8720
180 0.9379 0.5437 0.9235 0.8961 0.8776
181 0.9375 0.5381 0.9239 0.8976 0.8786
182 0.9413 0.5088 0.9282 0.8965 0.8784
183 0.9399 0.4981 0.9257 0.8965 0.8783
184 0.9374 0.5173 0.9236 0.8941 0.8764
185 0.9391 0.5290 0.9249 0.8958 0.8780
186 0.9404 0.5055 0.9287 0.8949 0.8775
187 0.9439 0.4943 0.9309 0.8973 0.8780
188 0.9438 0.4810 0.9309 0.8973 0.8781
189 0.9368 0.5355 0.9233 0.8977 0.8788
190 0.9455 0.4826 0.9332 0.8975 0.8784
191 0.9424 0.4954 0.9302 0.8975 0.8801
192 0.9409 0.4841 0.9260 0.8966 0.8778
193 0.9459 0.4938 0.9320 0.8991 0.8806
194 0.9408 0.5102 0.9263 0.8969 0.8802
195 0.9399 0.5059 0.9255 0.8967 0.8796
196 0.9480 0.4589 0.9365 0.8970 0.8799
197 0.9453 0.4801 0.9317 0.8961 0.8774
198 0.9437 0.4849 0.9311 0.8960 0.8788
199 0.9380 0.5183 0.9246 0.8980 0.8805
