epoch train_iou train_loss train_mAP val_iou val_mAP
0 0.6414 0.2859 0.5683 0.7355 0.6644
1 0.7503 0.2459 0.6926 0.7768 0.7282
2 0.7805 0.2539 0.7330 0.8113 0.7682
3 0.7936 0.2850 0.7493 0.7921 0.7553
4 0.7904 0.3192 0.7435 0.8174 0.7871
5 0.8050 0.3392 0.7591 0.8228 0.7904
6 0.8032 0.3712 0.7620 0.8337 0.8006
7 0.8274 0.3653 0.7882 0.8268 0.7995
8 0.8303 0.3763 0.7926 0.8297 0.7984
9 0.8270 0.4259 0.7907 0.8325 0.7912
10 0.8333 0.4414 0.7935 0.8367 0.8049
11 0.8334 0.4702 0.7978 0.8349 0.8060
12 0.8347 0.5021 0.7985 0.8383 0.8025
13 0.8441 0.4923 0.8125 0.8433 0.8129
14 0.8381 0.5669 0.8027 0.8512 0.8244
15 0.8398 0.5635 0.8055 0.8494 0.8178
16 0.8456 0.5692 0.8103 0.8380 0.8070
17 0.8528 0.5669 0.8228 0.8571 0.8246
18 0.8554 0.5804 0.8248 0.8508 0.8181
19 0.8522 0.6340 0.8182 0.8473 0.8201
20 0.8607 0.6275 0.8292 0.8390 0.8135
21 0.8530 0.6644 0.8218 0.8526 0.8213
22 0.8624 0.6561 0.8324 0.8509 0.8252
23 0.8637 0.6694 0.8347 0.8505 0.8289
24 0.8580 0.7311 0.8290 0.8527 0.8179
25 0.8696 0.6814 0.8394 0.8504 0.8275
26 0.8523 0.7835 0.8186 0.8543 0.8331
27 0.8624 0.7684 0.8300 0.8630 0.8366
28 0.8701 0.7579 0.8419 0.8570 0.8339
29 0.8739 0.7522 0.8452 0.8679 0.8406
30 0.8676 0.8077 0.8365 0.8570 0.8325
31 0.8710 0.7933 0.8420 0.8581 0.8300
32 0.8775 0.8054 0.8520 0.8615 0.8390
33 0.8771 0.8201 0.8517 0.8641 0.8380
34 0.8746 0.8451 0.8478 0.8712 0.8429
35 0.8808 0.8223 0.8542 0.8684 0.8399
36 0.8861 0.8048 0.8592 0.8668 0.8425
37 0.8776 0.8822 0.8518 0.8688 0.8430
38 0.8899 0.8248 0.8637 0.8646 0.8389
39 0.8889 0.8660 0.8627 0.8727 0.8500
40 0.8746 0.9582 0.8447 0.8616 0.8360
41 0.8869 0.8988 0.8601 0.8757 0.8505
42 0.8847 0.9195 0.8603 0.8752 0.8522
43 0.8895 0.9089 0.8637 0.8722 0.8472
44 0.8889 0.9249 0.8631 0.8767 0.8534
45 0.8961 0.8808 0.8729 0.8748 0.8523
46 0.9002 0.8953 0.8740 0.8747 0.8516
47 0.8961 0.9339 0.8693 0.8705 0.8481
48 0.8986 0.9314 0.8726 0.8786 0.8568
49 0.9010 0.8868 0.8784 0.8775 0.8547
50 0.8650 1.3048 0.8343 0.8622 0.8344
51 0.8525 1.3818 0.8229 0.8540 0.8206
52 0.8719 1.2520 0.8450 0.8545 0.8300
53 0.8683 1.2380 0.8411 0.8532 0.8268
54 0.8682 1.2725 0.8408 0.8667 0.8396
55 0.8645 1.2861 0.8373 0.8636 0.8379
56 0.8684 1.2192 0.8401 0.8564 0.8325
57 0.8716 1.1954 0.8445 0.8640 0.8305
58 0.8677 1.2275 0.8420 0.8617 0.8344
59 0.8799 1.1517 0.8539 0.8614 0.8347
60 0.8766 1.1454 0.8500 0.8729 0.8485
61 0.8681 1.2446 0.8379 0.8618 0.8389
62 0.8798 1.1296 0.8542 0.8690 0.8430
63 0.8844 1.0719 0.8579 0.8688 0.8445
64 0.8865 1.0556 0.8608 0.8704 0.8494
65 0.8846 1.0801 0.8562 0.8745 0.8486
66 0.8899 1.0467 0.8613 0.8768 0.8530
67 0.8872 1.0624 0.8619 0.8654 0.8465
68 0.8903 1.0512 0.8643 0.8773 0.8531
69 0.8930 1.0126 0.8679 0.8633 0.8425
70 0.8939 1.0268 0.8709 0.8552 0.8324
71 0.8898 1.0407 0.8636 0.8690 0.8452
72 0.8909 1.0103 0.8651 0.8776 0.8531
73 0.8917 1.0227 0.8644 0.8723 0.8509
74 0.8967 0.9533 0.8742 0.8730 0.8469
75 0.8990 0.9490 0.8755 0.8774 0.8527
76 0.8907 1.0167 0.8660 0.8794 0.8561
77 0.9002 0.9262 0.8773 0.8747 0.8507
78 0.8986 0.9735 0.8722 0.8583 0.8411
79 0.8970 0.9664 0.8737 0.8731 0.8532
80 0.8985 0.9282 0.8747 0.8716 0.8469
81 0.9050 0.9015 0.8830 0.8693 0.8462
82 0.8954 0.9458 0.8713 0.8719 0.8509
83 0.9021 0.9131 0.8803 0.8782 0.8557
84 0.9107 0.8380 0.8923 0.8763 0.8580
85 0.9069 0.8599 0.8854 0.8791 0.8580
86 0.9031 0.8951 0.8804 0.8782 0.8602
87 0.9092 0.8381 0.8857 0.8831 0.8618
88 0.9125 0.8337 0.8896 0.8755 0.8569
89 0.9103 0.8287 0.8903 0.8796 0.8604
90 0.9060 0.8675 0.8843 0.8765 0.8560
91 0.9142 0.7706 0.8940 0.8831 0.8605
92 0.9197 0.7447 0.9005 0.8856 0.8647
93 0.9145 0.7789 0.8950 0.8813 0.8607
94 0.9136 0.8333 0.8923 0.8810 0.8627
95 0.9121 0.8155 0.8920 0.8807 0.8602
96 0.9176 0.7487 0.8975 0.8830 0.8657
97 0.9204 0.7413 0.9003 0.8815 0.8625
98 0.9217 0.7161 0.9048 0.8818 0.8616
99 0.9158 0.7353 0.8947 0.8805 0.8606
100 0.9032 0.8955 0.8798 0.8666 0.8419
101 0.9045 0.8977 0.8808 0.8734 0.8530
102 0.9111 0.8586 0.8895 0.8821 0.8611
103 0.9106 0.8481 0.8886 0.8796 0.8590
104 0.9023 0.8905 0.8791 0.8780 0.8575
105 0.9066 0.8407 0.8835 0.8803 0.8616
106 0.9028 0.9234 0.8787 0.8786 0.8579
107 0.9014 0.8978 0.8781 0.8762 0.8528
108 0.9070 0.8545 0.8859 0.8785 0.8540
109 0.9071 0.8747 0.8835 0.8747 0.8530
110 0.9025 0.8891 0.8801 0.8736 0.8551
111 0.9114 0.8429 0.8902 0.8718 0.8524
112 0.9010 0.9111 0.8780 0.8791 0.8608
113 0.9142 0.8151 0.8936 0.8756 0.8539
114 0.9102 0.8202 0.8888 0.8784 0.8600
115 0.9102 0.8274 0.8899 0.8814 0.8604
116 0.9127 0.8015 0.8882 0.8717 0.8482
117 0.9126 0.7909 0.8929 0.8806 0.8612
118 0.9088 0.8300 0.8862 0.8849 0.8643
119 0.9172 0.7709 0.8981 0.8825 0.8646
120 0.9225 0.7220 0.9031 0.8811 0.8620
121 0.9136 0.7893 0.8971 0.8819 0.8631
122 0.9129 0.7826 0.8928 0.8827 0.8626
123 0.9200 0.7408 0.9023 0.8766 0.8581
124 0.9180 0.7707 0.8976 0.8801 0.8602
125 0.9132 0.7801 0.8910 0.8821 0.8606
126 0.9192 0.7329 0.9001 0.8862 0.8646
127 0.9173 0.7613 0.8961 0.8849 0.8656
128 0.9281 0.6750 0.9109 0.8791 0.8631
129 0.9216 0.7013 0.9042 0.8875 0.8677
130 0.9181 0.7538 0.8985 0.8894 0.8692
131 0.9242 0.7162 0.9050 0.8854 0.8664
132 0.9219 0.7472 0.9013 0.8865 0.8661
133 0.9254 0.6948 0.9089 0.8807 0.8596
134 0.9198 0.7360 0.8993 0.8849 0.8652
135 0.9191 0.7306 0.8999 0.8904 0.8716
136 0.9188 0.7110 0.8998 0.8866 0.8671
137 0.9236 0.6940 0.9058 0.8860 0.8680
138 0.9273 0.6447 0.9114 0.8851 0.8656
139 0.9252 0.6859 0.9056 0.8854 0.8645
140 0.9234 0.6915 0.9051 0.8878 0.8695
141 0.9320 0.6055 0.9167 0.8819 0.8615
142 0.9265 0.6429 0.9087 0.8903 0.8716
143 0.9318 0.6403 0.9147 0.8893 0.8694
144 0.9221 0.6896 0.9012 0.8884 0.8687
145 0.9278 0.6408 0.9109 0.8881 0.8696
146 0.9313 0.6191 0.9142 0.8910 0.8715
147 0.9299 0.6020 0.9132 0.8906 0.8698
148 0.9292 0.6343 0.9123 0.8874 0.8704
149 0.9285 0.6539 0.9117 0.8878 0.8684
150 0.9225 0.7006 0.9035 0.8826 0.8632
151 0.9265 0.6527 0.9057 0.8865 0.8656
152 0.9221 0.7143 0.9050 0.8877 0.8654
153 0.9250 0.6801 0.9053 0.8871 0.8677
154 0.9269 0.6776 0.9072 0.8852 0.8639
155 0.9265 0.6669 0.9077 0.8805 0.8581
156 0.9199 0.7059 0.9012 0.8795 0.8605
157 0.9226 0.7054 0.9048 0.8869 0.8680
158 0.9234 0.6939 0.9034 0.8871 0.8691
159 0.9270 0.6510 0.9086 0.8853 0.8659
160 0.9228 0.7042 0.9031 0.8858 0.8669
161 0.9259 0.6706 0.9083 0.8837 0.8636
162 0.9174 0.7459 0.8972 0.8884 0.8661
163 0.9229 0.6966 0.9036 0.8865 0.8687
164 0.9356 0.5869 0.9205 0.8857 0.8654
165 0.9229 0.6802 0.9023 0.8888 0.8677
166 0.9218 0.6860 0.9028 0.8834 0.8649
167 0.9285 0.6306 0.9106 0.8880 0.8676
168 0.9316 0.6420 0.9144 0.8875 0.8685
169 0.9305 0.6362 0.9153 0.8897 0.8697
170 0.9264 0.6668 0.9095 0.8850 0.8649
171 0.9262 0.6608 0.9079 0.8828 0.8620
172 0.9281 0.6616 0.9102 0.8901 0.8682
173 0.9265 0.6624 0.9107 0.8837 0.8654
174 0.9302 0.6168 0.9131 0.8867 0.8667
175 0.9266 0.6276 0.9100 0.8923 0.8734
176 0.9307 0.6242 0.9140 0.8869 0.8690
177 0.9284 0.6337 0.9121 0.8896 0.8665
178 0.9308 0.6242 0.9132 0.8883 0.8695
179 0.9281 0.6266 0.9116 0.8843 0.8657
180 0.9300 0.6094 0.9132 0.8883 0.8693
181 0.9357 0.5757 0.9196 0.8858 0.8670
182 0.9297 0.6126 0.9147 0.8860 0.8662
183 0.9298 0.6201 0.9145 0.8835 0.8627
184 0.9354 0.6009 0.9205 0.8886 0.8690
185 0.9355 0.5577 0.9202 0.8868 0.8656
186 0.9352 0.5881 0.9202 0.8934 0.8731
187 0.9271 0.6240 0.9105 0.8907 0.8704
188 0.9297 0.6156 0.9131 0.8889 0.8699
189 0.9316 0.5907 0.9145 0.8888 0.8694
190 0.9316 0.6134 0.9118 0.8916 0.8721
191 0.9396 0.5517 0.9248 0.8898 0.8692
192 0.9402 0.5437 0.9239 0.8880 0.8684
193 0.9335 0.5852 0.9172 0.8885 0.8702
194 0.9344 0.5682 0.9189 0.8893 0.8689
195 0.9340 0.5617 0.9191 0.8889 0.8699
196 0.9309 0.5953 0.9115 0.8872 0.8675
197 0.9400 0.5463 0.9256 0.8846 0.8660
198 0.9334 0.5729 0.9179 0.8875 0.8681
199 0.9376 0.5448 0.9217 0.8913 0.8704
