epoch train_iou train_loss train_mAP val_iou val_mAP
0 0.6204 0.2692 0.5397 0.7199 0.6637
1 0.7312 0.2437 0.6719 0.7495 0.7054
2 0.7610 0.2563 0.7110 0.7735 0.7304
3 0.7914 0.2637 0.7453 0.8147 0.7776
4 0.8244 0.2656 0.7811 0.8155 0.7776
5 0.8277 0.2829 0.7882 0.8154 0.7830
6 0.8304 0.3151 0.7902 0.8198 0.7861
7 0.8261 0.3711 0.7883 0.8150 0.7770
8 0.8298 0.3859 0.7920 0.8235 0.7784
9 0.8212 0.4368 0.7786 0.8323 0.7952
10 0.8370 0.4557 0.7995 0.8372 0.8021
11 0.8508 0.4157 0.8159 0.8354 0.8047
12 0.8581 0.4356 0.8251 0.8540 0.8211
13 0.8625 0.4187 0.8311 0.8508 0.8207
14 0.8711 0.4292 0.8389 0.8642 0.8332
15 0.8942 0.3917 0.8671 0.8615 0.8320
16 0.8787 0.4487 0.8485 0.8633 0.8350
17 0.8592 0.5238 0.8268 0.8658 0.8376
18 0.8660 0.5542 0.8320 0.8288 0.7977
19 0.8606 0.5908 0.8264 0.8534 0.8216
20 0.8613 0.6195 0.8302 0.8496 0.8212
21 0.8676 0.6006 0.8364 0.8608 0.8320
22 0.8779 0.5809 0.8509 0.8572 0.8271
23 0.8893 0.5490 0.8614 0.8647 0.8380
24 0.8872 0.5686 0.8603 0.8658 0.8378
25 0.8930 0.5617 0.8657 0.8665 0.8395
26 0.9006 0.5367 0.8733 0.8753 0.8445
27 0.8854 0.6383 0.8563 0.8705 0.8414
28 0.8790 0.6950 0.8502 0.8712 0.8434
29 0.8831 0.7039 0.8573 0.8659 0.8340
30 0.8772 0.7622 0.8492 0.8630 0.8338
31 0.8810 0.7649 0.8515 0.8600 0.8307
32 0.8955 0.6901 0.8692 0.8699 0.8393
33 0.8905 0.7102 0.8623 0.8706 0.8428
34 0.9003 0.6554 0.8750 0.8720 0.8451
35 0.9089 0.6536 0.8871 0.8701 0.8451
36 0.8942 0.7358 0.8690 0.8746 0.8490
37 0.8970 0.7549 0.8663 0.8729 0.8450
38 0.8927 0.8101 0.8645 0.8693 0.8447
39 0.8906 0.8638 0.8656 0.8640 0.8326
40 0.8846 0.9000 0.8583 0.8773 0.8484
41 0.8906 0.8881 0.8645 0.8564 0.8296
42 0.8927 0.8897 0.8657 0.8679 0.8464
43 0.9010 0.8197 0.8793 0.8760 0.8490
44 0.9016 0.8094 0.8760 0.8787 0.8539
45 0.9115 0.7443 0.8886 0.8807 0.8557
46 0.9070 0.7912 0.8826 0.8785 0.8535
47 0.9048 0.8343 0.8825 0.8769 0.8476
48 0.9006 0.9119 0.8748 0.8762 0.8525
49 0.8996 0.9022 0.8763 0.8653 0.8341
50 0.8962 0.9920 0.8730 0.8709 0.8476
51 0.8905 1.0349 0.8637 0.8663 0.8425
52 0.9021 0.9448 0.8773 0.8730 0.8460
53 0.9159 0.8181 0.8961 0.8724 0.8459
54 0.9116 0.8327 0.8889 0.8759 0.8512
55 0.9169 0.7948 0.8956 0.8738 0.8486
56 0.9134 0.8087 0.8918 0.8753 0.8510
57 0.9127 0.8093 0.8935 0.8695 0.8451
58 0.9044 0.9043 0.8826 0.8690 0.8434
59 0.9037 0.9150 0.8815 0.8748 0.8485
60 0.8976 0.9648 0.8715 0.8791 0.8524
61 0.9020 0.9117 0.8775 0.8811 0.8564
62 0.9077 0.8587 0.8805 0.8725 0.8477
63 0.9130 0.8247 0.8886 0.8828 0.8581
64 0.9215 0.7318 0.9020 0.8809 0.8570
65 0.9267 0.7178 0.9075 0.8770 0.8550
66 0.9205 0.7465 0.9002 0.8771 0.8542
67 0.9177 0.7558 0.8947 0.8802 0.8574
68 0.9118 0.8193 0.8904 0.8806 0.8561
69 0.9095 0.8569 0.8851 0.8817 0.8562
70 0.9008 0.9616 0.8736 0.8755 0.8511
71 0.9019 0.9127 0.8789 0.8722 0.8476
72 0.9132 0.8156 0.8915 0.8794 0.8554
73 0.9134 0.7880 0.8891 0.8844 0.8580
74 0.9167 0.7572 0.8959 0.8879 0.8661
75 0.9212 0.7223 0.9035 0.8871 0.8650
76 0.9290 0.6697 0.9119 0.8847 0.8614
77 0.9216 0.7166 0.9018 0.8847 0.8614
78 0.9166 0.7852 0.8934 0.8818 0.8560
79 0.9101 0.8338 0.8883 0.8758 0.8545
80 0.8996 0.9612 0.8772 0.8691 0.8454
81 0.9095 0.8592 0.8894 0.8781 0.8530
82 0.9118 0.8121 0.8912 0.8740 0.8515
83 0.9155 0.7980 0.8952 0.8787 0.8514
84 0.9224 0.7097 0.9027 0.8856 0.8594
85 0.9269 0.6788 0.9072 0.8842 0.8583
86 0.9219 0.7123 0.9015 0.8903 0.8654
87 0.9261 0.6799 0.9067 0.8859 0.8604
88 0.9167 0.7692 0.8942 0.8804 0.8560
89 0.9127 0.8099 0.8889 0.8780 0.8528
90 0.9115 0.8497 0.8894 0.8819 0.8557
91 0.9049 0.8762 0.8823 0.8801 0.8542
92 0.9177 0.7536 0.8952 0.8872 0.8626
93 0.9217 0.7262 0.9041 0.8850 0.8625
94 0.9266 0.6889 0.9086 0.8873 0.8641
95 0.9230 0.6836 0.9057 0.8883 0.8657
96 0.9276 0.6524 0.9107 0.8910 0.8670
97 0.9191 0.7459 0.9006 0.8836 0.8601
98 0.9179 0.7497 0.8971 0.8786 0.8517
99 0.9150 0.7805 0.8956 0.8740 0.8530
100 0.9179 0.7216 0.8986 0.8803 0.8571
101 0.9257 0.6992 0.9064 0.8837 0.8602
102 0.9249 0.7021 0.9062 0.8861 0.8656
103 0.9302 0.6473 0.9128 0.8830 0.8581
104 0.9336 0.5924 0.9164 0.8841 0.8602
105 0.9267 0.6610 0.9109 0.8823 0.8586
106 0.9323 0.6005 0.9158 0.8855 0.8616
107 0.9340 0.6001 0.9174 0.8839 0.8620
108 0.9352 0.5934 0.9177 0.8833 0.8620
109 0.9280 0.6589 0.9101 0.8847 0.8644
110 0.9258 0.6618 0.9077 0.8766 0.8557
111 0.9321 0.6351 0.9148 0.8822 0.8600
112 0.9322 0.6162 0.9178 0.8863 0.8666
113 0.9279 0.6417 0.9106 0.8846 0.8644
114 0.9276 0.6419 0.9096 0.8879 0.8647
115 0.9343 0.5989 0.9174 0.8865 0.8629
116 0.9370 0.5656 0.9217 0.8871 0.8646
117 0.9377 0.5521 0.9224 0.8899 0.8686
118 0.9332 0.6020 0.9174 0.8858 0.8619
119 0.9292 0.6309 0.9127 0.8871 0.8629
120 0.9338 0.6181 0.9183 0.8873 0.8631
121 0.9296 0.6380 0.9128 0.8881 0.8627
122 0.9331 0.6110 0.9169 0.8834 0.8607
123 0.9317 0.6323 0.9136 0.8860 0.8625
124 0.9374 0.5483 0.9230 0.8871 0.8629
125 0.9346 0.5794 0.9188 0.8899 0.8652
126 0.9314 0.6157 0.9149 0.8880 0.8650
127 0.9359 0.5817 0.9205 0.8909 0.8662
128 0.9360 0.5853 0.9204 0.8838 0.8619
129 0.9333 0.5937 0.9166 0.8821 0.8599
130 0.9234 0.6816 0.9052 0.8806 0.8569
131 0.9318 0.6049 0.9153 0.8883 0.8662
132 0.9367 0.5641 0.9225 0.8881 0.8666
133 0.9348 0.5947 0.9168 0.8900 0.8664
134 0.9394 0.5394 0.9245 0.8916 0.8680
135 0.9368 0.5603 0.9231 0.8923 0.8687
136 0.9359 0.5694 0.9198 0.8909 0.8689
137 0.9306 0.6104 0.9133 0.8919 0.8686
138 0.9325 0.5879 0.9167 0.8892 0.8662
139 0.9347 0.5628 0.9200 0.8829 0.8575
140 0.9399 0.5518 0.9254 0.8834 0.8617
141 0.9264 0.6668 0.9086 0.8883 0.8660
142 0.9338 0.5835 0.9177 0.8816 0.8580
143 0.9374 0.5596 0.9225 0.8864 0.8650
144 0.9349 0.5796 0.9195 0.8879 0.8643
145 0.9349 0.5661 0.9214 0.8871 0.8649
146 0.9388 0.5491 0.9232 0.8898 0.8674
147 0.9381 0.5387 0.9216 0.8893 0.8641
148 0.9370 0.5664 0.9209 0.8857 0.8614
149 0.9387 0.5672 0.9246 0.8881 0.8646
150 0.9294 0.6333 0.9127 0.8851 0.8616
151 0.9320 0.5820 0.9175 0.8866 0.8652
152 0.9307 0.6157 0.9145 0.8888 0.8661
153 0.9338 0.5896 0.9162 0.8916 0.8689
154 0.9409 0.5324 0.9271 0.8931 0.8705
155 0.9427 0.5243 0.9311 0.8901 0.8676
156 0.9397 0.5201 0.9241 0.8939 0.8704
157 0.9345 0.5655 0.9216 0.8882 0.8652
158 0.9410 0.5303 0.9279 0.8904 0.8664
159 0.9390 0.5671 0.9243 0.8905 0.8691
160 0.9399 0.5427 0.9255 0.8906 0.8684
161 0.9391 0.5229 0.9234 0.8912 0.8686
162 0.9426 0.5158 0.9278 0.8908 0.8702
163 0.9424 0.4973 0.9282 0.8905 0.8704
164 0.9429 0.5164 0.9301 0.8942 0.8716
165 0.9393 0.5240 0.9257 0.8931 0.8703
166 0.9434 0.5084 0.9323 0.8914 0.8709
167 0.9389 0.5303 0.9258 0.8903 0.8699
168 0.9468 0.4885 0.9336 0.8911 0.8695
169 0.9419 0.4996 0.9271 0.8929 0.8711
170 0.9454 0.4787 0.9321 0.8921 0.8702
171 0.9371 0.5248 0.9233 0.8908 0.8687
172 0.9436 0.4905 0.9313 0.8920 0.8693
173 0.9418 0.5090 0.9288 0.8932 0.8715
174 0.9432 0.4897 0.9305 0.8907 0.8703
175 0.9459 0.4877 0.9341 0.8910 0.8699
176 0.9450 0.4866 0.9334 0.8918 0.8705
177 0.9419 0.5027 0.9280 0.8945 0.8728
178 0.9456 0.4869 0.9331 0.8941 0.8733
179 0.9433 0.4932 0.9291 0.8915 0.8700
180 0.9447 0.4847 0.9312 0.8912 0.8695
181 0.9439 0.4833 0.9293 0.8947 0.8707
182 0.9388 0.5295 0.9243 0.8929 0.8706
183 0.9465 0.4626 0.9357 0.8942 0.8721
184 0.9415 0.5122 0.9296 0.8926 0.8709
185 0.9485 0.4686 0.9353 0.8931 0.8704
186 0.9493 0.4635 0.9342 0.8926 0.8696
187 0.9446 0.4905 0.9321 0.8930 0.8706
188 0.9400 0.5102 0.9257 0.8899 0.8686
189 0.9473 0.4790 0.9345 0.8927 0.8707
190 0.9429 0.4917 0.9287 0.8913 0.8687
191 0.9443 0.4694 0.9325 0.8933 0.8696
192 0.9449 0.4762 0.9314 0.8925 0.8712
193 0.9439 0.5079 0.9320 0.8926 0.8701
194 0.9464 0.4755 0.9346 0.8907 0.8686
195 0.9471 0.4664 0.9345 0.8917 0.8690
196 0.9460 0.4720 0.9332 0.8914 0.8687
197 0.9426 0.5137 0.9312 0.8930 0.8689
198 0.9430 0.4761 0.9297 0.8921 0.8686
199 0.9482 0.4495 0.9378 0.8932 0.8705
