epoch train_iou train_loss train_mAP val_iou val_mAP
0 0.5414 0.1681 0.4653 0.6257 0.5737
1 0.6758 0.1621 0.6139 0.7090 0.6578
2 0.7025 0.1746 0.6471 0.7175 0.6721
3 0.7448 0.1811 0.6937 0.7467 0.7049
4 0.7715 0.1850 0.7228 0.7742 0.7340
5 0.7843 0.2005 0.7384 0.7797 0.7434
6 0.7746 0.2251 0.7272 0.7562 0.7177
7 0.7790 0.2519 0.7316 0.7650 0.7050
8 0.7704 0.2766 0.7229 0.7773 0.7272
9 0.7719 0.2964 0.7253 0.7763 0.7177
10 0.7692 0.3313 0.7207 0.7830 0.7435
11 0.7911 0.3136 0.7449 0.7716 0.7351
12 0.7982 0.3334 0.7575 0.8115 0.7766
13 0.8241 0.3029 0.7853 0.8032 0.7623
14 0.8360 0.2994 0.7998 0.8378 0.8010
15 0.8490 0.2883 0.8118 0.8389 0.8066
16 0.8417 0.3179 0.8056 0.8449 0.8079
17 0.8381 0.3516 0.7991 0.8152 0.7802
18 0.8240 0.3893 0.7832 0.8146 0.7730
19 0.8241 0.4125 0.7857 0.8071 0.7653
20 0.8188 0.4428 0.7799 0.8225 0.7826
21 0.8317 0.4267 0.7947 0.8168 0.7760
22 0.8388 0.4098 0.8021 0.8330 0.8000
23 0.8486 0.3971 0.8142 0.8440 0.8137
24 0.8586 0.3765 0.8247 0.8535 0.8194
25 0.8688 0.3725 0.8340 0.8557 0.8215
26 0.8714 0.3770 0.8362 0.8485 0.8153
27 0.8600 0.4191 0.8256 0.8335 0.8037
28 0.8498 0.4587 0.8160 0.8271 0.7922
29 0.8369 0.5254 0.7997 0.8323 0.8023
30 0.8409 0.5616 0.8043 0.8254 0.7909
31 0.8499 0.5215 0.8140 0.8322 0.7978
32 0.8595 0.4902 0.8273 0.8499 0.8150
33 0.8696 0.4609 0.8348 0.8553 0.8201
34 0.8788 0.4397 0.8450 0.8605 0.8293
35 0.8860 0.4122 0.8533 0.8608 0.8305
36 0.8849 0.4298 0.8528 0.8603 0.8304
37 0.8780 0.4711 0.8456 0.8536 0.8257
38 0.8702 0.5105 0.8380 0.8380 0.8085
39 0.8617 0.5697 0.8278 0.8350 0.8042
40 0.8522 0.6255 0.8173 0.8403 0.8075
41 0.8702 0.5576 0.8371 0.8433 0.8121
42 0.8732 0.5577 0.8385 0.8446 0.8215
43 0.8850 0.5079 0.8525 0.8576 0.8256
44 0.8921 0.4838 0.8594 0.8623 0.8361
45 0.8968 0.4627 0.8681 0.8623 0.8371
46 0.8942 0.4987 0.8638 0.8604 0.8357
47 0.8963 0.4937 0.8649 0.8512 0.8257
48 0.8835 0.5780 0.8533 0.8477 0.8237
49 0.8760 0.6134 0.8418 0.8310 0.7975
50 0.8632 0.7183 0.8299 0.8455 0.8190
51 0.8748 0.6454 0.8433 0.8478 0.8198
52 0.8796 0.6326 0.8463 0.8562 0.8233
53 0.8897 0.5664 0.8601 0.8614 0.8337
54 0.9012 0.5371 0.8728 0.8653 0.8367
55 0.9040 0.5103 0.8729 0.8669 0.8388
56 0.8999 0.5524 0.8706 0.8710 0.8434
57 0.8993 0.5594 0.8708 0.8561 0.8304
58 0.8936 0.5963 0.8623 0.8521 0.8238
59 0.8845 0.6793 0.8557 0.8419 0.8143
60 0.8734 0.7936 0.8397 0.8355 0.8070
61 0.8767 0.7409 0.8460 0.8427 0.8118
62 0.8894 0.6866 0.8574 0.8634 0.8334
63 0.8926 0.6536 0.8611 0.8646 0.8363
64 0.9043 0.5894 0.8747 0.8622 0.8343
65 0.9002 0.5923 0.8707 0.8639 0.8365
66 0.9037 0.5916 0.8736 0.8644 0.8376
67 0.9028 0.6072 0.8760 0.8621 0.8349
68 0.8983 0.6487 0.8689 0.8568 0.8282
69 0.8907 0.7448 0.8602 0.8524 0.8244
70 0.8749 0.8645 0.8408 0.8497 0.8150
71 0.8784 0.8049 0.8469 0.8546 0.8270
72 0.8920 0.7561 0.8631 0.8569 0.8305
73 0.8987 0.6943 0.8685 0.8604 0.8351
74 0.9037 0.6482 0.8751 0.8709 0.8418
75 0.9071 0.6222 0.8787 0.8699 0.8421
76 0.9082 0.6329 0.8799 0.8652 0.8387
77 0.9083 0.6553 0.8795 0.8572 0.8314
78 0.9045 0.7003 0.8748 0.8597 0.8353
79 0.8966 0.7837 0.8666 0.8450 0.8173
80 0.8871 0.8658 0.8581 0.8475 0.8220
81 0.8861 0.8731 0.8570 0.8423 0.8077
82 0.8952 0.7982 0.8652 0.8668 0.8383
83 0.9025 0.7493 0.8767 0.8631 0.8389
84 0.9128 0.6827 0.8853 0.8686 0.8445
85 0.9159 0.6479 0.8921 0.8694 0.8459
86 0.9178 0.6540 0.8902 0.8721 0.8474
87 0.9082 0.6974 0.8804 0.8674 0.8404
88 0.9053 0.7649 0.8766 0.8615 0.8380
89 0.8916 0.9005 0.8627 0.8382 0.8078
90 0.8841 0.9891 0.8533 0.8619 0.8329
91 0.8901 0.8840 0.8617 0.8647 0.8350
92 0.9004 0.8405 0.8716 0.8625 0.8352
93 0.9084 0.7633 0.8812 0.8679 0.8433
94 0.9123 0.7582 0.8868 0.8714 0.8475
95 0.9168 0.7046 0.8908 0.8746 0.8498
96 0.9130 0.7291 0.8858 0.8754 0.8501
97 0.9117 0.7492 0.8872 0.8728 0.8495
98 0.9099 0.7845 0.8819 0.8629 0.8388
99 0.9002 0.9150 0.8722 0.8415 0.8119
100 0.9005 0.9008 0.8732 0.8635 0.8332
101 0.9099 0.7999 0.8847 0.8711 0.8456
102 0.9092 0.7762 0.8817 0.8717 0.8478
103 0.9151 0.7445 0.8885 0.8708 0.8465
104 0.9220 0.6795 0.8971 0.8688 0.8444
105 0.9222 0.6766 0.8997 0.8702 0.8463
106 0.9181 0.7304 0.8927 0.8712 0.8471
107 0.9175 0.7139 0.8927 0.8738 0.8496
108 0.9200 0.6927 0.8947 0.8831 0.8577
109 0.9236 0.6845 0.8999 0.8661 0.8397
110 0.9140 0.7494 0.8873 0.8696 0.8429
111 0.9136 0.7414 0.8897 0.8645 0.8335
112 0.9153 0.7415 0.8912 0.8759 0.8495
113 0.9195 0.7042 0.8982 0.8719 0.8462
114 0.9261 0.6559 0.9033 0.8760 0.8516
115 0.9237 0.6592 0.9023 0.8765 0.8523
116 0.9227 0.6590 0.8995 0.8791 0.8560
117 0.9235 0.6513 0.8995 0.8841 0.8588
118 0.9207 0.6589 0.8986 0.8772 0.8512
119 0.9152 0.7147 0.8901 0.8692 0.8430
120 0.9177 0.7276 0.8926 0.8756 0.8481
121 0.9161 0.7158 0.8917 0.8625 0.8363
122 0.9175 0.7030 0.8939 0.8671 0.8416
123 0.9215 0.6462 0.8990 0.8766 0.8508
124 0.9227 0.6627 0.9007 0.8723 0.8486
125 0.9281 0.6155 0.9073 0.8755 0.8513
126 0.9228 0.6317 0.8990 0.8788 0.8556
127 0.9258 0.6364 0.9044 0.8729 0.8501
128 0.9290 0.6180 0.9077 0.8683 0.8436
129 0.9221 0.6542 0.8989 0.8676 0.8403
130 0.9203 0.7000 0.8963 0.8627 0.8368
131 0.9109 0.7510 0.8868 0.8671 0.8410
132 0.9137 0.7405 0.8895 0.8697 0.8438
133 0.9261 0.6415 0.9037 0.8750 0.8478
134 0.9266 0.6420 0.9046 0.8735 0.8470
135 0.9256 0.6351 0.9033 0.8730 0.8469
136 0.9261 0.6111 0.9046 0.8736 0.8480
137 0.9291 0.5999 0.9074 0.8724 0.8499
138 0.9237 0.6733 0.8999 0.8725 0.8476
139 0.9182 0.6826 0.8952 0.8729 0.8487
140 0.9220 0.7011 0.8995 0.8723 0.8456
141 0.9203 0.6742 0.8995 0.8757 0.8496
142 0.9224 0.6556 0.8981 0.8723 0.8453
143 0.9275 0.6192 0.9056 0.8817 0.8584
144 0.9258 0.6015 0.9047 0.8835 0.8601
145 0.9229 0.6318 0.9022 0.8831 0.8584
146 0.9246 0.6226 0.9043 0.8783 0.8536
147 0.9260 0.6158 0.9036 0.8786 0.8552
148 0.9284 0.6160 0.9085 0.8683 0.8442
149 0.9267 0.6234 0.9062 0.8736 0.8466
150 0.9272 0.6526 0.9045 0.8728 0.8499
151 0.9256 0.6486 0.9027 0.8712 0.8458
152 0.9253 0.6486 0.9039 0.8723 0.8489
153 0.9251 0.6192 0.9022 0.8711 0.8459
154 0.9260 0.6122 0.9057 0.8676 0.8427
155 0.9233 0.6170 0.9040 0.8718 0.8456
156 0.9314 0.5856 0.9121 0.8727 0.8484
157 0.9299 0.5761 0.9097 0.8702 0.8451
158 0.9273 0.6027 0.9088 0.8685 0.8469
159 0.9228 0.6330 0.9023 0.8688 0.8462
160 0.9291 0.5916 0.9094 0.8786 0.8542
161 0.9292 0.5716 0.9097 0.8758 0.8518
162 0.9284 0.5980 0.9066 0.8789 0.8546
163 0.9303 0.5722 0.9109 0.8775 0.8530
164 0.9316 0.5652 0.9126 0.8800 0.8561
165 0.9339 0.5422 0.9157 0.8772 0.8537
166 0.9326 0.5584 0.9131 0.8775 0.8537
167 0.9335 0.5499 0.9145 0.8780 0.8532
168 0.9316 0.5616 0.9125 0.8797 0.8553
169 0.9297 0.5686 0.9110 0.8786 0.8548
170 0.9304 0.5632 0.9108 0.8767 0.8524
171 0.9329 0.5520 0.9138 0.8798 0.8541
172 0.9344 0.5280 0.9156 0.8775 0.8538
173 0.9308 0.5622 0.9121 0.8768 0.8520
174 0.9294 0.5548 0.9100 0.8772 0.8534
175 0.9325 0.5340 0.9130 0.8779 0.8535
176 0.9326 0.5533 0.9131 0.8767 0.8524
177 0.9317 0.5426 0.9120 0.8766 0.8519
178 0.9329 0.5400 0.9137 0.8778 0.8524
179 0.9314 0.5415 0.9122 0.8790 0.8554
180 0.9312 0.5563 0.9110 0.8786 0.8536
181 0.9322 0.5447 0.9132 0.8799 0.8549
182 0.9361 0.5275 0.9167 0.8781 0.8530
183 0.9344 0.5360 0.9157 0.8759 0.8516
184 0.9319 0.5574 0.9128 0.8768 0.8514
185 0.9312 0.5542 0.9126 0.8772 0.8531
186 0.9343 0.5270 0.9155 0.8770 0.8530
187 0.9349 0.5226 0.9174 0.8775 0.8524
188 0.9311 0.5623 0.9115 0.8747 0.8487
189 0.9358 0.5306 0.9168 0.8816 0.8567
190 0.9337 0.5310 0.9152 0.8817 0.8563
191 0.9331 0.5410 0.9152 0.8785 0.8525
192 0.9319 0.5426 0.9145 0.8805 0.8566
193 0.9332 0.5276 0.9155 0.8830 0.8581
194 0.9369 0.5176 0.9171 0.8823 0.8569
195 0.9328 0.5265 0.9142 0.8835 0.8589
196 0.9376 0.5100 0.9182 0.8821 0.8569
197 0.9314 0.5384 0.9135 0.8797 0.8555
198 0.9340 0.5218 0.9149 0.8804 0.8564
199 0.9340 0.5295 0.9173 0.8794 0.8554
