epoch train_iou train_loss train_mAP val_iou val_mAP
0 0.5657 0.1644 0.4932 0.6604 0.6092
1 0.6739 0.1598 0.6119 0.7225 0.6769
2 0.7291 0.1637 0.6790 0.7680 0.7346
3 0.7771 0.1667 0.7322 0.7917 0.7579
4 0.7993 0.1664 0.7592 0.8046 0.7670
5 0.8196 0.1710 0.7821 0.8120 0.7771
6 0.8105 0.1965 0.7738 0.8179 0.7829
7 0.8082 0.2273 0.7693 0.7940 0.7613
8 0.7893 0.2639 0.7455 0.8074 0.7734
9 0.7868 0.2936 0.7446 0.8073 0.7679
10 0.7883 0.3249 0.7452 0.7748 0.7333
11 0.7971 0.3172 0.7597 0.7908 0.7610
12 0.8273 0.2898 0.7896 0.8237 0.7891
13 0.8343 0.2853 0.8013 0.8360 0.8061
14 0.8503 0.2796 0.8178 0.8421 0.8134
15 0.8558 0.2698 0.8242 0.8488 0.8192
16 0.8542 0.2827 0.8209 0.8463 0.8161
17 0.8489 0.3231 0.8164 0.8507 0.8167
18 0.8429 0.3573 0.8093 0.8339 0.8021
19 0.8359 0.3866 0.8024 0.8324 0.7981
20 0.8334 0.4115 0.7973 0.8238 0.7901
21 0.8405 0.4089 0.8066 0.8469 0.8146
22 0.8548 0.3931 0.8238 0.8371 0.8049
23 0.8687 0.3544 0.8398 0.8650 0.8330
24 0.8835 0.3297 0.8548 0.8648 0.8325
25 0.8815 0.3275 0.8506 0.8629 0.8341
26 0.8854 0.3366 0.8558 0.8646 0.8347
27 0.8806 0.3623 0.8501 0.8579 0.8315
28 0.8633 0.4325 0.8321 0.8452 0.8179
29 0.8631 0.4566 0.8337 0.8486 0.8151
30 0.8441 0.5409 0.8081 0.8275 0.7890
31 0.8582 0.4889 0.8252 0.8524 0.8243
32 0.8720 0.4418 0.8404 0.8641 0.8330
33 0.8892 0.4069 0.8613 0.8607 0.8278
34 0.8975 0.3855 0.8673 0.8690 0.8424
35 0.8958 0.3813 0.8681 0.8653 0.8382
36 0.8958 0.4017 0.8672 0.8647 0.8375
37 0.8894 0.4297 0.8590 0.8561 0.8311
38 0.8807 0.4834 0.8500 0.8624 0.8294
39 0.8742 0.5289 0.8443 0.8506 0.8232
40 0.8661 0.6033 0.8367 0.8357 0.8057
41 0.8711 0.5627 0.8402 0.8558 0.8244
42 0.8824 0.5199 0.8532 0.8572 0.8263
43 0.8937 0.4763 0.8651 0.8639 0.8322
44 0.9082 0.4282 0.8811 0.8750 0.8503
45 0.9099 0.4138 0.8828 0.8737 0.8469
46 0.9064 0.4206 0.8779 0.8703 0.8424
47 0.8989 0.4827 0.8716 0.8710 0.8443
48 0.8950 0.5249 0.8655 0.8598 0.8322
49 0.8851 0.5834 0.8547 0.8595 0.8296
50 0.8735 0.6512 0.8419 0.8457 0.8181
51 0.8841 0.6186 0.8543 0.8618 0.8319
52 0.8911 0.5718 0.8631 0.8609 0.8355
53 0.8974 0.5372 0.8703 0.8736 0.8472
54 0.9077 0.4906 0.8807 0.8781 0.8484
55 0.9094 0.4777 0.8819 0.8811 0.8535
56 0.9068 0.4980 0.8793 0.8770 0.8525
57 0.9054 0.5214 0.8800 0.8761 0.8487
58 0.8989 0.5583 0.8704 0.8666 0.8399
59 0.8872 0.6837 0.8590 0.8548 0.8236
60 0.8748 0.7596 0.8459 0.8527 0.8264
61 0.8926 0.6570 0.8642 0.8628 0.8328
62 0.8995 0.6086 0.8727 0.8705 0.8397
63 0.9106 0.5409 0.8837 0.8767 0.8485
64 0.9105 0.5299 0.8855 0.8788 0.8516
65 0.9122 0.5159 0.8843 0.8816 0.8555
66 0.9138 0.5401 0.8888 0.8801 0.8546
67 0.9053 0.5831 0.8780 0.8796 0.8482
68 0.9069 0.5987 0.8807 0.8756 0.8500
69 0.8991 0.6900 0.8712 0.8506 0.8254
70 0.8821 0.7937 0.8556 0.8550 0.8296
71 0.8938 0.7419 0.8646 0.8628 0.8355
72 0.9081 0.6262 0.8831 0.8797 0.8525
73 0.9136 0.5943 0.8879 0.8797 0.8504
74 0.9187 0.5653 0.8950 0.8837 0.8564
75 0.9188 0.5545 0.8920 0.8825 0.8546
76 0.9191 0.5645 0.8967 0.8826 0.8540
77 0.9164 0.5808 0.8921 0.8791 0.8517
78 0.9104 0.6615 0.8844 0.8688 0.8456
79 0.8910 0.8052 0.8638 0.8666 0.8378
80 0.8913 0.8349 0.8628 0.8620 0.8358
81 0.8915 0.8353 0.8647 0.8722 0.8459
82 0.9050 0.7282 0.8784 0.8705 0.8443
83 0.9107 0.6873 0.8840 0.8755 0.8500
84 0.9165 0.6331 0.8912 0.8736 0.8492
85 0.9221 0.6046 0.8987 0.8745 0.8501
86 0.9216 0.5987 0.8976 0.8747 0.8505
87 0.9153 0.6440 0.8905 0.8781 0.8532
88 0.9104 0.6959 0.8852 0.8642 0.8387
89 0.9049 0.7699 0.8781 0.8597 0.8280
90 0.8954 0.9097 0.8661 0.8617 0.8325
91 0.8883 0.9645 0.8611 0.8593 0.8336
92 0.8997 0.8485 0.8732 0.8718 0.8461
93 0.9095 0.7522 0.8864 0.8748 0.8515
94 0.9226 0.6802 0.8985 0.8741 0.8516
95 0.9167 0.6967 0.8915 0.8753 0.8514
96 0.9217 0.6638 0.8975 0.8782 0.8530
97 0.9171 0.7211 0.8931 0.8659 0.8396
98 0.9125 0.7497 0.8867 0.8749 0.8503
99 0.9097 0.8274 0.8872 0.8789 0.8481
100 0.9151 0.7827 0.8905 0.8761 0.8521
101 0.9169 0.7567 0.8911 0.8777 0.8526
102 0.9196 0.7106 0.8962 0.8748 0.8512
103 0.9243 0.6868 0.9031 0.8805 0.8536
104 0.9247 0.6657 0.9021 0.8865 0.8597
105 0.9276 0.6193 0.9053 0.8851 0.8596
106 0.9255 0.6347 0.9041 0.8856 0.8584
107 0.9284 0.6369 0.9071 0.8860 0.8584
108 0.9264 0.6512 0.9049 0.8793 0.8555
109 0.9235 0.6687 0.9009 0.8764 0.8529
110 0.9166 0.7224 0.8947 0.8744 0.8480
111 0.9209 0.6814 0.8974 0.8783 0.8511
112 0.9237 0.6511 0.9031 0.8830 0.8593
113 0.9253 0.6191 0.9069 0.8784 0.8546
114 0.9246 0.6325 0.9018 0.8823 0.8569
115 0.9356 0.5674 0.9183 0.8822 0.8569
116 0.9319 0.5941 0.9117 0.8813 0.8551
117 0.9283 0.6016 0.9068 0.8880 0.8624
118 0.9313 0.5859 0.9108 0.8773 0.8506
119 0.9242 0.6477 0.9027 0.8772 0.8536
120 0.9237 0.6585 0.9020 0.8839 0.8590
121 0.9224 0.6776 0.9007 0.8739 0.8510
122 0.9264 0.6419 0.9067 0.8845 0.8551
123 0.9321 0.5940 0.9128 0.8791 0.8525
124 0.9272 0.6025 0.9087 0.8804 0.8551
125 0.9320 0.5827 0.9132 0.8837 0.8580
126 0.9331 0.5746 0.9151 0.8797 0.8548
127 0.9320 0.5758 0.9119 0.8865 0.8605
128 0.9289 0.6228 0.9080 0.8866 0.8612
129 0.9240 0.6432 0.9046 0.8856 0.8595
130 0.9256 0.6450 0.9062 0.8797 0.8570
131 0.9274 0.6329 0.9065 0.8890 0.8649
132 0.9333 0.5616 0.9146 0.8880 0.8631
133 0.9284 0.5967 0.9078 0.8827 0.8570
134 0.9325 0.5717 0.9131 0.8821 0.8565
135 0.9306 0.5591 0.9135 0.8815 0.8571
136 0.9377 0.5299 0.9205 0.8806 0.8576
137 0.9351 0.5485 0.9160 0.8828 0.8565
138 0.9291 0.6121 0.9082 0.8836 0.8605
139 0.9277 0.6102 0.9073 0.8786 0.8532
140 0.9281 0.6698 0.9068 0.8797 0.8566
141 0.9187 0.6652 0.8987 0.8767 0.8525
142 0.9294 0.6154 0.9095 0.8851 0.8590
143 0.9309 0.5836 0.9126 0.8814 0.8549
144 0.9359 0.5544 0.9166 0.8828 0.8591
145 0.9344 0.5425 0.9169 0.8838 0.8581
146 0.9333 0.5646 0.9158 0.8814 0.8579
147 0.9328 0.5614 0.9144 0.8806 0.8569
148 0.9306 0.5962 0.9129 0.8860 0.8593
149 0.9304 0.5830 0.9119 0.8872 0.8609
150 0.9262 0.6205 0.9070 0.8788 0.8520
151 0.9252 0.6460 0.9040 0.8818 0.8566
152 0.9292 0.6054 0.9079 0.8851 0.8616
153 0.9321 0.5765 0.9149 0.8868 0.8621
154 0.9328 0.5661 0.9150 0.8855 0.8607
155 0.9370 0.5324 0.9203 0.8854 0.8602
156 0.9329 0.5511 0.9150 0.8840 0.8590
157 0.9387 0.5177 0.9247 0.8826 0.8606
158 0.9334 0.5582 0.9150 0.8735 0.8507
159 0.9283 0.6076 0.9112 0.8762 0.8528
160 0.9306 0.5535 0.9153 0.8816 0.8568
161 0.9348 0.5206 0.9178 0.8819 0.8556
162 0.9350 0.5369 0.9183 0.8819 0.8560
163 0.9346 0.5312 0.9179 0.8786 0.8562
164 0.9348 0.5102 0.9181 0.8830 0.8581
165 0.9348 0.5198 0.9183 0.8810 0.8566
166 0.9395 0.5183 0.9234 0.8787 0.8554
167 0.9422 0.4846 0.9244 0.8797 0.8561
168 0.9354 0.5106 0.9188 0.8798 0.8559
169 0.9416 0.4893 0.9244 0.8811 0.8559
170 0.9402 0.4995 0.9241 0.8843 0.8570
171 0.9350 0.5096 0.9190 0.8802 0.8532
172 0.9368 0.4969 0.9211 0.8842 0.8577
173 0.9368 0.5080 0.9209 0.8809 0.8556
174 0.9421 0.4882 0.9258 0.8815 0.8569
175 0.9436 0.4641 0.9289 0.8782 0.8520
176 0.9372 0.4966 0.9212 0.8833 0.8584
177 0.9431 0.4660 0.9282 0.8792 0.8545
178 0.9408 0.4795 0.9257 0.8827 0.8557
179 0.9393 0.4714 0.9229 0.8839 0.8564
180 0.9358 0.5258 0.9194 0.8809 0.8543
181 0.9389 0.4899 0.9221 0.8819 0.8570
182 0.9364 0.4971 0.9204 0.8808 0.8531
183 0.9368 0.4988 0.9195 0.8798 0.8539
184 0.9393 0.4978 0.9228 0.8794 0.8547
185 0.9403 0.4812 0.9246 0.8781 0.8534
186 0.9422 0.4660 0.9261 0.8769 0.8521
187 0.9421 0.4654 0.9266 0.8773 0.8531
188 0.9399 0.4689 0.9247 0.8801 0.8535
189 0.9379 0.4968 0.9213 0.8780 0.8531
190 0.9375 0.4964 0.9222 0.8846 0.8594
191 0.9417 0.4752 0.9271 0.8834 0.8581
192 0.9415 0.4794 0.9249 0.8827 0.8579
193 0.9416 0.4643 0.9265 0.8834 0.8577
194 0.9428 0.4594 0.9297 0.8811 0.8561
195 0.9420 0.4644 0.9267 0.8830 0.8584
196 0.9441 0.4686 0.9285 0.8810 0.8555
197 0.9392 0.4704 0.9233 0.8829 0.8564
198 0.9406 0.4740 0.9267 0.8824 0.8576
199 0.9402 0.4827 0.9244 0.8800 0.8543
