epoch train_iou train_loss train_mAP val_iou val_mAP
0 0.5549 0.1773 0.4770 0.6813 0.6183
1 0.6860 0.1619 0.6238 0.7376 0.6861
2 0.7301 0.1620 0.6783 0.7688 0.7257
3 0.7705 0.1681 0.7242 0.7882 0.7551
4 0.7891 0.1758 0.7465 0.8008 0.7619
5 0.8059 0.1732 0.7662 0.8251 0.7899
6 0.8072 0.1987 0.7638 0.8190 0.7853
7 0.7877 0.2380 0.7462 0.7963 0.7580
8 0.7737 0.2732 0.7308 0.8127 0.7716
9 0.7708 0.3151 0.7226 0.8166 0.7872
10 0.7853 0.3220 0.7460 0.7923 0.7515
11 0.8024 0.3112 0.7623 0.8219 0.7934
12 0.8195 0.2947 0.7826 0.8484 0.8156
13 0.8337 0.2816 0.7962 0.8414 0.8017
14 0.8545 0.2666 0.8179 0.8548 0.8260
15 0.8634 0.2652 0.8308 0.8550 0.8274
16 0.8590 0.2798 0.8242 0.8579 0.8275
17 0.8436 0.3299 0.8076 0.8414 0.8084
18 0.8418 0.3606 0.8030 0.8384 0.8096
19 0.8255 0.4134 0.7884 0.8347 0.8099
20 0.8239 0.4246 0.7878 0.8289 0.8014
21 0.8252 0.4335 0.7900 0.8563 0.8255
22 0.8547 0.3756 0.8187 0.8521 0.8226
23 0.8704 0.3495 0.8373 0.8575 0.8229
24 0.8767 0.3313 0.8453 0.8555 0.8286
25 0.8793 0.3275 0.8475 0.8664 0.8385
26 0.8869 0.3293 0.8535 0.8722 0.8409
27 0.8742 0.3778 0.8406 0.8649 0.8357
28 0.8679 0.4056 0.8342 0.8525 0.8244
29 0.8368 0.5094 0.8020 0.8514 0.8238
30 0.8459 0.5149 0.8099 0.8557 0.8259
31 0.8622 0.4841 0.8294 0.8603 0.8284
32 0.8762 0.4240 0.8449 0.8671 0.8410
33 0.8827 0.4076 0.8507 0.8645 0.8370
34 0.8957 0.3796 0.8681 0.8596 0.8345
35 0.8980 0.3718 0.8685 0.8620 0.8364
36 0.8957 0.3826 0.8652 0.8704 0.8447
37 0.8957 0.4052 0.8652 0.8672 0.8401
38 0.8852 0.4602 0.8559 0.8595 0.8296
39 0.8605 0.5798 0.8277 0.8513 0.8212
40 0.8630 0.5796 0.8312 0.8554 0.8240
41 0.8744 0.5399 0.8405 0.8660 0.8397
42 0.8836 0.5219 0.8540 0.8666 0.8370
43 0.8950 0.4517 0.8637 0.8625 0.8381
44 0.8984 0.4320 0.8710 0.8706 0.8442
45 0.9086 0.4129 0.8806 0.8721 0.8452
46 0.9066 0.4257 0.8765 0.8718 0.8453
47 0.9020 0.4495 0.8719 0.8683 0.8433
48 0.8905 0.5301 0.8620 0.8711 0.8449
49 0.8848 0.5666 0.8570 0.8587 0.8331
50 0.8728 0.6609 0.8414 0.8520 0.8171
51 0.8832 0.6063 0.8530 0.8637 0.8404
52 0.8935 0.5611 0.8628 0.8661 0.8397
53 0.9000 0.5135 0.8732 0.8731 0.8479
54 0.9108 0.4603 0.8847 0.8727 0.8461
55 0.9150 0.4513 0.8899 0.8705 0.8454
56 0.9132 0.4780 0.8871 0.8763 0.8494
57 0.9076 0.4842 0.8809 0.8708 0.8469
58 0.8915 0.6036 0.8625 0.8709 0.8465
59 0.8862 0.6704 0.8563 0.8633 0.8309
60 0.8751 0.7446 0.8431 0.8616 0.8370
61 0.8908 0.6731 0.8632 0.8641 0.8405
62 0.8914 0.6297 0.8628 0.8677 0.8445
63 0.9064 0.5786 0.8799 0.8698 0.8451
64 0.9136 0.5241 0.8886 0.8756 0.8537
65 0.9151 0.5108 0.8907 0.8778 0.8543
66 0.9196 0.5010 0.8943 0.8752 0.8521
67 0.9115 0.5572 0.8837 0.8754 0.8514
68 0.9018 0.6556 0.8764 0.8686 0.8468
69 0.8930 0.6943 0.8649 0.8636 0.8365
70 0.8845 0.7555 0.8566 0.8701 0.8447
71 0.8953 0.7127 0.8686 0.8641 0.8374
72 0.9000 0.6850 0.8735 0.8749 0.8499
73 0.9136 0.5815 0.8863 0.8737 0.8521
74 0.9156 0.5730 0.8917 0.8775 0.8550
75 0.9195 0.5427 0.8954 0.8787 0.8561
76 0.9194 0.5520 0.8946 0.8795 0.8566
77 0.9211 0.5540 0.8967 0.8743 0.8518
78 0.9111 0.6351 0.8865 0.8704 0.8439
79 0.9023 0.7036 0.8768 0.8624 0.8384
80 0.8834 0.8938 0.8562 0.8618 0.8373
81 0.8932 0.8137 0.8647 0.8557 0.8315
82 0.9093 0.6888 0.8842 0.8746 0.8501
83 0.9146 0.6544 0.8910 0.8747 0.8491
84 0.9174 0.6366 0.8933 0.8826 0.8569
85 0.9190 0.6022 0.8953 0.8827 0.8579
86 0.9255 0.5792 0.9025 0.8795 0.8556
87 0.9220 0.6016 0.8987 0.8826 0.8570
88 0.9114 0.6872 0.8860 0.8707 0.8499
89 0.9045 0.7787 0.8782 0.8657 0.8418
90 0.8908 0.9650 0.8606 0.8581 0.8363
91 0.8994 0.8563 0.8726 0.8703 0.8444
92 0.9049 0.7944 0.8800 0.8725 0.8479
93 0.9141 0.7267 0.8896 0.8814 0.8556
94 0.9232 0.6645 0.9023 0.8793 0.8546
95 0.9245 0.6238 0.9044 0.8827 0.8590
96 0.9217 0.6520 0.8986 0.8838 0.8591
97 0.9263 0.6363 0.9032 0.8816 0.8559
98 0.9114 0.7577 0.8884 0.8733 0.8492
99 0.9069 0.8429 0.8810 0.8625 0.8344
100 0.9116 0.8117 0.8873 0.8750 0.8525
101 0.9216 0.7037 0.9024 0.8788 0.8540
102 0.9225 0.6776 0.9007 0.8783 0.8554
103 0.9283 0.6134 0.9077 0.8795 0.8546
104 0.9257 0.6081 0.9042 0.8826 0.8591
105 0.9314 0.6036 0.9114 0.8812 0.8581
106 0.9266 0.6084 0.9055 0.8799 0.8559
107 0.9284 0.6118 0.9091 0.8819 0.8567
108 0.9252 0.6244 0.9038 0.8755 0.8522
109 0.9230 0.6413 0.8995 0.8798 0.8540
110 0.9255 0.6685 0.9044 0.8722 0.8497
111 0.9238 0.6642 0.9029 0.8776 0.8515
112 0.9282 0.6332 0.9091 0.8745 0.8536
113 0.9290 0.6115 0.9084 0.8773 0.8517
114 0.9273 0.5966 0.9075 0.8801 0.8556
115 0.9340 0.5326 0.9150 0.8796 0.8554
116 0.9306 0.5715 0.9111 0.8783 0.8531
117 0.9337 0.5557 0.9150 0.8803 0.8561
118 0.9296 0.5919 0.9115 0.8846 0.8607
119 0.9230 0.6470 0.9026 0.8741 0.8485
120 0.9280 0.6245 0.9076 0.8875 0.8631
121 0.9286 0.6185 0.9082 0.8861 0.8627
122 0.9292 0.5926 0.9092 0.8858 0.8624
123 0.9309 0.5844 0.9113 0.8830 0.8591
124 0.9295 0.5984 0.9125 0.8863 0.8628
125 0.9325 0.5508 0.9150 0.8870 0.8630
126 0.9320 0.5559 0.9136 0.8803 0.8568
127 0.9339 0.5403 0.9148 0.8768 0.8547
128 0.9337 0.5650 0.9149 0.8802 0.8587
129 0.9286 0.6138 0.9095 0.8803 0.8584
130 0.9271 0.6233 0.9071 0.8718 0.8505
131 0.9240 0.6452 0.9044 0.8682 0.8481
132 0.9268 0.6055 0.9098 0.8773 0.8565
133 0.9315 0.5677 0.9133 0.8764 0.8557
134 0.9331 0.5661 0.9135 0.8812 0.8587
135 0.9303 0.5728 0.9102 0.8817 0.8600
136 0.9392 0.5063 0.9221 0.8854 0.8630
137 0.9326 0.5394 0.9158 0.8806 0.8604
138 0.9301 0.5830 0.9134 0.8847 0.8648
139 0.9334 0.5455 0.9158 0.8822 0.8616
140 0.9260 0.6146 0.9084 0.8815 0.8579
141 0.9271 0.6373 0.9067 0.8774 0.8571
142 0.9322 0.5671 0.9155 0.8746 0.8528
143 0.9333 0.5562 0.9165 0.8815 0.8577
144 0.9372 0.5153 0.9218 0.8850 0.8627
145 0.9400 0.4979 0.9243 0.8830 0.8605
146 0.9410 0.4991 0.9259 0.8804 0.8570
147 0.9377 0.5196 0.9219 0.8778 0.8534
148 0.9350 0.5364 0.9173 0.8716 0.8487
149 0.9275 0.6196 0.9102 0.8767 0.8527
150 0.9305 0.5772 0.9139 0.8781 0.8566
151 0.9326 0.5860 0.9163 0.8710 0.8485
152 0.9318 0.5497 0.9154 0.8866 0.8630
153 0.9267 0.5633 0.9103 0.8858 0.8630
154 0.9388 0.5033 0.9242 0.8854 0.8640
155 0.9326 0.5337 0.9177 0.8864 0.8637
156 0.9333 0.5300 0.9168 0.8866 0.8646
157 0.9364 0.5120 0.9208 0.8853 0.8643
158 0.9343 0.5323 0.9160 0.8844 0.8636
159 0.9344 0.5327 0.9185 0.8803 0.8562
160 0.9362 0.5224 0.9225 0.8847 0.8624
161 0.9351 0.5160 0.9206 0.8829 0.8615
162 0.9412 0.4823 0.9257 0.8868 0.8635
163 0.9376 0.5167 0.9230 0.8866 0.8641
164 0.9377 0.4878 0.9234 0.8824 0.8602
165 0.9374 0.4939 0.9218 0.8838 0.8614
166 0.9421 0.4614 0.9275 0.8838 0.8626
167 0.9379 0.4967 0.9233 0.8844 0.8622
168 0.9401 0.4684 0.9252 0.8861 0.8655
169 0.9405 0.4850 0.9264 0.8884 0.8655
170 0.9400 0.4821 0.9249 0.8868 0.8647
171 0.9391 0.4837 0.9252 0.8840 0.8626
172 0.9395 0.4742 0.9248 0.8854 0.8645
173 0.9391 0.4704 0.9249 0.8866 0.8655
174 0.9407 0.4652 0.9261 0.8864 0.8659
175 0.9390 0.4757 0.9254 0.8860 0.8649
176 0.9381 0.4896 0.9234 0.8882 0.8661
177 0.9402 0.4676 0.9263 0.8867 0.8650
178 0.9396 0.4563 0.9243 0.8882 0.8672
179 0.9412 0.4716 0.9257 0.8874 0.8647
180 0.9420 0.4611 0.9269 0.8860 0.8639
181 0.9370 0.4744 0.9220 0.8865 0.8645
182 0.9443 0.4482 0.9298 0.8867 0.8657
183 0.9413 0.4679 0.9268 0.8888 0.8675
184 0.9408 0.4626 0.9262 0.8885 0.8660
185 0.9435 0.4428 0.9301 0.8879 0.8662
186 0.9413 0.4595 0.9268 0.8905 0.8695
187 0.9403 0.4615 0.9251 0.8886 0.8680
188 0.9420 0.4528 0.9271 0.8865 0.8655
189 0.9437 0.4477 0.9306 0.8863 0.8646
190 0.9449 0.4451 0.9316 0.8865 0.8644
191 0.9441 0.4544 0.9307 0.8847 0.8626
192 0.9395 0.4698 0.9244 0.8889 0.8669
193 0.9417 0.4485 0.9288 0.8864 0.8649
194 0.9468 0.4269 0.9345 0.8911 0.8690
195 0.9455 0.4415 0.9328 0.8889 0.8675
196 0.9425 0.4459 0.9286 0.8912 0.8694
197 0.9433 0.4537 0.9291 0.8915 0.8690
198 0.9442 0.4420 0.9311 0.8909 0.8685
199 0.9433 0.4403 0.9303 0.8877 0.8647
