epoch train_iou train_loss train_mAP val_iou val_mAP
0 0.5448 0.1559 0.4737 0.7627 0.7183
1 0.7212 0.1378 0.6727 0.7909 0.7510
2 0.7637 0.1452 0.7182 0.8261 0.7878
3 0.8020 0.1479 0.7612 0.8140 0.7745
4 0.8240 0.1460 0.7869 0.8381 0.7991
5 0.8402 0.1541 0.8061 0.8428 0.8034
6 0.8394 0.1686 0.8052 0.8459 0.8120
7 0.8323 0.2006 0.7951 0.8264 0.7942
8 0.8228 0.2289 0.7841 0.8178 0.7887
9 0.8162 0.2576 0.7807 0.8460 0.8136
10 0.8218 0.2681 0.7846 0.8282 0.7945
11 0.8271 0.2741 0.7920 0.8359 0.8055
12 0.8436 0.2595 0.8117 0.8269 0.7921
13 0.8617 0.2445 0.8306 0.8566 0.8227
14 0.8770 0.2274 0.8470 0.8575 0.8275
15 0.8897 0.2162 0.8607 0.8595 0.8300
16 0.8830 0.2343 0.8533 0.8558 0.8263
17 0.8689 0.2705 0.8391 0.8505 0.8192
18 0.8668 0.3009 0.8347 0.8442 0.8134
19 0.8554 0.3395 0.8216 0.8435 0.8109
20 0.8529 0.3741 0.8194 0.8412 0.8072
21 0.8668 0.3497 0.8348 0.8555 0.8238
22 0.8666 0.3443 0.8348 0.8603 0.8279
23 0.8851 0.3054 0.8551 0.8631 0.8306
24 0.8953 0.2865 0.8658 0.8631 0.8319
25 0.9043 0.2701 0.8756 0.8647 0.8330
26 0.9037 0.2795 0.8763 0.8627 0.8355
27 0.8942 0.3117 0.8657 0.8461 0.8145
28 0.8817 0.3665 0.8531 0.8624 0.8372
29 0.8739 0.4065 0.8433 0.8379 0.8101
30 0.8731 0.4528 0.8447 0.8470 0.8121
31 0.8801 0.4153 0.8486 0.8537 0.8189
32 0.8900 0.3847 0.8598 0.8375 0.8070
33 0.8990 0.3551 0.8701 0.8584 0.8299
34 0.9079 0.3162 0.8802 0.8615 0.8332
35 0.9141 0.3121 0.8877 0.8637 0.8349
36 0.9135 0.3246 0.8872 0.8628 0.8319
37 0.9090 0.3479 0.8823 0.8606 0.8320
38 0.8998 0.3969 0.8728 0.8500 0.8203
39 0.8899 0.4622 0.8610 0.8629 0.8347
40 0.8832 0.5038 0.8532 0.8346 0.7994
41 0.8911 0.4675 0.8609 0.8429 0.8067
42 0.8934 0.4456 0.8652 0.8582 0.8284
43 0.9105 0.3970 0.8848 0.8658 0.8381
44 0.9136 0.3714 0.8888 0.8686 0.8414
45 0.9149 0.3701 0.8900 0.8665 0.8383
46 0.9178 0.3643 0.8934 0.8610 0.8335
47 0.9200 0.3599 0.8953 0.8646 0.8354
48 0.9050 0.4429 0.8772 0.8629 0.8380
49 0.8944 0.5310 0.8675 0.8541 0.8216
50 0.8820 0.6058 0.8547 0.8545 0.8259
51 0.8881 0.5645 0.8601 0.8629 0.8353
52 0.9090 0.4875 0.8850 0.8663 0.8397
53 0.9159 0.4313 0.8900 0.8611 0.8366
54 0.9184 0.4217 0.8959 0.8623 0.8375
55 0.9211 0.4045 0.8973 0.8659 0.8410
56 0.9237 0.4006 0.8993 0.8690 0.8396
57 0.9175 0.4366 0.8914 0.8623 0.8341
58 0.9132 0.4787 0.8881 0.8532 0.8244
59 0.8984 0.5686 0.8712 0.8583 0.8275
60 0.8975 0.6159 0.8698 0.8523 0.8248
61 0.9020 0.5927 0.8747 0.8600 0.8321
62 0.9095 0.5476 0.8837 0.8616 0.8374
63 0.9150 0.4997 0.8900 0.8645 0.8385
64 0.9228 0.4616 0.8980 0.8616 0.8336
65 0.9229 0.4573 0.8999 0.8657 0.8384
66 0.9260 0.4398 0.9029 0.8659 0.8379
67 0.9206 0.4751 0.8985 0.8637 0.8327
68 0.9182 0.5194 0.8939 0.8666 0.8390
69 0.9027 0.6510 0.8767 0.8568 0.8267
70 0.9019 0.6861 0.8761 0.8570 0.8305
71 0.9103 0.6365 0.8848 0.8603 0.8326
72 0.9161 0.5573 0.8919 0.8581 0.8359
73 0.9224 0.5372 0.9005 0.8639 0.8386
74 0.9270 0.4751 0.9048 0.8694 0.8438
75 0.9219 0.5138 0.9001 0.8707 0.8456
76 0.9290 0.4831 0.9074 0.8682 0.8443
77 0.9244 0.5177 0.9020 0.8529 0.8279
78 0.9237 0.5581 0.8996 0.8548 0.8271
79 0.9104 0.6912 0.8865 0.8640 0.8366
80 0.9051 0.7387 0.8788 0.8401 0.8070
81 0.9052 0.7077 0.8803 0.8573 0.8315
82 0.9225 0.5976 0.8998 0.8620 0.8355
83 0.9215 0.5715 0.8993 0.8698 0.8431
84 0.9302 0.5233 0.9091 0.8637 0.8378
85 0.9266 0.5282 0.9038 0.8660 0.8398
86 0.9283 0.5240 0.9078 0.8657 0.8376
87 0.9260 0.5557 0.9031 0.8564 0.8315
88 0.9215 0.6089 0.8996 0.8661 0.8381
89 0.9139 0.7204 0.8917 0.8545 0.8253
90 0.9017 0.7974 0.8758 0.8586 0.8310
91 0.9117 0.7285 0.8868 0.8637 0.8350
92 0.9122 0.7180 0.8893 0.8712 0.8460
93 0.9245 0.6178 0.9036 0.8701 0.8407
94 0.9320 0.5789 0.9131 0.8702 0.8441
95 0.9287 0.5796 0.9090 0.8694 0.8435
96 0.9325 0.5676 0.9124 0.8628 0.8355
97 0.9326 0.5687 0.9116 0.8658 0.8393
98 0.9282 0.6290 0.9064 0.8651 0.8385
99 0.9229 0.6872 0.9022 0.8680 0.8397
100 0.9194 0.7074 0.8971 0.8652 0.8404
101 0.9342 0.5799 0.9149 0.8647 0.8423
102 0.9339 0.5861 0.9144 0.8717 0.8456
103 0.9324 0.5629 0.9139 0.8714 0.8461
104 0.9354 0.5456 0.9173 0.8726 0.8476
105 0.9341 0.5598 0.9150 0.8688 0.8459
106 0.9349 0.5345 0.9167 0.8687 0.8435
107 0.9386 0.5263 0.9199 0.8746 0.8499
108 0.9350 0.5444 0.9170 0.8687 0.8435
109 0.9402 0.5243 0.9203 0.8696 0.8435
110 0.9298 0.5796 0.9097 0.8668 0.8401
111 0.9332 0.5321 0.9141 0.8680 0.8451
112 0.9363 0.5518 0.9184 0.8713 0.8459
113 0.9408 0.5031 0.9234 0.8617 0.8378
114 0.9419 0.4824 0.9248 0.8701 0.8454
115 0.9426 0.4840 0.9267 0.8720 0.8474
116 0.9418 0.4998 0.9262 0.8688 0.8470
117 0.9407 0.5077 0.9243 0.8674 0.8407
118 0.9387 0.5090 0.9231 0.8686 0.8436
119 0.9361 0.5388 0.9191 0.8661 0.8403
120 0.9293 0.6036 0.9102 0.8625 0.8359
121 0.9347 0.5643 0.9164 0.8706 0.8428
122 0.9355 0.5372 0.9188 0.8703 0.8455
123 0.9391 0.4933 0.9228 0.8761 0.8514
124 0.9426 0.4880 0.9270 0.8721 0.8479
125 0.9423 0.4772 0.9267 0.8715 0.8468
126 0.9402 0.4955 0.9222 0.8725 0.8481
127 0.9403 0.5074 0.9252 0.8628 0.8365
128 0.9409 0.5074 0.9244 0.8677 0.8399
129 0.9424 0.4980 0.9265 0.8655 0.8435
130 0.9307 0.6123 0.9134 0.8688 0.8454
131 0.9396 0.5263 0.9230 0.8658 0.8422
132 0.9349 0.5253 0.9182 0.8702 0.8460
133 0.9400 0.5141 0.9225 0.8682 0.8434
134 0.9428 0.4811 0.9274 0.8720 0.8461
135 0.9421 0.4826 0.9272 0.8711 0.8463
136 0.9433 0.4709 0.9287 0.8755 0.8510
137 0.9436 0.4655 0.9281 0.8726 0.8496
138 0.9410 0.4928 0.9245 0.8758 0.8505
139 0.9418 0.4793 0.9268 0.8745 0.8485
140 0.9415 0.5011 0.9263 0.8567 0.8329
141 0.9344 0.5517 0.9171 0.8616 0.8384
142 0.9354 0.5292 0.9193 0.8676 0.8438
143 0.9386 0.4918 0.9249 0.8717 0.8464
144 0.9391 0.4804 0.9237 0.8705 0.8456
145 0.9449 0.4557 0.9310 0.8707 0.8454
146 0.9451 0.4472 0.9315 0.8709 0.8459
147 0.9458 0.4259 0.9337 0.8753 0.8515
148 0.9430 0.4657 0.9289 0.8713 0.8479
149 0.9456 0.4499 0.9310 0.8760 0.8505
150 0.9377 0.5352 0.9222 0.8629 0.8392
151 0.9345 0.5330 0.9180 0.8765 0.8515
152 0.9442 0.4640 0.9296 0.8759 0.8534
153 0.9434 0.4715 0.9283 0.8749 0.8518
154 0.9428 0.4643 0.9282 0.8749 0.8516
155 0.9492 0.4214 0.9368 0.8732 0.8516
156 0.9473 0.4295 0.9339 0.8767 0.8523
157 0.9414 0.4614 0.9271 0.8732 0.8509
158 0.9447 0.4562 0.9301 0.8779 0.8556
159 0.9375 0.5028 0.9224 0.8729 0.8500
160 0.9442 0.4658 0.9298 0.8705 0.8506
161 0.9461 0.4372 0.9324 0.8748 0.8540
162 0.9482 0.4294 0.9368 0.8756 0.8536
163 0.9476 0.4164 0.9346 0.8742 0.8521
164 0.9467 0.4303 0.9343 0.8764 0.8530
165 0.9461 0.4303 0.9339 0.8743 0.8500
166 0.9464 0.4203 0.9340 0.8755 0.8536
167 0.9492 0.4102 0.9369 0.8764 0.8535
168 0.9445 0.4454 0.9316 0.8738 0.8527
169 0.9454 0.4458 0.9332 0.8752 0.8540
170 0.9486 0.4125 0.9356 0.8756 0.8527
171 0.9489 0.4022 0.9373 0.8783 0.8554
172 0.9469 0.4193 0.9323 0.8782 0.8560
173 0.9530 0.3835 0.9418 0.8756 0.8530
174 0.9528 0.3841 0.9417 0.8783 0.8546
175 0.9479 0.4091 0.9361 0.8761 0.8536
176 0.9466 0.4241 0.9350 0.8765 0.8542
177 0.9458 0.4147 0.9338 0.8761 0.8529
178 0.9458 0.4143 0.9331 0.8763 0.8531
179 0.9535 0.3769 0.9417 0.8756 0.8540
180 0.9489 0.4016 0.9355 0.8770 0.8556
181 0.9485 0.4192 0.9362 0.8764 0.8551
182 0.9497 0.4118 0.9373 0.8744 0.8539
183 0.9498 0.4120 0.9387 0.8735 0.8527
184 0.9500 0.3865 0.9387 0.8748 0.8549
185 0.9512 0.3795 0.9394 0.8752 0.8551
186 0.9499 0.3901 0.9383 0.8723 0.8520
187 0.9484 0.4065 0.9365 0.8748 0.8545
188 0.9530 0.3857 0.9418 0.8730 0.8499
189 0.9507 0.3912 0.9386 0.8736 0.8507
190 0.9478 0.4022 0.9357 0.8736 0.8516
191 0.9525 0.3701 0.9423 0.8743 0.8532
192 0.9490 0.4078 0.9355 0.8713 0.8505
193 0.9490 0.3995 0.9392 0.8742 0.8543
194 0.9517 0.3828 0.9393 0.8746 0.8535
195 0.9512 0.3986 0.9394 0.8746 0.8537
196 0.9502 0.3930 0.9388 0.8742 0.8530
197 0.9495 0.4038 0.9372 0.8763 0.8553
198 0.9486 0.3912 0.9367 0.8730 0.8516
199 0.9519 0.3811 0.9398 0.8754 0.8536
