epoch train_iou train_loss train_mAP val_iou val_mAP
0 0.5797 0.1689 0.5017 0.6562 0.5913
1 0.6966 0.1546 0.6365 0.7214 0.6534
2 0.7447 0.1580 0.6943 0.7883 0.7468
3 0.7877 0.1614 0.7456 0.7880 0.7474
4 0.8038 0.1693 0.7631 0.7989 0.7587
5 0.8209 0.1711 0.7797 0.8122 0.7718
6 0.8115 0.1989 0.7728 0.8042 0.7638
7 0.8068 0.2322 0.7670 0.8057 0.7667
8 0.7922 0.2608 0.7477 0.7980 0.7583
9 0.7849 0.2843 0.7420 0.8075 0.7733
10 0.7883 0.3223 0.7476 0.7751 0.7317
11 0.8055 0.3163 0.7667 0.8148 0.7763
12 0.8257 0.2890 0.7905 0.8239 0.7879
13 0.8365 0.2882 0.8011 0.8244 0.7913
14 0.8528 0.2777 0.8192 0.8374 0.8059
15 0.8593 0.2705 0.8258 0.8374 0.8056
16 0.8581 0.2850 0.8246 0.8345 0.7988
17 0.8540 0.3123 0.8178 0.8336 0.8030
18 0.8445 0.3483 0.8085 0.8190 0.7877
19 0.8263 0.4143 0.7895 0.8088 0.7775
20 0.8149 0.4467 0.7757 0.8065 0.7724
21 0.8344 0.4168 0.7994 0.8402 0.8036
22 0.8483 0.4045 0.8136 0.8266 0.7976
23 0.8653 0.3601 0.8331 0.8271 0.7962
24 0.8695 0.3566 0.8352 0.8498 0.8195
25 0.8759 0.3403 0.8429 0.8502 0.8198
26 0.8822 0.3433 0.8508 0.8455 0.8177
27 0.8722 0.3775 0.8411 0.8480 0.8137
28 0.8618 0.4433 0.8284 0.8342 0.8010
29 0.8598 0.4741 0.8259 0.8410 0.8067
30 0.8449 0.5309 0.8106 0.8411 0.8054
31 0.8588 0.4912 0.8250 0.8279 0.8016
32 0.8704 0.4620 0.8368 0.8499 0.8202
33 0.8760 0.4382 0.8468 0.8387 0.8127
34 0.8917 0.3961 0.8626 0.8472 0.8188
35 0.8992 0.3696 0.8680 0.8462 0.8202
36 0.8970 0.3884 0.8667 0.8525 0.8230
37 0.8929 0.4145 0.8628 0.8398 0.8125
38 0.8817 0.4669 0.8512 0.8485 0.8155
39 0.8734 0.5374 0.8418 0.8343 0.8041
40 0.8625 0.6027 0.8305 0.8279 0.7953
41 0.8659 0.5661 0.8337 0.8454 0.8168
42 0.8770 0.5431 0.8486 0.8439 0.8201
43 0.8805 0.5177 0.8511 0.8477 0.8137
44 0.8978 0.4584 0.8701 0.8560 0.8252
45 0.9038 0.4290 0.8751 0.8575 0.8270
46 0.9025 0.4458 0.8741 0.8518 0.8236
47 0.8952 0.4855 0.8663 0.8550 0.8284
48 0.8917 0.5165 0.8636 0.8374 0.8114
49 0.8805 0.5982 0.8507 0.8407 0.8058
50 0.8628 0.7124 0.8311 0.8377 0.8157
51 0.8876 0.5997 0.8596 0.8398 0.8121
52 0.8928 0.5557 0.8644 0.8446 0.8114
53 0.9001 0.5414 0.8719 0.8582 0.8310
54 0.9070 0.4787 0.8815 0.8549 0.8280
55 0.9120 0.4647 0.8851 0.8592 0.8326
56 0.9110 0.4737 0.8836 0.8603 0.8357
57 0.9063 0.5223 0.8775 0.8514 0.8273
58 0.8999 0.5620 0.8738 0.8416 0.8148
59 0.8896 0.6454 0.8601 0.8554 0.8287
60 0.8795 0.7251 0.8489 0.8381 0.8013
61 0.8873 0.6946 0.8568 0.8504 0.8200
62 0.8956 0.6335 0.8695 0.8501 0.8213
63 0.9066 0.5777 0.8798 0.8478 0.8214
64 0.9054 0.5639 0.8805 0.8514 0.8252
65 0.9116 0.5236 0.8846 0.8528 0.8276
66 0.9105 0.5383 0.8852 0.8574 0.8313
67 0.9097 0.5517 0.8841 0.8558 0.8291
68 0.9049 0.5964 0.8758 0.8490 0.8268
69 0.8898 0.7307 0.8623 0.8466 0.8228
70 0.8778 0.8538 0.8492 0.8248 0.7948
71 0.8852 0.7738 0.8552 0.8558 0.8293
72 0.9045 0.6682 0.8766 0.8504 0.8204
73 0.9057 0.6473 0.8793 0.8614 0.8356
74 0.9123 0.5898 0.8880 0.8623 0.8358
75 0.9177 0.5696 0.8918 0.8616 0.8365
76 0.9175 0.5751 0.8923 0.8636 0.8359
77 0.9197 0.5745 0.8948 0.8573 0.8298
78 0.9089 0.6348 0.8816 0.8481 0.8219
79 0.9011 0.7538 0.8721 0.8449 0.8178
80 0.8910 0.8595 0.8634 0.8553 0.8296
81 0.8991 0.7624 0.8722 0.8554 0.8288
82 0.9060 0.7306 0.8803 0.8558 0.8314
83 0.9107 0.6846 0.8860 0.8547 0.8291
84 0.9184 0.6179 0.8951 0.8593 0.8344
85 0.9179 0.6241 0.8945 0.8585 0.8339
86 0.9194 0.6334 0.8953 0.8628 0.8369
87 0.9160 0.6437 0.8900 0.8593 0.8356
88 0.9145 0.7019 0.8886 0.8620 0.8356
89 0.9009 0.8383 0.8739 0.8535 0.8214
90 0.8870 0.9533 0.8578 0.8450 0.8145
91 0.8957 0.9046 0.8678 0.8375 0.8088
92 0.9071 0.7701 0.8830 0.8499 0.8240
93 0.9149 0.7003 0.8909 0.8545 0.8272
94 0.9199 0.6515 0.8955 0.8530 0.8281
95 0.9214 0.6461 0.8986 0.8580 0.8328
96 0.9186 0.6991 0.8965 0.8575 0.8337
97 0.9159 0.7250 0.8927 0.8602 0.8326
98 0.9178 0.7347 0.8926 0.8620 0.8346
99 0.9065 0.8229 0.8806 0.8519 0.8233
100 0.9103 0.7811 0.8839 0.8542 0.8296
101 0.9172 0.7183 0.8946 0.8557 0.8323
102 0.9192 0.6874 0.8969 0.8596 0.8320
103 0.9226 0.6608 0.9001 0.8641 0.8401
104 0.9237 0.6360 0.9025 0.8659 0.8424
105 0.9300 0.6140 0.9072 0.8649 0.8411
106 0.9271 0.6062 0.9055 0.8642 0.8419
107 0.9280 0.6139 0.9088 0.8688 0.8442
108 0.9266 0.6303 0.9056 0.8630 0.8363
109 0.9220 0.6705 0.8994 0.8647 0.8374
110 0.9238 0.6883 0.8997 0.8553 0.8279
111 0.9196 0.6980 0.8970 0.8634 0.8376
112 0.9280 0.6296 0.9083 0.8645 0.8392
113 0.9255 0.6334 0.9061 0.8627 0.8379
114 0.9285 0.6151 0.9072 0.8655 0.8393
115 0.9270 0.5842 0.9086 0.8651 0.8395
116 0.9274 0.5903 0.9088 0.8670 0.8412
117 0.9276 0.5924 0.9086 0.8570 0.8338
118 0.9290 0.5981 0.9073 0.8703 0.8440
119 0.9243 0.6381 0.9030 0.8644 0.8410
120 0.9211 0.6721 0.8975 0.8551 0.8305
121 0.9226 0.6787 0.9003 0.8564 0.8275
122 0.9217 0.6392 0.9009 0.8677 0.8412
123 0.9274 0.6193 0.9088 0.8689 0.8429
124 0.9303 0.5858 0.9098 0.8696 0.8445
125 0.9298 0.5843 0.9097 0.8720 0.8452
126 0.9293 0.5922 0.9101 0.8739 0.8487
127 0.9296 0.5770 0.9103 0.8631 0.8403
128 0.9290 0.5827 0.9109 0.8658 0.8407
129 0.9245 0.6226 0.9058 0.8612 0.8362
130 0.9233 0.6668 0.9031 0.8637 0.8397
131 0.9237 0.6543 0.9042 0.8610 0.8358
132 0.9249 0.6265 0.9047 0.8581 0.8311
133 0.9327 0.5645 0.9133 0.8652 0.8393
134 0.9308 0.5690 0.9132 0.8686 0.8427
135 0.9294 0.5717 0.9116 0.8663 0.8403
136 0.9329 0.5544 0.9148 0.8640 0.8388
137 0.9360 0.5502 0.9193 0.8601 0.8353
138 0.9263 0.6301 0.9069 0.8496 0.8219
139 0.9286 0.5996 0.9096 0.8553 0.8320
140 0.9190 0.7151 0.8987 0.8652 0.8347
141 0.9242 0.6280 0.9062 0.8591 0.8302
142 0.9290 0.5967 0.9118 0.8663 0.8400
143 0.9277 0.5753 0.9098 0.8644 0.8392
144 0.9305 0.5720 0.9125 0.8664 0.8383
145 0.9336 0.5469 0.9158 0.8703 0.8416
146 0.9347 0.5384 0.9168 0.8698 0.8421
147 0.9353 0.5405 0.9187 0.8663 0.8400
148 0.9344 0.5568 0.9162 0.8594 0.8343
149 0.9318 0.5823 0.9116 0.8662 0.8401
150 0.9231 0.6604 0.9045 0.8564 0.8286
151 0.9206 0.6612 0.9006 0.8674 0.8377
152 0.9270 0.6033 0.9073 0.8719 0.8481
153 0.9323 0.5628 0.9141 0.8632 0.8359
154 0.9337 0.5562 0.9166 0.8664 0.8415
155 0.9323 0.5501 0.9151 0.8671 0.8433
156 0.9338 0.5390 0.9176 0.8671 0.8413
157 0.9379 0.5269 0.9224 0.8740 0.8481
158 0.9300 0.5759 0.9105 0.8677 0.8417
159 0.9308 0.5587 0.9137 0.8669 0.8399
160 0.9350 0.5373 0.9164 0.8686 0.8421
161 0.9335 0.5455 0.9168 0.8708 0.8444
162 0.9378 0.4975 0.9227 0.8722 0.8453
163 0.9326 0.5293 0.9163 0.8698 0.8448
164 0.9370 0.5207 0.9197 0.8698 0.8439
165 0.9384 0.5019 0.9243 0.8704 0.8451
166 0.9347 0.5107 0.9193 0.8707 0.8442
167 0.9372 0.5125 0.9203 0.8674 0.8438
168 0.9378 0.5104 0.9209 0.8699 0.8438
169 0.9382 0.4995 0.9241 0.8675 0.8445
170 0.9369 0.5081 0.9222 0.8708 0.8445
171 0.9346 0.5205 0.9193 0.8731 0.8466
172 0.9391 0.4968 0.9237 0.8711 0.8463
173 0.9368 0.5117 0.9215 0.8700 0.8454
174 0.9392 0.4975 0.9254 0.8736 0.8490
175 0.9380 0.5027 0.9209 0.8721 0.8484
176 0.9375 0.4930 0.9234 0.8724 0.8472
177 0.9354 0.5093 0.9204 0.8706 0.8448
178 0.9366 0.4932 0.9232 0.8710 0.8492
179 0.9373 0.4998 0.9205 0.8706 0.8469
180 0.9346 0.5027 0.9185 0.8730 0.8484
181 0.9402 0.4900 0.9251 0.8725 0.8470
182 0.9392 0.4894 0.9253 0.8712 0.8483
183 0.9379 0.5026 0.9234 0.8744 0.8498
184 0.9394 0.4871 0.9239 0.8712 0.8478
185 0.9377 0.4867 0.9229 0.8705 0.8480
186 0.9380 0.4930 0.9244 0.8700 0.8471
187 0.9363 0.4933 0.9210 0.8724 0.8475
188 0.9401 0.4827 0.9256 0.8683 0.8454
189 0.9371 0.4909 0.9230 0.8671 0.8435
190 0.9361 0.4896 0.9219 0.8673 0.8428
191 0.9378 0.4799 0.9231 0.8686 0.8436
192 0.9375 0.5030 0.9214 0.8698 0.8452
193 0.9391 0.4602 0.9251 0.8688 0.8448
194 0.9397 0.4665 0.9255 0.8703 0.8457
195 0.9388 0.4820 0.9241 0.8695 0.8453
196 0.9415 0.4626 0.9282 0.8691 0.8453
197 0.9424 0.4670 0.9284 0.8724 0.8466
198 0.9359 0.4984 0.9201 0.8693 0.8457
199 0.9382 0.4922 0.9240 0.8680 0.8452
