epoch train_iou train_loss train_mAP val_iou val_mAP
0 0.5598 0.1745 0.4834 0.6735 0.6165
1 0.6947 0.1599 0.6365 0.7274 0.6701
2 0.7316 0.1655 0.6780 0.7804 0.7409
3 0.7684 0.1681 0.7221 0.7982 0.7449
4 0.7917 0.1683 0.7515 0.8264 0.7895
5 0.8142 0.1760 0.7712 0.8340 0.7949
6 0.8117 0.1985 0.7707 0.8213 0.7859
7 0.8016 0.2395 0.7581 0.8178 0.7825
8 0.7947 0.2680 0.7515 0.8120 0.7779
9 0.7869 0.2960 0.7447 0.8066 0.7737
10 0.7983 0.2994 0.7612 0.8056 0.7695
11 0.8006 0.3263 0.7614 0.8180 0.7816
12 0.8225 0.2968 0.7864 0.8245 0.7948
13 0.8296 0.2854 0.7978 0.8473 0.8168
14 0.8608 0.2657 0.8283 0.8595 0.8278
15 0.8629 0.2628 0.8300 0.8613 0.8323
16 0.8598 0.2887 0.8289 0.8546 0.8246
17 0.8436 0.3267 0.8074 0.8558 0.8257
18 0.8393 0.3664 0.8069 0.8378 0.8083
19 0.8337 0.4059 0.7965 0.8309 0.7967
20 0.8308 0.4309 0.7944 0.8389 0.8058
21 0.8490 0.3996 0.8166 0.8488 0.8204
22 0.8511 0.3892 0.8190 0.8384 0.8064
23 0.8688 0.3551 0.8364 0.8555 0.8251
24 0.8740 0.3436 0.8435 0.8678 0.8401
25 0.8856 0.3287 0.8570 0.8702 0.8430
26 0.8812 0.3586 0.8523 0.8711 0.8425
27 0.8814 0.3659 0.8493 0.8643 0.8309
28 0.8637 0.4374 0.8321 0.8643 0.8367
29 0.8623 0.4588 0.8305 0.8273 0.7972
30 0.8516 0.4971 0.8175 0.8466 0.8098
31 0.8562 0.5249 0.8258 0.8601 0.8330
32 0.8675 0.4763 0.8374 0.8634 0.8343
33 0.8815 0.4257 0.8521 0.8649 0.8329
34 0.8911 0.3849 0.8625 0.8649 0.8365
35 0.8924 0.3883 0.8632 0.8699 0.8417
36 0.8920 0.3907 0.8645 0.8688 0.8409
37 0.8836 0.4400 0.8532 0.8741 0.8442
38 0.8841 0.4769 0.8542 0.8693 0.8394
39 0.8759 0.5216 0.8472 0.8681 0.8390
40 0.8619 0.6113 0.8283 0.8579 0.8300
41 0.8673 0.5808 0.8390 0.8608 0.8350
42 0.8860 0.4955 0.8560 0.8616 0.8325
43 0.8926 0.4674 0.8649 0.8696 0.8438
44 0.9009 0.4365 0.8724 0.8744 0.8456
45 0.9056 0.4114 0.8766 0.8742 0.8464
46 0.9022 0.4442 0.8743 0.8726 0.8456
47 0.9009 0.4852 0.8716 0.8688 0.8446
48 0.8843 0.5690 0.8550 0.8647 0.8370
49 0.8824 0.5749 0.8520 0.8720 0.8435
50 0.8784 0.6235 0.8466 0.8405 0.8015
51 0.8760 0.6422 0.8457 0.8555 0.8275
52 0.8903 0.5675 0.8605 0.8668 0.8344
53 0.9028 0.5240 0.8767 0.8685 0.8426
54 0.9104 0.4631 0.8845 0.8770 0.8483
55 0.9113 0.4597 0.8843 0.8790 0.8508
56 0.9077 0.4842 0.8803 0.8755 0.8460
57 0.9083 0.5002 0.8815 0.8780 0.8507
58 0.9011 0.5798 0.8734 0.8566 0.8316
59 0.8881 0.6434 0.8582 0.8621 0.8302
60 0.8794 0.7246 0.8475 0.8555 0.8264
61 0.8891 0.6777 0.8607 0.8688 0.8413
62 0.8968 0.6118 0.8690 0.8682 0.8396
63 0.9100 0.5678 0.8825 0.8720 0.8448
64 0.9065 0.5587 0.8806 0.8777 0.8523
65 0.9119 0.5270 0.8845 0.8774 0.8515
66 0.9109 0.5374 0.8835 0.8751 0.8504
67 0.9067 0.5863 0.8796 0.8700 0.8453
68 0.9038 0.6474 0.8776 0.8684 0.8447
69 0.8943 0.7008 0.8673 0.8783 0.8485
70 0.8790 0.8368 0.8490 0.8568 0.8319
71 0.8947 0.7302 0.8662 0.8680 0.8380
72 0.8969 0.7110 0.8716 0.8720 0.8446
73 0.9068 0.6507 0.8806 0.8695 0.8469
74 0.9110 0.6034 0.8854 0.8748 0.8501
75 0.9183 0.5560 0.8934 0.8760 0.8522
76 0.9149 0.5872 0.8902 0.8767 0.8492
77 0.9136 0.6131 0.8879 0.8747 0.8494
78 0.9053 0.6717 0.8784 0.8661 0.8396
79 0.9012 0.7170 0.8757 0.8651 0.8390
80 0.8776 0.9225 0.8495 0.8366 0.8064
81 0.8893 0.8679 0.8618 0.8550 0.8307
82 0.8979 0.7801 0.8704 0.8692 0.8444
83 0.9102 0.6882 0.8827 0.8722 0.8464
84 0.9191 0.6146 0.8966 0.8771 0.8511
85 0.9206 0.6018 0.8982 0.8772 0.8519
86 0.9174 0.6439 0.8943 0.8771 0.8515
87 0.9165 0.6587 0.8924 0.8759 0.8508
88 0.9059 0.7478 0.8814 0.8750 0.8494
89 0.9089 0.7423 0.8832 0.8745 0.8478
90 0.8963 0.8720 0.8685 0.8691 0.8388
91 0.8987 0.8300 0.8719 0.8689 0.8420
92 0.9052 0.7737 0.8812 0.8693 0.8433
93 0.9196 0.7056 0.8968 0.8746 0.8506
94 0.9193 0.6766 0.8971 0.8825 0.8546
95 0.9153 0.7028 0.8933 0.8782 0.8513
96 0.9193 0.6895 0.8962 0.8733 0.8488
97 0.9173 0.7215 0.8922 0.8811 0.8509
98 0.9161 0.7489 0.8897 0.8796 0.8535
99 0.9036 0.8671 0.8769 0.8644 0.8375
100 0.9137 0.7793 0.8916 0.8788 0.8508
101 0.9180 0.7429 0.8926 0.8718 0.8444
102 0.9199 0.7186 0.8946 0.8737 0.8491
103 0.9251 0.6438 0.9040 0.8772 0.8517
104 0.9267 0.6252 0.9045 0.8752 0.8513
105 0.9284 0.6150 0.9069 0.8796 0.8558
106 0.9265 0.6105 0.9060 0.8792 0.8551
107 0.9247 0.6359 0.9029 0.8771 0.8496
108 0.9251 0.6331 0.9048 0.8680 0.8446
109 0.9216 0.6744 0.9013 0.8790 0.8551
110 0.9174 0.7258 0.8924 0.8748 0.8487
111 0.9215 0.6721 0.8979 0.8794 0.8543
112 0.9247 0.6386 0.9005 0.8731 0.8478
113 0.9292 0.6174 0.9093 0.8791 0.8545
114 0.9290 0.6107 0.9083 0.8789 0.8547
115 0.9248 0.6279 0.9030 0.8809 0.8548
116 0.9264 0.5987 0.9069 0.8791 0.8551
117 0.9270 0.6143 0.9052 0.8796 0.8554
118 0.9285 0.5972 0.9069 0.8822 0.8572
119 0.9248 0.6355 0.9023 0.8773 0.8494
120 0.9152 0.7303 0.8935 0.8696 0.8449
121 0.9239 0.6567 0.9025 0.8750 0.8480
122 0.9247 0.6475 0.9040 0.8790 0.8551
123 0.9248 0.6455 0.9042 0.8792 0.8565
124 0.9319 0.5889 0.9103 0.8819 0.8588
125 0.9303 0.5673 0.9112 0.8792 0.8565
126 0.9276 0.5909 0.9073 0.8730 0.8455
127 0.9305 0.5939 0.9111 0.8787 0.8521
128 0.9278 0.5912 0.9090 0.8768 0.8504
129 0.9270 0.6055 0.9078 0.8741 0.8523
130 0.9247 0.6511 0.9044 0.8761 0.8521
131 0.9133 0.7112 0.8917 0.8801 0.8583
132 0.9225 0.6479 0.9001 0.8826 0.8569
133 0.9306 0.6049 0.9098 0.8811 0.8577
134 0.9301 0.5574 0.9117 0.8816 0.8567
135 0.9354 0.5328 0.9169 0.8803 0.8546
136 0.9278 0.5784 0.9094 0.8789 0.8552
137 0.9317 0.5781 0.9121 0.8798 0.8561
138 0.9317 0.5540 0.9140 0.8815 0.8567
139 0.9265 0.6460 0.9064 0.8779 0.8517
140 0.9266 0.6412 0.9057 0.8726 0.8499
141 0.9327 0.5841 0.9142 0.8774 0.8547
142 0.9293 0.5954 0.9095 0.8788 0.8524
143 0.9303 0.5854 0.9108 0.8824 0.8594
144 0.9324 0.5529 0.9133 0.8821 0.8566
145 0.9317 0.5561 0.9127 0.8832 0.8586
146 0.9316 0.5562 0.9123 0.8856 0.8592
147 0.9357 0.5374 0.9190 0.8742 0.8507
148 0.9331 0.5464 0.9153 0.8786 0.8536
149 0.9297 0.5875 0.9116 0.8757 0.8530
150 0.9257 0.6635 0.9067 0.8830 0.8545
151 0.9272 0.6145 0.9060 0.8786 0.8517
152 0.9271 0.6068 0.9087 0.8759 0.8522
153 0.9307 0.5839 0.9118 0.8767 0.8527
154 0.9367 0.5211 0.9202 0.8756 0.8522
155 0.9341 0.5202 0.9176 0.8766 0.8535
156 0.9356 0.5418 0.9181 0.8794 0.8548
157 0.9286 0.5479 0.9110 0.8763 0.8543
158 0.9316 0.5851 0.9118 0.8795 0.8570
159 0.9297 0.5824 0.9112 0.8759 0.8496
160 0.9294 0.5685 0.9121 0.8792 0.8505
161 0.9298 0.5497 0.9105 0.8801 0.8524
162 0.9398 0.4942 0.9233 0.8781 0.8505
163 0.9385 0.5206 0.9214 0.8811 0.8541
164 0.9391 0.4997 0.9224 0.8808 0.8551
165 0.9381 0.4957 0.9209 0.8795 0.8543
166 0.9342 0.5134 0.9160 0.8792 0.8533
167 0.9358 0.4956 0.9202 0.8845 0.8566
168 0.9328 0.5230 0.9150 0.8827 0.8548
169 0.9387 0.4882 0.9222 0.8833 0.8570
170 0.9390 0.4949 0.9226 0.8829 0.8575
171 0.9400 0.5043 0.9225 0.8815 0.8552
172 0.9384 0.4859 0.9217 0.8856 0.8602
173 0.9395 0.4905 0.9234 0.8865 0.8611
174 0.9390 0.4768 0.9242 0.8852 0.8588
175 0.9376 0.4993 0.9207 0.8832 0.8573
176 0.9400 0.4779 0.9252 0.8847 0.8585
177 0.9414 0.4818 0.9259 0.8836 0.8591
178 0.9398 0.5025 0.9236 0.8835 0.8579
179 0.9407 0.4868 0.9248 0.8838 0.8585
180 0.9409 0.4726 0.9248 0.8845 0.8590
181 0.9407 0.4850 0.9255 0.8847 0.8596
182 0.9430 0.4775 0.9270 0.8805 0.8570
183 0.9418 0.4829 0.9262 0.8834 0.8582
184 0.9395 0.4838 0.9236 0.8827 0.8576
185 0.9432 0.4711 0.9285 0.8835 0.8569
186 0.9409 0.4840 0.9259 0.8838 0.8575
187 0.9430 0.4681 0.9286 0.8843 0.8589
188 0.9404 0.4780 0.9255 0.8822 0.8559
189 0.9413 0.4683 0.9266 0.8815 0.8565
190 0.9385 0.4916 0.9222 0.8821 0.8554
191 0.9423 0.4745 0.9281 0.8837 0.8565
192 0.9405 0.4886 0.9250 0.8831 0.8570
193 0.9414 0.4744 0.9262 0.8829 0.8577
194 0.9410 0.4778 0.9284 0.8845 0.8586
195 0.9415 0.4582 0.9259 0.8853 0.8585
196 0.9404 0.4725 0.9253 0.8862 0.8608
197 0.9437 0.4501 0.9294 0.8822 0.8575
198 0.9412 0.4787 0.9273 0.8835 0.8592
199 0.9423 0.4619 0.9263 0.8831 0.8575
