epoch train_iou train_loss train_mAP val_iou val_mAP
0 0.6324 0.2856 0.5606 0.7186 0.6604
1 0.7151 0.2620 0.6561 0.7552 0.7034
2 0.7679 0.2790 0.7167 0.7435 0.6957
3 0.7940 0.2854 0.7470 0.8084 0.7638
4 0.8061 0.2918 0.7615 0.8145 0.7699
5 0.8034 0.3406 0.7613 0.7804 0.7427
6 0.8150 0.3495 0.7731 0.8014 0.7589
7 0.8240 0.3583 0.7865 0.8196 0.7799
8 0.8297 0.3969 0.7913 0.8157 0.7807
9 0.8238 0.4328 0.7864 0.8188 0.7829
10 0.8330 0.4417 0.7995 0.8282 0.7974
11 0.8444 0.4441 0.8127 0.8406 0.8089
12 0.8431 0.4694 0.8053 0.8395 0.8031
13 0.8544 0.4521 0.8210 0.8512 0.8192
14 0.8449 0.5154 0.8127 0.8460 0.8155
15 0.8487 0.5358 0.8173 0.8378 0.8071
16 0.8563 0.5517 0.8248 0.8468 0.8149
17 0.8568 0.5403 0.8245 0.8515 0.8219
18 0.8527 0.5969 0.8206 0.8446 0.8138
19 0.8619 0.5935 0.8302 0.8445 0.8140
20 0.8605 0.6158 0.8288 0.8329 0.7929
21 0.8634 0.6315 0.8310 0.8462 0.8171
22 0.8598 0.6793 0.8294 0.8527 0.8227
23 0.8582 0.7045 0.8280 0.8532 0.8238
24 0.8695 0.6704 0.8406 0.8602 0.8275
25 0.8745 0.6843 0.8482 0.8502 0.8202
26 0.8757 0.6980 0.8435 0.8458 0.8141
27 0.8659 0.7686 0.8393 0.8602 0.8268
28 0.8816 0.6841 0.8534 0.8587 0.8276
29 0.8844 0.7093 0.8587 0.8584 0.8221
30 0.8784 0.7301 0.8531 0.8608 0.8339
31 0.8778 0.7747 0.8499 0.8646 0.8351
32 0.8842 0.7642 0.8566 0.8594 0.8265
33 0.8817 0.7968 0.8557 0.8615 0.8316
34 0.8893 0.7726 0.8633 0.8632 0.8377
35 0.8794 0.8610 0.8518 0.8620 0.8346
36 0.8839 0.8364 0.8587 0.8606 0.8334
37 0.8845 0.8589 0.8557 0.8694 0.8430
38 0.8921 0.8157 0.8651 0.8707 0.8425
39 0.8876 0.8246 0.8628 0.8668 0.8395
40 0.8888 0.8581 0.8648 0.8704 0.8450
41 0.8922 0.8754 0.8674 0.8713 0.8496
42 0.8908 0.8752 0.8656 0.8772 0.8524
43 0.9016 0.8268 0.8786 0.8789 0.8540
44 0.9048 0.8251 0.8791 0.8737 0.8467
45 0.8989 0.8555 0.8726 0.8670 0.8404
46 0.9041 0.8343 0.8825 0.8695 0.8417
47 0.9096 0.8256 0.8875 0.8770 0.8493
48 0.9124 0.7977 0.8901 0.8824 0.8575
49 0.9080 0.8477 0.8837 0.8802 0.8550
50 0.8757 1.1912 0.8441 0.8401 0.8095
51 0.8682 1.2509 0.8400 0.8584 0.8334
52 0.8721 1.2146 0.8442 0.8437 0.8204
53 0.8762 1.1761 0.8462 0.8558 0.8295
54 0.8721 1.1911 0.8443 0.8573 0.8264
55 0.8719 1.1969 0.8471 0.8570 0.8342
56 0.8871 1.0905 0.8636 0.8648 0.8417
57 0.8853 1.1368 0.8608 0.8655 0.8422
58 0.8825 1.1169 0.8575 0.8732 0.8484
59 0.8909 1.0531 0.8678 0.8552 0.8311
60 0.8860 1.0890 0.8591 0.8684 0.8414
61 0.8911 1.0219 0.8668 0.8640 0.8406
62 0.8817 1.1322 0.8561 0.8554 0.8256
63 0.8921 1.0719 0.8686 0.8616 0.8406
64 0.8956 1.0435 0.8733 0.8664 0.8414
65 0.8932 1.0198 0.8696 0.8747 0.8450
66 0.8976 0.9735 0.8757 0.8597 0.8288
67 0.8890 1.0564 0.8635 0.8780 0.8491
68 0.9003 0.9616 0.8751 0.8788 0.8499
69 0.8947 1.0005 0.8714 0.8790 0.8496
70 0.8954 0.9739 0.8703 0.8758 0.8474
71 0.9027 0.9159 0.8797 0.8791 0.8530
72 0.9030 0.9213 0.8810 0.8640 0.8376
73 0.9017 0.9521 0.8790 0.8755 0.8516
74 0.9054 0.8997 0.8833 0.8682 0.8479
75 0.9097 0.8463 0.8847 0.8752 0.8496
76 0.9117 0.8533 0.8902 0.8670 0.8422
77 0.9046 0.9085 0.8818 0.8777 0.8530
78 0.9076 0.8737 0.8850 0.8785 0.8522
79 0.8968 0.9517 0.8724 0.8792 0.8532
80 0.9073 0.8505 0.8872 0.8728 0.8460
81 0.9126 0.8346 0.8931 0.8796 0.8565
82 0.9180 0.7706 0.8983 0.8806 0.8556
83 0.9153 0.8030 0.8950 0.8837 0.8590
84 0.9142 0.7917 0.8964 0.8858 0.8629
85 0.9200 0.7577 0.8999 0.8817 0.8580
86 0.9178 0.7726 0.8986 0.8756 0.8495
87 0.9157 0.7916 0.8948 0.8773 0.8536
88 0.9209 0.7560 0.9006 0.8846 0.8583
89 0.9146 0.7615 0.8956 0.8831 0.8587
90 0.9306 0.6690 0.9130 0.8811 0.8580
91 0.9190 0.7298 0.8993 0.8830 0.8592
92 0.9231 0.7227 0.9053 0.8834 0.8586
93 0.9237 0.7124 0.9059 0.8850 0.8605
94 0.9194 0.7171 0.8993 0.8856 0.8644
95 0.9231 0.7064 0.9036 0.8817 0.8584
96 0.9241 0.7033 0.9039 0.8814 0.8594
97 0.9263 0.6744 0.9096 0.8840 0.8606
98 0.9275 0.6627 0.9103 0.8852 0.8601
99 0.9284 0.6806 0.9094 0.8846 0.8619
100 0.9238 0.7189 0.9045 0.8779 0.8564
101 0.9178 0.7845 0.8965 0.8770 0.8561
102 0.9175 0.7742 0.8983 0.8875 0.8601
103 0.9123 0.8154 0.8907 0.8819 0.8567
104 0.9149 0.7922 0.8944 0.8817 0.8566
105 0.9092 0.8392 0.8875 0.8798 0.8547
106 0.9197 0.7590 0.8998 0.8843 0.8572
107 0.9123 0.7956 0.8910 0.8823 0.8542
108 0.9159 0.7677 0.8963 0.8835 0.8571
109 0.9117 0.8302 0.8935 0.8816 0.8584
110 0.9204 0.7392 0.9024 0.8886 0.8645
111 0.9157 0.7798 0.8945 0.8877 0.8629
112 0.9214 0.7320 0.9029 0.8859 0.8634
113 0.9264 0.6958 0.9113 0.8832 0.8593
114 0.9187 0.7419 0.9003 0.8895 0.8643
115 0.9231 0.7135 0.9057 0.8824 0.8571
116 0.9206 0.7129 0.9023 0.8839 0.8599
117 0.9239 0.7046 0.9056 0.8798 0.8506
118 0.9232 0.7128 0.9058 0.8862 0.8617
119 0.9124 0.7862 0.8935 0.8862 0.8630
120 0.9179 0.7312 0.8993 0.8852 0.8599
121 0.9266 0.6739 0.9081 0.8818 0.8562
122 0.9281 0.6735 0.9124 0.8808 0.8557
123 0.9258 0.7100 0.9074 0.8879 0.8645
124 0.9261 0.6994 0.9089 0.8867 0.8624
125 0.9245 0.6780 0.9062 0.8831 0.8620
126 0.9338 0.6065 0.9175 0.8846 0.8604
127 0.9282 0.6525 0.9106 0.8856 0.8600
128 0.9356 0.5837 0.9213 0.8873 0.8643
129 0.9323 0.6163 0.9136 0.8843 0.8575
130 0.9326 0.6203 0.9159 0.8860 0.8596
131 0.9255 0.6731 0.9087 0.8852 0.8620
132 0.9307 0.6297 0.9150 0.8866 0.8635
133 0.9300 0.6183 0.9128 0.8841 0.8592
134 0.9340 0.5975 0.9190 0.8831 0.8594
135 0.9328 0.6010 0.9160 0.8846 0.8606
136 0.9343 0.6028 0.9188 0.8826 0.8594
137 0.9355 0.5855 0.9193 0.8808 0.8587
138 0.9281 0.6351 0.9121 0.8839 0.8597
139 0.9295 0.6240 0.9122 0.8884 0.8631
140 0.9319 0.6283 0.9152 0.8884 0.8637
141 0.9305 0.6132 0.9132 0.8888 0.8643
142 0.9398 0.5594 0.9248 0.8870 0.8644
143 0.9322 0.6104 0.9151 0.8848 0.8626
144 0.9382 0.5589 0.9237 0.8899 0.8677
145 0.9396 0.5515 0.9239 0.8873 0.8652
146 0.9391 0.5412 0.9252 0.8883 0.8655
147 0.9374 0.5530 0.9238 0.8878 0.8651
148 0.9341 0.5779 0.9197 0.8911 0.8671
149 0.9328 0.5938 0.9167 0.8916 0.8675
150 0.9337 0.5969 0.9175 0.8853 0.8607
151 0.9290 0.6258 0.9126 0.8774 0.8521
152 0.9360 0.5835 0.9222 0.8872 0.8637
153 0.9315 0.6071 0.9172 0.8856 0.8609
154 0.9342 0.6272 0.9183 0.8765 0.8547
155 0.9319 0.6064 0.9150 0.8790 0.8581
156 0.9325 0.6053 0.9167 0.8858 0.8609
157 0.9338 0.6178 0.9184 0.8833 0.8572
158 0.9362 0.5825 0.9212 0.8832 0.8586
159 0.9332 0.6035 0.9178 0.8846 0.8607
160 0.9335 0.5803 0.9175 0.8849 0.8602
161 0.9326 0.6041 0.9177 0.8897 0.8685
162 0.9356 0.5815 0.9203 0.8821 0.8604
163 0.9282 0.6406 0.9106 0.8867 0.8629
164 0.9350 0.5921 0.9203 0.8893 0.8646
165 0.9374 0.5731 0.9228 0.8857 0.8612
166 0.9364 0.5747 0.9216 0.8839 0.8601
167 0.9385 0.5634 0.9233 0.8916 0.8679
168 0.9365 0.5652 0.9227 0.8928 0.8698
169 0.9369 0.5896 0.9209 0.8921 0.8684
170 0.9350 0.5869 0.9191 0.8859 0.8637
171 0.9404 0.5360 0.9262 0.8852 0.8619
172 0.9412 0.5266 0.9277 0.8878 0.8635
173 0.9397 0.5442 0.9254 0.8836 0.8633
174 0.9401 0.5420 0.9253 0.8839 0.8606
175 0.9371 0.5404 0.9223 0.8885 0.8632
176 0.9398 0.5259 0.9252 0.8895 0.8642
177 0.9369 0.5565 0.9224 0.8827 0.8597
178 0.9388 0.5561 0.9248 0.8817 0.8584
179 0.9382 0.5394 0.9245 0.8830 0.8585
180 0.9409 0.5385 0.9279 0.8794 0.8570
181 0.9394 0.5364 0.9251 0.8803 0.8577
182 0.9403 0.5425 0.9258 0.8813 0.8581
183 0.9415 0.5069 0.9272 0.8882 0.8679
184 0.9452 0.4775 0.9318 0.8910 0.8687
185 0.9425 0.5054 0.9286 0.8921 0.8691
186 0.9400 0.5275 0.9260 0.8818 0.8571
187 0.9435 0.4986 0.9312 0.8840 0.8605
188 0.9421 0.5224 0.9301 0.8888 0.8674
189 0.9440 0.5014 0.9298 0.8864 0.8627
190 0.9434 0.4861 0.9319 0.8941 0.8722
191 0.9454 0.4706 0.9337 0.8857 0.8630
192 0.9452 0.4998 0.9324 0.8867 0.8642
193 0.9436 0.5104 0.9318 0.8916 0.8686
194 0.9449 0.4859 0.9319 0.8852 0.8616
195 0.9434 0.4982 0.9291 0.8896 0.8662
196 0.9483 0.4650 0.9365 0.8906 0.8685
197 0.9460 0.4716 0.9335 0.8902 0.8661
198 0.9424 0.4989 0.9322 0.8895 0.8654
199 0.9454 0.4932 0.9322 0.8889 0.8652
