epoch train_iou train_loss train_mAP val_iou val_mAP
0 0.6323 0.2981 0.5605 0.7368 0.6827
1 0.7296 0.2524 0.6760 0.7695 0.7157
2 0.7721 0.2674 0.7195 0.7877 0.7364
3 0.7883 0.2876 0.7427 0.7681 0.7245
4 0.7933 0.3232 0.7466 0.7845 0.7274
5 0.8024 0.3505 0.7574 0.8110 0.7735
6 0.8137 0.3478 0.7747 0.8164 0.7719
7 0.8171 0.3770 0.7776 0.8275 0.7925
8 0.8353 0.3767 0.8025 0.8267 0.7939
9 0.8359 0.4038 0.7990 0.8189 0.7849
10 0.8267 0.4590 0.7892 0.8233 0.7922
11 0.8371 0.4664 0.7995 0.8339 0.8011
12 0.8391 0.4801 0.8055 0.8350 0.7997
13 0.8383 0.5144 0.8040 0.8372 0.8090
14 0.8502 0.5113 0.8146 0.8409 0.8052
15 0.8415 0.5601 0.8076 0.8367 0.8091
16 0.8544 0.5481 0.8215 0.8458 0.8122
17 0.8593 0.5469 0.8267 0.8457 0.8085
18 0.8502 0.6299 0.8181 0.8340 0.8014
19 0.8507 0.6315 0.8195 0.8554 0.8256
20 0.8681 0.6043 0.8390 0.8466 0.8173
21 0.8545 0.6677 0.8228 0.8245 0.7960
22 0.8642 0.6487 0.8341 0.8542 0.8253
23 0.8651 0.6682 0.8363 0.8525 0.8257
24 0.8682 0.6744 0.8392 0.8354 0.8064
25 0.8654 0.7190 0.8375 0.8502 0.8212
26 0.8627 0.7347 0.8326 0.8586 0.8280
27 0.8616 0.7495 0.8338 0.8543 0.8294
28 0.8730 0.7398 0.8424 0.8512 0.8220
29 0.8731 0.7665 0.8451 0.8572 0.8271
30 0.8811 0.7481 0.8527 0.8508 0.8213
31 0.8687 0.8206 0.8401 0.8565 0.8288
32 0.8752 0.7888 0.8473 0.8638 0.8364
33 0.8663 0.8764 0.8371 0.8624 0.8349
34 0.8736 0.8414 0.8436 0.8605 0.8324
35 0.8855 0.8070 0.8582 0.8573 0.8254
36 0.8721 0.8855 0.8461 0.8682 0.8427
37 0.8912 0.7995 0.8669 0.8625 0.8372
38 0.8853 0.8598 0.8567 0.8666 0.8402
39 0.8852 0.8684 0.8571 0.8648 0.8413
40 0.8964 0.8219 0.8698 0.8662 0.8415
41 0.8935 0.8661 0.8678 0.8770 0.8484
42 0.8948 0.8454 0.8718 0.8659 0.8397
43 0.8949 0.8944 0.8692 0.8712 0.8464
44 0.8914 0.8823 0.8660 0.8736 0.8505
45 0.8953 0.8800 0.8689 0.8746 0.8446
46 0.8939 0.9126 0.8694 0.8789 0.8544
47 0.9039 0.8681 0.8810 0.8740 0.8465
48 0.9059 0.8346 0.8827 0.8758 0.8481
49 0.9051 0.8613 0.8806 0.8750 0.8481
50 0.8609 1.3375 0.8318 0.8409 0.8119
51 0.8631 1.3349 0.8346 0.8308 0.8005
52 0.8629 1.3100 0.8313 0.8430 0.8061
53 0.8660 1.2591 0.8395 0.8487 0.8191
54 0.8633 1.2933 0.8312 0.8500 0.8244
55 0.8692 1.2082 0.8410 0.8632 0.8367
56 0.8675 1.2543 0.8381 0.8519 0.8270
57 0.8702 1.1891 0.8421 0.8538 0.8312
58 0.8755 1.1946 0.8477 0.8455 0.8104
59 0.8831 1.1377 0.8565 0.8569 0.8319
60 0.8713 1.2336 0.8425 0.8611 0.8354
61 0.8869 1.0669 0.8621 0.8547 0.8292
62 0.8863 1.0700 0.8621 0.8649 0.8405
63 0.8834 1.1106 0.8566 0.8663 0.8418
64 0.8903 1.0627 0.8655 0.8600 0.8336
65 0.8806 1.1349 0.8556 0.8525 0.8316
66 0.8843 1.0685 0.8582 0.8578 0.8326
67 0.8806 1.1333 0.8569 0.8651 0.8404
68 0.8917 1.0101 0.8667 0.8672 0.8414
69 0.8876 1.0335 0.8659 0.8673 0.8422
70 0.8956 1.0080 0.8705 0.8610 0.8384
71 0.8883 1.0312 0.8637 0.8659 0.8430
72 0.8984 0.9680 0.8741 0.8604 0.8392
73 0.8930 0.9854 0.8680 0.8574 0.8377
74 0.8979 0.9476 0.8748 0.8703 0.8429
75 0.8949 0.9889 0.8700 0.8617 0.8407
76 0.8969 0.9514 0.8750 0.8678 0.8441
77 0.9003 0.9603 0.8774 0.8763 0.8520
78 0.9057 0.8773 0.8824 0.8777 0.8534
79 0.8982 0.9344 0.8757 0.8731 0.8505
80 0.9021 0.9111 0.8788 0.8731 0.8505
81 0.9049 0.9011 0.8857 0.8703 0.8480
82 0.9092 0.8382 0.8892 0.8724 0.8482
83 0.9083 0.8530 0.8850 0.8779 0.8505
84 0.9120 0.8515 0.8913 0.8777 0.8543
85 0.9013 0.9064 0.8777 0.8772 0.8540
86 0.9101 0.8154 0.8903 0.8720 0.8514
87 0.9062 0.8523 0.8849 0.8775 0.8529
88 0.9061 0.8736 0.8843 0.8775 0.8565
89 0.9107 0.8503 0.8914 0.8773 0.8534
90 0.9108 0.8091 0.8899 0.8805 0.8559
91 0.9100 0.8363 0.8885 0.8765 0.8550
92 0.9059 0.8638 0.8827 0.8764 0.8543
93 0.9103 0.8353 0.8876 0.8794 0.8551
94 0.9117 0.7988 0.8916 0.8762 0.8551
95 0.9118 0.7982 0.8913 0.8791 0.8575
96 0.9171 0.7465 0.8975 0.8830 0.8615
97 0.9187 0.7320 0.9012 0.8829 0.8601
98 0.9253 0.6889 0.9069 0.8780 0.8551
99 0.9119 0.8058 0.8901 0.8802 0.8574
100 0.9104 0.8571 0.8877 0.8817 0.8560
101 0.9036 0.8844 0.8836 0.8782 0.8520
102 0.9098 0.8121 0.8880 0.8804 0.8540
103 0.9101 0.8606 0.8883 0.8779 0.8517
104 0.9045 0.8980 0.8802 0.8723 0.8505
105 0.9018 0.9034 0.8793 0.8680 0.8413
106 0.9149 0.7875 0.8950 0.8779 0.8529
107 0.9090 0.8530 0.8861 0.8765 0.8539
108 0.9081 0.8551 0.8870 0.8828 0.8577
109 0.9089 0.8353 0.8887 0.8820 0.8585
110 0.9066 0.8554 0.8852 0.8784 0.8541
111 0.9114 0.8234 0.8909 0.8764 0.8519
112 0.9120 0.8105 0.8920 0.8843 0.8573
113 0.9114 0.8282 0.8902 0.8782 0.8510
114 0.9125 0.8142 0.8922 0.8767 0.8497
115 0.9156 0.8042 0.8958 0.8766 0.8510
116 0.9079 0.8309 0.8853 0.8738 0.8510
117 0.9064 0.8359 0.8833 0.8823 0.8576
118 0.9150 0.7723 0.8958 0.8710 0.8459
119 0.9107 0.8104 0.8905 0.8801 0.8545
120 0.9067 0.8502 0.8856 0.8794 0.8562
121 0.9183 0.7536 0.9012 0.8802 0.8576
122 0.9176 0.7720 0.8974 0.8804 0.8540
123 0.9163 0.7569 0.8960 0.8779 0.8506
124 0.9108 0.8195 0.8911 0.8756 0.8494
125 0.9223 0.7123 0.9050 0.8785 0.8550
126 0.9158 0.7854 0.8927 0.8813 0.8534
127 0.9148 0.7698 0.8934 0.8802 0.8547
128 0.9216 0.7280 0.9015 0.8843 0.8572
129 0.9147 0.7595 0.8953 0.8861 0.8595
130 0.9295 0.6584 0.9113 0.8837 0.8586
131 0.9202 0.7298 0.9000 0.8773 0.8501
132 0.9168 0.7500 0.8963 0.8804 0.8529
133 0.9273 0.6660 0.9075 0.8784 0.8545
134 0.9225 0.7230 0.9028 0.8844 0.8579
135 0.9255 0.6845 0.9067 0.8826 0.8574
136 0.9306 0.6386 0.9120 0.8832 0.8580
137 0.9233 0.6893 0.9067 0.8784 0.8539
138 0.9286 0.6539 0.9103 0.8864 0.8596
139 0.9267 0.6667 0.9088 0.8777 0.8521
140 0.9221 0.7004 0.9027 0.8809 0.8552
141 0.9311 0.6334 0.9148 0.8815 0.8565
142 0.9283 0.6464 0.9123 0.8814 0.8590
143 0.9231 0.6840 0.9038 0.8811 0.8550
144 0.9260 0.6578 0.9082 0.8824 0.8569
145 0.9329 0.6052 0.9157 0.8823 0.8569
146 0.9331 0.6001 0.9172 0.8830 0.8594
147 0.9304 0.6213 0.9143 0.8846 0.8593
148 0.9243 0.6655 0.9058 0.8881 0.8634
149 0.9309 0.6138 0.9128 0.8832 0.8602
150 0.9232 0.6972 0.9047 0.8798 0.8546
151 0.9236 0.7007 0.9049 0.8816 0.8570
152 0.9289 0.6465 0.9116 0.8815 0.8565
153 0.9302 0.6517 0.9119 0.8832 0.8564
154 0.9268 0.6716 0.9096 0.8819 0.8597
155 0.9220 0.7036 0.9045 0.8842 0.8579
156 0.9245 0.6755 0.9069 0.8809 0.8557
157 0.9300 0.6291 0.9128 0.8817 0.8562
158 0.9263 0.6732 0.9074 0.8840 0.8576
159 0.9296 0.6434 0.9119 0.8833 0.8590
160 0.9316 0.6429 0.9131 0.8829 0.8589
161 0.9276 0.6627 0.9105 0.8845 0.8571
162 0.9309 0.6325 0.9150 0.8771 0.8534
163 0.9245 0.6886 0.9079 0.8745 0.8537
164 0.9310 0.6209 0.9137 0.8830 0.8589
165 0.9303 0.6273 0.9119 0.8802 0.8550
166 0.9245 0.6953 0.9061 0.8814 0.8569
167 0.9279 0.6725 0.9112 0.8806 0.8576
168 0.9273 0.6675 0.9086 0.8812 0.8583
169 0.9283 0.6661 0.9084 0.8821 0.8597
170 0.9290 0.6480 0.9115 0.8818 0.8581
171 0.9255 0.6935 0.9076 0.8809 0.8560
172 0.9239 0.6665 0.9079 0.8828 0.8597
173 0.9283 0.6366 0.9095 0.8834 0.8598
174 0.9328 0.6136 0.9163 0.8866 0.8612
175 0.9311 0.6108 0.9131 0.8825 0.8580
176 0.9334 0.5972 0.9142 0.8856 0.8627
177 0.9360 0.5891 0.9203 0.8863 0.8599
178 0.9324 0.6142 0.9183 0.8812 0.8556
179 0.9350 0.5972 0.9179 0.8815 0.8546
180 0.9325 0.6068 0.9168 0.8845 0.8599
181 0.9342 0.6018 0.9161 0.8840 0.8584
182 0.9350 0.6119 0.9178 0.8841 0.8597
183 0.9383 0.5507 0.9253 0.8831 0.8580
184 0.9350 0.5905 0.9179 0.8828 0.8601
185 0.9349 0.5969 0.9198 0.8864 0.8611
186 0.9352 0.5557 0.9194 0.8878 0.8624
187 0.9386 0.5703 0.9214 0.8875 0.8643
188 0.9351 0.5982 0.9197 0.8810 0.8596
189 0.9426 0.5340 0.9291 0.8879 0.8624
190 0.9339 0.5906 0.9169 0.8877 0.8631
191 0.9368 0.5637 0.9208 0.8837 0.8606
192 0.9345 0.5659 0.9203 0.8849 0.8615
193 0.9373 0.5654 0.9225 0.8865 0.8630
194 0.9367 0.5585 0.9216 0.8877 0.8636
195 0.9411 0.5319 0.9255 0.8861 0.8627
196 0.9408 0.5500 0.9262 0.8883 0.8647
197 0.9394 0.5344 0.9259 0.8875 0.8650
198 0.9365 0.5829 0.9208 0.8894 0.8660
199 0.9365 0.5640 0.9212 0.8885 0.8655
