epoch train_iou train_loss train_mAP val_iou val_mAP
0 0.6234 0.3006 0.5545 0.7090 0.6503
1 0.7071 0.2696 0.6464 0.7257 0.6784
2 0.7439 0.2932 0.6898 0.7694 0.7240
3 0.7638 0.3178 0.7125 0.7960 0.7539
4 0.7987 0.3058 0.7541 0.8107 0.7715
5 0.8175 0.3115 0.7771 0.8119 0.7770
6 0.8280 0.3185 0.7876 0.8275 0.7959
7 0.8310 0.3592 0.7907 0.8230 0.7965
8 0.8395 0.3740 0.8040 0.8368 0.8056
9 0.8449 0.3883 0.8104 0.8337 0.8009
10 0.8539 0.3909 0.8204 0.8388 0.8110
11 0.8482 0.4252 0.8121 0.8458 0.8181
12 0.8575 0.4281 0.8248 0.8358 0.8061
13 0.8592 0.4421 0.8276 0.8459 0.8199
14 0.8668 0.4535 0.8376 0.8526 0.8239
15 0.8519 0.5271 0.8211 0.8503 0.8213
16 0.8661 0.4935 0.8371 0.8402 0.8175
17 0.8628 0.5457 0.8328 0.8495 0.8206
18 0.8699 0.5153 0.8389 0.8580 0.8285
19 0.8690 0.5387 0.8395 0.8494 0.8263
20 0.8763 0.5491 0.8467 0.8562 0.8262
21 0.8760 0.5761 0.8478 0.8505 0.8249
22 0.8714 0.5934 0.8416 0.8586 0.8356
23 0.8714 0.6017 0.8426 0.8427 0.8213
24 0.8783 0.6220 0.8500 0.8445 0.8200
25 0.8775 0.6416 0.8502 0.8456 0.8235
26 0.8836 0.6232 0.8574 0.8564 0.8306
27 0.8921 0.5988 0.8653 0.8663 0.8427
28 0.8863 0.6550 0.8597 0.8621 0.8425
29 0.8882 0.6379 0.8613 0.8518 0.8294
30 0.8865 0.6873 0.8598 0.8574 0.8356
31 0.8847 0.7237 0.8582 0.8615 0.8381
32 0.8959 0.6595 0.8724 0.8663 0.8430
33 0.8923 0.7170 0.8667 0.8632 0.8400
34 0.8911 0.7522 0.8665 0.8595 0.8380
35 0.8967 0.7248 0.8737 0.8660 0.8435
36 0.8942 0.7224 0.8661 0.8661 0.8439
37 0.9018 0.6939 0.8773 0.8728 0.8517
38 0.9009 0.7251 0.8783 0.8667 0.8439
39 0.9059 0.7138 0.8817 0.8687 0.8462
40 0.8999 0.7675 0.8750 0.8722 0.8525
41 0.9089 0.7014 0.8866 0.8744 0.8531
42 0.9077 0.7309 0.8868 0.8771 0.8590
43 0.9054 0.7590 0.8808 0.8680 0.8489
44 0.9125 0.7032 0.8908 0.8742 0.8531
45 0.9100 0.7469 0.8859 0.8769 0.8549
46 0.9099 0.7521 0.8890 0.8727 0.8465
47 0.9163 0.7265 0.8952 0.8651 0.8456
48 0.9157 0.7298 0.8919 0.8700 0.8504
49 0.9219 0.6889 0.9029 0.8730 0.8537
50 0.8945 1.0126 0.8718 0.8574 0.8369
51 0.8762 1.1568 0.8470 0.8606 0.8361
52 0.8890 1.0785 0.8641 0.8615 0.8417
53 0.8800 1.1119 0.8549 0.8674 0.8470
54 0.8890 1.0470 0.8635 0.8641 0.8409
55 0.8883 1.0719 0.8622 0.8589 0.8356
56 0.8828 1.0926 0.8560 0.8635 0.8399
57 0.8861 1.0515 0.8638 0.8588 0.8350
58 0.8939 0.9783 0.8691 0.8693 0.8500
59 0.8956 0.9961 0.8727 0.8648 0.8455
60 0.8879 1.0274 0.8602 0.8635 0.8410
61 0.9037 0.9285 0.8813 0.8676 0.8470
62 0.8987 0.9338 0.8726 0.8788 0.8549
63 0.9046 0.8800 0.8815 0.8644 0.8430
64 0.9063 0.8684 0.8836 0.8689 0.8461
65 0.8932 0.9815 0.8714 0.8726 0.8520
66 0.8969 0.9287 0.8712 0.8714 0.8491
67 0.9102 0.8627 0.8892 0.8637 0.8432
68 0.9010 0.9160 0.8763 0.8717 0.8455
69 0.9108 0.8208 0.8884 0.8648 0.8449
70 0.9067 0.8517 0.8847 0.8673 0.8476
71 0.9124 0.8095 0.8901 0.8742 0.8544
72 0.9085 0.8259 0.8864 0.8795 0.8562
73 0.9121 0.7980 0.8895 0.8791 0.8554
74 0.9224 0.7403 0.9025 0.8720 0.8512
75 0.9146 0.7963 0.8947 0.8725 0.8531
76 0.9170 0.7697 0.8947 0.8767 0.8569
77 0.9160 0.7629 0.8948 0.8781 0.8589
78 0.9169 0.7589 0.8964 0.8705 0.8520
79 0.9151 0.7634 0.8952 0.8774 0.8540
80 0.9212 0.7366 0.9018 0.8736 0.8539
81 0.9183 0.7448 0.8989 0.8725 0.8526
82 0.9182 0.7517 0.8974 0.8754 0.8574
83 0.9218 0.7161 0.9027 0.8780 0.8576
84 0.9280 0.6502 0.9096 0.8756 0.8565
85 0.9280 0.6490 0.9116 0.8810 0.8576
86 0.9193 0.7168 0.9008 0.8774 0.8591
87 0.9275 0.6592 0.9103 0.8757 0.8562
88 0.9269 0.6815 0.9093 0.8770 0.8575
89 0.9310 0.6313 0.9164 0.8806 0.8633
90 0.9217 0.7109 0.9033 0.8820 0.8618
91 0.9252 0.6576 0.9088 0.8835 0.8635
92 0.9322 0.6203 0.9162 0.8839 0.8636
93 0.9269 0.6457 0.9078 0.8769 0.8556
94 0.9298 0.6127 0.9139 0.8707 0.8557
95 0.9294 0.6268 0.9151 0.8782 0.8590
96 0.9293 0.6296 0.9124 0.8812 0.8639
97 0.9318 0.6033 0.9150 0.8800 0.8589
98 0.9331 0.5904 0.9157 0.8803 0.8624
99 0.9355 0.5674 0.9206 0.8806 0.8635
100 0.9197 0.7023 0.9007 0.8754 0.8553
101 0.9262 0.6800 0.9093 0.8738 0.8559
102 0.9313 0.6254 0.9132 0.8756 0.8586
103 0.9312 0.6218 0.9140 0.8796 0.8621
104 0.9244 0.6773 0.9069 0.8803 0.8646
105 0.9245 0.6615 0.9072 0.8766 0.8582
106 0.9281 0.6448 0.9118 0.8750 0.8514
107 0.9303 0.6335 0.9118 0.8737 0.8566
108 0.9215 0.6761 0.9022 0.8773 0.8574
109 0.9270 0.6538 0.9100 0.8767 0.8569
110 0.9245 0.6792 0.9076 0.8724 0.8518
111 0.9278 0.6427 0.9102 0.8767 0.8574
112 0.9272 0.6540 0.9101 0.8815 0.8614
113 0.9288 0.6185 0.9132 0.8755 0.8566
114 0.9307 0.5966 0.9158 0.8730 0.8571
115 0.9315 0.6260 0.9146 0.8779 0.8589
116 0.9287 0.6187 0.9122 0.8827 0.8647
117 0.9300 0.6038 0.9132 0.8816 0.8624
118 0.9338 0.6035 0.9171 0.8842 0.8629
119 0.9341 0.6194 0.9170 0.8753 0.8571
120 0.9368 0.5565 0.9204 0.8766 0.8580
121 0.9332 0.5907 0.9187 0.8806 0.8601
122 0.9305 0.5892 0.9177 0.8815 0.8620
123 0.9291 0.5952 0.9159 0.8820 0.8598
124 0.9350 0.5613 0.9214 0.8744 0.8569
125 0.9362 0.5565 0.9226 0.8818 0.8612
126 0.9332 0.5801 0.9186 0.8818 0.8619
127 0.9378 0.5342 0.9242 0.8829 0.8620
128 0.9354 0.5578 0.9212 0.8818 0.8604
129 0.9369 0.5416 0.9229 0.8830 0.8630
130 0.9376 0.5560 0.9226 0.8861 0.8676
131 0.9281 0.6039 0.9127 0.8819 0.8636
132 0.9376 0.5289 0.9240 0.8825 0.8635
133 0.9349 0.5482 0.9198 0.8815 0.8651
134 0.9395 0.5113 0.9256 0.8821 0.8619
135 0.9382 0.5323 0.9245 0.8854 0.8667
136 0.9364 0.5563 0.9220 0.8829 0.8647
137 0.9398 0.5063 0.9275 0.8828 0.8652
138 0.9366 0.5404 0.9232 0.8780 0.8586
139 0.9423 0.4947 0.9289 0.8793 0.8605
140 0.9376 0.5516 0.9233 0.8796 0.8594
141 0.9444 0.4791 0.9321 0.8798 0.8617
142 0.9371 0.5346 0.9227 0.8836 0.8647
143 0.9427 0.4905 0.9314 0.8788 0.8601
144 0.9389 0.5024 0.9260 0.8791 0.8617
145 0.9466 0.4605 0.9352 0.8788 0.8615
146 0.9359 0.5372 0.9231 0.8828 0.8645
147 0.9409 0.4917 0.9288 0.8785 0.8600
148 0.9392 0.5091 0.9260 0.8822 0.8645
149 0.9360 0.5329 0.9216 0.8815 0.8631
150 0.9410 0.4918 0.9281 0.8776 0.8589
151 0.9343 0.5388 0.9182 0.8823 0.8624
152 0.9354 0.5233 0.9232 0.8781 0.8581
153 0.9416 0.4924 0.9320 0.8806 0.8604
154 0.9355 0.5398 0.9237 0.8841 0.8635
155 0.9407 0.5238 0.9282 0.8787 0.8615
156 0.9379 0.5265 0.9251 0.8863 0.8665
157 0.9410 0.4885 0.9279 0.8809 0.8617
158 0.9385 0.5226 0.9253 0.8750 0.8597
159 0.9395 0.5187 0.9249 0.8797 0.8620
160 0.9361 0.5609 0.9222 0.8833 0.8629
161 0.9360 0.5495 0.9213 0.8869 0.8671
162 0.9421 0.4968 0.9285 0.8803 0.8626
163 0.9387 0.5267 0.9269 0.8798 0.8602
164 0.9382 0.5196 0.9273 0.8744 0.8557
165 0.9396 0.5203 0.9241 0.8741 0.8576
166 0.9424 0.4959 0.9310 0.8782 0.8605
167 0.9441 0.4781 0.9307 0.8820 0.8640
168 0.9420 0.5003 0.9304 0.8770 0.8577
169 0.9400 0.4951 0.9287 0.8910 0.8704
170 0.9430 0.4809 0.9314 0.8866 0.8660
171 0.9380 0.5043 0.9247 0.8829 0.8662
172 0.9410 0.5009 0.9286 0.8832 0.8627
173 0.9353 0.5041 0.9209 0.8826 0.8621
174 0.9407 0.4959 0.9284 0.8769 0.8584
175 0.9401 0.4758 0.9278 0.8756 0.8557
176 0.9481 0.4569 0.9376 0.8805 0.8614
177 0.9411 0.4850 0.9281 0.8780 0.8581
178 0.9395 0.5117 0.9282 0.8771 0.8579
179 0.9379 0.5029 0.9244 0.8808 0.8605
180 0.9451 0.4778 0.9336 0.8794 0.8615
181 0.9482 0.4464 0.9372 0.8761 0.8574
182 0.9466 0.4497 0.9347 0.8791 0.8616
183 0.9424 0.4688 0.9300 0.8723 0.8545
184 0.9479 0.4567 0.9366 0.8722 0.8544
185 0.9458 0.4582 0.9360 0.8731 0.8560
186 0.9408 0.4888 0.9288 0.8738 0.8572
187 0.9460 0.4492 0.9370 0.8747 0.8576
188 0.9461 0.4426 0.9352 0.8755 0.8585
189 0.9471 0.4358 0.9358 0.8773 0.8609
190 0.9486 0.4287 0.9397 0.8737 0.8557
191 0.9436 0.4674 0.9327 0.8759 0.8580
192 0.9392 0.4893 0.9273 0.8776 0.8604
193 0.9452 0.4625 0.9352 0.8752 0.8576
194 0.9471 0.4348 0.9367 0.8755 0.8584
195 0.9453 0.4522 0.9340 0.8768 0.8591
196 0.9444 0.4468 0.9333 0.8778 0.8590
197 0.9487 0.4252 0.9377 0.8743 0.8568
198 0.9458 0.4476 0.9356 0.8790 0.8594
199 0.9476 0.4331 0.9366 0.8776 0.8584
