epoch train_iou train_loss train_mAP val_iou val_mAP
0 0.4984 0.1640 0.4225 0.6802 0.6209
1 0.6932 0.1467 0.6363 0.7473 0.6895
2 0.7286 0.1598 0.6775 0.7603 0.7160
3 0.7653 0.1635 0.7181 0.7841 0.7459
4 0.7928 0.1663 0.7480 0.7900 0.7540
5 0.7997 0.1825 0.7574 0.8013 0.7670
6 0.7996 0.2004 0.7582 0.8086 0.7703
7 0.8006 0.2247 0.7565 0.7936 0.7545
8 0.7956 0.2536 0.7501 0.7880 0.7555
9 0.7939 0.2787 0.7509 0.7991 0.7594
10 0.7884 0.3046 0.7451 0.8010 0.7555
11 0.8028 0.3069 0.7606 0.7967 0.7568
12 0.8197 0.2993 0.7814 0.8192 0.7885
13 0.8363 0.2819 0.8002 0.8186 0.7885
14 0.8546 0.2676 0.8210 0.8313 0.8006
15 0.8558 0.2719 0.8198 0.8309 0.8022
16 0.8617 0.2802 0.8282 0.8347 0.8041
17 0.8472 0.3161 0.8147 0.8305 0.7981
18 0.8397 0.3428 0.8042 0.8357 0.8055
19 0.8438 0.3590 0.8075 0.8156 0.7866
20 0.8363 0.4049 0.8002 0.8278 0.7937
21 0.8378 0.4021 0.8026 0.8274 0.8006
22 0.8532 0.3794 0.8187 0.8349 0.8017
23 0.8669 0.3596 0.8332 0.8387 0.8087
24 0.8764 0.3400 0.8421 0.8529 0.8200
25 0.8806 0.3300 0.8473 0.8554 0.8249
26 0.8789 0.3403 0.8464 0.8500 0.8183
27 0.8817 0.3568 0.8508 0.8452 0.8150
28 0.8647 0.4176 0.8304 0.8294 0.7965
29 0.8602 0.4568 0.8270 0.8291 0.7985
30 0.8500 0.4852 0.8142 0.8258 0.7971
31 0.8568 0.4897 0.8239 0.8428 0.8081
32 0.8757 0.4316 0.8447 0.8472 0.8178
33 0.8808 0.4250 0.8490 0.8441 0.8154
34 0.8842 0.4071 0.8540 0.8521 0.8238
35 0.8930 0.3888 0.8641 0.8483 0.8191
36 0.8960 0.3941 0.8662 0.8502 0.8214
37 0.8945 0.4096 0.8639 0.8502 0.8250
38 0.8747 0.4939 0.8441 0.8427 0.8138
39 0.8607 0.5826 0.8257 0.8437 0.8139
40 0.8568 0.6144 0.8232 0.8381 0.8115
41 0.8779 0.5418 0.8455 0.8469 0.8207
42 0.8788 0.5420 0.8466 0.8306 0.8034
43 0.8886 0.4862 0.8603 0.8524 0.8264
44 0.9019 0.4392 0.8743 0.8520 0.8285
45 0.9010 0.4413 0.8719 0.8562 0.8295
46 0.8985 0.4544 0.8692 0.8576 0.8306
47 0.8987 0.4793 0.8697 0.8567 0.8319
48 0.8946 0.5041 0.8654 0.8514 0.8238
49 0.8874 0.5685 0.8578 0.8431 0.8151
50 0.8800 0.6279 0.8484 0.8277 0.8031
51 0.8806 0.6055 0.8489 0.8385 0.8116
52 0.8911 0.5597 0.8622 0.8543 0.8261
53 0.9012 0.5333 0.8725 0.8514 0.8223
54 0.9070 0.4868 0.8800 0.8540 0.8266
55 0.9081 0.4786 0.8798 0.8529 0.8251
56 0.9097 0.4860 0.8819 0.8531 0.8269
57 0.9077 0.5070 0.8783 0.8589 0.8300
58 0.9028 0.5534 0.8736 0.8504 0.8230
59 0.8987 0.6039 0.8697 0.8476 0.8204
60 0.8826 0.7164 0.8528 0.8524 0.8202
61 0.8921 0.6808 0.8634 0.8463 0.8225
62 0.9010 0.6028 0.8733 0.8544 0.8292
63 0.9051 0.5841 0.8811 0.8578 0.8315
64 0.9136 0.5302 0.8863 0.8642 0.8389
65 0.9142 0.5087 0.8873 0.8639 0.8389
66 0.9139 0.5197 0.8871 0.8684 0.8414
67 0.9091 0.5591 0.8817 0.8568 0.8315
68 0.9054 0.5965 0.8784 0.8522 0.8256
69 0.8992 0.6789 0.8712 0.8617 0.8329
70 0.8822 0.8087 0.8507 0.8392 0.8155
71 0.8840 0.7862 0.8544 0.8500 0.8254
72 0.8988 0.6935 0.8727 0.8473 0.8195
73 0.9082 0.6542 0.8818 0.8653 0.8400
74 0.9124 0.5972 0.8865 0.8632 0.8392
75 0.9162 0.5760 0.8933 0.8643 0.8400
76 0.9171 0.5829 0.8925 0.8657 0.8384
77 0.9106 0.6150 0.8867 0.8617 0.8336
78 0.9099 0.6589 0.8854 0.8578 0.8282
79 0.9010 0.7304 0.8746 0.8472 0.8190
80 0.8883 0.8446 0.8568 0.8479 0.8242
81 0.9010 0.7545 0.8717 0.8502 0.8237
82 0.9024 0.7418 0.8759 0.8555 0.8300
83 0.9108 0.6739 0.8841 0.8550 0.8297
84 0.9137 0.6614 0.8895 0.8633 0.8352
85 0.9205 0.6010 0.8969 0.8611 0.8326
86 0.9197 0.6173 0.8958 0.8654 0.8404
87 0.9180 0.6582 0.8946 0.8651 0.8409
88 0.9102 0.7190 0.8838 0.8646 0.8401
89 0.9019 0.8397 0.8764 0.8544 0.8320
90 0.8889 0.9339 0.8603 0.8479 0.8205
91 0.9026 0.8116 0.8763 0.8543 0.8295
92 0.9133 0.7268 0.8879 0.8643 0.8408
93 0.9107 0.7365 0.8847 0.8667 0.8438
94 0.9186 0.6695 0.8943 0.8606 0.8365
95 0.9201 0.6669 0.8964 0.8608 0.8380
96 0.9207 0.6519 0.8966 0.8648 0.8395
97 0.9220 0.6665 0.8991 0.8551 0.8332
98 0.9200 0.6856 0.8973 0.8576 0.8360
99 0.9080 0.8449 0.8839 0.8585 0.8353
100 0.9138 0.7568 0.8895 0.8658 0.8405
101 0.9149 0.7480 0.8912 0.8620 0.8382
102 0.9241 0.6738 0.9024 0.8643 0.8425
103 0.9219 0.6740 0.8988 0.8673 0.8433
104 0.9299 0.6175 0.9078 0.8630 0.8397
105 0.9299 0.6162 0.9107 0.8643 0.8409
106 0.9256 0.6395 0.9030 0.8663 0.8418
107 0.9280 0.6362 0.9048 0.8647 0.8407
108 0.9248 0.6492 0.9018 0.8617 0.8367
109 0.9221 0.6846 0.9002 0.8614 0.8395
110 0.9230 0.6820 0.8990 0.8537 0.8303
111 0.9225 0.6859 0.8992 0.8592 0.8351
112 0.9253 0.6478 0.9046 0.8623 0.8389
113 0.9233 0.6474 0.9017 0.8699 0.8450
114 0.9273 0.6237 0.9050 0.8691 0.8474
115 0.9271 0.6122 0.9056 0.8671 0.8447
116 0.9308 0.5986 0.9105 0.8656 0.8432
117 0.9333 0.5976 0.9137 0.8621 0.8413
118 0.9265 0.6126 0.9060 0.8636 0.8415
119 0.9305 0.6281 0.9094 0.8646 0.8420
120 0.9237 0.6700 0.9011 0.8684 0.8446
121 0.9290 0.6448 0.9093 0.8633 0.8422
122 0.9332 0.5855 0.9135 0.8722 0.8480
123 0.9282 0.6113 0.9074 0.8745 0.8482
124 0.9323 0.5831 0.9138 0.8763 0.8497
125 0.9358 0.5415 0.9165 0.8761 0.8499
126 0.9337 0.5588 0.9144 0.8742 0.8501
127 0.9266 0.6028 0.9081 0.8689 0.8436
128 0.9321 0.5830 0.9116 0.8689 0.8445
129 0.9305 0.5921 0.9100 0.8619 0.8395
130 0.9308 0.6020 0.9121 0.8679 0.8430
131 0.9263 0.6485 0.9039 0.8635 0.8406
132 0.9295 0.6015 0.9081 0.8595 0.8402
133 0.9327 0.5913 0.9138 0.8665 0.8439
134 0.9354 0.5467 0.9157 0.8699 0.8485
135 0.9355 0.5516 0.9149 0.8692 0.8474
136 0.9360 0.5342 0.9170 0.8659 0.8443
137 0.9391 0.5513 0.9193 0.8695 0.8486
138 0.9322 0.5771 0.9135 0.8683 0.8469
139 0.9252 0.6455 0.9056 0.8677 0.8439
140 0.9293 0.6164 0.9077 0.8652 0.8421
141 0.9303 0.6196 0.9108 0.8624 0.8389
142 0.9323 0.6007 0.9130 0.8643 0.8401
143 0.9328 0.5673 0.9132 0.8627 0.8402
144 0.9374 0.5392 0.9168 0.8658 0.8435
145 0.9374 0.5193 0.9199 0.8661 0.8424
146 0.9355 0.5610 0.9168 0.8651 0.8420
147 0.9375 0.5428 0.9194 0.8700 0.8455
148 0.9392 0.5150 0.9228 0.8668 0.8435
149 0.9348 0.5748 0.9151 0.8680 0.8455
150 0.9319 0.6097 0.9138 0.8615 0.8366
151 0.9263 0.6267 0.9073 0.8664 0.8447
152 0.9313 0.5697 0.9128 0.8672 0.8419
153 0.9334 0.5772 0.9145 0.8671 0.8420
154 0.9345 0.5611 0.9156 0.8686 0.8442
155 0.9385 0.5115 0.9212 0.8672 0.8429
156 0.9381 0.5319 0.9207 0.8736 0.8506
157 0.9382 0.5118 0.9215 0.8689 0.8454
158 0.9384 0.5147 0.9203 0.8735 0.8491
159 0.9326 0.5847 0.9129 0.8618 0.8397
160 0.9339 0.5552 0.9161 0.8649 0.8428
161 0.9390 0.5079 0.9208 0.8654 0.8441
162 0.9398 0.5207 0.9213 0.8676 0.8459
163 0.9411 0.5006 0.9259 0.8666 0.8444
164 0.9374 0.5204 0.9212 0.8661 0.8440
165 0.9406 0.5044 0.9257 0.8671 0.8451
166 0.9379 0.5151 0.9231 0.8672 0.8456
167 0.9446 0.4657 0.9284 0.8667 0.8444
168 0.9413 0.4857 0.9245 0.8658 0.8440
169 0.9424 0.4773 0.9269 0.8660 0.8436
170 0.9402 0.4890 0.9238 0.8663 0.8442
171 0.9426 0.4866 0.9274 0.8685 0.8460
172 0.9427 0.4705 0.9269 0.8697 0.8461
173 0.9426 0.4798 0.9268 0.8679 0.8456
174 0.9391 0.4936 0.9224 0.8721 0.8489
175 0.9405 0.4726 0.9254 0.8716 0.8489
176 0.9391 0.4907 0.9237 0.8715 0.8496
177 0.9444 0.4738 0.9292 0.8669 0.8445
178 0.9408 0.4971 0.9247 0.8676 0.8461
179 0.9408 0.4869 0.9242 0.8680 0.8466
180 0.9336 0.5156 0.9172 0.8716 0.8492
181 0.9427 0.4841 0.9261 0.8715 0.8504
182 0.9437 0.4499 0.9288 0.8702 0.8482
183 0.9419 0.4791 0.9260 0.8733 0.8515
184 0.9416 0.4857 0.9264 0.8720 0.8510
185 0.9434 0.4715 0.9282 0.8715 0.8491
186 0.9422 0.4783 0.9250 0.8719 0.8485
187 0.9404 0.4835 0.9246 0.8690 0.8481
188 0.9412 0.4966 0.9255 0.8685 0.8465
189 0.9443 0.4706 0.9279 0.8720 0.8509
190 0.9441 0.4711 0.9292 0.8687 0.8489
191 0.9406 0.4973 0.9251 0.8614 0.8410
192 0.9463 0.4476 0.9317 0.8647 0.8438
193 0.9456 0.4649 0.9304 0.8660 0.8441
194 0.9414 0.4787 0.9247 0.8655 0.8438
195 0.9412 0.4781 0.9254 0.8664 0.8446
196 0.9433 0.4644 0.9282 0.8654 0.8435
197 0.9400 0.4936 0.9235 0.8683 0.8459
198 0.9443 0.4692 0.9294 0.8695 0.8470
199 0.9426 0.4668 0.9283 0.8709 0.8495
