epoch train_iou train_loss train_mAP val_iou val_mAP
0 0.5985 0.1548 0.5251 0.6921 0.6335
1 0.7299 0.1380 0.6804 0.7813 0.7334
2 0.7723 0.1442 0.7304 0.8052 0.7739
3 0.7995 0.1491 0.7586 0.8367 0.7992
4 0.8307 0.1442 0.7957 0.8448 0.8167
5 0.8363 0.1532 0.8030 0.8460 0.8164
6 0.8380 0.1713 0.8025 0.8440 0.8135
7 0.8273 0.2012 0.7886 0.8230 0.7865
8 0.8250 0.2316 0.7852 0.8417 0.8104
9 0.8112 0.2630 0.7738 0.8421 0.8111
10 0.8114 0.2748 0.7749 0.8352 0.8051
11 0.8341 0.2674 0.7982 0.8295 0.8048
12 0.8504 0.2584 0.8202 0.8531 0.8236
13 0.8672 0.2322 0.8383 0.8591 0.8321
14 0.8728 0.2312 0.8417 0.8662 0.8335
15 0.8832 0.2212 0.8531 0.8680 0.8377
16 0.8830 0.2399 0.8535 0.8614 0.8318
17 0.8745 0.2594 0.8430 0.8627 0.8334
18 0.8608 0.3063 0.8303 0.8555 0.8244
19 0.8551 0.3391 0.8220 0.8510 0.8194
20 0.8491 0.3807 0.8175 0.8258 0.7912
21 0.8574 0.3639 0.8258 0.8216 0.7918
22 0.8728 0.3362 0.8429 0.8552 0.8269
23 0.8860 0.3134 0.8573 0.8640 0.8389
24 0.8967 0.2856 0.8692 0.8656 0.8413
25 0.9032 0.2661 0.8783 0.8688 0.8436
26 0.8998 0.2860 0.8738 0.8577 0.8326
27 0.8980 0.3184 0.8713 0.8569 0.8295
28 0.8864 0.3587 0.8572 0.8600 0.8338
29 0.8750 0.4051 0.8436 0.8473 0.8124
30 0.8683 0.4498 0.8386 0.8525 0.8276
31 0.8855 0.3983 0.8555 0.8590 0.8306
32 0.8880 0.3858 0.8578 0.8656 0.8346
33 0.9026 0.3447 0.8749 0.8650 0.8379
34 0.9076 0.3297 0.8832 0.8718 0.8471
35 0.9178 0.2937 0.8941 0.8713 0.8462
36 0.9130 0.3240 0.8882 0.8721 0.8446
37 0.9052 0.3568 0.8789 0.8720 0.8465
38 0.8968 0.4024 0.8708 0.8615 0.8360
39 0.8959 0.4229 0.8650 0.8565 0.8268
40 0.8796 0.5098 0.8513 0.8527 0.8214
41 0.8928 0.4647 0.8645 0.8620 0.8328
42 0.8985 0.4464 0.8724 0.8608 0.8358
43 0.9031 0.4180 0.8766 0.8646 0.8379
44 0.9159 0.3644 0.8894 0.8690 0.8416
45 0.9184 0.3589 0.8927 0.8702 0.8453
46 0.9174 0.3645 0.8924 0.8673 0.8451
47 0.9163 0.3823 0.8917 0.8691 0.8435
48 0.9122 0.4248 0.8857 0.8680 0.8416
49 0.9024 0.4789 0.8748 0.8602 0.8380
50 0.8799 0.6345 0.8503 0.8680 0.8396
51 0.8996 0.5419 0.8725 0.8713 0.8465
52 0.9091 0.4787 0.8827 0.8596 0.8341
53 0.9128 0.4464 0.8880 0.8719 0.8464
54 0.9211 0.4076 0.8998 0.8716 0.8464
55 0.9192 0.4171 0.8952 0.8714 0.8461
56 0.9202 0.4267 0.8974 0.8706 0.8473
57 0.9243 0.4259 0.9019 0.8649 0.8388
58 0.9204 0.4634 0.8981 0.8657 0.8413
59 0.9089 0.5344 0.8838 0.8716 0.8467
60 0.8901 0.6504 0.8616 0.8455 0.8170
61 0.8993 0.6011 0.8709 0.8725 0.8460
62 0.9102 0.5630 0.8845 0.8694 0.8456
63 0.9149 0.5003 0.8889 0.8736 0.8493
64 0.9245 0.4614 0.9013 0.8757 0.8509
65 0.9234 0.4741 0.9019 0.8768 0.8525
66 0.9270 0.4532 0.9044 0.8808 0.8547
67 0.9246 0.4836 0.9020 0.8753 0.8494
68 0.9256 0.4992 0.9033 0.8704 0.8512
69 0.9117 0.5989 0.8880 0.8705 0.8483
70 0.8991 0.7103 0.8726 0.8579 0.8324
71 0.9075 0.6258 0.8831 0.8676 0.8405
72 0.9124 0.6084 0.8881 0.8733 0.8471
73 0.9223 0.5250 0.9004 0.8755 0.8476
74 0.9237 0.5068 0.9021 0.8752 0.8511
75 0.9267 0.5025 0.9061 0.8755 0.8501
76 0.9282 0.4842 0.9069 0.8789 0.8501
77 0.9282 0.5005 0.9076 0.8719 0.8447
78 0.9248 0.5373 0.9037 0.8737 0.8504
79 0.9178 0.6127 0.8946 0.8607 0.8372
80 0.9023 0.7410 0.8738 0.8673 0.8429
81 0.9068 0.7295 0.8814 0.8693 0.8470
82 0.9147 0.6854 0.8934 0.8769 0.8541
83 0.9288 0.5587 0.9055 0.8686 0.8456
84 0.9288 0.5531 0.9063 0.8825 0.8577
85 0.9310 0.5214 0.9111 0.8812 0.8568
86 0.9310 0.5316 0.9095 0.8801 0.8555
87 0.9324 0.5412 0.9122 0.8757 0.8516
88 0.9268 0.5792 0.9060 0.8723 0.8494
89 0.9184 0.6764 0.8975 0.8732 0.8511
90 0.9003 0.8219 0.8738 0.8637 0.8390
91 0.9160 0.7118 0.8908 0.8706 0.8460
92 0.9196 0.6941 0.8979 0.8657 0.8391
93 0.9302 0.5876 0.9083 0.8735 0.8466
94 0.9320 0.5775 0.9106 0.8777 0.8544
95 0.9293 0.5976 0.9089 0.8754 0.8509
96 0.9335 0.5819 0.9138 0.8794 0.8564
97 0.9308 0.5980 0.9116 0.8787 0.8553
98 0.9327 0.5918 0.9128 0.8779 0.8513
99 0.9095 0.8518 0.8818 0.8711 0.8436
100 0.9211 0.7265 0.8987 0.8712 0.8446
101 0.9298 0.6201 0.9095 0.8715 0.8436
102 0.9333 0.6067 0.9129 0.8752 0.8503
103 0.9366 0.5495 0.9188 0.8738 0.8470
104 0.9385 0.5436 0.9196 0.8740 0.8495
105 0.9403 0.5262 0.9229 0.8741 0.8496
106 0.9364 0.5350 0.9190 0.8741 0.8490
107 0.9355 0.5639 0.9172 0.8736 0.8487
108 0.9364 0.5707 0.9177 0.8768 0.8532
109 0.9336 0.5668 0.9158 0.8740 0.8470
110 0.9330 0.6015 0.9157 0.8732 0.8496
111 0.9329 0.5960 0.9140 0.8709 0.8491
112 0.9402 0.5395 0.9233 0.8755 0.8531
113 0.9406 0.5086 0.9237 0.8772 0.8547
114 0.9412 0.5077 0.9243 0.8769 0.8536
115 0.9433 0.4902 0.9298 0.8754 0.8531
116 0.9428 0.4890 0.9271 0.8752 0.8523
117 0.9429 0.4835 0.9260 0.8736 0.8512
118 0.9412 0.4994 0.9257 0.8726 0.8484
119 0.9366 0.5333 0.9164 0.8684 0.8469
120 0.9336 0.5910 0.9127 0.8715 0.8451
121 0.9383 0.5462 0.9219 0.8715 0.8459
122 0.9381 0.5291 0.9224 0.8731 0.8486
123 0.9424 0.4893 0.9257 0.8779 0.8545
124 0.9443 0.4790 0.9293 0.8774 0.8542
125 0.9452 0.4683 0.9287 0.8770 0.8553
126 0.9454 0.4591 0.9311 0.8743 0.8531
127 0.9450 0.4773 0.9289 0.8718 0.8475
128 0.9443 0.4856 0.9276 0.8743 0.8509
129 0.9416 0.5175 0.9239 0.8744 0.8491
130 0.9358 0.5517 0.9184 0.8700 0.8459
131 0.9379 0.5435 0.9232 0.8776 0.8530
132 0.9439 0.4880 0.9279 0.8758 0.8532
133 0.9445 0.4723 0.9293 0.8773 0.8543
134 0.9439 0.4918 0.9282 0.8776 0.8547
135 0.9486 0.4493 0.9330 0.8791 0.8564
136 0.9431 0.4675 0.9289 0.8790 0.8564
137 0.9412 0.4848 0.9272 0.8749 0.8506
138 0.9460 0.4605 0.9320 0.8772 0.8555
139 0.9481 0.4544 0.9347 0.8774 0.8525
140 0.9441 0.4876 0.9291 0.8775 0.8528
141 0.9410 0.5278 0.9246 0.8722 0.8512
142 0.9423 0.5085 0.9268 0.8770 0.8550
143 0.9430 0.5032 0.9278 0.8776 0.8552
144 0.9460 0.4628 0.9317 0.8803 0.8573
145 0.9452 0.4538 0.9293 0.8800 0.8577
146 0.9490 0.4275 0.9360 0.8794 0.8586
147 0.9495 0.4493 0.9357 0.8787 0.8554
148 0.9455 0.4685 0.9310 0.8774 0.8549
149 0.9458 0.4816 0.9304 0.8770 0.8540
150 0.9395 0.5337 0.9218 0.8866 0.8602
151 0.9454 0.4680 0.9315 0.8795 0.8595
152 0.9440 0.4847 0.9294 0.8790 0.8564
153 0.9493 0.4431 0.9368 0.8797 0.8575
154 0.9507 0.4302 0.9372 0.8786 0.8572
155 0.9528 0.4212 0.9401 0.8812 0.8585
156 0.9497 0.4222 0.9377 0.8783 0.8558
157 0.9503 0.4100 0.9377 0.8784 0.8562
158 0.9473 0.4454 0.9340 0.8794 0.8570
159 0.9477 0.4578 0.9347 0.8773 0.8539
160 0.9498 0.4284 0.9372 0.8786 0.8560
161 0.9517 0.4064 0.9387 0.8748 0.8536
162 0.9487 0.4236 0.9346 0.8786 0.8565
163 0.9493 0.4238 0.9375 0.8800 0.8569
164 0.9526 0.4109 0.9394 0.8802 0.8579
165 0.9488 0.4220 0.9336 0.8811 0.8581
166 0.9526 0.3993 0.9404 0.8800 0.8569
167 0.9506 0.4190 0.9376 0.8789 0.8567
168 0.9511 0.4085 0.9392 0.8799 0.8590
169 0.9512 0.4185 0.9396 0.8786 0.8571
170 0.9517 0.4086 0.9382 0.8758 0.8531
171 0.9530 0.3952 0.9409 0.8787 0.8530
172 0.9481 0.4223 0.9352 0.8818 0.8577
173 0.9543 0.3719 0.9428 0.8819 0.8580
174 0.9513 0.4007 0.9394 0.8792 0.8562
175 0.9542 0.3834 0.9421 0.8794 0.8571
176 0.9536 0.3913 0.9409 0.8806 0.8580
177 0.9553 0.3753 0.9451 0.8781 0.8552
178 0.9492 0.4148 0.9362 0.8792 0.8562
179 0.9556 0.3808 0.9436 0.8786 0.8560
180 0.9560 0.3779 0.9455 0.8811 0.8574
181 0.9521 0.3854 0.9404 0.8798 0.8566
182 0.9547 0.3890 0.9445 0.8780 0.8556
183 0.9526 0.3949 0.9404 0.8782 0.8565
184 0.9531 0.3838 0.9407 0.8787 0.8562
185 0.9533 0.3940 0.9418 0.8801 0.8569
186 0.9542 0.3756 0.9414 0.8793 0.8572
187 0.9585 0.3474 0.9477 0.8805 0.8599
188 0.9535 0.3856 0.9413 0.8811 0.8595
189 0.9578 0.3563 0.9466 0.8797 0.8580
190 0.9542 0.3795 0.9432 0.8831 0.8610
191 0.9550 0.3751 0.9429 0.8829 0.8611
192 0.9530 0.3881 0.9407 0.8802 0.8587
193 0.9558 0.3643 0.9455 0.8812 0.8601
194 0.9550 0.3808 0.9431 0.8816 0.8610
195 0.9550 0.3694 0.9448 0.8827 0.8612
196 0.9583 0.3557 0.9475 0.8820 0.8599
197 0.9534 0.3755 0.9428 0.8839 0.8606
198 0.9589 0.3469 0.9498 0.8824 0.8581
199 0.9545 0.3749 0.9438 0.8787 0.8565
