epoch train_iou train_loss train_mAP val_iou val_mAP
0 0.6293 0.2960 0.5543 0.6953 0.6341
1 0.7238 0.2647 0.6628 0.7641 0.7170
2 0.7770 0.2536 0.7259 0.7545 0.7021
3 0.7839 0.2965 0.7374 0.8111 0.7664
4 0.8092 0.3040 0.7659 0.8073 0.7735
5 0.8178 0.3226 0.7789 0.6844 0.6065
6 0.8263 0.3357 0.7883 0.8155 0.7761
7 0.8228 0.3732 0.7847 0.8340 0.8041
8 0.8277 0.3918 0.7907 0.8352 0.8047
9 0.8328 0.4066 0.7982 0.8399 0.8120
10 0.8413 0.4236 0.8066 0.8327 0.8015
11 0.8475 0.4446 0.8130 0.8254 0.7971
12 0.8477 0.4779 0.8138 0.8361 0.8092
13 0.8537 0.4676 0.8198 0.8295 0.8004
14 0.8614 0.4834 0.8307 0.8457 0.8176
15 0.8541 0.5263 0.8233 0.8470 0.8189
16 0.8616 0.5173 0.8337 0.8434 0.8155
17 0.8572 0.5476 0.8274 0.8436 0.8102
18 0.8559 0.5870 0.8245 0.8466 0.8241
19 0.8569 0.6126 0.8259 0.8435 0.8186
20 0.8597 0.6090 0.8308 0.8374 0.8180
21 0.8654 0.6085 0.8367 0.8485 0.8282
22 0.8613 0.6630 0.8335 0.8582 0.8319
23 0.8652 0.6621 0.8356 0.8562 0.8366
24 0.8787 0.6236 0.8524 0.8543 0.8318
25 0.8680 0.6942 0.8386 0.8553 0.8257
26 0.8657 0.7308 0.8366 0.8554 0.8285
27 0.8698 0.7163 0.8408 0.8499 0.8191
28 0.8732 0.7394 0.8455 0.8633 0.8389
29 0.8806 0.7215 0.8526 0.8624 0.8354
30 0.8725 0.7962 0.8444 0.8576 0.8360
31 0.8742 0.7955 0.8490 0.8525 0.8322
32 0.8845 0.7612 0.8578 0.8533 0.8290
33 0.8786 0.7906 0.8524 0.8656 0.8434
34 0.8813 0.8065 0.8537 0.8733 0.8486
35 0.8846 0.8147 0.8570 0.8593 0.8346
36 0.8860 0.8108 0.8621 0.8551 0.8350
37 0.8852 0.8417 0.8602 0.8509 0.8316
38 0.8856 0.8438 0.8597 0.8651 0.8449
39 0.8848 0.8581 0.8558 0.8677 0.8465
40 0.8912 0.8418 0.8647 0.8675 0.8482
41 0.8937 0.8158 0.8702 0.8702 0.8470
42 0.8960 0.8425 0.8703 0.8638 0.8399
43 0.8963 0.8840 0.8718 0.8672 0.8451
44 0.8988 0.8527 0.8758 0.8741 0.8514
45 0.9068 0.7763 0.8828 0.8769 0.8539
46 0.9031 0.8651 0.8808 0.8693 0.8501
47 0.9086 0.8066 0.8856 0.8705 0.8489
48 0.9057 0.8618 0.8818 0.8765 0.8525
49 0.9037 0.8585 0.8812 0.8724 0.8519
50 0.8781 1.1634 0.8523 0.8488 0.8249
51 0.8614 1.3106 0.8328 0.8454 0.8220
52 0.8698 1.2445 0.8401 0.8597 0.8366
53 0.8692 1.2239 0.8389 0.8496 0.8236
54 0.8757 1.1810 0.8476 0.8653 0.8429
55 0.8756 1.2148 0.8470 0.8468 0.8244
56 0.8671 1.2853 0.8388 0.8524 0.8296
57 0.8687 1.2372 0.8396 0.8639 0.8385
58 0.8693 1.2569 0.8396 0.8439 0.8204
59 0.8827 1.1300 0.8575 0.8643 0.8397
60 0.8809 1.1249 0.8556 0.8663 0.8396
61 0.8912 1.0430 0.8641 0.8620 0.8400
62 0.8771 1.1374 0.8527 0.8626 0.8430
63 0.8815 1.1347 0.8544 0.8619 0.8382
64 0.8871 1.0825 0.8602 0.8625 0.8408
65 0.8917 1.0257 0.8668 0.8641 0.8429
66 0.8924 1.0256 0.8711 0.8728 0.8526
67 0.8983 0.9842 0.8737 0.8609 0.8395
68 0.8925 1.0046 0.8696 0.8712 0.8474
69 0.8947 1.0132 0.8695 0.8710 0.8522
70 0.8928 1.0073 0.8698 0.8664 0.8454
71 0.8943 0.9958 0.8681 0.8739 0.8534
72 0.9016 0.9570 0.8775 0.8744 0.8537
73 0.8994 0.9537 0.8780 0.8754 0.8530
74 0.9037 0.9143 0.8802 0.8783 0.8590
75 0.9038 0.9070 0.8834 0.8749 0.8554
76 0.9026 0.9063 0.8791 0.8673 0.8484
77 0.8982 0.9291 0.8756 0.8753 0.8546
78 0.9055 0.8891 0.8843 0.8652 0.8467
79 0.9091 0.8635 0.8879 0.8798 0.8586
80 0.9149 0.7986 0.8959 0.8806 0.8595
81 0.9084 0.8385 0.8896 0.8730 0.8501
82 0.9087 0.8373 0.8888 0.8799 0.8590
83 0.9126 0.8149 0.8953 0.8765 0.8546
84 0.9201 0.7593 0.9016 0.8779 0.8564
85 0.9071 0.8674 0.8842 0.8772 0.8540
86 0.9082 0.8845 0.8868 0.8784 0.8561
87 0.9167 0.7529 0.8953 0.8700 0.8532
88 0.9112 0.8151 0.8927 0.8801 0.8607
89 0.9126 0.8029 0.8908 0.8797 0.8601
90 0.9203 0.7126 0.9023 0.8741 0.8546
91 0.9161 0.7724 0.8972 0.8754 0.8554
92 0.9163 0.7723 0.8965 0.8765 0.8589
93 0.9134 0.7770 0.8947 0.8768 0.8571
94 0.9222 0.7091 0.9047 0.8772 0.8584
95 0.9234 0.7021 0.9042 0.8750 0.8555
96 0.9203 0.7144 0.9028 0.8760 0.8584
97 0.9205 0.7227 0.9029 0.8791 0.8611
98 0.9192 0.7215 0.8994 0.8759 0.8581
99 0.9233 0.6842 0.9052 0.8806 0.8602
100 0.9164 0.7731 0.8953 0.8750 0.8546
101 0.9071 0.8632 0.8873 0.8741 0.8528
102 0.9143 0.7993 0.8955 0.8641 0.8446
103 0.9182 0.7964 0.8993 0.8715 0.8536
104 0.9142 0.7790 0.8961 0.8692 0.8485
105 0.9123 0.8090 0.8925 0.8771 0.8564
106 0.9074 0.8412 0.8850 0.8742 0.8550
107 0.9104 0.8147 0.8878 0.8795 0.8551
108 0.9154 0.7857 0.8959 0.8777 0.8535
109 0.9117 0.8155 0.8923 0.8674 0.8427
110 0.9179 0.7514 0.8987 0.8788 0.8549
111 0.9160 0.7990 0.8979 0.8776 0.8575
112 0.9134 0.7840 0.8924 0.8807 0.8599
113 0.9188 0.7624 0.8996 0.8757 0.8592
114 0.9220 0.7245 0.9044 0.8713 0.8490
115 0.9198 0.7396 0.9013 0.8758 0.8555
116 0.9152 0.7708 0.8958 0.8744 0.8559
117 0.9193 0.7275 0.8986 0.8740 0.8525
118 0.9165 0.7666 0.8995 0.8744 0.8556
119 0.9218 0.7173 0.9053 0.8710 0.8540
120 0.9203 0.7314 0.9016 0.8759 0.8566
121 0.9180 0.7386 0.8982 0.8771 0.8580
122 0.9272 0.6522 0.9086 0.8797 0.8585
123 0.9214 0.6994 0.9041 0.8834 0.8631
124 0.9252 0.6712 0.9074 0.8783 0.8565
125 0.9228 0.7042 0.9056 0.8798 0.8582
126 0.9244 0.6770 0.9070 0.8750 0.8553
127 0.9226 0.6809 0.9057 0.8757 0.8537
128 0.9266 0.6688 0.9120 0.8806 0.8605
129 0.9263 0.6430 0.9099 0.8794 0.8599
130 0.9326 0.6366 0.9167 0.8747 0.8559
131 0.9291 0.6353 0.9139 0.8777 0.8582
132 0.9307 0.6384 0.9134 0.8759 0.8555
133 0.9308 0.6365 0.9134 0.8754 0.8555
134 0.9225 0.7061 0.9051 0.8769 0.8577
135 0.9278 0.6337 0.9101 0.8760 0.8555
136 0.9304 0.6405 0.9131 0.8755 0.8577
137 0.9316 0.6043 0.9145 0.8757 0.8570
138 0.9309 0.6071 0.9153 0.8803 0.8617
139 0.9327 0.6005 0.9181 0.8791 0.8585
140 0.9338 0.6035 0.9170 0.8810 0.8592
141 0.9275 0.6299 0.9116 0.8800 0.8602
142 0.9336 0.5881 0.9182 0.8820 0.8624
143 0.9349 0.5758 0.9204 0.8814 0.8613
144 0.9353 0.5866 0.9224 0.8803 0.8612
145 0.9367 0.5515 0.9209 0.8832 0.8631
146 0.9306 0.6024 0.9169 0.8835 0.8629
147 0.9389 0.5477 0.9253 0.8862 0.8659
148 0.9358 0.5781 0.9211 0.8857 0.8662
149 0.9334 0.5929 0.9182 0.8847 0.8643
150 0.9297 0.6281 0.9151 0.8708 0.8545
151 0.9342 0.5917 0.9188 0.8775 0.8579
152 0.9285 0.6364 0.9121 0.8796 0.8584
153 0.9292 0.6165 0.9128 0.8690 0.8507
154 0.9314 0.5871 0.9163 0.8740 0.8540
155 0.9333 0.5978 0.9172 0.8763 0.8576
156 0.9283 0.6405 0.9124 0.8754 0.8547
157 0.9308 0.6010 0.9165 0.8740 0.8551
158 0.9306 0.6237 0.9176 0.8785 0.8615
159 0.9331 0.5807 0.9181 0.8781 0.8581
160 0.9307 0.6133 0.9163 0.8810 0.8602
161 0.9300 0.5995 0.9147 0.8812 0.8621
162 0.9333 0.5826 0.9185 0.8794 0.8587
163 0.9342 0.5928 0.9182 0.8842 0.8627
164 0.9287 0.6164 0.9112 0.8762 0.8592
165 0.9373 0.5634 0.9245 0.8805 0.8611
166 0.9319 0.5958 0.9168 0.8860 0.8644
167 0.9321 0.5821 0.9186 0.8735 0.8579
168 0.9371 0.5415 0.9234 0.8801 0.8570
169 0.9334 0.5730 0.9195 0.8761 0.8570
170 0.9369 0.5593 0.9223 0.8762 0.8574
171 0.9359 0.5513 0.9212 0.8786 0.8574
172 0.9342 0.5894 0.9196 0.8820 0.8610
173 0.9322 0.5864 0.9178 0.8778 0.8579
174 0.9335 0.5963 0.9200 0.8835 0.8621
175 0.9359 0.5587 0.9217 0.8731 0.8532
176 0.9327 0.5880 0.9180 0.8800 0.8606
177 0.9359 0.5591 0.9224 0.8806 0.8625
178 0.9325 0.5704 0.9173 0.8763 0.8567
179 0.9399 0.5217 0.9270 0.8728 0.8566
180 0.9390 0.5327 0.9271 0.8785 0.8590
181 0.9361 0.5526 0.9216 0.8780 0.8603
182 0.9397 0.5476 0.9257 0.8794 0.8618
183 0.9378 0.5410 0.9245 0.8747 0.8574
184 0.9392 0.5184 0.9265 0.8769 0.8579
185 0.9319 0.5540 0.9185 0.8805 0.8607
186 0.9416 0.4989 0.9298 0.8800 0.8611
187 0.9394 0.5161 0.9265 0.8783 0.8597
188 0.9420 0.5166 0.9293 0.8790 0.8595
189 0.9412 0.5242 0.9286 0.8784 0.8599
190 0.9425 0.5176 0.9314 0.8772 0.8611
191 0.9404 0.4927 0.9283 0.8780 0.8597
192 0.9439 0.4934 0.9319 0.8813 0.8616
193 0.9463 0.4900 0.9341 0.8807 0.8616
194 0.9384 0.5110 0.9255 0.8785 0.8586
195 0.9348 0.5428 0.9222 0.8820 0.8612
196 0.9461 0.4730 0.9336 0.8801 0.8611
197 0.9359 0.5312 0.9221 0.8795 0.8601
198 0.9419 0.4838 0.9306 0.8801 0.8632
199 0.9415 0.5103 0.9280 0.8814 0.8631
