epoch train_iou train_loss train_mAP val_iou val_mAP
0 0.6174 0.3108 0.5354 0.7272 0.6692
1 0.7150 0.2624 0.6540 0.7702 0.7237
2 0.7597 0.2756 0.7075 0.8061 0.7665
3 0.7852 0.2991 0.7382 0.7704 0.7294
4 0.7893 0.3232 0.7490 0.8047 0.7717
5 0.8111 0.3417 0.7697 0.8016 0.7659
6 0.8196 0.3450 0.7801 0.8272 0.7887
7 0.8317 0.3655 0.7946 0.8287 0.7942
8 0.8363 0.3791 0.7994 0.8432 0.8139
9 0.8483 0.3847 0.8151 0.8412 0.8116
10 0.8265 0.4655 0.7915 0.8384 0.8087
11 0.8299 0.4847 0.7904 0.8410 0.8106
12 0.8404 0.4668 0.8050 0.8417 0.8114
13 0.8505 0.4820 0.8146 0.8237 0.8017
14 0.8406 0.5328 0.8088 0.8364 0.8099
15 0.8383 0.5578 0.8027 0.8549 0.8296
16 0.8591 0.5438 0.8256 0.8484 0.8176
17 0.8472 0.5847 0.8178 0.8317 0.8084
18 0.8432 0.6283 0.8108 0.8364 0.8043
19 0.8534 0.6144 0.8243 0.8488 0.8245
20 0.8513 0.6542 0.8175 0.8432 0.8207
21 0.8708 0.6027 0.8419 0.8633 0.8388
22 0.8608 0.6627 0.8309 0.8675 0.8339
23 0.8685 0.6573 0.8395 0.8637 0.8315
24 0.8626 0.6851 0.8308 0.8557 0.8257
25 0.8709 0.6765 0.8443 0.8675 0.8380
26 0.8718 0.6911 0.8440 0.8647 0.8375
27 0.8664 0.7435 0.8381 0.8625 0.8355
28 0.8652 0.7837 0.8352 0.8697 0.8466
29 0.8680 0.7683 0.8416 0.8650 0.8420
30 0.8777 0.7599 0.8515 0.8590 0.8294
31 0.8722 0.7909 0.8469 0.8581 0.8352
32 0.8763 0.7917 0.8464 0.8670 0.8406
33 0.8835 0.7862 0.8599 0.8701 0.8430
34 0.8772 0.8198 0.8511 0.8594 0.8361
35 0.8708 0.8844 0.8420 0.8690 0.8409
36 0.8802 0.8284 0.8559 0.8643 0.8386
37 0.8952 0.7740 0.8707 0.8661 0.8431
38 0.8864 0.8632 0.8597 0.8691 0.8450
39 0.8911 0.8436 0.8672 0.8686 0.8476
40 0.8972 0.8118 0.8727 0.8702 0.8474
41 0.8961 0.8287 0.8706 0.8765 0.8531
42 0.8906 0.8890 0.8665 0.8767 0.8522
43 0.8967 0.8759 0.8715 0.8698 0.8499
44 0.8970 0.8546 0.8736 0.8761 0.8531
45 0.8977 0.8664 0.8728 0.8750 0.8541
46 0.8975 0.8808 0.8716 0.8777 0.8569
47 0.9078 0.8167 0.8868 0.8823 0.8604
48 0.9026 0.8638 0.8784 0.8845 0.8624
49 0.9043 0.8501 0.8814 0.8867 0.8614
50 0.8763 1.2192 0.8459 0.8674 0.8365
51 0.8630 1.3006 0.8320 0.8660 0.8380
52 0.8786 1.1520 0.8522 0.8560 0.8301
53 0.8781 1.1698 0.8515 0.8574 0.8352
54 0.8742 1.1966 0.8452 0.8670 0.8396
55 0.8811 1.1424 0.8555 0.8596 0.8309
56 0.8743 1.2305 0.8485 0.8651 0.8429
57 0.8652 1.2715 0.8349 0.8593 0.8294
58 0.8756 1.1878 0.8492 0.8738 0.8496
59 0.8751 1.2108 0.8482 0.8209 0.7969
60 0.8791 1.1763 0.8491 0.8615 0.8338
61 0.8857 1.0796 0.8610 0.8591 0.8342
62 0.8880 1.0628 0.8619 0.8605 0.8406
63 0.8862 1.0743 0.8621 0.8712 0.8460
64 0.8890 1.0672 0.8607 0.8726 0.8494
65 0.8872 1.0652 0.8642 0.8640 0.8413
66 0.8926 1.0336 0.8676 0.8728 0.8495
67 0.8993 0.9805 0.8756 0.8717 0.8472
68 0.8953 0.9881 0.8730 0.8647 0.8443
69 0.8892 1.0097 0.8648 0.8748 0.8505
70 0.8955 0.9842 0.8693 0.8759 0.8510
71 0.8975 0.9538 0.8751 0.8686 0.8416
72 0.8968 0.9774 0.8735 0.8763 0.8529
73 0.8938 0.9737 0.8696 0.8751 0.8506
74 0.8952 0.9886 0.8717 0.8723 0.8506
75 0.8990 0.9696 0.8736 0.8698 0.8457
76 0.9103 0.8629 0.8904 0.8805 0.8571
77 0.9115 0.8149 0.8898 0.8767 0.8539
78 0.9068 0.8440 0.8859 0.8863 0.8631
79 0.9092 0.8704 0.8850 0.8832 0.8602
80 0.9076 0.8318 0.8860 0.8825 0.8629
81 0.9037 0.8682 0.8817 0.8867 0.8636
82 0.9171 0.7940 0.8932 0.8850 0.8645
83 0.9130 0.8153 0.8941 0.8868 0.8656
84 0.9145 0.8221 0.8917 0.8839 0.8630
85 0.9147 0.7837 0.8956 0.8813 0.8609
86 0.9110 0.8289 0.8893 0.8847 0.8619
87 0.9146 0.7648 0.8961 0.8875 0.8676
88 0.9171 0.7665 0.8959 0.8798 0.8600
89 0.9110 0.8053 0.8911 0.8881 0.8662
90 0.9218 0.7388 0.9017 0.8860 0.8670
91 0.9171 0.7487 0.8971 0.8874 0.8677
92 0.9274 0.6500 0.9091 0.8850 0.8622
93 0.9130 0.7756 0.8931 0.8869 0.8665
94 0.9243 0.7041 0.9070 0.8855 0.8650
95 0.9280 0.6619 0.9088 0.8857 0.8642
96 0.9260 0.6891 0.9063 0.8847 0.8632
97 0.9176 0.7287 0.8959 0.8902 0.8679
98 0.9236 0.7007 0.9041 0.8896 0.8696
99 0.9199 0.6937 0.9000 0.8911 0.8701
100 0.9182 0.7435 0.8991 0.8852 0.8637
101 0.9148 0.7912 0.8950 0.8792 0.8564
102 0.9107 0.8276 0.8901 0.8812 0.8590
103 0.9178 0.7540 0.8986 0.8795 0.8591
104 0.9071 0.8774 0.8860 0.8740 0.8529
105 0.9104 0.8108 0.8889 0.8783 0.8552
106 0.9122 0.7806 0.8902 0.8801 0.8569
107 0.9172 0.7729 0.8982 0.8820 0.8620
108 0.9151 0.7883 0.8953 0.8825 0.8622
109 0.9190 0.7525 0.9012 0.8840 0.8605
110 0.9173 0.7580 0.8981 0.8887 0.8681
111 0.9205 0.7402 0.9011 0.8815 0.8630
112 0.9203 0.7467 0.9007 0.8832 0.8597
113 0.9210 0.7183 0.9016 0.8804 0.8605
114 0.9182 0.7911 0.8975 0.8737 0.8535
115 0.9209 0.7332 0.9018 0.8767 0.8532
116 0.9178 0.7450 0.8981 0.8816 0.8597
117 0.9214 0.7195 0.9021 0.8825 0.8617
118 0.9198 0.7324 0.9025 0.8817 0.8608
119 0.9188 0.7525 0.9002 0.8870 0.8670
120 0.9241 0.6912 0.9082 0.8835 0.8645
121 0.9196 0.7340 0.8998 0.8869 0.8652
122 0.9270 0.6715 0.9078 0.8880 0.8662
123 0.9223 0.7170 0.9052 0.8893 0.8677
124 0.9127 0.7613 0.8909 0.8905 0.8707
125 0.9230 0.6870 0.9058 0.8832 0.8637
126 0.9224 0.6938 0.9050 0.8863 0.8640
127 0.9249 0.6727 0.9065 0.8857 0.8642
128 0.9237 0.6852 0.9075 0.8887 0.8664
129 0.9295 0.6553 0.9142 0.8881 0.8631
130 0.9239 0.6863 0.9049 0.8943 0.8715
131 0.9297 0.6393 0.9140 0.8911 0.8684
132 0.9296 0.6364 0.9122 0.8846 0.8662
133 0.9326 0.5950 0.9180 0.8859 0.8655
134 0.9289 0.6341 0.9104 0.8912 0.8704
135 0.9277 0.6330 0.9100 0.8870 0.8671
136 0.9307 0.6254 0.9139 0.8858 0.8651
137 0.9288 0.6393 0.9096 0.8871 0.8657
138 0.9269 0.6569 0.9110 0.8883 0.8675
139 0.9313 0.6297 0.9136 0.8888 0.8691
140 0.9323 0.6018 0.9179 0.8905 0.8685
141 0.9350 0.5898 0.9196 0.8901 0.8692
142 0.9346 0.5825 0.9172 0.8907 0.8689
143 0.9349 0.5977 0.9188 0.8881 0.8675
144 0.9328 0.5878 0.9174 0.8894 0.8684
145 0.9375 0.5350 0.9233 0.8898 0.8679
146 0.9382 0.5290 0.9241 0.8892 0.8701
147 0.9298 0.6236 0.9118 0.8893 0.8684
148 0.9337 0.5878 0.9169 0.8900 0.8690
149 0.9335 0.5781 0.9145 0.8915 0.8704
150 0.9310 0.6180 0.9160 0.8918 0.8714
151 0.9281 0.6149 0.9095 0.8875 0.8670
152 0.9319 0.6148 0.9158 0.8864 0.8655
153 0.9322 0.5916 0.9152 0.8900 0.8699
154 0.9261 0.6567 0.9075 0.8836 0.8621
155 0.9325 0.6242 0.9152 0.8950 0.8734
156 0.9327 0.6060 0.9164 0.8888 0.8685
157 0.9285 0.6382 0.9143 0.8921 0.8709
158 0.9335 0.5794 0.9162 0.8897 0.8675
159 0.9321 0.5929 0.9164 0.8887 0.8659
160 0.9329 0.5986 0.9178 0.8848 0.8637
161 0.9322 0.5923 0.9151 0.8882 0.8685
162 0.9210 0.6653 0.9039 0.8869 0.8656
163 0.9302 0.6148 0.9147 0.8911 0.8711
164 0.9279 0.6242 0.9103 0.8901 0.8681
165 0.9303 0.5925 0.9146 0.8905 0.8674
166 0.9344 0.5761 0.9200 0.8898 0.8681
167 0.9331 0.5921 0.9162 0.8902 0.8681
168 0.9320 0.6038 0.9157 0.8902 0.8683
169 0.9367 0.5613 0.9223 0.8875 0.8675
170 0.9307 0.6129 0.9158 0.8906 0.8705
171 0.9331 0.5884 0.9194 0.8889 0.8676
172 0.9346 0.5471 0.9183 0.8897 0.8674
173 0.9414 0.5276 0.9281 0.8883 0.8697
174 0.9390 0.5441 0.9249 0.8917 0.8709
175 0.9391 0.5555 0.9228 0.8940 0.8725
176 0.9401 0.5357 0.9243 0.8907 0.8702
177 0.9409 0.5161 0.9281 0.8898 0.8694
178 0.9403 0.5250 0.9282 0.8920 0.8710
179 0.9362 0.5681 0.9206 0.8916 0.8706
180 0.9386 0.5225 0.9250 0.8918 0.8704
181 0.9317 0.5918 0.9153 0.8918 0.8732
182 0.9327 0.5602 0.9170 0.8907 0.8712
183 0.9365 0.5375 0.9227 0.8898 0.8700
184 0.9405 0.5190 0.9243 0.8922 0.8709
185 0.9389 0.5092 0.9237 0.8877 0.8674
186 0.9444 0.5052 0.9322 0.8921 0.8717
187 0.9416 0.5035 0.9294 0.8909 0.8714
188 0.9396 0.5159 0.9258 0.8893 0.8691
189 0.9341 0.5489 0.9179 0.8926 0.8704
190 0.9359 0.5536 0.9215 0.8932 0.8732
191 0.9452 0.4897 0.9319 0.8914 0.8699
192 0.9379 0.5144 0.9248 0.8933 0.8707
193 0.9420 0.4954 0.9292 0.8911 0.8689
194 0.9407 0.5079 0.9269 0.8916 0.8706
195 0.9388 0.5091 0.9255 0.8902 0.8696
196 0.9387 0.5101 0.9267 0.8924 0.8718
197 0.9359 0.5230 0.9229 0.8924 0.8712
198 0.9372 0.5077 0.9235 0.8927 0.8719
199 0.9448 0.4720 0.9334 0.8937 0.8728
