epoch train_iou train_loss train_mAP val_iou val_mAP
0 0.5964 0.1625 0.5230 0.6517 0.5787
1 0.6787 0.1610 0.6180 0.7155 0.6541
2 0.7139 0.1718 0.6598 0.7595 0.7086
3 0.7596 0.1728 0.7114 0.7829 0.7374
4 0.7820 0.1815 0.7371 0.7784 0.7365
5 0.7898 0.1921 0.7468 0.7884 0.7451
6 0.7934 0.2088 0.7502 0.7929 0.7472
7 0.7696 0.2598 0.7248 0.7850 0.7385
8 0.7790 0.2737 0.7336 0.7832 0.7330
9 0.7694 0.3152 0.7248 0.7950 0.7491
10 0.7613 0.3475 0.7179 0.7699 0.7179
11 0.7830 0.3381 0.7397 0.7963 0.7390
12 0.8085 0.3217 0.7688 0.8124 0.7682
13 0.8256 0.3040 0.7896 0.8205 0.7839
14 0.8368 0.2926 0.8007 0.8246 0.7895
15 0.8482 0.2850 0.8121 0.8281 0.7925
16 0.8435 0.3182 0.8067 0.8322 0.7974
17 0.8348 0.3545 0.7973 0.8180 0.7776
18 0.8207 0.3979 0.7803 0.8145 0.7826
19 0.8122 0.4370 0.7779 0.8198 0.7726
20 0.8041 0.4820 0.7636 0.8061 0.7705
21 0.8246 0.4544 0.7880 0.8185 0.7841
22 0.8332 0.4308 0.7974 0.8246 0.7896
23 0.8522 0.3988 0.8170 0.8325 0.8029
24 0.8603 0.3844 0.8272 0.8332 0.8015
25 0.8683 0.3751 0.8359 0.8327 0.8015
26 0.8668 0.3898 0.8349 0.8379 0.8041
27 0.8542 0.4341 0.8211 0.8387 0.8037
28 0.8523 0.4764 0.8204 0.8361 0.8024
29 0.8455 0.5027 0.8106 0.8329 0.7984
30 0.8294 0.5727 0.7984 0.8152 0.7775
31 0.8418 0.5618 0.8092 0.8261 0.7977
32 0.8569 0.5053 0.8250 0.8414 0.8068
33 0.8668 0.4658 0.8327 0.8431 0.8087
34 0.8758 0.4596 0.8447 0.8454 0.8150
35 0.8775 0.4515 0.8482 0.8463 0.8134
36 0.8780 0.4586 0.8462 0.8438 0.8105
37 0.8762 0.4876 0.8444 0.8413 0.8089
38 0.8589 0.5512 0.8276 0.8273 0.7952
39 0.8432 0.6385 0.8106 0.8349 0.7999
40 0.8443 0.6730 0.8097 0.8140 0.7774
41 0.8506 0.6358 0.8201 0.8356 0.8019
42 0.8650 0.6031 0.8331 0.8461 0.8097
43 0.8746 0.5646 0.8430 0.8492 0.8171
44 0.8866 0.5227 0.8567 0.8509 0.8182
45 0.8904 0.5029 0.8595 0.8515 0.8196
46 0.8865 0.5179 0.8556 0.8497 0.8189
47 0.8814 0.5539 0.8525 0.8497 0.8221
48 0.8719 0.6160 0.8399 0.8455 0.8121
49 0.8626 0.6815 0.8334 0.8424 0.8093
50 0.8676 0.7047 0.8367 0.8303 0.8004
51 0.8620 0.7008 0.8315 0.8470 0.8186
52 0.8674 0.6846 0.8353 0.8469 0.8163
53 0.8833 0.6114 0.8521 0.8533 0.8181
54 0.8886 0.5717 0.8602 0.8549 0.8204
55 0.8960 0.5527 0.8659 0.8608 0.8270
56 0.8981 0.5581 0.8688 0.8557 0.8232
57 0.8888 0.6002 0.8592 0.8532 0.8236
58 0.8911 0.6130 0.8610 0.8482 0.8199
59 0.8790 0.7150 0.8504 0.8387 0.8075
60 0.8594 0.8492 0.8270 0.8196 0.7903
61 0.8649 0.8108 0.8330 0.8488 0.8144
62 0.8809 0.7317 0.8512 0.8468 0.8163
63 0.8911 0.6650 0.8632 0.8536 0.8261
64 0.8974 0.6254 0.8681 0.8557 0.8290
65 0.9015 0.6086 0.8732 0.8564 0.8286
66 0.9026 0.5979 0.8745 0.8542 0.8280
67 0.8990 0.6392 0.8682 0.8496 0.8227
68 0.8814 0.7631 0.8512 0.8501 0.8187
69 0.8832 0.7577 0.8514 0.8481 0.8157
70 0.8715 0.8736 0.8425 0.8450 0.8176
71 0.8758 0.8184 0.8440 0.8492 0.8161
72 0.8884 0.7525 0.8612 0.8522 0.8176
73 0.8927 0.7130 0.8643 0.8494 0.8216
74 0.9045 0.6494 0.8783 0.8534 0.8265
75 0.9012 0.6651 0.8736 0.8584 0.8300
76 0.9048 0.6568 0.8776 0.8585 0.8282
77 0.8998 0.7169 0.8741 0.8475 0.8186
78 0.8946 0.7563 0.8674 0.8496 0.8204
79 0.8898 0.8290 0.8624 0.8304 0.7891
80 0.8736 0.9488 0.8433 0.8437 0.8122
81 0.8818 0.8957 0.8532 0.8445 0.8120
82 0.8992 0.7959 0.8714 0.8437 0.8126
83 0.8998 0.7619 0.8739 0.8549 0.8285
84 0.9051 0.7075 0.8788 0.8530 0.8248
85 0.9074 0.6669 0.8806 0.8564 0.8278
86 0.9095 0.6936 0.8852 0.8548 0.8273
87 0.9057 0.7496 0.8784 0.8532 0.8235
88 0.9011 0.7929 0.8743 0.8502 0.8236
89 0.8915 0.8645 0.8622 0.8370 0.8039
90 0.8746 1.0690 0.8445 0.8322 0.8015
91 0.8849 0.9698 0.8581 0.8509 0.8225
92 0.8983 0.8392 0.8705 0.8583 0.8305
93 0.9006 0.8398 0.8722 0.8582 0.8296
94 0.9042 0.7882 0.8795 0.8589 0.8296
95 0.9119 0.7430 0.8861 0.8558 0.8280
96 0.9115 0.7424 0.8860 0.8608 0.8323
97 0.9122 0.7378 0.8884 0.8552 0.8304
98 0.9026 0.8692 0.8775 0.8606 0.8289
99 0.8940 0.9587 0.8668 0.8500 0.8229
100 0.8994 0.8981 0.8717 0.8473 0.8210
101 0.9028 0.8615 0.8768 0.8599 0.8330
102 0.9093 0.7794 0.8843 0.8534 0.8279
103 0.9130 0.7442 0.8889 0.8538 0.8254
104 0.9148 0.7476 0.8917 0.8561 0.8301
105 0.9135 0.7495 0.8897 0.8583 0.8303
106 0.9124 0.7381 0.8894 0.8575 0.8310
107 0.9130 0.7346 0.8893 0.8625 0.8344
108 0.9143 0.7162 0.8897 0.8624 0.8361
109 0.9098 0.7758 0.8829 0.8575 0.8298
110 0.9051 0.8120 0.8802 0.8593 0.8291
111 0.9159 0.7631 0.8917 0.8549 0.8294
112 0.9082 0.7928 0.8830 0.8485 0.8230
113 0.9166 0.7169 0.8942 0.8605 0.8354
114 0.9148 0.6973 0.8919 0.8590 0.8359
115 0.9203 0.6714 0.8996 0.8627 0.8372
116 0.9185 0.6703 0.8948 0.8619 0.8367
117 0.9134 0.7069 0.8911 0.8612 0.8317
118 0.9167 0.7192 0.8924 0.8552 0.8313
119 0.9174 0.7126 0.8964 0.8578 0.8285
120 0.9146 0.7411 0.8910 0.8557 0.8298
121 0.9104 0.7955 0.8855 0.8613 0.8342
122 0.9127 0.7330 0.8885 0.8588 0.8298
123 0.9161 0.6802 0.8926 0.8588 0.8325
124 0.9194 0.6634 0.8963 0.8602 0.8335
125 0.9233 0.6430 0.9028 0.8602 0.8324
126 0.9230 0.6486 0.9014 0.8606 0.8345
127 0.9190 0.6501 0.8961 0.8600 0.8320
128 0.9182 0.7137 0.8943 0.8586 0.8300
129 0.9153 0.7081 0.8923 0.8636 0.8374
130 0.9150 0.7289 0.8945 0.8579 0.8332
131 0.9178 0.6986 0.8958 0.8587 0.8362
132 0.9194 0.6991 0.8987 0.8574 0.8309
133 0.9163 0.6821 0.8947 0.8600 0.8351
134 0.9274 0.6135 0.9060 0.8608 0.8360
135 0.9175 0.6615 0.8972 0.8585 0.8341
136 0.9266 0.6080 0.9055 0.8611 0.8362
137 0.9228 0.6307 0.9016 0.8633 0.8390
138 0.9172 0.6818 0.8957 0.8637 0.8362
139 0.9141 0.7091 0.8918 0.8511 0.8206
140 0.9079 0.7711 0.8852 0.8572 0.8315
141 0.9158 0.7086 0.8933 0.8582 0.8296
142 0.9141 0.6756 0.8928 0.8607 0.8367
143 0.9164 0.6663 0.8940 0.8560 0.8304
144 0.9214 0.6298 0.9004 0.8629 0.8366
145 0.9188 0.6428 0.8988 0.8608 0.8334
146 0.9224 0.6395 0.9036 0.8599 0.8351
147 0.9226 0.6522 0.9017 0.8631 0.8389
148 0.9206 0.6512 0.8994 0.8652 0.8391
149 0.9249 0.6589 0.9046 0.8635 0.8407
150 0.9190 0.7036 0.8968 0.8594 0.8335
151 0.9203 0.6822 0.8982 0.8611 0.8365
152 0.9187 0.6853 0.8967 0.8630 0.8391
153 0.9221 0.6373 0.9024 0.8637 0.8379
154 0.9244 0.6093 0.9049 0.8623 0.8390
155 0.9238 0.6469 0.9036 0.8621 0.8385
156 0.9265 0.5987 0.9060 0.8624 0.8381
157 0.9249 0.5999 0.9041 0.8620 0.8369
158 0.9210 0.6071 0.8995 0.8649 0.8367
159 0.9249 0.6381 0.9040 0.8619 0.8355
160 0.9268 0.6083 0.9079 0.8695 0.8435
161 0.9295 0.5886 0.9114 0.8639 0.8389
162 0.9304 0.5870 0.9113 0.8676 0.8425
163 0.9297 0.5769 0.9115 0.8665 0.8405
164 0.9278 0.5899 0.9099 0.8630 0.8380
165 0.9304 0.5715 0.9117 0.8661 0.8411
166 0.9280 0.5823 0.9090 0.8654 0.8404
167 0.9256 0.5936 0.9073 0.8633 0.8390
168 0.9284 0.5677 0.9101 0.8626 0.8360
169 0.9282 0.5826 0.9097 0.8664 0.8413
170 0.9254 0.5814 0.9068 0.8640 0.8396
171 0.9281 0.5783 0.9077 0.8643 0.8400
172 0.9289 0.5636 0.9121 0.8675 0.8428
173 0.9288 0.5656 0.9096 0.8635 0.8399
174 0.9282 0.5705 0.9100 0.8680 0.8424
175 0.9349 0.5270 0.9171 0.8658 0.8414
176 0.9300 0.5548 0.9116 0.8675 0.8433
177 0.9298 0.5466 0.9107 0.8666 0.8416
178 0.9295 0.5556 0.9110 0.8621 0.8360
179 0.9301 0.5581 0.9111 0.8630 0.8380
180 0.9265 0.5909 0.9085 0.8630 0.8376
181 0.9315 0.5545 0.9140 0.8685 0.8420
182 0.9313 0.5680 0.9133 0.8675 0.8429
183 0.9295 0.5590 0.9096 0.8653 0.8397
184 0.9293 0.5490 0.9115 0.8658 0.8408
185 0.9313 0.5301 0.9151 0.8659 0.8413
186 0.9317 0.5618 0.9124 0.8706 0.8455
187 0.9320 0.5498 0.9134 0.8679 0.8430
188 0.9278 0.5701 0.9089 0.8628 0.8379
189 0.9292 0.5644 0.9114 0.8611 0.8349
190 0.9323 0.5530 0.9144 0.8728 0.8454
191 0.9298 0.5527 0.9115 0.8712 0.8455
192 0.9335 0.5466 0.9167 0.8715 0.8457
193 0.9351 0.5212 0.9174 0.8713 0.8450
194 0.9295 0.5531 0.9105 0.8658 0.8394
195 0.9340 0.5220 0.9155 0.8712 0.8445
196 0.9292 0.5483 0.9112 0.8722 0.8446
197 0.9301 0.5505 0.9117 0.8706 0.8455
198 0.9291 0.5293 0.9125 0.8711 0.8449
199 0.9302 0.5499 0.9131 0.8647 0.8381
