epoch train_iou train_loss train_mAP val_iou val_mAP
0 0.6139 0.3184 0.5429 0.6444 0.5559
1 0.7131 0.2720 0.6527 0.7688 0.7190
2 0.7719 0.2648 0.7239 0.7881 0.7492
3 0.7874 0.2879 0.7429 0.7865 0.7494
4 0.8090 0.2983 0.7687 0.8054 0.7694
5 0.8117 0.3219 0.7722 0.8241 0.7807
6 0.8234 0.3366 0.7866 0.8220 0.7901
7 0.8209 0.3720 0.7825 0.8228 0.7810
8 0.8353 0.3814 0.8007 0.8222 0.7942
9 0.8470 0.3771 0.8143 0.8320 0.8035
10 0.8364 0.4334 0.8009 0.8458 0.8140
11 0.8434 0.4442 0.8074 0.8337 0.8065
12 0.8352 0.4886 0.8007 0.8396 0.8102
13 0.8503 0.4776 0.8179 0.8367 0.8079
14 0.8468 0.5017 0.8123 0.8479 0.8198
15 0.8407 0.5513 0.8083 0.8518 0.8191
16 0.8450 0.5686 0.8131 0.8466 0.8120
17 0.8507 0.5825 0.8175 0.8426 0.8127
18 0.8449 0.6108 0.8136 0.8428 0.8176
19 0.8554 0.6151 0.8275 0.8415 0.8128
20 0.8633 0.6179 0.8356 0.8480 0.8201
21 0.8650 0.6438 0.8346 0.8501 0.8180
22 0.8677 0.6104 0.8406 0.8544 0.8256
23 0.8587 0.6893 0.8284 0.8336 0.8066
24 0.8597 0.7130 0.8310 0.8533 0.8239
25 0.8607 0.7216 0.8331 0.8496 0.8265
26 0.8632 0.7246 0.8359 0.8672 0.8390
27 0.8682 0.7371 0.8427 0.8560 0.8284
28 0.8659 0.7713 0.8385 0.8556 0.8281
29 0.8678 0.7798 0.8392 0.8508 0.8245
30 0.8807 0.7442 0.8532 0.8578 0.8272
31 0.8864 0.7362 0.8619 0.8555 0.8309
32 0.8766 0.7862 0.8503 0.8622 0.8359
33 0.8755 0.8248 0.8488 0.8677 0.8462
34 0.8882 0.7675 0.8642 0.8606 0.8380
35 0.8852 0.8204 0.8614 0.8649 0.8416
36 0.8882 0.7933 0.8611 0.8617 0.8352
37 0.8786 0.8631 0.8530 0.8665 0.8401
38 0.8832 0.8633 0.8541 0.8671 0.8380
39 0.8825 0.9052 0.8541 0.8604 0.8349
40 0.8746 0.9481 0.8463 0.8655 0.8382
41 0.8924 0.8583 0.8701 0.8612 0.8364
42 0.8998 0.7997 0.8778 0.8646 0.8400
43 0.8945 0.8543 0.8715 0.8664 0.8431
44 0.8903 0.9151 0.8645 0.8710 0.8481
45 0.8955 0.8929 0.8705 0.8760 0.8501
46 0.8943 0.9084 0.8693 0.8742 0.8478
47 0.9007 0.8791 0.8775 0.8772 0.8515
48 0.9020 0.9086 0.8803 0.8801 0.8547
49 0.9100 0.8286 0.8912 0.8799 0.8556
50 0.8778 1.1589 0.8524 0.8667 0.8381
51 0.8678 1.2614 0.8393 0.8613 0.8382
52 0.8687 1.2531 0.8405 0.8600 0.8366
53 0.8786 1.2024 0.8517 0.8648 0.8387
54 0.8750 1.2218 0.8494 0.8619 0.8301
55 0.8773 1.1767 0.8507 0.8654 0.8355
56 0.8840 1.1189 0.8577 0.8576 0.8308
57 0.8821 1.1106 0.8579 0.8686 0.8417
58 0.8857 1.1046 0.8618 0.8694 0.8426
59 0.8916 1.0258 0.8674 0.8686 0.8470
60 0.8812 1.1338 0.8567 0.8534 0.8322
61 0.8748 1.2118 0.8479 0.8645 0.8382
62 0.8835 1.1190 0.8590 0.8714 0.8489
63 0.8873 1.0729 0.8623 0.8607 0.8399
64 0.8887 1.0530 0.8643 0.8662 0.8372
65 0.8954 1.0107 0.8684 0.8677 0.8414
66 0.8930 1.0214 0.8702 0.8637 0.8374
67 0.8930 1.0122 0.8697 0.8705 0.8428
68 0.8956 0.9801 0.8732 0.8760 0.8489
69 0.8897 1.0591 0.8659 0.8803 0.8539
70 0.8936 1.0041 0.8673 0.8650 0.8403
71 0.8965 0.9873 0.8725 0.8730 0.8505
72 0.8993 0.9518 0.8756 0.8756 0.8529
73 0.9039 0.9345 0.8825 0.8758 0.8524
74 0.9006 0.9143 0.8767 0.8710 0.8474
75 0.9012 0.9447 0.8796 0.8758 0.8512
76 0.9039 0.8895 0.8812 0.8735 0.8472
77 0.8997 0.9181 0.8787 0.8747 0.8521
78 0.9073 0.8813 0.8882 0.8806 0.8550
79 0.9069 0.8561 0.8868 0.8774 0.8541
80 0.9023 0.8946 0.8791 0.8786 0.8559
81 0.9123 0.8540 0.8934 0.8748 0.8500
82 0.9064 0.8669 0.8829 0.8821 0.8565
83 0.9149 0.8110 0.8955 0.8749 0.8509
84 0.9108 0.8544 0.8885 0.8781 0.8540
85 0.9113 0.8117 0.8915 0.8812 0.8557
86 0.9076 0.8447 0.8861 0.8775 0.8544
87 0.9166 0.7881 0.8999 0.8782 0.8544
88 0.9093 0.8312 0.8882 0.8780 0.8541
89 0.9122 0.7894 0.8942 0.8783 0.8548
90 0.9216 0.7229 0.9028 0.8833 0.8576
91 0.9103 0.8023 0.8896 0.8814 0.8559
92 0.9178 0.7742 0.8969 0.8822 0.8590
93 0.9266 0.6869 0.9094 0.8829 0.8589
94 0.9188 0.7437 0.9012 0.8838 0.8605
95 0.9281 0.6579 0.9112 0.8846 0.8635
96 0.9190 0.7295 0.8990 0.8875 0.8643
97 0.9269 0.6915 0.9080 0.8839 0.8622
98 0.9251 0.6854 0.9056 0.8797 0.8587
99 0.9270 0.6780 0.9066 0.8848 0.8625
100 0.9185 0.7596 0.9004 0.8712 0.8495
101 0.9066 0.8554 0.8867 0.8811 0.8562
102 0.9139 0.7958 0.8919 0.8775 0.8524
103 0.9143 0.8256 0.8935 0.8797 0.8576
104 0.9063 0.8385 0.8842 0.8827 0.8568
105 0.9103 0.8253 0.8886 0.8687 0.8431
106 0.9123 0.8035 0.8924 0.8841 0.8615
107 0.9098 0.8329 0.8898 0.8773 0.8566
108 0.9090 0.8250 0.8886 0.8767 0.8534
109 0.9087 0.8342 0.8888 0.8796 0.8570
110 0.9095 0.8025 0.8895 0.8852 0.8600
111 0.9132 0.7935 0.8936 0.8783 0.8529
112 0.9200 0.7304 0.9002 0.8839 0.8605
113 0.9165 0.7618 0.8979 0.8822 0.8595
114 0.9159 0.7699 0.8975 0.8806 0.8586
115 0.9148 0.7744 0.8985 0.8791 0.8575
116 0.9202 0.7345 0.9027 0.8807 0.8574
117 0.9130 0.7905 0.8932 0.8787 0.8559
118 0.9187 0.7353 0.8971 0.8787 0.8545
119 0.9249 0.6946 0.9069 0.8834 0.8595
120 0.9228 0.7363 0.9018 0.8835 0.8575
121 0.9213 0.6914 0.9035 0.8789 0.8536
122 0.9217 0.7104 0.9008 0.8827 0.8577
123 0.9225 0.6916 0.9021 0.8830 0.8611
124 0.9236 0.6811 0.9056 0.8843 0.8604
125 0.9243 0.6715 0.9071 0.8800 0.8574
126 0.9266 0.6589 0.9127 0.8878 0.8651
127 0.9298 0.6417 0.9138 0.8862 0.8619
128 0.9260 0.6775 0.9064 0.8889 0.8650
129 0.9319 0.6168 0.9177 0.8874 0.8648
130 0.9291 0.6427 0.9114 0.8773 0.8522
131 0.9317 0.6262 0.9144 0.8892 0.8666
132 0.9284 0.6434 0.9116 0.8898 0.8671
133 0.9195 0.6995 0.8994 0.8817 0.8593
134 0.9212 0.7070 0.9049 0.8882 0.8656
135 0.9304 0.6343 0.9139 0.8908 0.8667
136 0.9287 0.6481 0.9126 0.8854 0.8656
137 0.9318 0.6184 0.9155 0.8883 0.8647
138 0.9320 0.6067 0.9158 0.8837 0.8601
139 0.9266 0.6487 0.9060 0.8819 0.8579
140 0.9346 0.5701 0.9191 0.8864 0.8642
141 0.9348 0.5653 0.9214 0.8892 0.8669
142 0.9332 0.5942 0.9187 0.8859 0.8609
143 0.9315 0.5945 0.9174 0.8882 0.8655
144 0.9329 0.5842 0.9179 0.8909 0.8679
145 0.9297 0.6256 0.9140 0.8846 0.8587
146 0.9357 0.5803 0.9197 0.8951 0.8699
147 0.9364 0.5505 0.9226 0.8925 0.8686
148 0.9348 0.5867 0.9184 0.8902 0.8656
149 0.9383 0.5348 0.9250 0.8945 0.8704
150 0.9340 0.6040 0.9182 0.8845 0.8633
151 0.9315 0.6177 0.9139 0.8843 0.8610
152 0.9294 0.6363 0.9159 0.8832 0.8572
153 0.9276 0.6347 0.9129 0.8831 0.8582
154 0.9282 0.6685 0.9153 0.8773 0.8547
155 0.9336 0.6051 0.9179 0.8827 0.8579
156 0.9299 0.6328 0.9141 0.8850 0.8614
157 0.9296 0.6500 0.9142 0.8848 0.8615
158 0.9340 0.6015 0.9181 0.8856 0.8640
159 0.9306 0.6207 0.9146 0.8754 0.8497
160 0.9287 0.6308 0.9121 0.8889 0.8646
161 0.9312 0.5948 0.9169 0.8870 0.8629
162 0.9276 0.6525 0.9117 0.8855 0.8609
163 0.9309 0.6250 0.9149 0.8836 0.8551
164 0.9314 0.5971 0.9156 0.8842 0.8609
165 0.9291 0.6077 0.9134 0.8854 0.8649
166 0.9334 0.5982 0.9163 0.8837 0.8609
167 0.9300 0.5961 0.9142 0.8878 0.8609
168 0.9347 0.5914 0.9208 0.8858 0.8611
169 0.9320 0.5984 0.9181 0.8848 0.8610
170 0.9346 0.5748 0.9197 0.8901 0.8644
171 0.9389 0.5537 0.9225 0.8883 0.8641
172 0.9343 0.5742 0.9191 0.8905 0.8680
173 0.9340 0.5887 0.9186 0.8915 0.8674
174 0.9342 0.5853 0.9193 0.8892 0.8641
175 0.9302 0.6025 0.9167 0.8868 0.8651
176 0.9390 0.5490 0.9254 0.8804 0.8593
177 0.9297 0.5989 0.9115 0.8882 0.8624
178 0.9378 0.5525 0.9227 0.8888 0.8656
179 0.9374 0.5458 0.9234 0.8913 0.8664
180 0.9420 0.5161 0.9281 0.8902 0.8666
181 0.9419 0.5377 0.9284 0.8887 0.8646
182 0.9457 0.4987 0.9329 0.8870 0.8634
183 0.9372 0.5432 0.9237 0.8856 0.8622
184 0.9353 0.5580 0.9220 0.8916 0.8675
185 0.9371 0.5418 0.9232 0.8914 0.8668
186 0.9340 0.5550 0.9196 0.8887 0.8660
187 0.9409 0.5240 0.9264 0.8884 0.8662
188 0.9396 0.5032 0.9278 0.8922 0.8692
189 0.9392 0.5228 0.9261 0.8891 0.8667
190 0.9385 0.5384 0.9234 0.8897 0.8669
191 0.9320 0.5571 0.9172 0.8871 0.8656
192 0.9424 0.5013 0.9298 0.8884 0.8659
193 0.9388 0.5272 0.9238 0.8926 0.8685
194 0.9388 0.5185 0.9281 0.8930 0.8689
195 0.9413 0.5191 0.9285 0.8883 0.8669
196 0.9462 0.4727 0.9344 0.8845 0.8632
197 0.9389 0.5201 0.9260 0.8912 0.8691
198 0.9415 0.4986 0.9307 0.8924 0.8705
199 0.9412 0.5256 0.9281 0.8890 0.8675
