epoch train_iou train_loss train_mAP val_iou val_mAP
0 0.6065 0.2902 0.5360 0.6867 0.6268
1 0.6992 0.2782 0.6450 0.6960 0.6315
2 0.7512 0.2810 0.7028 0.7506 0.7057
3 0.7799 0.2928 0.7369 0.7612 0.7103
4 0.8057 0.3042 0.7648 0.8027 0.7612
5 0.8157 0.3087 0.7775 0.8090 0.7694
6 0.8141 0.3543 0.7722 0.8048 0.7677
7 0.8173 0.3905 0.7764 0.8141 0.7706
8 0.8133 0.4316 0.7744 0.8141 0.7740
9 0.8101 0.4686 0.7683 0.8184 0.7796
10 0.8112 0.5069 0.7669 0.8338 0.7942
11 0.8236 0.5010 0.7850 0.8196 0.7773
12 0.8382 0.4707 0.8023 0.8292 0.7945
13 0.8561 0.4550 0.8193 0.8355 0.8013
14 0.8707 0.4370 0.8341 0.8424 0.8082
15 0.8711 0.4366 0.8356 0.8410 0.8087
16 0.8686 0.4707 0.8323 0.8475 0.8118
17 0.8584 0.5320 0.8213 0.8408 0.8086
18 0.8569 0.5720 0.8209 0.8399 0.8050
19 0.8545 0.6055 0.8174 0.8486 0.8154
20 0.8438 0.6995 0.8066 0.8151 0.7892
21 0.8508 0.6972 0.8115 0.8405 0.8042
22 0.8637 0.6217 0.8284 0.8385 0.8065
23 0.8696 0.6032 0.8328 0.8500 0.8184
24 0.8830 0.5688 0.8482 0.8514 0.8216
25 0.8953 0.5150 0.8611 0.8493 0.8186
26 0.8855 0.5862 0.8503 0.8548 0.8275
27 0.8869 0.5874 0.8512 0.8474 0.8141
28 0.8735 0.7109 0.8364 0.8469 0.8149
29 0.8672 0.7571 0.8309 0.8537 0.8239
30 0.8621 0.8200 0.8241 0.8484 0.8200
31 0.8726 0.7700 0.8379 0.8568 0.8229
32 0.8807 0.7429 0.8463 0.8655 0.8318
33 0.8869 0.7003 0.8505 0.8527 0.8196
34 0.8975 0.6252 0.8626 0.8660 0.8360
35 0.9049 0.6061 0.8715 0.8650 0.8337
36 0.8959 0.6856 0.8626 0.8608 0.8313
37 0.9022 0.6563 0.8683 0.8569 0.8248
38 0.8942 0.7509 0.8588 0.8575 0.8284
39 0.8803 0.8696 0.8465 0.8530 0.8219
40 0.8740 0.9565 0.8381 0.8284 0.7924
41 0.8777 0.9128 0.8428 0.8573 0.8312
42 0.8911 0.8014 0.8558 0.8606 0.8287
43 0.8974 0.7786 0.8633 0.8646 0.8291
44 0.9049 0.7251 0.8713 0.8653 0.8354
45 0.9043 0.7198 0.8725 0.8675 0.8392
46 0.9057 0.7443 0.8747 0.8611 0.8336
47 0.9042 0.7860 0.8703 0.8634 0.8367
48 0.8965 0.8669 0.8638 0.8554 0.8279
49 0.8828 1.0147 0.8468 0.8559 0.8232
50 0.8763 1.1237 0.8415 0.8390 0.8080
51 0.8802 1.0488 0.8452 0.8539 0.8233
52 0.8966 0.9150 0.8642 0.8638 0.8375
53 0.9058 0.7869 0.8732 0.8604 0.8337
54 0.9062 0.7625 0.8738 0.8669 0.8383
55 0.9115 0.7230 0.8791 0.8645 0.8375
56 0.9104 0.7090 0.8790 0.8683 0.8376
57 0.9080 0.7787 0.8764 0.8704 0.8394
58 0.9020 0.8104 0.8685 0.8590 0.8303
59 0.9003 0.8878 0.8665 0.8619 0.8325
60 0.8881 0.9728 0.8544 0.8566 0.8257
61 0.8950 0.9168 0.8622 0.8560 0.8298
62 0.9008 0.8315 0.8685 0.8623 0.8314
63 0.9066 0.7945 0.8751 0.8614 0.8291
64 0.9118 0.7180 0.8808 0.8683 0.8351
65 0.9136 0.6955 0.8829 0.8716 0.8403
66 0.9112 0.6986 0.8799 0.8718 0.8415
67 0.9103 0.7481 0.8801 0.8666 0.8347
68 0.9068 0.7759 0.8761 0.8681 0.8385
69 0.9015 0.8429 0.8708 0.8566 0.8277
70 0.8938 0.9349 0.8611 0.8550 0.8270
71 0.9050 0.8032 0.8733 0.8647 0.8334
72 0.9092 0.7829 0.8769 0.8707 0.8409
73 0.9110 0.7240 0.8838 0.8667 0.8390
74 0.9187 0.6473 0.8897 0.8722 0.8432
75 0.9165 0.6451 0.8875 0.8700 0.8434
76 0.9181 0.6422 0.8874 0.8749 0.8464
77 0.9147 0.6766 0.8853 0.8736 0.8447
78 0.9117 0.7165 0.8811 0.8554 0.8279
79 0.9110 0.7471 0.8788 0.8637 0.8266
80 0.8984 0.8846 0.8675 0.8446 0.8163
81 0.8985 0.8508 0.8675 0.8482 0.8151
82 0.9085 0.7568 0.8784 0.8621 0.8332
83 0.9123 0.7125 0.8823 0.8718 0.8427
84 0.9201 0.6277 0.8915 0.8756 0.8456
85 0.9193 0.6370 0.8894 0.8732 0.8437
86 0.9164 0.6397 0.8854 0.8750 0.8467
87 0.9184 0.6418 0.8893 0.8758 0.8434
88 0.9164 0.6913 0.8878 0.8700 0.8441
89 0.9163 0.6900 0.8869 0.8678 0.8374
90 0.8984 0.8909 0.8662 0.8629 0.8304
91 0.9000 0.8543 0.8681 0.8586 0.8242
92 0.9148 0.6997 0.8840 0.8655 0.8358
93 0.9173 0.6567 0.8872 0.8756 0.8426
94 0.9185 0.6429 0.8888 0.8779 0.8463
95 0.9225 0.5896 0.8935 0.8783 0.8478
96 0.9225 0.5917 0.8965 0.8800 0.8488
97 0.9217 0.6146 0.8932 0.8674 0.8378
98 0.9180 0.6724 0.8910 0.8665 0.8376
99 0.9134 0.7221 0.8824 0.8729 0.8425
100 0.9179 0.6693 0.8897 0.8532 0.8183
101 0.9226 0.6156 0.8958 0.8736 0.8440
102 0.9245 0.5836 0.8959 0.8768 0.8444
103 0.9211 0.5938 0.8930 0.8800 0.8508
104 0.9296 0.5292 0.9027 0.8778 0.8477
105 0.9243 0.5659 0.8972 0.8803 0.8503
106 0.9253 0.5587 0.8987 0.8800 0.8495
107 0.9244 0.5754 0.8982 0.8800 0.8511
108 0.9256 0.5835 0.8985 0.8723 0.8445
109 0.9252 0.5716 0.8980 0.8726 0.8454
110 0.9225 0.5991 0.8944 0.8695 0.8399
111 0.9263 0.5820 0.8993 0.8705 0.8414
112 0.9233 0.5522 0.8969 0.8759 0.8461
113 0.9263 0.5567 0.9006 0.8761 0.8478
114 0.9278 0.5173 0.9029 0.8802 0.8508
115 0.9295 0.5203 0.9039 0.8780 0.8487
116 0.9253 0.5572 0.8992 0.8807 0.8508
117 0.9295 0.5179 0.9028 0.8739 0.8425
118 0.9278 0.5336 0.9003 0.8783 0.8557
119 0.9210 0.6004 0.8925 0.8781 0.8509
120 0.9234 0.5685 0.8972 0.8671 0.8353
121 0.9221 0.5998 0.8949 0.8778 0.8495
122 0.9256 0.5677 0.8992 0.8772 0.8515
123 0.9284 0.5289 0.9026 0.8774 0.8511
124 0.9298 0.5022 0.9047 0.8769 0.8496
125 0.9332 0.4926 0.9073 0.8773 0.8517
126 0.9345 0.4792 0.9114 0.8720 0.8461
127 0.9283 0.5216 0.9015 0.8714 0.8425
128 0.9297 0.5201 0.9040 0.8744 0.8462
129 0.9315 0.5127 0.9077 0.8747 0.8470
130 0.9239 0.5755 0.8973 0.8682 0.8362
131 0.9261 0.5463 0.9001 0.8689 0.8415
132 0.9293 0.5141 0.9041 0.8654 0.8364
133 0.9297 0.5035 0.9033 0.8786 0.8503
134 0.9330 0.4859 0.9085 0.8797 0.8515
135 0.9316 0.4838 0.9069 0.8790 0.8506
136 0.9299 0.5065 0.9057 0.8778 0.8478
137 0.9299 0.4983 0.9048 0.8783 0.8494
138 0.9289 0.5310 0.9042 0.8781 0.8525
139 0.9267 0.5180 0.8998 0.8727 0.8442
140 0.9245 0.5718 0.8996 0.8724 0.8433
141 0.9245 0.5591 0.9005 0.8752 0.8447
142 0.9314 0.5015 0.9068 0.8773 0.8457
143 0.9289 0.5006 0.9035 0.8728 0.8435
144 0.9274 0.5055 0.9024 0.8757 0.8469
145 0.9322 0.4886 0.9099 0.8782 0.8500
146 0.9311 0.4754 0.9058 0.8776 0.8473
147 0.9355 0.4646 0.9119 0.8756 0.8456
148 0.9278 0.5052 0.9020 0.8717 0.8443
149 0.9299 0.5102 0.9050 0.8664 0.8365
150 0.9250 0.5494 0.8969 0.8771 0.8485
151 0.9261 0.5637 0.9014 0.8733 0.8461
152 0.9259 0.5526 0.8996 0.8794 0.8491
153 0.9322 0.5012 0.9058 0.8786 0.8493
154 0.9336 0.4735 0.9075 0.8792 0.8500
155 0.9349 0.4532 0.9096 0.8789 0.8491
156 0.9353 0.4536 0.9117 0.8818 0.8532
157 0.9355 0.4507 0.9113 0.8807 0.8507
158 0.9349 0.4780 0.9111 0.8852 0.8565
159 0.9297 0.5140 0.9052 0.8774 0.8491
160 0.9304 0.4971 0.9058 0.8794 0.8510
161 0.9353 0.4676 0.9098 0.8822 0.8536
162 0.9346 0.4578 0.9100 0.8829 0.8541
163 0.9339 0.4430 0.9110 0.8828 0.8560
164 0.9364 0.4482 0.9133 0.8825 0.8543
165 0.9359 0.4433 0.9117 0.8850 0.8560
166 0.9364 0.4334 0.9132 0.8826 0.8534
167 0.9344 0.4540 0.9115 0.8837 0.8541
168 0.9368 0.4349 0.9131 0.8812 0.8539
169 0.9354 0.4380 0.9112 0.8811 0.8521
170 0.9362 0.4335 0.9137 0.8824 0.8548
171 0.9352 0.4459 0.9127 0.8821 0.8523
172 0.9325 0.4385 0.9099 0.8835 0.8563
173 0.9373 0.4256 0.9163 0.8813 0.8543
174 0.9343 0.4549 0.9100 0.8824 0.8537
175 0.9372 0.4171 0.9143 0.8792 0.8511
176 0.9373 0.4343 0.9153 0.8814 0.8550
177 0.9397 0.4085 0.9198 0.8835 0.8560
178 0.9387 0.4036 0.9175 0.8832 0.8560
179 0.9378 0.4283 0.9152 0.8836 0.8541
180 0.9348 0.4327 0.9119 0.8818 0.8549
181 0.9374 0.4254 0.9144 0.8848 0.8548
182 0.9341 0.4372 0.9102 0.8819 0.8524
183 0.9362 0.4316 0.9125 0.8841 0.8550
184 0.9351 0.4442 0.9127 0.8844 0.8555
185 0.9337 0.4272 0.9102 0.8846 0.8559
186 0.9360 0.4158 0.9130 0.8838 0.8541
187 0.9379 0.4102 0.9150 0.8844 0.8555
188 0.9379 0.4070 0.9132 0.8869 0.8572
189 0.9414 0.3974 0.9208 0.8811 0.8502
190 0.9349 0.4287 0.9133 0.8791 0.8481
191 0.9357 0.4187 0.9121 0.8753 0.8454
192 0.9376 0.4002 0.9156 0.8832 0.8506
193 0.9399 0.3969 0.9187 0.8844 0.8557
194 0.9380 0.4069 0.9153 0.8820 0.8531
195 0.9381 0.3999 0.9151 0.8825 0.8516
196 0.9360 0.4163 0.9124 0.8831 0.8531
197 0.9390 0.3957 0.9169 0.8805 0.8512
198 0.9368 0.4149 0.9142 0.8825 0.8539
199 0.9350 0.4122 0.9106 0.8781 0.8485
