epoch train_iou train_loss train_mAP val_iou val_mAP
0 0.6305 0.1583 0.5598 0.7066 0.6354
1 0.7230 0.1467 0.6696 0.7744 0.7346
2 0.7701 0.1446 0.7247 0.8005 0.7610
3 0.7933 0.1512 0.7511 0.8090 0.7660
4 0.8194 0.1572 0.7808 0.8219 0.7893
5 0.8295 0.1581 0.7957 0.8229 0.7880
6 0.8250 0.1808 0.7894 0.8335 0.8005
7 0.8200 0.2183 0.7788 0.8180 0.7841
8 0.8105 0.2521 0.7731 0.8101 0.7759
9 0.8084 0.2864 0.7671 0.8134 0.7754
10 0.8011 0.2921 0.7631 0.8264 0.7960
11 0.8211 0.2857 0.7858 0.8315 0.7993
12 0.8436 0.2581 0.8103 0.8350 0.8089
13 0.8544 0.2607 0.8251 0.8348 0.7999
14 0.8677 0.2372 0.8352 0.8539 0.8248
15 0.8762 0.2332 0.8468 0.8570 0.8274
16 0.8765 0.2540 0.8465 0.8545 0.8266
17 0.8705 0.2831 0.8383 0.8477 0.8204
18 0.8581 0.3162 0.8279 0.8496 0.8151
19 0.8428 0.3859 0.8121 0.8406 0.8055
20 0.8420 0.3898 0.8113 0.8354 0.8049
21 0.8505 0.3799 0.8199 0.8532 0.8218
22 0.8675 0.3481 0.8363 0.8517 0.8232
23 0.8804 0.3151 0.8516 0.8579 0.8326
24 0.8918 0.2911 0.8622 0.8588 0.8339
25 0.8971 0.2844 0.8714 0.8618 0.8371
26 0.8997 0.2929 0.8723 0.8654 0.8349
27 0.8934 0.3216 0.8642 0.8543 0.8264
28 0.8780 0.3792 0.8482 0.8329 0.8047
29 0.8696 0.4175 0.8405 0.8504 0.8240
30 0.8585 0.4764 0.8259 0.8330 0.8062
31 0.8617 0.4558 0.8306 0.8503 0.8214
32 0.8833 0.3981 0.8526 0.8569 0.8319
33 0.8960 0.3567 0.8708 0.8545 0.8303
34 0.9052 0.3285 0.8789 0.8706 0.8453
35 0.9094 0.3209 0.8824 0.8715 0.8474
36 0.9062 0.3355 0.8786 0.8603 0.8376
37 0.9032 0.3585 0.8758 0.8557 0.8287
38 0.8988 0.4121 0.8719 0.8626 0.8360
39 0.8844 0.4748 0.8563 0.8586 0.8329
40 0.8680 0.5469 0.8386 0.8505 0.8245
41 0.8825 0.4888 0.8553 0.8488 0.8200
42 0.8971 0.4424 0.8707 0.8453 0.8139
43 0.9049 0.4064 0.8794 0.8560 0.8315
44 0.9094 0.3857 0.8859 0.8666 0.8438
45 0.9127 0.3695 0.8892 0.8660 0.8422
46 0.9150 0.3745 0.8911 0.8672 0.8405
47 0.9129 0.4002 0.8893 0.8591 0.8313
48 0.9031 0.4712 0.8764 0.8624 0.8409
49 0.8915 0.5212 0.8646 0.8558 0.8274
50 0.8834 0.5716 0.8587 0.8378 0.8109
51 0.8932 0.5456 0.8663 0.8652 0.8395
52 0.9026 0.4834 0.8766 0.8668 0.8404
53 0.9100 0.4511 0.8849 0.8657 0.8413
54 0.9220 0.4083 0.8980 0.8695 0.8478
55 0.9249 0.3899 0.9044 0.8729 0.8505
56 0.9190 0.4091 0.8960 0.8704 0.8489
57 0.9197 0.4398 0.8968 0.8716 0.8500
58 0.9081 0.4993 0.8832 0.8559 0.8311
59 0.8972 0.5790 0.8714 0.8550 0.8334
60 0.8943 0.6380 0.8672 0.8423 0.8104
61 0.9006 0.5814 0.8718 0.8588 0.8356
62 0.9093 0.5422 0.8854 0.8644 0.8414
63 0.9207 0.4660 0.9003 0.8692 0.8451
64 0.9221 0.4423 0.9011 0.8711 0.8510
65 0.9268 0.4275 0.9058 0.8723 0.8521
66 0.9262 0.4409 0.9059 0.8661 0.8444
67 0.9237 0.4559 0.9027 0.8635 0.8399
68 0.9182 0.5196 0.8963 0.8520 0.8293
69 0.9057 0.6132 0.8802 0.8515 0.8269
70 0.8904 0.7720 0.8626 0.8440 0.8175
71 0.8927 0.7345 0.8662 0.8630 0.8389
72 0.9131 0.5647 0.8907 0.8682 0.8450
73 0.9196 0.5134 0.8976 0.8639 0.8424
74 0.9229 0.5177 0.9024 0.8717 0.8511
75 0.9304 0.4846 0.9103 0.8759 0.8549
76 0.9277 0.4829 0.9067 0.8713 0.8479
77 0.9253 0.5050 0.9053 0.8704 0.8462
78 0.9195 0.5651 0.8981 0.8772 0.8492
79 0.9201 0.5821 0.8958 0.8571 0.8325
80 0.8953 0.8093 0.8680 0.8511 0.8229
81 0.9020 0.7517 0.8792 0.8574 0.8339
82 0.9122 0.6501 0.8888 0.8708 0.8478
83 0.9175 0.5971 0.8959 0.8674 0.8440
84 0.9244 0.5546 0.9027 0.8704 0.8486
85 0.9318 0.5005 0.9111 0.8709 0.8495
86 0.9289 0.5240 0.9100 0.8691 0.8460
87 0.9269 0.5513 0.9056 0.8648 0.8409
88 0.9219 0.6022 0.8998 0.8733 0.8501
89 0.9149 0.6862 0.8935 0.8592 0.8354
90 0.9023 0.8113 0.8770 0.8606 0.8360
91 0.9123 0.7615 0.8887 0.8633 0.8439
92 0.9212 0.6287 0.9005 0.8663 0.8391
93 0.9278 0.5821 0.9079 0.8707 0.8486
94 0.9305 0.5614 0.9121 0.8745 0.8521
95 0.9336 0.5458 0.9141 0.8782 0.8537
96 0.9310 0.5649 0.9134 0.8737 0.8512
97 0.9301 0.5821 0.9109 0.8626 0.8424
98 0.9267 0.6462 0.9078 0.8679 0.8484
99 0.9210 0.6969 0.8990 0.8585 0.8342
100 0.9193 0.6891 0.9011 0.8702 0.8464
101 0.9282 0.6193 0.9091 0.8698 0.8470
102 0.9307 0.5849 0.9115 0.8654 0.8446
103 0.9342 0.5535 0.9160 0.8701 0.8506
104 0.9347 0.5422 0.9172 0.8714 0.8504
105 0.9369 0.5230 0.9196 0.8674 0.8466
106 0.9380 0.5288 0.9216 0.8714 0.8512
107 0.9417 0.4923 0.9262 0.8744 0.8543
108 0.9340 0.5519 0.9175 0.8674 0.8459
109 0.9336 0.5626 0.9161 0.8748 0.8500
110 0.9341 0.5785 0.9168 0.8692 0.8462
111 0.9308 0.5715 0.9132 0.8643 0.8432
112 0.9367 0.5348 0.9193 0.8670 0.8441
113 0.9370 0.5301 0.9202 0.8695 0.8498
114 0.9376 0.5172 0.9210 0.8698 0.8493
115 0.9388 0.4972 0.9234 0.8676 0.8469
116 0.9388 0.5035 0.9223 0.8677 0.8486
117 0.9372 0.5170 0.9210 0.8656 0.8439
118 0.9394 0.5201 0.9221 0.8672 0.8456
119 0.9371 0.5391 0.9198 0.8684 0.8442
120 0.9338 0.5823 0.9163 0.8657 0.8454
121 0.9386 0.5198 0.9227 0.8679 0.8440
122 0.9386 0.5223 0.9224 0.8673 0.8460
123 0.9388 0.5134 0.9232 0.8682 0.8489
124 0.9414 0.4793 0.9262 0.8724 0.8508
125 0.9406 0.4810 0.9268 0.8770 0.8541
126 0.9419 0.4826 0.9273 0.8710 0.8507
127 0.9416 0.4705 0.9273 0.8736 0.8525
128 0.9382 0.4875 0.9244 0.8713 0.8471
129 0.9390 0.5100 0.9230 0.8672 0.8443
130 0.9407 0.5099 0.9245 0.8745 0.8529
131 0.9379 0.5258 0.9217 0.8737 0.8497
132 0.9391 0.5044 0.9243 0.8833 0.8581
133 0.9447 0.4758 0.9297 0.8773 0.8546
134 0.9457 0.4557 0.9314 0.8739 0.8526
135 0.9434 0.4684 0.9291 0.8741 0.8533
136 0.9398 0.4941 0.9261 0.8812 0.8568
137 0.9423 0.4554 0.9287 0.8681 0.8461
138 0.9421 0.4785 0.9274 0.8725 0.8504
139 0.9406 0.4954 0.9242 0.8725 0.8501
140 0.9373 0.5301 0.9213 0.8742 0.8516
141 0.9325 0.5719 0.9169 0.8626 0.8434
142 0.9372 0.5166 0.9218 0.8705 0.8520
143 0.9413 0.4783 0.9251 0.8741 0.8553
144 0.9452 0.4622 0.9303 0.8760 0.8555
145 0.9461 0.4565 0.9342 0.8769 0.8559
146 0.9457 0.4517 0.9329 0.8721 0.8514
147 0.9452 0.4614 0.9326 0.8678 0.8478
148 0.9408 0.4835 0.9267 0.8669 0.8466
149 0.9362 0.5241 0.9218 0.8691 0.8475
150 0.9326 0.5555 0.9173 0.8614 0.8384
151 0.9370 0.5226 0.9227 0.8658 0.8442
152 0.9398 0.5088 0.9250 0.8737 0.8496
153 0.9445 0.4610 0.9309 0.8704 0.8510
154 0.9434 0.4557 0.9297 0.8703 0.8494
155 0.9414 0.4599 0.9277 0.8723 0.8516
156 0.9475 0.4249 0.9347 0.8728 0.8529
157 0.9480 0.4250 0.9343 0.8695 0.8501
158 0.9475 0.4325 0.9354 0.8700 0.8506
159 0.9390 0.5125 0.9231 0.8705 0.8486
160 0.9432 0.4710 0.9290 0.8699 0.8481
161 0.9409 0.4642 0.9261 0.8685 0.8472
162 0.9458 0.4438 0.9336 0.8683 0.8471
163 0.9460 0.4375 0.9335 0.8666 0.8467
164 0.9471 0.4162 0.9350 0.8664 0.8460
165 0.9471 0.4272 0.9352 0.8669 0.8471
166 0.9479 0.4267 0.9353 0.8682 0.8478
167 0.9448 0.4362 0.9323 0.8698 0.8499
168 0.9473 0.4212 0.9351 0.8696 0.8476
169 0.9472 0.4215 0.9355 0.8684 0.8464
170 0.9472 0.4159 0.9353 0.8723 0.8515
171 0.9480 0.4143 0.9366 0.8718 0.8504
172 0.9502 0.3991 0.9384 0.8733 0.8532
173 0.9498 0.3965 0.9389 0.8719 0.8526
174 0.9478 0.4138 0.9364 0.8734 0.8529
175 0.9473 0.4196 0.9349 0.8747 0.8546
176 0.9493 0.3917 0.9386 0.8736 0.8523
177 0.9493 0.3941 0.9392 0.8732 0.8528
178 0.9517 0.3904 0.9408 0.8748 0.8545
179 0.9485 0.4106 0.9375 0.8697 0.8486
180 0.9501 0.3947 0.9363 0.8735 0.8540
181 0.9492 0.3979 0.9385 0.8759 0.8536
182 0.9453 0.4117 0.9338 0.8720 0.8507
183 0.9497 0.4027 0.9379 0.8714 0.8516
184 0.9507 0.3968 0.9404 0.8750 0.8541
185 0.9479 0.4112 0.9344 0.8757 0.8543
186 0.9540 0.3734 0.9437 0.8742 0.8536
187 0.9481 0.4058 0.9362 0.8745 0.8526
188 0.9524 0.3722 0.9418 0.8721 0.8514
189 0.9491 0.3928 0.9387 0.8733 0.8520
190 0.9492 0.4035 0.9382 0.8689 0.8485
191 0.9492 0.3914 0.9368 0.8726 0.8501
192 0.9506 0.3871 0.9413 0.8707 0.8491
193 0.9498 0.3991 0.9400 0.8725 0.8495
194 0.9521 0.3970 0.9405 0.8729 0.8519
195 0.9498 0.3962 0.9385 0.8710 0.8499
196 0.9509 0.3827 0.9398 0.8725 0.8504
197 0.9513 0.3895 0.9405 0.8693 0.8479
198 0.9482 0.4019 0.9379 0.8682 0.8466
199 0.9487 0.3994 0.9377 0.8703 0.8481
