epoch train_iou train_loss train_mAP val_iou val_mAP
0 0.5504 0.1643 0.4718 0.6742 0.6056
1 0.6718 0.1620 0.6123 0.7145 0.6554
2 0.7211 0.1705 0.6641 0.7490 0.7050
3 0.7463 0.1813 0.6957 0.7722 0.7142
4 0.7696 0.1882 0.7246 0.7646 0.7169
5 0.7870 0.1952 0.7467 0.7869 0.7421
6 0.7890 0.2168 0.7454 0.7980 0.7525
7 0.7839 0.2476 0.7404 0.7735 0.7204
8 0.7794 0.2770 0.7344 0.7927 0.7508
9 0.7692 0.3203 0.7247 0.8019 0.7535
10 0.7793 0.3346 0.7324 0.8006 0.7619
11 0.7928 0.3240 0.7542 0.7995 0.7555
12 0.8001 0.3257 0.7616 0.7891 0.7530
13 0.8216 0.3159 0.7841 0.8205 0.7797
14 0.8378 0.3034 0.8019 0.8255 0.7925
15 0.8382 0.3059 0.8027 0.8302 0.7936
16 0.8454 0.3175 0.8098 0.8300 0.7924
17 0.8327 0.3552 0.7969 0.8049 0.7601
18 0.8227 0.3900 0.7845 0.7987 0.7561
19 0.8053 0.4564 0.7654 0.8075 0.7655
20 0.7994 0.4880 0.7568 0.8067 0.7603
21 0.8230 0.4492 0.7833 0.8001 0.7625
22 0.8276 0.4340 0.7937 0.8111 0.7737
23 0.8456 0.4124 0.8135 0.8267 0.7895
24 0.8538 0.3975 0.8209 0.8373 0.8074
25 0.8654 0.3797 0.8322 0.8372 0.8060
26 0.8654 0.3947 0.8323 0.8383 0.8052
27 0.8593 0.4298 0.8274 0.8433 0.8114
28 0.8486 0.4748 0.8127 0.8241 0.7912
29 0.8427 0.5239 0.8094 0.8136 0.7722
30 0.8282 0.5632 0.7954 0.8272 0.7936
31 0.8476 0.5391 0.8128 0.8214 0.7929
32 0.8504 0.5349 0.8168 0.8466 0.8097
33 0.8528 0.5158 0.8214 0.8421 0.8106
34 0.8767 0.4567 0.8453 0.8496 0.8161
35 0.8777 0.4531 0.8457 0.8508 0.8207
36 0.8837 0.4525 0.8522 0.8456 0.8131
37 0.8708 0.5090 0.8381 0.8400 0.8094
38 0.8659 0.5632 0.8328 0.8377 0.8020
39 0.8540 0.6009 0.8195 0.8328 0.8010
40 0.8494 0.6477 0.8123 0.8283 0.8052
41 0.8592 0.6121 0.8273 0.8363 0.8064
42 0.8685 0.5803 0.8374 0.8452 0.8165
43 0.8677 0.5623 0.8376 0.8466 0.8164
44 0.8851 0.5069 0.8530 0.8478 0.8170
45 0.8906 0.4987 0.8604 0.8506 0.8217
46 0.8881 0.5118 0.8574 0.8499 0.8209
47 0.8886 0.5331 0.8593 0.8480 0.8157
48 0.8648 0.6533 0.8340 0.8432 0.8120
49 0.8705 0.6330 0.8382 0.8456 0.8183
50 0.8556 0.7399 0.8217 0.8374 0.8049
51 0.8665 0.7086 0.8337 0.8508 0.8232
52 0.8682 0.6943 0.8354 0.8437 0.8145
53 0.8768 0.6483 0.8449 0.8431 0.8120
54 0.8939 0.5682 0.8632 0.8551 0.8264
55 0.8952 0.5627 0.8655 0.8538 0.8249
56 0.8943 0.5824 0.8652 0.8556 0.8256
57 0.8899 0.6174 0.8575 0.8507 0.8248
58 0.8892 0.6427 0.8577 0.8530 0.8271
59 0.8736 0.7374 0.8430 0.8429 0.8145
60 0.8742 0.7588 0.8445 0.8358 0.8079
61 0.8728 0.7834 0.8394 0.8349 0.8002
62 0.8877 0.6909 0.8574 0.8572 0.8273
63 0.8901 0.6700 0.8577 0.8513 0.8240
64 0.8983 0.6259 0.8695 0.8555 0.8264
65 0.9015 0.6043 0.8719 0.8552 0.8274
66 0.9042 0.6057 0.8772 0.8568 0.8320
67 0.8973 0.6597 0.8681 0.8556 0.8311
68 0.8891 0.7283 0.8587 0.8513 0.8239
69 0.8897 0.7640 0.8583 0.8467 0.8132
70 0.8729 0.8734 0.8426 0.8399 0.8077
71 0.8815 0.8361 0.8510 0.8485 0.8179
72 0.8864 0.7814 0.8570 0.8496 0.8191
73 0.8919 0.7277 0.8608 0.8525 0.8280
74 0.9041 0.6871 0.8757 0.8661 0.8380
75 0.9093 0.6417 0.8812 0.8676 0.8391
76 0.9029 0.6715 0.8742 0.8625 0.8380
77 0.9041 0.6959 0.8771 0.8551 0.8279
78 0.8971 0.7635 0.8684 0.8495 0.8228
79 0.8855 0.8745 0.8562 0.8336 0.8021
80 0.8700 0.9659 0.8427 0.8338 0.8077
81 0.8867 0.8816 0.8581 0.8441 0.8150
82 0.8963 0.8209 0.8668 0.8554 0.8299
83 0.8999 0.7711 0.8707 0.8533 0.8279
84 0.9097 0.6962 0.8807 0.8573 0.8329
85 0.9123 0.6924 0.8856 0.8621 0.8378
86 0.9117 0.7063 0.8873 0.8577 0.8309
87 0.9035 0.7851 0.8769 0.8585 0.8320
88 0.9046 0.8031 0.8765 0.8498 0.8234
89 0.8938 0.9070 0.8656 0.8377 0.8149
90 0.8866 0.9931 0.8579 0.8475 0.8190
91 0.8883 0.9581 0.8592 0.8423 0.8106
92 0.8976 0.8742 0.8704 0.8508 0.8254
93 0.9036 0.7959 0.8764 0.8540 0.8226
94 0.9074 0.7935 0.8807 0.8572 0.8276
95 0.9105 0.7512 0.8833 0.8582 0.8307
96 0.9058 0.7903 0.8782 0.8630 0.8350
97 0.9101 0.7811 0.8843 0.8621 0.8372
98 0.9098 0.8359 0.8836 0.8592 0.8315
99 0.9004 0.9693 0.8739 0.8539 0.8246
100 0.9004 0.9048 0.8736 0.8560 0.8285
101 0.9083 0.8147 0.8828 0.8537 0.8304
102 0.9111 0.7774 0.8864 0.8565 0.8293
103 0.9152 0.7388 0.8916 0.8674 0.8407
104 0.9137 0.7296 0.8892 0.8658 0.8394
105 0.9201 0.7103 0.8960 0.8657 0.8394
106 0.9197 0.7240 0.8968 0.8651 0.8365
107 0.9208 0.7099 0.8957 0.8622 0.8364
108 0.9144 0.7549 0.8873 0.8662 0.8414
109 0.9079 0.8337 0.8822 0.8583 0.8296
110 0.9078 0.8249 0.8829 0.8704 0.8392
111 0.9156 0.7441 0.8896 0.8584 0.8332
112 0.9172 0.7557 0.8928 0.8628 0.8331
113 0.9182 0.7147 0.8941 0.8638 0.8355
114 0.9190 0.6953 0.8947 0.8640 0.8371
115 0.9206 0.6928 0.8975 0.8675 0.8426
116 0.9201 0.7070 0.8943 0.8683 0.8413
117 0.9153 0.7382 0.8911 0.8654 0.8388
118 0.9179 0.7085 0.8946 0.8655 0.8396
119 0.9175 0.7300 0.8924 0.8616 0.8366
120 0.9110 0.7970 0.8852 0.8639 0.8355
121 0.9132 0.7726 0.8899 0.8666 0.8388
122 0.9198 0.7033 0.8960 0.8627 0.8380
123 0.9151 0.7384 0.8919 0.8640 0.8385
124 0.9212 0.6701 0.8994 0.8639 0.8386
125 0.9222 0.6555 0.8996 0.8632 0.8377
126 0.9213 0.6820 0.8993 0.8663 0.8413
127 0.9204 0.6608 0.8980 0.8761 0.8464
128 0.9206 0.7103 0.8976 0.8652 0.8380
129 0.9165 0.7119 0.8928 0.8619 0.8319
130 0.9148 0.7395 0.8898 0.8629 0.8335
131 0.9162 0.7338 0.8927 0.8616 0.8372
132 0.9218 0.6870 0.8955 0.8638 0.8376
133 0.9243 0.6664 0.9028 0.8652 0.8420
134 0.9256 0.6464 0.9035 0.8667 0.8438
135 0.9255 0.6464 0.9023 0.8668 0.8425
136 0.9275 0.6355 0.9039 0.8665 0.8401
137 0.9214 0.6594 0.8982 0.8660 0.8404
138 0.9204 0.6747 0.8994 0.8675 0.8446
139 0.9255 0.6479 0.9053 0.8642 0.8389
140 0.9114 0.7693 0.8891 0.8625 0.8311
141 0.9175 0.7643 0.8945 0.8567 0.8311
142 0.9222 0.6820 0.8997 0.8683 0.8441
143 0.9189 0.6974 0.8972 0.8638 0.8361
144 0.9261 0.6456 0.9050 0.8666 0.8417
145 0.9285 0.6218 0.9075 0.8670 0.8445
146 0.9283 0.6121 0.9080 0.8648 0.8409
147 0.9252 0.6404 0.9037 0.8693 0.8420
148 0.9278 0.6361 0.9061 0.8650 0.8409
149 0.9184 0.6828 0.8971 0.8605 0.8331
150 0.9233 0.7034 0.8995 0.8674 0.8416
151 0.9204 0.7098 0.8985 0.8675 0.8400
152 0.9218 0.6876 0.8992 0.8671 0.8419
153 0.9242 0.6424 0.9013 0.8693 0.8421
154 0.9309 0.6047 0.9110 0.8686 0.8409
155 0.9298 0.5955 0.9102 0.8700 0.8436
156 0.9258 0.6213 0.9052 0.8675 0.8414
157 0.9273 0.6159 0.9069 0.8673 0.8403
158 0.9281 0.6210 0.9062 0.8660 0.8388
159 0.9171 0.7121 0.8942 0.8553 0.8286
160 0.9264 0.6127 0.9066 0.8610 0.8334
161 0.9294 0.5865 0.9099 0.8660 0.8409
162 0.9304 0.5800 0.9106 0.8643 0.8405
163 0.9268 0.5956 0.9061 0.8644 0.8399
164 0.9281 0.6085 0.9074 0.8665 0.8415
165 0.9325 0.5736 0.9120 0.8646 0.8407
166 0.9330 0.5564 0.9125 0.8651 0.8392
167 0.9291 0.5896 0.9070 0.8620 0.8357
168 0.9321 0.5636 0.9116 0.8607 0.8351
169 0.9315 0.5654 0.9125 0.8669 0.8405
170 0.9327 0.5728 0.9131 0.8678 0.8424
171 0.9312 0.5659 0.9121 0.8687 0.8426
172 0.9351 0.5605 0.9162 0.8679 0.8435
173 0.9320 0.5771 0.9131 0.8670 0.8438
174 0.9313 0.5637 0.9122 0.8671 0.8427
175 0.9368 0.5245 0.9201 0.8697 0.8453
176 0.9313 0.5622 0.9118 0.8693 0.8441
177 0.9310 0.5691 0.9115 0.8677 0.8435
178 0.9331 0.5370 0.9144 0.8662 0.8421
179 0.9344 0.5435 0.9162 0.8674 0.8422
180 0.9336 0.5573 0.9141 0.8659 0.8407
181 0.9290 0.5840 0.9087 0.8693 0.8434
182 0.9324 0.5408 0.9146 0.8666 0.8416
183 0.9332 0.5464 0.9138 0.8668 0.8418
184 0.9302 0.5632 0.9126 0.8654 0.8394
185 0.9356 0.5306 0.9175 0.8664 0.8405
186 0.9304 0.5615 0.9102 0.8652 0.8393
187 0.9364 0.5494 0.9173 0.8686 0.8436
188 0.9318 0.5587 0.9137 0.8668 0.8413
189 0.9345 0.5521 0.9174 0.8659 0.8405
190 0.9323 0.5492 0.9146 0.8690 0.8442
191 0.9343 0.5439 0.9169 0.8663 0.8426
192 0.9315 0.5608 0.9135 0.8702 0.8425
193 0.9359 0.5407 0.9179 0.8687 0.8414
194 0.9335 0.5356 0.9147 0.8681 0.8422
195 0.9333 0.5546 0.9158 0.8686 0.8424
196 0.9314 0.5563 0.9108 0.8675 0.8415
197 0.9355 0.5445 0.9174 0.8686 0.8434
198 0.9309 0.5544 0.9124 0.8688 0.8439
199 0.9341 0.5458 0.9146 0.8666 0.8410
