epoch train_iou train_loss train_mAP val_iou val_mAP
0 0.6349 0.2804 0.5657 0.7233 0.6831
1 0.7518 0.2274 0.7002 0.7717 0.7322
2 0.7868 0.2564 0.7438 0.8013 0.7663
3 0.8000 0.2772 0.7629 0.7872 0.7500
4 0.8145 0.2825 0.7784 0.8134 0.7824
5 0.8175 0.3224 0.7773 0.8258 0.7931
6 0.8255 0.3363 0.7908 0.8333 0.7987
7 0.8336 0.3659 0.7971 0.8115 0.7584
8 0.8378 0.3808 0.8044 0.8302 0.7935
9 0.8377 0.4006 0.8039 0.8361 0.8010
10 0.8396 0.4286 0.8092 0.8541 0.8229
11 0.8521 0.4381 0.8215 0.8459 0.8167
12 0.8504 0.4485 0.8186 0.8467 0.8140
13 0.8541 0.4679 0.8273 0.8424 0.8150
14 0.8580 0.4861 0.8272 0.8465 0.8171
15 0.8510 0.5336 0.8202 0.8571 0.8271
16 0.8543 0.5568 0.8259 0.8575 0.8263
17 0.8492 0.5913 0.8162 0.8485 0.8192
18 0.8645 0.5531 0.8372 0.8629 0.8321
19 0.8632 0.5963 0.8327 0.8444 0.8182
20 0.8691 0.5819 0.8386 0.8598 0.8302
21 0.8623 0.6623 0.8348 0.8549 0.8284
22 0.8623 0.6684 0.8325 0.8361 0.8039
23 0.8630 0.6739 0.8366 0.8580 0.8288
24 0.8692 0.6664 0.8438 0.8400 0.8042
25 0.8749 0.6723 0.8456 0.8596 0.8261
26 0.8803 0.6869 0.8546 0.8584 0.8305
27 0.8641 0.7732 0.8386 0.8670 0.8433
28 0.8789 0.7150 0.8528 0.8592 0.8338
29 0.8717 0.7668 0.8454 0.8626 0.8361
30 0.8751 0.7706 0.8448 0.8771 0.8486
31 0.8897 0.7246 0.8663 0.8711 0.8453
32 0.8805 0.7857 0.8569 0.8695 0.8451
33 0.8819 0.7822 0.8558 0.8718 0.8452
34 0.8813 0.8188 0.8570 0.8704 0.8445
35 0.8865 0.7791 0.8628 0.8730 0.8429
36 0.8829 0.8257 0.8588 0.8668 0.8392
37 0.8940 0.7905 0.8715 0.8718 0.8472
38 0.8917 0.8098 0.8668 0.8770 0.8509
39 0.8882 0.8297 0.8645 0.8834 0.8546
40 0.8980 0.8093 0.8726 0.8790 0.8539
41 0.8959 0.8054 0.8704 0.8734 0.8444
42 0.9024 0.8075 0.8808 0.8852 0.8576
43 0.9072 0.7808 0.8840 0.8838 0.8581
44 0.9009 0.8474 0.8780 0.8794 0.8554
45 0.8995 0.8585 0.8770 0.8922 0.8667
46 0.9002 0.8690 0.8770 0.8854 0.8626
47 0.9058 0.8328 0.8841 0.8918 0.8677
48 0.9117 0.8153 0.8881 0.8833 0.8597
49 0.9189 0.7775 0.8999 0.8843 0.8611
50 0.8585 1.3420 0.8302 0.8486 0.8238
51 0.8575 1.3685 0.8315 0.8479 0.8159
52 0.8559 1.4088 0.8268 0.8495 0.8201
53 0.8686 1.2746 0.8406 0.8587 0.8323
54 0.8678 1.2937 0.8401 0.8596 0.8358
55 0.8791 1.1701 0.8535 0.8657 0.8371
56 0.8787 1.1711 0.8540 0.8690 0.8435
57 0.8811 1.1414 0.8546 0.8624 0.8365
58 0.8805 1.1755 0.8563 0.8646 0.8411
59 0.8848 1.1023 0.8610 0.8554 0.8238
60 0.8846 1.1178 0.8608 0.8574 0.8349
61 0.8809 1.1384 0.8555 0.8758 0.8494
62 0.8938 1.0422 0.8712 0.8715 0.8426
63 0.8846 1.1048 0.8600 0.8798 0.8546
64 0.8867 1.0891 0.8631 0.8754 0.8499
65 0.8835 1.1327 0.8613 0.8658 0.8419
66 0.8910 1.0387 0.8683 0.8738 0.8480
67 0.8909 1.0458 0.8661 0.8658 0.8452
68 0.8930 1.0120 0.8701 0.8782 0.8562
69 0.8984 0.9751 0.8747 0.8689 0.8444
70 0.8939 1.0088 0.8707 0.8767 0.8505
71 0.8945 0.9758 0.8708 0.8857 0.8605
72 0.9060 0.8835 0.8849 0.8893 0.8625
73 0.9022 0.9188 0.8788 0.8813 0.8546
74 0.9003 0.9207 0.8765 0.8849 0.8612
75 0.9103 0.8395 0.8896 0.8763 0.8552
76 0.9039 0.9103 0.8836 0.8801 0.8555
77 0.9035 0.9045 0.8810 0.8824 0.8587
78 0.9046 0.8617 0.8834 0.8787 0.8535
79 0.9072 0.8962 0.8861 0.8789 0.8550
80 0.9091 0.8833 0.8848 0.8892 0.8655
81 0.9105 0.8506 0.8900 0.8794 0.8545
82 0.9107 0.8618 0.8911 0.8853 0.8575
83 0.9140 0.8165 0.8922 0.8850 0.8612
84 0.9128 0.8218 0.8919 0.8837 0.8606
85 0.9148 0.7767 0.8950 0.8941 0.8701
86 0.9171 0.7898 0.8970 0.8891 0.8668
87 0.9198 0.7491 0.8990 0.8856 0.8635
88 0.9154 0.7955 0.8957 0.8874 0.8634
89 0.9103 0.8131 0.8905 0.8946 0.8731
90 0.9181 0.7316 0.9013 0.8897 0.8681
91 0.9232 0.7151 0.9058 0.8957 0.8724
92 0.9231 0.7294 0.9051 0.8913 0.8690
93 0.9208 0.7301 0.9011 0.8939 0.8709
94 0.9278 0.6543 0.9108 0.8905 0.8667
95 0.9212 0.7291 0.9013 0.8916 0.8671
96 0.9318 0.6465 0.9154 0.8875 0.8631
97 0.9207 0.7236 0.9009 0.8926 0.8700
98 0.9269 0.6727 0.9079 0.8941 0.8701
99 0.9229 0.6813 0.9042 0.8966 0.8731
100 0.9169 0.7731 0.8981 0.8830 0.8577
101 0.9109 0.8430 0.8922 0.8932 0.8680
102 0.9155 0.7793 0.8933 0.8920 0.8670
103 0.9112 0.8253 0.8898 0.8891 0.8656
104 0.9109 0.8417 0.8906 0.8839 0.8627
105 0.9014 0.9159 0.8796 0.8848 0.8575
106 0.9123 0.8418 0.8902 0.8841 0.8616
107 0.9149 0.7953 0.8966 0.8824 0.8609
108 0.9126 0.8022 0.8944 0.8931 0.8680
109 0.9056 0.8520 0.8838 0.8797 0.8581
110 0.9111 0.8315 0.8911 0.8893 0.8669
111 0.9154 0.7918 0.8963 0.8867 0.8650
112 0.9197 0.7633 0.9020 0.8884 0.8652
113 0.9191 0.7526 0.9007 0.8891 0.8655
114 0.9224 0.7478 0.9028 0.8893 0.8664
115 0.9158 0.8036 0.8963 0.8904 0.8674
116 0.9169 0.7735 0.8977 0.8896 0.8664
117 0.9220 0.7415 0.9032 0.8824 0.8574
118 0.9165 0.7741 0.8957 0.8864 0.8611
119 0.9178 0.7353 0.8973 0.8931 0.8696
120 0.9202 0.7368 0.9025 0.8920 0.8680
121 0.9292 0.6777 0.9113 0.8830 0.8615
122 0.9222 0.7198 0.9043 0.8924 0.8705
123 0.9209 0.7355 0.9016 0.8850 0.8664
124 0.9260 0.6818 0.9090 0.8874 0.8644
125 0.9265 0.6742 0.9097 0.8944 0.8722
126 0.9289 0.6718 0.9117 0.8864 0.8644
127 0.9229 0.7127 0.9032 0.8955 0.8725
128 0.9292 0.6446 0.9100 0.8900 0.8688
129 0.9274 0.6670 0.9122 0.8957 0.8719
130 0.9287 0.6575 0.9126 0.8953 0.8727
131 0.9270 0.6750 0.9095 0.8988 0.8744
132 0.9273 0.6438 0.9113 0.8949 0.8711
133 0.9304 0.6204 0.9148 0.8936 0.8700
134 0.9340 0.6159 0.9171 0.8940 0.8702
135 0.9340 0.6007 0.9182 0.8913 0.8695
136 0.9341 0.6089 0.9183 0.8932 0.8705
137 0.9365 0.5803 0.9223 0.8972 0.8766
138 0.9324 0.6332 0.9154 0.8923 0.8691
139 0.9348 0.6025 0.9188 0.8921 0.8706
140 0.9281 0.6287 0.9108 0.8961 0.8745
141 0.9329 0.6008 0.9160 0.8972 0.8762
142 0.9321 0.6000 0.9134 0.8950 0.8724
143 0.9310 0.6172 0.9130 0.8968 0.8751
144 0.9355 0.5947 0.9207 0.8986 0.8778
145 0.9374 0.5872 0.9239 0.8962 0.8747
146 0.9348 0.5790 0.9190 0.8966 0.8736
147 0.9346 0.5888 0.9195 0.8976 0.8765
148 0.9379 0.5659 0.9234 0.8980 0.8761
149 0.9411 0.5358 0.9261 0.8962 0.8751
150 0.9299 0.6270 0.9130 0.8925 0.8676
151 0.9310 0.6061 0.9160 0.8963 0.8734
152 0.9299 0.6439 0.9147 0.8927 0.8715
153 0.9320 0.6166 0.9171 0.8967 0.8745
154 0.9263 0.6811 0.9080 0.8884 0.8682
155 0.9329 0.6186 0.9169 0.8947 0.8727
156 0.9334 0.6173 0.9178 0.8956 0.8725
157 0.9268 0.6626 0.9100 0.8879 0.8674
158 0.9300 0.6156 0.9134 0.8933 0.8712
159 0.9316 0.6257 0.9148 0.8936 0.8726
160 0.9320 0.6259 0.9158 0.8938 0.8699
161 0.9321 0.6204 0.9165 0.8879 0.8662
162 0.9291 0.6259 0.9121 0.8982 0.8739
163 0.9352 0.5791 0.9181 0.8916 0.8720
164 0.9387 0.5739 0.9261 0.8933 0.8721
165 0.9282 0.6086 0.9109 0.8931 0.8706
166 0.9382 0.5713 0.9235 0.8917 0.8704
167 0.9324 0.5994 0.9176 0.8932 0.8705
168 0.9339 0.6033 0.9182 0.8929 0.8695
169 0.9327 0.5949 0.9154 0.8962 0.8741
170 0.9349 0.5682 0.9184 0.8979 0.8750
171 0.9332 0.5925 0.9197 0.9004 0.8772
172 0.9392 0.5492 0.9242 0.8940 0.8741
173 0.9366 0.5621 0.9214 0.8976 0.8772
174 0.9317 0.5919 0.9149 0.8993 0.8779
175 0.9387 0.5462 0.9243 0.8986 0.8770
176 0.9353 0.5835 0.9198 0.8980 0.8740
177 0.9342 0.5888 0.9196 0.8963 0.8735
178 0.9393 0.5554 0.9233 0.8916 0.8705
179 0.9398 0.5428 0.9263 0.8945 0.8724
180 0.9389 0.5401 0.9237 0.8915 0.8689
181 0.9350 0.5795 0.9196 0.8954 0.8734
182 0.9321 0.6002 0.9161 0.8977 0.8743
183 0.9417 0.5116 0.9268 0.8980 0.8759
184 0.9430 0.5014 0.9305 0.8990 0.8754
185 0.9404 0.5235 0.9275 0.8959 0.8735
186 0.9408 0.5342 0.9262 0.8974 0.8737
187 0.9393 0.5457 0.9256 0.8990 0.8761
188 0.9390 0.5375 0.9250 0.8956 0.8735
189 0.9418 0.5116 0.9262 0.8972 0.8725
190 0.9411 0.5059 0.9266 0.8965 0.8729
191 0.9388 0.5242 0.9264 0.8992 0.8761
192 0.9395 0.5078 0.9275 0.8987 0.8750
193 0.9387 0.5489 0.9252 0.8982 0.8737
194 0.9384 0.5287 0.9234 0.8978 0.8754
195 0.9407 0.5205 0.9264 0.8990 0.8774
196 0.9431 0.4907 0.9291 0.9005 0.8777
197 0.9423 0.4893 0.9287 0.8987 0.8759
198 0.9389 0.5373 0.9237 0.8984 0.8762
199 0.9425 0.5050 0.9273 0.8983 0.8765
