epoch train_iou train_loss train_mAP val_iou val_mAP
0 0.4800 0.1672 0.4043 0.6788 0.6165
1 0.7046 0.1447 0.6493 0.7645 0.7226
2 0.7396 0.1511 0.6892 0.7717 0.7268
3 0.7583 0.1635 0.7114 0.7870 0.7380
4 0.7917 0.1656 0.7499 0.7992 0.7549
5 0.8045 0.1763 0.7635 0.8028 0.7600
6 0.8057 0.1971 0.7646 0.8004 0.7609
7 0.7977 0.2229 0.7548 0.7887 0.7460
8 0.7896 0.2560 0.7470 0.7992 0.7578
9 0.7997 0.2763 0.7568 0.8068 0.7637
10 0.7896 0.3037 0.7453 0.8004 0.7529
11 0.8068 0.2981 0.7659 0.8021 0.7605
12 0.8247 0.2852 0.7849 0.8038 0.7677
13 0.8384 0.2918 0.7986 0.8299 0.7942
14 0.8515 0.2784 0.8137 0.8365 0.8044
15 0.8596 0.2727 0.8243 0.8385 0.8070
16 0.8569 0.2922 0.8219 0.8423 0.8073
17 0.8534 0.3147 0.8175 0.8386 0.8043
18 0.8400 0.3577 0.8025 0.8329 0.7993
19 0.8392 0.3796 0.8038 0.8181 0.7796
20 0.8313 0.4160 0.7947 0.8118 0.7832
21 0.8407 0.4101 0.8056 0.8140 0.7815
22 0.8529 0.3788 0.8198 0.8348 0.8010
23 0.8643 0.3591 0.8307 0.8419 0.8075
24 0.8812 0.3373 0.8510 0.8378 0.8066
25 0.8841 0.3356 0.8526 0.8410 0.8105
26 0.8857 0.3392 0.8567 0.8415 0.8118
27 0.8749 0.3799 0.8428 0.8411 0.8100
28 0.8687 0.4183 0.8341 0.8392 0.8101
29 0.8558 0.4590 0.8218 0.8280 0.7974
30 0.8625 0.4734 0.8269 0.8413 0.8120
31 0.8658 0.4841 0.8339 0.8390 0.8059
32 0.8658 0.4797 0.8337 0.8456 0.8103
33 0.8803 0.4261 0.8496 0.8539 0.8230
34 0.8936 0.3883 0.8645 0.8605 0.8314
35 0.8973 0.3787 0.8661 0.8618 0.8311
36 0.8965 0.3911 0.8651 0.8602 0.8305
37 0.8937 0.4124 0.8627 0.8550 0.8270
38 0.8835 0.4872 0.8516 0.8321 0.8040
39 0.8771 0.5249 0.8449 0.8449 0.8179
40 0.8644 0.5847 0.8324 0.8500 0.8222
41 0.8767 0.5491 0.8445 0.8493 0.8172
42 0.8898 0.4919 0.8598 0.8491 0.8216
43 0.8905 0.4784 0.8605 0.8558 0.8269
44 0.9041 0.4199 0.8752 0.8583 0.8305
45 0.9054 0.4210 0.8767 0.8572 0.8298
46 0.9041 0.4366 0.8758 0.8615 0.8355
47 0.9004 0.4681 0.8718 0.8601 0.8320
48 0.8964 0.5128 0.8658 0.8492 0.8239
49 0.8911 0.5650 0.8618 0.8321 0.8044
50 0.8705 0.6507 0.8382 0.8400 0.8106
51 0.8838 0.6130 0.8515 0.8467 0.8203
52 0.8907 0.5740 0.8617 0.8448 0.8157
53 0.9072 0.4996 0.8804 0.8577 0.8316
54 0.9106 0.4652 0.8840 0.8541 0.8262
55 0.9131 0.4629 0.8863 0.8577 0.8306
56 0.9171 0.4652 0.8913 0.8520 0.8278
57 0.9059 0.5135 0.8773 0.8553 0.8291
58 0.9006 0.5600 0.8725 0.8494 0.8221
59 0.8911 0.6192 0.8598 0.8516 0.8209
60 0.8786 0.7155 0.8473 0.8375 0.8088
61 0.8834 0.6926 0.8552 0.8505 0.8213
62 0.9012 0.5949 0.8722 0.8541 0.8275
63 0.9089 0.5532 0.8813 0.8583 0.8359
64 0.9160 0.5111 0.8902 0.8615 0.8369
65 0.9210 0.4887 0.8962 0.8622 0.8386
66 0.9175 0.5093 0.8888 0.8598 0.8337
67 0.9136 0.5494 0.8899 0.8598 0.8351
68 0.9082 0.6082 0.8826 0.8544 0.8252
69 0.8987 0.6676 0.8711 0.8434 0.8093
70 0.8913 0.7551 0.8616 0.8600 0.8254
71 0.8932 0.7344 0.8662 0.8500 0.8224
72 0.9030 0.6676 0.8739 0.8573 0.8300
73 0.9102 0.6154 0.8842 0.8638 0.8380
74 0.9175 0.5655 0.8923 0.8592 0.8333
75 0.9151 0.5665 0.8883 0.8596 0.8343
76 0.9183 0.5744 0.8916 0.8677 0.8403
77 0.9181 0.5730 0.8942 0.8627 0.8356
78 0.9143 0.6244 0.8886 0.8567 0.8288
79 0.9029 0.7317 0.8729 0.8596 0.8315
80 0.8950 0.8174 0.8663 0.8517 0.8228
81 0.9045 0.7388 0.8765 0.8474 0.8216
82 0.9037 0.7194 0.8758 0.8573 0.8316
83 0.9155 0.6524 0.8911 0.8541 0.8302
84 0.9200 0.6283 0.8961 0.8625 0.8394
85 0.9255 0.5689 0.9021 0.8589 0.8363
86 0.9220 0.6082 0.8974 0.8596 0.8361
87 0.9116 0.6685 0.8867 0.8585 0.8309
88 0.9196 0.6426 0.8964 0.8548 0.8290
89 0.9153 0.7121 0.8900 0.8524 0.8212
90 0.8984 0.8430 0.8718 0.8534 0.8242
91 0.9010 0.8405 0.8738 0.8525 0.8267
92 0.9162 0.7353 0.8938 0.8577 0.8321
93 0.9144 0.7371 0.8904 0.8584 0.8361
94 0.9215 0.6467 0.8972 0.8652 0.8409
95 0.9246 0.6397 0.9029 0.8630 0.8394
96 0.9257 0.6181 0.9028 0.8667 0.8407
97 0.9251 0.6483 0.9003 0.8666 0.8427
98 0.9199 0.6890 0.8954 0.8548 0.8261
99 0.9078 0.8590 0.8806 0.8318 0.8024
100 0.9109 0.8175 0.8867 0.8623 0.8350
101 0.9200 0.7146 0.8947 0.8687 0.8416
102 0.9271 0.6611 0.9045 0.8682 0.8410
103 0.9320 0.6108 0.9099 0.8658 0.8403
104 0.9334 0.5724 0.9128 0.8675 0.8412
105 0.9284 0.6210 0.9068 0.8669 0.8409
106 0.9330 0.6014 0.9109 0.8666 0.8397
107 0.9310 0.5992 0.9105 0.8655 0.8423
108 0.9321 0.5995 0.9108 0.8673 0.8428
109 0.9261 0.6653 0.9048 0.8639 0.8395
110 0.9269 0.6561 0.9046 0.8589 0.8350
111 0.9231 0.6952 0.8999 0.8597 0.8345
112 0.9251 0.6505 0.9034 0.8681 0.8407
113 0.9310 0.6158 0.9091 0.8657 0.8392
114 0.9329 0.6081 0.9118 0.8647 0.8394
115 0.9309 0.5999 0.9093 0.8661 0.8413
116 0.9329 0.5932 0.9132 0.8673 0.8416
117 0.9321 0.5836 0.9134 0.8636 0.8391
118 0.9331 0.5860 0.9121 0.8666 0.8436
119 0.9314 0.6038 0.9107 0.8553 0.8304
120 0.9252 0.6560 0.9028 0.8627 0.8370
121 0.9288 0.6169 0.9085 0.8565 0.8304
122 0.9305 0.6018 0.9103 0.8649 0.8393
123 0.9353 0.5645 0.9156 0.8598 0.8329
124 0.9317 0.5732 0.9117 0.8600 0.8322
125 0.9349 0.5621 0.9157 0.8607 0.8352
126 0.9333 0.5612 0.9137 0.8679 0.8427
127 0.9362 0.5582 0.9175 0.8676 0.8439
128 0.9376 0.5609 0.9182 0.8637 0.8382
129 0.9348 0.5572 0.9163 0.8632 0.8385
130 0.9381 0.5460 0.9182 0.8574 0.8317
131 0.9335 0.5931 0.9110 0.8612 0.8377
132 0.9333 0.5904 0.9135 0.8593 0.8327
133 0.9379 0.5417 0.9193 0.8578 0.8302
134 0.9374 0.5482 0.9166 0.8599 0.8345
135 0.9406 0.5229 0.9220 0.8595 0.8335
136 0.9360 0.5331 0.9168 0.8647 0.8388
137 0.9400 0.5170 0.9206 0.8630 0.8347
138 0.9392 0.5260 0.9212 0.8629 0.8370
139 0.9331 0.5819 0.9129 0.8641 0.8386
140 0.9294 0.6131 0.9084 0.8601 0.8364
141 0.9336 0.5962 0.9122 0.8571 0.8306
142 0.9307 0.5984 0.9102 0.8604 0.8380
143 0.9362 0.5516 0.9167 0.8678 0.8439
144 0.9387 0.5218 0.9203 0.8664 0.8434
145 0.9385 0.5160 0.9220 0.8671 0.8428
146 0.9358 0.5467 0.9159 0.8659 0.8423
147 0.9397 0.5175 0.9222 0.8677 0.8439
148 0.9406 0.5237 0.9214 0.8676 0.8409
149 0.9363 0.5575 0.9183 0.8614 0.8364
150 0.9362 0.5619 0.9166 0.8614 0.8373
151 0.9305 0.5918 0.9113 0.8642 0.8424
152 0.9364 0.5643 0.9177 0.8687 0.8434
153 0.9366 0.5474 0.9182 0.8656 0.8417
154 0.9415 0.5078 0.9257 0.8686 0.8448
155 0.9402 0.5100 0.9230 0.8695 0.8459
156 0.9417 0.4996 0.9255 0.8657 0.8401
157 0.9438 0.4893 0.9265 0.8689 0.8453
158 0.9373 0.5266 0.9181 0.8665 0.8428
159 0.9385 0.5385 0.9210 0.8664 0.8419
160 0.9394 0.5124 0.9222 0.8652 0.8421
161 0.9412 0.4971 0.9236 0.8678 0.8429
162 0.9405 0.4927 0.9230 0.8683 0.8444
163 0.9411 0.4909 0.9251 0.8688 0.8442
164 0.9419 0.4913 0.9252 0.8690 0.8458
165 0.9433 0.4822 0.9274 0.8695 0.8454
166 0.9453 0.4761 0.9291 0.8674 0.8436
167 0.9458 0.4809 0.9300 0.8666 0.8415
168 0.9422 0.4906 0.9249 0.8698 0.8447
169 0.9408 0.4969 0.9227 0.8675 0.8439
170 0.9475 0.4568 0.9323 0.8669 0.8424
171 0.9420 0.4790 0.9258 0.8666 0.8431
172 0.9439 0.4687 0.9281 0.8676 0.8430
173 0.9437 0.4771 0.9280 0.8686 0.8450
174 0.9484 0.4394 0.9322 0.8684 0.8436
175 0.9439 0.4644 0.9297 0.8689 0.8435
176 0.9452 0.4717 0.9291 0.8685 0.8447
177 0.9408 0.4754 0.9250 0.8687 0.8451
178 0.9491 0.4329 0.9349 0.8671 0.8428
179 0.9445 0.4731 0.9296 0.8668 0.8422
180 0.9448 0.4637 0.9316 0.8699 0.8464
181 0.9448 0.4519 0.9297 0.8685 0.8422
182 0.9464 0.4506 0.9313 0.8700 0.8448
183 0.9475 0.4474 0.9331 0.8709 0.8471
184 0.9455 0.4588 0.9304 0.8712 0.8468
185 0.9441 0.4701 0.9290 0.8717 0.8474
186 0.9440 0.4704 0.9295 0.8687 0.8446
187 0.9488 0.4385 0.9337 0.8699 0.8457
188 0.9481 0.4416 0.9329 0.8691 0.8447
189 0.9448 0.4667 0.9274 0.8686 0.8444
190 0.9454 0.4499 0.9310 0.8682 0.8439
191 0.9413 0.4789 0.9250 0.8675 0.8418
192 0.9433 0.4596 0.9280 0.8672 0.8430
193 0.9469 0.4434 0.9325 0.8668 0.8430
194 0.9446 0.4662 0.9280 0.8653 0.8404
195 0.9453 0.4450 0.9311 0.8673 0.8429
196 0.9465 0.4576 0.9309 0.8678 0.8431
197 0.9468 0.4514 0.9306 0.8674 0.8433
198 0.9449 0.4569 0.9299 0.8680 0.8429
199 0.9440 0.4565 0.9290 0.8670 0.8417
