epoch train_iou train_loss train_mAP val_iou val_mAP
0 0.4949 0.1689 0.4120 0.6431 0.5688
1 0.6453 0.1696 0.5780 0.6601 0.5866
2 0.6980 0.1793 0.6414 0.7224 0.6668
3 0.7311 0.1890 0.6788 0.7525 0.7010
4 0.7505 0.2016 0.7010 0.7752 0.7294
5 0.7665 0.2078 0.7236 0.7727 0.7302
6 0.7570 0.2458 0.7107 0.7734 0.7277
7 0.7583 0.2715 0.7104 0.7871 0.7455
8 0.7578 0.2982 0.7087 0.7731 0.7297
9 0.7490 0.3452 0.7013 0.7270 0.6761
10 0.7559 0.3571 0.7082 0.7716 0.7226
11 0.7701 0.3566 0.7226 0.7995 0.7530
12 0.7927 0.3305 0.7504 0.8133 0.7730
13 0.8063 0.3345 0.7661 0.8144 0.7738
14 0.8246 0.3141 0.7871 0.8111 0.7749
15 0.8311 0.3151 0.7941 0.8192 0.7822
16 0.8298 0.3417 0.7900 0.8177 0.7824
17 0.8203 0.3721 0.7819 0.8047 0.7707
18 0.8043 0.4238 0.7658 0.8093 0.7656
19 0.8071 0.4567 0.7667 0.8125 0.7757
20 0.7968 0.4958 0.7546 0.7870 0.7435
21 0.7988 0.4846 0.7581 0.8114 0.7724
22 0.8237 0.4553 0.7881 0.8164 0.7822
23 0.8408 0.4249 0.8066 0.8233 0.7880
24 0.8540 0.3949 0.8177 0.8389 0.7986
25 0.8551 0.3864 0.8196 0.8393 0.8019
26 0.8553 0.4189 0.8192 0.8385 0.8031
27 0.8482 0.4533 0.8130 0.8231 0.7937
28 0.8372 0.5044 0.7993 0.8242 0.7967
29 0.8300 0.5718 0.7951 0.8257 0.7931
30 0.8132 0.6316 0.7769 0.8029 0.7701
31 0.8271 0.6006 0.7900 0.8234 0.7872
32 0.8467 0.5362 0.8136 0.8328 0.7932
33 0.8573 0.5209 0.8249 0.8338 0.7994
34 0.8649 0.4882 0.8334 0.8498 0.8124
35 0.8747 0.4600 0.8439 0.8489 0.8151
36 0.8734 0.4821 0.8392 0.8498 0.8153
37 0.8611 0.5443 0.8282 0.8364 0.8059
38 0.8557 0.5850 0.8198 0.8234 0.7825
39 0.8411 0.6423 0.8059 0.8135 0.7848
40 0.8321 0.7343 0.7984 0.8184 0.7844
41 0.8167 0.7975 0.7797 0.8205 0.7889
42 0.8415 0.6854 0.8053 0.8438 0.8135
43 0.8625 0.6133 0.8283 0.8518 0.8209
44 0.8750 0.5716 0.8440 0.8514 0.8176
45 0.8812 0.5416 0.8488 0.8513 0.8184
46 0.8737 0.5871 0.8410 0.8513 0.8198
47 0.8717 0.5968 0.8402 0.8422 0.8087
48 0.8532 0.7060 0.8202 0.8423 0.8106
49 0.8452 0.7857 0.8117 0.8271 0.7959
50 0.8371 0.8520 0.8010 0.8070 0.7779
51 0.8390 0.8243 0.8044 0.8240 0.7879
52 0.8541 0.7690 0.8225 0.8355 0.8010
53 0.8663 0.7123 0.8334 0.8512 0.8169
54 0.8775 0.6400 0.8465 0.8576 0.8284
55 0.8841 0.6098 0.8542 0.8537 0.8257
56 0.8824 0.6133 0.8540 0.8472 0.8173
57 0.8806 0.6667 0.8506 0.8433 0.8142
58 0.8696 0.7410 0.8374 0.8368 0.8021
59 0.8557 0.8540 0.8238 0.8211 0.7893
60 0.8410 0.9850 0.8080 0.8294 0.7995
61 0.8507 0.9295 0.8178 0.8301 0.8029
62 0.8569 0.8554 0.8261 0.8180 0.7896
63 0.8735 0.7792 0.8438 0.8367 0.8035
64 0.8792 0.7314 0.8497 0.8530 0.8219
65 0.8880 0.6987 0.8575 0.8497 0.8193
66 0.8873 0.6932 0.8579 0.8481 0.8171
67 0.8828 0.7643 0.8539 0.8537 0.8249
68 0.8669 0.8415 0.8372 0.8358 0.8091
69 0.8599 0.9513 0.8298 0.8446 0.8155
70 0.8438 1.0779 0.8138 0.8366 0.8014
71 0.8512 1.0566 0.8201 0.8363 0.8072
72 0.8611 0.9502 0.8320 0.8263 0.7997
73 0.8739 0.8895 0.8420 0.8451 0.8177
74 0.8839 0.7912 0.8542 0.8561 0.8261
75 0.8924 0.7544 0.8639 0.8549 0.8245
76 0.8926 0.7552 0.8630 0.8583 0.8271
77 0.8845 0.8367 0.8545 0.8445 0.8152
78 0.8647 0.9980 0.8367 0.8408 0.8094
79 0.8646 1.0388 0.8348 0.8373 0.8109
80 0.8483 1.1688 0.8158 0.8162 0.7849
81 0.8587 1.1275 0.8293 0.8201 0.7955
82 0.8777 0.9737 0.8479 0.8467 0.8161
83 0.8823 0.8991 0.8540 0.8485 0.8195
84 0.8872 0.8451 0.8589 0.8556 0.8239
85 0.8974 0.7840 0.8685 0.8547 0.8243
86 0.8964 0.8194 0.8696 0.8532 0.8236
87 0.8897 0.8805 0.8635 0.8431 0.8132
88 0.8823 0.9561 0.8536 0.8439 0.8122
89 0.8548 1.2573 0.8255 0.8399 0.8147
90 0.8457 1.3520 0.8161 0.8146 0.7875
91 0.8483 1.3081 0.8190 0.8288 0.8001
92 0.8618 1.1959 0.8351 0.8476 0.8180
93 0.8782 1.0531 0.8496 0.8465 0.8192
94 0.8895 0.9476 0.8613 0.8491 0.8186
95 0.8945 0.8898 0.8682 0.8479 0.8193
96 0.8937 0.8937 0.8676 0.8553 0.8273
97 0.8814 1.0381 0.8536 0.8451 0.8166
98 0.8749 1.1567 0.8458 0.8356 0.8064
99 0.8493 1.3855 0.8216 0.8142 0.7860
100 0.8612 1.2763 0.8333 0.8446 0.8156
101 0.8798 1.0966 0.8535 0.8492 0.8251
102 0.8870 1.0070 0.8604 0.8492 0.8253
103 0.8931 0.9711 0.8672 0.8534 0.8279
104 0.9015 0.8838 0.8766 0.8559 0.8286
105 0.9034 0.8651 0.8792 0.8575 0.8299
106 0.9022 0.8650 0.8776 0.8607 0.8320
107 0.9002 0.8678 0.8737 0.8514 0.8236
108 0.8971 0.8967 0.8729 0.8467 0.8209
109 0.8933 0.9384 0.8668 0.8616 0.8322
110 0.8797 1.0696 0.8535 0.8394 0.8081
111 0.8792 1.0409 0.8538 0.8448 0.8220
112 0.8841 1.0012 0.8573 0.8525 0.8265
113 0.9015 0.8824 0.8787 0.8573 0.8271
114 0.9016 0.8384 0.8781 0.8586 0.8304
115 0.9039 0.8332 0.8792 0.8577 0.8304
116 0.9016 0.8322 0.8770 0.8535 0.8291
117 0.9037 0.8241 0.8810 0.8575 0.8325
118 0.9008 0.8385 0.8764 0.8510 0.8242
119 0.8991 0.8563 0.8742 0.8514 0.8209
120 0.8855 0.9675 0.8602 0.8429 0.8146
121 0.8769 1.0178 0.8534 0.8505 0.8216
122 0.8894 0.9666 0.8650 0.8525 0.8248
123 0.9026 0.8386 0.8783 0.8547 0.8296
124 0.9036 0.8102 0.8802 0.8646 0.8323
125 0.9062 0.7965 0.8801 0.8625 0.8350
126 0.9084 0.7872 0.8838 0.8671 0.8388
127 0.9079 0.7818 0.8843 0.8573 0.8319
128 0.9030 0.8492 0.8779 0.8565 0.8288
129 0.8902 0.9646 0.8638 0.8565 0.8311
130 0.8903 0.9653 0.8653 0.8525 0.8259
131 0.8927 0.9260 0.8675 0.8521 0.8240
132 0.8945 0.9231 0.8710 0.8603 0.8320
133 0.9023 0.8265 0.8808 0.8561 0.8288
134 0.9046 0.7886 0.8815 0.8659 0.8370
135 0.9073 0.7915 0.8843 0.8643 0.8359
136 0.9035 0.7740 0.8829 0.8633 0.8355
137 0.9034 0.7866 0.8793 0.8613 0.8319
138 0.9032 0.8385 0.8814 0.8553 0.8252
139 0.8970 0.8866 0.8737 0.8588 0.8304
140 0.8858 1.0355 0.8614 0.8569 0.8327
141 0.9010 0.8863 0.8759 0.8570 0.8299
142 0.9052 0.8358 0.8808 0.8575 0.8338
143 0.9073 0.7774 0.8853 0.8529 0.8239
144 0.9059 0.7674 0.8825 0.8594 0.8330
145 0.9077 0.7491 0.8865 0.8625 0.8360
146 0.9036 0.7372 0.8821 0.8607 0.8325
147 0.9109 0.7314 0.8889 0.8650 0.8359
148 0.9003 0.8207 0.8770 0.8591 0.8368
149 0.8971 0.8570 0.8746 0.8597 0.8292
150 0.8887 0.9826 0.8622 0.8494 0.8199
151 0.8952 0.9257 0.8718 0.8476 0.8231
152 0.8965 0.8473 0.8746 0.8429 0.8151
153 0.8964 0.8096 0.8745 0.8559 0.8270
154 0.9046 0.7822 0.8810 0.8547 0.8301
155 0.9128 0.7313 0.8914 0.8588 0.8314
156 0.9072 0.7498 0.8853 0.8596 0.8310
157 0.9108 0.7405 0.8891 0.8574 0.8320
158 0.9043 0.7807 0.8813 0.8537 0.8288
159 0.8981 0.8276 0.8770 0.8613 0.8359
160 0.9092 0.7518 0.8880 0.8582 0.8347
161 0.9139 0.7139 0.8934 0.8604 0.8363
162 0.9159 0.7082 0.8937 0.8642 0.8402
163 0.9104 0.7008 0.8923 0.8656 0.8396
164 0.9155 0.7060 0.8960 0.8656 0.8413
165 0.9155 0.6763 0.8951 0.8647 0.8405
166 0.9103 0.6897 0.8893 0.8660 0.8409
167 0.9168 0.6638 0.8958 0.8670 0.8427
168 0.9145 0.7020 0.8931 0.8631 0.8391
169 0.9152 0.6748 0.8940 0.8586 0.8352
170 0.9201 0.6478 0.8991 0.8613 0.8379
171 0.9156 0.6587 0.8942 0.8653 0.8389
172 0.9172 0.6867 0.8958 0.8616 0.8380
173 0.9171 0.6755 0.8957 0.8584 0.8336
174 0.9167 0.6255 0.8963 0.8625 0.8378
175 0.9209 0.6535 0.9012 0.8635 0.8389
176 0.9222 0.6267 0.9018 0.8622 0.8375
177 0.9197 0.6467 0.9003 0.8635 0.8385
178 0.9157 0.6578 0.8970 0.8602 0.8360
179 0.9166 0.6587 0.8982 0.8630 0.8372
180 0.9151 0.6572 0.8946 0.8607 0.8332
181 0.9230 0.6198 0.9029 0.8609 0.8364
182 0.9205 0.6314 0.9010 0.8626 0.8357
183 0.9199 0.6282 0.8998 0.8639 0.8385
184 0.9177 0.6584 0.8998 0.8643 0.8394
185 0.9202 0.6124 0.9030 0.8648 0.8395
186 0.9173 0.6541 0.8963 0.8640 0.8396
187 0.9241 0.6159 0.9050 0.8615 0.8376
188 0.9211 0.6133 0.9037 0.8642 0.8378
189 0.9151 0.6530 0.8967 0.8644 0.8399
190 0.9189 0.6314 0.8985 0.8645 0.8385
191 0.9211 0.6189 0.9018 0.8612 0.8367
192 0.9180 0.6341 0.8999 0.8608 0.8360
193 0.9206 0.6247 0.9032 0.8627 0.8367
194 0.9186 0.6299 0.8987 0.8624 0.8381
195 0.9190 0.6218 0.8997 0.8627 0.8382
196 0.9168 0.6376 0.8982 0.8635 0.8376
197 0.9208 0.6220 0.9020 0.8640 0.8405
198 0.9197 0.6200 0.9014 0.8641 0.8406
199 0.9205 0.5996 0.9018 0.8611 0.8376
