epoch train_iou train_loss train_mAP val_iou val_mAP
0 0.5780 0.3160 0.5072 0.5848 0.5113
1 0.6876 0.2885 0.6328 0.7115 0.6567
2 0.7433 0.2828 0.6990 0.7125 0.6419
3 0.7874 0.2877 0.7477 0.7785 0.7366
4 0.8073 0.2944 0.7702 0.8042 0.7611
5 0.8272 0.2900 0.7904 0.8205 0.7880
6 0.8239 0.3376 0.7866 0.8228 0.7869
7 0.8101 0.3942 0.7713 0.8179 0.7738
8 0.8009 0.4540 0.7635 0.8029 0.7653
9 0.7927 0.5266 0.7493 0.7802 0.7398
10 0.8042 0.5315 0.7663 0.8184 0.7827
11 0.8227 0.5053 0.7853 0.8248 0.7924
12 0.8385 0.4959 0.8030 0.8305 0.8037
13 0.8380 0.5033 0.8046 0.8491 0.8226
14 0.8616 0.4573 0.8274 0.8612 0.8354
15 0.8685 0.4460 0.8335 0.8629 0.8396
16 0.8715 0.4705 0.8384 0.8605 0.8351
17 0.8597 0.5485 0.8256 0.8526 0.8280
18 0.8508 0.6096 0.8168 0.8433 0.7997
19 0.8368 0.6876 0.8007 0.8300 0.8040
20 0.8299 0.7674 0.7924 0.8621 0.8214
21 0.8446 0.7103 0.8102 0.8508 0.8256
22 0.8554 0.6855 0.8187 0.8576 0.8302
23 0.8608 0.6574 0.8256 0.8551 0.8293
24 0.8787 0.5903 0.8450 0.8722 0.8493
25 0.8885 0.5545 0.8561 0.8726 0.8492
26 0.8885 0.5805 0.8553 0.8854 0.8594
27 0.8771 0.6541 0.8439 0.8684 0.8421
28 0.8707 0.7297 0.8344 0.8526 0.8182
29 0.8560 0.8640 0.8222 0.8640 0.8378
30 0.8488 0.9383 0.8132 0.8321 0.7983
31 0.8636 0.8462 0.8292 0.8534 0.8225
32 0.8682 0.8327 0.8343 0.8482 0.8170
33 0.8871 0.7311 0.8557 0.8693 0.8431
34 0.8866 0.6896 0.8536 0.8833 0.8600
35 0.8959 0.6683 0.8639 0.8815 0.8571
36 0.8954 0.7001 0.8622 0.8803 0.8541
37 0.8919 0.7382 0.8593 0.8755 0.8508
38 0.8811 0.8536 0.8486 0.8701 0.8410
39 0.8704 0.9927 0.8368 0.8499 0.8212
40 0.8574 1.1012 0.8261 0.8370 0.8070
41 0.8642 1.0337 0.8303 0.8640 0.8368
42 0.8837 0.9257 0.8501 0.8668 0.8404
43 0.8919 0.8562 0.8586 0.8709 0.8478
44 0.8959 0.7786 0.8629 0.8819 0.8590
45 0.9005 0.7761 0.8678 0.8815 0.8556
46 0.8985 0.7866 0.8672 0.8813 0.8537
47 0.8981 0.8258 0.8650 0.8698 0.8444
48 0.8920 0.9362 0.8584 0.8744 0.8483
49 0.8849 1.0005 0.8517 0.8482 0.8183
50 0.8708 1.2265 0.8372 0.8588 0.8303
51 0.8691 1.1787 0.8331 0.8541 0.8263
52 0.8901 0.9537 0.8568 0.8734 0.8508
53 0.8956 0.8772 0.8636 0.8650 0.8371
54 0.9012 0.8025 0.8710 0.8801 0.8559
55 0.9058 0.7886 0.8749 0.8804 0.8574
56 0.9070 0.7489 0.8755 0.8733 0.8505
57 0.9030 0.8186 0.8711 0.8823 0.8567
58 0.9017 0.8450 0.8695 0.8697 0.8442
59 0.8872 0.9904 0.8551 0.8570 0.8261
60 0.8870 0.9986 0.8565 0.8725 0.8476
61 0.8859 0.9953 0.8529 0.8762 0.8503
62 0.8845 1.0363 0.8528 0.8756 0.8544
63 0.8971 0.8453 0.8660 0.8832 0.8621
64 0.9106 0.7382 0.8797 0.8901 0.8666
65 0.9102 0.7126 0.8790 0.8866 0.8646
66 0.9085 0.7280 0.8789 0.8846 0.8601
67 0.9058 0.7789 0.8761 0.8824 0.8559
68 0.9107 0.7602 0.8806 0.8743 0.8524
69 0.8967 0.9149 0.8646 0.8703 0.8472
70 0.8792 1.1039 0.8482 0.8550 0.8300
71 0.8791 1.0747 0.8474 0.8732 0.8465
72 0.8972 0.8950 0.8652 0.8771 0.8532
73 0.9030 0.7929 0.8717 0.8783 0.8561
74 0.9115 0.7137 0.8811 0.8742 0.8520
75 0.9139 0.7098 0.8830 0.8761 0.8551
76 0.9095 0.7468 0.8788 0.8863 0.8654
77 0.9158 0.6903 0.8849 0.8743 0.8533
78 0.9111 0.7397 0.8817 0.8758 0.8563
79 0.8942 0.9239 0.8633 0.8598 0.8349
80 0.8855 1.0111 0.8543 0.8559 0.8292
81 0.8864 0.9819 0.8543 0.8716 0.8499
82 0.9040 0.8182 0.8722 0.8709 0.8434
83 0.9066 0.7532 0.8777 0.8691 0.8475
84 0.9162 0.7066 0.8864 0.8743 0.8513
85 0.9135 0.6885 0.8833 0.8812 0.8608
86 0.9134 0.6692 0.8855 0.8868 0.8627
87 0.9148 0.6810 0.8865 0.8745 0.8511
88 0.9059 0.7787 0.8729 0.8745 0.8495
89 0.9008 0.8140 0.8710 0.8715 0.8497
90 0.8913 0.9278 0.8597 0.8730 0.8503
91 0.8948 0.9291 0.8658 0.8657 0.8422
92 0.8996 0.8536 0.8687 0.8789 0.8571
93 0.9078 0.7258 0.8781 0.8816 0.8615
94 0.9176 0.6452 0.8890 0.8936 0.8735
95 0.9215 0.6182 0.8920 0.8883 0.8678
96 0.9163 0.6361 0.8852 0.8789 0.8560
97 0.9176 0.6428 0.8888 0.8726 0.8488
98 0.9118 0.7038 0.8813 0.8769 0.8524
99 0.9027 0.8193 0.8734 0.8653 0.8420
100 0.9107 0.7592 0.8822 0.8767 0.8534
101 0.9169 0.6557 0.8876 0.8823 0.8593
102 0.9217 0.6179 0.8952 0.8781 0.8560
103 0.9203 0.5920 0.8927 0.8872 0.8665
104 0.9224 0.5681 0.8957 0.8913 0.8706
105 0.9199 0.5959 0.8940 0.8948 0.8735
106 0.9215 0.5971 0.8935 0.8910 0.8705
107 0.9225 0.5812 0.8964 0.8921 0.8696
108 0.9214 0.5884 0.8959 0.8911 0.8694
109 0.9154 0.6510 0.8867 0.8850 0.8609
110 0.9173 0.6490 0.8892 0.8850 0.8635
111 0.9143 0.6791 0.8872 0.8789 0.8604
112 0.9196 0.6282 0.8937 0.8880 0.8656
113 0.9184 0.6336 0.8931 0.8962 0.8738
114 0.9221 0.5871 0.8963 0.8970 0.8763
115 0.9234 0.5640 0.8975 0.8959 0.8759
116 0.9233 0.5702 0.8967 0.8905 0.8700
117 0.9277 0.5297 0.9019 0.8941 0.8715
118 0.9234 0.5876 0.8985 0.8878 0.8652
119 0.9205 0.5992 0.8937 0.8872 0.8629
120 0.9178 0.6485 0.8905 0.8858 0.8620
121 0.9111 0.7077 0.8853 0.8783 0.8537
122 0.9203 0.6149 0.8936 0.8911 0.8642
123 0.9259 0.5366 0.9002 0.8914 0.8711
124 0.9251 0.5531 0.8991 0.8871 0.8612
125 0.9278 0.5310 0.9022 0.8890 0.8651
126 0.9258 0.5292 0.9009 0.8852 0.8620
127 0.9295 0.5347 0.9052 0.8892 0.8699
128 0.9267 0.5335 0.9026 0.8897 0.8664
129 0.9221 0.5898 0.8969 0.8875 0.8692
130 0.9229 0.5956 0.8983 0.8723 0.8514
131 0.9202 0.5956 0.8946 0.8764 0.8583
132 0.9183 0.6148 0.8919 0.8811 0.8594
133 0.9246 0.5505 0.8994 0.8792 0.8577
134 0.9252 0.5352 0.9006 0.8808 0.8602
135 0.9281 0.5294 0.9037 0.8818 0.8621
136 0.9281 0.4987 0.9037 0.8846 0.8649
137 0.9283 0.5206 0.9042 0.8774 0.8557
138 0.9276 0.5306 0.9024 0.8789 0.8586
139 0.9265 0.5436 0.9011 0.8815 0.8590
140 0.9201 0.6089 0.8932 0.8714 0.8489
141 0.9200 0.6015 0.8959 0.8823 0.8577
142 0.9255 0.5578 0.9028 0.8801 0.8563
143 0.9240 0.5459 0.8997 0.8811 0.8595
144 0.9266 0.5040 0.9034 0.8843 0.8597
145 0.9248 0.5204 0.9005 0.8855 0.8611
146 0.9294 0.4908 0.9063 0.8823 0.8601
147 0.9288 0.4985 0.9058 0.8784 0.8536
148 0.9286 0.5104 0.9044 0.8764 0.8549
149 0.9261 0.5538 0.9009 0.8651 0.8453
150 0.9244 0.5663 0.9007 0.8539 0.8328
151 0.9255 0.5404 0.9003 0.8765 0.8590
152 0.9229 0.5470 0.8984 0.8856 0.8649
153 0.9260 0.5126 0.9035 0.8825 0.8625
154 0.9280 0.5181 0.9033 0.8884 0.8682
155 0.9307 0.4727 0.9088 0.8816 0.8593
156 0.9297 0.4938 0.9073 0.8866 0.8631
157 0.9313 0.4707 0.9079 0.8798 0.8603
158 0.9257 0.5359 0.9020 0.8782 0.8595
159 0.9274 0.5225 0.9026 0.8703 0.8504
160 0.9314 0.4899 0.9088 0.8788 0.8593
161 0.9299 0.4972 0.9059 0.8809 0.8586
162 0.9325 0.4777 0.9098 0.8821 0.8584
163 0.9307 0.4697 0.9099 0.8839 0.8633
164 0.9302 0.4832 0.9086 0.8825 0.8629
165 0.9320 0.4584 0.9095 0.8817 0.8613
166 0.9283 0.4800 0.9057 0.8832 0.8623
167 0.9330 0.4685 0.9110 0.8850 0.8620
168 0.9341 0.4290 0.9119 0.8872 0.8669
169 0.9316 0.4570 0.9099 0.8873 0.8662
170 0.9306 0.4571 0.9082 0.8870 0.8666
171 0.9337 0.4463 0.9126 0.8905 0.8711
172 0.9310 0.4680 0.9080 0.8919 0.8696
173 0.9349 0.4387 0.9139 0.8919 0.8696
174 0.9334 0.4430 0.9118 0.8897 0.8683
175 0.9301 0.4559 0.9074 0.8902 0.8683
176 0.9332 0.4385 0.9108 0.8916 0.8685
177 0.9328 0.4462 0.9109 0.8911 0.8698
178 0.9298 0.4604 0.9051 0.8855 0.8640
179 0.9323 0.4540 0.9091 0.8926 0.8698
180 0.9339 0.4407 0.9120 0.8838 0.8616
181 0.9356 0.4390 0.9143 0.8839 0.8626
182 0.9348 0.4330 0.9126 0.8908 0.8694
183 0.9317 0.4427 0.9103 0.8863 0.8653
184 0.9337 0.4295 0.9109 0.8889 0.8685
185 0.9341 0.4304 0.9123 0.8797 0.8598
186 0.9354 0.4226 0.9129 0.8922 0.8701
187 0.9348 0.4280 0.9122 0.8874 0.8662
188 0.9389 0.4004 0.9184 0.8915 0.8690
189 0.9329 0.4341 0.9116 0.8911 0.8685
190 0.9357 0.4213 0.9148 0.8857 0.8632
191 0.9341 0.4272 0.9130 0.8911 0.8684
192 0.9364 0.4219 0.9161 0.8868 0.8651
193 0.9371 0.4171 0.9156 0.8852 0.8632
194 0.9353 0.4197 0.9137 0.8836 0.8623
195 0.9350 0.4135 0.9129 0.8919 0.8677
196 0.9347 0.4274 0.9131 0.8884 0.8665
197 0.9342 0.4235 0.9133 0.8878 0.8631
198 0.9357 0.4104 0.9149 0.8848 0.8615
199 0.9348 0.4166 0.9155 0.8826 0.8587
