7777777epoch train_iou train_loss train_mAP val_iou val_mAP
0 0.5669 0.1706 0.4979 0.6806 0.6133
1 0.6922 0.1641 0.6368 0.6893 0.6254
2 0.7086 0.1797 0.6570 0.7333 0.6850
3 0.7610 0.1738 0.7164 0.7714 0.7256
4 0.7942 0.1834 0.7523 0.7912 0.7536
5 0.8004 0.1893 0.7590 0.7944 0.7532
6 0.7944 0.2231 0.7498 0.7905 0.7505
7 0.7840 0.2460 0.7425 0.7736 0.7215
8 0.7806 0.2734 0.7362 0.7770 0.7396
9 0.7638 0.3303 0.7204 0.7704 0.7286
10 0.7667 0.3513 0.7236 0.7921 0.7531
11 0.7982 0.3210 0.7582 0.8155 0.7811
12 0.8148 0.3144 0.7753 0.8099 0.7748
13 0.8273 0.3127 0.7906 0.8090 0.7707
14 0.8377 0.2963 0.8002 0.8277 0.7929
15 0.8530 0.2946 0.8195 0.8363 0.8025
16 0.8470 0.3125 0.8121 0.8312 0.7977
17 0.8390 0.3440 0.8048 0.8212 0.7893
18 0.8243 0.3838 0.7863 0.8235 0.7915
19 0.8314 0.4147 0.7953 0.8304 0.7966
20 0.8185 0.4425 0.7833 0.8186 0.7834
21 0.8194 0.4673 0.7839 0.8046 0.7645
22 0.8396 0.4314 0.8054 0.8263 0.7909
23 0.8483 0.4118 0.8165 0.8421 0.8111
24 0.8638 0.3702 0.8302 0.8474 0.8194
25 0.8712 0.3770 0.8384 0.8503 0.8221
26 0.8657 0.3929 0.8342 0.8504 0.8210
27 0.8557 0.4307 0.8255 0.8453 0.8157
28 0.8549 0.4641 0.8243 0.8432 0.8126
29 0.8507 0.5175 0.8149 0.8399 0.8059
30 0.8376 0.5489 0.8043 0.8355 0.8071
31 0.8472 0.5227 0.8152 0.8469 0.8151
32 0.8640 0.4870 0.8318 0.8501 0.8187
33 0.8692 0.4722 0.8381 0.8514 0.8245
34 0.8729 0.4515 0.8430 0.8524 0.8259
35 0.8838 0.4379 0.8533 0.8549 0.8282
36 0.8811 0.4451 0.8488 0.8595 0.8319
37 0.8798 0.4855 0.8495 0.8462 0.8217
38 0.8711 0.5323 0.8386 0.8485 0.8197
39 0.8624 0.5933 0.8293 0.8417 0.8076
40 0.8571 0.6202 0.8267 0.8367 0.8144
41 0.8580 0.6130 0.8273 0.8562 0.8322
42 0.8748 0.5501 0.8477 0.8459 0.8180
43 0.8750 0.5478 0.8458 0.8592 0.8295
44 0.8895 0.5020 0.8609 0.8679 0.8419
45 0.8924 0.4691 0.8623 0.8692 0.8417
46 0.8954 0.4882 0.8670 0.8666 0.8370
47 0.8914 0.5121 0.8617 0.8588 0.8301
48 0.8834 0.5711 0.8539 0.8627 0.8338
49 0.8683 0.6567 0.8391 0.8514 0.8259
50 0.8457 0.7728 0.8144 0.8406 0.8096
51 0.8717 0.6608 0.8423 0.8525 0.8288
52 0.8798 0.6366 0.8506 0.8580 0.8315
53 0.8900 0.5787 0.8594 0.8578 0.8329
54 0.8880 0.5855 0.8579 0.8658 0.8428
55 0.8940 0.5488 0.8643 0.8682 0.8451
56 0.8984 0.5579 0.8707 0.8687 0.8425
57 0.8943 0.5970 0.8648 0.8674 0.8428
58 0.8905 0.6495 0.8597 0.8582 0.8301
59 0.8815 0.7034 0.8531 0.8556 0.8226
60 0.8721 0.7878 0.8441 0.8454 0.8198
61 0.8729 0.7420 0.8433 0.8556 0.8310
62 0.8858 0.6883 0.8556 0.8612 0.8337
63 0.8946 0.6455 0.8652 0.8614 0.8370
64 0.8979 0.6320 0.8680 0.8615 0.8389
65 0.9005 0.5967 0.8712 0.8638 0.8403
66 0.9017 0.6054 0.8739 0.8641 0.8391
67 0.8992 0.6432 0.8721 0.8638 0.8384
68 0.8929 0.7042 0.8647 0.8532 0.8249
69 0.8840 0.7493 0.8540 0.8614 0.8330
70 0.8739 0.8441 0.8442 0.8562 0.8257
/71 0.8803 0.8109 0.8475 0.8519 0.8228
72 0.8893 0.7506 0.8603 0.8634 0.8391
73 0.8996 0.6983 0.8716 0.8704 0.8441
74 0.9053 0.6550 0.8802 0.8678 0.8440
75 0.9072 0.6244 0.8813 0.8702 0.8459
76 0.9072 0.6337 0.8796 0.8733 0.8491
77 0.8984 0.6979 0.8700 0.8642 0.8360
78 0.8940 0.7615 0.8656 0.8648 0.8419
79 0.8871 0.8186 0.8575 0.8575 0.8304
80 0.8761 0.9459 0.8447 0.8592 0.8351
81 0.8760 0.9175 0.8468 0.8583 0.8324
82 0.8938 0.7894 0.8663 0.8660 0.8425
83 0.8958 0.7750 0.8669 0.8615 0.8351
84 0.9030 0.7410 0.8752 0.8644 0.8384
85 0.9073 0.7246 0.8808 0.8659 0.8406
86 0.9120 0.6810 0.8860 0.8659 0.8382
87 0.9039 0.7521 0.8773 0.8617 0.8384
88 0.9045 0.7580 0.8765 0.8532 0.8310
89 0.8907 0.8882 0.8612 0.8609 0.8380
90 0.8829 0.9881 0.8526 0.8535 0.8232
91 0.8852 0.9548 0.8544 0.8492 0.8302
92 0.8946 0.8629 0.8660 0.8698 0.8437
93 0.9038 0.7903 0.8743 0.8709 0.8466
94 0.9097 0.7392 0.8834 0.8706 0.8455
95 0.9078 0.7717 0.8823 0.8707 0.8472
96 0.9111 0.7345 0.8852 0.8701 0.8431
97 0.9058 0.7745 0.8775 0.8616 0.8386
98 0.9023 0.8774 0.8743 0.8658 0.8388
99 0.8952 0.9623 0.8688 0.8620 0.8339
100 0.9016 0.8758 0.8754 0.8695 0.8461
101 0.9061 0.8289 0.8795 0.8587 0.8310
102 0.9059 0.8213 0.8775 0.8694 0.8464
103 0.9123 0.7529 0.8870 0.8744 0.8514
104 0.9115 0.7440 0.8845 0.8722 0.8475
105 0.9191 0.7027 0.8932 0.8720 0.8470
106 0.9156 0.7228 0.8907 0.8673 0.8409
107 0.9143 0.7287 0.8901 0.8670 0.8429
108 0.9114 0.7384 0.8851 0.8682 0.8445
109 0.9110 0.7652 0.8855 0.8620 0.8407
110 0.9067 0.7716 0.8803 0.8724 0.8479
111 0.9105 0.7733 0.8844 0.8707 0.8478
112 0.9163 0.7099 0.8926 0.8718 0.8472
113 0.9163 0.6928 0.8907 0.8637 0.8412
114 0.9164 0.6935 0.8893 0.8714 0.8474
115 0.9147 0.7135 0.8889 0.8730 0.8480
116 0.9178 0.6687 0.8930 0.8734 0.8496
117 0.9168 0.6764 0.8916 0.8725 0.8474
118 0.9188 0.6970 0.8956 0.8703 0.8471
119 0.9111 0.7438 0.8850 0.8736 0.8478
120 0.9040 0.8256 0.8765 0.8594 0.8339
121 0.9125 0.7787 0.8869 0.8582 0.8365
122 0.9111 0.7694 0.8864 0.8629 0.8405
123 0.9182 0.6906 0.8941 0.8679 0.8460
124 0.9244 0.6578 0.9017 0.8718 0.8480
125 0.9179 0.6692 0.8934 0.8730 0.8481
126 0.9173 0.6823 0.8929 0.8749 0.8509
127 0.9164 0.6900 0.8909 0.8788 0.8545
128 0.9153 0.7086 0.8893 0.8676 0.8457
129 0.9149 0.7032 0.8903 0.8686 0.8456
130 0.9085 0.7646 0.8825 0.8712 0.8484
131 0.9167 0.7064 0.8938 0.8697 0.8476
132 0.9122 0.7167 0.8878 0.8709 0.8499
133 0.9212 0.6655 0.8977 0.8757 0.8530
134 0.9224 0.6249 0.8983 0.8711 0.8472
135 0.9229 0.6329 0.8983 0.8706 0.8476
136 0.9239 0.6478 0.9012 0.8702 0.8476
137 0.9205 0.6672 0.8977 0.8691 0.8486
138 0.9218 0.6463 0.8989 0.8714 0.8498
139 0.9172 0.6959 0.8924 0.8759 0.8499
140 0.9143 0.7185 0.8901 0.8670 0.8415
141 0.9111 0.7679 0.8865 0.8661 0.8461
142 0.9164 0.7072 0.8920 0.8610 0.8396
143 0.9185 0.6793 0.8957 0.8673 0.8441
144 0.9209 0.6726 0.8978 0.8733 0.8508
145 0.9215 0.6196 0.8986 0.8744 0.8491
146 0.9188 0.6531 0.8948 0.8726 0.8495
147 0.9232 0.6366 0.9013 0.8771 0.8535
148 0.9197 0.6764 0.8946 0.8694 0.8484
149 0.9217 0.6455 0.8994 0.8711 0.8475
150 0.9147 0.7526 0.8906 0.8660 0.8415
151 0.9085 0.7811 0.8828 0.8703 0.8449
152 0.9154 0.7095 0.8917 0.8775 0.8507
153 0.9219 0.6613 0.8998 0.8784 0.8530
154 0.9196 0.6465 0.8963 0.8783 0.8557
155 0.9244 0.6208 0.9030 0.8787 0.8562
156 0.9199 0.6354 0.8970 0.8823 0.8589
157 0.9203 0.6518 0.8978 0.8725 0.8485
158 0.9186 0.6597 0.8969 0.8739 0.8525
159 0.9165 0.7060 0.8912 0.8796 0.8549
160 0.9174 0.6926 0.8939 0.8807 0.8559
161 0.9225 0.6195 0.9007 0.8817 0.8590
162 0.9231 0.6421 0.9014 0.8813 0.8576
163 0.9221 0.6151 0.9009 0.8820 0.8597
164 0.9227 0.6252 0.9004 0.8824 0.8594
165 0.9199 0.6574 0.8968 0.8809 0.8579
166 0.9262 0.6039 0.9039 0.8833 0.8607
167 0.9206 0.6237 0.8986 0.8838 0.8601
168 0.9273 0.5826 0.9076 0.8827 0.8586
169 0.9264 0.5985 0.9052 0.8791 0.8576
170 0.9183 0.6318 0.8960 0.8819 0.8581
171 0.9252 0.5764 0.9037 0.8835 0.8596
172 0.9249 0.6005 0.9026 0.8796 0.8574
173 0.9230 0.6017 0.8997 0.8796 0.8565
174 0.9245 0.5698 0.9032 0.8814 0.8575
175 0.9270 0.5673 0.9049 0.8819 0.8580
176 0.9233 0.6078 0.8995 0.8804 0.8574
177 0.9309 0.5586 0.9099 0.8819 0.8574
178 0.9276 0.5810 0.9048 0.8836 0.8586
179 0.9283 0.5545 0.9069 0.8834 0.8599
180 0.9259 0.5896 0.9053 0.8797 0.8576
181 0.9243 0.6105 0.9029 0.8821 0.8596
182 0.9259 0.5717 0.9033 0.8785 0.8566
183 0.9266 0.5727 0.9055 0.8818 0.8604
184 0.9247 0.5671 0.9036 0.8797 0.8576
185 0.9284 0.5569 0.9063 0.8800 0.8592
186 0.9291 0.5423 0.9089 0.8821 0.8594
187 0.9269 0.5699 0.9066 0.8796 0.8570
188 0.9279 0.5788 0.9065 0.8837 0.8617
189 0.9234 0.5936 0.9006 0.8834 0.8600
190 0.9276 0.5696 0.9065 0.8819 0.8587
191 0.9274 0.5649 0.9082 0.8805 0.8574
192 0.9242 0.5711 0.9021 0.8787 0.8550
193 0.9290 0.5652 0.9079 0.8811 0.8585
194 0.9328 0.5440 0.9130 0.8786 0.8575
195 0.9266 0.5712 0.9076 0.8764 0.8536
196 0.9269 0.5539 0.9071 0.8798 0.8566
197 0.9307 0.5514 0.9100 0.8784 0.8554
198 0.9238 0.5698 0.9029 0.8797 0.8564
199 0.9246 0.5669 0.9048 0.8816 0.8569
