epoch train_iou train_loss train_mAP val_iou val_mAP
0 0.5377 0.1860 0.4606 0.7034 0.6452
1 0.6995 0.1422 0.6440 0.7147 0.6486
2 0.7489 0.1518 0.6986 0.7527 0.7028
3 0.7725 0.1622 0.7253 0.7823 0.7361
4 0.7994 0.1651 0.7563 0.7945 0.7522
5 0.8051 0.1766 0.7638 0.8124 0.7677
6 0.8002 0.2003 0.7563 0.8080 0.7639
7 0.8011 0.2260 0.7587 0.8065 0.7709
8 0.7920 0.2562 0.7487 0.7943 0.7528
9 0.7907 0.2772 0.7487 0.7894 0.7468
10 0.7876 0.3179 0.7436 0.7760 0.7319
11 0.8038 0.3039 0.7646 0.8037 0.7648
12 0.8276 0.2897 0.7897 0.8219 0.7845
13 0.8352 0.2873 0.7965 0.8260 0.7933
14 0.8553 0.2674 0.8187 0.8282 0.7941
15 0.8574 0.2662 0.8236 0.8315 0.7994
16 0.8534 0.2872 0.8169 0.8280 0.7944
17 0.8509 0.3085 0.8175 0.8252 0.7906
18 0.8395 0.3455 0.8033 0.8257 0.7859
19 0.8352 0.3875 0.7997 0.8114 0.7803
20 0.8408 0.3882 0.8036 0.8252 0.7870
21 0.8336 0.4130 0.7978 0.8262 0.7935
22 0.8522 0.3815 0.8166 0.8410 0.8040
23 0.8646 0.3697 0.8291 0.8307 0.8028
24 0.8708 0.3524 0.8384 0.8451 0.8153
25 0.8791 0.3358 0.8468 0.8479 0.8174
26 0.8749 0.3549 0.8438 0.8357 0.8071
27 0.8794 0.3714 0.8471 0.8412 0.8105
28 0.8693 0.4219 0.8350 0.8362 0.8075
29 0.8622 0.4531 0.8301 0.8384 0.8043
30 0.8550 0.4802 0.8211 0.8297 0.8000
31 0.8602 0.4754 0.8279 0.8356 0.8010
32 0.8701 0.4513 0.8377 0.8329 0.8014
33 0.8742 0.4432 0.8434 0.8497 0.8198
34 0.8833 0.4059 0.8525 0.8480 0.8168
35 0.8903 0.3986 0.8592 0.8487 0.8171
36 0.8981 0.3872 0.8660 0.8496 0.8186
37 0.8872 0.4402 0.8557 0.8518 0.8194
38 0.8792 0.4839 0.8479 0.8455 0.8138
39 0.8717 0.5318 0.8402 0.8317 0.8000
40 0.8616 0.6047 0.8298 0.8324 0.8035
41 0.8742 0.5373 0.8385 0.8393 0.8079
42 0.8791 0.5342 0.8460 0.8488 0.8179
43 0.8918 0.4773 0.8604 0.8511 0.8215
44 0.8951 0.4653 0.8647 0.8506 0.8221
45 0.9044 0.4410 0.8757 0.8504 0.8220
46 0.9034 0.4467 0.8722 0.8492 0.8201
47 0.8966 0.4816 0.8652 0.8479 0.8168
48 0.8950 0.5274 0.8632 0.8405 0.8100
49 0.8828 0.5929 0.8488 0.8429 0.8088
50 0.8748 0.6463 0.8400 0.8374 0.8094
51 0.8842 0.6014 0.8540 0.8459 0.8141
52 0.8917 0.5661 0.8616 0.8507 0.8200
53 0.9022 0.5235 0.8737 0.8556 0.8288
54 0.9023 0.5039 0.8752 0.8612 0.8317
55 0.9074 0.4991 0.8797 0.8590 0.8305
56 0.9089 0.4953 0.8801 0.8604 0.8327
57 0.9062 0.5239 0.8769 0.8557 0.8248
58 0.9024 0.5509 0.8718 0.8477 0.8143
59 0.8909 0.6316 0.8598 0.8458 0.8138
60 0.8674 0.7977 0.8331 0.8374 0.8026
61 0.8844 0.7005 0.8532 0.8494 0.8173
62 0.8929 0.6483 0.8651 0.8456 0.8210
63 0.9031 0.5968 0.8746 0.8505 0.8209
64 0.9046 0.5711 0.8756 0.8555 0.8269
65 0.9105 0.5451 0.8827 0.8554 0.8267
66 0.9143 0.5253 0.8866 0.8585 0.8298
67 0.9130 0.5627 0.8856 0.8602 0.8325
68 0.9013 0.6332 0.8712 0.8521 0.8243
69 0.8931 0.7097 0.8633 0.8475 0.8159
70 0.8897 0.7665 0.8594 0.8346 0.8048
71 0.8917 0.7446 0.8617 0.8467 0.8160
72 0.8962 0.7160 0.8668 0.8569 0.8254
73 0.9081 0.6379 0.8793 0.8547 0.8232
74 0.9146 0.5844 0.8868 0.8624 0.8334
75 0.9162 0.5804 0.8871 0.8641 0.8357
76 0.9190 0.5707 0.8938 0.8636 0.8369
77 0.9137 0.6087 0.8878 0.8584 0.8268
78 0.9028 0.7133 0.8705 0.8531 0.8200
79 0.8972 0.7725 0.8682 0.8527 0.8234
80 0.8922 0.8510 0.8620 0.8458 0.8138
81 0.8998 0.8061 0.8727 0.8485 0.8190
82 0.9066 0.7183 0.8764 0.8513 0.8179
83 0.9141 0.6758 0.8869 0.8588 0.8310
84 0.9170 0.6340 0.8914 0.8575 0.8288
85 0.9178 0.6311 0.8925 0.8562 0.8249
86 0.9187 0.6339 0.8923 0.8639 0.8355
87 0.9160 0.6553 0.8911 0.8640 0.8338
88 0.9178 0.6638 0.8925 0.8495 0.8194
89 0.9021 0.7968 0.8740 0.8488 0.8202
90 0.8976 0.8894 0.8645 0.8439 0.8150
91 0.9008 0.8587 0.8694 0.8498 0.8257
92 0.9064 0.7997 0.8797 0.8558 0.8287
93 0.9160 0.6969 0.8918 0.8625 0.8368
94 0.9193 0.7002 0.8924 0.8617 0.8345
95 0.9215 0.6735 0.8943 0.8628 0.8365
96 0.9216 0.6693 0.8961 0.8616 0.8355
97 0.9198 0.7200 0.8942 0.8632 0.8374
98 0.9149 0.7226 0.8873 0.8562 0.8290
99 0.9068 0.8643 0.8804 0.8512 0.8220
100 0.9142 0.8033 0.8874 0.8522 0.8251
101 0.9149 0.7523 0.8917 0.8512 0.8258
102 0.9200 0.7244 0.8975 0.8563 0.8258
103 0.9198 0.6849 0.8954 0.8591 0.8292
104 0.9273 0.6414 0.9049 0.8617 0.8328
105 0.9241 0.6570 0.9008 0.8612 0.8320
106 0.9257 0.6523 0.9029 0.8638 0.8350
107 0.9247 0.6573 0.9020 0.8630 0.8356
108 0.9259 0.6519 0.9040 0.8570 0.8258
109 0.9245 0.6710 0.9021 0.8550 0.8276
110 0.9223 0.6822 0.8987 0.8552 0.8276
111 0.9281 0.6475 0.9054 0.8632 0.8339
112 0.9189 0.6797 0.8964 0.8638 0.8347
113 0.9264 0.6269 0.9037 0.8640 0.8338
114 0.9290 0.6281 0.9058 0.8611 0.8356
115 0.9299 0.6078 0.9112 0.8644 0.8382
116 0.9310 0.5853 0.9106 0.8636 0.8344
117 0.9299 0.6027 0.9072 0.8647 0.8322
118 0.9296 0.6155 0.9071 0.8625 0.8325
119 0.9259 0.6345 0.9032 0.8597 0.8319
120 0.9261 0.6631 0.9040 0.8509 0.8208
121 0.9232 0.6659 0.9022 0.8616 0.8328
122 0.9276 0.6307 0.9040 0.8662 0.8399
123 0.9278 0.6156 0.9062 0.8623 0.8338
124 0.9308 0.6130 0.9105 0.8626 0.8361
125 0.9340 0.5693 0.9144 0.8612 0.8356
126 0.9294 0.5982 0.9098 0.8675 0.8389
127 0.9295 0.6048 0.9094 0.8625 0.8349
128 0.9314 0.5838 0.9097 0.8642 0.8351
129 0.9301 0.6032 0.9094 0.8665 0.8355
130 0.9244 0.6668 0.9022 0.8618 0.8333
131 0.9287 0.6334 0.9066 0.8570 0.8262
132 0.9272 0.6458 0.9048 0.8655 0.8359
133 0.9286 0.6061 0.9085 0.8684 0.8374
134 0.9321 0.5849 0.9125 0.8664 0.8392
135 0.9370 0.5406 0.9172 0.8676 0.8400
136 0.9333 0.5558 0.9148 0.8691 0.8400
137 0.9359 0.5605 0.9172 0.8652 0.8389
138 0.9290 0.5861 0.9070 0.8623 0.8364
139 0.9297 0.5919 0.9077 0.8570 0.8328
140 0.9252 0.6418 0.9031 0.8587 0.8273
141 0.9293 0.6195 0.9088 0.8634 0.8370
142 0.9279 0.6138 0.9068 0.8628 0.8329
143 0.9346 0.5722 0.9144 0.8662 0.8385
144 0.9365 0.5593 0.9190 0.8634 0.8352
145 0.9379 0.5512 0.9195 0.8666 0.8383
146 0.9323 0.5620 0.9129 0.8648 0.8363
147 0.9374 0.5329 0.9192 0.8613 0.8327
148 0.9344 0.5652 0.9143 0.8617 0.8347
149 0.9307 0.5998 0.9104 0.8665 0.8395
150 0.9294 0.6127 0.9088 0.8594 0.8311
151 0.9290 0.6400 0.9066 0.8629 0.8368
152 0.9325 0.5991 0.9140 0.8592 0.8317
153 0.9362 0.5810 0.9141 0.8613 0.8356
154 0.9359 0.5524 0.9164 0.8652 0.8376
155 0.9401 0.5350 0.9221 0.8687 0.8407
156 0.9381 0.5321 0.9188 0.8689 0.8412
157 0.9375 0.5310 0.9179 0.8676 0.8393
158 0.9303 0.5839 0.9095 0.8683 0.8407
159 0.9324 0.5661 0.9121 0.8626 0.8361
160 0.9319 0.5753 0.9110 0.8573 0.8309
161 0.9355 0.5548 0.9170 0.8622 0.8349
162 0.9381 0.5129 0.9199 0.8579 0.8339
163 0.9380 0.5041 0.9213 0.8585 0.8337
164 0.9382 0.5290 0.9185 0.8617 0.8357
165 0.9404 0.5048 0.9228 0.8608 0.8358
166 0.9359 0.5373 0.9171 0.8604 0.8340
167 0.9369 0.5273 0.9186 0.8641 0.8374
168 0.9392 0.5362 0.9205 0.8636 0.8358
169 0.9437 0.4941 0.9253 0.8637 0.8382
170 0.9413 0.5039 0.9251 0.8614 0.8352
171 0.9366 0.5242 0.9175 0.8667 0.8399
172 0.9395 0.5034 0.9219 0.8642 0.8388
173 0.9412 0.5008 0.9233 0.8645 0.8383
174 0.9403 0.5076 0.9236 0.8629 0.8359
175 0.9395 0.5049 0.9229 0.8652 0.8397
176 0.9449 0.4694 0.9288 0.8617 0.8351
177 0.9378 0.5118 0.9206 0.8591 0.8323
178 0.9449 0.4853 0.9289 0.8643 0.8393
179 0.9404 0.4906 0.9236 0.8648 0.8379
180 0.9364 0.5318 0.9182 0.8609 0.8363
181 0.9392 0.4944 0.9220 0.8649 0.8391
182 0.9439 0.4758 0.9280 0.8652 0.8383
183 0.9435 0.4754 0.9279 0.8653 0.8387
184 0.9419 0.4999 0.9247 0.8651 0.8393
185 0.9403 0.5069 0.9226 0.8670 0.8403
186 0.9409 0.5070 0.9221 0.8654 0.8395
187 0.9424 0.4919 0.9266 0.8678 0.8416
188 0.9427 0.4821 0.9265 0.8673 0.8418
189 0.9417 0.4864 0.9251 0.8640 0.8401
190 0.9412 0.4957 0.9239 0.8667 0.8404
191 0.9412 0.4893 0.9230 0.8620 0.8361
192 0.9394 0.4943 0.9243 0.8662 0.8386
193 0.9405 0.4810 0.9235 0.8654 0.8401
194 0.9421 0.4934 0.9251 0.8667 0.8391
195 0.9456 0.4609 0.9287 0.8654 0.8375
196 0.9443 0.4810 0.9272 0.8649 0.8376
197 0.9403 0.5065 0.9227 0.8654 0.8380
198 0.9409 0.4883 0.9254 0.8668 0.8400
199 0.9397 0.5017 0.9228 0.8644 0.8386
