epoch train_iou train_loss train_mAP val_iou val_mAP
0 0.5563 0.1796 0.4853 0.7062 0.6496
1 0.6742 0.1689 0.6152 0.7579 0.7069
2 0.7051 0.1797 0.6538 0.7438 0.6845
3 0.7467 0.1892 0.7018 0.7835 0.7389
4 0.7780 0.1884 0.7387 0.7992 0.7685
5 0.8051 0.1938 0.7660 0.8119 0.7779
6 0.7976 0.2160 0.7585 0.8120 0.7816
7 0.7797 0.2580 0.7363 0.8047 0.7595
8 0.7745 0.2891 0.7292 0.8064 0.7707
9 0.7652 0.3275 0.7234 0.8088 0.7696
10 0.7639 0.3487 0.7211 0.8071 0.7685
11 0.7850 0.3360 0.7449 0.8107 0.7775
12 0.8072 0.3299 0.7711 0.8166 0.7761
13 0.8284 0.3139 0.7935 0.8315 0.8051
14 0.8411 0.3060 0.8082 0.8454 0.8165
15 0.8479 0.3029 0.8141 0.8501 0.8186
16 0.8438 0.3184 0.8116 0.8435 0.8153
17 0.8402 0.3475 0.8042 0.8504 0.8173
18 0.8268 0.4000 0.7912 0.8384 0.8055
19 0.8116 0.4463 0.7753 0.8189 0.7956
20 0.8180 0.4700 0.7808 0.8376 0.8011
21 0.8255 0.4431 0.7901 0.8321 0.8035
22 0.8356 0.4435 0.8018 0.8450 0.8154
23 0.8505 0.4083 0.8170 0.8561 0.8232
24 0.8649 0.3787 0.8326 0.8625 0.8314
25 0.8644 0.3939 0.8345 0.8586 0.8294
26 0.8683 0.3974 0.8371 0.8571 0.8318
27 0.8577 0.4384 0.8261 0.8422 0.8128
28 0.8593 0.4599 0.8275 0.8554 0.8240
29 0.8433 0.5290 0.8100 0.8397 0.8083
30 0.8420 0.5555 0.8097 0.8369 0.8049
31 0.8473 0.5411 0.8138 0.8292 0.8030
32 0.8537 0.5147 0.8238 0.8553 0.8284
33 0.8638 0.4927 0.8328 0.8518 0.8198
34 0.8710 0.4836 0.8408 0.8656 0.8401
35 0.8795 0.4557 0.8496 0.8658 0.8401
36 0.8763 0.4757 0.8469 0.8670 0.8374
37 0.8732 0.5079 0.8402 0.8596 0.8291
38 0.8580 0.5721 0.8277 0.8508 0.8226
39 0.8595 0.6044 0.8285 0.8489 0.8206
40 0.8531 0.6418 0.8226 0.8446 0.8214
41 0.8481 0.6567 0.8182 0.8358 0.8045
42 0.8600 0.6154 0.8302 0.8550 0.8284
43 0.8750 0.5660 0.8472 0.8640 0.8356
44 0.8816 0.5333 0.8504 0.8715 0.8434
45 0.8907 0.5212 0.8596 0.8726 0.8450
46 0.8878 0.5271 0.8585 0.8718 0.8453
47 0.8819 0.5647 0.8529 0.8683 0.8415
48 0.8773 0.6038 0.8479 0.8527 0.8257
49 0.8589 0.7179 0.8275 0.8672 0.8391
50 0.8519 0.7656 0.8188 0.8645 0.8342
51 0.8599 0.7265 0.8274 0.8597 0.8370
52 0.8711 0.6821 0.8421 0.8566 0.8314
53 0.8827 0.6295 0.8552 0.8684 0.8388
54 0.8891 0.5942 0.8602 0.8749 0.8466
55 0.8897 0.5928 0.8606 0.8822 0.8515
56 0.8917 0.5923 0.8608 0.8748 0.8474
57 0.8830 0.6414 0.8562 0.8593 0.8301
58 0.8793 0.6973 0.8497 0.8585 0.8299
59 0.8768 0.7357 0.8463 0.8670 0.8388
60 0.8586 0.8691 0.8276 0.8565 0.8279
61 0.8787 0.7456 0.8478 0.8566 0.8306
62 0.8769 0.7283 0.8480 0.8725 0.8453
63 0.8881 0.6850 0.8585 0.8740 0.8469
64 0.8890 0.6801 0.8601 0.8746 0.8485
65 0.8980 0.6420 0.8685 0.8782 0.8493
66 0.8949 0.6617 0.8655 0.8782 0.8518
67 0.8953 0.6639 0.8674 0.8758 0.8483
68 0.8877 0.7389 0.8584 0.8667 0.8421
69 0.8804 0.8126 0.8514 0.8480 0.8264
70 0.8664 0.9271 0.8361 0.8519 0.8249
71 0.8805 0.8112 0.8490 0.8688 0.8403
72 0.8826 0.7987 0.8542 0.8627 0.8385
73 0.8953 0.7538 0.8665 0.8682 0.8390
74 0.8933 0.7354 0.8653 0.8744 0.8487
75 0.9039 0.6818 0.8774 0.8749 0.8486
76 0.8990 0.7058 0.8736 0.8743 0.8505
77 0.8943 0.7466 0.8660 0.8636 0.8424
78 0.8900 0.7977 0.8633 0.8630 0.8344
79 0.8748 0.9414 0.8432 0.8601 0.8353
80 0.8704 0.9672 0.8389 0.8485 0.8224
81 0.8746 0.9489 0.8434 0.8625 0.8351
82 0.8821 0.9114 0.8541 0.8628 0.8372
83 0.8942 0.8134 0.8641 0.8788 0.8486
84 0.9017 0.7798 0.8740 0.8728 0.8460
85 0.9042 0.7578 0.8777 0.8737 0.8472
86 0.9049 0.7233 0.8779 0.8785 0.8493
87 0.8973 0.7888 0.8709 0.8729 0.8441
88 0.8948 0.8598 0.8654 0.8684 0.8424
89 0.8850 0.9502 0.8546 0.8624 0.8333
90 0.8789 1.0282 0.8467 0.8748 0.8485
91 0.8881 0.9586 0.8585 0.8675 0.8448
92 0.8902 0.9363 0.8627 0.8669 0.8381
93 0.8966 0.8766 0.8683 0.8783 0.8493
94 0.9010 0.8431 0.8730 0.8713 0.8435
95 0.9039 0.7833 0.8765 0.8747 0.8478
96 0.9033 0.8197 0.8752 0.8779 0.8496
97 0.8981 0.8969 0.8696 0.8709 0.8464
98 0.8970 0.9216 0.8690 0.8700 0.8415
99 0.8847 1.0334 0.8562 0.8554 0.8281
100 0.8950 0.9507 0.8653 0.8728 0.8435
101 0.9034 0.8694 0.8759 0.8748 0.8475
102 0.9043 0.8424 0.8784 0.8762 0.8507
103 0.9072 0.8043 0.8805 0.8749 0.8465
104 0.9114 0.7637 0.8857 0.8777 0.8518
105 0.9184 0.7412 0.8929 0.8766 0.8504
106 0.9122 0.7544 0.8866 0.8790 0.8506
107 0.9097 0.7921 0.8843 0.8763 0.8507
108 0.9100 0.7833 0.8838 0.8768 0.8494
109 0.9064 0.8600 0.8783 0.8725 0.8461
110 0.9091 0.8134 0.8827 0.8750 0.8518
111 0.9089 0.8142 0.8844 0.8692 0.8446
112 0.9097 0.7846 0.8815 0.8753 0.8487
113 0.9105 0.7806 0.8851 0.8789 0.8539
114 0.9194 0.7287 0.8933 0.8771 0.8519
115 0.9190 0.7036 0.8925 0.8784 0.8530
116 0.9192 0.6883 0.8940 0.8720 0.8456
117 0.9184 0.6915 0.8918 0.8773 0.8506
118 0.9128 0.7549 0.8887 0.8750 0.8471
119 0.9120 0.7651 0.8854 0.8771 0.8486
120 0.9082 0.8169 0.8804 0.8657 0.8389
121 0.9090 0.8197 0.8821 0.8665 0.8400
122 0.9127 0.7900 0.8872 0.8693 0.8454
123 0.9182 0.7121 0.8937 0.8724 0.8462
124 0.9196 0.6947 0.8952 0.8755 0.8497
125 0.9168 0.7039 0.8899 0.8764 0.8504
126 0.9197 0.6923 0.8932 0.8832 0.8556
127 0.9141 0.7131 0.8876 0.8758 0.8493
128 0.9192 0.7229 0.8927 0.8776 0.8518
129 0.9085 0.7924 0.8828 0.8729 0.8445
130 0.9075 0.7977 0.8782 0.8765 0.8495
131 0.9081 0.8394 0.8824 0.8718 0.8478
132 0.9171 0.7388 0.8907 0.8815 0.8530
133 0.9157 0.7220 0.8885 0.8792 0.8510
134 0.9183 0.6949 0.8947 0.8814 0.8545
135 0.9241 0.6485 0.8991 0.8816 0.8555
136 0.9197 0.6761 0.8950 0.8828 0.8545
137 0.9189 0.6965 0.8943 0.8812 0.8542
138 0.9189 0.7104 0.8927 0.8754 0.8481
139 0.9200 0.7100 0.8937 0.8730 0.8495
140 0.9152 0.7573 0.8883 0.8732 0.8443
141 0.9152 0.7528 0.8892 0.8684 0.8438
142 0.9129 0.7586 0.8858 0.8774 0.8480
143 0.9159 0.7181 0.8905 0.8733 0.8448
144 0.9251 0.6615 0.9010 0.8748 0.8495
145 0.9240 0.6735 0.9004 0.8769 0.8510
146 0.9222 0.6370 0.8972 0.8773 0.8486
147 0.9194 0.6901 0.8935 0.8808 0.8516
148 0.9210 0.6706 0.8977 0.8775 0.8540
149 0.9064 0.7691 0.8813 0.8696 0.8430
150 0.9079 0.7609 0.8814 0.8782 0.8485
151 0.9138 0.7524 0.8898 0.8753 0.8478
152 0.9182 0.7006 0.8939 0.8846 0.8589
153 0.9189 0.6719 0.8923 0.8792 0.8524
154 0.9248 0.6406 0.8978 0.8834 0.8569
155 0.9250 0.6342 0.9004 0.8831 0.8573
156 0.9213 0.6666 0.9003 0.8869 0.8599
157 0.9209 0.6397 0.8973 0.8837 0.8564
158 0.9198 0.6731 0.8967 0.8806 0.8549
159 0.9188 0.6897 0.8951 0.8798 0.8509
160 0.9169 0.7056 0.8919 0.8833 0.8556
161 0.9221 0.6455 0.8986 0.8821 0.8559
162 0.9209 0.6452 0.8960 0.8823 0.8546
163 0.9230 0.6525 0.9007 0.8821 0.8551
164 0.9279 0.6086 0.9036 0.8830 0.8553
165 0.9242 0.6288 0.9013 0.8850 0.8569
166 0.9243 0.6251 0.9002 0.8827 0.8560
167 0.9300 0.5766 0.9072 0.8837 0.8559
168 0.9249 0.6192 0.9005 0.8860 0.8580
169 0.9248 0.6200 0.9021 0.8844 0.8573
170 0.9299 0.6002 0.9080 0.8833 0.8586
171 0.9234 0.6308 0.9020 0.8806 0.8539
172 0.9260 0.6046 0.9017 0.8823 0.8553
173 0.9285 0.6020 0.9046 0.8840 0.8570
174 0.9225 0.6096 0.8990 0.8850 0.8579
175 0.9341 0.5584 0.9114 0.8843 0.8581
176 0.9263 0.6087 0.9022 0.8839 0.8570
177 0.9245 0.6069 0.9009 0.8825 0.8576
178 0.9280 0.5988 0.9050 0.8830 0.8570
179 0.9232 0.6124 0.9001 0.8848 0.8565
180 0.9208 0.6449 0.8969 0.8876 0.8614
181 0.9230 0.6075 0.8972 0.8819 0.8579
182 0.9256 0.6056 0.9034 0.8831 0.8570
183 0.9276 0.5875 0.9056 0.8839 0.8591
184 0.9252 0.6043 0.9027 0.8847 0.8586
185 0.9261 0.6132 0.9044 0.8847 0.8574
186 0.9297 0.5774 0.9077 0.8846 0.8585
187 0.9290 0.5812 0.9054 0.8856 0.8602
188 0.9296 0.5682 0.9081 0.8849 0.8574
189 0.9277 0.5781 0.9068 0.8831 0.8587
190 0.9248 0.6131 0.9023 0.8824 0.8576
191 0.9300 0.5731 0.9074 0.8832 0.8546
192 0.9268 0.5917 0.9037 0.8844 0.8575
193 0.9260 0.5701 0.9031 0.8826 0.8557
194 0.9322 0.5508 0.9112 0.8825 0.8561
195 0.9275 0.5734 0.9037 0.8847 0.8580
196 0.9259 0.5875 0.9026 0.8840 0.8569
197 0.9296 0.5588 0.9065 0.8827 0.8551
198 0.9261 0.5846 0.9023 0.8866 0.8577
199 0.9295 0.5694 0.9063 0.8823 0.8564
