epoch train_iou train_loss train_mAP val_iou val_mAP
0 0.6485 0.2717 0.5767 0.7218 0.6652
1 0.7410 0.2416 0.6856 0.7547 0.7100
2 0.7732 0.2640 0.7246 0.7514 0.6824
3 0.8006 0.2733 0.7533 0.8199 0.7822
4 0.8105 0.3080 0.7710 0.8240 0.7806
5 0.8246 0.3029 0.7832 0.8239 0.7912
6 0.8269 0.3297 0.7871 0.8359 0.8010
7 0.8304 0.3587 0.7934 0.8087 0.7619
8 0.8371 0.3755 0.8021 0.8366 0.8031
9 0.8505 0.3693 0.8165 0.8439 0.8057
10 0.8550 0.3916 0.8236 0.8518 0.8168
11 0.8520 0.4182 0.8173 0.8453 0.8170
12 0.8586 0.4346 0.8269 0.8530 0.8221
13 0.8526 0.4839 0.8200 0.8518 0.8236
14 0.8657 0.4566 0.8359 0.8590 0.8305
15 0.8516 0.5133 0.8163 0.8579 0.8305
16 0.8622 0.5101 0.8358 0.8533 0.8255
17 0.8564 0.5472 0.8263 0.8531 0.8232
18 0.8619 0.5626 0.8316 0.8579 0.8298
19 0.8687 0.5689 0.8415 0.8441 0.8091
20 0.8671 0.5827 0.8391 0.8574 0.8320
21 0.8717 0.5882 0.8476 0.8568 0.8322
22 0.8638 0.6289 0.8354 0.8580 0.8309
23 0.8791 0.6032 0.8502 0.8581 0.8341
24 0.8748 0.6357 0.8494 0.8782 0.8489
25 0.8717 0.6626 0.8442 0.8668 0.8405
26 0.8854 0.6324 0.8581 0.8670 0.8346
27 0.8759 0.6971 0.8461 0.8687 0.8386
28 0.8913 0.6367 0.8676 0.8652 0.8385
29 0.8867 0.6890 0.8615 0.8718 0.8416
30 0.8764 0.7251 0.8466 0.8700 0.8426
31 0.8884 0.6934 0.8627 0.8687 0.8415
32 0.8851 0.7287 0.8615 0.8748 0.8498
33 0.9002 0.6686 0.8766 0.8619 0.8367
34 0.8909 0.7240 0.8659 0.8653 0.8400
35 0.8940 0.7401 0.8676 0.8750 0.8476
36 0.8943 0.7390 0.8679 0.8817 0.8565
37 0.8987 0.7419 0.8747 0.8698 0.8468
38 0.8963 0.7608 0.8718 0.8819 0.8548
39 0.8997 0.7608 0.8774 0.8778 0.8522
40 0.9019 0.7365 0.8773 0.8722 0.8465
41 0.8990 0.7805 0.8775 0.8828 0.8570
42 0.9107 0.7347 0.8894 0.8734 0.8507
43 0.9053 0.7753 0.8825 0.8738 0.8494
44 0.9026 0.7809 0.8792 0.8791 0.8541
45 0.9072 0.7742 0.8870 0.8793 0.8543
46 0.9042 0.8135 0.8824 0.8800 0.8557
47 0.9147 0.7394 0.8944 0.8842 0.8609
48 0.9189 0.7177 0.8997 0.8811 0.8582
49 0.9228 0.7048 0.9053 0.8839 0.8584
50 0.8907 1.0876 0.8643 0.8581 0.8294
51 0.8740 1.1862 0.8480 0.8643 0.8364
52 0.8707 1.2154 0.8420 0.8687 0.8406
53 0.8861 1.0800 0.8593 0.8732 0.8476
54 0.8897 1.0784 0.8647 0.8752 0.8479
55 0.8837 1.1155 0.8595 0.8722 0.8452
56 0.8862 1.1150 0.8622 0.8594 0.8337
57 0.8787 1.1205 0.8523 0.8645 0.8438
58 0.8855 1.0742 0.8604 0.8811 0.8552
59 0.8773 1.1446 0.8506 0.8790 0.8527
60 0.8961 0.9804 0.8725 0.8731 0.8505
61 0.9012 0.9635 0.8788 0.8701 0.8487
62 0.8911 0.9857 0.8680 0.8756 0.8487
63 0.9007 0.9279 0.8782 0.8764 0.8492
64 0.8948 0.9855 0.8728 0.8735 0.8457
65 0.8998 0.9458 0.8789 0.8798 0.8546
66 0.8979 0.9563 0.8740 0.8809 0.8590
67 0.8989 0.9705 0.8743 0.8842 0.8580
68 0.8989 0.9315 0.8746 0.8831 0.8593
69 0.9093 0.8533 0.8884 0.8726 0.8480
70 0.9089 0.8668 0.8901 0.8748 0.8492
71 0.9081 0.8691 0.8876 0.8745 0.8516
72 0.9071 0.8710 0.8847 0.8785 0.8520
73 0.9079 0.8696 0.8863 0.8853 0.8606
74 0.9112 0.8345 0.8905 0.8880 0.8646
75 0.9089 0.8632 0.8883 0.8850 0.8597
76 0.9090 0.8429 0.8892 0.8779 0.8524
77 0.9149 0.7970 0.8954 0.8888 0.8639
78 0.9150 0.7796 0.8947 0.8801 0.8575
79 0.9156 0.7973 0.8944 0.8848 0.8581
80 0.9108 0.8229 0.8893 0.8788 0.8545
81 0.9172 0.7527 0.8993 0.8815 0.8594
82 0.9130 0.7586 0.8947 0.8820 0.8580
83 0.9105 0.8013 0.8899 0.8917 0.8664
84 0.9155 0.7708 0.8955 0.8912 0.8656
85 0.9146 0.7789 0.8941 0.8880 0.8637
86 0.9211 0.7305 0.9015 0.8910 0.8685
87 0.9249 0.6967 0.9065 0.8879 0.8632
88 0.9197 0.7423 0.8998 0.8894 0.8635
89 0.9212 0.6997 0.9039 0.8886 0.8625
90 0.9203 0.7067 0.9017 0.8888 0.8650
91 0.9268 0.6658 0.9077 0.8911 0.8661
92 0.9241 0.6786 0.9060 0.8902 0.8649
93 0.9246 0.6599 0.9048 0.8938 0.8693
94 0.9281 0.6709 0.9122 0.8914 0.8674
95 0.9274 0.6440 0.9087 0.8914 0.8681
96 0.9261 0.6493 0.9093 0.8918 0.8672
97 0.9264 0.6393 0.9083 0.8942 0.8710
98 0.9318 0.6238 0.9151 0.8951 0.8711
99 0.9317 0.6130 0.9161 0.8961 0.8707
100 0.9236 0.6949 0.9064 0.8848 0.8594
101 0.9169 0.7461 0.8993 0.8890 0.8630
102 0.9252 0.6763 0.9093 0.8866 0.8636
103 0.9223 0.7254 0.9035 0.8881 0.8637
104 0.9211 0.7238 0.9016 0.8869 0.8627
105 0.9216 0.7462 0.9033 0.8868 0.8620
106 0.9173 0.7544 0.8977 0.8883 0.8611
107 0.9283 0.6618 0.9114 0.8874 0.8605
108 0.9152 0.7710 0.8954 0.8818 0.8601
109 0.9216 0.6996 0.9039 0.8819 0.8594
110 0.9228 0.7035 0.9049 0.8855 0.8629
111 0.9229 0.7079 0.9061 0.8881 0.8645
112 0.9257 0.6988 0.9087 0.8829 0.8581
113 0.9161 0.7379 0.8967 0.8854 0.8636
114 0.9271 0.6797 0.9103 0.8867 0.8641
115 0.9304 0.6466 0.9147 0.8891 0.8662
116 0.9260 0.6700 0.9090 0.8909 0.8651
117 0.9235 0.6780 0.9069 0.8855 0.8626
118 0.9271 0.6682 0.9117 0.8949 0.8704
119 0.9304 0.6419 0.9131 0.8868 0.8644
120 0.9283 0.6376 0.9128 0.8927 0.8691
121 0.9332 0.6146 0.9169 0.8929 0.8686
122 0.9340 0.6052 0.9195 0.8918 0.8705
123 0.9294 0.6176 0.9115 0.8947 0.8699
124 0.9286 0.6570 0.9122 0.8925 0.8689
125 0.9298 0.6257 0.9126 0.8907 0.8657
126 0.9333 0.6136 0.9170 0.8923 0.8686
127 0.9302 0.6303 0.9131 0.8895 0.8644
128 0.9319 0.5969 0.9133 0.8883 0.8650
129 0.9331 0.5845 0.9176 0.8853 0.8608
130 0.9293 0.6260 0.9136 0.8925 0.8691
131 0.9311 0.6060 0.9164 0.8913 0.8666
132 0.9337 0.5996 0.9175 0.8895 0.8650
133 0.9341 0.5916 0.9192 0.8889 0.8659
134 0.9363 0.5666 0.9225 0.8932 0.8697
135 0.9319 0.5942 0.9180 0.8891 0.8679
136 0.9386 0.5585 0.9247 0.8946 0.8714
137 0.9343 0.5807 0.9196 0.8933 0.8709
138 0.9279 0.5995 0.9113 0.8966 0.8726
139 0.9411 0.5329 0.9278 0.8911 0.8673
140 0.9353 0.5695 0.9219 0.8876 0.8652
141 0.9364 0.5364 0.9234 0.8892 0.8676
142 0.9362 0.5317 0.9246 0.8927 0.8687
143 0.9410 0.5310 0.9271 0.8957 0.8746
144 0.9379 0.5566 0.9226 0.8945 0.8705
145 0.9397 0.5263 0.9259 0.8916 0.8679
146 0.9440 0.5100 0.9319 0.8902 0.8677
147 0.9386 0.5361 0.9240 0.8922 0.8683
148 0.9409 0.5039 0.9286 0.8936 0.8709
149 0.9391 0.5167 0.9238 0.8926 0.8696
150 0.9385 0.5484 0.9246 0.8925 0.8711
151 0.9413 0.5191 0.9276 0.8920 0.8682
152 0.9370 0.5565 0.9223 0.8924 0.8721
153 0.9320 0.5948 0.9166 0.8917 0.8679
154 0.9324 0.6220 0.9165 0.8883 0.8640
155 0.9388 0.5355 0.9245 0.8906 0.8674
156 0.9311 0.5963 0.9136 0.8933 0.8697
157 0.9386 0.5518 0.9256 0.8890 0.8668
158 0.9337 0.5800 0.9177 0.8880 0.8634
159 0.9363 0.5718 0.9226 0.8893 0.8649
160 0.9353 0.5675 0.9205 0.8917 0.8659
161 0.9350 0.5734 0.9220 0.8932 0.8670
162 0.9347 0.5824 0.9196 0.8976 0.8724
163 0.9374 0.5394 0.9238 0.8975 0.8733
164 0.9403 0.5178 0.9252 0.8980 0.8740
165 0.9372 0.5270 0.9254 0.8979 0.8741
166 0.9362 0.5428 0.9222 0.8956 0.8721
167 0.9394 0.5512 0.9242 0.8962 0.8715
168 0.9380 0.5370 0.9273 0.8959 0.8721
169 0.9389 0.5439 0.9260 0.8934 0.8691
170 0.9331 0.5856 0.9193 0.8897 0.8687
171 0.9375 0.5170 0.9251 0.8946 0.8739
172 0.9384 0.5086 0.9243 0.8925 0.8706
173 0.9373 0.5289 0.9235 0.8934 0.8705
174 0.9387 0.5416 0.9245 0.8925 0.8693
175 0.9400 0.5063 0.9282 0.8954 0.8744
176 0.9439 0.4918 0.9326 0.8935 0.8714
177 0.9442 0.4961 0.9320 0.8962 0.8748
178 0.9352 0.5277 0.9222 0.8953 0.8728
179 0.9358 0.5366 0.9222 0.8934 0.8697
180 0.9415 0.5020 0.9283 0.8976 0.8745
181 0.9408 0.5080 0.9287 0.8949 0.8740
182 0.9464 0.4570 0.9363 0.8963 0.8754
183 0.9406 0.4952 0.9293 0.8922 0.8699
184 0.9417 0.5047 0.9283 0.8981 0.8759
185 0.9461 0.4666 0.9345 0.8984 0.8784
186 0.9488 0.4421 0.9366 0.8963 0.8731
187 0.9419 0.5170 0.9299 0.8953 0.8730
188 0.9426 0.4728 0.9300 0.8978 0.8763
189 0.9454 0.4736 0.9325 0.8971 0.8751
190 0.9498 0.4345 0.9384 0.8946 0.8725
191 0.9417 0.4939 0.9301 0.8929 0.8701
192 0.9431 0.4878 0.9297 0.8933 0.8702
193 0.9407 0.5055 0.9278 0.8927 0.8707
194 0.9419 0.5067 0.9285 0.8968 0.8739
195 0.9413 0.4929 0.9308 0.8942 0.8715
196 0.9425 0.4824 0.9298 0.8936 0.8711
197 0.9488 0.4345 0.9377 0.8951 0.8711
198 0.9488 0.4293 0.9381 0.8906 0.8693
199 0.9421 0.4790 0.9319 0.8932 0.8702
