epoch train_iou train_loss train_mAP val_iou val_mAP
0 0.6070 0.2923 0.5366 0.6619 0.6002
1 0.7109 0.2773 0.6557 0.7196 0.6630
2 0.7478 0.2831 0.6995 0.7622 0.7155
3 0.7771 0.2882 0.7308 0.7825 0.7459
4 0.7999 0.2967 0.7558 0.8005 0.7614
5 0.8110 0.3158 0.7691 0.8077 0.7722
6 0.8128 0.3559 0.7692 0.8088 0.7654
7 0.8090 0.4003 0.7646 0.8118 0.7645
8 0.8020 0.4484 0.7581 0.8175 0.7772
9 0.8057 0.4862 0.7616 0.8158 0.7770
10 0.8031 0.5394 0.7589 0.7967 0.7398
11 0.8278 0.5161 0.7876 0.8243 0.7877
12 0.8308 0.4938 0.7903 0.8427 0.8142
13 0.8429 0.4806 0.8053 0.8505 0.8157
14 0.8614 0.4507 0.8249 0.8565 0.8261
15 0.8686 0.4508 0.8296 0.8596 0.8275
16 0.8650 0.4884 0.8265 0.8569 0.8268
17 0.8585 0.5439 0.8199 0.8466 0.8132
18 0.8518 0.5816 0.8151 0.8508 0.8155
19 0.8531 0.6249 0.8154 0.8533 0.8141
20 0.8452 0.6837 0.8053 0.8254 0.7978
21 0.8538 0.6736 0.8167 0.8497 0.8203
22 0.8690 0.6124 0.8308 0.8586 0.8281
23 0.8731 0.6134 0.8358 0.8580 0.8270
24 0.8819 0.5695 0.8467 0.8594 0.8330
25 0.8871 0.5378 0.8497 0.8623 0.8341
26 0.8817 0.6055 0.8460 0.8656 0.8398
27 0.8853 0.6288 0.8500 0.8569 0.8263
28 0.8744 0.6886 0.8391 0.8575 0.8286
29 0.8636 0.7850 0.8241 0.8547 0.8215
30 0.8580 0.8531 0.8213 0.8410 0.8156
31 0.8707 0.7966 0.8339 0.8565 0.8263
32 0.8797 0.7354 0.8447 0.8544 0.8244
33 0.8908 0.6822 0.8536 0.8642 0.8360
34 0.8990 0.6343 0.8643 0.8707 0.8439
35 0.8957 0.6610 0.8606 0.8681 0.8413
36 0.8991 0.6664 0.8644 0.8626 0.8387
37 0.8987 0.6884 0.8635 0.8618 0.8347
38 0.8928 0.7428 0.8560 0.8666 0.8388
39 0.8916 0.7829 0.8560 0.8541 0.8245
40 0.8750 0.9477 0.8368 0.8319 0.7999
41 0.8789 0.9151 0.8427 0.8645 0.8393
42 0.8954 0.8050 0.8615 0.8638 0.8360
43 0.8971 0.7895 0.8599 0.8652 0.8405
44 0.9044 0.7458 0.8703 0.8709 0.8439
45 0.9088 0.7136 0.8758 0.8717 0.8460
46 0.9040 0.7468 0.8711 0.8727 0.8456
47 0.9081 0.7518 0.8747 0.8614 0.8354
48 0.8973 0.8801 0.8635 0.8530 0.8287
49 0.8941 0.9244 0.8585 0.8546 0.8300
50 0.8787 1.0879 0.8443 0.8535 0.8291
51 0.8865 1.0050 0.8483 0.8587 0.8307
52 0.8962 0.9036 0.8627 0.8647 0.8420
53 0.9024 0.7954 0.8703 0.8637 0.8394
54 0.9037 0.7884 0.8691 0.8591 0.8394
55 0.9123 0.7489 0.8817 0.8598 0.8396
56 0.9150 0.7201 0.8840 0.8640 0.8408
57 0.9119 0.7523 0.8798 0.8654 0.8454
58 0.9013 0.8354 0.8675 0.8714 0.8458
59 0.8939 0.9036 0.8587 0.8690 0.8403
60 0.8810 1.1070 0.8435 0.8515 0.8295
61 0.8944 0.9154 0.8613 0.8585 0.8341
62 0.9006 0.8505 0.8671 0.8679 0.8350
63 0.9085 0.7653 0.8758 0.8679 0.8436
64 0.9146 0.7148 0.8849 0.8682 0.8422
65 0.9142 0.7007 0.8813 0.8735 0.8489
66 0.9172 0.6834 0.8891 0.8692 0.8463
67 0.9135 0.6966 0.8831 0.8671 0.8429
68 0.9097 0.7555 0.8776 0.8555 0.8291
69 0.9052 0.8535 0.8732 0.8654 0.8407
70 0.8926 0.9261 0.8584 0.8590 0.8297
71 0.8997 0.8642 0.8622 0.8622 0.8376
72 0.9000 0.8436 0.8668 0.8613 0.8363
73 0.9114 0.7291 0.8814 0.8656 0.8408
74 0.9164 0.6663 0.8884 0.8623 0.8376
75 0.9166 0.6686 0.8876 0.8661 0.8416
76 0.9182 0.6716 0.8913 0.8646 0.8390
77 0.9147 0.6868 0.8846 0.8648 0.8390
78 0.9145 0.7024 0.8831 0.8647 0.8383
79 0.9054 0.8327 0.8717 0.8640 0.8402
80 0.9043 0.8599 0.8721 0.8671 0.8450
81 0.8975 0.8944 0.8667 0.8682 0.8461
82 0.9097 0.7750 0.8789 0.8598 0.8340
83 0.9159 0.7079 0.8853 0.8678 0.8428
84 0.9150 0.6718 0.8862 0.8673 0.8424
85 0.9202 0.6456 0.8912 0.8688 0.8450
86 0.9239 0.6218 0.8953 0.8687 0.8437
87 0.9219 0.6483 0.8921 0.8668 0.8418
88 0.9151 0.7074 0.8836 0.8693 0.8439
89 0.9011 0.8473 0.8709 0.8687 0.8435
90 0.8992 0.8733 0.8656 0.8617 0.8366
91 0.9053 0.7975 0.8713 0.8670 0.8417
92 0.9139 0.7082 0.8822 0.8628 0.8381
93 0.9165 0.6516 0.8874 0.8571 0.8330
94 0.9234 0.5998 0.8957 0.8775 0.8537
95 0.9218 0.5937 0.8928 0.8767 0.8526
96 0.9214 0.5964 0.8935 0.8753 0.8521
97 0.9213 0.6155 0.8935 0.8705 0.8447
98 0.9171 0.6637 0.8880 0.8594 0.8355
99 0.9163 0.7105 0.8875 0.8782 0.8547
100 0.9103 0.6988 0.8801 0.8650 0.8374
101 0.9192 0.6464 0.8912 0.8787 0.8546
102 0.9207 0.6239 0.8924 0.8700 0.8479
103 0.9285 0.5526 0.9009 0.8787 0.8570
104 0.9252 0.5618 0.8989 0.8799 0.8584
105 0.9245 0.5612 0.8980 0.8771 0.8556
106 0.9272 0.5720 0.9001 0.8759 0.8534
107 0.9264 0.5554 0.9008 0.8784 0.8539
108 0.9243 0.5939 0.8975 0.8665 0.8459
109 0.9266 0.5675 0.9001 0.8747 0.8501
110 0.9262 0.5913 0.8985 0.8559 0.8329
111 0.9230 0.5992 0.8962 0.8697 0.8460
112 0.9233 0.5680 0.8968 0.8739 0.8482
113 0.9248 0.5706 0.8982 0.8689 0.8455
114 0.9253 0.5376 0.9002 0.8710 0.8480
115 0.9282 0.5296 0.9017 0.8714 0.8484
116 0.9309 0.5060 0.9058 0.8699 0.8436
117 0.9317 0.5184 0.9073 0.8677 0.8432
118 0.9266 0.5491 0.9001 0.8668 0.8410
119 0.9239 0.5761 0.8965 0.8723 0.8471
120 0.9248 0.5822 0.8970 0.8636 0.8385
121 0.9257 0.5685 0.8995 0.8759 0.8540
122 0.9277 0.5655 0.9013 0.8749 0.8507
123 0.9287 0.5243 0.9022 0.8745 0.8521
124 0.9269 0.5142 0.9002 0.8729 0.8490
125 0.9320 0.5064 0.9083 0.8727 0.8473
126 0.9295 0.5225 0.9042 0.8767 0.8521
127 0.9314 0.4946 0.9065 0.8773 0.8553
128 0.9277 0.5134 0.9024 0.8732 0.8501
129 0.9282 0.5584 0.9026 0.8722 0.8508
130 0.9197 0.6039 0.8928 0.8700 0.8466
131 0.9256 0.5669 0.8983 0.8725 0.8469
132 0.9308 0.5251 0.9067 0.8736 0.8492
133 0.9309 0.5243 0.9054 0.8785 0.8541
134 0.9283 0.4955 0.9050 0.8810 0.8562
135 0.9323 0.4856 0.9085 0.8795 0.8562
136 0.9278 0.5190 0.9022 0.8745 0.8521
137 0.9300 0.5118 0.9068 0.8755 0.8509
138 0.9298 0.5101 0.9059 0.8685 0.8431
139 0.9298 0.5292 0.9052 0.8755 0.8534
140 0.9251 0.5930 0.8981 0.8725 0.8494
141 0.9236 0.5581 0.8975 0.8694 0.8461
142 0.9324 0.5111 0.9085 0.8762 0.8541
143 0.9326 0.4854 0.9080 0.8760 0.8542
144 0.9321 0.4814 0.9080 0.8750 0.8516
145 0.9352 0.4602 0.9118 0.8747 0.8518
146 0.9321 0.4805 0.9077 0.8741 0.8518
147 0.9334 0.4731 0.9088 0.8767 0.8544
148 0.9309 0.5085 0.9071 0.8759 0.8541
149 0.9297 0.5160 0.9058 0.8669 0.8412
150 0.9317 0.5262 0.9068 0.8601 0.8350
151 0.9290 0.5281 0.9045 0.8715 0.8492
152 0.9325 0.5031 0.9069 0.8727 0.8461
153 0.9320 0.4956 0.9069 0.8768 0.8540
154 0.9336 0.4694 0.9092 0.8738 0.8509
155 0.9368 0.4541 0.9142 0.8747 0.8518
156 0.9352 0.4571 0.9114 0.8786 0.8563
157 0.9323 0.4741 0.9089 0.8711 0.8478
158 0.9333 0.4690 0.9102 0.8770 0.8523
159 0.9297 0.5047 0.9050 0.8656 0.8424
160 0.9322 0.4682 0.9057 0.8720 0.8490
161 0.9345 0.4564 0.9120 0.8751 0.8523
162 0.9373 0.4358 0.9139 0.8725 0.8507
163 0.9321 0.4812 0.9085 0.8743 0.8491
164 0.9368 0.4391 0.9152 0.8747 0.8527
165 0.9381 0.4397 0.9165 0.8742 0.8522
166 0.9352 0.4482 0.9123 0.8741 0.8506
167 0.9363 0.4483 0.9138 0.8746 0.8504
168 0.9374 0.4277 0.9147 0.8707 0.8474
169 0.9351 0.4373 0.9127 0.8711 0.8494
170 0.9342 0.4380 0.9112 0.8686 0.8469
171 0.9342 0.4404 0.9108 0.8727 0.8485
172 0.9347 0.4323 0.9124 0.8718 0.8483
173 0.9362 0.4457 0.9129 0.8691 0.8448
174 0.9363 0.4410 0.9124 0.8695 0.8452
175 0.9379 0.4034 0.9154 0.8741 0.8520
176 0.9368 0.4183 0.9150 0.8705 0.8480
177 0.9382 0.4077 0.9169 0.8713 0.8476
178 0.9362 0.4296 0.9135 0.8776 0.8553
179 0.9385 0.4140 0.9155 0.8746 0.8523
180 0.9388 0.4111 0.9177 0.8771 0.8551
181 0.9358 0.4332 0.9136 0.8699 0.8473
182 0.9389 0.4058 0.9173 0.8766 0.8525
183 0.9402 0.4121 0.9191 0.8767 0.8539
184 0.9384 0.4119 0.9165 0.8735 0.8504
185 0.9382 0.4122 0.9159 0.8744 0.8518
186 0.9377 0.4063 0.9155 0.8778 0.8549
187 0.9377 0.4134 0.9153 0.8713 0.8495
188 0.9410 0.3992 0.9197 0.8752 0.8509
189 0.9390 0.3993 0.9186 0.8719 0.8462
190 0.9387 0.4219 0.9152 0.8781 0.8554
191 0.9398 0.3967 0.9177 0.8773 0.8542
192 0.9373 0.4231 0.9140 0.8758 0.8525
193 0.9394 0.4114 0.9168 0.8767 0.8528
194 0.9399 0.4172 0.9182 0.8762 0.8532
195 0.9377 0.4022 0.9148 0.8811 0.8601
196 0.9379 0.4143 0.9157 0.8788 0.8563
197 0.9379 0.4035 0.9146 0.8678 0.8457
198 0.9415 0.3974 0.9196 0.8739 0.8521
199 0.9383 0.4122 0.9158 0.8647 0.8398
