epoch train_iou train_loss train_mAP val_iou val_mAP
0 0.6583 0.2639 0.5836 0.7468 0.7016
1 0.7638 0.2296 0.7163 0.7921 0.7535
2 0.7998 0.2463 0.7590 0.8072 0.7750
3 0.8111 0.2572 0.7734 0.8113 0.7836
4 0.8205 0.2790 0.7828 0.8253 0.7996
5 0.8353 0.2975 0.8006 0.8266 0.7935
6 0.8328 0.3209 0.8011 0.8398 0.8100
7 0.8358 0.3472 0.8017 0.8198 0.7846
8 0.8381 0.3809 0.8048 0.8052 0.7505
9 0.8465 0.3948 0.8124 0.8389 0.8148
10 0.8417 0.4176 0.8140 0.8176 0.7885
11 0.8505 0.4364 0.8200 0.8316 0.8084
12 0.8534 0.4315 0.8210 0.7981 0.7732
13 0.8559 0.4601 0.8263 0.8329 0.8024
14 0.8514 0.4891 0.8214 0.8467 0.8241
15 0.8586 0.5140 0.8298 0.8510 0.8248
16 0.8699 0.4927 0.8391 0.8214 0.7846
17 0.8553 0.5717 0.8264 0.8360 0.8075
18 0.8665 0.5569 0.8390 0.8462 0.8189
19 0.8660 0.5900 0.8386 0.8556 0.8237
20 0.8723 0.5899 0.8472 0.8546 0.8302
21 0.8722 0.5947 0.8460 0.8525 0.8331
22 0.8704 0.6225 0.8447 0.8590 0.8356
23 0.8713 0.6635 0.8445 0.8413 0.8137
24 0.8714 0.6779 0.8417 0.8643 0.8387
25 0.8655 0.7154 0.8370 0.8648 0.8373
26 0.8765 0.6880 0.8505 0.8635 0.8423
27 0.8658 0.7503 0.8359 0.8540 0.8277
28 0.8802 0.7004 0.8506 0.8577 0.8332
29 0.8824 0.7289 0.8568 0.8499 0.8290
30 0.8784 0.7388 0.8549 0.8669 0.8416
31 0.8745 0.8089 0.8457 0.8546 0.8283
32 0.8820 0.7770 0.8565 0.8659 0.8410
33 0.8886 0.7522 0.8642 0.8639 0.8405
34 0.8850 0.8076 0.8602 0.8670 0.8457
35 0.8910 0.7747 0.8639 0.8725 0.8480
36 0.8883 0.7994 0.8651 0.8649 0.8396
37 0.8923 0.7963 0.8683 0.8675 0.8494
38 0.8906 0.8310 0.8673 0.8685 0.8497
39 0.8929 0.8381 0.8679 0.8715 0.8524
40 0.8974 0.8107 0.8735 0.8698 0.8512
41 0.8967 0.8198 0.8724 0.8752 0.8562
42 0.8985 0.8361 0.8762 0.8700 0.8447
43 0.9018 0.8241 0.8796 0.8758 0.8569
44 0.9039 0.8288 0.8798 0.8750 0.8521
45 0.9083 0.7912 0.8884 0.8800 0.8600
46 0.9150 0.7754 0.8953 0.8738 0.8565
47 0.9083 0.8336 0.8867 0.8731 0.8505
48 0.9120 0.7797 0.8912 0.8783 0.8592
49 0.9177 0.7665 0.8984 0.8742 0.8555
50 0.8820 1.1720 0.8552 0.8532 0.8319
51 0.8560 1.3937 0.8263 0.8465 0.8240
52 0.8765 1.1847 0.8483 0.8381 0.7972
53 0.8723 1.2661 0.8443 0.8564 0.8308
54 0.8812 1.1362 0.8537 0.8517 0.8295
55 0.8726 1.2053 0.8467 0.8572 0.8335
56 0.8803 1.1761 0.8577 0.8473 0.8304
57 0.8845 1.1081 0.8578 0.8557 0.8305
58 0.8851 1.1224 0.8613 0.8519 0.8294
59 0.8910 1.0891 0.8672 0.8471 0.8226
60 0.8858 1.0935 0.8590 0.8628 0.8442
61 0.8897 1.0762 0.8667 0.8620 0.8432
62 0.8934 1.0292 0.8711 0.8568 0.8361
63 0.8887 1.0356 0.8655 0.8651 0.8414
64 0.8878 1.0824 0.8633 0.8703 0.8491
65 0.8905 1.0741 0.8671 0.8695 0.8457
66 0.8906 1.0634 0.8672 0.8753 0.8548
67 0.8975 0.9931 0.8752 0.8609 0.8447
68 0.8971 0.9865 0.8737 0.8693 0.8496
69 0.8988 0.9673 0.8772 0.8627 0.8426
70 0.8964 0.9991 0.8774 0.8678 0.8459
71 0.9002 0.9444 0.8770 0.8745 0.8499
72 0.8977 0.9810 0.8744 0.8775 0.8539
73 0.9017 0.9259 0.8804 0.8709 0.8494
74 0.9020 0.9664 0.8813 0.8678 0.8459
75 0.9060 0.8929 0.8799 0.8673 0.8457
76 0.9040 0.9065 0.8816 0.8711 0.8514
77 0.9029 0.9190 0.8792 0.8777 0.8562
78 0.9116 0.8611 0.8897 0.8656 0.8464
79 0.9050 0.8858 0.8843 0.8776 0.8592
80 0.9061 0.8883 0.8863 0.8738 0.8560
81 0.9141 0.8244 0.8961 0.8709 0.8497
82 0.9129 0.8188 0.8936 0.8737 0.8534
83 0.9077 0.8295 0.8893 0.8847 0.8635
84 0.9135 0.8286 0.8927 0.8792 0.8596
85 0.9145 0.7898 0.8952 0.8774 0.8587
86 0.9156 0.7935 0.8949 0.8803 0.8622
87 0.9228 0.7145 0.9069 0.8826 0.8632
88 0.9117 0.7664 0.8912 0.8831 0.8639
89 0.9204 0.7223 0.9003 0.8893 0.8726
90 0.9249 0.7076 0.9091 0.8816 0.8633
91 0.9218 0.7295 0.9035 0.8778 0.8602
92 0.9223 0.7123 0.9067 0.8806 0.8624
93 0.9199 0.7441 0.9015 0.8846 0.8671
94 0.9198 0.7137 0.8996 0.8846 0.8662
95 0.9248 0.6892 0.9059 0.8838 0.8671
96 0.9247 0.6709 0.9086 0.8857 0.8665
97 0.9330 0.6261 0.9176 0.8851 0.8668
98 0.9272 0.6590 0.9097 0.8873 0.8681
99 0.9307 0.6197 0.9171 0.8825 0.8635
100 0.9174 0.7815 0.8989 0.8753 0.8571
101 0.9141 0.8051 0.8936 0.8745 0.8531
102 0.9167 0.7794 0.8979 0.8792 0.8557
103 0.9153 0.7728 0.8986 0.8836 0.8625
104 0.9050 0.8707 0.8848 0.8785 0.8591
105 0.9131 0.8003 0.8924 0.8879 0.8669
106 0.9198 0.7368 0.9009 0.8773 0.8570
107 0.9216 0.7415 0.9037 0.8815 0.8621
108 0.9161 0.7838 0.8962 0.8748 0.8552
109 0.9236 0.7230 0.9059 0.8784 0.8582
110 0.9231 0.7381 0.9072 0.8796 0.8604
111 0.9155 0.7818 0.8978 0.8823 0.8624
112 0.9182 0.7467 0.8993 0.8769 0.8590
113 0.9263 0.7042 0.9104 0.8780 0.8605
114 0.9212 0.6999 0.9043 0.8742 0.8537
115 0.9228 0.7366 0.9032 0.8832 0.8636
116 0.9166 0.7449 0.8989 0.8738 0.8569
117 0.9188 0.7386 0.8981 0.8834 0.8637
118 0.9242 0.6717 0.9063 0.8737 0.8514
119 0.9224 0.7145 0.9031 0.8806 0.8611
120 0.9279 0.6622 0.9112 0.8782 0.8575
121 0.9147 0.7809 0.8975 0.8772 0.8585
122 0.9196 0.7210 0.9003 0.8777 0.8594
123 0.9186 0.7374 0.9022 0.8774 0.8565
124 0.9240 0.7020 0.9043 0.8800 0.8629
125 0.9246 0.7020 0.9067 0.8802 0.8614
126 0.9283 0.6622 0.9125 0.8815 0.8629
127 0.9267 0.6701 0.9091 0.8830 0.8644
128 0.9330 0.5952 0.9186 0.8799 0.8599
129 0.9341 0.6184 0.9204 0.8793 0.8597
130 0.9300 0.6301 0.9141 0.8805 0.8604
131 0.9292 0.6202 0.9105 0.8755 0.8570
132 0.9282 0.6526 0.9103 0.8871 0.8675
133 0.9359 0.5746 0.9193 0.8891 0.8684
134 0.9314 0.6303 0.9152 0.8861 0.8661
135 0.9317 0.5959 0.9166 0.8834 0.8644
136 0.9335 0.5822 0.9186 0.8856 0.8652
137 0.9362 0.5670 0.9212 0.8823 0.8614
138 0.9310 0.6156 0.9142 0.8816 0.8607
139 0.9339 0.6042 0.9182 0.8838 0.8639
140 0.9280 0.6219 0.9112 0.8852 0.8642
141 0.9416 0.5384 0.9285 0.8852 0.8665
142 0.9375 0.5737 0.9232 0.8869 0.8668
143 0.9346 0.5683 0.9204 0.8873 0.8673
144 0.9374 0.5688 0.9241 0.8843 0.8668
145 0.9312 0.5862 0.9158 0.8836 0.8652
146 0.9405 0.5396 0.9255 0.8842 0.8668
147 0.9348 0.5409 0.9213 0.8848 0.8661
148 0.9386 0.5391 0.9243 0.8829 0.8651
149 0.9382 0.5174 0.9234 0.8823 0.8641
150 0.9377 0.5377 0.9234 0.8867 0.8679
151 0.9361 0.5774 0.9196 0.8825 0.8629
152 0.9322 0.6172 0.9164 0.8787 0.8600
153 0.9292 0.6404 0.9128 0.8808 0.8635
154 0.9349 0.5921 0.9204 0.8832 0.8639
155 0.9286 0.6369 0.9122 0.8769 0.8580
156 0.9354 0.5819 0.9205 0.8822 0.8646
157 0.9330 0.5950 0.9190 0.8788 0.8580
158 0.9356 0.5748 0.9182 0.8780 0.8612
159 0.9344 0.5869 0.9194 0.8804 0.8610
160 0.9354 0.5827 0.9210 0.8821 0.8625
161 0.9330 0.5947 0.9192 0.8843 0.8651
162 0.9356 0.5783 0.9202 0.8840 0.8665
163 0.9379 0.5469 0.9241 0.8887 0.8675
164 0.9362 0.5899 0.9221 0.8815 0.8629
165 0.9351 0.5746 0.9217 0.8844 0.8639
166 0.9355 0.5680 0.9221 0.8837 0.8624
167 0.9363 0.5791 0.9228 0.8854 0.8637
168 0.9345 0.5867 0.9195 0.8825 0.8625
169 0.9380 0.5523 0.9240 0.8823 0.8632
170 0.9340 0.5663 0.9205 0.8833 0.8641
171 0.9322 0.5797 0.9185 0.8828 0.8645
172 0.9382 0.5435 0.9236 0.8863 0.8682
173 0.9397 0.5283 0.9273 0.8832 0.8655
174 0.9371 0.5418 0.9226 0.8852 0.8680
175 0.9382 0.5328 0.9277 0.8851 0.8645
176 0.9395 0.5114 0.9257 0.8840 0.8662
177 0.9411 0.5203 0.9266 0.8823 0.8619
178 0.9373 0.5434 0.9231 0.8847 0.8655
179 0.9406 0.5276 0.9280 0.8794 0.8611
180 0.9378 0.5327 0.9249 0.8847 0.8646
181 0.9390 0.5118 0.9272 0.8875 0.8677
182 0.9446 0.4830 0.9322 0.8865 0.8675
183 0.9398 0.5190 0.9270 0.8851 0.8646
184 0.9428 0.5237 0.9295 0.8847 0.8662
185 0.9422 0.5054 0.9282 0.8868 0.8664
186 0.9449 0.4858 0.9331 0.8862 0.8685
187 0.9416 0.4950 0.9290 0.8819 0.8637
188 0.9444 0.4762 0.9322 0.8787 0.8606
189 0.9439 0.4838 0.9318 0.8847 0.8656
190 0.9413 0.5064 0.9299 0.8841 0.8661
191 0.9451 0.4777 0.9337 0.8859 0.8659
192 0.9434 0.4815 0.9325 0.8850 0.8674
193 0.9405 0.5143 0.9297 0.8861 0.8674
194 0.9422 0.5146 0.9294 0.8841 0.8660
195 0.9430 0.4925 0.9316 0.8846 0.8669
196 0.9434 0.4870 0.9318 0.8845 0.8661
197 0.9398 0.5097 0.9266 0.8883 0.8686
198 0.9435 0.4774 0.9318 0.8852 0.8659
199 0.9437 0.4705 0.9320 0.8862 0.8675
