epoch train_iou train_loss train_mAP val_iou val_mAP
0 0.5558 0.1690 0.4812 0.6909 0.6298
1 0.7033 0.1562 0.6472 0.7258 0.6616
2 0.7432 0.1597 0.6958 0.7629 0.7114
3 0.7795 0.1702 0.7364 0.8021 0.7694
4 0.8069 0.1659 0.7652 0.8155 0.7824
5 0.8179 0.1722 0.7803 0.8227 0.7901
6 0.8183 0.1918 0.7768 0.8140 0.7766
7 0.8082 0.2259 0.7697 0.8227 0.7821
8 0.7935 0.2706 0.7518 0.8200 0.7811
9 0.7805 0.2990 0.7382 0.8101 0.7706
10 0.7865 0.3241 0.7442 0.7926 0.7527
11 0.8002 0.3262 0.7596 0.8269 0.7889
12 0.8223 0.3081 0.7834 0.8322 0.7997
13 0.8408 0.2863 0.8046 0.8407 0.8127
14 0.8546 0.2721 0.8202 0.8428 0.8118
15 0.8666 0.2600 0.8345 0.8498 0.8177
16 0.8561 0.2883 0.8226 0.8487 0.8182
17 0.8538 0.3154 0.8181 0.8193 0.7881
18 0.8314 0.3757 0.7950 0.8389 0.8044
19 0.8377 0.3861 0.8012 0.8266 0.7922
20 0.8262 0.4384 0.7898 0.8316 0.8010
21 0.8440 0.4150 0.8105 0.8405 0.8130
22 0.8555 0.3791 0.8231 0.8502 0.8226
23 0.8707 0.3568 0.8412 0.8373 0.8077
24 0.8831 0.3250 0.8516 0.8506 0.8231
25 0.8873 0.3239 0.8560 0.8534 0.8251
26 0.8845 0.3347 0.8536 0.8568 0.8265
27 0.8751 0.3729 0.8452 0.8543 0.8260
28 0.8638 0.4307 0.8315 0.8436 0.8155
29 0.8607 0.4672 0.8291 0.8375 0.8026
30 0.8502 0.5223 0.8167 0.8361 0.8044
31 0.8625 0.4809 0.8315 0.8469 0.8155
32 0.8596 0.4945 0.8288 0.8504 0.8201
33 0.8893 0.4054 0.8590 0.8486 0.8221
34 0.8939 0.3973 0.8632 0.8609 0.8357
35 0.8966 0.3818 0.8667 0.8597 0.8345
36 0.8984 0.3757 0.8686 0.8575 0.8288
37 0.8905 0.4285 0.8607 0.8584 0.8320
38 0.8809 0.4741 0.8511 0.8611 0.8335
39 0.8702 0.5335 0.8400 0.8487 0.8205
40 0.8640 0.6000 0.8318 0.8368 0.7971
41 0.8728 0.5502 0.8434 0.8434 0.8116
42 0.8877 0.4899 0.8587 0.8454 0.8134
43 0.8898 0.4946 0.8612 0.8552 0.8317
44 0.8995 0.4393 0.8711 0.8603 0.8364
45 0.9093 0.3916 0.8823 0.8619 0.8369
46 0.9015 0.4420 0.8746 0.8624 0.8364
47 0.9067 0.4252 0.8776 0.8597 0.8355
48 0.8963 0.5097 0.8677 0.8489 0.8236
49 0.8804 0.5970 0.8522 0.8533 0.8245
50 0.8755 0.6476 0.8442 0.8462 0.8140
51 0.8798 0.6336 0.8508 0.8470 0.8214
52 0.8970 0.5350 0.8674 0.8606 0.8332
53 0.9056 0.5045 0.8773 0.8577 0.8336
54 0.9094 0.4653 0.8840 0.8673 0.8401
55 0.9112 0.4668 0.8848 0.8668 0.8390
56 0.9082 0.4833 0.8810 0.8616 0.8330
57 0.9071 0.5021 0.8795 0.8608 0.8376
58 0.9036 0.5562 0.8761 0.8598 0.8322
59 0.8922 0.6426 0.8627 0.8471 0.8177
60 0.8719 0.7671 0.8418 0.8600 0.8295
61 0.8870 0.7004 0.8582 0.8556 0.8272
62 0.9027 0.6005 0.8750 0.8613 0.8376
63 0.9048 0.5572 0.8775 0.8709 0.8465
64 0.9127 0.5103 0.8870 0.8708 0.8433
65 0.9173 0.4976 0.8902 0.8715 0.8456
66 0.9127 0.5266 0.8867 0.8691 0.8429
67 0.9108 0.5585 0.8845 0.8706 0.8447
68 0.9016 0.6301 0.8761 0.8585 0.8341
69 0.8899 0.7360 0.8617 0.8651 0.8407
70 0.8806 0.8363 0.8491 0.8516 0.8254
71 0.8955 0.7205 0.8672 0.8495 0.8220
72 0.9005 0.6658 0.8741 0.8479 0.8157
73 0.9100 0.6005 0.8853 0.8676 0.8414
74 0.9138 0.5804 0.8881 0.8682 0.8439
75 0.9211 0.5277 0.8978 0.8707 0.8459
76 0.9224 0.5361 0.8983 0.8659 0.8417
77 0.9165 0.5598 0.8897 0.8638 0.8385
78 0.9014 0.6774 0.8754 0.8598 0.8361
79 0.9004 0.7189 0.8730 0.8544 0.8319
80 0.8867 0.8598 0.8578 0.8472 0.8221
81 0.8970 0.7969 0.8697 0.8609 0.8349
82 0.9006 0.7644 0.8757 0.8608 0.8373
83 0.9058 0.6897 0.8804 0.8648 0.8404
84 0.9145 0.6308 0.8880 0.8672 0.8429
85 0.9220 0.5785 0.8978 0.8664 0.8421
86 0.9220 0.5887 0.8981 0.8688 0.8450
87 0.9186 0.6185 0.8930 0.8582 0.8357
88 0.9097 0.7083 0.8831 0.8666 0.8389
89 0.9012 0.8149 0.8744 0.8586 0.8307
90 0.8906 0.9176 0.8619 0.8548 0.8295
91 0.8987 0.8476 0.8708 0.8505 0.8273
92 0.9036 0.8187 0.8766 0.8625 0.8384
93 0.9080 0.7421 0.8837 0.8675 0.8425
94 0.9169 0.6612 0.8937 0.8699 0.8450
95 0.9173 0.6753 0.8947 0.8677 0.8431
96 0.9171 0.6824 0.8946 0.8708 0.8456
97 0.9112 0.7227 0.8884 0.8687 0.8421
98 0.9107 0.7578 0.8868 0.8658 0.8401
99 0.9057 0.8493 0.8807 0.8598 0.8361
100 0.9103 0.7754 0.8839 0.8627 0.8351
101 0.9162 0.7287 0.8911 0.8660 0.8422
102 0.9163 0.6946 0.8922 0.8702 0.8455
103 0.9203 0.6388 0.8984 0.8729 0.8482
104 0.9279 0.6271 0.9068 0.8724 0.8501
105 0.9253 0.6183 0.9022 0.8730 0.8498
106 0.9292 0.6080 0.9072 0.8757 0.8500
107 0.9284 0.6033 0.9070 0.8720 0.8502
108 0.9241 0.6267 0.9035 0.8670 0.8422
109 0.9199 0.6712 0.9007 0.8694 0.8414
110 0.9172 0.7017 0.8941 0.8777 0.8529
111 0.9171 0.6856 0.8958 0.8745 0.8475
112 0.9246 0.6078 0.9033 0.8695 0.8433
113 0.9204 0.6434 0.8972 0.8715 0.8471
114 0.9261 0.6146 0.9067 0.8736 0.8497
115 0.9278 0.5797 0.9080 0.8758 0.8509
116 0.9280 0.5830 0.9081 0.8743 0.8510
117 0.9303 0.5938 0.9104 0.8740 0.8503
118 0.9254 0.6088 0.9039 0.8706 0.8438
119 0.9267 0.6205 0.9064 0.8705 0.8454
120 0.9255 0.6380 0.9052 0.8607 0.8371
121 0.9255 0.6244 0.9040 0.8678 0.8450
122 0.9247 0.6045 0.9044 0.8718 0.8484
123 0.9269 0.5917 0.9068 0.8688 0.8481
124 0.9270 0.5846 0.9078 0.8741 0.8479
125 0.9296 0.5560 0.9108 0.8702 0.8467
126 0.9321 0.5493 0.9133 0.8760 0.8542
127 0.9304 0.5695 0.9098 0.8747 0.8504
128 0.9239 0.6042 0.9067 0.8703 0.8455
129 0.9248 0.6400 0.9053 0.8735 0.8494
130 0.9222 0.6740 0.9018 0.8743 0.8522
131 0.9261 0.6072 0.9057 0.8755 0.8511
132 0.9244 0.5990 0.9042 0.8786 0.8542
133 0.9307 0.5744 0.9122 0.8780 0.8554
134 0.9291 0.5693 0.9112 0.8800 0.8570
135 0.9333 0.5416 0.9154 0.8795 0.8565
136 0.9355 0.5239 0.9175 0.8800 0.8567
137 0.9292 0.5640 0.9100 0.8824 0.8587
138 0.9303 0.5773 0.9107 0.8715 0.8476
139 0.9309 0.5866 0.9135 0.8724 0.8521
140 0.9246 0.6543 0.9029 0.8673 0.8463
141 0.9289 0.5898 0.9093 0.8749 0.8524
142 0.9245 0.6055 0.9071 0.8723 0.8490
143 0.9326 0.5417 0.9140 0.8717 0.8486
144 0.9323 0.5546 0.9138 0.8745 0.8507
145 0.9324 0.5403 0.9137 0.8732 0.8495
146 0.9346 0.5365 0.9164 0.8740 0.8509
147 0.9350 0.5260 0.9176 0.8742 0.8521
148 0.9334 0.5460 0.9153 0.8635 0.8429
149 0.9280 0.5894 0.9096 0.8722 0.8510
150 0.9274 0.6117 0.9087 0.8648 0.8399
151 0.9226 0.6495 0.9018 0.8684 0.8484
152 0.9287 0.5903 0.9097 0.8726 0.8486
153 0.9327 0.5565 0.9148 0.8745 0.8519
154 0.9352 0.5199 0.9177 0.8739 0.8516
155 0.9353 0.5459 0.9204 0.8752 0.8525
156 0.9352 0.5172 0.9182 0.8766 0.8544
157 0.9355 0.5387 0.9184 0.8720 0.8491
158 0.9336 0.5411 0.9167 0.8704 0.8452
159 0.9293 0.5768 0.9123 0.8685 0.8484
160 0.9328 0.5659 0.9162 0.8727 0.8495
161 0.9356 0.5098 0.9190 0.8750 0.8516
162 0.9330 0.5518 0.9157 0.8747 0.8514
163 0.9351 0.5020 0.9192 0.8758 0.8529
164 0.9338 0.5173 0.9176 0.8745 0.8519
165 0.9345 0.5065 0.9182 0.8745 0.8521
166 0.9306 0.5257 0.9142 0.8752 0.8521
167 0.9349 0.5047 0.9179 0.8774 0.8539
168 0.9394 0.5024 0.9251 0.8726 0.8511
169 0.9377 0.5033 0.9226 0.8746 0.8520
170 0.9353 0.5074 0.9191 0.8680 0.8477
171 0.9351 0.4944 0.9212 0.8697 0.8490
172 0.9365 0.4986 0.9211 0.8702 0.8491
173 0.9388 0.4762 0.9248 0.8698 0.8485
174 0.9373 0.4837 0.9218 0.8694 0.8476
175 0.9394 0.4757 0.9243 0.8694 0.8476
176 0.9346 0.4967 0.9188 0.8705 0.8495
177 0.9374 0.4860 0.9235 0.8710 0.8500
178 0.9396 0.4661 0.9255 0.8710 0.8494
179 0.9379 0.4753 0.9240 0.8716 0.8491
180 0.9386 0.4898 0.9234 0.8692 0.8490
181 0.9373 0.4758 0.9243 0.8730 0.8491
182 0.9395 0.4743 0.9250 0.8720 0.8501
183 0.9360 0.4905 0.9220 0.8725 0.8506
184 0.9371 0.4790 0.9217 0.8707 0.8481
185 0.9414 0.4625 0.9271 0.8718 0.8496
186 0.9352 0.4832 0.9212 0.8698 0.8472
187 0.9396 0.4837 0.9251 0.8718 0.8506
188 0.9404 0.4690 0.9261 0.8706 0.8494
189 0.9397 0.4643 0.9259 0.8757 0.8540
190 0.9364 0.4808 0.9212 0.8712 0.8472
191 0.9387 0.4626 0.9261 0.8695 0.8440
192 0.9409 0.4510 0.9277 0.8700 0.8466
193 0.9431 0.4428 0.9297 0.8693 0.8462
194 0.9370 0.4766 0.9231 0.8724 0.8484
195 0.9392 0.4595 0.9262 0.8722 0.8496
196 0.9377 0.4708 0.9245 0.8745 0.8504
197 0.9408 0.4524 0.9268 0.8722 0.8495
198 0.9401 0.4649 0.9273 0.8693 0.8467
199 0.9410 0.4600 0.9286 0.8762 0.8541
