epoch train_iou train_loss train_mAP val_iou val_mAP
0 0.5295 0.1628 0.4492 0.6589 0.5860
1 0.6798 0.1572 0.6177 0.7474 0.6969
2 0.7450 0.1590 0.6939 0.7465 0.6970
3 0.7656 0.1655 0.7174 0.7874 0.7439
4 0.8023 0.1734 0.7594 0.8013 0.7576
5 0.8068 0.1798 0.7676 0.8079 0.7683
6 0.7960 0.2195 0.7553 0.8191 0.7740
7 0.7858 0.2424 0.7389 0.8185 0.7789
8 0.8000 0.2597 0.7588 0.7888 0.7466
9 0.7976 0.2890 0.7527 0.7831 0.7400
10 0.7946 0.3053 0.7460 0.8159 0.7782
11 0.8168 0.3034 0.7742 0.8366 0.8000
12 0.8252 0.2942 0.7905 0.8363 0.7982
13 0.8406 0.2765 0.8067 0.8335 0.7990
14 0.8599 0.2707 0.8275 0.8415 0.8116
15 0.8637 0.2756 0.8313 0.8514 0.8201
16 0.8563 0.2929 0.8245 0.8482 0.8180
17 0.8534 0.3090 0.8195 0.8452 0.8107
18 0.8476 0.3431 0.8125 0.8433 0.8104
19 0.8436 0.3789 0.8089 0.8399 0.7992
20 0.8347 0.3962 0.7994 0.8291 0.7975
21 0.8540 0.3773 0.8207 0.8452 0.8150
22 0.8531 0.3881 0.8210 0.8472 0.8102
23 0.8708 0.3658 0.8422 0.8521 0.8244
24 0.8725 0.3442 0.8435 0.8589 0.8276
25 0.8841 0.3453 0.8538 0.8609 0.8326
26 0.8767 0.3518 0.8471 0.8530 0.8220
27 0.8690 0.4045 0.8381 0.8575 0.8292
28 0.8722 0.4079 0.8397 0.8521 0.8209
29 0.8665 0.4384 0.8386 0.8548 0.8254
30 0.8625 0.4864 0.8314 0.8474 0.8208
31 0.8704 0.4680 0.8372 0.8576 0.8301
32 0.8752 0.4436 0.8460 0.8561 0.8259
33 0.8821 0.4177 0.8544 0.8569 0.8290
34 0.8888 0.4078 0.8633 0.8607 0.8331
35 0.8920 0.3988 0.8662 0.8646 0.8371
36 0.8983 0.3940 0.8725 0.8662 0.8417
37 0.8882 0.4416 0.8621 0.8632 0.8357
38 0.8804 0.4984 0.8522 0.8606 0.8362
39 0.8771 0.5371 0.8476 0.8650 0.8371
40 0.8752 0.5568 0.8421 0.8613 0.8340
41 0.8736 0.5661 0.8467 0.8581 0.8288
42 0.8902 0.4992 0.8644 0.8626 0.8397
43 0.9003 0.4637 0.8767 0.8756 0.8491
44 0.9048 0.4258 0.8799 0.8722 0.8490
45 0.9057 0.4292 0.8830 0.8740 0.8490
46 0.9029 0.4573 0.8774 0.8750 0.8486
47 0.9016 0.4749 0.8770 0.8660 0.8447
48 0.8966 0.5119 0.8712 0.8709 0.8455
49 0.8885 0.5561 0.8615 0.8706 0.8426
50 0.8836 0.5987 0.8591 0.8512 0.8285
51 0.8866 0.6071 0.8610 0.8615 0.8301
52 0.8974 0.5540 0.8741 0.8699 0.8474
53 0.8975 0.5506 0.8706 0.8757 0.8506
54 0.9095 0.5068 0.8857 0.8752 0.8525
55 0.9108 0.5006 0.8880 0.8745 0.8519
56 0.9138 0.4872 0.8903 0.8739 0.8485
57 0.9137 0.5088 0.8878 0.8725 0.8494
58 0.8986 0.5799 0.8735 0.8650 0.8384
59 0.8937 0.6375 0.8717 0.8533 0.8319
60 0.8939 0.6323 0.8693 0.8634 0.8341
61 0.8868 0.7033 0.8606 0.8594 0.8338
62 0.8970 0.6371 0.8710 0.8717 0.8455
63 0.9033 0.5942 0.8791 0.8740 0.8466
64 0.9104 0.5481 0.8887 0.8721 0.8454
65 0.9153 0.5350 0.8923 0.8736 0.8490
66 0.9167 0.5447 0.8968 0.8775 0.8540
67 0.9042 0.6144 0.8805 0.8750 0.8509
68 0.9057 0.6371 0.8854 0.8708 0.8445
69 0.9142 0.5954 0.8949 0.8780 0.8507
70 0.8965 0.7293 0.8725 0.8651 0.8375
71 0.8959 0.7441 0.8712 0.8661 0.8435
72 0.9048 0.6746 0.8806 0.8690 0.8423
73 0.9104 0.6176 0.8908 0.8762 0.8521
74 0.9150 0.6029 0.8930 0.8742 0.8495
75 0.9084 0.6365 0.8858 0.8741 0.8503
76 0.9130 0.6005 0.8909 0.8794 0.8557
77 0.9211 0.5866 0.9000 0.8774 0.8536
78 0.9164 0.6361 0.8950 0.8725 0.8461
79 0.9063 0.7116 0.8840 0.8724 0.8470
80 0.8965 0.7987 0.8708 0.8673 0.8371
81 0.9032 0.7691 0.8802 0.8761 0.8501
82 0.9094 0.7052 0.8856 0.8727 0.8502
83 0.9197 0.6395 0.8998 0.8709 0.8475
84 0.9205 0.6284 0.8951 0.8766 0.8549
85 0.9262 0.6105 0.9078 0.8808 0.8609
86 0.9226 0.6493 0.9023 0.8738 0.8536
87 0.9218 0.6383 0.9029 0.8833 0.8594
88 0.9129 0.7180 0.8923 0.8781 0.8527
89 0.9068 0.7782 0.8872 0.8763 0.8534
90 0.9041 0.8360 0.8816 0.8634 0.8385
91 0.9047 0.8263 0.8828 0.8720 0.8487
92 0.9178 0.7493 0.8970 0.8800 0.8546
93 0.9096 0.7680 0.8847 0.8730 0.8490
94 0.9143 0.7301 0.8926 0.8725 0.8517
95 0.9167 0.7170 0.8947 0.8752 0.8526
96 0.9207 0.6890 0.9011 0.8792 0.8581
97 0.9299 0.6586 0.9122 0.8725 0.8479
98 0.9139 0.7896 0.8915 0.8741 0.8510
99 0.9192 0.7570 0.8990 0.8796 0.8554
100 0.9149 0.7936 0.8904 0.8831 0.8602
101 0.9165 0.7673 0.8970 0.8900 0.8687
102 0.9147 0.7377 0.8943 0.8857 0.8625
103 0.9230 0.6805 0.9026 0.8856 0.8645
104 0.9252 0.6553 0.9046 0.8890 0.8682
105 0.9243 0.6777 0.9036 0.8857 0.8639
106 0.9254 0.6515 0.9061 0.8869 0.8650
107 0.9293 0.6349 0.9127 0.8871 0.8675
108 0.9219 0.7108 0.9007 0.8860 0.8621
109 0.9283 0.6512 0.9120 0.8827 0.8582
110 0.9229 0.6951 0.9032 0.8776 0.8545
111 0.9250 0.6830 0.9046 0.8815 0.8586
112 0.9198 0.6966 0.9011 0.8906 0.8677
113 0.9257 0.6730 0.9066 0.8834 0.8610
114 0.9346 0.6073 0.9165 0.8853 0.8626
115 0.9302 0.6155 0.9113 0.8880 0.8659
116 0.9279 0.6547 0.9084 0.8929 0.8707
117 0.9325 0.6154 0.9133 0.8888 0.8684
118 0.9287 0.6388 0.9112 0.8859 0.8635
119 0.9327 0.6257 0.9156 0.8863 0.8655
120 0.9354 0.6029 0.9184 0.8808 0.8600
121 0.9249 0.6781 0.9073 0.8904 0.8680
122 0.9307 0.6145 0.9113 0.8818 0.8564
123 0.9295 0.6358 0.9097 0.8854 0.8621
124 0.9294 0.6110 0.9128 0.8825 0.8595
125 0.9332 0.5892 0.9149 0.8808 0.8582
126 0.9263 0.6401 0.9066 0.8875 0.8640
127 0.9295 0.6381 0.9113 0.8892 0.8686
128 0.9255 0.6728 0.9071 0.8915 0.8689
129 0.9321 0.6142 0.9145 0.8841 0.8618
130 0.9258 0.6779 0.9072 0.8792 0.8559
131 0.9295 0.6476 0.9104 0.8872 0.8630
132 0.9331 0.6179 0.9152 0.8835 0.8621
133 0.9281 0.6511 0.9104 0.8812 0.8591
134 0.9324 0.5930 0.9155 0.8829 0.8604
135 0.9303 0.5971 0.9116 0.8846 0.8619
136 0.9313 0.6001 0.9140 0.8874 0.8645
137 0.9387 0.5468 0.9222 0.8843 0.8632
138 0.9335 0.5890 0.9175 0.8828 0.8612
139 0.9285 0.6270 0.9102 0.8879 0.8674
140 0.9281 0.6278 0.9087 0.8877 0.8643
141 0.9247 0.6819 0.9079 0.8798 0.8590
142 0.9305 0.6326 0.9138 0.8862 0.8650
143 0.9317 0.5932 0.9139 0.8880 0.8661
144 0.9335 0.5981 0.9153 0.8867 0.8672
145 0.9367 0.5570 0.9202 0.8850 0.8657
146 0.9371 0.5681 0.9193 0.8862 0.8658
147 0.9383 0.5503 0.9230 0.8843 0.8635
148 0.9342 0.5911 0.9174 0.8920 0.8705
149 0.9352 0.5955 0.9198 0.8920 0.8705
150 0.9268 0.6488 0.9077 0.8808 0.8586
151 0.9336 0.6110 0.9168 0.8875 0.8645
152 0.9321 0.6217 0.9143 0.8896 0.8691
153 0.9309 0.6038 0.9140 0.8893 0.8670
154 0.9396 0.5441 0.9243 0.8959 0.8757
155 0.9341 0.5650 0.9179 0.8953 0.8739
156 0.9354 0.5588 0.9181 0.8901 0.8700
157 0.9331 0.5899 0.9145 0.8966 0.8741
158 0.9322 0.6001 0.9152 0.8928 0.8716
159 0.9314 0.6046 0.9144 0.8911 0.8692
160 0.9348 0.5590 0.9179 0.8895 0.8682
161 0.9358 0.5486 0.9202 0.8881 0.8671
162 0.9355 0.5755 0.9182 0.8869 0.8671
163 0.9411 0.5011 0.9285 0.8868 0.8668
164 0.9396 0.5366 0.9235 0.8885 0.8690
165 0.9384 0.5252 0.9232 0.8940 0.8745
166 0.9455 0.5003 0.9330 0.8913 0.8710
167 0.9393 0.5268 0.9240 0.8917 0.8719
168 0.9391 0.5328 0.9238 0.8898 0.8691
169 0.9382 0.5336 0.9213 0.8937 0.8748
170 0.9409 0.5252 0.9258 0.8911 0.8703
171 0.9352 0.5416 0.9208 0.8933 0.8726
172 0.9384 0.5557 0.9226 0.8922 0.8724
173 0.9388 0.5234 0.9231 0.8924 0.8727
174 0.9367 0.5399 0.9198 0.8934 0.8729
175 0.9419 0.5017 0.9272 0.8927 0.8736
176 0.9425 0.5084 0.9287 0.8951 0.8750
177 0.9359 0.5459 0.9189 0.8941 0.8739
178 0.9410 0.5035 0.9256 0.8951 0.8745
179 0.9444 0.5049 0.9283 0.8910 0.8704
180 0.9453 0.4725 0.9307 0.8934 0.8749
181 0.9418 0.4968 0.9287 0.8958 0.8749
182 0.9457 0.4885 0.9326 0.8901 0.8712
183 0.9403 0.5268 0.9243 0.8919 0.8735
184 0.9452 0.4712 0.9299 0.8955 0.8771
185 0.9401 0.5246 0.9237 0.8947 0.8756
186 0.9432 0.4847 0.9285 0.8938 0.8753
187 0.9442 0.4977 0.9295 0.8960 0.8760
188 0.9431 0.4946 0.9267 0.8910 0.8714
189 0.9407 0.5128 0.9267 0.8948 0.8763
190 0.9417 0.4920 0.9260 0.8910 0.8714
191 0.9417 0.4962 0.9255 0.8909 0.8719
192 0.9441 0.4748 0.9307 0.8897 0.8715
193 0.9369 0.5468 0.9225 0.8924 0.8732
194 0.9409 0.5069 0.9265 0.8922 0.8718
195 0.9442 0.4850 0.9286 0.8922 0.8724
196 0.9360 0.5315 0.9217 0.8915 0.8726
197 0.9389 0.5142 0.9225 0.8973 0.8771
198 0.9439 0.4811 0.9320 0.8940 0.8745
199 0.9436 0.5069 0.9303 0.8952 0.8760
