epoch train_iou train_loss train_mAP val_iou val_mAP
0 0.5569 0.1648 0.4821 0.5881 0.5375
1 0.6986 0.1477 0.6371 0.7209 0.6709
2 0.7219 0.1684 0.6660 0.7536 0.7043
3 0.7493 0.1735 0.6985 0.7423 0.6957
4 0.7761 0.1765 0.7284 0.7773 0.7371
5 0.7840 0.1944 0.7392 0.7840 0.7447
6 0.7888 0.2024 0.7425 0.7800 0.7393
7 0.7852 0.2407 0.7407 0.7783 0.7304
8 0.7689 0.2753 0.7222 0.7774 0.7208
9 0.7721 0.3003 0.7253 0.7469 0.7052
10 0.7847 0.3153 0.7371 0.7556 0.7067
11 0.7921 0.3118 0.7532 0.7998 0.7635
12 0.8080 0.3119 0.7677 0.8098 0.7720
13 0.8269 0.3005 0.7894 0.8264 0.7933
14 0.8411 0.2847 0.8033 0.8285 0.7957
15 0.8480 0.2874 0.8133 0.8344 0.8041
16 0.8469 0.3103 0.8103 0.8229 0.7947
17 0.8445 0.3293 0.8073 0.8313 0.7980
18 0.8323 0.3755 0.7953 0.8257 0.7935
19 0.8230 0.4098 0.7881 0.8168 0.7739
20 0.8228 0.4286 0.7862 0.8366 0.8042
21 0.8240 0.4393 0.7880 0.8212 0.7938
22 0.8402 0.4064 0.8044 0.8360 0.8054
23 0.8576 0.3858 0.8229 0.8277 0.8024
24 0.8623 0.3678 0.8292 0.8377 0.8115
25 0.8759 0.3559 0.8430 0.8387 0.8123
26 0.8742 0.3636 0.8422 0.8398 0.8125
27 0.8654 0.4076 0.8316 0.8192 0.7888
28 0.8558 0.4472 0.8222 0.8268 0.7980
29 0.8490 0.4870 0.8131 0.8192 0.7894
30 0.8382 0.5575 0.8000 0.8361 0.8094
31 0.8494 0.5275 0.8165 0.8352 0.8063
32 0.8606 0.4932 0.8295 0.8462 0.8129
33 0.8689 0.4537 0.8353 0.8532 0.8280
34 0.8793 0.4323 0.8483 0.8487 0.8238
35 0.8874 0.4071 0.8566 0.8492 0.8245
36 0.8880 0.4196 0.8587 0.8532 0.8279
37 0.8770 0.4637 0.8470 0.8446 0.8190
38 0.8762 0.4895 0.8450 0.8275 0.8044
39 0.8590 0.5740 0.8243 0.8401 0.8099
40 0.8517 0.6247 0.8151 0.8258 0.7933
41 0.8578 0.6043 0.8254 0.8361 0.8125
42 0.8752 0.5496 0.8440 0.8324 0.8126
43 0.8776 0.5241 0.8447 0.8548 0.8286
44 0.8880 0.4921 0.8580 0.8513 0.8244
45 0.8942 0.4675 0.8646 0.8545 0.8282
46 0.8943 0.4711 0.8645 0.8542 0.8282
47 0.8872 0.5223 0.8573 0.8516 0.8270
48 0.8848 0.5654 0.8546 0.8468 0.8195
49 0.8738 0.6320 0.8416 0.8443 0.8173
50 0.8697 0.6674 0.8391 0.8497 0.8237
51 0.8716 0.6703 0.8383 0.8476 0.8222
52 0.8745 0.6466 0.8425 0.8424 0.8162
53 0.8875 0.5716 0.8563 0.8566 0.8306
54 0.9006 0.5255 0.8729 0.8595 0.8361
55 0.9008 0.5239 0.8725 0.8613 0.8387
56 0.9041 0.5212 0.8735 0.8586 0.8365
57 0.8979 0.5709 0.8657 0.8543 0.8308
58 0.8930 0.6141 0.8630 0.8564 0.8298
59 0.8854 0.6638 0.8564 0.8471 0.8175
60 0.8673 0.7943 0.8315 0.8372 0.8101
61 0.8779 0.7411 0.8464 0.8494 0.8220
62 0.8963 0.6297 0.8679 0.8501 0.8256
63 0.8948 0.6234 0.8665 0.8557 0.8340
64 0.9081 0.5573 0.8791 0.8598 0.8373
65 0.9083 0.5607 0.8801 0.8617 0.8403
66 0.9116 0.5534 0.8841 0.8575 0.8359
67 0.9056 0.5935 0.8778 0.8598 0.8367
68 0.8942 0.6746 0.8670 0.8458 0.8240
69 0.8964 0.7231 0.8679 0.8455 0.8225
70 0.8863 0.7753 0.8592 0.8478 0.8200
71 0.8828 0.8040 0.8520 0.8496 0.8244
72 0.8964 0.7006 0.8661 0.8602 0.8352
73 0.9003 0.6689 0.8738 0.8450 0.8245
74 0.9119 0.6273 0.8859 0.8532 0.8312
75 0.9161 0.6109 0.8893 0.8560 0.8347
76 0.9106 0.6189 0.8825 0.8573 0.8327
77 0.9095 0.6389 0.8828 0.8402 0.8172
78 0.9041 0.7006 0.8802 0.8603 0.8319
79 0.8956 0.7743 0.8670 0.8609 0.8349
80 0.8948 0.8286 0.8656 0.8490 0.8232
81 0.8913 0.8251 0.8625 0.8581 0.8353
82 0.8960 0.7907 0.8683 0.8532 0.8272
83 0.9071 0.7203 0.8795 0.8552 0.8313
84 0.9130 0.6613 0.8876 0.8540 0.8319
85 0.9123 0.6620 0.8865 0.8556 0.8337
86 0.9155 0.6488 0.8913 0.8611 0.8391
87 0.9141 0.6652 0.8876 0.8619 0.8394
88 0.9056 0.7499 0.8790 0.8573 0.8357
89 0.8944 0.8702 0.8669 0.8479 0.8231
90 0.8828 0.9921 0.8529 0.8456 0.8198
91 0.8889 0.9325 0.8614 0.8624 0.8385
92 0.9025 0.8173 0.8758 0.8583 0.8350
93 0.9044 0.7790 0.8791 0.8664 0.8454
94 0.9117 0.7430 0.8868 0.8647 0.8435
95 0.9185 0.6803 0.8944 0.8630 0.8439
96 0.9167 0.7048 0.8947 0.8616 0.8398
97 0.9166 0.7439 0.8893 0.8701 0.8469
98 0.9126 0.7681 0.8875 0.8574 0.8331
99 0.8988 0.9101 0.8711 0.8518 0.8297
100 0.9075 0.8442 0.8825 0.8590 0.8365
101 0.9107 0.7952 0.8866 0.8601 0.8395
102 0.9176 0.7103 0.8921 0.8611 0.8397
103 0.9185 0.7137 0.8945 0.8591 0.8385
104 0.9187 0.7053 0.8935 0.8631 0.8416
105 0.9197 0.6891 0.8966 0.8586 0.8382
106 0.9241 0.6670 0.9024 0.8582 0.8369
107 0.9222 0.6571 0.8980 0.8611 0.8367
108 0.9241 0.6633 0.9013 0.8557 0.8341
109 0.9220 0.6862 0.8988 0.8559 0.8379
110 0.9146 0.7069 0.8920 0.8654 0.8412
111 0.9214 0.6995 0.8967 0.8594 0.8410
112 0.9221 0.6693 0.8982 0.8642 0.8447
113 0.9248 0.6440 0.9028 0.8597 0.8403
114 0.9251 0.6470 0.9037 0.8608 0.8392
115 0.9256 0.6304 0.9031 0.8587 0.8377
116 0.9273 0.6199 0.9069 0.8614 0.8389
117 0.9246 0.6669 0.9017 0.8640 0.8416
118 0.9245 0.6550 0.9020 0.8579 0.8375
119 0.9202 0.6712 0.8980 0.8732 0.8516
120 0.9253 0.6684 0.9030 0.8576 0.8353
121 0.9230 0.6667 0.9006 0.8528 0.8339
122 0.9200 0.6922 0.8978 0.8630 0.8403
123 0.9252 0.6390 0.9029 0.8568 0.8326
124 0.9284 0.6171 0.9086 0.8682 0.8469
125 0.9274 0.6153 0.9068 0.8641 0.8425
126 0.9267 0.6068 0.9066 0.8621 0.8392
127 0.9256 0.6391 0.9034 0.8562 0.8329
128 0.9254 0.6356 0.9036 0.8660 0.8435
129 0.9246 0.6483 0.9040 0.8610 0.8371
130 0.9271 0.6353 0.9063 0.8626 0.8391
131 0.9217 0.6606 0.8991 0.8606 0.8400
132 0.9334 0.6019 0.9122 0.8573 0.8374
133 0.9266 0.6300 0.9043 0.8633 0.8415
134 0.9282 0.6107 0.9087 0.8600 0.8386
135 0.9341 0.5756 0.9156 0.8594 0.8381
136 0.9322 0.5930 0.9115 0.8556 0.8353
137 0.9309 0.5792 0.9117 0.8584 0.8346
138 0.9324 0.5868 0.9122 0.8579 0.8385
139 0.9247 0.6654 0.9040 0.8548 0.8349
140 0.9249 0.6589 0.9029 0.8675 0.8433
141 0.9231 0.6521 0.9015 0.8638 0.8406
142 0.9292 0.6216 0.9104 0.8594 0.8395
143 0.9285 0.6123 0.9086 0.8626 0.8429
144 0.9281 0.6009 0.9089 0.8646 0.8425
145 0.9332 0.5460 0.9146 0.8606 0.8391
146 0.9332 0.5673 0.9127 0.8653 0.8415
147 0.9292 0.5959 0.9094 0.8641 0.8441
148 0.9244 0.6206 0.9047 0.8683 0.8499
149 0.9299 0.5921 0.9093 0.8577 0.8369
150 0.9234 0.6808 0.9040 0.8493 0.8238
151 0.9218 0.6939 0.9002 0.8634 0.8451
152 0.9264 0.6572 0.9042 0.8584 0.8379
153 0.9271 0.6019 0.9072 0.8601 0.8395
154 0.9326 0.5913 0.9125 0.8611 0.8400
155 0.9326 0.5581 0.9146 0.8622 0.8411
156 0.9313 0.5705 0.9140 0.8636 0.8407
157 0.9289 0.5856 0.9092 0.8605 0.8386
158 0.9259 0.6188 0.9063 0.8608 0.8394
159 0.9301 0.6150 0.9085 0.8576 0.8345
160 0.9332 0.5716 0.9153 0.8591 0.8365
161 0.9331 0.5666 0.9139 0.8626 0.8434
162 0.9347 0.5435 0.9156 0.8629 0.8423
163 0.9325 0.5669 0.9152 0.8615 0.8392
164 0.9350 0.5344 0.9175 0.8596 0.8385
165 0.9360 0.5331 0.9183 0.8612 0.8410
166 0.9364 0.5211 0.9198 0.8604 0.8398
167 0.9317 0.5595 0.9130 0.8626 0.8430
168 0.9311 0.5623 0.9133 0.8611 0.8409
169 0.9366 0.5157 0.9192 0.8598 0.8406
170 0.9345 0.5485 0.9164 0.8600 0.8395
171 0.9364 0.5294 0.9187 0.8611 0.8406
172 0.9329 0.5380 0.9143 0.8636 0.8429
173 0.9349 0.5296 0.9171 0.8603 0.8388
174 0.9303 0.5456 0.9120 0.8643 0.8430
175 0.9390 0.5115 0.9237 0.8641 0.8431
176 0.9326 0.5418 0.9159 0.8644 0.8418
177 0.9362 0.5216 0.9179 0.8630 0.8407
178 0.9373 0.5159 0.9206 0.8641 0.8444
179 0.9340 0.5347 0.9154 0.8624 0.8409
180 0.9333 0.5286 0.9160 0.8650 0.8438
181 0.9354 0.5264 0.9178 0.8684 0.8469
182 0.9353 0.5175 0.9186 0.8629 0.8417
183 0.9345 0.5276 0.9177 0.8615 0.8418
184 0.9369 0.5225 0.9187 0.8650 0.8438
185 0.9379 0.4951 0.9190 0.8654 0.8450
186 0.9354 0.5149 0.9181 0.8653 0.8454
187 0.9372 0.5274 0.9195 0.8623 0.8409
188 0.9361 0.5074 0.9196 0.8636 0.8428
189 0.9406 0.4840 0.9247 0.8656 0.8456
190 0.9339 0.5115 0.9177 0.8628 0.8424
191 0.9369 0.5170 0.9202 0.8658 0.8452
192 0.9363 0.5059 0.9193 0.8629 0.8438
193 0.9383 0.4974 0.9218 0.8636 0.8434
194 0.9349 0.5188 0.9174 0.8641 0.8447
195 0.9372 0.5084 0.9214 0.8628 0.8429
196 0.9341 0.5247 0.9167 0.8646 0.8447
197 0.9364 0.5103 0.9192 0.8645 0.8451
198 0.9386 0.5086 0.9220 0.8634 0.8428
199 0.9373 0.5086 0.9205 0.8629 0.8427
