epoch train_iou train_loss train_mAP val_iou val_mAP
0 0.6116 0.2822 0.5335 0.7302 0.6780
1 0.7256 0.2505 0.6649 0.7498 0.6996
2 0.7503 0.2604 0.6925 0.8009 0.7615
3 0.7901 0.2688 0.7375 0.8200 0.7798
4 0.8201 0.2627 0.7784 0.8303 0.7987
5 0.8264 0.2802 0.7835 0.8340 0.7994
6 0.8106 0.3503 0.7645 0.8345 0.7984
7 0.8272 0.3619 0.7871 0.8226 0.7884
8 0.8232 0.4037 0.7767 0.8299 0.7921
9 0.8283 0.4451 0.7892 0.8525 0.8198
10 0.8272 0.4542 0.7883 0.8172 0.7872
11 0.8437 0.4548 0.8078 0.8501 0.8207
12 0.8526 0.4356 0.8173 0.8464 0.8171
13 0.8633 0.4262 0.8340 0.8572 0.8265
14 0.8740 0.4194 0.8420 0.8582 0.8346
15 0.8730 0.4334 0.8416 0.8621 0.8361
16 0.8786 0.4446 0.8508 0.8665 0.8390
17 0.8642 0.5117 0.8304 0.8589 0.8315
18 0.8689 0.5406 0.8356 0.8530 0.8292
19 0.8610 0.5834 0.8284 0.8479 0.8157
20 0.8614 0.6236 0.8303 0.8561 0.8285
21 0.8566 0.6521 0.8244 0.8539 0.8284
22 0.8753 0.6090 0.8455 0.8575 0.8280
23 0.8797 0.5846 0.8501 0.8593 0.8353
24 0.8847 0.5671 0.8569 0.8664 0.8397
25 0.8943 0.5530 0.8665 0.8676 0.8416
26 0.8947 0.5631 0.8692 0.8654 0.8404
27 0.8916 0.5954 0.8649 0.8625 0.8370
28 0.8823 0.6707 0.8544 0.8607 0.8370
29 0.8824 0.6976 0.8565 0.8646 0.8391
30 0.8742 0.7551 0.8407 0.8614 0.8375
31 0.8810 0.7468 0.8526 0.8651 0.8376
32 0.8837 0.7434 0.8547 0.8700 0.8441
33 0.8972 0.6541 0.8728 0.8701 0.8460
34 0.8934 0.6886 0.8654 0.8705 0.8442
35 0.9025 0.6549 0.8783 0.8732 0.8474
36 0.8972 0.7019 0.8721 0.8782 0.8564
37 0.8909 0.7529 0.8643 0.8702 0.8469
38 0.8901 0.8431 0.8612 0.8723 0.8461
39 0.8903 0.8297 0.8656 0.8551 0.8251
40 0.8750 0.9694 0.8462 0.8659 0.8385
41 0.8903 0.8584 0.8630 0.8719 0.8418
42 0.8939 0.8617 0.8682 0.8714 0.8482
43 0.8960 0.8352 0.8715 0.8744 0.8487
44 0.9030 0.7987 0.8770 0.8809 0.8546
45 0.9181 0.7170 0.8929 0.8785 0.8529
46 0.9126 0.7712 0.8874 0.8789 0.8571
47 0.9098 0.7895 0.8897 0.8723 0.8464
48 0.8978 0.8951 0.8737 0.8775 0.8537
49 0.8972 0.9368 0.8714 0.8680 0.8440
50 0.8879 1.0498 0.8599 0.8654 0.8364
51 0.9027 0.9097 0.8761 0.8679 0.8455
52 0.8985 0.9383 0.8741 0.8833 0.8626
53 0.9168 0.7816 0.8955 0.8781 0.8567
54 0.9172 0.7606 0.8965 0.8771 0.8564
55 0.9108 0.8211 0.8863 0.8788 0.8585
56 0.9152 0.7617 0.8948 0.8828 0.8611
57 0.9121 0.8013 0.8905 0.8782 0.8536
58 0.9086 0.8489 0.8853 0.8773 0.8556
59 0.9051 0.8767 0.8806 0.8686 0.8475
60 0.9036 0.9185 0.8789 0.8780 0.8521
61 0.9013 0.9036 0.8759 0.8765 0.8521
62 0.9067 0.8700 0.8853 0.8780 0.8534
63 0.9165 0.7673 0.8962 0.8770 0.8534
64 0.9253 0.6778 0.9074 0.8830 0.8611
65 0.9255 0.6984 0.9057 0.8821 0.8594
66 0.9251 0.6837 0.9049 0.8806 0.8574
67 0.9150 0.7724 0.8946 0.8794 0.8577
68 0.9132 0.7961 0.8921 0.8803 0.8556
69 0.9089 0.8640 0.8884 0.8789 0.8571
70 0.9032 0.8943 0.8793 0.8761 0.8499
71 0.9000 0.9227 0.8741 0.8828 0.8599
72 0.9129 0.8178 0.8914 0.8758 0.8536
73 0.9163 0.7726 0.8937 0.8861 0.8646
74 0.9164 0.7432 0.8964 0.8832 0.8630
75 0.9285 0.6682 0.9117 0.8842 0.8639
76 0.9239 0.6891 0.9063 0.8828 0.8637
77 0.9172 0.7285 0.8974 0.8861 0.8648
78 0.9209 0.7420 0.8979 0.8824 0.8618
79 0.9142 0.8235 0.8938 0.8811 0.8582
80 0.9148 0.8040 0.8941 0.8724 0.8489
81 0.9110 0.8131 0.8881 0.8797 0.8554
82 0.9202 0.7354 0.8994 0.8856 0.8625
83 0.9218 0.7356 0.9001 0.8862 0.8629
84 0.9245 0.7055 0.9039 0.8858 0.8644
85 0.9258 0.6719 0.9085 0.8864 0.8636
86 0.9313 0.6351 0.9164 0.8879 0.8661
87 0.9274 0.6660 0.9080 0.8868 0.8631
88 0.9193 0.7372 0.8972 0.8789 0.8560
89 0.9216 0.7549 0.9018 0.8823 0.8570
90 0.9029 0.8751 0.8771 0.8838 0.8571
91 0.9082 0.8525 0.8857 0.8782 0.8533
92 0.9142 0.7862 0.8910 0.8815 0.8604
93 0.9201 0.7358 0.9018 0.8833 0.8605
94 0.9287 0.6488 0.9102 0.8846 0.8632
95 0.9265 0.6584 0.9069 0.8854 0.8641
96 0.9308 0.6243 0.9154 0.8852 0.8649
97 0.9318 0.6236 0.9134 0.8863 0.8647
98 0.9296 0.6486 0.9117 0.8816 0.8615
99 0.9160 0.7738 0.8948 0.8787 0.8576
100 0.9187 0.7437 0.9010 0.8838 0.8620
101 0.9272 0.6771 0.9096 0.8853 0.8624
102 0.9233 0.6816 0.9036 0.8852 0.8652
103 0.9319 0.6084 0.9137 0.8893 0.8704
104 0.9365 0.5785 0.9218 0.8868 0.8676
105 0.9343 0.6026 0.9168 0.8843 0.8657
106 0.9322 0.6126 0.9173 0.8871 0.8667
107 0.9355 0.5888 0.9185 0.8861 0.8660
108 0.9265 0.6550 0.9088 0.8878 0.8684
109 0.9351 0.5910 0.9187 0.8922 0.8732
110 0.9317 0.6224 0.9143 0.8850 0.8665
111 0.9269 0.6634 0.9077 0.8880 0.8677
112 0.9323 0.5940 0.9159 0.8860 0.8666
113 0.9272 0.6337 0.9096 0.8899 0.8682
114 0.9354 0.5699 0.9200 0.8903 0.8680
115 0.9374 0.5464 0.9224 0.8872 0.8670
116 0.9352 0.5708 0.9189 0.8869 0.8661
117 0.9330 0.5789 0.9195 0.8891 0.8689
118 0.9397 0.5532 0.9252 0.8917 0.8720
119 0.9348 0.5821 0.9182 0.8848 0.8640
120 0.9283 0.6510 0.9120 0.8840 0.8627
121 0.9341 0.5899 0.9189 0.8813 0.8632
122 0.9352 0.5697 0.9187 0.8844 0.8644
123 0.9331 0.5713 0.9175 0.8819 0.8619
124 0.9367 0.5438 0.9233 0.8825 0.8589
125 0.9393 0.5298 0.9252 0.8864 0.8640
126 0.9390 0.5348 0.9249 0.8863 0.8649
127 0.9365 0.5750 0.9224 0.8879 0.8667
128 0.9351 0.5749 0.9192 0.8883 0.8651
129 0.9373 0.5631 0.9214 0.8886 0.8657
130 0.9318 0.5954 0.9154 0.8831 0.8618
131 0.9306 0.6158 0.9157 0.8857 0.8669
132 0.9347 0.5735 0.9195 0.8875 0.8689
133 0.9346 0.5946 0.9188 0.8901 0.8691
134 0.9395 0.5515 0.9268 0.8861 0.8672
135 0.9374 0.5598 0.9232 0.8870 0.8684
136 0.9416 0.5210 0.9294 0.8859 0.8676
137 0.9372 0.5555 0.9219 0.8878 0.8676
138 0.9409 0.5341 0.9248 0.8888 0.8666
139 0.9363 0.5849 0.9227 0.8872 0.8655
140 0.9341 0.5992 0.9168 0.8871 0.8666
141 0.9322 0.5850 0.9167 0.8872 0.8675
142 0.9388 0.5385 0.9233 0.8879 0.8677
143 0.9363 0.5805 0.9205 0.8868 0.8659
144 0.9375 0.5527 0.9239 0.8926 0.8710
145 0.9381 0.5478 0.9236 0.8909 0.8708
146 0.9427 0.5199 0.9296 0.8905 0.8693
147 0.9427 0.5016 0.9285 0.8908 0.8692
148 0.9375 0.5393 0.9236 0.8917 0.8712
149 0.9443 0.4951 0.9307 0.8921 0.8700
150 0.9380 0.5598 0.9236 0.8849 0.8666
151 0.9299 0.6049 0.9147 0.8915 0.8686
152 0.9336 0.5906 0.9184 0.8946 0.8719
153 0.9402 0.5253 0.9285 0.8918 0.8709
154 0.9416 0.5133 0.9267 0.8955 0.8744
155 0.9400 0.5398 0.9258 0.8940 0.8741
156 0.9436 0.5015 0.9316 0.8904 0.8696
157 0.9435 0.4811 0.9314 0.8902 0.8694
158 0.9372 0.5332 0.9230 0.8891 0.8677
159 0.9412 0.5341 0.9264 0.8887 0.8673
160 0.9451 0.5053 0.9326 0.8880 0.8670
161 0.9448 0.4757 0.9310 0.8928 0.8720
162 0.9476 0.4724 0.9369 0.8925 0.8728
163 0.9462 0.4796 0.9335 0.8945 0.8724
164 0.9453 0.4834 0.9329 0.8948 0.8732
165 0.9431 0.4921 0.9300 0.8947 0.8749
166 0.9426 0.4976 0.9295 0.8931 0.8719
167 0.9422 0.4982 0.9286 0.8933 0.8729
168 0.9475 0.4728 0.9340 0.8916 0.8709
169 0.9489 0.4545 0.9385 0.8896 0.8705
170 0.9472 0.4679 0.9346 0.8955 0.8766
171 0.9459 0.4598 0.9333 0.8931 0.8753
172 0.9433 0.4959 0.9307 0.8949 0.8768
173 0.9432 0.4902 0.9311 0.8924 0.8729
174 0.9435 0.4805 0.9313 0.8955 0.8749
175 0.9503 0.4463 0.9381 0.8942 0.8747
176 0.9482 0.4401 0.9372 0.8943 0.8733
177 0.9377 0.5212 0.9217 0.8950 0.8735
178 0.9457 0.4512 0.9339 0.8932 0.8737
179 0.9402 0.5078 0.9289 0.8917 0.8719
180 0.9466 0.4423 0.9347 0.8932 0.8729
181 0.9484 0.4510 0.9375 0.8898 0.8701
182 0.9411 0.4920 0.9291 0.8933 0.8719
183 0.9471 0.4596 0.9353 0.8935 0.8711
184 0.9483 0.4361 0.9381 0.8920 0.8710
185 0.9451 0.4710 0.9338 0.8936 0.8720
186 0.9437 0.4521 0.9322 0.8957 0.8749
187 0.9452 0.4614 0.9363 0.8953 0.8737
188 0.9454 0.4593 0.9354 0.8954 0.8745
189 0.9423 0.4814 0.9297 0.8965 0.8751
190 0.9480 0.4378 0.9375 0.8950 0.8725
191 0.9480 0.4692 0.9356 0.8949 0.8726
192 0.9494 0.4457 0.9386 0.8924 0.8726
193 0.9484 0.4538 0.9374 0.8939 0.8724
194 0.9490 0.4437 0.9371 0.8929 0.8714
195 0.9481 0.4501 0.9372 0.8911 0.8715
196 0.9490 0.4331 0.9370 0.8928 0.8726
197 0.9511 0.4171 0.9419 0.8949 0.8745
198 0.9449 0.4752 0.9322 0.8926 0.8715
199 0.9484 0.4516 0.9368 0.8925 0.8714
