epoch train_iou train_loss train_mAP val_iou val_mAP
0 0.5839 0.3180 0.5155 0.5833 0.5249
1 0.6829 0.2906 0.6267 0.6867 0.6349
2 0.7330 0.3087 0.6825 0.7539 0.7118
3 0.7635 0.3208 0.7189 0.7672 0.7299
4 0.7964 0.3135 0.7565 0.7990 0.7588
5 0.8183 0.3093 0.7772 0.8157 0.7767
6 0.8161 0.3462 0.7753 0.8071 0.7698
7 0.8090 0.4098 0.7677 0.8003 0.7654
8 0.7913 0.4734 0.7470 0.8048 0.7656
9 0.7742 0.5781 0.7284 0.7872 0.7462
10 0.7887 0.5817 0.7456 0.7880 0.7550
11 0.8065 0.5564 0.7697 0.8002 0.7664
12 0.8299 0.5281 0.7940 0.8214 0.7820
13 0.8387 0.5035 0.8026 0.8299 0.8002
14 0.8543 0.4875 0.8182 0.8417 0.8143
15 0.8646 0.4674 0.8300 0.8478 0.8193
16 0.8601 0.5178 0.8240 0.8430 0.8147
17 0.8425 0.5892 0.8071 0.8445 0.8128
18 0.8420 0.6511 0.8041 0.8403 0.8133
19 0.8182 0.7794 0.7763 0.8322 0.7964
20 0.8269 0.7871 0.7900 0.8147 0.7788
21 0.8386 0.7611 0.8027 0.8277 0.7967
22 0.8502 0.7265 0.8161 0.8286 0.8024
23 0.8665 0.6647 0.8326 0.8414 0.8104
24 0.8713 0.6205 0.8353 0.8508 0.8230
25 0.8818 0.6147 0.8490 0.8548 0.8273
26 0.8837 0.6273 0.8491 0.8585 0.8317
27 0.8726 0.6971 0.8394 0.8384 0.8074
28 0.8675 0.7489 0.8314 0.8441 0.8167
29 0.8612 0.8240 0.8246 0.8518 0.8238
30 0.8533 0.9229 0.8169 0.8293 0.7943
31 0.8514 0.9390 0.8153 0.8415 0.8155
32 0.8650 0.8356 0.8315 0.8459 0.8129
33 0.8767 0.7884 0.8439 0.8562 0.8303
34 0.8856 0.7369 0.8500 0.8459 0.8222
35 0.8943 0.7024 0.8633 0.8450 0.8217
36 0.8921 0.7134 0.8597 0.8624 0.8385
37 0.8894 0.7750 0.8551 0.8589 0.8373
38 0.8771 0.8760 0.8414 0.8332 0.8066
39 0.8509 1.1299 0.8139 0.8346 0.8065
40 0.8522 1.1508 0.8151 0.8089 0.7816
41 0.8586 1.0976 0.8237 0.8483 0.8187
42 0.8784 0.9648 0.8448 0.8501 0.8313
43 0.8840 0.9187 0.8478 0.8548 0.8329
44 0.8964 0.7934 0.8650 0.8571 0.8305
45 0.8976 0.7918 0.8635 0.8586 0.8337
46 0.9010 0.7903 0.8675 0.8576 0.8332
47 0.9023 0.8330 0.8693 0.8533 0.8285
48 0.8812 1.0351 0.8466 0.8600 0.8321
49 0.8788 1.1219 0.8458 0.8478 0.8240
50 0.8721 1.2187 0.8372 0.8421 0.8177
51 0.8675 1.2187 0.8331 0.8378 0.8107
52 0.8878 0.9981 0.8538 0.8545 0.8307
53 0.8967 0.8851 0.8637 0.8538 0.8313
54 0.9050 0.8266 0.8726 0.8659 0.8424
55 0.9069 0.7913 0.8748 0.8651 0.8445
56 0.9042 0.8259 0.8726 0.8484 0.8258
57 0.9054 0.8255 0.8730 0.8625 0.8394
58 0.9020 0.8749 0.8684 0.8559 0.8298
59 0.8863 1.0272 0.8541 0.8390 0.8162
60 0.8799 1.0940 0.8453 0.8202 0.7991
61 0.8906 0.9864 0.8558 0.8393 0.8142
62 0.8894 0.9693 0.8554 0.8618 0.8437
63 0.8983 0.8701 0.8651 0.8667 0.8439
64 0.9103 0.7662 0.8768 0.8626 0.8430
65 0.9117 0.7260 0.8809 0.8663 0.8451
66 0.9085 0.7816 0.8772 0.8585 0.8367
67 0.9109 0.7559 0.8790 0.8513 0.8289
68 0.9012 0.8553 0.8695 0.8628 0.8391
69 0.8974 0.9060 0.8649 0.8500 0.8273
70 0.8900 1.0262 0.8546 0.8473 0.8238
71 0.8868 1.0201 0.8532 0.8521 0.8291
72 0.8990 0.8933 0.8678 0.8596 0.8344
73 0.9033 0.8331 0.8717 0.8682 0.8410
74 0.9168 0.6942 0.8874 0.8636 0.8431
75 0.9140 0.7200 0.8824 0.8643 0.8439
76 0.9142 0.7106 0.8837 0.8557 0.8343
77 0.9125 0.7293 0.8815 0.8642 0.8407
78 0.9031 0.8125 0.8720 0.8547 0.8320
79 0.9059 0.8563 0.8737 0.8592 0.8366
80 0.8933 0.9591 0.8606 0.8403 0.8163
81 0.8998 0.8909 0.8684 0.8605 0.8409
82 0.9055 0.8134 0.8757 0.8609 0.8360
83 0.9118 0.7537 0.8837 0.8565 0.8312
84 0.9168 0.6799 0.8856 0.8618 0.8401
85 0.9207 0.6405 0.8921 0.8619 0.8419
86 0.9195 0.6407 0.8903 0.8632 0.8409
87 0.9148 0.7001 0.8851 0.8534 0.8295
88 0.9092 0.7440 0.8787 0.8639 0.8400
89 0.8993 0.8938 0.8676 0.8643 0.8423
90 0.8857 1.0079 0.8538 0.8520 0.8285
91 0.8982 0.9104 0.8666 0.8456 0.8213
92 0.9019 0.8271 0.8697 0.8521 0.8277
93 0.9130 0.7241 0.8825 0.8633 0.8405
94 0.9164 0.6866 0.8871 0.8564 0.8337
95 0.9216 0.6383 0.8932 0.8567 0.8365
96 0.9185 0.6582 0.8910 0.8613 0.8420
97 0.9212 0.6342 0.8920 0.8654 0.8443
98 0.9167 0.6721 0.8854 0.8570 0.8321
99 0.9066 0.7745 0.8742 0.8559 0.8335
100 0.9119 0.7368 0.8789 0.8649 0.8431
101 0.9143 0.6832 0.8850 0.8567 0.8370
102 0.9214 0.6463 0.8928 0.8691 0.8494
103 0.9236 0.6083 0.8949 0.8602 0.8377
104 0.9244 0.5925 0.8963 0.8610 0.8387
105 0.9191 0.6156 0.8917 0.8627 0.8399
106 0.9251 0.5758 0.8970 0.8632 0.8415
107 0.9251 0.5907 0.8963 0.8615 0.8390
108 0.9206 0.6245 0.8933 0.8693 0.8462
109 0.9218 0.6147 0.8938 0.8556 0.8347
110 0.9170 0.6617 0.8885 0.8654 0.8413
111 0.9200 0.6246 0.8922 0.8577 0.8372
112 0.9238 0.6114 0.8964 0.8569 0.8363
113 0.9227 0.6158 0.8959 0.8562 0.8342
114 0.9257 0.5641 0.8997 0.8633 0.8386
115 0.9298 0.5319 0.9031 0.8600 0.8348
116 0.9285 0.5401 0.9010 0.8689 0.8465
117 0.9234 0.5724 0.8970 0.8633 0.8408
118 0.9303 0.5357 0.9044 0.8573 0.8344
119 0.9254 0.5948 0.8986 0.8565 0.8351
120 0.9240 0.6167 0.8947 0.8579 0.8341
121 0.9216 0.6492 0.8951 0.8709 0.8464
122 0.9221 0.6171 0.8950 0.8719 0.8519
123 0.9275 0.5751 0.9016 0.8712 0.8513
124 0.9268 0.5570 0.8994 0.8731 0.8514
125 0.9282 0.5197 0.9019 0.8723 0.8499
126 0.9302 0.5333 0.9030 0.8735 0.8521
127 0.9308 0.5280 0.9046 0.8733 0.8515
128 0.9255 0.5687 0.8984 0.8729 0.8496
129 0.9282 0.5565 0.9028 0.8619 0.8384
130 0.9187 0.6246 0.8923 0.8655 0.8418
131 0.9219 0.6159 0.8945 0.8656 0.8446
132 0.9279 0.5727 0.9027 0.8617 0.8342
133 0.9252 0.5618 0.8990 0.8673 0.8438
134 0.9282 0.5460 0.9020 0.8615 0.8364
135 0.9301 0.5069 0.9051 0.8619 0.8382
136 0.9307 0.5199 0.9074 0.8673 0.8433
137 0.9311 0.5111 0.9056 0.8631 0.8390
138 0.9305 0.5041 0.9045 0.8683 0.8456
139 0.9277 0.5406 0.9018 0.8610 0.8403
140 0.9218 0.6231 0.8958 0.8584 0.8343
141 0.9230 0.5876 0.8946 0.8577 0.8354
142 0.9212 0.5777 0.8943 0.8559 0.8326
143 0.9269 0.5581 0.9006 0.8643 0.8407
144 0.9281 0.5320 0.9026 0.8679 0.8429
145 0.9286 0.5141 0.9025 0.8650 0.8415
146 0.9318 0.5061 0.9071 0.8674 0.8464
147 0.9323 0.5034 0.9078 0.8640 0.8408
148 0.9297 0.5222 0.9044 0.8653 0.8427
149 0.9303 0.5231 0.9037 0.8545 0.8292
150 0.9238 0.5821 0.8963 0.8648 0.8423
151 0.9249 0.5526 0.8981 0.8570 0.8340
152 0.9280 0.5419 0.9026 0.8549 0.8311
153 0.9317 0.5290 0.9091 0.8657 0.8446
154 0.9340 0.4630 0.9099 0.8642 0.8422
155 0.9335 0.4768 0.9104 0.8615 0.8394
156 0.9335 0.4684 0.9112 0.8603 0.8383
157 0.9326 0.4673 0.9079 0.8610 0.8395
158 0.9322 0.4946 0.9077 0.8581 0.8358
159 0.9253 0.5620 0.8999 0.8580 0.8339
160 0.9286 0.5299 0.9035 0.8481 0.8259
161 0.9320 0.4839 0.9092 0.8482 0.8246
162 0.9316 0.4974 0.9065 0.8664 0.8449
163 0.9345 0.4595 0.9112 0.8723 0.8490
164 0.9350 0.4739 0.9117 0.8685 0.8451
165 0.9349 0.4661 0.9115 0.8629 0.8392
166 0.9336 0.4617 0.9103 0.8689 0.8477
167 0.9333 0.4676 0.9097 0.8657 0.8432
168 0.9345 0.4593 0.9102 0.8704 0.8483
169 0.9343 0.4550 0.9110 0.8658 0.8448
170 0.9341 0.4457 0.9099 0.8615 0.8402
171 0.9311 0.4730 0.9080 0.8630 0.8424
172 0.9354 0.4571 0.9130 0.8623 0.8419
173 0.9356 0.4453 0.9130 0.8634 0.8434
174 0.9351 0.4380 0.9116 0.8655 0.8443
175 0.9375 0.4348 0.9138 0.8645 0.8438
176 0.9344 0.4450 0.9119 0.8649 0.8433
177 0.9360 0.4447 0.9133 0.8634 0.8422
178 0.9375 0.4455 0.9148 0.8646 0.8428
179 0.9364 0.4284 0.9148 0.8647 0.8440
180 0.9366 0.4364 0.9120 0.8659 0.8447
181 0.9341 0.4484 0.9103 0.8659 0.8453
182 0.9368 0.4562 0.9156 0.8686 0.8470
183 0.9355 0.4345 0.9132 0.8677 0.8465
184 0.9357 0.4349 0.9131 0.8653 0.8447
185 0.9356 0.4266 0.9118 0.8649 0.8437
186 0.9379 0.4215 0.9148 0.8687 0.8468
187 0.9373 0.4185 0.9148 0.8705 0.8501
188 0.9365 0.4380 0.9139 0.8697 0.8489
189 0.9364 0.4396 0.9152 0.8673 0.8453
190 0.9337 0.4437 0.9106 0.8688 0.8486
191 0.9371 0.4387 0.9148 0.8667 0.8456
192 0.9385 0.4131 0.9172 0.8685 0.8473
193 0.9373 0.4096 0.9147 0.8677 0.8454
194 0.9373 0.4206 0.9145 0.8671 0.8457
195 0.9406 0.4100 0.9193 0.8657 0.8439
196 0.9375 0.4191 0.9153 0.8683 0.8472
197 0.9362 0.4237 0.9139 0.8664 0.8443
198 0.9390 0.4114 0.9168 0.8645 0.8430
199 0.9396 0.4222 0.9176 0.8635 0.8385
