epoch train_iou train_loss train_mAP val_iou val_mAP
0 0.6268 0.2928 0.5539 0.7380 0.6866
1 0.7290 0.2618 0.6748 0.7622 0.7170
2 0.7812 0.2545 0.7382 0.7855 0.7401
3 0.7938 0.2778 0.7520 0.8069 0.7710
4 0.8246 0.2851 0.7869 0.8187 0.7866
5 0.8120 0.3301 0.7734 0.8288 0.7954
6 0.8164 0.3670 0.7814 0.8145 0.7919
7 0.8401 0.3392 0.8085 0.8219 0.7844
8 0.8361 0.3929 0.8020 0.8345 0.8015
9 0.8391 0.3959 0.8074 0.8338 0.8089
10 0.8347 0.4433 0.8002 0.8404 0.8173
11 0.8457 0.4618 0.8147 0.8252 0.7969
12 0.8440 0.4843 0.8135 0.8463 0.8179
13 0.8406 0.5082 0.8088 0.8534 0.8224
14 0.8527 0.4985 0.8216 0.8417 0.8060
15 0.8584 0.5158 0.8279 0.8581 0.8319
16 0.8514 0.5558 0.8211 0.8423 0.8119
17 0.8600 0.5466 0.8297 0.8447 0.8165
18 0.8600 0.5738 0.8316 0.8536 0.8214
19 0.8555 0.6218 0.8286 0.8474 0.8205
20 0.8626 0.6167 0.8323 0.8442 0.8147
21 0.8586 0.6508 0.8318 0.8400 0.8185
22 0.8619 0.6467 0.8352 0.8576 0.8311
23 0.8681 0.6693 0.8424 0.8407 0.8171
24 0.8605 0.7041 0.8361 0.8550 0.8305
25 0.8845 0.6276 0.8581 0.8624 0.8316
26 0.8703 0.7298 0.8420 0.8503 0.8254
27 0.8655 0.7568 0.8377 0.8555 0.8309
28 0.8689 0.7657 0.8429 0.8722 0.8476
29 0.8779 0.7536 0.8521 0.8387 0.8116
30 0.8768 0.7793 0.8512 0.8555 0.8329
31 0.8729 0.7974 0.8467 0.8612 0.8354
32 0.8768 0.7925 0.8512 0.8537 0.8312
33 0.8763 0.8286 0.8514 0.8664 0.8419
34 0.8769 0.8451 0.8516 0.8568 0.8348
35 0.8873 0.7923 0.8654 0.8597 0.8372
36 0.8799 0.8432 0.8523 0.8552 0.8301
37 0.8829 0.8629 0.8561 0.8704 0.8459
38 0.8841 0.8706 0.8586 0.8712 0.8466
39 0.8879 0.8482 0.8623 0.8767 0.8539
40 0.8855 0.9021 0.8621 0.8777 0.8565
41 0.8902 0.8616 0.8642 0.8787 0.8537
42 0.9008 0.8185 0.8771 0.8746 0.8534
43 0.8979 0.8389 0.8736 0.8789 0.8580
44 0.8949 0.8735 0.8736 0.8700 0.8478
45 0.9036 0.8666 0.8830 0.8795 0.8576
46 0.9051 0.8350 0.8819 0.8775 0.8589
47 0.9068 0.8125 0.8845 0.8886 0.8668
48 0.9118 0.8105 0.8932 0.8839 0.8643
49 0.9136 0.7932 0.8901 0.8888 0.8672
50 0.8667 1.2602 0.8382 0.8487 0.8249
51 0.8670 1.2699 0.8423 0.8407 0.8105
52 0.8605 1.3266 0.8339 0.8449 0.8234
53 0.8646 1.3022 0.8369 0.8569 0.8325
54 0.8713 1.2329 0.8455 0.8563 0.8298
55 0.8773 1.1566 0.8520 0.8685 0.8455
56 0.8707 1.2342 0.8445 0.8595 0.8336
57 0.8808 1.1711 0.8590 0.8566 0.8349
58 0.8730 1.2232 0.8460 0.8624 0.8422
59 0.8825 1.1202 0.8558 0.8377 0.8189
60 0.8856 1.1103 0.8615 0.8704 0.8466
61 0.8836 1.1426 0.8572 0.8412 0.8130
62 0.8837 1.1486 0.8587 0.8712 0.8480
63 0.8794 1.1818 0.8553 0.8565 0.8353
64 0.8943 1.0317 0.8693 0.8617 0.8399
65 0.8879 1.0979 0.8658 0.8697 0.8447
66 0.8944 1.0224 0.8693 0.8731 0.8496
67 0.8918 1.0088 0.8686 0.8600 0.8437
68 0.8883 1.0490 0.8662 0.8605 0.8416
69 0.8981 0.9829 0.8748 0.8664 0.8498
70 0.8960 1.0091 0.8753 0.8736 0.8571
71 0.8987 0.9886 0.8753 0.8822 0.8586
72 0.9006 0.9205 0.8777 0.8868 0.8635
73 0.8905 1.0507 0.8675 0.8759 0.8556
74 0.9023 0.9493 0.8807 0.8741 0.8511
75 0.8995 0.9163 0.8796 0.8808 0.8572
76 0.9006 0.9531 0.8783 0.8750 0.8560
77 0.9105 0.8698 0.8905 0.8730 0.8522
78 0.9038 0.9102 0.8825 0.8788 0.8592
79 0.9125 0.8349 0.8934 0.8714 0.8531
80 0.9124 0.8650 0.8908 0.8776 0.8570
81 0.9106 0.8519 0.8888 0.8842 0.8643
82 0.9066 0.8910 0.8832 0.8725 0.8545
83 0.9129 0.8341 0.8923 0.8823 0.8621
84 0.9123 0.8199 0.8926 0.8782 0.8611
85 0.9119 0.8198 0.8918 0.8856 0.8650
86 0.9056 0.8693 0.8844 0.8873 0.8676
87 0.9147 0.7891 0.8959 0.8850 0.8651
88 0.9110 0.8173 0.8898 0.8863 0.8659
89 0.9190 0.7640 0.8974 0.8854 0.8657
90 0.9161 0.7974 0.8959 0.8853 0.8649
91 0.9182 0.7582 0.9007 0.8840 0.8665
92 0.9147 0.7667 0.8938 0.8852 0.8626
93 0.9236 0.7408 0.9037 0.8874 0.8664
94 0.9214 0.7202 0.9018 0.8882 0.8667
95 0.9271 0.6632 0.9092 0.8895 0.8686
96 0.9212 0.7146 0.9013 0.8854 0.8661
97 0.9228 0.7086 0.9039 0.8897 0.8706
98 0.9257 0.6799 0.9066 0.8925 0.8705
99 0.9270 0.6826 0.9073 0.8901 0.8692
100 0.9126 0.8231 0.8903 0.8797 0.8584
101 0.9144 0.8083 0.8967 0.8798 0.8610
102 0.9156 0.7881 0.8972 0.8796 0.8596
103 0.9094 0.8437 0.8907 0.8816 0.8619
104 0.9119 0.8188 0.8940 0.8796 0.8608
105 0.9150 0.7985 0.8944 0.8815 0.8610
106 0.9133 0.8124 0.8947 0.8860 0.8659
107 0.9161 0.7921 0.8978 0.8828 0.8640
108 0.9159 0.7964 0.8972 0.8780 0.8575
109 0.9107 0.8365 0.8899 0.8804 0.8607
110 0.9181 0.7698 0.9003 0.8820 0.8610
111 0.9207 0.7424 0.9029 0.8815 0.8617
112 0.9155 0.7720 0.8970 0.8783 0.8592
113 0.9180 0.7762 0.8964 0.8846 0.8634
114 0.9209 0.7752 0.9000 0.8802 0.8609
115 0.9201 0.7476 0.8998 0.8812 0.8627
116 0.9160 0.7689 0.8966 0.8749 0.8530
117 0.9176 0.7691 0.8992 0.8843 0.8649
118 0.9189 0.7636 0.9004 0.8797 0.8639
119 0.9182 0.7569 0.9003 0.8870 0.8661
120 0.9283 0.6883 0.9100 0.8851 0.8635
121 0.9225 0.7073 0.9040 0.8890 0.8699
122 0.9238 0.7065 0.9055 0.8837 0.8624
123 0.9215 0.7053 0.9018 0.8890 0.8686
124 0.9198 0.7186 0.9005 0.8757 0.8562
125 0.9248 0.6827 0.9103 0.8826 0.8644
126 0.9241 0.7011 0.9070 0.8866 0.8671
127 0.9253 0.6884 0.9088 0.8865 0.8684
128 0.9241 0.6981 0.9050 0.8927 0.8717
129 0.9223 0.6991 0.9047 0.8871 0.8682
130 0.9268 0.6767 0.9099 0.8907 0.8722
131 0.9285 0.6569 0.9127 0.8902 0.8732
132 0.9263 0.6725 0.9089 0.8824 0.8639
133 0.9300 0.6468 0.9132 0.8874 0.8681
134 0.9280 0.6305 0.9110 0.8938 0.8730
135 0.9305 0.6390 0.9145 0.8876 0.8689
136 0.9302 0.6243 0.9134 0.8921 0.8716
137 0.9255 0.6669 0.9074 0.8909 0.8699
138 0.9330 0.6049 0.9176 0.8918 0.8732
139 0.9270 0.6333 0.9116 0.8900 0.8726
140 0.9338 0.6249 0.9173 0.8932 0.8751
141 0.9323 0.6050 0.9155 0.8845 0.8672
142 0.9343 0.5941 0.9189 0.8929 0.8742
143 0.9350 0.5724 0.9180 0.8931 0.8740
144 0.9360 0.5673 0.9211 0.8925 0.8745
145 0.9324 0.6057 0.9167 0.8922 0.8743
146 0.9340 0.6021 0.9166 0.8920 0.8736
147 0.9360 0.5726 0.9192 0.8935 0.8756
148 0.9344 0.5918 0.9177 0.8930 0.8739
149 0.9384 0.5620 0.9222 0.8939 0.8758
150 0.9318 0.6126 0.9150 0.8897 0.8710
151 0.9288 0.6367 0.9136 0.8872 0.8655
152 0.9278 0.6446 0.9101 0.8902 0.8682
153 0.9226 0.7076 0.9054 0.8941 0.8739
154 0.9243 0.6846 0.9071 0.8910 0.8709
155 0.9252 0.6838 0.9082 0.8877 0.8694
156 0.9264 0.6742 0.9082 0.8872 0.8675
157 0.9298 0.6231 0.9122 0.8887 0.8682
158 0.9305 0.6493 0.9122 0.8950 0.8741
159 0.9315 0.6382 0.9142 0.8964 0.8776
160 0.9276 0.6559 0.9084 0.8909 0.8697
161 0.9365 0.5870 0.9207 0.8913 0.8727
162 0.9306 0.6514 0.9138 0.8893 0.8681
163 0.9231 0.6756 0.9050 0.8878 0.8686
164 0.9355 0.5868 0.9202 0.8956 0.8759
165 0.9368 0.5762 0.9191 0.8935 0.8751
166 0.9296 0.6264 0.9125 0.8912 0.8726
167 0.9363 0.5668 0.9195 0.8848 0.8648
168 0.9332 0.5900 0.9185 0.8902 0.8719
169 0.9284 0.6424 0.9117 0.8942 0.8742
170 0.9325 0.5974 0.9171 0.8955 0.8764
171 0.9334 0.5891 0.9187 0.8926 0.8729
172 0.9377 0.5849 0.9243 0.8900 0.8706
173 0.9375 0.5583 0.9222 0.8904 0.8718
174 0.9276 0.6298 0.9097 0.8948 0.8760
175 0.9355 0.5779 0.9187 0.8946 0.8746
176 0.9376 0.5688 0.9235 0.8976 0.8796
177 0.9317 0.5935 0.9165 0.8946 0.8759
178 0.9347 0.5842 0.9196 0.8975 0.8786
179 0.9372 0.5408 0.9227 0.8961 0.8771
180 0.9395 0.5351 0.9271 0.8970 0.8791
181 0.9427 0.5126 0.9276 0.8964 0.8790
182 0.9368 0.5518 0.9230 0.8963 0.8775
183 0.9393 0.5481 0.9237 0.8922 0.8737
184 0.9416 0.5281 0.9274 0.8965 0.8776
185 0.9376 0.5567 0.9220 0.8966 0.8769
186 0.9347 0.5789 0.9190 0.8951 0.8758
187 0.9359 0.5578 0.9208 0.8959 0.8775
188 0.9434 0.5246 0.9293 0.8967 0.8780
189 0.9401 0.5178 0.9259 0.8996 0.8828
190 0.9396 0.5486 0.9250 0.9002 0.8824
191 0.9398 0.5206 0.9274 0.8974 0.8796
192 0.9433 0.5106 0.9307 0.8998 0.8820
193 0.9385 0.5308 0.9243 0.9005 0.8825
194 0.9429 0.5063 0.9274 0.8992 0.8820
195 0.9410 0.5201 0.9272 0.8950 0.8769
196 0.9399 0.5240 0.9273 0.8981 0.8807
197 0.9402 0.5220 0.9249 0.8984 0.8813
198 0.9379 0.5223 0.9243 0.8993 0.8813
199 0.9451 0.4665 0.9327 0.8971 0.8791
