epoch train_iou train_loss train_mAP val_iou val_mAP
0 0.5718 0.1562 0.4986 0.7213 0.6706
1 0.7093 0.1412 0.6567 0.7685 0.7253
2 0.7544 0.1483 0.7069 0.8053 0.7623
3 0.7863 0.1544 0.7418 0.7990 0.7609
4 0.8118 0.1578 0.7721 0.8333 0.7957
5 0.8285 0.1644 0.7904 0.8295 0.7919
6 0.8190 0.1877 0.7794 0.8335 0.7967
7 0.8051 0.2203 0.7648 0.8267 0.7970
8 0.8058 0.2471 0.7645 0.8266 0.7937
9 0.8049 0.2638 0.7632 0.8154 0.7769
10 0.8065 0.2850 0.7666 0.8237 0.7889
11 0.8170 0.2842 0.7808 0.8202 0.7850
12 0.8346 0.2700 0.8014 0.8300 0.7944
13 0.8560 0.2563 0.8238 0.8473 0.8185
14 0.8698 0.2403 0.8378 0.8530 0.8229
15 0.8705 0.2412 0.8375 0.8506 0.8202
16 0.8706 0.2646 0.8393 0.8551 0.8248
17 0.8646 0.2834 0.8338 0.8388 0.8139
18 0.8600 0.3167 0.8296 0.8320 0.7991
19 0.8471 0.3577 0.8147 0.8359 0.8086
20 0.8392 0.4013 0.8068 0.8458 0.8150
21 0.8550 0.3682 0.8242 0.8430 0.8145
22 0.8644 0.3639 0.8332 0.8465 0.8120
23 0.8787 0.3182 0.8466 0.8533 0.8222
24 0.8868 0.3046 0.8551 0.8602 0.8346
25 0.8951 0.2893 0.8681 0.8564 0.8306
26 0.8930 0.2988 0.8636 0.8634 0.8354
27 0.8848 0.3386 0.8533 0.8532 0.8278
28 0.8805 0.3845 0.8479 0.8508 0.8213
29 0.8734 0.4108 0.8415 0.8459 0.8119
30 0.8621 0.4809 0.8299 0.8378 0.8077
31 0.8718 0.4440 0.8426 0.8549 0.8279
32 0.8851 0.4045 0.8550 0.8597 0.8335
33 0.8914 0.3795 0.8630 0.8644 0.8355
34 0.8976 0.3641 0.8683 0.8596 0.8325
35 0.9046 0.3457 0.8776 0.8610 0.8346
36 0.9040 0.3507 0.8769 0.8660 0.8377
37 0.8938 0.3961 0.8679 0.8611 0.8261
38 0.8918 0.4479 0.8610 0.8497 0.8175
39 0.8735 0.5112 0.8429 0.8529 0.8273
40 0.8626 0.5849 0.8314 0.8531 0.8259
41 0.8803 0.5062 0.8523 0.8597 0.8270
42 0.8889 0.4717 0.8592 0.8511 0.8218
43 0.9030 0.4225 0.8756 0.8593 0.8290
44 0.9114 0.3927 0.8859 0.8548 0.8275
45 0.9128 0.3852 0.8861 0.8565 0.8299
46 0.9131 0.4000 0.8874 0.8634 0.8352
47 0.9071 0.4233 0.8824 0.8643 0.8394
48 0.8979 0.4855 0.8690 0.8471 0.8164
49 0.8935 0.5324 0.8642 0.8544 0.8248
50 0.8752 0.6242 0.8446 0.8463 0.8164
51 0.8941 0.5450 0.8669 0.8574 0.8321
52 0.8994 0.5103 0.8721 0.8452 0.8204
53 0.9142 0.4533 0.8882 0.8583 0.8326
54 0.9125 0.4456 0.8885 0.8546 0.8279
55 0.9171 0.4278 0.8905 0.8594 0.8331
56 0.9183 0.4252 0.8936 0.8600 0.8331
57 0.9176 0.4514 0.8938 0.8662 0.8419
58 0.9098 0.5019 0.8819 0.8600 0.8365
59 0.8948 0.5937 0.8654 0.8635 0.8396
60 0.8944 0.6429 0.8652 0.8536 0.8264
61 0.8901 0.6413 0.8639 0.8608 0.8361
62 0.9024 0.5632 0.8755 0.8513 0.8274
63 0.9106 0.5374 0.8854 0.8600 0.8361
64 0.9150 0.4977 0.8906 0.8664 0.8421
65 0.9180 0.4856 0.8927 0.8667 0.8425
66 0.9198 0.4809 0.8965 0.8660 0.8389
67 0.9091 0.6058 0.8827 0.8620 0.8355
68 0.9095 0.5577 0.8834 0.8578 0.8317
69 0.9005 0.6311 0.8746 0.8536 0.8279
70 0.8902 0.7233 0.8626 0.8473 0.8194
71 0.9022 0.6745 0.8766 0.8608 0.8370
72 0.9054 0.6261 0.8800 0.8645 0.8390
73 0.9181 0.5595 0.8929 0.8684 0.8425
74 0.9209 0.5301 0.8972 0.8691 0.8477
75 0.9189 0.5442 0.8967 0.8700 0.8475
76 0.9223 0.5151 0.9002 0.8628 0.8400
77 0.9203 0.5373 0.8982 0.8602 0.8325
78 0.9159 0.5969 0.8936 0.8576 0.8281
79 0.9073 0.6663 0.8815 0.8597 0.8313
80 0.8821 0.8525 0.8535 0.8118 0.7782
81 0.8948 0.8088 0.8687 0.8620 0.8366
82 0.9097 0.6789 0.8843 0.8658 0.8415
83 0.9147 0.6207 0.8932 0.8669 0.8410
84 0.9215 0.5913 0.8998 0.8619 0.8403
85 0.9207 0.5904 0.8996 0.8629 0.8408
86 0.9255 0.5738 0.9052 0.8657 0.8397
87 0.9207 0.5911 0.8984 0.8620 0.8354
88 0.9151 0.6735 0.8928 0.8652 0.8407
89 0.9092 0.7307 0.8855 0.8583 0.8277
90 0.9007 0.8452 0.8751 0.8650 0.8425
91 0.9020 0.7960 0.8764 0.8570 0.8331
92 0.9102 0.7328 0.8867 0.8661 0.8420
93 0.9163 0.6735 0.8947 0.8637 0.8396
94 0.9205 0.6273 0.8995 0.8673 0.8415
95 0.9253 0.5845 0.9048 0.8699 0.8437
96 0.9257 0.5937 0.9039 0.8636 0.8400
97 0.9277 0.6196 0.9059 0.8616 0.8356
98 0.9211 0.6808 0.8995 0.8675 0.8425
99 0.9125 0.7870 0.8917 0.8577 0.8356
100 0.9140 0.7430 0.8899 0.8718 0.8481
101 0.9188 0.6772 0.8974 0.8730 0.8499
102 0.9241 0.6153 0.9034 0.8683 0.8449
103 0.9243 0.6215 0.9057 0.8678 0.8439
104 0.9305 0.5686 0.9106 0.8670 0.8441
105 0.9282 0.5998 0.9082 0.8687 0.8465
106 0.9305 0.5800 0.9132 0.8690 0.8456
107 0.9303 0.5800 0.9107 0.8687 0.8456
108 0.9264 0.5847 0.9067 0.8649 0.8434
109 0.9265 0.5934 0.9068 0.8707 0.8505
110 0.9253 0.6440 0.9044 0.8700 0.8503
111 0.9228 0.6301 0.9020 0.8668 0.8449
112 0.9260 0.6160 0.9067 0.8691 0.8484
113 0.9248 0.6171 0.9062 0.8661 0.8434
114 0.9328 0.5526 0.9150 0.8696 0.8470
115 0.9346 0.5274 0.9184 0.8700 0.8475
116 0.9310 0.5624 0.9133 0.8695 0.8470
117 0.9324 0.5642 0.9140 0.8728 0.8502
118 0.9296 0.5743 0.9096 0.8681 0.8461
119 0.9327 0.5535 0.9158 0.8677 0.8462
120 0.9202 0.6727 0.8986 0.8656 0.8457
121 0.9228 0.6287 0.9048 0.8718 0.8477
122 0.9257 0.6235 0.9072 0.8759 0.8547
123 0.9311 0.5591 0.9142 0.8700 0.8500
124 0.9356 0.5375 0.9174 0.8754 0.8537
125 0.9358 0.5279 0.9182 0.8734 0.8499
126 0.9350 0.5211 0.9181 0.8744 0.8499
127 0.9328 0.5508 0.9158 0.8712 0.8494
128 0.9347 0.5338 0.9197 0.8688 0.8465
129 0.9325 0.5706 0.9163 0.8701 0.8471
130 0.9298 0.6038 0.9125 0.8585 0.8393
131 0.9289 0.5984 0.9105 0.8636 0.8390
132 0.9237 0.5972 0.9046 0.8684 0.8445
133 0.9322 0.5565 0.9143 0.8705 0.8480
134 0.9353 0.5325 0.9186 0.8725 0.8491
135 0.9350 0.5147 0.9187 0.8705 0.8470
136 0.9339 0.5325 0.9171 0.8706 0.8475
137 0.9369 0.5043 0.9215 0.8672 0.8461
138 0.9362 0.5250 0.9213 0.8619 0.8394
139 0.9280 0.5725 0.9111 0.8647 0.8440
140 0.9291 0.5807 0.9098 0.8760 0.8527
141 0.9337 0.5480 0.9173 0.8682 0.8471
142 0.9352 0.5448 0.9193 0.8694 0.8471
143 0.9362 0.5151 0.9203 0.8712 0.8491
144 0.9374 0.4959 0.9227 0.8704 0.8462
145 0.9364 0.4864 0.9212 0.8708 0.8465
146 0.9377 0.5163 0.9226 0.8696 0.8446
147 0.9372 0.5043 0.9206 0.8698 0.8467
148 0.9368 0.5062 0.9209 0.8705 0.8484
149 0.9338 0.5240 0.9188 0.8697 0.8489
150 0.9263 0.6207 0.9072 0.8645 0.8415
151 0.9267 0.6209 0.9093 0.8644 0.8426
152 0.9301 0.5705 0.9124 0.8670 0.8454
153 0.9411 0.5006 0.9269 0.8719 0.8496
154 0.9360 0.5166 0.9200 0.8647 0.8425
155 0.9386 0.4958 0.9235 0.8668 0.8449
156 0.9394 0.4794 0.9242 0.8704 0.8507
157 0.9386 0.4760 0.9238 0.8700 0.8470
158 0.9354 0.5215 0.9200 0.8694 0.8471
159 0.9323 0.5386 0.9163 0.8605 0.8385
160 0.9343 0.5036 0.9200 0.8661 0.8455
161 0.9403 0.4720 0.9259 0.8640 0.8410
162 0.9391 0.4747 0.9258 0.8676 0.8450
163 0.9395 0.4714 0.9249 0.8650 0.8421
164 0.9373 0.4757 0.9228 0.8677 0.8434
165 0.9399 0.4679 0.9243 0.8692 0.8461
166 0.9408 0.4692 0.9279 0.8669 0.8454
167 0.9393 0.4759 0.9256 0.8672 0.8440
168 0.9395 0.4766 0.9248 0.8684 0.8445
169 0.9448 0.4411 0.9322 0.8708 0.8459
170 0.9424 0.4508 0.9278 0.8704 0.8462
171 0.9402 0.4486 0.9269 0.8723 0.8499
172 0.9416 0.4696 0.9281 0.8681 0.8444
173 0.9431 0.4578 0.9290 0.8722 0.8469
174 0.9444 0.4335 0.9327 0.8689 0.8443
175 0.9421 0.4734 0.9288 0.8711 0.8460
176 0.9440 0.4460 0.9312 0.8717 0.8498
177 0.9422 0.4613 0.9274 0.8730 0.8504
178 0.9390 0.4690 0.9269 0.8731 0.8506
179 0.9409 0.4526 0.9271 0.8723 0.8490
180 0.9388 0.4699 0.9243 0.8724 0.8497
181 0.9446 0.4330 0.9325 0.8691 0.8445
182 0.9466 0.4273 0.9330 0.8713 0.8475
183 0.9445 0.4396 0.9327 0.8727 0.8490
184 0.9440 0.4262 0.9316 0.8701 0.8451
185 0.9430 0.4404 0.9311 0.8759 0.8512
186 0.9440 0.4323 0.9315 0.8719 0.8481
187 0.9444 0.4295 0.9322 0.8678 0.8429
188 0.9430 0.4386 0.9306 0.8673 0.8430
189 0.9438 0.4346 0.9312 0.8682 0.8429
190 0.9441 0.4428 0.9308 0.8712 0.8469
191 0.9436 0.4324 0.9311 0.8717 0.8462
192 0.9438 0.4380 0.9308 0.8721 0.8475
193 0.9453 0.4173 0.9330 0.8742 0.8514
194 0.9430 0.4272 0.9295 0.8709 0.8484
195 0.9438 0.4242 0.9302 0.8690 0.8444
196 0.9472 0.4247 0.9355 0.8698 0.8468
197 0.9426 0.4556 0.9296 0.8705 0.8481
198 0.9483 0.4168 0.9374 0.8679 0.8456
199 0.9454 0.4245 0.9331 0.8686 0.8443
