epoch train_iou train_loss train_mAP val_iou val_mAP
0 0.6166 0.3115 0.5416 0.7114 0.6550
1 0.7220 0.2537 0.6648 0.7601 0.7108
2 0.7460 0.2744 0.6893 0.7695 0.7174
3 0.7873 0.2831 0.7389 0.7891 0.7429
4 0.8077 0.2922 0.7660 0.8179 0.7740
5 0.8303 0.2975 0.7864 0.8230 0.7822
6 0.8348 0.3156 0.7951 0.8286 0.7923
7 0.8349 0.3491 0.7984 0.8340 0.8016
8 0.8383 0.3566 0.8012 0.8319 0.7966
9 0.8421 0.3892 0.8044 0.8310 0.7971
10 0.8550 0.4061 0.8233 0.8400 0.8128
11 0.8572 0.4080 0.8221 0.8271 0.7926
12 0.8589 0.4323 0.8241 0.8446 0.8104
13 0.8660 0.4297 0.8337 0.8275 0.8030
14 0.8624 0.4606 0.8307 0.8463 0.8145
15 0.8592 0.4997 0.8292 0.8478 0.8166
16 0.8695 0.4751 0.8382 0.8479 0.8180
17 0.8691 0.5055 0.8397 0.8377 0.8119
18 0.8706 0.5262 0.8427 0.8571 0.8260
19 0.8586 0.5849 0.8273 0.8554 0.8256
20 0.8724 0.5467 0.8446 0.8527 0.8279
21 0.8744 0.5670 0.8451 0.8573 0.8230
22 0.8705 0.6121 0.8426 0.8632 0.8329
23 0.8719 0.6239 0.8439 0.8584 0.8342
24 0.8838 0.5995 0.8566 0.8537 0.8263
25 0.8831 0.6200 0.8552 0.8566 0.8298
26 0.8755 0.6722 0.8467 0.8693 0.8424
27 0.8904 0.6249 0.8634 0.8602 0.8359
28 0.8923 0.6126 0.8679 0.8629 0.8379
29 0.8895 0.6617 0.8649 0.8674 0.8380
30 0.8966 0.6403 0.8686 0.8537 0.8324
31 0.8867 0.7284 0.8586 0.8695 0.8405
32 0.8777 0.7550 0.8518 0.8646 0.8358
33 0.8909 0.7099 0.8622 0.8687 0.8426
34 0.8937 0.7167 0.8670 0.8655 0.8392
35 0.8981 0.7245 0.8725 0.8655 0.8366
36 0.8942 0.7436 0.8693 0.8705 0.8460
37 0.8924 0.7729 0.8658 0.8681 0.8435
38 0.9016 0.7240 0.8782 0.8696 0.8461
39 0.8980 0.7612 0.8717 0.8683 0.8443
40 0.9034 0.7355 0.8800 0.8726 0.8467
41 0.9030 0.7599 0.8775 0.8651 0.8413
42 0.9087 0.7323 0.8857 0.8757 0.8521
43 0.9077 0.7462 0.8850 0.8727 0.8439
44 0.9054 0.7707 0.8817 0.8704 0.8434
45 0.9021 0.8011 0.8796 0.8777 0.8505
46 0.9112 0.7441 0.8904 0.8737 0.8455
47 0.9204 0.7044 0.8995 0.8777 0.8521
48 0.9173 0.7390 0.8968 0.8765 0.8537
49 0.9201 0.7115 0.8989 0.8720 0.8472
50 0.8964 1.0026 0.8724 0.8443 0.8176
51 0.8841 1.1026 0.8593 0.8636 0.8328
52 0.8898 1.0364 0.8649 0.8661 0.8410
53 0.8934 1.0362 0.8691 0.8689 0.8438
54 0.8858 1.1029 0.8592 0.8629 0.8373
55 0.8907 1.0762 0.8621 0.8624 0.8381
56 0.8852 1.0802 0.8573 0.8554 0.8253
57 0.8958 1.0134 0.8733 0.8629 0.8391
58 0.8877 1.0541 0.8611 0.8641 0.8408
59 0.8988 0.9502 0.8736 0.8735 0.8452
60 0.8951 0.9895 0.8713 0.8700 0.8442
61 0.8975 0.9510 0.8738 0.8595 0.8337
62 0.8985 0.9489 0.8732 0.8598 0.8330
63 0.9019 0.9013 0.8806 0.8760 0.8506
64 0.8956 0.9576 0.8734 0.8661 0.8412
65 0.9035 0.9256 0.8786 0.8573 0.8363
66 0.8948 0.9297 0.8716 0.8653 0.8426
67 0.9018 0.9208 0.8783 0.8742 0.8515
68 0.9032 0.9165 0.8795 0.8716 0.8426
69 0.9152 0.8036 0.8941 0.8753 0.8516
70 0.9078 0.8623 0.8855 0.8739 0.8479
71 0.9066 0.8540 0.8838 0.8811 0.8512
72 0.9096 0.8308 0.8888 0.8807 0.8551
73 0.9066 0.8536 0.8845 0.8804 0.8549
74 0.9085 0.8364 0.8856 0.8826 0.8567
75 0.9171 0.7704 0.8976 0.8822 0.8621
76 0.9180 0.7663 0.8950 0.8789 0.8550
77 0.9129 0.8103 0.8914 0.8710 0.8449
78 0.9152 0.7765 0.8938 0.8801 0.8530
79 0.9162 0.7795 0.8938 0.8805 0.8559
80 0.9192 0.7272 0.8987 0.8722 0.8507
81 0.9126 0.7911 0.8910 0.8767 0.8535
82 0.9223 0.6991 0.9026 0.8828 0.8557
83 0.9180 0.7456 0.8965 0.8825 0.8602
84 0.9212 0.6918 0.9030 0.8838 0.8593
85 0.9210 0.7151 0.9012 0.8875 0.8654
86 0.9206 0.6945 0.9015 0.8802 0.8574
87 0.9225 0.6985 0.9021 0.8846 0.8615
88 0.9242 0.6606 0.9072 0.8814 0.8567
89 0.9242 0.6806 0.9057 0.8776 0.8525
90 0.9240 0.6579 0.9066 0.8846 0.8592
91 0.9324 0.6263 0.9161 0.8858 0.8644
92 0.9349 0.6079 0.9199 0.8846 0.8627
93 0.9317 0.6023 0.9131 0.8839 0.8615
94 0.9300 0.6230 0.9141 0.8866 0.8640
95 0.9262 0.6429 0.9097 0.8867 0.8650
96 0.9310 0.6065 0.9160 0.8848 0.8627
97 0.9274 0.6146 0.9133 0.8856 0.8626
98 0.9315 0.5991 0.9144 0.8897 0.8661
99 0.9285 0.6007 0.9131 0.8864 0.8637
100 0.9289 0.6480 0.9095 0.8837 0.8612
101 0.9167 0.7636 0.8962 0.8866 0.8639
102 0.9135 0.7407 0.8927 0.8789 0.8556
103 0.9257 0.6851 0.9074 0.8862 0.8641
104 0.9189 0.7203 0.8990 0.8841 0.8629
105 0.9228 0.7000 0.9059 0.8856 0.8597
106 0.9250 0.6739 0.9069 0.8729 0.8506
107 0.9266 0.6493 0.9103 0.8814 0.8581
108 0.9260 0.6637 0.9083 0.8738 0.8479
109 0.9192 0.7023 0.9007 0.8861 0.8611
110 0.9246 0.6758 0.9037 0.8828 0.8561
111 0.9235 0.7035 0.9042 0.8871 0.8631
112 0.9322 0.6239 0.9170 0.8877 0.8624
113 0.9294 0.6198 0.9139 0.8767 0.8553
114 0.9283 0.6495 0.9113 0.8820 0.8602
115 0.9238 0.6705 0.9039 0.8846 0.8592
116 0.9266 0.6459 0.9110 0.8835 0.8609
117 0.9261 0.6476 0.9091 0.8819 0.8592
118 0.9285 0.6294 0.9127 0.8829 0.8581
119 0.9361 0.5923 0.9216 0.8808 0.8560
120 0.9289 0.6079 0.9134 0.8873 0.8635
121 0.9307 0.6048 0.9137 0.8851 0.8597
122 0.9360 0.5819 0.9189 0.8814 0.8602
123 0.9344 0.5919 0.9182 0.8870 0.8631
124 0.9329 0.5891 0.9163 0.8849 0.8594
125 0.9370 0.5623 0.9212 0.8856 0.8627
126 0.9368 0.5547 0.9196 0.8813 0.8571
127 0.9353 0.5805 0.9194 0.8853 0.8632
128 0.9337 0.5888 0.9207 0.8785 0.8549
129 0.9373 0.5624 0.9237 0.8847 0.8621
130 0.9328 0.5754 0.9166 0.8859 0.8607
131 0.9379 0.5522 0.9257 0.8817 0.8576
132 0.9400 0.5285 0.9252 0.8880 0.8643
133 0.9351 0.5831 0.9201 0.8884 0.8629
134 0.9321 0.6013 0.9167 0.8912 0.8665
135 0.9340 0.5827 0.9190 0.8906 0.8645
136 0.9382 0.5382 0.9216 0.8853 0.8591
137 0.9397 0.5272 0.9253 0.8847 0.8586
138 0.9429 0.4986 0.9307 0.8859 0.8605
139 0.9414 0.5199 0.9283 0.8897 0.8640
140 0.9384 0.5378 0.9268 0.8843 0.8599
141 0.9418 0.5158 0.9293 0.8883 0.8633
142 0.9427 0.4924 0.9296 0.8864 0.8627
143 0.9386 0.5386 0.9244 0.8889 0.8659
144 0.9407 0.5110 0.9269 0.8875 0.8639
145 0.9412 0.5082 0.9263 0.8887 0.8655
146 0.9406 0.5025 0.9275 0.8909 0.8665
147 0.9447 0.4750 0.9325 0.8921 0.8677
148 0.9439 0.4853 0.9316 0.8914 0.8662
149 0.9426 0.5017 0.9291 0.8894 0.8651
150 0.9425 0.5000 0.9317 0.8866 0.8631
151 0.9412 0.5023 0.9273 0.8852 0.8611
152 0.9375 0.5364 0.9228 0.8857 0.8604
153 0.9331 0.5666 0.9170 0.8880 0.8652
154 0.9401 0.5254 0.9259 0.8859 0.8620
155 0.9375 0.5475 0.9212 0.8875 0.8621
156 0.9377 0.5449 0.9265 0.8835 0.8591
157 0.9344 0.5562 0.9201 0.8844 0.8615
158 0.9385 0.5431 0.9247 0.8876 0.8637
159 0.9429 0.5040 0.9303 0.8878 0.8647
160 0.9385 0.5331 0.9232 0.8873 0.8631
161 0.9384 0.5270 0.9233 0.8852 0.8627
162 0.9415 0.5026 0.9299 0.8792 0.8559
163 0.9393 0.5192 0.9267 0.8898 0.8647
164 0.9377 0.5093 0.9256 0.8889 0.8641
165 0.9431 0.4881 0.9290 0.8833 0.8607
166 0.9453 0.4901 0.9322 0.8849 0.8622
167 0.9422 0.5047 0.9304 0.8849 0.8622
168 0.9424 0.5012 0.9305 0.8878 0.8640
169 0.9434 0.4721 0.9324 0.8873 0.8642
170 0.9421 0.4836 0.9291 0.8872 0.8638
171 0.9416 0.4871 0.9300 0.8878 0.8624
172 0.9404 0.5042 0.9258 0.8919 0.8677
173 0.9453 0.4858 0.9324 0.8811 0.8589
174 0.9380 0.5146 0.9262 0.8880 0.8634
175 0.9442 0.4676 0.9314 0.8853 0.8609
176 0.9411 0.5002 0.9295 0.8888 0.8645
177 0.9440 0.5038 0.9324 0.8894 0.8651
178 0.9382 0.5233 0.9265 0.8895 0.8661
179 0.9431 0.4645 0.9319 0.8921 0.8672
180 0.9371 0.5183 0.9249 0.8922 0.8661
181 0.9402 0.4912 0.9272 0.8897 0.8650
182 0.9441 0.4614 0.9328 0.8915 0.8675
183 0.9473 0.4626 0.9338 0.8880 0.8622
184 0.9400 0.4995 0.9263 0.8943 0.8672
185 0.9456 0.4582 0.9338 0.8913 0.8675
186 0.9415 0.4744 0.9282 0.8933 0.8687
187 0.9457 0.4483 0.9332 0.8905 0.8654
188 0.9446 0.4838 0.9329 0.8939 0.8680
189 0.9463 0.4511 0.9354 0.8938 0.8676
190 0.9485 0.4464 0.9381 0.8930 0.8691
191 0.9452 0.4662 0.9327 0.8903 0.8660
192 0.9415 0.5020 0.9290 0.8908 0.8670
193 0.9506 0.4250 0.9417 0.8895 0.8666
194 0.9457 0.4378 0.9341 0.8872 0.8635
195 0.9452 0.4640 0.9342 0.8936 0.8680
196 0.9477 0.4561 0.9377 0.8914 0.8675
197 0.9500 0.4208 0.9389 0.8916 0.8670
198 0.9462 0.4371 0.9373 0.8917 0.8675
199 0.9482 0.4380 0.9372 0.8927 0.8687
