epoch train_iou train_loss train_mAP val_iou val_mAP
0 0.5583 0.2348 0.4829 0.6759 0.6178
1 0.6768 0.2215 0.6189 0.7334 0.6845
2 0.7542 0.2154 0.7059 0.7718 0.7309
3 0.7704 0.2277 0.7256 0.7808 0.7371
4 0.7926 0.2319 0.7506 0.7937 0.7561
5 0.8045 0.2494 0.7632 0.7942 0.7564
6 0.8108 0.2691 0.7697 0.7979 0.7606
7 0.7987 0.3219 0.7578 0.7836 0.7310
8 0.7923 0.3612 0.7458 0.8016 0.7655
9 0.7762 0.3997 0.7330 0.7923 0.7447
10 0.7811 0.4471 0.7382 0.7527 0.7160
11 0.7979 0.4446 0.7573 0.8057 0.7690
12 0.8202 0.4226 0.7822 0.8210 0.7838
13 0.8263 0.4164 0.7906 0.8293 0.7954
14 0.8395 0.4006 0.8019 0.8337 0.8038
15 0.8490 0.3964 0.8135 0.8357 0.8018
16 0.8500 0.4167 0.8147 0.8371 0.8054
17 0.8442 0.4502 0.8102 0.8271 0.7893
18 0.8388 0.5091 0.8031 0.8208 0.7806
19 0.8287 0.5635 0.7920 0.8217 0.7909
20 0.8216 0.6407 0.7840 0.8123 0.7865
21 0.8393 0.5720 0.8042 0.8269 0.7978
22 0.8400 0.5708 0.8056 0.8351 0.8001
23 0.8534 0.5376 0.8232 0.8417 0.8113
24 0.8665 0.5083 0.8356 0.8400 0.8165
25 0.8724 0.4958 0.8400 0.8458 0.8171
26 0.8719 0.5111 0.8403 0.8394 0.8130
27 0.8675 0.5543 0.8357 0.8349 0.8071
28 0.8603 0.6105 0.8281 0.8294 0.8017
29 0.8505 0.6687 0.8171 0.8311 0.7998
30 0.8471 0.7160 0.8121 0.8250 0.7913
31 0.8439 0.7525 0.8082 0.8118 0.7762
32 0.8587 0.6867 0.8268 0.8392 0.8126
33 0.8751 0.6196 0.8446 0.8157 0.7883
34 0.8801 0.6130 0.8509 0.8476 0.8209
35 0.8849 0.5912 0.8592 0.8472 0.8207
36 0.8852 0.6120 0.8556 0.8514 0.8237
37 0.8787 0.6460 0.8471 0.8422 0.8129
38 0.8746 0.7058 0.8408 0.8330 0.8028
39 0.8596 0.7883 0.8275 0.8250 0.8020
40 0.8533 0.8660 0.8216 0.8417 0.8180
41 0.8711 0.7986 0.8409 0.8377 0.8046
42 0.8685 0.7850 0.8367 0.8434 0.8120
43 0.8853 0.7111 0.8555 0.8449 0.8136
44 0.8942 0.6688 0.8638 0.8542 0.8257
45 0.9009 0.6399 0.8732 0.8544 0.8269
46 0.8981 0.6542 0.8703 0.8621 0.8346
47 0.8845 0.7454 0.8549 0.8554 0.8278
48 0.8801 0.8188 0.8515 0.8386 0.8085
49 0.8792 0.8615 0.8481 0.8442 0.8125
50 0.8753 0.8888 0.8440 0.8508 0.8155
51 0.8740 0.9292 0.8461 0.8258 0.7863
52 0.8804 0.8735 0.8522 0.8566 0.8281
53 0.8910 0.8002 0.8625 0.8541 0.8300
54 0.8972 0.7507 0.8705 0.8547 0.8287
55 0.9022 0.7346 0.8765 0.8551 0.8291
56 0.9060 0.7171 0.8797 0.8588 0.8321
57 0.9049 0.7371 0.8778 0.8580 0.8275
58 0.8974 0.8101 0.8698 0.8503 0.8227
59 0.8795 1.0206 0.8480 0.8501 0.8226
60 0.8797 1.0616 0.8515 0.8478 0.8184
61 0.8739 1.0840 0.8441 0.8439 0.8172
62 0.8825 0.9930 0.8537 0.8573 0.8288
63 0.8967 0.9116 0.8701 0.8559 0.8304
64 0.9026 0.8595 0.8766 0.8621 0.8362
65 0.9044 0.8407 0.8777 0.8633 0.8345
66 0.9059 0.8262 0.8797 0.8636 0.8356
67 0.9048 0.8548 0.8774 0.8589 0.8325
68 0.8916 0.9711 0.8648 0.8567 0.8288
69 0.8907 1.0352 0.8616 0.8450 0.8172
70 0.8810 1.1429 0.8526 0.8499 0.8258
71 0.8907 1.0614 0.8632 0.8364 0.8175
72 0.8986 1.0406 0.8731 0.8595 0.8344
73 0.9024 0.9308 0.8780 0.8572 0.8299
74 0.9129 0.8384 0.8881 0.8621 0.8331
75 0.9095 0.8808 0.8848 0.8656 0.8388
76 0.9138 0.8398 0.8899 0.8634 0.8329
77 0.9122 0.8903 0.8882 0.8587 0.8306
78 0.9040 0.9759 0.8798 0.8602 0.8381
79 0.9009 1.0074 0.8737 0.8562 0.8286
80 0.8857 1.2145 0.8591 0.8493 0.8190
81 0.8858 1.2506 0.8574 0.8486 0.8242
82 0.8995 1.0815 0.8733 0.8556 0.8287
83 0.9091 0.9751 0.8858 0.8695 0.8423
84 0.9133 0.9489 0.8902 0.8621 0.8363
85 0.9144 0.9382 0.8908 0.8629 0.8394
86 0.9122 0.9893 0.8889 0.8641 0.8382
87 0.9123 0.9552 0.8894 0.8633 0.8381
88 0.9060 1.0793 0.8812 0.8566 0.8293
89 0.8973 1.1939 0.8716 0.8481 0.8218
90 0.8896 1.3057 0.8638 0.8521 0.8249
91 0.8978 1.2225 0.8719 0.8610 0.8333
92 0.9032 1.1690 0.8773 0.8647 0.8370
93 0.9123 1.0689 0.8873 0.8703 0.8456
94 0.9191 0.9745 0.8975 0.8674 0.8425
95 0.9165 0.9712 0.8964 0.8703 0.8471
96 0.9195 0.9767 0.8966 0.8761 0.8502
97 0.9168 1.0322 0.8948 0.8672 0.8445
98 0.9135 1.0844 0.8910 0.8593 0.8343
99 0.9017 1.2398 0.8780 0.8422 0.8117
100 0.8980 1.3063 0.8734 0.8583 0.8367
101 0.9102 1.1037 0.8852 0.8682 0.8434
102 0.9125 1.1037 0.8911 0.8674 0.8417
103 0.9195 0.9908 0.8985 0.8651 0.8395
104 0.9220 0.9691 0.9002 0.8690 0.8446
105 0.9192 1.0046 0.8964 0.8694 0.8452
106 0.9240 0.9629 0.9023 0.8703 0.8445
107 0.9214 0.9553 0.8976 0.8650 0.8403
108 0.9209 0.9549 0.8989 0.8724 0.8454
109 0.9203 0.9566 0.9004 0.8686 0.8407
110 0.9203 1.0252 0.8989 0.8656 0.8399
111 0.9181 1.0350 0.8954 0.8680 0.8417
112 0.9212 0.9843 0.8990 0.8655 0.8383
113 0.9246 0.9386 0.9047 0.8680 0.8382
114 0.9291 0.8950 0.9097 0.8665 0.8373
115 0.9218 0.9270 0.9000 0.8693 0.8397
116 0.9261 0.9189 0.9058 0.8703 0.8429
117 0.9257 0.8907 0.9055 0.8686 0.8427
118 0.9187 0.9850 0.8979 0.8657 0.8404
119 0.9161 1.0094 0.8959 0.8677 0.8421
120 0.9215 0.9929 0.9015 0.8667 0.8407
121 0.9162 0.9840 0.8938 0.8627 0.8374
122 0.9206 0.9728 0.9011 0.8704 0.8466
123 0.9255 0.9305 0.9052 0.8676 0.8435
124 0.9262 0.8957 0.9078 0.8701 0.8413
125 0.9261 0.8812 0.9071 0.8714 0.8454
126 0.9282 0.8648 0.9099 0.8702 0.8458
127 0.9296 0.8541 0.9098 0.8680 0.8400
128 0.9222 0.9414 0.9014 0.8593 0.8358
129 0.9228 0.9576 0.9040 0.8659 0.8413
130 0.9168 1.0247 0.8958 0.8629 0.8395
131 0.9179 0.9743 0.8993 0.8656 0.8418
132 0.9228 0.9705 0.9044 0.8675 0.8434
133 0.9276 0.9115 0.9097 0.8691 0.8450
134 0.9341 0.8158 0.9154 0.8734 0.8469
135 0.9275 0.8720 0.9064 0.8729 0.8453
136 0.9297 0.8489 0.9117 0.8718 0.8470
137 0.9298 0.8528 0.9110 0.8704 0.8425
138 0.9267 0.8838 0.9078 0.8663 0.8400
139 0.9237 0.8996 0.9056 0.8675 0.8394
140 0.9101 1.0235 0.8907 0.8543 0.8309
141 0.9259 0.9687 0.9074 0.8707 0.8406
142 0.9251 0.9162 0.9047 0.8727 0.8464
143 0.9298 0.8741 0.9117 0.8681 0.8423
144 0.9308 0.8596 0.9130 0.8721 0.8468
145 0.9339 0.7976 0.9159 0.8715 0.8457
146 0.9360 0.8133 0.9192 0.8707 0.8425
147 0.9303 0.8374 0.9132 0.8724 0.8460
148 0.9276 0.8799 0.9090 0.8710 0.8465
149 0.9273 0.8923 0.9075 0.8596 0.8352
150 0.9244 0.9392 0.9055 0.8554 0.8312
151 0.9226 0.9671 0.9017 0.8628 0.8392
152 0.9258 0.9029 0.9081 0.8710 0.8454
153 0.9281 0.8639 0.9120 0.8648 0.8411
154 0.9261 0.8667 0.9103 0.8686 0.8425
155 0.9299 0.8321 0.9118 0.8695 0.8439
156 0.9305 0.8322 0.9131 0.8715 0.8469
157 0.9335 0.8224 0.9151 0.8682 0.8422
158 0.9332 0.8138 0.9168 0.8735 0.8474
159 0.9271 0.8804 0.9085 0.8703 0.8487
160 0.9338 0.8158 0.9175 0.8769 0.8519
161 0.9327 0.8303 0.9166 0.8750 0.8500
162 0.9324 0.8280 0.9149 0.8750 0.8507
163 0.9348 0.7862 0.9175 0.8742 0.8494
164 0.9346 0.7746 0.9179 0.8751 0.8502
165 0.9376 0.7718 0.9226 0.8758 0.8502
166 0.9342 0.7818 0.9165 0.8756 0.8493
167 0.9370 0.7581 0.9211 0.8757 0.8490
168 0.9349 0.7555 0.9191 0.8724 0.8470
169 0.9359 0.7904 0.9198 0.8732 0.8484
170 0.9327 0.7840 0.9134 0.8741 0.8474
171 0.9351 0.7539 0.9194 0.8723 0.8469
172 0.9384 0.7572 0.9227 0.8743 0.8496
173 0.9369 0.7663 0.9208 0.8738 0.8480
174 0.9344 0.7793 0.9170 0.8713 0.8452
175 0.9369 0.7468 0.9222 0.8725 0.8469
176 0.9400 0.7298 0.9242 0.8735 0.8496
177 0.9396 0.7357 0.9255 0.8727 0.8482
178 0.9331 0.7646 0.9188 0.8777 0.8508
179 0.9358 0.7696 0.9187 0.8764 0.8489
180 0.9351 0.7746 0.9179 0.8717 0.8470
181 0.9360 0.7759 0.9202 0.8756 0.8480
182 0.9369 0.7374 0.9205 0.8737 0.8471
183 0.9384 0.7628 0.9230 0.8732 0.8457
184 0.9356 0.7498 0.9198 0.8728 0.8470
185 0.9387 0.7378 0.9237 0.8739 0.8475
186 0.9380 0.7308 0.9215 0.8737 0.8476
187 0.9384 0.7416 0.9226 0.8720 0.8446
188 0.9370 0.7333 0.9221 0.8727 0.8452
189 0.9405 0.7389 0.9258 0.8743 0.8481
190 0.9349 0.7763 0.9211 0.8708 0.8440
191 0.9367 0.7658 0.9218 0.8736 0.8475
192 0.9388 0.7439 0.9235 0.8732 0.8486
193 0.9396 0.7274 0.9238 0.8740 0.8490
194 0.9346 0.7807 0.9207 0.8736 0.8480
195 0.9387 0.7290 0.9235 0.8733 0.8483
196 0.9400 0.7319 0.9236 0.8723 0.8471
197 0.9372 0.7383 0.9208 0.8729 0.8471
198 0.9400 0.7145 0.9246 0.8782 0.8510
199 0.9328 0.7544 0.9170 0.8776 0.8512
