epoch train_iou train_loss train_mAP val_iou val_mAP
0 0.5870 0.2995 0.5114 0.7351 0.6852
1 0.7038 0.2798 0.6452 0.7568 0.7044
2 0.7420 0.2940 0.6899 0.7613 0.7057
3 0.7724 0.3034 0.7243 0.7889 0.7480
4 0.7930 0.3099 0.7465 0.8026 0.7599
5 0.8078 0.3261 0.7650 0.8103 0.7750
6 0.7983 0.3751 0.7552 0.8069 0.7641
7 0.8050 0.4043 0.7597 0.8166 0.7706
8 0.7914 0.4793 0.7463 0.8133 0.7775
9 0.8048 0.4982 0.7626 0.8193 0.7782
10 0.8028 0.5371 0.7598 0.8254 0.7915
11 0.8119 0.5331 0.7675 0.8255 0.7956
12 0.8404 0.4841 0.8034 0.8332 0.8044
13 0.8429 0.4818 0.8077 0.8362 0.8080
14 0.8529 0.4733 0.8171 0.8427 0.8131
15 0.8649 0.4657 0.8313 0.8477 0.8169
16 0.8609 0.5003 0.8274 0.8548 0.8270
17 0.8617 0.5370 0.8253 0.8402 0.8109
18 0.8457 0.6289 0.8080 0.8364 0.8023
19 0.8448 0.6460 0.8072 0.8368 0.7941
20 0.8434 0.6949 0.8046 0.8334 0.8000
21 0.8507 0.6791 0.8146 0.8422 0.8126
22 0.8739 0.6101 0.8413 0.8468 0.8199
23 0.8766 0.5973 0.8435 0.8579 0.8312
24 0.8882 0.5545 0.8557 0.8475 0.8198
25 0.8919 0.5452 0.8613 0.8525 0.8254
26 0.8903 0.5744 0.8592 0.8530 0.8264
27 0.8845 0.6239 0.8518 0.8570 0.8290
28 0.8752 0.7156 0.8433 0.8516 0.8272
29 0.8748 0.7423 0.8413 0.8429 0.8135
30 0.8667 0.8169 0.8321 0.8525 0.8246
31 0.8740 0.7952 0.8402 0.8511 0.8214
32 0.8807 0.7546 0.8495 0.8609 0.8306
33 0.8916 0.7053 0.8597 0.8601 0.8310
34 0.8977 0.6620 0.8666 0.8628 0.8369
35 0.9045 0.6446 0.8741 0.8666 0.8400
36 0.9018 0.6601 0.8715 0.8647 0.8386
37 0.9027 0.7116 0.8718 0.8649 0.8400
38 0.8956 0.7511 0.8646 0.8616 0.8328
39 0.8844 0.8803 0.8522 0.8478 0.8184
40 0.8783 0.9796 0.8455 0.8532 0.8261
41 0.8816 0.9496 0.8515 0.8518 0.8191
42 0.8873 0.8959 0.8565 0.8508 0.8202
43 0.8997 0.8061 0.8706 0.8630 0.8348
44 0.9044 0.7770 0.8762 0.8673 0.8389
45 0.9108 0.7387 0.8849 0.8696 0.8426
46 0.9064 0.7763 0.8770 0.8674 0.8415
47 0.9074 0.7930 0.8796 0.8576 0.8317
48 0.9031 0.8760 0.8745 0.8518 0.8223
49 0.8936 0.9638 0.8622 0.8528 0.8231
50 0.8868 1.0758 0.8552 0.8536 0.8275
51 0.8901 1.0044 0.8605 0.8594 0.8311
52 0.9003 0.9373 0.8729 0.8626 0.8361
53 0.9114 0.8193 0.8832 0.8698 0.8465
54 0.9106 0.8116 0.8825 0.8664 0.8425
55 0.9165 0.7498 0.8915 0.8674 0.8432
56 0.9156 0.7384 0.8908 0.8700 0.8445
57 0.9120 0.7633 0.8856 0.8653 0.8381
58 0.9110 0.8024 0.8835 0.8664 0.8407
59 0.9003 0.9203 0.8722 0.8547 0.8283
60 0.8935 0.9779 0.8638 0.8606 0.8309
61 0.9027 0.9176 0.8761 0.8605 0.8345
62 0.9067 0.8330 0.8778 0.8622 0.8357
63 0.9133 0.8007 0.8873 0.8642 0.8388
64 0.9165 0.7412 0.8918 0.8659 0.8425
65 0.9171 0.7186 0.8913 0.8659 0.8404
66 0.9171 0.7146 0.8940 0.8687 0.8407
67 0.9200 0.7283 0.8955 0.8697 0.8430
68 0.9093 0.8028 0.8830 0.8603 0.8349
69 0.9080 0.8412 0.8800 0.8684 0.8424
70 0.9013 0.9248 0.8732 0.8614 0.8328
71 0.9078 0.8439 0.8824 0.8619 0.8341
72 0.9109 0.7949 0.8843 0.8591 0.8314
73 0.9186 0.7243 0.8943 0.8666 0.8425
74 0.9255 0.6605 0.9025 0.8740 0.8511
75 0.9260 0.6459 0.9046 0.8711 0.8478
76 0.9222 0.6743 0.8964 0.8691 0.8452
77 0.9212 0.6990 0.8957 0.8672 0.8421
78 0.9150 0.7770 0.8884 0.8698 0.8422
79 0.9102 0.8008 0.8834 0.8625 0.8339
80 0.9018 0.9093 0.8760 0.8467 0.8174
81 0.9115 0.7777 0.8868 0.8496 0.8267
82 0.9095 0.8087 0.8848 0.8681 0.8420
83 0.9205 0.6973 0.8972 0.8697 0.8471
84 0.9221 0.6847 0.8991 0.8733 0.8492
85 0.9241 0.6516 0.9021 0.8734 0.8499
86 0.9260 0.6487 0.9026 0.8667 0.8453
87 0.9183 0.7117 0.8939 0.8657 0.8407
88 0.9212 0.6866 0.8970 0.8708 0.8491
89 0.9085 0.8244 0.8849 0.8681 0.8421
90 0.9108 0.8195 0.8868 0.8642 0.8380
91 0.9108 0.8159 0.8861 0.8545 0.8283
92 0.9136 0.7652 0.8878 0.8618 0.8358
93 0.9203 0.6989 0.8969 0.8674 0.8423
94 0.9251 0.6571 0.9038 0.8681 0.8416
95 0.9289 0.6134 0.9090 0.8703 0.8449
96 0.9288 0.6138 0.9083 0.8732 0.8462
97 0.9255 0.6567 0.9028 0.8677 0.8401
98 0.9204 0.7128 0.8974 0.8746 0.8487
99 0.9099 0.7771 0.8853 0.8600 0.8334
100 0.9167 0.7196 0.8934 0.8726 0.8452
101 0.9216 0.6676 0.8995 0.8623 0.8316
102 0.9272 0.6276 0.9059 0.8721 0.8428
103 0.9209 0.6433 0.8997 0.8725 0.8442
104 0.9327 0.5671 0.9142 0.8763 0.8497
105 0.9298 0.5966 0.9096 0.8703 0.8428
106 0.9301 0.5979 0.9107 0.8716 0.8445
107 0.9311 0.5870 0.9112 0.8720 0.8448
108 0.9294 0.5903 0.9100 0.8739 0.8491
109 0.9293 0.5908 0.9095 0.8713 0.8432
110 0.9270 0.6426 0.9060 0.8732 0.8478
111 0.9259 0.6159 0.9053 0.8798 0.8518
112 0.9261 0.6369 0.9063 0.8762 0.8499
113 0.9314 0.5709 0.9117 0.8750 0.8472
114 0.9322 0.5515 0.9141 0.8762 0.8487
115 0.9330 0.5470 0.9166 0.8778 0.8496
116 0.9332 0.5547 0.9132 0.8792 0.8544
117 0.9331 0.5628 0.9142 0.8760 0.8520
118 0.9309 0.5695 0.9114 0.8699 0.8425
119 0.9266 0.6094 0.9079 0.8705 0.8475
120 0.9261 0.6496 0.9059 0.8680 0.8414
121 0.9259 0.6100 0.9060 0.8654 0.8409
122 0.9300 0.5808 0.9123 0.8774 0.8513
123 0.9341 0.5523 0.9164 0.8699 0.8445
124 0.9349 0.5374 0.9166 0.8732 0.8480
125 0.9358 0.5384 0.9178 0.8738 0.8489
126 0.9325 0.5602 0.9142 0.8715 0.8464
127 0.9358 0.5345 0.9180 0.8697 0.8438
128 0.9334 0.5517 0.9147 0.8755 0.8480
129 0.9343 0.5746 0.9173 0.8629 0.8382
130 0.9288 0.6158 0.9088 0.8679 0.8400
131 0.9268 0.5949 0.9083 0.8602 0.8367
132 0.9338 0.5441 0.9161 0.8641 0.8418
133 0.9340 0.5447 0.9169 0.8695 0.8470
134 0.9304 0.5393 0.9126 0.8662 0.8412
135 0.9357 0.5174 0.9193 0.8664 0.8407
136 0.9367 0.5149 0.9186 0.8727 0.8484
137 0.9358 0.5337 0.9174 0.8726 0.8485
138 0.9333 0.5541 0.9153 0.8750 0.8451
139 0.9327 0.5429 0.9165 0.8695 0.8444
140 0.9282 0.6002 0.9101 0.8598 0.8367
141 0.9270 0.6293 0.9093 0.8746 0.8461
142 0.9343 0.5403 0.9178 0.8739 0.8502
143 0.9328 0.5364 0.9158 0.8767 0.8536
144 0.9338 0.5148 0.9174 0.8742 0.8505
145 0.9410 0.4984 0.9262 0.8759 0.8528
146 0.9387 0.5017 0.9228 0.8791 0.8558
147 0.9371 0.5108 0.9215 0.8731 0.8487
148 0.9348 0.5215 0.9175 0.8750 0.8508
149 0.9359 0.5208 0.9193 0.8757 0.8508
150 0.9287 0.5889 0.9115 0.8733 0.8469
151 0.9311 0.6073 0.9118 0.8729 0.8484
152 0.9360 0.5170 0.9202 0.8754 0.8498
153 0.9316 0.5342 0.9152 0.8740 0.8511
154 0.9391 0.4796 0.9256 0.8765 0.8496
155 0.9393 0.4895 0.9243 0.8765 0.8505
156 0.9370 0.5162 0.9225 0.8781 0.8513
157 0.9377 0.5046 0.9230 0.8701 0.8446
158 0.9369 0.5211 0.9212 0.8676 0.8419
159 0.9391 0.4925 0.9231 0.8618 0.8336
160 0.9364 0.4911 0.9202 0.8702 0.8452
161 0.9387 0.4881 0.9242 0.8705 0.8459
162 0.9409 0.4820 0.9262 0.8723 0.8492
163 0.9396 0.4818 0.9236 0.8719 0.8494
164 0.9389 0.4738 0.9242 0.8737 0.8509
165 0.9414 0.4714 0.9264 0.8725 0.8490
166 0.9431 0.4523 0.9293 0.8763 0.8544
167 0.9454 0.4370 0.9320 0.8746 0.8525
168 0.9418 0.4520 0.9282 0.8756 0.8522
169 0.9393 0.4685 0.9256 0.8735 0.8485
170 0.9431 0.4426 0.9292 0.8786 0.8544
171 0.9406 0.4728 0.9263 0.8778 0.8527
172 0.9412 0.4667 0.9270 0.8747 0.8506
173 0.9381 0.4848 0.9222 0.8792 0.8542
174 0.9450 0.4356 0.9306 0.8756 0.8522
175 0.9453 0.4442 0.9332 0.8771 0.8537
176 0.9435 0.4491 0.9294 0.8786 0.8530
177 0.9446 0.4471 0.9318 0.8784 0.8553
178 0.9419 0.4664 0.9282 0.8749 0.8502
179 0.9457 0.4303 0.9329 0.8724 0.8489
180 0.9401 0.4646 0.9259 0.8761 0.8520
181 0.9396 0.4695 0.9275 0.8741 0.8497
182 0.9433 0.4405 0.9296 0.8736 0.8494
183 0.9419 0.4521 0.9288 0.8756 0.8509
184 0.9417 0.4569 0.9274 0.8750 0.8522
185 0.9420 0.4455 0.9297 0.8769 0.8532
186 0.9448 0.4397 0.9319 0.8748 0.8509
187 0.9457 0.4362 0.9318 0.8756 0.8518
188 0.9426 0.4633 0.9290 0.8733 0.8501
189 0.9412 0.4598 0.9276 0.8756 0.8501
190 0.9461 0.4254 0.9334 0.8739 0.8490
191 0.9422 0.4489 0.9285 0.8725 0.8495
192 0.9407 0.4572 0.9280 0.8764 0.8537
193 0.9456 0.4408 0.9332 0.8782 0.8542
194 0.9434 0.4339 0.9305 0.8752 0.8513
195 0.9423 0.4452 0.9289 0.8784 0.8549
196 0.9462 0.4202 0.9345 0.8784 0.8532
197 0.9422 0.4309 0.9288 0.8783 0.8534
198 0.9476 0.4287 0.9338 0.8736 0.8496
199 0.9437 0.4385 0.9303 0.8729 0.8497
