epoch train_iou train_loss train_mAP val_iou val_mAP
0 0.6104 0.3139 0.5322 0.7352 0.6900
1 0.7165 0.2701 0.6617 0.7676 0.7218
2 0.7670 0.2747 0.7180 0.7884 0.7509
3 0.7882 0.2847 0.7438 0.8117 0.7748
4 0.8166 0.2732 0.7735 0.8240 0.7902
5 0.8208 0.2944 0.7805 0.8286 0.8000
6 0.8170 0.3393 0.7742 0.8241 0.7945
7 0.8100 0.3896 0.7669 0.8239 0.7921
8 0.8132 0.4161 0.7710 0.8191 0.7875
9 0.8177 0.4571 0.7774 0.8274 0.7891
10 0.8231 0.4784 0.7814 0.8355 0.8034
11 0.8290 0.4681 0.7916 0.8354 0.8090
12 0.8485 0.4489 0.8139 0.8436 0.8200
13 0.8629 0.4261 0.8298 0.8432 0.8197
14 0.8747 0.4085 0.8416 0.8479 0.8268
15 0.8785 0.4049 0.8494 0.8485 0.8268
16 0.8787 0.4301 0.8465 0.8411 0.8174
17 0.8762 0.4648 0.8443 0.8509 0.8269
18 0.8693 0.5153 0.8379 0.8402 0.8136
19 0.8618 0.5648 0.8298 0.8384 0.8193
20 0.8534 0.6342 0.8207 0.8441 0.8222
21 0.8603 0.6132 0.8250 0.8499 0.8279
22 0.8666 0.5996 0.8326 0.8544 0.8354
23 0.8832 0.5401 0.8533 0.8480 0.8265
24 0.8950 0.5020 0.8667 0.8609 0.8368
25 0.9015 0.4949 0.8722 0.8563 0.8350
26 0.9010 0.5094 0.8726 0.8511 0.8325
27 0.8975 0.5387 0.8686 0.8653 0.8418
28 0.8858 0.6372 0.8555 0.8534 0.8327
29 0.8761 0.7187 0.8446 0.8538 0.8328
30 0.8747 0.7462 0.8444 0.8520 0.8286
31 0.8825 0.7537 0.8537 0.8505 0.8254
32 0.8939 0.6553 0.8674 0.8626 0.8355
33 0.8923 0.6607 0.8653 0.8701 0.8432
34 0.9092 0.5858 0.8834 0.8718 0.8480
35 0.9109 0.5803 0.8837 0.8715 0.8474
36 0.9096 0.5973 0.8843 0.8735 0.8502
37 0.9046 0.6412 0.8764 0.8708 0.8475
38 0.8927 0.7640 0.8649 0.8606 0.8359
39 0.8957 0.7692 0.8693 0.8530 0.8257
40 0.8897 0.8485 0.8604 0.8424 0.8275
41 0.8947 0.8139 0.8695 0.8557 0.8305
42 0.8952 0.8165 0.8668 0.8649 0.8397
43 0.9032 0.7474 0.8783 0.8662 0.8418
44 0.9116 0.6797 0.8856 0.8696 0.8473
45 0.9155 0.6814 0.8920 0.8682 0.8463
46 0.9173 0.6805 0.8934 0.8665 0.8424
47 0.9165 0.6880 0.8923 0.8643 0.8390
48 0.9073 0.7870 0.8832 0.8611 0.8387
49 0.9071 0.8335 0.8815 0.8627 0.8418
50 0.8972 0.9438 0.8703 0.8685 0.8446
51 0.8963 0.9466 0.8686 0.8574 0.8340
52 0.9090 0.8087 0.8844 0.8533 0.8287
53 0.9158 0.7288 0.8909 0.8701 0.8477
54 0.9181 0.6982 0.8968 0.8760 0.8547
55 0.9239 0.6623 0.9029 0.8755 0.8540
56 0.9236 0.6551 0.9025 0.8741 0.8552
57 0.9223 0.6735 0.9013 0.8658 0.8437
58 0.9168 0.7414 0.8942 0.8728 0.8517
59 0.9135 0.7748 0.8894 0.8642 0.8457
60 0.8973 0.9140 0.8706 0.8506 0.8262
61 0.9013 0.8935 0.8781 0.8619 0.8406
62 0.9119 0.7773 0.8887 0.8729 0.8521
63 0.9245 0.6687 0.9056 0.8729 0.8515
64 0.9207 0.6732 0.9007 0.8710 0.8496
65 0.9273 0.6112 0.9063 0.8748 0.8542
66 0.9248 0.6401 0.9064 0.8703 0.8514
67 0.9279 0.6408 0.9067 0.8746 0.8510
68 0.9189 0.7048 0.8956 0.8683 0.8475
69 0.9111 0.7862 0.8879 0.8508 0.8261
70 0.9068 0.8634 0.8838 0.8638 0.8451
71 0.9112 0.8008 0.8871 0.8651 0.8402
72 0.9165 0.7291 0.8972 0.8680 0.8486
73 0.9188 0.6850 0.8977 0.8688 0.8510
74 0.9317 0.5905 0.9131 0.8755 0.8570
75 0.9353 0.5676 0.9175 0.8770 0.8571
76 0.9287 0.6122 0.9100 0.8742 0.8530
77 0.9308 0.5984 0.9117 0.8702 0.8498
78 0.9256 0.6297 0.9048 0.8687 0.8452
79 0.9215 0.7061 0.9015 0.8596 0.8365
80 0.9063 0.8381 0.8815 0.8688 0.8500
81 0.9192 0.7399 0.8955 0.8562 0.8328
82 0.9147 0.7413 0.8919 0.8750 0.8541
83 0.9271 0.6280 0.9074 0.8801 0.8596
84 0.9321 0.5869 0.9134 0.8842 0.8660
85 0.9311 0.5927 0.9119 0.8823 0.8622
86 0.9315 0.5785 0.9126 0.8812 0.8613
87 0.9347 0.5609 0.9184 0.8718 0.8525
88 0.9243 0.6578 0.9042 0.8736 0.8542
89 0.9211 0.6675 0.9002 0.8620 0.8403
90 0.9103 0.7943 0.8872 0.8634 0.8424
91 0.9151 0.7477 0.8956 0.8732 0.8491
92 0.9325 0.6182 0.9152 0.8772 0.8538
93 0.9302 0.5831 0.9127 0.8774 0.8579
94 0.9317 0.5685 0.9157 0.8854 0.8671
95 0.9337 0.5539 0.9178 0.8829 0.8642
96 0.9397 0.5353 0.9233 0.8832 0.8656
97 0.9360 0.5680 0.9190 0.8770 0.8557
98 0.9306 0.6053 0.9140 0.8468 0.8239
99 0.9183 0.7271 0.8945 0.8743 0.8521
100 0.9263 0.6384 0.9081 0.8628 0.8465
101 0.9327 0.5856 0.9145 0.8704 0.8510
102 0.9377 0.5389 0.9211 0.8765 0.8579
103 0.9348 0.5475 0.9207 0.8716 0.8522
104 0.9364 0.5287 0.9189 0.8764 0.8561
105 0.9415 0.4995 0.9267 0.8765 0.8562
106 0.9377 0.5052 0.9229 0.8757 0.8556
107 0.9349 0.5343 0.9186 0.8746 0.8551
108 0.9382 0.5220 0.9226 0.8831 0.8616
109 0.9355 0.5442 0.9196 0.8759 0.8553
110 0.9361 0.5378 0.9201 0.8689 0.8458
111 0.9354 0.5495 0.9209 0.8719 0.8536
112 0.9405 0.5123 0.9251 0.8753 0.8576
113 0.9409 0.5013 0.9258 0.8752 0.8562
114 0.9420 0.4800 0.9286 0.8790 0.8593
115 0.9415 0.4891 0.9276 0.8812 0.8622
116 0.9462 0.4694 0.9325 0.8776 0.8585
117 0.9404 0.4908 0.9258 0.8766 0.8559
118 0.9418 0.4850 0.9281 0.8714 0.8542
119 0.9364 0.5243 0.9227 0.8706 0.8538
120 0.9422 0.4886 0.9283 0.8762 0.8556
121 0.9375 0.5177 0.9231 0.8766 0.8578
122 0.9398 0.5092 0.9244 0.8775 0.8594
123 0.9381 0.5093 0.9228 0.8731 0.8516
124 0.9421 0.4847 0.9289 0.8747 0.8550
125 0.9482 0.4360 0.9368 0.8778 0.8601
126 0.9439 0.4530 0.9304 0.8734 0.8547
127 0.9433 0.4587 0.9302 0.8753 0.8537
128 0.9422 0.4616 0.9308 0.8803 0.8598
129 0.9448 0.4667 0.9319 0.8795 0.8592
130 0.9363 0.5273 0.9231 0.8793 0.8617
131 0.9369 0.5361 0.9250 0.8708 0.8521
132 0.9451 0.4697 0.9315 0.8646 0.8437
133 0.9427 0.4738 0.9291 0.8760 0.8569
134 0.9405 0.4672 0.9289 0.8774 0.8574
135 0.9431 0.4419 0.9310 0.8778 0.8580
136 0.9455 0.4344 0.9340 0.8794 0.8582
137 0.9456 0.4528 0.9335 0.8801 0.8618
138 0.9433 0.4491 0.9309 0.8833 0.8635
139 0.9457 0.4540 0.9322 0.8730 0.8561
140 0.9380 0.5269 0.9244 0.8732 0.8523
141 0.9400 0.5122 0.9267 0.8743 0.8514
142 0.9422 0.4898 0.9289 0.8777 0.8588
143 0.9417 0.4686 0.9283 0.8812 0.8616
144 0.9452 0.4514 0.9333 0.8796 0.8616
145 0.9439 0.4413 0.9318 0.8802 0.8618
146 0.9502 0.4145 0.9373 0.8770 0.8593
147 0.9479 0.4274 0.9371 0.8728 0.8544
148 0.9466 0.4535 0.9334 0.8780 0.8567
149 0.9477 0.4769 0.9348 0.8812 0.8615
150 0.9404 0.5125 0.9267 0.8705 0.8486
151 0.9402 0.4852 0.9265 0.8791 0.8606
152 0.9418 0.4723 0.9290 0.8770 0.8563
153 0.9427 0.4758 0.9309 0.8829 0.8630
154 0.9469 0.4477 0.9356 0.8797 0.8596
155 0.9463 0.4342 0.9344 0.8799 0.8610
156 0.9437 0.4442 0.9299 0.8791 0.8595
157 0.9440 0.4487 0.9334 0.8831 0.8613
158 0.9484 0.4274 0.9362 0.8722 0.8540
159 0.9427 0.4758 0.9308 0.8734 0.8510
160 0.9454 0.4661 0.9330 0.8759 0.8562
161 0.9504 0.4082 0.9395 0.8779 0.8575
162 0.9448 0.4385 0.9323 0.8775 0.8581
163 0.9467 0.4199 0.9365 0.8774 0.8571
164 0.9493 0.4087 0.9385 0.8791 0.8587
165 0.9519 0.3944 0.9425 0.8795 0.8605
166 0.9487 0.4116 0.9377 0.8807 0.8608
167 0.9484 0.4125 0.9380 0.8796 0.8601
168 0.9500 0.3977 0.9404 0.8781 0.8587
169 0.9525 0.3929 0.9416 0.8791 0.8576
170 0.9470 0.4130 0.9356 0.8779 0.8581
171 0.9498 0.3989 0.9396 0.8793 0.8580
172 0.9521 0.3828 0.9418 0.8789 0.8581
173 0.9486 0.4001 0.9388 0.8824 0.8622
174 0.9503 0.4085 0.9403 0.8783 0.8576
175 0.9538 0.3802 0.9440 0.8796 0.8595
176 0.9500 0.3875 0.9392 0.8811 0.8624
177 0.9504 0.3956 0.9388 0.8802 0.8592
178 0.9497 0.3883 0.9396 0.8798 0.8609
179 0.9468 0.4126 0.9356 0.8802 0.8606
180 0.9502 0.3932 0.9403 0.8817 0.8625
181 0.9473 0.4105 0.9383 0.8759 0.8582
182 0.9519 0.3780 0.9433 0.8772 0.8593
183 0.9525 0.3624 0.9435 0.8805 0.8610
184 0.9516 0.3834 0.9426 0.8788 0.8583
185 0.9510 0.3848 0.9408 0.8804 0.8599
186 0.9521 0.3766 0.9436 0.8787 0.8575
187 0.9501 0.3849 0.9391 0.8819 0.8623
188 0.9525 0.3846 0.9432 0.8797 0.8602
189 0.9495 0.3857 0.9399 0.8806 0.8593
190 0.9509 0.4031 0.9421 0.8797 0.8583
191 0.9506 0.3950 0.9410 0.8804 0.8613
192 0.9500 0.3902 0.9403 0.8786 0.8579
193 0.9486 0.3892 0.9386 0.8782 0.8577
194 0.9526 0.3794 0.9434 0.8797 0.8588
195 0.9514 0.3810 0.9416 0.8814 0.8618
196 0.9523 0.3655 0.9445 0.8794 0.8581
197 0.9488 0.4093 0.9389 0.8810 0.8612
198 0.9530 0.3714 0.9440 0.8802 0.8605
199 0.9521 0.3670 0.9426 0.8821 0.8622
