epoch train_iou train_loss train_mAP val_iou val_mAP
0 0.6067 0.1611 0.5370 0.6913 0.6379
1 0.7066 0.1467 0.6525 0.7223 0.6699
2 0.7498 0.1587 0.7007 0.7938 0.7540
3 0.7827 0.1569 0.7388 0.8092 0.7659
4 0.8134 0.1575 0.7750 0.8155 0.7814
5 0.8380 0.1582 0.8017 0.8316 0.7976
6 0.8234 0.1868 0.7837 0.8253 0.7889
7 0.8158 0.2132 0.7753 0.8174 0.7809
8 0.7988 0.2626 0.7582 0.8044 0.7657
9 0.8103 0.2712 0.7709 0.8177 0.7809
10 0.7889 0.3194 0.7463 0.7672 0.7284
11 0.8089 0.3128 0.7701 0.8257 0.7862
12 0.8375 0.2810 0.8030 0.8360 0.7996
13 0.8588 0.2580 0.8278 0.8534 0.8176
14 0.8636 0.2507 0.8323 0.8487 0.8167
15 0.8678 0.2466 0.8378 0.8616 0.8280
16 0.8707 0.2573 0.8380 0.8581 0.8280
17 0.8603 0.3019 0.8290 0.8528 0.8221
18 0.8590 0.3236 0.8263 0.8491 0.8199
19 0.8484 0.3553 0.8165 0.8284 0.7901
20 0.8353 0.4096 0.8019 0.8419 0.8026
21 0.8458 0.3911 0.8127 0.8443 0.8165
22 0.8634 0.3564 0.8308 0.8493 0.8171
23 0.8781 0.3226 0.8512 0.8585 0.8261
24 0.8833 0.3147 0.8535 0.8710 0.8366
25 0.8953 0.2893 0.8659 0.8706 0.8394
26 0.8933 0.2973 0.8629 0.8650 0.8318
27 0.8854 0.3318 0.8553 0.8606 0.8245
28 0.8744 0.3918 0.8447 0.8582 0.8286
29 0.8693 0.4227 0.8386 0.8520 0.8240
30 0.8585 0.4811 0.8278 0.8479 0.8166
31 0.8629 0.4742 0.8321 0.8535 0.8224
32 0.8822 0.4036 0.8526 0.8574 0.8279
33 0.8926 0.3711 0.8645 0.8722 0.8396
34 0.9011 0.3370 0.8734 0.8704 0.8410
35 0.9005 0.3437 0.8729 0.8727 0.8425
36 0.9052 0.3443 0.8781 0.8732 0.8443
37 0.9046 0.3633 0.8770 0.8492 0.8184
38 0.8862 0.4453 0.8559 0.8678 0.8341
39 0.8874 0.4556 0.8592 0.8433 0.8115
40 0.8765 0.5369 0.8448 0.8560 0.8288
41 0.8849 0.5071 0.8559 0.8608 0.8280
42 0.8960 0.4487 0.8673 0.8623 0.8348
43 0.9023 0.4299 0.8754 0.8640 0.8376
44 0.9067 0.3975 0.8802 0.8765 0.8499
45 0.9131 0.3806 0.8864 0.8771 0.8495
46 0.9133 0.3954 0.8881 0.8782 0.8480
47 0.9113 0.3980 0.8870 0.8724 0.8427
48 0.9042 0.4682 0.8764 0.8640 0.8306
49 0.8893 0.5564 0.8595 0.8619 0.8311
50 0.8770 0.6426 0.8478 0.8537 0.8223
51 0.8912 0.5671 0.8618 0.8654 0.8329
52 0.9034 0.5057 0.8759 0.8630 0.8380
53 0.9108 0.4661 0.8840 0.8721 0.8440
54 0.9145 0.4411 0.8897 0.8736 0.8461
55 0.9155 0.4319 0.8902 0.8755 0.8474
56 0.9205 0.4164 0.8952 0.8706 0.8459
57 0.9169 0.4541 0.8934 0.8748 0.8496
58 0.9063 0.5127 0.8793 0.8667 0.8418
59 0.8910 0.6230 0.8618 0.8612 0.8352
60 0.8883 0.6757 0.8598 0.8556 0.8220
61 0.8922 0.6553 0.8648 0.8679 0.8425
62 0.9044 0.5536 0.8760 0.8646 0.8382
63 0.9134 0.5119 0.8893 0.8746 0.8456
64 0.9218 0.4727 0.8977 0.8770 0.8528
65 0.9216 0.4647 0.8988 0.8787 0.8535
66 0.9177 0.4985 0.8945 0.8814 0.8536
67 0.9204 0.4865 0.8953 0.8782 0.8486
68 0.9147 0.5524 0.8892 0.8618 0.8367
69 0.9017 0.6403 0.8758 0.8602 0.8325
70 0.8919 0.7343 0.8642 0.8535 0.8266
71 0.8965 0.7236 0.8721 0.8697 0.8411
72 0.9113 0.6151 0.8852 0.8798 0.8516
73 0.9147 0.5696 0.8908 0.8763 0.8522
74 0.9220 0.5215 0.8973 0.8775 0.8506
75 0.9228 0.5044 0.9003 0.8760 0.8496
76 0.9225 0.5203 0.9014 0.8753 0.8491
77 0.9217 0.5317 0.8993 0.8748 0.8489
78 0.9157 0.6062 0.8914 0.8790 0.8535
79 0.9079 0.6837 0.8827 0.8764 0.8481
80 0.8964 0.7865 0.8687 0.8715 0.8445
81 0.9014 0.7666 0.8758 0.8674 0.8389
82 0.9114 0.6860 0.8867 0.8740 0.8474
83 0.9214 0.6011 0.8993 0.8724 0.8465
84 0.9212 0.5851 0.8988 0.8740 0.8503
85 0.9234 0.5643 0.9025 0.8754 0.8512
86 0.9308 0.5361 0.9092 0.8742 0.8491
87 0.9227 0.5742 0.9021 0.8777 0.8495
88 0.9198 0.6070 0.8961 0.8690 0.8411
89 0.9137 0.7259 0.8896 0.8698 0.8369
90 0.9011 0.8556 0.8750 0.8701 0.8401
91 0.9095 0.7930 0.8846 0.8704 0.8436
92 0.9147 0.7156 0.8900 0.8762 0.8532
93 0.9208 0.6472 0.8981 0.8812 0.8545
94 0.9288 0.5902 0.9077 0.8831 0.8580
95 0.9314 0.5722 0.9120 0.8838 0.8589
96 0.9286 0.5880 0.9086 0.8831 0.8567
97 0.9233 0.6402 0.9024 0.8777 0.8482
98 0.9266 0.6386 0.9042 0.8756 0.8481
99 0.9114 0.7950 0.8870 0.8703 0.8398
100 0.9183 0.7356 0.8963 0.8738 0.8459
101 0.9272 0.6429 0.9056 0.8822 0.8562
102 0.9291 0.6140 0.9090 0.8787 0.8532
103 0.9331 0.5935 0.9145 0.8778 0.8552
104 0.9357 0.5648 0.9166 0.8820 0.8552
105 0.9300 0.6051 0.9094 0.8827 0.8564
106 0.9353 0.5638 0.9162 0.8814 0.8571
107 0.9326 0.5578 0.9126 0.8819 0.8561
108 0.9354 0.5466 0.9163 0.8792 0.8537
109 0.9325 0.5933 0.9116 0.8779 0.8548
110 0.9324 0.5991 0.9130 0.8742 0.8455
111 0.9325 0.5668 0.9144 0.8852 0.8570
112 0.9352 0.5511 0.9164 0.8800 0.8518
113 0.9351 0.5599 0.9178 0.8846 0.8562
114 0.9355 0.5453 0.9187 0.8871 0.8596
115 0.9369 0.5249 0.9192 0.8834 0.8559
116 0.9393 0.5137 0.9202 0.8816 0.8529
117 0.9331 0.5612 0.9158 0.8823 0.8547
118 0.9339 0.5494 0.9157 0.8741 0.8476
119 0.9350 0.5737 0.9169 0.8783 0.8507
120 0.9325 0.5980 0.9134 0.8778 0.8520
121 0.9323 0.5980 0.9137 0.8832 0.8569
122 0.9344 0.5543 0.9156 0.8802 0.8569
123 0.9366 0.5300 0.9203 0.8865 0.8606
124 0.9398 0.5088 0.9255 0.8815 0.8557
125 0.9423 0.4877 0.9257 0.8817 0.8559
126 0.9400 0.5129 0.9242 0.8843 0.8593
127 0.9415 0.5163 0.9248 0.8859 0.8585
128 0.9375 0.5354 0.9199 0.8879 0.8615
129 0.9380 0.5325 0.9217 0.8766 0.8497
130 0.9327 0.5793 0.9159 0.8821 0.8536
131 0.9298 0.6044 0.9121 0.8823 0.8532
132 0.9386 0.5237 0.9215 0.8761 0.8494
133 0.9387 0.5074 0.9227 0.8820 0.8551
134 0.9407 0.4985 0.9227 0.8873 0.8586
135 0.9433 0.4769 0.9283 0.8880 0.8609
136 0.9430 0.4822 0.9254 0.8872 0.8599
137 0.9446 0.4803 0.9289 0.8831 0.8576
138 0.9386 0.5021 0.9218 0.8782 0.8520
139 0.9361 0.5126 0.9198 0.8782 0.8510
140 0.9361 0.5576 0.9181 0.8718 0.8499
141 0.9345 0.5606 0.9175 0.8712 0.8446
142 0.9355 0.5455 0.9182 0.8821 0.8544
143 0.9423 0.4796 0.9257 0.8789 0.8534
144 0.9403 0.4930 0.9244 0.8826 0.8567
145 0.9479 0.4554 0.9340 0.8819 0.8569
146 0.9449 0.4604 0.9290 0.8820 0.8577
147 0.9472 0.4605 0.9334 0.8815 0.8556
148 0.9409 0.5045 0.9262 0.8792 0.8539
149 0.9402 0.5077 0.9246 0.8815 0.8556
150 0.9344 0.5595 0.9184 0.8741 0.8435
151 0.9394 0.5343 0.9237 0.8805 0.8556
152 0.9420 0.5195 0.9257 0.8795 0.8549
153 0.9437 0.4752 0.9296 0.8840 0.8587
154 0.9420 0.4714 0.9272 0.8836 0.8581
155 0.9409 0.4795 0.9254 0.8845 0.8599
156 0.9444 0.4698 0.9277 0.8857 0.8612
157 0.9447 0.4616 0.9313 0.8868 0.8619
158 0.9432 0.4770 0.9275 0.8827 0.8575
159 0.9441 0.4875 0.9277 0.8809 0.8571
160 0.9445 0.4636 0.9297 0.8805 0.8555
161 0.9442 0.4702 0.9298 0.8839 0.8605
162 0.9470 0.4613 0.9324 0.8826 0.8594
163 0.9483 0.4346 0.9343 0.8844 0.8595
164 0.9467 0.4418 0.9330 0.8851 0.8597
165 0.9471 0.4350 0.9325 0.8849 0.8606
166 0.9463 0.4499 0.9327 0.8849 0.8602
167 0.9465 0.4481 0.9323 0.8841 0.8590
168 0.9485 0.4271 0.9347 0.8876 0.8624
169 0.9457 0.4369 0.9326 0.8856 0.8594
170 0.9482 0.4347 0.9349 0.8850 0.8609
171 0.9503 0.4235 0.9364 0.8847 0.8601
172 0.9484 0.4317 0.9357 0.8841 0.8596
173 0.9491 0.4249 0.9359 0.8847 0.8599
174 0.9502 0.4094 0.9387 0.8860 0.8611
175 0.9459 0.4205 0.9332 0.8859 0.8618
176 0.9496 0.4177 0.9372 0.8859 0.8615
177 0.9527 0.3999 0.9405 0.8855 0.8610
178 0.9491 0.4154 0.9360 0.8856 0.8615
179 0.9485 0.4350 0.9348 0.8808 0.8553
180 0.9487 0.4277 0.9357 0.8799 0.8541
181 0.9488 0.4186 0.9347 0.8846 0.8568
182 0.9481 0.4126 0.9363 0.8848 0.8590
183 0.9485 0.4262 0.9354 0.8863 0.8609
184 0.9458 0.4367 0.9320 0.8861 0.8616
185 0.9505 0.4110 0.9377 0.8847 0.8601
186 0.9493 0.4127 0.9368 0.8864 0.8632
187 0.9495 0.4112 0.9368 0.8862 0.8609
188 0.9492 0.4124 0.9360 0.8870 0.8629
189 0.9488 0.4147 0.9371 0.8899 0.8643
190 0.9477 0.4101 0.9356 0.8867 0.8629
191 0.9479 0.4244 0.9349 0.8868 0.8614
192 0.9508 0.4154 0.9397 0.8846 0.8611
193 0.9507 0.4199 0.9372 0.8836 0.8596
194 0.9528 0.3949 0.9390 0.8853 0.8607
195 0.9524 0.3991 0.9403 0.8852 0.8597
196 0.9512 0.4056 0.9378 0.8854 0.8616
197 0.9505 0.4182 0.9377 0.8828 0.8593
198 0.9517 0.3971 0.9389 0.8834 0.8575
199 0.9513 0.3954 0.9404 0.8854 0.8611
