epoch train_iou train_loss train_mAP val_iou val_mAP
0 0.6134 0.3122 0.5379 0.6938 0.6396
1 0.7089 0.2840 0.6478 0.7422 0.6871
2 0.7478 0.2914 0.6934 0.7568 0.7068
3 0.7832 0.2941 0.7362 0.7866 0.7371
4 0.8033 0.2947 0.7624 0.8194 0.7834
5 0.8126 0.3092 0.7730 0.8278 0.7886
6 0.8100 0.3479 0.7668 0.8288 0.7930
7 0.8023 0.4016 0.7594 0.8272 0.7862
8 0.8159 0.4280 0.7733 0.8384 0.8049
9 0.8070 0.4897 0.7652 0.8267 0.7884
10 0.8060 0.5132 0.7631 0.8211 0.7805
11 0.8274 0.4872 0.7872 0.8345 0.8005
12 0.8411 0.4685 0.8036 0.8529 0.8173
13 0.8539 0.4496 0.8191 0.8597 0.8266
14 0.8727 0.4146 0.8400 0.8550 0.8238
15 0.8765 0.4190 0.8440 0.8636 0.8337
16 0.8757 0.4341 0.8424 0.8673 0.8396
17 0.8706 0.4923 0.8354 0.8522 0.8215
18 0.8571 0.5659 0.8231 0.8573 0.8292
19 0.8562 0.5969 0.8210 0.8496 0.8190
20 0.8497 0.6707 0.8142 0.8488 0.8187
21 0.8578 0.6390 0.8233 0.8612 0.8304
22 0.8746 0.5808 0.8441 0.8647 0.8354
23 0.8815 0.5557 0.8519 0.8760 0.8491
24 0.8957 0.5030 0.8680 0.8698 0.8434
25 0.8990 0.4885 0.8707 0.8720 0.8464
26 0.8944 0.5394 0.8635 0.8670 0.8439
27 0.8946 0.5620 0.8666 0.8750 0.8499
28 0.8850 0.6290 0.8561 0.8560 0.8286
29 0.8876 0.6718 0.8565 0.8572 0.8301
30 0.8678 0.7970 0.8360 0.8570 0.8263
31 0.8746 0.7593 0.8439 0.8493 0.8247
32 0.8858 0.7021 0.8536 0.8665 0.8419
33 0.9035 0.6074 0.8767 0.8679 0.8456
34 0.9092 0.5729 0.8832 0.8664 0.8437
35 0.9086 0.5824 0.8814 0.8718 0.8475
36 0.9068 0.6047 0.8798 0.8590 0.8369
37 0.9068 0.6387 0.8777 0.8672 0.8365
38 0.9043 0.6915 0.8800 0.8581 0.8345
39 0.8819 0.8901 0.8507 0.8636 0.8382
40 0.8802 0.9208 0.8477 0.8565 0.8272
41 0.8900 0.8465 0.8612 0.8694 0.8452
42 0.8994 0.7806 0.8723 0.8542 0.8306
43 0.9117 0.6955 0.8856 0.8723 0.8492
44 0.9119 0.6973 0.8863 0.8712 0.8470
45 0.9167 0.6589 0.8938 0.8718 0.8475
46 0.9211 0.6544 0.8965 0.8788 0.8546
47 0.9159 0.7260 0.8912 0.8594 0.8359
48 0.9021 0.8194 0.8765 0.8585 0.8340
49 0.9004 0.8779 0.8733 0.8623 0.8388
50 0.8855 1.0709 0.8568 0.8644 0.8393
51 0.8926 0.9584 0.8650 0.8650 0.8427
52 0.9077 0.8305 0.8835 0.8729 0.8501
53 0.9156 0.7359 0.8924 0.8697 0.8467
54 0.9179 0.6881 0.8953 0.8708 0.8500
55 0.9235 0.6659 0.9025 0.8697 0.8503
56 0.9206 0.6828 0.8953 0.8749 0.8511
57 0.9174 0.7162 0.8943 0.8772 0.8509
58 0.9173 0.7174 0.8939 0.8656 0.8425
59 0.9141 0.7759 0.8870 0.8623 0.8390
60 0.9011 0.9090 0.8745 0.8651 0.8426
61 0.9014 0.9006 0.8765 0.8698 0.8471
62 0.9129 0.7930 0.8909 0.8731 0.8503
63 0.9161 0.7350 0.8955 0.8866 0.8663
64 0.9229 0.6468 0.9017 0.8796 0.8581
65 0.9235 0.6477 0.9038 0.8771 0.8563
66 0.9241 0.6288 0.9030 0.8796 0.8576
67 0.9274 0.6233 0.9067 0.8738 0.8507
68 0.9191 0.7104 0.8981 0.8611 0.8365
69 0.9115 0.7935 0.8890 0.8710 0.8485
70 0.9118 0.8104 0.8872 0.8633 0.8425
71 0.9090 0.8239 0.8864 0.8707 0.8489
72 0.9095 0.7912 0.8870 0.8743 0.8509
73 0.9221 0.6814 0.9010 0.8798 0.8569
74 0.9260 0.6322 0.9053 0.8804 0.8580
75 0.9285 0.6005 0.9111 0.8797 0.8577
76 0.9316 0.5872 0.9125 0.8726 0.8514
77 0.9249 0.6357 0.9054 0.8704 0.8483
78 0.9245 0.6320 0.9051 0.8795 0.8569
79 0.9155 0.7111 0.8933 0.8689 0.8448
80 0.9016 0.8731 0.8759 0.8520 0.8285
81 0.9134 0.8081 0.8917 0.8722 0.8527
82 0.9151 0.7677 0.8952 0.8691 0.8475
83 0.9300 0.6336 0.9116 0.8738 0.8525
84 0.9279 0.6190 0.9087 0.8792 0.8594
85 0.9278 0.6009 0.9094 0.8803 0.8595
86 0.9312 0.5677 0.9122 0.8805 0.8614
87 0.9282 0.5895 0.9104 0.8722 0.8505
88 0.9239 0.6502 0.9042 0.8758 0.8546
89 0.9229 0.6713 0.9033 0.8642 0.8442
90 0.9156 0.7400 0.8931 0.8657 0.8410
91 0.9148 0.7514 0.8928 0.8659 0.8421
92 0.9196 0.7026 0.8989 0.8726 0.8519
93 0.9291 0.6191 0.9109 0.8743 0.8504
94 0.9315 0.5824 0.9128 0.8787 0.8548
95 0.9299 0.5719 0.9128 0.8789 0.8560
96 0.9334 0.5599 0.9165 0.8793 0.8560
97 0.9317 0.5828 0.9140 0.8783 0.8544
98 0.9280 0.6099 0.9108 0.8796 0.8565
99 0.9206 0.7033 0.9011 0.8765 0.8529
100 0.9277 0.6358 0.9089 0.8685 0.8469
101 0.9289 0.5900 0.9117 0.8732 0.8515
102 0.9339 0.5630 0.9187 0.8690 0.8473
103 0.9356 0.5366 0.9208 0.8777 0.8539
104 0.9343 0.5405 0.9191 0.8767 0.8536
105 0.9352 0.5259 0.9201 0.8739 0.8486
106 0.9367 0.5170 0.9220 0.8764 0.8540
107 0.9355 0.5168 0.9210 0.8780 0.8542
108 0.9349 0.5416 0.9193 0.8663 0.8413
109 0.9346 0.5470 0.9185 0.8812 0.8558
110 0.9303 0.5784 0.9150 0.8719 0.8483
111 0.9362 0.5509 0.9206 0.8781 0.8554
112 0.9366 0.5300 0.9231 0.8757 0.8545
113 0.9386 0.4894 0.9241 0.8828 0.8648
114 0.9396 0.5017 0.9256 0.8786 0.8596
115 0.9404 0.4838 0.9266 0.8794 0.8620
116 0.9399 0.4971 0.9259 0.8734 0.8543
117 0.9372 0.5218 0.9225 0.8791 0.8586
118 0.9415 0.4862 0.9273 0.8788 0.8590
119 0.9388 0.5082 0.9239 0.8738 0.8534
120 0.9380 0.5037 0.9237 0.8838 0.8615
121 0.9370 0.5163 0.9220 0.8814 0.8544
122 0.9354 0.5272 0.9206 0.8722 0.8508
123 0.9373 0.5079 0.9223 0.8769 0.8559
124 0.9422 0.4605 0.9303 0.8759 0.8560
125 0.9426 0.4475 0.9299 0.8772 0.8575
126 0.9429 0.4519 0.9312 0.8760 0.8544
127 0.9391 0.4740 0.9252 0.8747 0.8545
128 0.9404 0.4862 0.9276 0.8778 0.8560
129 0.9413 0.4988 0.9268 0.8759 0.8534
130 0.9350 0.5387 0.9216 0.8709 0.8515
131 0.9381 0.5256 0.9240 0.8760 0.8555
132 0.9395 0.4989 0.9267 0.8773 0.8565
133 0.9383 0.4836 0.9266 0.8812 0.8634
134 0.9411 0.4662 0.9301 0.8819 0.8624
135 0.9414 0.4634 0.9287 0.8846 0.8637
136 0.9392 0.4848 0.9261 0.8808 0.8603
137 0.9403 0.4747 0.9265 0.8826 0.8618
138 0.9381 0.4990 0.9251 0.8791 0.8558
139 0.9408 0.4889 0.9269 0.8822 0.8561
140 0.9342 0.5118 0.9212 0.8653 0.8417
141 0.9386 0.4913 0.9238 0.8753 0.8527
142 0.9381 0.5041 0.9253 0.8810 0.8585
143 0.9410 0.4712 0.9280 0.8825 0.8624
144 0.9460 0.4352 0.9346 0.8829 0.8601
145 0.9429 0.4542 0.9320 0.8863 0.8651
146 0.9438 0.4533 0.9330 0.8797 0.8580
147 0.9453 0.4326 0.9346 0.8804 0.8583
148 0.9428 0.4481 0.9301 0.8756 0.8530
149 0.9438 0.4699 0.9320 0.8783 0.8557
150 0.9399 0.4822 0.9268 0.8774 0.8575
151 0.9411 0.4753 0.9287 0.8759 0.8527
152 0.9409 0.4823 0.9282 0.8774 0.8553
153 0.9451 0.4352 0.9330 0.8843 0.8602
154 0.9439 0.4449 0.9350 0.8755 0.8512
155 0.9498 0.4166 0.9399 0.8801 0.8559
156 0.9489 0.4066 0.9399 0.8794 0.8587
157 0.9421 0.4337 0.9315 0.8778 0.8545
158 0.9429 0.4781 0.9312 0.8807 0.8571
159 0.9444 0.4378 0.9333 0.8774 0.8514
160 0.9460 0.4295 0.9343 0.8733 0.8485
161 0.9464 0.4357 0.9356 0.8824 0.8601
162 0.9459 0.4339 0.9354 0.8813 0.8583
163 0.9466 0.4169 0.9366 0.8827 0.8598
164 0.9472 0.4261 0.9364 0.8818 0.8597
165 0.9460 0.4142 0.9350 0.8840 0.8610
166 0.9489 0.3969 0.9389 0.8837 0.8617
167 0.9468 0.4239 0.9351 0.8818 0.8587
168 0.9467 0.4265 0.9360 0.8823 0.8597
169 0.9439 0.4226 0.9317 0.8818 0.8605
170 0.9461 0.4021 0.9358 0.8764 0.8528
171 0.9516 0.3835 0.9423 0.8820 0.8577
172 0.9471 0.4017 0.9381 0.8821 0.8598
173 0.9473 0.3978 0.9375 0.8819 0.8581
174 0.9490 0.4005 0.9399 0.8804 0.8559
175 0.9492 0.3855 0.9386 0.8836 0.8623
176 0.9491 0.3885 0.9396 0.8811 0.8581
177 0.9496 0.3802 0.9408 0.8835 0.8594
178 0.9503 0.3816 0.9400 0.8867 0.8648
179 0.9456 0.4084 0.9361 0.8855 0.8637
180 0.9468 0.4153 0.9369 0.8857 0.8618
181 0.9520 0.3801 0.9416 0.8858 0.8632
182 0.9543 0.3676 0.9446 0.8842 0.8609
183 0.9478 0.4007 0.9370 0.8875 0.8626
184 0.9487 0.3901 0.9392 0.8872 0.8643
185 0.9472 0.4123 0.9378 0.8871 0.8638
186 0.9484 0.3962 0.9389 0.8873 0.8633
187 0.9521 0.3743 0.9435 0.8831 0.8601
188 0.9491 0.3784 0.9403 0.8853 0.8606
189 0.9484 0.3866 0.9383 0.8859 0.8631
190 0.9488 0.3864 0.9398 0.8843 0.8601
191 0.9503 0.3932 0.9409 0.8845 0.8621
192 0.9492 0.3858 0.9410 0.8819 0.8593
193 0.9504 0.3894 0.9417 0.8825 0.8594
194 0.9500 0.3761 0.9405 0.8827 0.8591
195 0.9555 0.3549 0.9466 0.8826 0.8602
196 0.9510 0.3708 0.9421 0.8853 0.8627
197 0.9516 0.3756 0.9420 0.8822 0.8591
198 0.9513 0.3741 0.9430 0.8835 0.8608
199 0.9496 0.3814 0.9402 0.8799 0.8567
