epoch train_iou train_loss train_mAP val_iou val_mAP
0 0.6407 0.2840 0.5658 0.7390 0.6859
1 0.7266 0.2471 0.6703 0.7498 0.7009
2 0.7736 0.2519 0.7194 0.7893 0.7431
3 0.7976 0.2704 0.7531 0.8064 0.7589
4 0.8112 0.2838 0.7695 0.8245 0.7805
5 0.8215 0.3141 0.7790 0.8335 0.7941
6 0.8333 0.3233 0.7968 0.8323 0.7902
7 0.8316 0.3445 0.7948 0.8293 0.8000
8 0.8481 0.3364 0.8145 0.8336 0.8000
9 0.8556 0.3557 0.8217 0.8316 0.7968
10 0.8470 0.3918 0.8141 0.8369 0.8039
11 0.8458 0.4245 0.8143 0.8505 0.8166
12 0.8524 0.4285 0.8210 0.8443 0.8163
13 0.8637 0.4357 0.8336 0.8503 0.8180
14 0.8691 0.4588 0.8398 0.8585 0.8281
15 0.8672 0.4728 0.8365 0.8426 0.8110
16 0.8549 0.5245 0.8263 0.8472 0.8195
17 0.8719 0.4938 0.8406 0.8532 0.8249
18 0.8601 0.5642 0.8260 0.8490 0.8265
19 0.8685 0.5480 0.8377 0.8442 0.8140
20 0.8651 0.5817 0.8381 0.8417 0.8182
21 0.8764 0.5670 0.8456 0.8421 0.8106
22 0.8776 0.5827 0.8496 0.8533 0.8261
23 0.8807 0.5751 0.8517 0.8503 0.8196
24 0.8805 0.6211 0.8542 0.8667 0.8384
25 0.8797 0.6203 0.8500 0.8591 0.8283
26 0.8864 0.6389 0.8583 0.8617 0.8367
27 0.8849 0.6543 0.8602 0.8663 0.8393
28 0.8823 0.6724 0.8540 0.8652 0.8394
29 0.8787 0.6901 0.8526 0.8582 0.8301
30 0.8928 0.6529 0.8671 0.8583 0.8379
31 0.8883 0.6881 0.8632 0.8647 0.8360
32 0.8941 0.6920 0.8670 0.8610 0.8376
33 0.8928 0.7018 0.8671 0.8692 0.8450
34 0.8925 0.7224 0.8665 0.8591 0.8350
35 0.8957 0.6869 0.8709 0.8794 0.8546
36 0.8940 0.7295 0.8700 0.8722 0.8466
37 0.9086 0.6760 0.8858 0.8677 0.8403
38 0.9064 0.6908 0.8817 0.8706 0.8441
39 0.9065 0.7066 0.8837 0.8742 0.8461
40 0.8950 0.8234 0.8712 0.8767 0.8494
41 0.9128 0.6889 0.8898 0.8737 0.8439
42 0.9054 0.7520 0.8819 0.8744 0.8484
43 0.9167 0.6910 0.8944 0.8776 0.8522
44 0.9081 0.7377 0.8879 0.8719 0.8415
45 0.9118 0.7312 0.8915 0.8791 0.8557
46 0.9114 0.7755 0.8884 0.8729 0.8505
47 0.9123 0.7528 0.8902 0.8755 0.8523
48 0.9158 0.7381 0.8957 0.8795 0.8549
49 0.9186 0.7389 0.8979 0.8798 0.8562
50 0.8909 1.0270 0.8653 0.8650 0.8409
51 0.8842 1.1093 0.8571 0.8517 0.8281
52 0.8876 1.0618 0.8650 0.8616 0.8353
53 0.8858 1.0890 0.8620 0.8523 0.8218
54 0.8881 1.0395 0.8663 0.8574 0.8380
55 0.8855 1.0670 0.8622 0.8655 0.8356
56 0.8885 1.0291 0.8621 0.8636 0.8377
57 0.8919 1.0009 0.8676 0.8632 0.8404
58 0.8987 0.9652 0.8754 0.8696 0.8447
59 0.8945 1.0246 0.8697 0.8750 0.8482
60 0.8928 1.0112 0.8699 0.8705 0.8404
61 0.8969 0.9712 0.8704 0.8658 0.8416
62 0.8904 1.0451 0.8629 0.8655 0.8391
63 0.8955 0.9638 0.8723 0.8690 0.8424
64 0.8986 0.9614 0.8753 0.8699 0.8455
65 0.9030 0.8900 0.8793 0.8807 0.8556
66 0.9086 0.8587 0.8876 0.8704 0.8454
67 0.9059 0.8652 0.8837 0.8787 0.8542
68 0.9014 0.9140 0.8789 0.8742 0.8482
69 0.9085 0.8627 0.8889 0.8692 0.8459
70 0.9123 0.8159 0.8916 0.8771 0.8520
71 0.9169 0.7853 0.8955 0.8640 0.8430
72 0.9148 0.7986 0.8941 0.8755 0.8496
73 0.9136 0.8197 0.8922 0.8709 0.8470
74 0.9132 0.7881 0.8915 0.8728 0.8501
75 0.9139 0.7898 0.8893 0.8741 0.8519
76 0.9163 0.7784 0.8948 0.8771 0.8530
77 0.9185 0.7700 0.8990 0.8767 0.8537
78 0.9112 0.7922 0.8887 0.8816 0.8557
79 0.9178 0.7505 0.8979 0.8813 0.8556
80 0.9201 0.7318 0.9003 0.8808 0.8545
81 0.9207 0.6987 0.9019 0.8741 0.8529
82 0.9265 0.6810 0.9097 0.8799 0.8567
83 0.9211 0.7093 0.9004 0.8837 0.8585
84 0.9261 0.6692 0.9093 0.8782 0.8539
85 0.9248 0.6776 0.9054 0.8857 0.8618
86 0.9254 0.6728 0.9073 0.8851 0.8610
87 0.9253 0.6848 0.9068 0.8809 0.8567
88 0.9272 0.6697 0.9090 0.8874 0.8617
89 0.9221 0.6883 0.9030 0.8806 0.8564
90 0.9302 0.6217 0.9143 0.8777 0.8544
91 0.9304 0.6141 0.9116 0.8822 0.8582
92 0.9293 0.6424 0.9102 0.8810 0.8561
93 0.9220 0.6905 0.9048 0.8807 0.8581
94 0.9321 0.5947 0.9159 0.8854 0.8619
95 0.9374 0.5565 0.9237 0.8857 0.8622
96 0.9254 0.6374 0.9083 0.8818 0.8575
97 0.9348 0.5850 0.9208 0.8806 0.8586
98 0.9366 0.5728 0.9226 0.8806 0.8555
99 0.9342 0.5824 0.9181 0.8839 0.8608
100 0.9263 0.6270 0.9085 0.8799 0.8517
101 0.9233 0.6990 0.9052 0.8696 0.8400
102 0.9276 0.6683 0.9110 0.8730 0.8482
103 0.9258 0.6861 0.9069 0.8736 0.8479
104 0.9278 0.6348 0.9123 0.8740 0.8506
105 0.9239 0.6787 0.9062 0.8820 0.8554
106 0.9253 0.6814 0.9084 0.8825 0.8593
107 0.9279 0.6775 0.9100 0.8776 0.8539
108 0.9209 0.7085 0.9024 0.8830 0.8580
109 0.9255 0.6771 0.9080 0.8827 0.8589
110 0.9264 0.6624 0.9103 0.8812 0.8571
111 0.9319 0.6183 0.9152 0.8829 0.8584
112 0.9327 0.6035 0.9184 0.8801 0.8559
113 0.9326 0.6054 0.9154 0.8766 0.8505
114 0.9302 0.6313 0.9136 0.8788 0.8572
115 0.9349 0.6097 0.9184 0.8717 0.8487
116 0.9334 0.6001 0.9156 0.8817 0.8571
117 0.9308 0.5958 0.9146 0.8787 0.8568
118 0.9298 0.6154 0.9128 0.8772 0.8562
119 0.9342 0.5950 0.9183 0.8747 0.8530
120 0.9324 0.5956 0.9170 0.8823 0.8591
121 0.9296 0.6094 0.9129 0.8875 0.8646
122 0.9336 0.5975 0.9188 0.8790 0.8569
123 0.9409 0.5427 0.9277 0.8800 0.8566
124 0.9324 0.5559 0.9173 0.8867 0.8640
125 0.9358 0.5601 0.9222 0.8866 0.8620
126 0.9372 0.5468 0.9223 0.8868 0.8642
127 0.9368 0.5486 0.9225 0.8871 0.8630
128 0.9326 0.5762 0.9187 0.8841 0.8596
129 0.9359 0.5612 0.9222 0.8901 0.8647
130 0.9399 0.5222 0.9270 0.8834 0.8595
131 0.9373 0.5628 0.9214 0.8845 0.8614
132 0.9358 0.5517 0.9219 0.8811 0.8564
133 0.9383 0.5221 0.9243 0.8819 0.8584
134 0.9434 0.5247 0.9310 0.8826 0.8581
135 0.9374 0.5507 0.9238 0.8814 0.8558
136 0.9425 0.4970 0.9306 0.8866 0.8643
137 0.9388 0.5328 0.9237 0.8808 0.8562
138 0.9366 0.5293 0.9225 0.8782 0.8541
139 0.9396 0.5167 0.9273 0.8846 0.8605
140 0.9381 0.5287 0.9249 0.8846 0.8610
141 0.9408 0.5220 0.9284 0.8863 0.8614
142 0.9416 0.5199 0.9280 0.8852 0.8625
143 0.9412 0.4914 0.9271 0.8870 0.8642
144 0.9422 0.4944 0.9301 0.8850 0.8614
145 0.9426 0.4951 0.9318 0.8837 0.8600
146 0.9488 0.4464 0.9376 0.8868 0.8647
147 0.9435 0.4915 0.9313 0.8858 0.8614
148 0.9385 0.5027 0.9255 0.8875 0.8637
149 0.9457 0.4838 0.9336 0.8850 0.8605
150 0.9419 0.4972 0.9297 0.8814 0.8594
151 0.9383 0.5379 0.9235 0.8797 0.8579
152 0.9347 0.5644 0.9199 0.8835 0.8587
153 0.9417 0.5072 0.9299 0.8843 0.8618
154 0.9342 0.5733 0.9207 0.8849 0.8611
155 0.9411 0.4978 0.9282 0.8876 0.8632
156 0.9393 0.5152 0.9266 0.8840 0.8609
157 0.9397 0.5058 0.9261 0.8813 0.8594
158 0.9386 0.5453 0.9249 0.8842 0.8610
159 0.9410 0.5156 0.9292 0.8859 0.8610
160 0.9421 0.4887 0.9304 0.8918 0.8670
161 0.9370 0.5359 0.9231 0.8867 0.8631
162 0.9374 0.5333 0.9239 0.8846 0.8600
163 0.9437 0.4754 0.9316 0.8844 0.8599
164 0.9365 0.5373 0.9214 0.8844 0.8591
165 0.9437 0.4695 0.9338 0.8865 0.8606
166 0.9400 0.4871 0.9272 0.8911 0.8646
167 0.9447 0.4888 0.9325 0.8833 0.8579
168 0.9383 0.5190 0.9249 0.8830 0.8572
169 0.9403 0.5112 0.9277 0.8829 0.8587
170 0.9389 0.5154 0.9269 0.8835 0.8577
171 0.9446 0.4605 0.9326 0.8803 0.8531
172 0.9408 0.4978 0.9279 0.8794 0.8551
173 0.9453 0.4781 0.9318 0.8802 0.8550
174 0.9459 0.4446 0.9344 0.8779 0.8545
175 0.9439 0.4824 0.9331 0.8839 0.8590
176 0.9444 0.4765 0.9325 0.8853 0.8624
177 0.9473 0.4726 0.9360 0.8850 0.8634
178 0.9470 0.4575 0.9343 0.8881 0.8647
179 0.9452 0.4696 0.9344 0.8890 0.8639
180 0.9427 0.4914 0.9312 0.8842 0.8614
181 0.9402 0.5052 0.9265 0.8826 0.8590
182 0.9452 0.4505 0.9350 0.8822 0.8587
183 0.9466 0.4659 0.9343 0.8794 0.8573
184 0.9456 0.4565 0.9334 0.8823 0.8590
185 0.9471 0.4647 0.9356 0.8836 0.8604
186 0.9446 0.4660 0.9328 0.8808 0.8566
187 0.9495 0.4239 0.9381 0.8838 0.8599
188 0.9478 0.4416 0.9365 0.8828 0.8594
189 0.9468 0.4255 0.9360 0.8834 0.8595
190 0.9423 0.4823 0.9315 0.8866 0.8615
191 0.9470 0.4614 0.9346 0.8841 0.8597
192 0.9516 0.4370 0.9413 0.8837 0.8609
193 0.9464 0.4462 0.9369 0.8844 0.8608
194 0.9468 0.4462 0.9342 0.8839 0.8599
195 0.9480 0.4448 0.9374 0.8861 0.8634
196 0.9471 0.4447 0.9370 0.8825 0.8586
197 0.9521 0.4097 0.9420 0.8853 0.8616
198 0.9446 0.4686 0.9344 0.8844 0.8602
199 0.9482 0.4271 0.9389 0.8829 0.8591
