epoch train_iou train_loss train_mAP val_iou val_mAP
0 0.6170 0.2967 0.5355 0.7211 0.6693
1 0.7303 0.2501 0.6740 0.7453 0.7033
2 0.7622 0.2801 0.7087 0.7816 0.7356
3 0.7827 0.2851 0.7353 0.7848 0.7411
4 0.8078 0.2938 0.7642 0.8142 0.7749
5 0.8084 0.3245 0.7627 0.8212 0.7861
6 0.8336 0.3307 0.7977 0.8201 0.7897
7 0.8437 0.3381 0.8103 0.8241 0.7901
8 0.8351 0.3871 0.8029 0.8239 0.7915
9 0.8446 0.3911 0.8118 0.8441 0.8095
10 0.8465 0.4131 0.8129 0.8425 0.8069
11 0.8476 0.4168 0.8154 0.8453 0.8136
12 0.8536 0.4417 0.8203 0.8515 0.8199
13 0.8438 0.4904 0.8101 0.8524 0.8213
14 0.8530 0.4981 0.8204 0.8422 0.8057
15 0.8639 0.4992 0.8343 0.8435 0.8139
16 0.8633 0.4893 0.8355 0.8599 0.8254
17 0.8629 0.5542 0.8324 0.8637 0.8326
18 0.8603 0.5642 0.8303 0.8609 0.8311
19 0.8734 0.5354 0.8442 0.8486 0.8245
20 0.8749 0.5550 0.8455 0.8643 0.8340
21 0.8807 0.5580 0.8517 0.8611 0.8316
22 0.8722 0.6354 0.8435 0.8651 0.8399
23 0.8680 0.6567 0.8380 0.8659 0.8383
24 0.8770 0.6353 0.8505 0.8498 0.8237
25 0.8825 0.6092 0.8571 0.8623 0.8388
26 0.8865 0.6290 0.8593 0.8614 0.8357
27 0.8832 0.6391 0.8547 0.8645 0.8368
28 0.8833 0.6843 0.8555 0.8675 0.8429
29 0.8792 0.7067 0.8523 0.8669 0.8428
30 0.8946 0.6698 0.8707 0.8689 0.8422
31 0.8868 0.6868 0.8598 0.8678 0.8386
32 0.8900 0.7220 0.8615 0.8765 0.8486
33 0.8883 0.7251 0.8629 0.8733 0.8482
34 0.8973 0.6971 0.8702 0.8801 0.8515
35 0.8909 0.7604 0.8662 0.8789 0.8525
36 0.8977 0.7238 0.8701 0.8706 0.8459
37 0.8960 0.7461 0.8718 0.8756 0.8507
38 0.9003 0.7206 0.8772 0.8816 0.8594
39 0.8952 0.7656 0.8701 0.8835 0.8586
40 0.8996 0.7682 0.8743 0.8826 0.8537
41 0.8940 0.8253 0.8651 0.8821 0.8546
42 0.9125 0.7015 0.8890 0.8827 0.8549
43 0.9068 0.7518 0.8840 0.8848 0.8610
44 0.9092 0.7695 0.8857 0.8909 0.8679
45 0.9076 0.7570 0.8823 0.8883 0.8660
46 0.9181 0.7177 0.8981 0.8867 0.8647
47 0.9079 0.7879 0.8850 0.8853 0.8602
48 0.9166 0.7164 0.8960 0.8847 0.8610
49 0.9155 0.7733 0.8937 0.8880 0.8627
50 0.8781 1.1301 0.8516 0.8775 0.8485
51 0.8818 1.1191 0.8535 0.8692 0.8452
52 0.8755 1.1872 0.8486 0.8751 0.8471
53 0.8823 1.1235 0.8537 0.8636 0.8360
54 0.8854 1.0928 0.8610 0.8796 0.8520
55 0.8815 1.1296 0.8532 0.8773 0.8477
56 0.8928 1.0320 0.8665 0.8749 0.8506
57 0.8965 0.9836 0.8741 0.8727 0.8497
58 0.8915 1.0042 0.8654 0.8700 0.8451
59 0.8965 0.9933 0.8752 0.8806 0.8534
60 0.8989 0.9579 0.8759 0.8702 0.8444
61 0.9024 0.9348 0.8813 0.8818 0.8590
62 0.8939 1.0062 0.8706 0.8792 0.8535
63 0.9031 0.8879 0.8811 0.8819 0.8562
64 0.8988 0.9516 0.8733 0.8834 0.8565
65 0.8988 0.9403 0.8728 0.8815 0.8549
66 0.9023 0.9260 0.8798 0.8802 0.8570
67 0.9076 0.8566 0.8887 0.8793 0.8514
68 0.9051 0.8961 0.8827 0.8903 0.8637
69 0.9138 0.8217 0.8944 0.8826 0.8576
70 0.9137 0.8094 0.8940 0.8800 0.8549
71 0.9092 0.8462 0.8886 0.8848 0.8619
72 0.9097 0.8559 0.8859 0.8844 0.8595
73 0.9126 0.7975 0.8924 0.8898 0.8618
74 0.9109 0.8217 0.8918 0.8815 0.8602
75 0.9185 0.7586 0.8994 0.8788 0.8585
76 0.9143 0.7969 0.8947 0.8847 0.8626
77 0.9126 0.7888 0.8942 0.8868 0.8632
78 0.9162 0.7634 0.8958 0.8864 0.8637
79 0.9141 0.7977 0.8941 0.8836 0.8616
80 0.9197 0.7458 0.8985 0.8840 0.8600
81 0.9179 0.7189 0.8982 0.8839 0.8632
82 0.9200 0.7272 0.8996 0.8910 0.8696
83 0.9250 0.7019 0.9053 0.8910 0.8679
84 0.9192 0.7420 0.8996 0.8899 0.8687
85 0.9257 0.6683 0.9072 0.8903 0.8664
86 0.9270 0.6545 0.9094 0.8904 0.8655
87 0.9293 0.6575 0.9104 0.8934 0.8706
88 0.9273 0.6597 0.9068 0.8901 0.8670
89 0.9288 0.6275 0.9108 0.8883 0.8640
90 0.9254 0.6726 0.9089 0.8870 0.8662
91 0.9260 0.6656 0.9041 0.8873 0.8651
92 0.9286 0.6612 0.9110 0.8914 0.8687
93 0.9267 0.6510 0.9056 0.8927 0.8714
94 0.9336 0.6008 0.9153 0.8948 0.8719
95 0.9298 0.6162 0.9128 0.8944 0.8705
96 0.9338 0.5737 0.9163 0.8956 0.8731
97 0.9296 0.6170 0.9121 0.8920 0.8689
98 0.9339 0.5698 0.9188 0.8939 0.8724
99 0.9292 0.6299 0.9114 0.8922 0.8691
100 0.9296 0.6240 0.9110 0.8858 0.8630
101 0.9296 0.6494 0.9100 0.8904 0.8673
102 0.9255 0.6976 0.9072 0.8904 0.8686
103 0.9261 0.6638 0.9063 0.8821 0.8581
104 0.9248 0.6999 0.9062 0.8881 0.8629
105 0.9236 0.7041 0.9048 0.8889 0.8677
106 0.9186 0.7399 0.8975 0.8849 0.8614
107 0.9262 0.6781 0.9092 0.8864 0.8644
108 0.9319 0.6280 0.9142 0.8903 0.8648
109 0.9289 0.6586 0.9130 0.8968 0.8736
110 0.9285 0.6416 0.9097 0.8920 0.8679
111 0.9226 0.6778 0.9040 0.8942 0.8701
112 0.9274 0.6548 0.9063 0.8983 0.8725
113 0.9256 0.6652 0.9069 0.8975 0.8741
114 0.9265 0.6551 0.9074 0.8874 0.8654
115 0.9351 0.5970 0.9204 0.8900 0.8668
116 0.9266 0.6570 0.9072 0.8922 0.8700
117 0.9310 0.6278 0.9128 0.8879 0.8652
118 0.9299 0.6298 0.9147 0.8963 0.8720
119 0.9300 0.6320 0.9138 0.8938 0.8707
120 0.9230 0.6635 0.9050 0.8934 0.8707
121 0.9369 0.5747 0.9205 0.8913 0.8693
122 0.9307 0.6140 0.9138 0.8908 0.8706
123 0.9306 0.6312 0.9138 0.8915 0.8704
124 0.9312 0.5897 0.9156 0.8920 0.8697
125 0.9297 0.6313 0.9128 0.8870 0.8624
126 0.9374 0.5806 0.9233 0.8934 0.8737
127 0.9293 0.6151 0.9121 0.8950 0.8739
128 0.9361 0.5638 0.9203 0.8958 0.8722
129 0.9384 0.5613 0.9240 0.8945 0.8732
130 0.9390 0.5665 0.9239 0.8940 0.8710
131 0.9349 0.5786 0.9179 0.8884 0.8661
132 0.9319 0.5797 0.9152 0.8983 0.8739
133 0.9393 0.5502 0.9251 0.8899 0.8672
134 0.9326 0.5869 0.9152 0.8986 0.8764
135 0.9325 0.5954 0.9172 0.8960 0.8726
136 0.9434 0.4991 0.9303 0.9002 0.8776
137 0.9355 0.5689 0.9197 0.8969 0.8744
138 0.9359 0.5596 0.9220 0.8971 0.8737
139 0.9374 0.5495 0.9221 0.8934 0.8693
140 0.9363 0.5447 0.9227 0.8968 0.8728
141 0.9383 0.5252 0.9243 0.8967 0.8737
142 0.9376 0.5277 0.9229 0.8994 0.8740
143 0.9405 0.5097 0.9266 0.8942 0.8705
144 0.9411 0.5131 0.9264 0.8963 0.8704
145 0.9393 0.5331 0.9248 0.8959 0.8714
146 0.9436 0.4890 0.9286 0.8951 0.8705
147 0.9406 0.5208 0.9271 0.8958 0.8724
148 0.9436 0.4845 0.9313 0.8966 0.8741
149 0.9424 0.4861 0.9277 0.8952 0.8711
150 0.9366 0.5479 0.9218 0.8940 0.8716
151 0.9360 0.5516 0.9203 0.8934 0.8694
152 0.9393 0.5337 0.9248 0.8950 0.8718
153 0.9337 0.5496 0.9178 0.8915 0.8714
154 0.9378 0.5414 0.9231 0.8930 0.8702
155 0.9389 0.5277 0.9240 0.8971 0.8754
156 0.9386 0.5454 0.9236 0.8936 0.8705
157 0.9389 0.5300 0.9237 0.8958 0.8739
158 0.9373 0.5330 0.9233 0.8949 0.8731
159 0.9395 0.5242 0.9243 0.8949 0.8720
160 0.9398 0.5146 0.9281 0.8946 0.8711
161 0.9402 0.5167 0.9271 0.8939 0.8728
162 0.9412 0.5094 0.9277 0.8959 0.8712
163 0.9367 0.5448 0.9225 0.8981 0.8751
164 0.9388 0.5287 0.9258 0.8965 0.8728
165 0.9427 0.4992 0.9289 0.8965 0.8729
166 0.9405 0.5242 0.9257 0.8990 0.8748
167 0.9406 0.5190 0.9287 0.8926 0.8694
168 0.9447 0.4846 0.9315 0.8937 0.8724
169 0.9407 0.5167 0.9271 0.8965 0.8744
170 0.9398 0.5378 0.9254 0.8976 0.8741
171 0.9456 0.4795 0.9327 0.8967 0.8731
172 0.9460 0.4693 0.9348 0.8971 0.8739
173 0.9460 0.4829 0.9325 0.8994 0.8754
174 0.9441 0.4880 0.9312 0.8966 0.8729
175 0.9427 0.5000 0.9292 0.8930 0.8693
176 0.9453 0.4709 0.9333 0.8939 0.8725
177 0.9436 0.4790 0.9306 0.8958 0.8706
178 0.9437 0.4948 0.9314 0.8938 0.8706
179 0.9435 0.4890 0.9287 0.8999 0.8780
180 0.9449 0.4671 0.9308 0.8959 0.8714
181 0.9422 0.4956 0.9279 0.8959 0.8729
182 0.9440 0.4824 0.9309 0.8973 0.8737
183 0.9439 0.5016 0.9321 0.8953 0.8722
184 0.9461 0.4610 0.9340 0.8970 0.8736
185 0.9437 0.5031 0.9297 0.8936 0.8705
186 0.9417 0.4853 0.9280 0.8962 0.8722
187 0.9463 0.4628 0.9333 0.8955 0.8726
188 0.9421 0.4821 0.9288 0.8929 0.8701
189 0.9448 0.4814 0.9333 0.8991 0.8763
190 0.9458 0.4592 0.9342 0.8982 0.8755
191 0.9443 0.4691 0.9312 0.8988 0.8756
192 0.9410 0.5099 0.9281 0.8986 0.8744
193 0.9495 0.4332 0.9380 0.8993 0.8760
194 0.9467 0.4655 0.9351 0.8978 0.8751
195 0.9468 0.4484 0.9363 0.8970 0.8744
196 0.9472 0.4477 0.9355 0.8982 0.8755
197 0.9468 0.4513 0.9346 0.8995 0.8757
198 0.9464 0.4543 0.9349 0.8990 0.8750
199 0.9433 0.4535 0.9324 0.9008 0.8766
