epoch train_iou train_loss train_mAP val_iou val_mAP
0 0.5332 0.1579 0.4590 0.6996 0.6417
1 0.6939 0.1488 0.6368 0.7449 0.6956
2 0.7310 0.1577 0.6787 0.7912 0.7496
3 0.7623 0.1620 0.7143 0.7958 0.7555
4 0.7879 0.1701 0.7416 0.7960 0.7581
5 0.7923 0.1833 0.7480 0.8104 0.7746
6 0.8013 0.1980 0.7576 0.8217 0.7846
7 0.7956 0.2242 0.7532 0.8069 0.7689
8 0.8029 0.2468 0.7573 0.8055 0.7661
9 0.7936 0.2707 0.7509 0.7958 0.7609
10 0.7887 0.2994 0.7458 0.8198 0.7846
11 0.7946 0.3004 0.7546 0.8234 0.7917
12 0.8299 0.2917 0.7897 0.8153 0.7829
13 0.8312 0.2868 0.7929 0.8397 0.8072
14 0.8467 0.2733 0.8089 0.8460 0.8180
15 0.8563 0.2659 0.8202 0.8463 0.8173
16 0.8573 0.2841 0.8214 0.8496 0.8207
17 0.8457 0.3183 0.8102 0.8516 0.8202
18 0.8344 0.3543 0.7991 0.8400 0.8066
19 0.8286 0.3810 0.7887 0.8426 0.8106
20 0.8342 0.4106 0.7940 0.8253 0.7925
21 0.8397 0.3950 0.8033 0.8328 0.8006
22 0.8570 0.3774 0.8232 0.8532 0.8234
23 0.8631 0.3645 0.8258 0.8534 0.8236
24 0.8792 0.3324 0.8461 0.8588 0.8314
25 0.8858 0.3245 0.8521 0.8589 0.8300
26 0.8843 0.3360 0.8503 0.8616 0.8338
27 0.8718 0.3773 0.8364 0.8572 0.8270
28 0.8623 0.4342 0.8269 0.8473 0.8168
29 0.8549 0.4713 0.8196 0.8460 0.8161
30 0.8447 0.5313 0.8088 0.8380 0.8007
31 0.8546 0.4999 0.8186 0.8554 0.8266
32 0.8686 0.4564 0.8336 0.8500 0.8226
33 0.8792 0.4244 0.8459 0.8598 0.8321
34 0.8877 0.4010 0.8563 0.8639 0.8352
35 0.8975 0.3824 0.8671 0.8646 0.8377
36 0.8895 0.4045 0.8577 0.8638 0.8382
37 0.8904 0.4170 0.8576 0.8578 0.8262
38 0.8855 0.4631 0.8537 0.8581 0.8325
39 0.8709 0.5377 0.8356 0.8480 0.8169
40 0.8574 0.6005 0.8195 0.8516 0.8197
41 0.8700 0.5597 0.8328 0.8499 0.8209
42 0.8747 0.5420 0.8424 0.8488 0.8191
43 0.8902 0.4768 0.8594 0.8606 0.8338
44 0.9035 0.4293 0.8731 0.8601 0.8353
45 0.9066 0.4312 0.8784 0.8599 0.8347
46 0.8997 0.4617 0.8683 0.8613 0.8359
47 0.8993 0.4733 0.8692 0.8583 0.8296
48 0.8892 0.5373 0.8596 0.8533 0.8209
49 0.8780 0.6049 0.8469 0.8532 0.8248
50 0.8818 0.6116 0.8487 0.8657 0.8346
51 0.8780 0.6347 0.8449 0.8508 0.8261
52 0.8815 0.6134 0.8503 0.8586 0.8311
53 0.8996 0.5398 0.8700 0.8620 0.8367
54 0.8999 0.5197 0.8713 0.8624 0.8349
55 0.9051 0.4828 0.8750 0.8633 0.8367
56 0.9086 0.4953 0.8797 0.8716 0.8490
57 0.9034 0.5448 0.8755 0.8679 0.8404
58 0.9029 0.5435 0.8720 0.8600 0.8312
59 0.8935 0.6267 0.8611 0.8613 0.8311
60 0.8811 0.7181 0.8506 0.8595 0.8267
61 0.8876 0.6802 0.8561 0.8526 0.8236
62 0.8956 0.6223 0.8641 0.8567 0.8273
63 0.9032 0.5961 0.8731 0.8626 0.8349
64 0.9049 0.5684 0.8765 0.8662 0.8407
65 0.9123 0.5251 0.8841 0.8703 0.8444
66 0.9083 0.5449 0.8801 0.8680 0.8433
67 0.9088 0.5715 0.8807 0.8582 0.8322
68 0.9048 0.6265 0.8747 0.8679 0.8393
69 0.8991 0.6866 0.8671 0.8610 0.8314
70 0.8867 0.8112 0.8552 0.8478 0.8172
71 0.8971 0.7137 0.8677 0.8655 0.8404
72 0.9007 0.6758 0.8706 0.8625 0.8367
73 0.9079 0.6383 0.8814 0.8668 0.8388
74 0.9139 0.5866 0.8853 0.8636 0.8375
75 0.9158 0.5689 0.8888 0.8634 0.8370
76 0.9194 0.5627 0.8946 0.8701 0.8419
77 0.9179 0.5837 0.8904 0.8619 0.8371
78 0.9119 0.6359 0.8848 0.8720 0.8454
79 0.9003 0.7357 0.8698 0.8713 0.8431
80 0.8886 0.8672 0.8561 0.8460 0.8168
81 0.8944 0.8080 0.8647 0.8577 0.8262
82 0.9011 0.7726 0.8685 0.8694 0.8407
83 0.9131 0.6876 0.8838 0.8660 0.8382
84 0.9199 0.6297 0.8947 0.8698 0.8411
85 0.9181 0.6207 0.8930 0.8719 0.8435
86 0.9201 0.6265 0.8930 0.8669 0.8422
87 0.9178 0.6368 0.8923 0.8714 0.8459
88 0.9096 0.7602 0.8828 0.8703 0.8430
89 0.9081 0.7749 0.8819 0.8629 0.8333
90 0.8884 0.9298 0.8576 0.8566 0.8313
91 0.8951 0.9054 0.8659 0.8605 0.8351
92 0.9030 0.8061 0.8750 0.8526 0.8245
93 0.9118 0.7635 0.8843 0.8657 0.8421
94 0.9165 0.6778 0.8895 0.8612 0.8377
95 0.9226 0.6629 0.8969 0.8622 0.8375
96 0.9214 0.6834 0.8953 0.8676 0.8423
97 0.9157 0.7260 0.8888 0.8583 0.8320
98 0.9128 0.7737 0.8870 0.8655 0.8401
99 0.9046 0.8526 0.8764 0.8608 0.8339
100 0.9130 0.7962 0.8860 0.8631 0.8403
101 0.9165 0.7276 0.8920 0.8677 0.8428
102 0.9236 0.6807 0.8999 0.8678 0.8418
103 0.9234 0.6742 0.8998 0.8711 0.8439
104 0.9311 0.5988 0.9080 0.8712 0.8445
105 0.9313 0.6153 0.9071 0.8742 0.8463
106 0.9254 0.6395 0.9024 0.8730 0.8462
107 0.9241 0.6499 0.9003 0.8689 0.8435
108 0.9255 0.6527 0.9000 0.8665 0.8382
109 0.9283 0.6318 0.9043 0.8736 0.8462
110 0.9227 0.6620 0.8985 0.8782 0.8519
111 0.9227 0.6902 0.8977 0.8770 0.8522
112 0.9269 0.6465 0.9045 0.8743 0.8469
113 0.9260 0.6545 0.9027 0.8775 0.8518
114 0.9309 0.6028 0.9089 0.8755 0.8502
115 0.9294 0.6172 0.9083 0.8743 0.8482
116 0.9315 0.5940 0.9084 0.8767 0.8508
117 0.9299 0.6240 0.9089 0.8707 0.8436
118 0.9292 0.6046 0.9083 0.8682 0.8423
119 0.9281 0.6325 0.9063 0.8718 0.8451
120 0.9243 0.6583 0.9028 0.8707 0.8441
121 0.9203 0.7009 0.8968 0.8720 0.8428
122 0.9261 0.6381 0.9039 0.8653 0.8371
123 0.9288 0.6388 0.9095 0.8651 0.8403
124 0.9315 0.5857 0.9117 0.8729 0.8481
125 0.9334 0.5889 0.9142 0.8731 0.8482
126 0.9338 0.5811 0.9146 0.8702 0.8448
127 0.9241 0.6212 0.9020 0.8700 0.8453
128 0.9308 0.6145 0.9096 0.8680 0.8419
129 0.9324 0.6084 0.9120 0.8709 0.8456
130 0.9250 0.6283 0.9045 0.8676 0.8409
131 0.9273 0.6489 0.9044 0.8718 0.8484
132 0.9271 0.6233 0.9049 0.8630 0.8362
133 0.9335 0.5829 0.9122 0.8760 0.8510
134 0.9350 0.5610 0.9164 0.8750 0.8507
135 0.9332 0.5649 0.9131 0.8749 0.8526
136 0.9300 0.5704 0.9112 0.8752 0.8502
137 0.9372 0.5456 0.9173 0.8715 0.8472
138 0.9308 0.6163 0.9098 0.8697 0.8440
139 0.9242 0.6432 0.9020 0.8690 0.8435
140 0.9243 0.6463 0.9032 0.8774 0.8522
141 0.9281 0.6118 0.9082 0.8750 0.8504
142 0.9309 0.5890 0.9105 0.8813 0.8536
143 0.9311 0.5812 0.9112 0.8703 0.8457
144 0.9347 0.5530 0.9133 0.8716 0.8436
145 0.9381 0.5268 0.9198 0.8766 0.8492
146 0.9380 0.5453 0.9190 0.8765 0.8505
147 0.9374 0.5358 0.9198 0.8761 0.8502
148 0.9328 0.5811 0.9138 0.8722 0.8489
149 0.9323 0.5889 0.9117 0.8734 0.8510
150 0.9290 0.5958 0.9083 0.8707 0.8486
151 0.9284 0.6132 0.9080 0.8636 0.8347
152 0.9298 0.6049 0.9097 0.8721 0.8495
153 0.9335 0.5585 0.9143 0.8759 0.8507
154 0.9359 0.5471 0.9167 0.8744 0.8494
155 0.9301 0.5900 0.9087 0.8749 0.8493
156 0.9363 0.5321 0.9177 0.8740 0.8513
157 0.9360 0.5557 0.9188 0.8733 0.8489
158 0.9318 0.5747 0.9129 0.8762 0.8518
159 0.9357 0.5473 0.9168 0.8705 0.8452
160 0.9387 0.5253 0.9218 0.8707 0.8465
161 0.9403 0.5089 0.9222 0.8695 0.8457
162 0.9382 0.5204 0.9194 0.8728 0.8483
163 0.9371 0.5316 0.9196 0.8745 0.8513
164 0.9405 0.4956 0.9234 0.8736 0.8493
165 0.9384 0.5146 0.9219 0.8735 0.8505
166 0.9389 0.5136 0.9206 0.8760 0.8524
167 0.9416 0.4900 0.9259 0.8710 0.8469
168 0.9409 0.5066 0.9255 0.8760 0.8499
169 0.9382 0.5101 0.9215 0.8758 0.8513
170 0.9393 0.4984 0.9219 0.8747 0.8532
171 0.9406 0.4945 0.9232 0.8760 0.8531
172 0.9413 0.4940 0.9233 0.8758 0.8522
173 0.9400 0.4894 0.9229 0.8718 0.8478
174 0.9381 0.5030 0.9199 0.8744 0.8500
175 0.9392 0.5076 0.9206 0.8764 0.8523
176 0.9402 0.4924 0.9234 0.8752 0.8518
177 0.9383 0.5040 0.9212 0.8756 0.8510
178 0.9394 0.4934 0.9234 0.8743 0.8495
179 0.9386 0.5056 0.9217 0.8746 0.8495
180 0.9441 0.4736 0.9286 0.8724 0.8478
181 0.9404 0.5040 0.9232 0.8738 0.8498
182 0.9357 0.5184 0.9166 0.8775 0.8531
183 0.9409 0.4884 0.9245 0.8732 0.8475
184 0.9385 0.4968 0.9224 0.8732 0.8494
185 0.9434 0.4601 0.9276 0.8752 0.8496
186 0.9451 0.4715 0.9281 0.8764 0.8526
187 0.9369 0.5105 0.9208 0.8746 0.8511
188 0.9412 0.4959 0.9241 0.8743 0.8502
189 0.9370 0.5089 0.9198 0.8766 0.8541
190 0.9404 0.4753 0.9233 0.8740 0.8504
191 0.9387 0.4986 0.9223 0.8757 0.8522
192 0.9411 0.4802 0.9249 0.8765 0.8517
193 0.9422 0.4804 0.9276 0.8739 0.8510
194 0.9379 0.4864 0.9216 0.8768 0.8526
195 0.9399 0.4828 0.9251 0.8784 0.8542
196 0.9404 0.4767 0.9253 0.8767 0.8542
197 0.9402 0.4782 0.9237 0.8754 0.8525
198 0.9422 0.4718 0.9274 0.8748 0.8531
199 0.9417 0.4775 0.9254 0.8760 0.8513
