epoch train_iou train_loss train_mAP val_iou val_mAP
0 0.4924 0.1903 0.4150 0.7169 0.6584
1 0.7004 0.1442 0.6439 0.7556 0.7063
2 0.7454 0.1527 0.6939 0.7563 0.7077
3 0.7712 0.1637 0.7270 0.7825 0.7422
4 0.7964 0.1612 0.7527 0.8023 0.7605
5 0.8061 0.1734 0.7641 0.7929 0.7560
6 0.8083 0.1912 0.7651 0.8111 0.7755
7 0.8048 0.2242 0.7615 0.8075 0.7687
8 0.7974 0.2513 0.7536 0.7995 0.7602
9 0.7961 0.2734 0.7535 0.7863 0.7471
10 0.7928 0.2910 0.7488 0.7604 0.7178
11 0.8115 0.2945 0.7693 0.7995 0.7625
12 0.8208 0.2787 0.7817 0.8150 0.7812
13 0.8492 0.2586 0.8130 0.8282 0.7966
14 0.8556 0.2675 0.8197 0.8323 0.7990
15 0.8632 0.2601 0.8269 0.8338 0.8007
16 0.8565 0.2814 0.8197 0.8367 0.8054
17 0.8536 0.3059 0.8172 0.8161 0.7838
18 0.8470 0.3362 0.8093 0.8275 0.7903
19 0.8423 0.3623 0.8043 0.7998 0.7675
20 0.8333 0.3948 0.7948 0.8006 0.7597
21 0.8320 0.4184 0.7914 0.8277 0.7965
22 0.8478 0.3813 0.8126 0.8429 0.8097
23 0.8624 0.3606 0.8251 0.8370 0.8052
24 0.8816 0.3252 0.8487 0.8341 0.8064
25 0.8832 0.3188 0.8542 0.8349 0.8070
26 0.8863 0.3190 0.8543 0.8381 0.8102
27 0.8727 0.3801 0.8388 0.8386 0.8091
28 0.8664 0.4102 0.8321 0.8238 0.7913
29 0.8556 0.4547 0.8189 0.8378 0.8022
30 0.8519 0.4888 0.8177 0.8345 0.8054
31 0.8617 0.4686 0.8267 0.8252 0.7939
32 0.8671 0.4636 0.8332 0.8408 0.8123
33 0.8801 0.4247 0.8477 0.8378 0.8101
34 0.8930 0.3842 0.8627 0.8421 0.8138
35 0.8986 0.3623 0.8680 0.8435 0.8142
36 0.8998 0.3760 0.8693 0.8413 0.8149
37 0.8913 0.4131 0.8618 0.8486 0.8147
38 0.8783 0.4684 0.8448 0.8378 0.8083
39 0.8781 0.5183 0.8450 0.7862 0.7438
40 0.8641 0.5862 0.8306 0.8346 0.8079
41 0.8824 0.5186 0.8486 0.8471 0.8161
42 0.8797 0.5109 0.8463 0.8482 0.8157
43 0.8959 0.4636 0.8666 0.8418 0.8126
44 0.9020 0.4239 0.8715 0.8489 0.8234
45 0.9074 0.4164 0.8778 0.8507 0.8234
46 0.9044 0.4411 0.8747 0.8549 0.8278
47 0.9048 0.4531 0.8777 0.8546 0.8281
48 0.8985 0.5006 0.8673 0.8458 0.8129
49 0.8824 0.6047 0.8501 0.8492 0.8175
50 0.8723 0.6513 0.8394 0.8354 0.8049
51 0.8812 0.6113 0.8508 0.8502 0.8210
52 0.8902 0.5696 0.8592 0.8441 0.8173
53 0.9011 0.5267 0.8717 0.8567 0.8285
54 0.9027 0.4997 0.8751 0.8484 0.8224
55 0.9048 0.4908 0.8785 0.8493 0.8228
56 0.9113 0.4908 0.8840 0.8549 0.8290
57 0.9110 0.5054 0.8831 0.8598 0.8340
58 0.9012 0.5396 0.8728 0.8549 0.8262
59 0.8896 0.6522 0.8597 0.8406 0.8108
60 0.8845 0.7093 0.8526 0.8389 0.8089
61 0.8943 0.6550 0.8618 0.8466 0.8143
62 0.8999 0.6139 0.8695 0.8530 0.8237
63 0.9053 0.5819 0.8766 0.8552 0.8285
64 0.9173 0.5086 0.8903 0.8561 0.8278
65 0.9181 0.5054 0.8910 0.8551 0.8266
66 0.9174 0.5185 0.8895 0.8556 0.8286
67 0.9120 0.5593 0.8856 0.8577 0.8269
68 0.9054 0.6186 0.8779 0.8452 0.8167
69 0.8898 0.7447 0.8617 0.8463 0.8184
70 0.8893 0.7726 0.8572 0.8377 0.8078
71 0.8926 0.7355 0.8606 0.8539 0.8276
72 0.8995 0.6905 0.8707 0.8533 0.8261
73 0.9093 0.6215 0.8819 0.8566 0.8300
74 0.9109 0.5975 0.8813 0.8583 0.8326
75 0.9195 0.5591 0.8927 0.8601 0.8344
76 0.9196 0.5586 0.8958 0.8588 0.8305
77 0.9159 0.5937 0.8902 0.8613 0.8328
78 0.9091 0.6667 0.8792 0.8528 0.8268
79 0.9022 0.7171 0.8751 0.8387 0.8135
80 0.8965 0.7997 0.8668 0.8395 0.8102
81 0.8969 0.7940 0.8676 0.8569 0.8329
82 0.9063 0.7269 0.8766 0.8608 0.8321
83 0.9161 0.6365 0.8911 0.8570 0.8333
84 0.9208 0.6096 0.8954 0.8620 0.8356
85 0.9212 0.5957 0.8969 0.8610 0.8345
86 0.9217 0.6063 0.8965 0.8626 0.8362
87 0.9173 0.6147 0.8906 0.8634 0.8338
88 0.9137 0.6838 0.8879 0.8615 0.8345
89 0.8997 0.8145 0.8725 0.8483 0.8210
90 0.9003 0.8744 0.8728 0.8524 0.8276
91 0.8994 0.8672 0.8690 0.8558 0.8306
92 0.9051 0.8078 0.8771 0.8454 0.8254
93 0.9214 0.6964 0.8964 0.8522 0.8273
94 0.9161 0.6843 0.8929 0.8586 0.8337
95 0.9274 0.6334 0.9027 0.8582 0.8333
96 0.9224 0.6806 0.8986 0.8614 0.8362
97 0.9191 0.6872 0.8938 0.8614 0.8368
98 0.9137 0.7471 0.8866 0.8636 0.8387
99 0.9061 0.8510 0.8771 0.8512 0.8213
100 0.9122 0.7720 0.8874 0.8669 0.8407
101 0.9185 0.7239 0.8934 0.8685 0.8424
102 0.9210 0.7189 0.8963 0.8639 0.8387
103 0.9255 0.6533 0.9032 0.8630 0.8391
104 0.9279 0.6281 0.9053 0.8637 0.8418
105 0.9276 0.6304 0.9047 0.8662 0.8434
106 0.9284 0.6335 0.9047 0.8656 0.8421
107 0.9275 0.6125 0.9043 0.8593 0.8347
108 0.9277 0.6341 0.9049 0.8647 0.8409
109 0.9265 0.6404 0.9038 0.8660 0.8399
110 0.9240 0.6713 0.9003 0.8655 0.8417
111 0.9216 0.6881 0.8982 0.8642 0.8367
112 0.9253 0.6725 0.9009 0.8638 0.8391
113 0.9297 0.6257 0.9064 0.8634 0.8373
114 0.9311 0.5891 0.9108 0.8656 0.8387
115 0.9295 0.6191 0.9085 0.8675 0.8411
116 0.9346 0.5883 0.9136 0.8714 0.8456
117 0.9297 0.5897 0.9079 0.8604 0.8355
118 0.9273 0.6255 0.9059 0.8658 0.8380
119 0.9280 0.6156 0.9059 0.8632 0.8381
120 0.9259 0.6731 0.9013 0.8514 0.8219
121 0.9243 0.7002 0.9007 0.8656 0.8373
122 0.9270 0.6411 0.9053 0.8631 0.8370
123 0.9311 0.6227 0.9094 0.8661 0.8428
124 0.9298 0.5847 0.9065 0.8612 0.8387
125 0.9348 0.5931 0.9151 0.8602 0.8381
126 0.9322 0.5909 0.9094 0.8621 0.8380
127 0.9304 0.5854 0.9098 0.8639 0.8394
128 0.9337 0.5780 0.9125 0.8648 0.8395
129 0.9311 0.6074 0.9084 0.8495 0.8275
130 0.9246 0.6488 0.9027 0.8674 0.8394
131 0.9246 0.6430 0.9028 0.8670 0.8417
132 0.9299 0.6316 0.9066 0.8565 0.8331
133 0.9360 0.5731 0.9143 0.8636 0.8404
134 0.9332 0.5593 0.9135 0.8604 0.8369
135 0.9341 0.5760 0.9135 0.8610 0.8379
136 0.9369 0.5459 0.9182 0.8598 0.8374
137 0.9357 0.5510 0.9161 0.8594 0.8373
138 0.9329 0.5750 0.9121 0.8623 0.8398
139 0.9279 0.6099 0.9048 0.8572 0.8320
140 0.9307 0.6245 0.9103 0.8542 0.8296
141 0.9316 0.6030 0.9126 0.8651 0.8413
142 0.9337 0.6001 0.9122 0.8587 0.8341
143 0.9338 0.5735 0.9154 0.8602 0.8358
144 0.9328 0.5701 0.9147 0.8644 0.8407
145 0.9373 0.5244 0.9175 0.8602 0.8362
146 0.9382 0.5406 0.9191 0.8598 0.8362
147 0.9359 0.5375 0.9161 0.8620 0.8376
148 0.9368 0.5542 0.9172 0.8527 0.8305
149 0.9329 0.5954 0.9128 0.8577 0.8335
150 0.9272 0.6442 0.9050 0.8489 0.8284
151 0.9321 0.5959 0.9117 0.8634 0.8405
152 0.9316 0.5825 0.9105 0.8565 0.8328
153 0.9377 0.5456 0.9181 0.8600 0.8377
154 0.9376 0.5394 0.9186 0.8630 0.8395
155 0.9388 0.5281 0.9200 0.8611 0.8379
156 0.9374 0.5381 0.9182 0.8611 0.8359
157 0.9344 0.5400 0.9147 0.8643 0.8392
158 0.9362 0.5339 0.9169 0.8551 0.8317
159 0.9392 0.5442 0.9181 0.8646 0.8410
160 0.9398 0.5262 0.9201 0.8699 0.8462
161 0.9371 0.5342 0.9189 0.8633 0.8398
162 0.9395 0.5132 0.9212 0.8642 0.8395
163 0.9396 0.5049 0.9207 0.8646 0.8395
164 0.9395 0.5113 0.9221 0.8643 0.8400
165 0.9382 0.5142 0.9201 0.8623 0.8389
166 0.9408 0.4956 0.9247 0.8615 0.8394
167 0.9394 0.5039 0.9202 0.8647 0.8409
168 0.9404 0.5118 0.9218 0.8619 0.8368
169 0.9391 0.4995 0.9216 0.8632 0.8380
170 0.9379 0.5183 0.9197 0.8603 0.8380
171 0.9420 0.4996 0.9250 0.8629 0.8381
172 0.9411 0.4889 0.9241 0.8618 0.8381
173 0.9423 0.4811 0.9263 0.8617 0.8385
174 0.9398 0.5025 0.9222 0.8607 0.8379
175 0.9434 0.4790 0.9262 0.8622 0.8391
176 0.9411 0.4990 0.9249 0.8643 0.8395
177 0.9393 0.5010 0.9228 0.8625 0.8391
178 0.9391 0.4947 0.9214 0.8612 0.8394
179 0.9417 0.4851 0.9252 0.8587 0.8333
180 0.9392 0.5021 0.9228 0.8589 0.8357
181 0.9428 0.4754 0.9270 0.8597 0.8359
182 0.9410 0.4772 0.9239 0.8583 0.8363
183 0.9415 0.4816 0.9241 0.8596 0.8376
184 0.9391 0.4875 0.9220 0.8630 0.8394
185 0.9422 0.4770 0.9256 0.8618 0.8387
186 0.9414 0.4675 0.9259 0.8582 0.8355
187 0.9437 0.4742 0.9286 0.8623 0.8379
188 0.9385 0.4883 0.9210 0.8585 0.8352
189 0.9418 0.4702 0.9271 0.8702 0.8469
190 0.9424 0.4720 0.9263 0.8651 0.8387
191 0.9430 0.4668 0.9272 0.8612 0.8363
192 0.9388 0.4916 0.9227 0.8620 0.8374
193 0.9433 0.4568 0.9286 0.8592 0.8361
194 0.9436 0.4859 0.9282 0.8596 0.8363
195 0.9439 0.4616 0.9297 0.8602 0.8363
196 0.9396 0.4737 0.9248 0.8604 0.8369
197 0.9439 0.4563 0.9302 0.8581 0.8347
198 0.9422 0.4699 0.9265 0.8589 0.8356
199 0.9428 0.4602 0.9276 0.8609 0.8370
