epoch train_iou train_loss train_mAP val_iou val_mAP
0 0.5062 0.1613 0.4313 0.6916 0.6269
1 0.6989 0.1429 0.6424 0.7659 0.7268
2 0.7422 0.1561 0.6922 0.7295 0.6772
3 0.7693 0.1577 0.7247 0.7972 0.7626
4 0.7935 0.1669 0.7497 0.8189 0.7800
5 0.8042 0.1771 0.7663 0.8223 0.7827
6 0.8030 0.1964 0.7612 0.8179 0.7802
7 0.7983 0.2244 0.7577 0.8057 0.7656
8 0.8039 0.2503 0.7614 0.8081 0.7681
9 0.7937 0.2852 0.7503 0.8012 0.7650
10 0.7867 0.3149 0.7426 0.8189 0.7774
11 0.8142 0.2932 0.7759 0.8269 0.7881
12 0.8230 0.2840 0.7852 0.8280 0.7904
13 0.8381 0.2739 0.8013 0.8300 0.7910
14 0.8464 0.2733 0.8121 0.8301 0.7936
15 0.8491 0.2807 0.8119 0.8466 0.8123
16 0.8574 0.2771 0.8228 0.8449 0.8089
17 0.8445 0.3220 0.8081 0.8421 0.8069
18 0.8453 0.3447 0.8076 0.8414 0.8059
19 0.8306 0.3812 0.7932 0.7959 0.7620
20 0.8244 0.4231 0.7878 0.8265 0.7888
21 0.8372 0.3994 0.7990 0.8410 0.8049
22 0.8529 0.3817 0.8165 0.8336 0.8044
23 0.8662 0.3623 0.8338 0.8448 0.8136
24 0.8757 0.3448 0.8441 0.8559 0.8243
25 0.8824 0.3277 0.8501 0.8575 0.8266
26 0.8870 0.3391 0.8570 0.8532 0.8228
27 0.8746 0.3678 0.8435 0.8486 0.8198
28 0.8652 0.4279 0.8344 0.8484 0.8171
29 0.8552 0.4742 0.8188 0.8395 0.8053
30 0.8455 0.5186 0.8082 0.8177 0.7897
31 0.8537 0.4947 0.8189 0.8363 0.8070
32 0.8689 0.4579 0.8372 0.8514 0.8197
33 0.8773 0.4398 0.8440 0.8554 0.8256
34 0.8865 0.4057 0.8554 0.8631 0.8328
35 0.8986 0.3822 0.8684 0.8637 0.8349
36 0.8891 0.4124 0.8579 0.8610 0.8323
37 0.8876 0.4342 0.8562 0.8582 0.8263
38 0.8810 0.4758 0.8490 0.8501 0.8196
39 0.8736 0.5150 0.8396 0.8426 0.8123
40 0.8546 0.6001 0.8185 0.8454 0.8163
41 0.8713 0.5561 0.8383 0.8440 0.8090
42 0.8863 0.4971 0.8561 0.8531 0.8191
43 0.8944 0.4682 0.8630 0.8523 0.8218
44 0.8993 0.4408 0.8709 0.8625 0.8339
45 0.9022 0.4300 0.8739 0.8646 0.8359
46 0.9039 0.4396 0.8725 0.8629 0.8349
47 0.9005 0.4674 0.8718 0.8525 0.8236
48 0.8918 0.5286 0.8619 0.8551 0.8251
49 0.8859 0.5764 0.8538 0.8339 0.8065
50 0.8724 0.6528 0.8395 0.8293 0.7950
51 0.8827 0.6239 0.8520 0.8499 0.8190
52 0.8944 0.5511 0.8630 0.8573 0.8290
53 0.9003 0.5187 0.8711 0.8539 0.8268
54 0.9061 0.5037 0.8772 0.8593 0.8320
55 0.9119 0.4742 0.8834 0.8579 0.8298
56 0.9140 0.4653 0.8867 0.8586 0.8291
57 0.9021 0.5180 0.8707 0.8611 0.8325
58 0.8984 0.5767 0.8676 0.8551 0.8255
59 0.8829 0.6657 0.8518 0.8484 0.8165
60 0.8794 0.7373 0.8471 0.8508 0.8212
61 0.8872 0.6882 0.8558 0.8499 0.8186
62 0.8968 0.6261 0.8687 0.8562 0.8275
63 0.9017 0.5909 0.8729 0.8623 0.8332
64 0.9139 0.5095 0.8865 0.8694 0.8411
65 0.9161 0.5119 0.8869 0.8683 0.8404
66 0.9086 0.5487 0.8800 0.8595 0.8325
67 0.9130 0.5387 0.8864 0.8655 0.8383
68 0.9089 0.5832 0.8820 0.8564 0.8332
69 0.8985 0.6792 0.8687 0.8489 0.8221
70 0.8861 0.7711 0.8538 0.8289 0.7986
71 0.8926 0.7411 0.8619 0.8598 0.8294
72 0.9030 0.6744 0.8752 0.8616 0.8350
73 0.9077 0.6187 0.8795 0.8588 0.8306
74 0.9107 0.6006 0.8824 0.8620 0.8364
75 0.9116 0.5944 0.8838 0.8611 0.8362
76 0.9177 0.5635 0.8914 0.8593 0.8343
77 0.9084 0.6457 0.8836 0.8575 0.8335
78 0.9104 0.6338 0.8825 0.8573 0.8308
79 0.9004 0.7474 0.8741 0.8559 0.8305
80 0.8936 0.8255 0.8638 0.8473 0.8172
81 0.9010 0.7873 0.8727 0.8486 0.8197
82 0.9044 0.7256 0.8774 0.8526 0.8267
83 0.9125 0.6792 0.8874 0.8514 0.8268
84 0.9190 0.6103 0.8942 0.8539 0.8304
85 0.9186 0.6161 0.8931 0.8569 0.8303
86 0.9142 0.6445 0.8890 0.8539 0.8273
87 0.9181 0.6455 0.8928 0.8549 0.8287
88 0.9100 0.7372 0.8819 0.8581 0.8262
89 0.9133 0.7452 0.8861 0.8547 0.8244
90 0.8960 0.8981 0.8677 0.8396 0.8141
91 0.8978 0.8831 0.8688 0.8557 0.8281
92 0.9058 0.7989 0.8779 0.8572 0.8279
93 0.9170 0.7126 0.8907 0.8598 0.8319
94 0.9197 0.6850 0.8939 0.8620 0.8350
95 0.9229 0.6526 0.8983 0.8608 0.8345
96 0.9148 0.7230 0.8875 0.8588 0.8335
97 0.9248 0.6430 0.9004 0.8585 0.8333
98 0.9173 0.7292 0.8930 0.8473 0.8230
99 0.9110 0.8044 0.8833 0.8534 0.8260
100 0.9096 0.7690 0.8816 0.8634 0.8392
101 0.9202 0.6970 0.8967 0.8619 0.8382
102 0.9184 0.6954 0.8938 0.8662 0.8379
103 0.9246 0.6572 0.9005 0.8669 0.8398
104 0.9264 0.6334 0.9039 0.8675 0.8433
105 0.9251 0.6262 0.9016 0.8664 0.8409
106 0.9238 0.6660 0.8988 0.8663 0.8399
107 0.9290 0.6136 0.9069 0.8625 0.8380
108 0.9226 0.6501 0.8995 0.8619 0.8379
109 0.9264 0.6513 0.9032 0.8642 0.8374
110 0.9246 0.6954 0.9017 0.8578 0.8314
111 0.9230 0.7080 0.8993 0.8613 0.8341
112 0.9226 0.6621 0.8992 0.8653 0.8357
113 0.9271 0.6258 0.9033 0.8615 0.8356
114 0.9318 0.6071 0.9084 0.8643 0.8381
115 0.9264 0.6114 0.9016 0.8610 0.8346
116 0.9274 0.6103 0.9043 0.8621 0.8355
117 0.9258 0.6312 0.9017 0.8625 0.8359
118 0.9307 0.5882 0.9080 0.8700 0.8425
119 0.9291 0.6222 0.9058 0.8575 0.8313
120 0.9211 0.6774 0.8965 0.8525 0.8224
121 0.9224 0.6555 0.8991 0.8558 0.8305
122 0.9254 0.6527 0.9032 0.8619 0.8344
123 0.9268 0.6239 0.9043 0.8626 0.8350
124 0.9311 0.5989 0.9096 0.8642 0.8375
125 0.9313 0.5876 0.9111 0.8643 0.8362
126 0.9334 0.5726 0.9108 0.8646 0.8368
127 0.9341 0.5771 0.9132 0.8656 0.8363
128 0.9298 0.5911 0.9074 0.8636 0.8379
129 0.9321 0.5647 0.9109 0.8633 0.8356
130 0.9218 0.7057 0.8991 0.8522 0.8234
131 0.9185 0.6959 0.8948 0.8596 0.8329
132 0.9252 0.6442 0.9034 0.8666 0.8411
133 0.9289 0.6102 0.9065 0.8676 0.8423
134 0.9308 0.5917 0.9098 0.8601 0.8344
135 0.9305 0.5938 0.9077 0.8598 0.8346
136 0.9341 0.5618 0.9142 0.8728 0.8469
137 0.9336 0.5829 0.9138 0.8600 0.8364
138 0.9275 0.5967 0.9047 0.8676 0.8413
139 0.9288 0.5985 0.9073 0.8635 0.8361
140 0.9277 0.6293 0.9052 0.8604 0.8306
141 0.9224 0.6614 0.8996 0.8630 0.8388
142 0.9284 0.6143 0.9071 0.8665 0.8393
143 0.9370 0.5529 0.9161 0.8681 0.8418
144 0.9315 0.5492 0.9107 0.8650 0.8377
145 0.9351 0.5442 0.9144 0.8649 0.8371
146 0.9356 0.5498 0.9169 0.8695 0.8433
147 0.9379 0.5294 0.9185 0.8644 0.8412
148 0.9343 0.5699 0.9132 0.8630 0.8363
149 0.9302 0.5796 0.9100 0.8565 0.8292
150 0.9289 0.6276 0.9073 0.8625 0.8363
151 0.9282 0.6168 0.9064 0.8641 0.8373
152 0.9309 0.5673 0.9100 0.8607 0.8345
153 0.9335 0.5795 0.9136 0.8661 0.8416
154 0.9323 0.5451 0.9131 0.8681 0.8421
155 0.9371 0.5153 0.9190 0.8674 0.8419
156 0.9361 0.5277 0.9168 0.8699 0.8450
157 0.9367 0.5364 0.9176 0.8680 0.8412
158 0.9347 0.5585 0.9130 0.8591 0.8350
159 0.9341 0.5596 0.9125 0.8583 0.8278
160 0.9353 0.5468 0.9146 0.8645 0.8387
161 0.9393 0.5181 0.9218 0.8688 0.8413
162 0.9385 0.5217 0.9185 0.8705 0.8422
163 0.9374 0.5256 0.9184 0.8715 0.8436
164 0.9375 0.5300 0.9183 0.8696 0.8433
165 0.9349 0.5361 0.9161 0.8699 0.8440
166 0.9390 0.5055 0.9203 0.8729 0.8459
167 0.9398 0.4967 0.9235 0.8709 0.8441
168 0.9377 0.5269 0.9180 0.8681 0.8418
169 0.9385 0.5084 0.9207 0.8647 0.8380
170 0.9394 0.4943 0.9204 0.8609 0.8341
171 0.9390 0.5085 0.9206 0.8654 0.8417
172 0.9404 0.4927 0.9226 0.8672 0.8403
173 0.9402 0.5069 0.9214 0.8669 0.8387
174 0.9393 0.4950 0.9209 0.8662 0.8406
175 0.9397 0.5009 0.9220 0.8647 0.8381
176 0.9387 0.5010 0.9202 0.8678 0.8406
177 0.9411 0.4880 0.9227 0.8647 0.8373
178 0.9360 0.5109 0.9167 0.8664 0.8403
179 0.9399 0.5010 0.9219 0.8627 0.8373
180 0.9396 0.4916 0.9221 0.8623 0.8343
181 0.9419 0.4819 0.9243 0.8643 0.8382
182 0.9423 0.4698 0.9257 0.8641 0.8382
183 0.9407 0.4944 0.9224 0.8641 0.8381
184 0.9407 0.4866 0.9238 0.8648 0.8383
185 0.9371 0.4960 0.9181 0.8651 0.8388
186 0.9415 0.4854 0.9232 0.8637 0.8370
187 0.9413 0.4724 0.9233 0.8635 0.8394
188 0.9420 0.4834 0.9247 0.8645 0.8406
189 0.9391 0.4995 0.9212 0.8613 0.8365
190 0.9401 0.4875 0.9236 0.8631 0.8383
191 0.9404 0.4870 0.9221 0.8664 0.8381
192 0.9405 0.4869 0.9215 0.8669 0.8406
193 0.9424 0.4773 0.9259 0.8658 0.8383
194 0.9469 0.4415 0.9312 0.8662 0.8395
195 0.9413 0.4800 0.9255 0.8683 0.8409
196 0.9444 0.4602 0.9271 0.8686 0.8417
197 0.9444 0.4534 0.9298 0.8665 0.8400
198 0.9444 0.4518 0.9278 0.8714 0.8433
199 0.9428 0.4705 0.9269 0.8644 0.8383
