epoch train_iou train_loss train_mAP val_iou val_mAP
0 0.5918 0.1616 0.5222 0.7285 0.6806
1 0.7134 0.1422 0.6637 0.7632 0.7212
2 0.7441 0.1546 0.6978 0.7658 0.7209
3 0.7823 0.1568 0.7417 0.8011 0.7626
4 0.8164 0.1586 0.7773 0.8111 0.7767
5 0.8319 0.1587 0.7966 0.8179 0.7865
6 0.8260 0.1744 0.7904 0.8106 0.7767
7 0.8180 0.2123 0.7789 0.7933 0.7596
8 0.8035 0.2603 0.7623 0.7937 0.7559
9 0.7862 0.2775 0.7422 0.8012 0.7625
10 0.7710 0.3368 0.7244 0.8028 0.7628
11 0.8106 0.3010 0.7745 0.8007 0.7630
12 0.8339 0.2843 0.7983 0.8179 0.7803
13 0.8509 0.2703 0.8175 0.8340 0.8041
14 0.8610 0.2502 0.8283 0.8382 0.8056
15 0.8591 0.2780 0.8269 0.8467 0.8165
16 0.8606 0.2919 0.8304 0.8416 0.8125
17 0.8562 0.3051 0.8258 0.8398 0.8079
18 0.8535 0.3344 0.8219 0.8316 0.7995
19 0.8419 0.3743 0.8088 0.8096 0.7809
20 0.8380 0.4012 0.8021 0.8240 0.8001
21 0.8448 0.4127 0.8152 0.8281 0.7992
22 0.8580 0.3818 0.8259 0.8474 0.8163
23 0.8685 0.3696 0.8414 0.8478 0.8200
24 0.8792 0.3458 0.8503 0.8545 0.8263
25 0.8878 0.3310 0.8597 0.8561 0.8296
26 0.8844 0.3503 0.8588 0.8562 0.8304
27 0.8735 0.3678 0.8417 0.8586 0.8277
28 0.8707 0.4247 0.8399 0.8455 0.8182
29 0.8685 0.4369 0.8374 0.8518 0.8246
30 0.8561 0.4950 0.8246 0.8458 0.8122
31 0.8672 0.4780 0.8406 0.8367 0.8157
32 0.8694 0.4637 0.8409 0.8594 0.8331
33 0.8876 0.4250 0.8607 0.8526 0.8236
34 0.8985 0.3773 0.8744 0.8629 0.8382
35 0.8998 0.3803 0.8737 0.8625 0.8399
36 0.8966 0.4017 0.8722 0.8665 0.8397
37 0.9000 0.3926 0.8753 0.8579 0.8365
38 0.8880 0.4614 0.8630 0.8548 0.8256
39 0.8726 0.5474 0.8467 0.8443 0.8219
40 0.8675 0.5771 0.8407 0.8431 0.8189
41 0.8872 0.4942 0.8628 0.8334 0.8110
42 0.8830 0.5125 0.8574 0.8607 0.8365
43 0.8951 0.4657 0.8699 0.8696 0.8456
44 0.9081 0.4277 0.8859 0.8644 0.8420
45 0.9004 0.4524 0.8784 0.8660 0.8419
46 0.9014 0.4418 0.8742 0.8673 0.8439
47 0.9093 0.4461 0.8869 0.8512 0.8314
48 0.8934 0.5291 0.8678 0.8574 0.8326
49 0.8996 0.5307 0.8760 0.8327 0.8095
50 0.8841 0.6167 0.8571 0.8484 0.8260
51 0.8884 0.6028 0.8638 0.8609 0.8361
52 0.8965 0.5514 0.8724 0.8577 0.8338
53 0.9082 0.5092 0.8884 0.8598 0.8366
54 0.9105 0.4753 0.8863 0.8676 0.8495
55 0.9136 0.4695 0.8953 0.8680 0.8497
56 0.9108 0.4975 0.8886 0.8692 0.8516
57 0.9021 0.5418 0.8782 0.8652 0.8412
58 0.8863 0.6294 0.8587 0.8665 0.8427
59 0.8946 0.6311 0.8693 0.8565 0.8345
60 0.8938 0.6551 0.8713 0.8492 0.8245
61 0.8971 0.6478 0.8717 0.8579 0.8313
62 0.8999 0.6090 0.8748 0.8632 0.8396
63 0.9116 0.5674 0.8891 0.8673 0.8467
64 0.9160 0.5381 0.8941 0.8685 0.8496
65 0.9119 0.5206 0.8915 0.8690 0.8497
66 0.9172 0.5307 0.8967 0.8721 0.8509
67 0.9116 0.5717 0.8881 0.8701 0.8491
68 0.9029 0.6380 0.8789 0.8685 0.8450
69 0.9024 0.6852 0.8794 0.8489 0.8236
70 0.8972 0.7243 0.8732 0.8630 0.8375
71 0.8990 0.7004 0.8757 0.8696 0.8500
72 0.9077 0.6663 0.8867 0.8700 0.8442
73 0.9201 0.5692 0.9000 0.8660 0.8464
74 0.9099 0.6190 0.8872 0.8745 0.8529
75 0.9222 0.5630 0.9025 0.8740 0.8530
76 0.9203 0.5660 0.8977 0.8780 0.8556
77 0.9167 0.6126 0.8964 0.8745 0.8553
78 0.9158 0.6396 0.8920 0.8700 0.8518
79 0.9071 0.7003 0.8857 0.8723 0.8476
80 0.8960 0.8239 0.8708 0.8666 0.8450
81 0.9086 0.7287 0.8865 0.8575 0.8344
82 0.9064 0.7364 0.8832 0.8659 0.8429
83 0.9078 0.7322 0.8842 0.8757 0.8549
84 0.9195 0.6163 0.8979 0.8756 0.8537
85 0.9207 0.6237 0.8990 0.8755 0.8545
86 0.9233 0.6048 0.9031 0.8771 0.8565
87 0.9200 0.6435 0.9017 0.8750 0.8512
88 0.9207 0.6712 0.8999 0.8684 0.8470
89 0.9083 0.7715 0.8856 0.8580 0.8334
90 0.8976 0.9121 0.8748 0.8652 0.8407
91 0.9053 0.8597 0.8832 0.8706 0.8428
92 0.9123 0.7626 0.8883 0.8759 0.8549
93 0.9151 0.7463 0.8928 0.8737 0.8512
94 0.9300 0.6137 0.9095 0.8783 0.8566
95 0.9281 0.6221 0.9084 0.8792 0.8579
96 0.9280 0.6538 0.9082 0.8768 0.8561
97 0.9245 0.6961 0.9043 0.8728 0.8510
98 0.9172 0.7436 0.8942 0.8703 0.8481
99 0.8971 0.9181 0.8733 0.8697 0.8432
100 0.9154 0.7895 0.8935 0.8707 0.8487
101 0.9194 0.7407 0.8956 0.8720 0.8518
102 0.9300 0.6486 0.9114 0.8746 0.8519
103 0.9290 0.6503 0.9099 0.8748 0.8549
104 0.9262 0.6760 0.9079 0.8759 0.8529
105 0.9325 0.6254 0.9116 0.8789 0.8562
106 0.9319 0.6128 0.9130 0.8757 0.8541
107 0.9264 0.6479 0.9064 0.8762 0.8514
108 0.9226 0.6828 0.9007 0.8762 0.8549
109 0.9327 0.6248 0.9178 0.8664 0.8464
110 0.9195 0.7334 0.8973 0.8730 0.8514
111 0.9283 0.6614 0.9089 0.8686 0.8490
112 0.9303 0.6257 0.9102 0.8717 0.8505
113 0.9353 0.6008 0.9189 0.8773 0.8555
114 0.9316 0.6264 0.9130 0.8756 0.8557
115 0.9410 0.5463 0.9239 0.8786 0.8594
116 0.9345 0.5791 0.9153 0.8790 0.8584
117 0.9365 0.5655 0.9168 0.8802 0.8596
118 0.9380 0.5503 0.9190 0.8783 0.8586
119 0.9280 0.6391 0.9076 0.8836 0.8622
120 0.9314 0.6450 0.9114 0.8693 0.8449
121 0.9251 0.6719 0.9044 0.8796 0.8574
122 0.9313 0.6286 0.9143 0.8813 0.8619
123 0.9293 0.6276 0.9127 0.8794 0.8576
124 0.9361 0.5639 0.9202 0.8790 0.8584
125 0.9354 0.5403 0.9209 0.8810 0.8599
126 0.9397 0.5440 0.9226 0.8817 0.8619
127 0.9377 0.5407 0.9224 0.8822 0.8589
128 0.9351 0.5916 0.9187 0.8811 0.8587
129 0.9415 0.5358 0.9252 0.8873 0.8657
130 0.9327 0.6154 0.9160 0.8639 0.8434
131 0.9339 0.5848 0.9149 0.8787 0.8562
132 0.9345 0.6108 0.9191 0.8762 0.8571
133 0.9384 0.5490 0.9236 0.8785 0.8574
134 0.9383 0.5636 0.9212 0.8756 0.8551
135 0.9415 0.5150 0.9256 0.8777 0.8577
136 0.9436 0.5001 0.9297 0.8789 0.8584
137 0.9412 0.5437 0.9255 0.8784 0.8587
138 0.9375 0.5527 0.9226 0.8774 0.8566
139 0.9334 0.5963 0.9160 0.8754 0.8497
140 0.9297 0.6392 0.9135 0.8780 0.8589
141 0.9338 0.5836 0.9178 0.8743 0.8545
142 0.9362 0.5653 0.9200 0.8796 0.8602
143 0.9373 0.5680 0.9217 0.8760 0.8557
144 0.9363 0.5484 0.9197 0.8797 0.8605
145 0.9388 0.5272 0.9205 0.8810 0.8601
146 0.9344 0.5702 0.9179 0.8788 0.8585
147 0.9378 0.5498 0.9235 0.8815 0.8616
148 0.9370 0.5321 0.9213 0.8722 0.8534
149 0.9307 0.6078 0.9142 0.8828 0.8620
150 0.9335 0.6040 0.9170 0.8673 0.8476
151 0.9309 0.6075 0.9141 0.8692 0.8510
152 0.9394 0.5380 0.9245 0.8740 0.8550
153 0.9404 0.5201 0.9241 0.8810 0.8584
154 0.9440 0.4934 0.9287 0.8802 0.8607
155 0.9407 0.5304 0.9250 0.8799 0.8594
156 0.9343 0.5437 0.9191 0.8842 0.8625
157 0.9360 0.5373 0.9211 0.8843 0.8622
158 0.9392 0.5291 0.9241 0.8748 0.8546
159 0.9325 0.5786 0.9151 0.8774 0.8566
160 0.9363 0.5409 0.9210 0.8796 0.8591
161 0.9362 0.5378 0.9210 0.8795 0.8596
162 0.9350 0.5690 0.9181 0.8784 0.8592
163 0.9385 0.5174 0.9229 0.8814 0.8606
164 0.9305 0.5375 0.9132 0.8833 0.8636
165 0.9362 0.5253 0.9193 0.8817 0.8624
166 0.9404 0.4954 0.9254 0.8827 0.8634
167 0.9449 0.4782 0.9308 0.8815 0.8610
168 0.9436 0.4773 0.9287 0.8812 0.8610
169 0.9465 0.4608 0.9337 0.8812 0.8609
170 0.9398 0.5233 0.9247 0.8843 0.8640
171 0.9468 0.4587 0.9324 0.8822 0.8637
172 0.9480 0.4654 0.9339 0.8826 0.8644
173 0.9449 0.4692 0.9310 0.8827 0.8644
174 0.9391 0.5174 0.9226 0.8822 0.8635
175 0.9391 0.4909 0.9233 0.8841 0.8649
176 0.9433 0.4752 0.9284 0.8841 0.8644
177 0.9446 0.4770 0.9292 0.8834 0.8645
178 0.9470 0.4360 0.9318 0.8852 0.8647
179 0.9442 0.4636 0.9307 0.8855 0.8654
180 0.9468 0.4572 0.9316 0.8810 0.8615
181 0.9475 0.4559 0.9321 0.8825 0.8631
182 0.9471 0.4735 0.9322 0.8814 0.8627
183 0.9366 0.5243 0.9197 0.8816 0.8625
184 0.9445 0.4782 0.9274 0.8817 0.8609
185 0.9482 0.4418 0.9350 0.8817 0.8617
186 0.9445 0.4718 0.9293 0.8813 0.8614
187 0.9446 0.4550 0.9321 0.8803 0.8602
188 0.9438 0.4861 0.9294 0.8857 0.8640
189 0.9420 0.4788 0.9275 0.8802 0.8602
190 0.9407 0.4966 0.9269 0.8799 0.8599
191 0.9433 0.4720 0.9284 0.8864 0.8652
192 0.9423 0.4708 0.9279 0.8876 0.8666
193 0.9484 0.4332 0.9354 0.8836 0.8635
194 0.9483 0.4434 0.9342 0.8853 0.8635
195 0.9437 0.4645 0.9275 0.8856 0.8640
196 0.9444 0.4557 0.9306 0.8853 0.8654
197 0.9461 0.4504 0.9331 0.8845 0.8644
198 0.9452 0.4663 0.9301 0.8852 0.8651
199 0.9463 0.4622 0.9321 0.8817 0.8612
