epoch train_iou train_loss train_mAP val_iou val_mAP
0 0.5550 0.1749 0.4782 0.6285 0.5741
1 0.6837 0.1528 0.6263 0.7370 0.6876
2 0.7274 0.1603 0.6797 0.7499 0.7026
3 0.7782 0.1635 0.7337 0.7851 0.7437
4 0.7967 0.1657 0.7541 0.8058 0.7688
5 0.8111 0.1703 0.7698 0.8111 0.7756
6 0.8076 0.1996 0.7674 0.8092 0.7732
7 0.7987 0.2287 0.7587 0.7973 0.7466
8 0.7834 0.2726 0.7409 0.7989 0.7600
9 0.7766 0.3043 0.7303 0.8147 0.7830
10 0.7781 0.3319 0.7347 0.8060 0.7706
11 0.8089 0.3061 0.7703 0.8240 0.7830
12 0.8192 0.2986 0.7792 0.8291 0.7990
13 0.8319 0.2940 0.7953 0.8269 0.7960
14 0.8520 0.2716 0.8193 0.8454 0.8144
15 0.8606 0.2667 0.8266 0.8462 0.8168
16 0.8602 0.2767 0.8271 0.8377 0.8055
17 0.8523 0.3136 0.8191 0.8324 0.7978
18 0.8437 0.3478 0.8096 0.8360 0.8070
19 0.8420 0.3762 0.8072 0.8259 0.8030
20 0.8259 0.4382 0.7919 0.8155 0.7808
21 0.8389 0.4215 0.8036 0.8182 0.7860
22 0.8507 0.3821 0.8171 0.8516 0.8207
23 0.8690 0.3575 0.8359 0.8541 0.8285
24 0.8740 0.3484 0.8432 0.8620 0.8314
25 0.8863 0.3115 0.8563 0.8592 0.8320
26 0.8820 0.3461 0.8517 0.8559 0.8269
27 0.8747 0.3706 0.8442 0.8524 0.8225
28 0.8724 0.4151 0.8391 0.8404 0.8116
29 0.8538 0.4882 0.8206 0.8498 0.8174
30 0.8530 0.4983 0.8198 0.8511 0.8229
31 0.8657 0.4706 0.8349 0.8527 0.8194
32 0.8670 0.4673 0.8372 0.8601 0.8309
33 0.8855 0.4125 0.8559 0.8578 0.8310
34 0.8939 0.3937 0.8640 0.8660 0.8399
35 0.8965 0.3817 0.8676 0.8654 0.8382
36 0.8968 0.3883 0.8697 0.8649 0.8381
37 0.8913 0.4268 0.8648 0.8612 0.8375
38 0.8857 0.4621 0.8554 0.8613 0.8282
39 0.8785 0.5195 0.8475 0.8403 0.8121
40 0.8663 0.5839 0.8360 0.8439 0.8179
41 0.8720 0.5485 0.8428 0.8544 0.8266
42 0.8847 0.5079 0.8543 0.8510 0.8236
43 0.8906 0.4745 0.8602 0.8647 0.8406
44 0.9034 0.4253 0.8768 0.8725 0.8489
45 0.9083 0.4106 0.8823 0.8761 0.8506
46 0.9064 0.4350 0.8804 0.8723 0.8489
47 0.9031 0.4512 0.8750 0.8684 0.8444
48 0.8909 0.5425 0.8627 0.8701 0.8464
49 0.8856 0.5798 0.8560 0.8445 0.8124
50 0.8705 0.6578 0.8390 0.8316 0.8077
51 0.8809 0.6379 0.8526 0.8558 0.8258
52 0.8970 0.5619 0.8690 0.8705 0.8472
53 0.9032 0.5228 0.8751 0.8648 0.8426
54 0.9082 0.4766 0.8794 0.8709 0.8460
55 0.9135 0.4556 0.8877 0.8719 0.8481
56 0.9092 0.4895 0.8835 0.8771 0.8527
57 0.9088 0.4989 0.8809 0.8705 0.8472
58 0.9030 0.5531 0.8743 0.8629 0.8397
59 0.8900 0.6357 0.8626 0.8501 0.8239
60 0.8756 0.7403 0.8434 0.8410 0.8034
61 0.8824 0.7279 0.8520 0.8488 0.8224
62 0.8981 0.6136 0.8710 0.8628 0.8414
63 0.9060 0.5638 0.8778 0.8692 0.8449
64 0.9093 0.5408 0.8852 0.8747 0.8514
65 0.9148 0.5194 0.8862 0.8753 0.8519
66 0.9055 0.5568 0.8790 0.8767 0.8544
67 0.9155 0.5438 0.8896 0.8745 0.8530
68 0.9043 0.5985 0.8782 0.8681 0.8430
69 0.9001 0.6715 0.8740 0.8697 0.8484
70 0.8934 0.7278 0.8653 0.8476 0.8240
71 0.8909 0.7673 0.8630 0.8477 0.8195
72 0.9007 0.6798 0.8731 0.8678 0.8432
73 0.9107 0.5986 0.8833 0.8732 0.8511
74 0.9223 0.5553 0.8988 0.8735 0.8499
75 0.9180 0.5557 0.8920 0.8757 0.8525
76 0.9151 0.5804 0.8910 0.8733 0.8518
77 0.9154 0.5862 0.8898 0.8633 0.8402
78 0.9099 0.6347 0.8856 0.8657 0.8425
79 0.9126 0.6628 0.8855 0.8655 0.8401
80 0.8839 0.8815 0.8551 0.8428 0.8179
81 0.8962 0.8011 0.8670 0.8574 0.8321
82 0.9071 0.7032 0.8809 0.8633 0.8379
83 0.9141 0.6362 0.8886 0.8710 0.8480
84 0.9213 0.5967 0.8991 0.8757 0.8532
85 0.9206 0.6158 0.8955 0.8756 0.8529
86 0.9165 0.6282 0.8926 0.8736 0.8497
87 0.9217 0.6205 0.8972 0.8756 0.8518
88 0.9128 0.7007 0.8881 0.8694 0.8435
89 0.9069 0.7949 0.8804 0.8616 0.8391
90 0.8961 0.8735 0.8708 0.8481 0.8230
91 0.9015 0.8585 0.8769 0.8666 0.8438
92 0.9126 0.7281 0.8874 0.8708 0.8482
93 0.9114 0.7517 0.8867 0.8731 0.8502
94 0.9230 0.6467 0.9008 0.8722 0.8520
95 0.9178 0.6600 0.8944 0.8726 0.8526
96 0.9223 0.6404 0.8990 0.8766 0.8545
97 0.9176 0.6833 0.8947 0.8747 0.8519
98 0.9238 0.7010 0.8991 0.8674 0.8430
99 0.9035 0.8812 0.8766 0.8665 0.8436
100 0.9106 0.7850 0.8865 0.8711 0.8454
101 0.9214 0.7090 0.8987 0.8772 0.8550
102 0.9247 0.6860 0.9029 0.8700 0.8511
103 0.9224 0.6584 0.8991 0.8783 0.8585
104 0.9248 0.6407 0.9035 0.8785 0.8574
105 0.9301 0.6143 0.9105 0.8767 0.8560
106 0.9276 0.6114 0.9068 0.8814 0.8611
107 0.9284 0.6071 0.9079 0.8766 0.8562
108 0.9242 0.6320 0.9026 0.8754 0.8511
109 0.9246 0.6547 0.9039 0.8756 0.8560
110 0.9230 0.6525 0.9004 0.8690 0.8493
111 0.9221 0.6653 0.9007 0.8746 0.8528
112 0.9270 0.6220 0.9048 0.8777 0.8575
113 0.9299 0.6071 0.9097 0.8779 0.8566
114 0.9320 0.5670 0.9131 0.8817 0.8592
115 0.9360 0.5605 0.9165 0.8828 0.8615
116 0.9357 0.5640 0.9179 0.8819 0.8615
117 0.9319 0.5791 0.9128 0.8809 0.8577
118 0.9322 0.5735 0.9141 0.8833 0.8618
119 0.9259 0.6289 0.9065 0.8770 0.8559
120 0.9246 0.6552 0.9047 0.8778 0.8527
121 0.9282 0.6262 0.9090 0.8713 0.8510
122 0.9279 0.6075 0.9084 0.8749 0.8537
123 0.9282 0.6095 0.9075 0.8783 0.8571
124 0.9329 0.5587 0.9145 0.8815 0.8574
125 0.9333 0.5664 0.9154 0.8776 0.8564
126 0.9341 0.5380 0.9168 0.8778 0.8565
127 0.9367 0.5426 0.9176 0.8771 0.8566
128 0.9345 0.5649 0.9174 0.8731 0.8530
129 0.9295 0.6130 0.9105 0.8738 0.8555
130 0.9298 0.6030 0.9103 0.8734 0.8512
131 0.9300 0.6102 0.9093 0.8809 0.8567
132 0.9320 0.5833 0.9152 0.8752 0.8550
133 0.9331 0.5632 0.9149 0.8802 0.8585
134 0.9342 0.5561 0.9171 0.8787 0.8594
135 0.9374 0.5269 0.9206 0.8809 0.8602
136 0.9375 0.5170 0.9213 0.8824 0.8594
137 0.9349 0.5373 0.9172 0.8773 0.8572
138 0.9322 0.5844 0.9154 0.8747 0.8504
139 0.9333 0.5642 0.9147 0.8767 0.8554
140 0.9313 0.6099 0.9113 0.8614 0.8403
141 0.9286 0.6364 0.9090 0.8692 0.8484
142 0.9334 0.5878 0.9157 0.8734 0.8566
143 0.9329 0.5716 0.9175 0.8818 0.8604
144 0.9381 0.5254 0.9236 0.8793 0.8572
145 0.9355 0.5391 0.9192 0.8807 0.8589
146 0.9405 0.4993 0.9250 0.8804 0.8590
147 0.9367 0.5210 0.9200 0.8810 0.8586
148 0.9356 0.5247 0.9199 0.8767 0.8557
149 0.9319 0.5715 0.9140 0.8806 0.8606
150 0.9275 0.6219 0.9069 0.8716 0.8454
151 0.9301 0.6165 0.9109 0.8729 0.8481
152 0.9345 0.5718 0.9167 0.8755 0.8528
153 0.9331 0.5514 0.9168 0.8715 0.8529
154 0.9382 0.5238 0.9209 0.8782 0.8566
155 0.9392 0.5058 0.9242 0.8783 0.8560
156 0.9395 0.5167 0.9234 0.8824 0.8602
157 0.9368 0.5102 0.9207 0.8785 0.8585
158 0.9346 0.5465 0.9172 0.8733 0.8525
159 0.9372 0.5622 0.9197 0.8739 0.8516
160 0.9326 0.5425 0.9143 0.8758 0.8539
161 0.9341 0.5457 0.9166 0.8794 0.8596
162 0.9390 0.5091 0.9221 0.8773 0.8577
163 0.9400 0.5057 0.9240 0.8770 0.8579
164 0.9394 0.4909 0.9240 0.8778 0.8587
165 0.9400 0.4957 0.9257 0.8791 0.8604
166 0.9365 0.5140 0.9210 0.8795 0.8597
167 0.9401 0.4935 0.9257 0.8741 0.8535
168 0.9393 0.4883 0.9245 0.8784 0.8577
169 0.9381 0.5045 0.9219 0.8757 0.8566
170 0.9425 0.4673 0.9282 0.8811 0.8609
171 0.9391 0.4846 0.9240 0.8789 0.8561
172 0.9433 0.4601 0.9268 0.8798 0.8579
173 0.9412 0.4718 0.9267 0.8803 0.8612
174 0.9427 0.4815 0.9287 0.8802 0.8575
175 0.9383 0.4900 0.9227 0.8809 0.8599
176 0.9413 0.4681 0.9274 0.8833 0.8605
177 0.9415 0.4752 0.9269 0.8820 0.8609
178 0.9439 0.4525 0.9293 0.8825 0.8616
179 0.9424 0.4728 0.9280 0.8830 0.8609
180 0.9424 0.4660 0.9284 0.8841 0.8632
181 0.9392 0.4832 0.9242 0.8829 0.8625
182 0.9424 0.4772 0.9286 0.8846 0.8625
183 0.9433 0.4649 0.9303 0.8830 0.8624
184 0.9431 0.4648 0.9278 0.8833 0.8619
185 0.9437 0.4574 0.9308 0.8827 0.8620
186 0.9429 0.4489 0.9295 0.8821 0.8597
187 0.9375 0.4825 0.9226 0.8823 0.8627
188 0.9482 0.4279 0.9351 0.8825 0.8607
189 0.9448 0.4482 0.9309 0.8789 0.8589
190 0.9428 0.4558 0.9291 0.8812 0.8610
191 0.9404 0.4633 0.9274 0.8822 0.8618
192 0.9429 0.4542 0.9291 0.8815 0.8606
193 0.9392 0.4793 0.9253 0.8796 0.8569
194 0.9451 0.4402 0.9327 0.8801 0.8600
195 0.9435 0.4513 0.9292 0.8824 0.8620
196 0.9438 0.4450 0.9309 0.8802 0.8601
197 0.9447 0.4421 0.9313 0.8791 0.8592
198 0.9434 0.4617 0.9289 0.8821 0.8597
199 0.9471 0.4382 0.9342 0.8807 0.8599
