epoch train_iou train_loss train_mAP val_iou val_mAP
0 0.5777 0.1567 0.5049 0.6740 0.5904
1 0.7175 0.1412 0.6639 0.7850 0.7471
2 0.7642 0.1487 0.7171 0.7802 0.7339
3 0.7992 0.1526 0.7568 0.8148 0.7821
4 0.8219 0.1562 0.7846 0.8142 0.7815
5 0.8285 0.1597 0.7906 0.8341 0.8014
6 0.8332 0.1763 0.7956 0.8297 0.7954
7 0.8157 0.2139 0.7791 0.8224 0.7875
8 0.8127 0.2389 0.7752 0.8297 0.7928
9 0.8206 0.2622 0.7829 0.8307 0.7995
10 0.8086 0.2825 0.7702 0.8332 0.7931
11 0.8300 0.2780 0.7952 0.8410 0.8029
12 0.8426 0.2726 0.8096 0.8447 0.8165
13 0.8564 0.2630 0.8269 0.8536 0.8208
14 0.8654 0.2490 0.8346 0.8563 0.8243
15 0.8731 0.2518 0.8428 0.8600 0.8289
16 0.8749 0.2478 0.8456 0.8671 0.8362
17 0.8721 0.2775 0.8434 0.8516 0.8209
18 0.8568 0.3204 0.8266 0.8522 0.8210
19 0.8543 0.3517 0.8222 0.8406 0.8072
20 0.8496 0.3741 0.8172 0.8409 0.8134
21 0.8508 0.3839 0.8184 0.8432 0.8135
22 0.8690 0.3427 0.8393 0.8606 0.8311
23 0.8758 0.3257 0.8475 0.8666 0.8367
24 0.8930 0.2946 0.8637 0.8683 0.8390
25 0.8961 0.2889 0.8670 0.8677 0.8370
26 0.8929 0.3049 0.8643 0.8700 0.8420
27 0.8918 0.3279 0.8647 0.8749 0.8489
28 0.8827 0.3632 0.8531 0.8598 0.8299
29 0.8698 0.4323 0.8383 0.8651 0.8354
30 0.8560 0.4798 0.8244 0.8424 0.8066
31 0.8664 0.4513 0.8347 0.8566 0.8239
32 0.8860 0.4039 0.8585 0.8626 0.8338
33 0.8934 0.3699 0.8640 0.8757 0.8464
34 0.8988 0.3645 0.8726 0.8669 0.8351
35 0.9046 0.3509 0.8776 0.8698 0.8423
36 0.9021 0.3613 0.8763 0.8743 0.8478
37 0.9041 0.3683 0.8760 0.8702 0.8404
38 0.8853 0.4376 0.8577 0.8734 0.8440
39 0.8793 0.5005 0.8495 0.8649 0.8365
40 0.8739 0.5388 0.8430 0.8341 0.8094
41 0.8813 0.5082 0.8502 0.8691 0.8415
42 0.8881 0.4651 0.8599 0.8679 0.8363
43 0.9004 0.4206 0.8739 0.8728 0.8439
44 0.9056 0.4036 0.8805 0.8764 0.8500
45 0.9106 0.3817 0.8843 0.8757 0.8486
46 0.9092 0.3986 0.8813 0.8751 0.8487
47 0.9128 0.4047 0.8872 0.8726 0.8454
48 0.8949 0.5000 0.8687 0.8598 0.8275
49 0.8890 0.5441 0.8596 0.8608 0.8303
50 0.8764 0.6100 0.8465 0.8644 0.8335
51 0.8918 0.5413 0.8623 0.8649 0.8327
52 0.8988 0.5266 0.8719 0.8630 0.8359
53 0.9034 0.4936 0.8766 0.8742 0.8441
54 0.9082 0.4644 0.8830 0.8793 0.8496
55 0.9163 0.4402 0.8915 0.8794 0.8501
56 0.9119 0.4500 0.8878 0.8752 0.8476
57 0.9115 0.4759 0.8859 0.8812 0.8530
58 0.9042 0.5474 0.8798 0.8649 0.8363
59 0.8946 0.6109 0.8678 0.8652 0.8379
60 0.8882 0.6908 0.8595 0.8612 0.8372
61 0.8927 0.6368 0.8651 0.8642 0.8360
62 0.9002 0.6100 0.8729 0.8644 0.8347
63 0.9148 0.5175 0.8899 0.8748 0.8461
64 0.9163 0.4965 0.8934 0.8753 0.8486
65 0.9203 0.4808 0.8994 0.8771 0.8493
66 0.9178 0.4843 0.8934 0.8759 0.8496
67 0.9165 0.5258 0.8916 0.8813 0.8503
68 0.9011 0.6125 0.8780 0.8650 0.8384
69 0.8936 0.6902 0.8670 0.8698 0.8431
70 0.8880 0.7546 0.8613 0.8632 0.8321
71 0.8939 0.7135 0.8666 0.8701 0.8432
72 0.9078 0.6197 0.8834 0.8729 0.8455
73 0.9097 0.5987 0.8853 0.8707 0.8459
74 0.9149 0.5554 0.8919 0.8760 0.8522
75 0.9221 0.5254 0.9007 0.8797 0.8544
76 0.9211 0.5391 0.8974 0.8790 0.8539
77 0.9206 0.5487 0.8975 0.8716 0.8455
78 0.9140 0.6011 0.8903 0.8657 0.8360
79 0.9024 0.7189 0.8771 0.8663 0.8406
80 0.8929 0.8104 0.8657 0.8615 0.8371
81 0.8997 0.7354 0.8755 0.8728 0.8489
82 0.9084 0.6764 0.8842 0.8782 0.8519
83 0.9123 0.6287 0.8904 0.8843 0.8602
84 0.9224 0.5838 0.9008 0.8812 0.8565
85 0.9218 0.5779 0.9011 0.8798 0.8534
86 0.9197 0.5863 0.8982 0.8822 0.8569
87 0.9211 0.5993 0.8998 0.8792 0.8544
88 0.9078 0.6914 0.8844 0.8723 0.8447
89 0.8995 0.7977 0.8747 0.8770 0.8468
90 0.9013 0.8040 0.8756 0.8646 0.8387
91 0.8905 0.8928 0.8649 0.8724 0.8448
92 0.9062 0.7454 0.8829 0.8690 0.8401
93 0.9165 0.6811 0.8929 0.8770 0.8507
94 0.9172 0.6642 0.8950 0.8806 0.8543
95 0.9244 0.6207 0.9059 0.8794 0.8531
96 0.9207 0.6452 0.9003 0.8782 0.8533
97 0.9213 0.6487 0.9001 0.8808 0.8554
98 0.9196 0.6837 0.8984 0.8782 0.8505
99 0.9142 0.7622 0.8929 0.8678 0.8405
100 0.9175 0.7313 0.8971 0.8802 0.8531
101 0.9238 0.6511 0.9056 0.8764 0.8510
102 0.9170 0.6636 0.9002 0.8780 0.8509
103 0.9264 0.6062 0.9071 0.8822 0.8555
104 0.9279 0.5848 0.9114 0.8874 0.8609
105 0.9265 0.5757 0.9075 0.8860 0.8587
106 0.9275 0.5644 0.9106 0.8836 0.8564
107 0.9240 0.6148 0.9054 0.8858 0.8574
108 0.9231 0.6196 0.9044 0.8828 0.8554
109 0.9252 0.6108 0.9068 0.8793 0.8536
110 0.9229 0.6254 0.9015 0.8769 0.8524
111 0.9246 0.6255 0.9068 0.8750 0.8451
112 0.9275 0.6063 0.9087 0.8814 0.8535
113 0.9274 0.5804 0.9095 0.8807 0.8546
114 0.9327 0.5546 0.9158 0.8862 0.8591
115 0.9328 0.5370 0.9159 0.8844 0.8589
116 0.9313 0.5518 0.9145 0.8802 0.8540
117 0.9271 0.5752 0.9093 0.8830 0.8564
118 0.9307 0.5634 0.9134 0.8780 0.8518
119 0.9289 0.5714 0.9115 0.8733 0.8460
120 0.9243 0.6554 0.9056 0.8762 0.8490
121 0.9182 0.6571 0.9000 0.8804 0.8560
122 0.9237 0.6344 0.9054 0.8810 0.8584
123 0.9245 0.6002 0.9064 0.8872 0.8616
124 0.9279 0.5750 0.9105 0.8778 0.8515
125 0.9302 0.5624 0.9129 0.8784 0.8525
126 0.9292 0.5575 0.9119 0.8824 0.8554
127 0.9317 0.5571 0.9155 0.8802 0.8540
128 0.9324 0.5371 0.9159 0.8797 0.8550
129 0.9333 0.5763 0.9181 0.8805 0.8556
130 0.9261 0.5996 0.9087 0.8731 0.8485
131 0.9310 0.5797 0.9137 0.8758 0.8507
132 0.9300 0.5694 0.9131 0.8788 0.8554
133 0.9315 0.5427 0.9150 0.8825 0.8591
134 0.9336 0.5334 0.9182 0.8854 0.8599
135 0.9360 0.5115 0.9204 0.8827 0.8562
136 0.9361 0.5101 0.9197 0.8818 0.8572
137 0.9357 0.5031 0.9212 0.8804 0.8556
138 0.9360 0.5308 0.9212 0.8828 0.8569
139 0.9278 0.5820 0.9133 0.8803 0.8519
140 0.9251 0.6204 0.9079 0.8657 0.8442
141 0.9304 0.5633 0.9154 0.8726 0.8461
142 0.9288 0.5851 0.9140 0.8715 0.8480
143 0.9315 0.5545 0.9164 0.8812 0.8551
144 0.9342 0.5079 0.9204 0.8854 0.8594
145 0.9358 0.5018 0.9214 0.8836 0.8589
146 0.9371 0.5149 0.9237 0.8789 0.8527
147 0.9369 0.5218 0.9228 0.8810 0.8546
148 0.9336 0.5421 0.9173 0.8851 0.8610
149 0.9279 0.5582 0.9122 0.8785 0.8541
150 0.9273 0.5925 0.9119 0.8717 0.8462
151 0.9304 0.5775 0.9158 0.8807 0.8554
152 0.9327 0.5364 0.9163 0.8708 0.8446
153 0.9324 0.5245 0.9172 0.8778 0.8514
154 0.9397 0.4782 0.9265 0.8774 0.8520
155 0.9354 0.5152 0.9202 0.8784 0.8541
156 0.9365 0.4983 0.9212 0.8705 0.8431
157 0.9382 0.5078 0.9239 0.8846 0.8600
158 0.9378 0.5133 0.9224 0.8839 0.8559
159 0.9277 0.5568 0.9125 0.8740 0.8506
160 0.9309 0.5349 0.9162 0.8831 0.8575
161 0.9361 0.5067 0.9224 0.8858 0.8614
162 0.9379 0.4893 0.9228 0.8872 0.8626
163 0.9409 0.4830 0.9278 0.8873 0.8630
164 0.9393 0.4634 0.9271 0.8870 0.8624
165 0.9386 0.4700 0.9251 0.8875 0.8632
166 0.9418 0.4486 0.9296 0.8877 0.8639
167 0.9402 0.4706 0.9256 0.8862 0.8629
168 0.9392 0.4870 0.9263 0.8852 0.8610
169 0.9414 0.4677 0.9275 0.8887 0.8646
170 0.9403 0.4627 0.9262 0.8859 0.8616
171 0.9434 0.4455 0.9302 0.8888 0.8651
172 0.9404 0.4548 0.9293 0.8887 0.8650
173 0.9397 0.4668 0.9258 0.8899 0.8644
174 0.9424 0.4469 0.9294 0.8879 0.8640
175 0.9398 0.4604 0.9273 0.8878 0.8631
176 0.9400 0.4508 0.9274 0.8871 0.8634
177 0.9386 0.4607 0.9243 0.8882 0.8639
178 0.9447 0.4303 0.9325 0.8854 0.8607
179 0.9441 0.4427 0.9324 0.8861 0.8621
180 0.9424 0.4410 0.9304 0.8869 0.8621
181 0.9408 0.4489 0.9276 0.8867 0.8622
182 0.9430 0.4228 0.9323 0.8834 0.8591
183 0.9395 0.4492 0.9261 0.8846 0.8606
184 0.9436 0.4417 0.9322 0.8865 0.8630
185 0.9431 0.4328 0.9306 0.8835 0.8595
186 0.9443 0.4334 0.9332 0.8874 0.8622
187 0.9452 0.4383 0.9343 0.8887 0.8635
188 0.9407 0.4428 0.9283 0.8874 0.8617
189 0.9401 0.4435 0.9277 0.8880 0.8626
190 0.9426 0.4419 0.9312 0.8889 0.8648
191 0.9430 0.4370 0.9314 0.8866 0.8611
192 0.9422 0.4481 0.9303 0.8865 0.8619
193 0.9385 0.4517 0.9269 0.8861 0.8617
194 0.9424 0.4262 0.9311 0.8857 0.8626
195 0.9427 0.4305 0.9316 0.8864 0.8623
196 0.9435 0.4271 0.9325 0.8881 0.8640
197 0.9419 0.4294 0.9302 0.8884 0.8641
198 0.9445 0.4333 0.9327 0.8839 0.8596
199 0.9442 0.4235 0.9337 0.8830 0.8587
