epoch train_iou train_loss train_mAP val_iou val_mAP
0 0.5491 0.1608 0.4708 0.6946 0.6419
1 0.6866 0.1498 0.6245 0.7438 0.6907
2 0.7398 0.1621 0.6873 0.7641 0.7244
3 0.7840 0.1623 0.7356 0.7528 0.6969
4 0.7863 0.1671 0.7387 0.8025 0.7601
5 0.7993 0.1781 0.7535 0.8038 0.7632
6 0.8010 0.2039 0.7573 0.8012 0.7596
7 0.7955 0.2245 0.7502 0.7925 0.7493
8 0.7918 0.2555 0.7461 0.8090 0.7626
9 0.7920 0.2933 0.7393 0.8076 0.7697
10 0.7959 0.3011 0.7504 0.8091 0.7715
11 0.8216 0.2803 0.7818 0.8205 0.7824
12 0.8350 0.2770 0.7960 0.8318 0.7926
13 0.8519 0.2632 0.8159 0.8363 0.7997
14 0.8583 0.2633 0.8247 0.8431 0.8084
15 0.8636 0.2646 0.8281 0.8428 0.8075
16 0.8675 0.2736 0.8348 0.8385 0.8044
17 0.8558 0.3018 0.8229 0.8376 0.8044
18 0.8495 0.3374 0.8119 0.8379 0.8025
19 0.8416 0.3731 0.8068 0.8292 0.7956
20 0.8495 0.3716 0.8144 0.8199 0.7746
21 0.8438 0.3882 0.8091 0.8488 0.8112
22 0.8543 0.3780 0.8217 0.8312 0.8007
23 0.8747 0.3338 0.8433 0.8524 0.8209
24 0.8739 0.3516 0.8463 0.8564 0.8238
25 0.8874 0.3294 0.8586 0.8547 0.8241
26 0.8814 0.3535 0.8529 0.8603 0.8259
27 0.8822 0.3612 0.8584 0.8502 0.8104
28 0.8695 0.4121 0.8390 0.8515 0.8167
29 0.8576 0.4552 0.8277 0.8445 0.8087
30 0.8675 0.4751 0.8330 0.8340 0.7971
31 0.8719 0.4504 0.8415 0.8577 0.8235
32 0.8797 0.4340 0.8519 0.8553 0.8195
33 0.8862 0.4031 0.8584 0.8609 0.8304
34 0.8931 0.3847 0.8659 0.8588 0.8285
35 0.8914 0.3977 0.8649 0.8627 0.8335
36 0.8983 0.3864 0.8723 0.8626 0.8335
37 0.8877 0.4421 0.8618 0.8614 0.8295
38 0.8875 0.4490 0.8602 0.8444 0.8039
39 0.8785 0.5089 0.8549 0.8568 0.8276
40 0.8726 0.5434 0.8436 0.8567 0.8234
41 0.8897 0.5073 0.8656 0.8555 0.8268
42 0.8918 0.4741 0.8670 0.8613 0.8294
43 0.8908 0.4759 0.8628 0.8640 0.8339
44 0.9019 0.4254 0.8773 0.8712 0.8438
45 0.8986 0.4462 0.8754 0.8741 0.8470
46 0.9072 0.4306 0.8835 0.8762 0.8472
47 0.9032 0.4462 0.8815 0.8718 0.8427
48 0.8930 0.5165 0.8673 0.8659 0.8350
49 0.8904 0.5446 0.8608 0.8658 0.8364
50 0.8826 0.5998 0.8552 0.8641 0.8315
51 0.8845 0.6045 0.8576 0.8681 0.8373
52 0.8948 0.5391 0.8682 0.8633 0.8352
53 0.9079 0.4939 0.8831 0.8724 0.8460
54 0.9029 0.5165 0.8787 0.8781 0.8516
55 0.9112 0.4851 0.8912 0.8767 0.8505
56 0.9088 0.5022 0.8872 0.8743 0.8460
57 0.9076 0.5218 0.8844 0.8792 0.8499
58 0.9048 0.5599 0.8811 0.8737 0.8460
59 0.8923 0.6256 0.8654 0.8660 0.8394
60 0.8944 0.6290 0.8685 0.8598 0.8326
61 0.8997 0.6235 0.8757 0.8747 0.8461
62 0.9026 0.5982 0.8773 0.8730 0.8465
63 0.9052 0.5826 0.8794 0.8763 0.8486
64 0.9163 0.5052 0.8938 0.8767 0.8484
65 0.9101 0.5561 0.8868 0.8761 0.8495
66 0.9121 0.5582 0.8874 0.8797 0.8531
67 0.9110 0.5504 0.8885 0.8808 0.8506
68 0.9158 0.5581 0.8935 0.8707 0.8466
69 0.8997 0.6767 0.8754 0.8703 0.8414
70 0.9048 0.6601 0.8817 0.8680 0.8409
71 0.8944 0.7091 0.8683 0.8686 0.8394
72 0.9049 0.6713 0.8813 0.8731 0.8436
73 0.9029 0.6637 0.8802 0.8761 0.8495
74 0.9152 0.5837 0.8938 0.8775 0.8511
75 0.9144 0.5800 0.8941 0.8764 0.8505
76 0.9205 0.5621 0.9007 0.8809 0.8535
77 0.9161 0.5959 0.8966 0.8836 0.8539
78 0.9121 0.6415 0.8901 0.8729 0.8470
79 0.9077 0.6927 0.8855 0.8721 0.8380
80 0.8966 0.7875 0.8718 0.8630 0.8377
81 0.8976 0.7891 0.8742 0.8702 0.8475
82 0.9094 0.7192 0.8877 0.8712 0.8440
83 0.9194 0.6287 0.8973 0.8719 0.8464
84 0.9226 0.6038 0.9027 0.8761 0.8515
85 0.9231 0.6306 0.9030 0.8776 0.8544
86 0.9147 0.6698 0.8897 0.8781 0.8511
87 0.9158 0.6594 0.8969 0.8807 0.8509
88 0.9167 0.6849 0.8950 0.8737 0.8490
89 0.9088 0.7539 0.8842 0.8696 0.8397
90 0.8984 0.8536 0.8725 0.8666 0.8413
91 0.9119 0.7865 0.8882 0.8827 0.8557
92 0.9170 0.7349 0.8967 0.8714 0.8422
93 0.9115 0.7577 0.8882 0.8851 0.8585
94 0.9223 0.6712 0.9032 0.8830 0.8570
95 0.9249 0.6351 0.9075 0.8830 0.8565
96 0.9220 0.6793 0.9030 0.8840 0.8566
97 0.9196 0.7169 0.8986 0.8816 0.8580
98 0.9187 0.7313 0.8960 0.8858 0.8616
99 0.9102 0.8121 0.8875 0.8828 0.8560
100 0.9176 0.7622 0.8981 0.8858 0.8618
101 0.9203 0.7212 0.9000 0.8835 0.8624
102 0.9193 0.7231 0.8999 0.8785 0.8549
103 0.9240 0.6935 0.9023 0.8865 0.8631
104 0.9236 0.6621 0.9028 0.8858 0.8639
105 0.9289 0.6467 0.9114 0.8846 0.8637
106 0.9270 0.6439 0.9084 0.8841 0.8625
107 0.9272 0.6451 0.9096 0.8851 0.8601
108 0.9263 0.6137 0.9073 0.8881 0.8634
109 0.9216 0.7105 0.9011 0.8855 0.8642
110 0.9304 0.6412 0.9151 0.8847 0.8592
111 0.9200 0.7209 0.8992 0.8816 0.8548
112 0.9257 0.6684 0.9066 0.8871 0.8649
113 0.9295 0.6199 0.9108 0.8855 0.8621
114 0.9287 0.6354 0.9098 0.8837 0.8585
115 0.9296 0.6235 0.9105 0.8859 0.8606
116 0.9299 0.6087 0.9108 0.8837 0.8606
117 0.9291 0.6226 0.9112 0.8849 0.8596
118 0.9321 0.6016 0.9123 0.8837 0.8579
119 0.9278 0.6338 0.9092 0.8862 0.8604
120 0.9280 0.6539 0.9101 0.8864 0.8644
121 0.9246 0.6717 0.9054 0.8868 0.8636
122 0.9311 0.6216 0.9141 0.8838 0.8587
123 0.9276 0.6429 0.9077 0.8877 0.8641
124 0.9367 0.5656 0.9182 0.8891 0.8667
125 0.9363 0.5712 0.9178 0.8899 0.8657
126 0.9302 0.6106 0.9110 0.8868 0.8630
127 0.9318 0.6071 0.9132 0.8855 0.8622
128 0.9317 0.6107 0.9125 0.8818 0.8559
129 0.9272 0.6426 0.9082 0.8816 0.8589
130 0.9235 0.6909 0.9049 0.8841 0.8568
131 0.9306 0.6457 0.9125 0.8880 0.8634
132 0.9351 0.5848 0.9217 0.8908 0.8651
133 0.9295 0.6181 0.9118 0.8907 0.8652
134 0.9379 0.5733 0.9212 0.8853 0.8619
135 0.9306 0.6000 0.9136 0.8880 0.8640
136 0.9309 0.5926 0.9132 0.8913 0.8685
137 0.9298 0.5941 0.9126 0.8880 0.8631
138 0.9276 0.6302 0.9082 0.8887 0.8656
139 0.9301 0.6299 0.9101 0.8875 0.8641
140 0.9262 0.6114 0.9083 0.8872 0.8609
141 0.9320 0.6248 0.9137 0.8821 0.8587
142 0.9325 0.5868 0.9131 0.8841 0.8607
143 0.9328 0.5943 0.9172 0.8848 0.8618
144 0.9303 0.6165 0.9109 0.8892 0.8660
145 0.9361 0.5881 0.9204 0.8851 0.8627
146 0.9341 0.5721 0.9185 0.8889 0.8656
147 0.9355 0.5882 0.9181 0.8860 0.8646
148 0.9370 0.5840 0.9223 0.8821 0.8528
149 0.9303 0.6062 0.9132 0.8838 0.8595
150 0.9282 0.6597 0.9112 0.8825 0.8585
151 0.9347 0.5871 0.9170 0.8854 0.8581
152 0.9360 0.5616 0.9189 0.8845 0.8602
153 0.9342 0.5833 0.9170 0.8890 0.8644
154 0.9413 0.5211 0.9263 0.8879 0.8641
155 0.9324 0.5837 0.9151 0.8868 0.8644
156 0.9391 0.5171 0.9243 0.8880 0.8636
157 0.9310 0.6174 0.9135 0.8850 0.8611
158 0.9333 0.5748 0.9155 0.8884 0.8654
159 0.9384 0.5536 0.9225 0.8910 0.8672
160 0.9351 0.5657 0.9185 0.8905 0.8669
161 0.9418 0.5042 0.9266 0.8879 0.8650
162 0.9326 0.5641 0.9154 0.8893 0.8660
163 0.9373 0.5379 0.9228 0.8874 0.8649
164 0.9350 0.5735 0.9181 0.8874 0.8641
165 0.9421 0.4968 0.9278 0.8884 0.8658
166 0.9344 0.5673 0.9174 0.8892 0.8659
167 0.9388 0.5237 0.9244 0.8889 0.8651
168 0.9385 0.5343 0.9222 0.8914 0.8695
169 0.9383 0.5329 0.9212 0.8921 0.8696
170 0.9367 0.5447 0.9195 0.8909 0.8665
171 0.9394 0.5280 0.9244 0.8888 0.8668
172 0.9368 0.5260 0.9208 0.8914 0.8685
173 0.9377 0.5336 0.9219 0.8921 0.8694
174 0.9408 0.5035 0.9267 0.8908 0.8682
175 0.9411 0.5025 0.9258 0.8907 0.8691
176 0.9336 0.5545 0.9170 0.8922 0.8704
177 0.9414 0.5071 0.9260 0.8919 0.8690
178 0.9399 0.5140 0.9262 0.8934 0.8695
179 0.9403 0.4948 0.9243 0.8909 0.8677
180 0.9360 0.5546 0.9183 0.8896 0.8662
181 0.9430 0.4849 0.9280 0.8875 0.8641
182 0.9407 0.5034 0.9266 0.8905 0.8686
183 0.9422 0.5003 0.9282 0.8882 0.8662
184 0.9451 0.4746 0.9316 0.8901 0.8674
185 0.9414 0.4819 0.9280 0.8882 0.8661
186 0.9427 0.4802 0.9285 0.8920 0.8690
187 0.9410 0.4998 0.9277 0.8887 0.8656
188 0.9351 0.5281 0.9186 0.8913 0.8690
189 0.9431 0.4919 0.9291 0.8910 0.8682
190 0.9436 0.4964 0.9292 0.8885 0.8657
191 0.9396 0.5008 0.9257 0.8905 0.8662
192 0.9429 0.4954 0.9288 0.8912 0.8665
193 0.9451 0.4820 0.9301 0.8902 0.8665
194 0.9378 0.5227 0.9216 0.8920 0.8682
195 0.9408 0.5205 0.9252 0.8913 0.8684
196 0.9444 0.4794 0.9312 0.8918 0.8685
197 0.9373 0.5227 0.9215 0.8847 0.8616
198 0.9441 0.4810 0.9310 0.8905 0.8659
199 0.9427 0.4990 0.9261 0.8886 0.8644
