epoch train_iou train_loss train_mAP val_iou val_mAP
0 0.5852 0.1633 0.5154 0.6713 0.6191
1 0.6983 0.1512 0.6422 0.7159 0.6625
2 0.7445 0.1546 0.6931 0.7639 0.7144
3 0.7739 0.1671 0.7299 0.7824 0.7342
4 0.8208 0.1519 0.7804 0.8016 0.7621
5 0.8132 0.1727 0.7727 0.8089 0.7760
6 0.8303 0.1783 0.7925 0.8210 0.7854
7 0.8025 0.2243 0.7614 0.7963 0.7510
8 0.7891 0.2693 0.7473 0.7718 0.7225
9 0.7975 0.2780 0.7551 0.7887 0.7394
10 0.7961 0.3043 0.7561 0.8103 0.7766
11 0.8226 0.2953 0.7828 0.8215 0.7872
12 0.8198 0.2972 0.7852 0.8197 0.7882
13 0.8448 0.2742 0.8084 0.8269 0.8012
14 0.8608 0.2726 0.8307 0.8463 0.8177
15 0.8717 0.2554 0.8409 0.8449 0.8180
16 0.8670 0.2733 0.8380 0.8447 0.8146
17 0.8489 0.3273 0.8199 0.8435 0.8150
18 0.8513 0.3372 0.8224 0.8338 0.8084
19 0.8466 0.3774 0.8163 0.8103 0.7814
20 0.8430 0.4035 0.8121 0.7701 0.7200
21 0.8363 0.4145 0.7973 0.8367 0.8032
22 0.8561 0.3796 0.8250 0.8341 0.8049
23 0.8767 0.3433 0.8493 0.8569 0.8271
24 0.8846 0.3249 0.8567 0.8558 0.8311
25 0.8836 0.3283 0.8557 0.8612 0.8355
26 0.8878 0.3370 0.8624 0.8580 0.8316
27 0.8795 0.3756 0.8537 0.8598 0.8332
28 0.8685 0.4196 0.8405 0.8559 0.8257
29 0.8616 0.4631 0.8326 0.8393 0.8109
30 0.8553 0.4903 0.8288 0.8281 0.8026
31 0.8583 0.4982 0.8283 0.8495 0.8250
32 0.8768 0.4462 0.8495 0.8536 0.8267
33 0.8809 0.4371 0.8545 0.8598 0.8318
34 0.8961 0.3962 0.8697 0.8640 0.8395
35 0.8911 0.4020 0.8654 0.8655 0.8411
36 0.8911 0.4217 0.8639 0.8654 0.8403
37 0.8967 0.4155 0.8757 0.8670 0.8450
38 0.8839 0.4637 0.8587 0.8629 0.8316
39 0.8650 0.6060 0.8350 0.8597 0.8361
40 0.8620 0.5925 0.8324 0.8350 0.8125
41 0.8830 0.5285 0.8567 0.8543 0.8241
42 0.8848 0.5190 0.8590 0.8558 0.8294
43 0.8879 0.5025 0.8644 0.8675 0.8402
44 0.8964 0.4746 0.8713 0.8677 0.8482
45 0.9014 0.4479 0.8760 0.8686 0.8485
46 0.9004 0.4651 0.8762 0.8702 0.8471
47 0.8953 0.5236 0.8686 0.8709 0.8465
48 0.8909 0.5497 0.8644 0.8705 0.8460
49 0.8858 0.5879 0.8604 0.8535 0.8318
50 0.8832 0.6550 0.8592 0.7525 0.7245
51 0.8767 0.6635 0.8491 0.8583 0.8360
52 0.8935 0.5803 0.8722 0.8666 0.8435
53 0.9029 0.5467 0.8829 0.8695 0.8466
54 0.9050 0.5292 0.8823 0.8699 0.8490
55 0.9086 0.5198 0.8854 0.8715 0.8507
56 0.9034 0.5368 0.8793 0.8711 0.8484
57 0.9103 0.5201 0.8917 0.8692 0.8452
58 0.9009 0.5777 0.8778 0.8588 0.8351
59 0.8924 0.6737 0.8695 0.8630 0.8410
60 0.8760 0.7517 0.8483 0.8577 0.8324
61 0.8895 0.6857 0.8662 0.8736 0.8512
62 0.8962 0.6478 0.8710 0.8637 0.8410
63 0.9083 0.5843 0.8856 0.8687 0.8489
64 0.9097 0.5857 0.8889 0.8752 0.8519
65 0.9151 0.5528 0.8920 0.8777 0.8550
66 0.9068 0.6040 0.8839 0.8773 0.8536
67 0.9013 0.6405 0.8774 0.8723 0.8506
68 0.9146 0.5920 0.8934 0.8721 0.8459
69 0.8964 0.7066 0.8725 0.8690 0.8454
70 0.8879 0.7747 0.8627 0.8608 0.8379
71 0.8915 0.7636 0.8647 0.8678 0.8430
72 0.9069 0.6384 0.8850 0.8719 0.8450
73 0.9082 0.6668 0.8868 0.8774 0.8544
74 0.9140 0.6211 0.8936 0.8786 0.8565
75 0.9176 0.6020 0.8965 0.8791 0.8561
76 0.9189 0.5918 0.8997 0.8720 0.8511
77 0.9157 0.6367 0.8997 0.8787 0.8531
78 0.9056 0.6962 0.8804 0.8697 0.8471
79 0.8987 0.8037 0.8757 0.8593 0.8360
80 0.8807 0.9510 0.8555 0.8492 0.8237
81 0.8956 0.8446 0.8688 0.8660 0.8469
82 0.9062 0.7570 0.8865 0.8730 0.8497
83 0.9111 0.6951 0.8894 0.8767 0.8524
84 0.9170 0.6698 0.8939 0.8791 0.8556
85 0.9181 0.6714 0.8982 0.8800 0.8576
86 0.9170 0.6488 0.8975 0.8778 0.8541
87 0.9173 0.6916 0.8960 0.8805 0.8600
88 0.9053 0.7897 0.8845 0.8703 0.8500
89 0.8977 0.8652 0.8745 0.8659 0.8462
90 0.9019 0.8887 0.8793 0.8645 0.8375
91 0.9057 0.8493 0.8811 0.8721 0.8506
92 0.9108 0.7711 0.8910 0.8761 0.8543
93 0.9093 0.7631 0.8882 0.8776 0.8531
94 0.9164 0.7375 0.8959 0.8800 0.8604
95 0.9217 0.6982 0.9052 0.8818 0.8607
96 0.9301 0.6401 0.9101 0.8810 0.8614
97 0.9145 0.7686 0.8928 0.8783 0.8544
98 0.9131 0.8169 0.8914 0.8766 0.8579
99 0.9107 0.8334 0.8898 0.8716 0.8510
100 0.9082 0.8415 0.8868 0.8814 0.8602
101 0.9224 0.7413 0.9025 0.8778 0.8585
102 0.9198 0.7568 0.9003 0.8825 0.8631
103 0.9287 0.6722 0.9129 0.8819 0.8615
104 0.9344 0.6175 0.9177 0.8856 0.8670
105 0.9245 0.6723 0.9077 0.8885 0.8693
106 0.9285 0.6449 0.9113 0.8860 0.8674
107 0.9262 0.6665 0.9082 0.8859 0.8657
108 0.9250 0.6583 0.9062 0.8844 0.8645
109 0.9196 0.7233 0.9022 0.8828 0.8616
110 0.9131 0.7716 0.8912 0.8853 0.8644
111 0.9179 0.7418 0.8982 0.8824 0.8620
112 0.9196 0.7378 0.8993 0.8852 0.8652
113 0.9232 0.6910 0.9025 0.8811 0.8610
114 0.9320 0.6280 0.9128 0.8870 0.8669
115 0.9300 0.6460 0.9142 0.8885 0.8685
116 0.9228 0.6921 0.9024 0.8842 0.8637
117 0.9283 0.6535 0.9103 0.8795 0.8610
118 0.9238 0.6745 0.9042 0.8856 0.8641
119 0.9226 0.7163 0.9055 0.8833 0.8621
120 0.9200 0.7396 0.9016 0.8767 0.8570
121 0.9230 0.7075 0.9037 0.8726 0.8550
122 0.9199 0.7432 0.8982 0.8760 0.8574
123 0.9329 0.6175 0.9169 0.8803 0.8609
124 0.9310 0.6241 0.9124 0.8808 0.8635
125 0.9309 0.6163 0.9147 0.8821 0.8640
126 0.9365 0.5959 0.9218 0.8850 0.8671
127 0.9311 0.6341 0.9158 0.8764 0.8605
128 0.9296 0.6291 0.9124 0.8852 0.8670
129 0.9285 0.6488 0.9099 0.8846 0.8641
130 0.9267 0.6892 0.9085 0.8798 0.8594
131 0.9220 0.7446 0.9027 0.8819 0.8620
132 0.9303 0.6490 0.9122 0.8831 0.8636
133 0.9251 0.6611 0.9059 0.8840 0.8674
134 0.9286 0.6546 0.9103 0.8853 0.8685
135 0.9298 0.6110 0.9114 0.8852 0.8687
136 0.9388 0.5595 0.9224 0.8862 0.8666
137 0.9348 0.5865 0.9176 0.8837 0.8657
138 0.9352 0.6126 0.9181 0.8829 0.8649
139 0.9300 0.6569 0.9113 0.8811 0.8630
140 0.9259 0.6796 0.9080 0.8810 0.8591
141 0.9160 0.7529 0.8951 0.8803 0.8606
142 0.9268 0.6621 0.9098 0.8833 0.8667
143 0.9310 0.6249 0.9142 0.8890 0.8685
144 0.9315 0.6019 0.9153 0.8868 0.8705
145 0.9387 0.5579 0.9223 0.8884 0.8719
146 0.9356 0.5743 0.9194 0.8889 0.8709
147 0.9341 0.5943 0.9163 0.8858 0.8681
148 0.9320 0.6160 0.9145 0.8856 0.8657
149 0.9292 0.6206 0.9137 0.8857 0.8681
150 0.9182 0.7292 0.8991 0.8830 0.8630
151 0.9244 0.6824 0.9064 0.8788 0.8624
152 0.9293 0.6339 0.9120 0.8884 0.8716
153 0.9310 0.6227 0.9152 0.8818 0.8640
154 0.9373 0.5571 0.9235 0.8846 0.8675
155 0.9383 0.5444 0.9249 0.8862 0.8675
156 0.9314 0.5975 0.9158 0.8885 0.8702
157 0.9374 0.5797 0.9212 0.8911 0.8741
158 0.9340 0.5977 0.9195 0.8878 0.8666
159 0.9303 0.6187 0.9133 0.8850 0.8662
160 0.9336 0.5899 0.9178 0.8900 0.8727
161 0.9347 0.5722 0.9214 0.8927 0.8754
162 0.9342 0.5710 0.9193 0.8889 0.8712
163 0.9316 0.5732 0.9167 0.8915 0.8739
164 0.9367 0.5606 0.9232 0.8900 0.8730
165 0.9388 0.5472 0.9245 0.8903 0.8737
166 0.9361 0.5802 0.9220 0.8907 0.8740
167 0.9356 0.5523 0.9224 0.8914 0.8735
168 0.9377 0.5401 0.9233 0.8892 0.8720
169 0.9319 0.5936 0.9164 0.8921 0.8740
170 0.9349 0.5753 0.9182 0.8902 0.8736
171 0.9405 0.5426 0.9272 0.8899 0.8726
172 0.9304 0.5785 0.9119 0.8933 0.8764
173 0.9354 0.5502 0.9198 0.8915 0.8750
174 0.9382 0.5505 0.9221 0.8938 0.8766
175 0.9393 0.5258 0.9240 0.8922 0.8759
176 0.9358 0.5415 0.9226 0.8910 0.8741
177 0.9412 0.5165 0.9263 0.8913 0.8745
178 0.9345 0.5624 0.9200 0.8913 0.8755
179 0.9405 0.5446 0.9286 0.8918 0.8759
180 0.9345 0.5890 0.9202 0.8923 0.8739
181 0.9394 0.5675 0.9246 0.8910 0.8732
182 0.9386 0.5536 0.9240 0.8903 0.8744
183 0.9368 0.5535 0.9226 0.8920 0.8737
184 0.9429 0.5143 0.9296 0.8903 0.8737
185 0.9386 0.5307 0.9237 0.8903 0.8724
186 0.9354 0.5644 0.9203 0.8892 0.8725
187 0.9380 0.5332 0.9217 0.8902 0.8731
188 0.9396 0.5312 0.9249 0.8906 0.8727
189 0.9409 0.5301 0.9260 0.8895 0.8727
190 0.9415 0.5136 0.9272 0.8890 0.8711
191 0.9407 0.5318 0.9267 0.8888 0.8705
192 0.9366 0.5640 0.9218 0.8892 0.8700
193 0.9396 0.5406 0.9253 0.8904 0.8719
194 0.9420 0.5125 0.9273 0.8916 0.8746
195 0.9410 0.5344 0.9280 0.8898 0.8720
196 0.9445 0.4917 0.9322 0.8913 0.8731
197 0.9414 0.5113 0.9275 0.8939 0.8772
198 0.9438 0.5041 0.9286 0.8970 0.8789
199 0.9447 0.4817 0.9304 0.8941 0.8757
