epoch train_iou train_loss train_mAP val_iou val_mAP
0 0.5565 0.1584 0.4825 0.6816 0.6325
1 0.7217 0.1380 0.6697 0.7532 0.7073
2 0.7660 0.1466 0.7206 0.7952 0.7541
3 0.7973 0.1527 0.7554 0.8117 0.7843
4 0.8208 0.1512 0.7836 0.8174 0.7865
5 0.8331 0.1537 0.7962 0.8194 0.7892
6 0.8316 0.1728 0.7960 0.8156 0.7816
7 0.8281 0.2002 0.7898 0.8213 0.7895
8 0.8205 0.2287 0.7873 0.8199 0.7881
9 0.8221 0.2426 0.7839 0.8148 0.7839
10 0.8096 0.2901 0.7691 0.7858 0.7465
11 0.8328 0.2637 0.7988 0.8144 0.7719
12 0.8496 0.2544 0.8166 0.7977 0.7629
13 0.8622 0.2514 0.8287 0.8343 0.8043
14 0.8718 0.2321 0.8406 0.8519 0.8235
15 0.8793 0.2264 0.8493 0.8527 0.8249
16 0.8846 0.2316 0.8550 0.8536 0.8248
17 0.8768 0.2636 0.8444 0.8384 0.8071
18 0.8689 0.2924 0.8376 0.8402 0.8087
19 0.8482 0.3386 0.8162 0.8412 0.8135
20 0.8486 0.3762 0.8156 0.8105 0.7820
21 0.8661 0.3451 0.8333 0.8545 0.8248
22 0.8714 0.3267 0.8416 0.8497 0.8236
23 0.8891 0.3103 0.8606 0.8461 0.8179
24 0.8934 0.2825 0.8658 0.8541 0.8270
25 0.8998 0.2753 0.8708 0.8549 0.8296
26 0.8951 0.2868 0.8664 0.8594 0.8320
27 0.8965 0.2999 0.8682 0.8553 0.8252
28 0.8860 0.3572 0.8564 0.8513 0.8254
29 0.8797 0.3924 0.8510 0.8336 0.7985
30 0.8737 0.4405 0.8427 0.8415 0.8173
31 0.8767 0.4216 0.8445 0.8546 0.8276
32 0.8922 0.3893 0.8649 0.8629 0.8353
33 0.9032 0.3346 0.8766 0.8634 0.8351
34 0.9054 0.3395 0.8783 0.8653 0.8380
35 0.9106 0.3151 0.8836 0.8643 0.8365
36 0.9150 0.3147 0.8909 0.8640 0.8351
37 0.9114 0.3397 0.8854 0.8675 0.8363
38 0.9036 0.3863 0.8776 0.8501 0.8240
39 0.8869 0.4550 0.8571 0.8485 0.8219
40 0.8728 0.5362 0.8432 0.8538 0.8235
41 0.8815 0.4983 0.8508 0.8536 0.8265
42 0.8982 0.4387 0.8715 0.8625 0.8341
43 0.9089 0.4050 0.8827 0.8651 0.8348
44 0.9201 0.3556 0.8961 0.8683 0.8404
45 0.9154 0.3771 0.8892 0.8690 0.8407
46 0.9219 0.3579 0.8978 0.8707 0.8437
47 0.9166 0.4015 0.8912 0.8605 0.8340
48 0.9082 0.4465 0.8827 0.8529 0.8223
49 0.8991 0.5022 0.8699 0.8499 0.8236
50 0.8923 0.5520 0.8614 0.8475 0.8184
51 0.8958 0.5257 0.8682 0.8582 0.8338
52 0.9105 0.4850 0.8838 0.8580 0.8312
53 0.9143 0.4457 0.8892 0.8622 0.8368
54 0.9222 0.4121 0.8987 0.8623 0.8350
55 0.9191 0.4105 0.8940 0.8641 0.8384
56 0.9272 0.3875 0.9028 0.8691 0.8449
57 0.9227 0.4285 0.8999 0.8599 0.8329
58 0.9123 0.4973 0.8888 0.8587 0.8340
59 0.9042 0.5417 0.8778 0.8476 0.8239
60 0.8863 0.6876 0.8572 0.8411 0.8146
61 0.9004 0.6108 0.8745 0.8655 0.8413
62 0.9104 0.5457 0.8853 0.8641 0.8413
63 0.9174 0.4813 0.8932 0.8679 0.8435
64 0.9232 0.4488 0.8980 0.8685 0.8456
65 0.9235 0.4460 0.9003 0.8701 0.8480
66 0.9257 0.4491 0.9036 0.8701 0.8466
67 0.9242 0.4734 0.9017 0.8673 0.8459
68 0.9195 0.4824 0.8972 0.8633 0.8379
69 0.9063 0.6086 0.8814 0.8633 0.8341
70 0.8981 0.7301 0.8698 0.8589 0.8371
71 0.9080 0.6292 0.8835 0.8587 0.8344
72 0.9122 0.5832 0.8873 0.8675 0.8431
73 0.9209 0.5320 0.8990 0.8711 0.8456
74 0.9270 0.4957 0.9054 0.8678 0.8427
75 0.9271 0.4881 0.9056 0.8687 0.8436
76 0.9252 0.4982 0.9038 0.8675 0.8429
77 0.9284 0.4879 0.9069 0.8689 0.8451
78 0.9197 0.5822 0.8972 0.8538 0.8304
79 0.9140 0.6278 0.8900 0.8498 0.8216
80 0.9045 0.7273 0.8786 0.8625 0.8313
81 0.9109 0.6729 0.8867 0.8579 0.8331
82 0.9185 0.6159 0.8948 0.8660 0.8386
83 0.9223 0.5875 0.9012 0.8749 0.8478
84 0.9264 0.5449 0.9047 0.8721 0.8462
85 0.9259 0.5393 0.9052 0.8737 0.8479
86 0.9283 0.5333 0.9088 0.8699 0.8461
87 0.9268 0.5504 0.9054 0.8659 0.8424
88 0.9212 0.6266 0.8992 0.8601 0.8338
89 0.9123 0.7260 0.8879 0.8656 0.8404
90 0.9012 0.8534 0.8728 0.8458 0.8194
91 0.9088 0.8013 0.8845 0.8669 0.8408
92 0.9147 0.6939 0.8911 0.8710 0.8451
93 0.9185 0.6315 0.8965 0.8678 0.8450
94 0.9263 0.5944 0.9072 0.8705 0.8434
95 0.9306 0.5704 0.9089 0.8711 0.8444
96 0.9300 0.5595 0.9111 0.8718 0.8479
97 0.9259 0.6015 0.9067 0.8712 0.8453
98 0.9261 0.6459 0.9074 0.8725 0.8466
99 0.9138 0.8037 0.8907 0.8683 0.8431
100 0.9230 0.6841 0.9016 0.8694 0.8451
101 0.9229 0.6446 0.9042 0.8689 0.8438
102 0.9278 0.6037 0.9088 0.8705 0.8474
103 0.9291 0.5814 0.9107 0.8697 0.8476
104 0.9340 0.5498 0.9140 0.8707 0.8500
105 0.9351 0.5657 0.9179 0.8711 0.8511
106 0.9387 0.5228 0.9226 0.8725 0.8501
107 0.9301 0.5670 0.9139 0.8752 0.8547
108 0.9367 0.5411 0.9185 0.8694 0.8476
109 0.9342 0.5693 0.9173 0.8708 0.8482
110 0.9289 0.6138 0.9079 0.8645 0.8425
111 0.9334 0.5734 0.9152 0.8708 0.8487
112 0.9307 0.5835 0.9121 0.8639 0.8390
113 0.9312 0.5701 0.9132 0.8726 0.8496
114 0.9371 0.5134 0.9197 0.8721 0.8487
115 0.9379 0.5115 0.9217 0.8733 0.8503
116 0.9385 0.5090 0.9212 0.8730 0.8509
117 0.9357 0.5299 0.9173 0.8747 0.8466
118 0.9393 0.5075 0.9235 0.8699 0.8485
119 0.9362 0.5406 0.9183 0.8651 0.8450
120 0.9320 0.5737 0.9140 0.8650 0.8428
121 0.9310 0.5827 0.9118 0.8635 0.8399
122 0.9370 0.5538 0.9204 0.8681 0.8461
123 0.9397 0.5057 0.9234 0.8702 0.8491
124 0.9449 0.4618 0.9317 0.8664 0.8467
125 0.9397 0.4858 0.9245 0.8681 0.8486
126 0.9375 0.5014 0.9208 0.8711 0.8479
127 0.9392 0.5030 0.9250 0.8710 0.8470
128 0.9377 0.5190 0.9222 0.8648 0.8428
129 0.9369 0.5201 0.9188 0.8669 0.8436
130 0.9312 0.5833 0.9117 0.8679 0.8438
131 0.9330 0.5553 0.9145 0.8703 0.8479
132 0.9403 0.5071 0.9254 0.8731 0.8501
133 0.9384 0.5193 0.9237 0.8669 0.8480
134 0.9418 0.4847 0.9284 0.8730 0.8511
135 0.9417 0.4948 0.9269 0.8730 0.8520
136 0.9399 0.4736 0.9261 0.8736 0.8522
137 0.9392 0.4952 0.9250 0.8701 0.8510
138 0.9383 0.4925 0.9237 0.8680 0.8475
139 0.9372 0.5247 0.9197 0.8708 0.8482
140 0.9365 0.5327 0.9215 0.8715 0.8436
141 0.9421 0.4948 0.9270 0.8701 0.8480
142 0.9380 0.5188 0.9219 0.8747 0.8515
143 0.9362 0.4982 0.9236 0.8741 0.8520
144 0.9411 0.4791 0.9286 0.8716 0.8486
145 0.9431 0.4615 0.9292 0.8742 0.8514
146 0.9449 0.4542 0.9317 0.8738 0.8519
147 0.9464 0.4283 0.9337 0.8710 0.8499
148 0.9429 0.4518 0.9303 0.8728 0.8493
149 0.9398 0.5061 0.9258 0.8729 0.8505
150 0.9361 0.5233 0.9194 0.8692 0.8480
151 0.9406 0.5083 0.9258 0.8617 0.8372
152 0.9418 0.4803 0.9282 0.8677 0.8480
153 0.9397 0.4752 0.9257 0.8670 0.8455
154 0.9412 0.4600 0.9279 0.8702 0.8491
155 0.9419 0.4520 0.9296 0.8702 0.8486
156 0.9457 0.4350 0.9322 0.8715 0.8511
157 0.9449 0.4445 0.9346 0.8683 0.8462
158 0.9419 0.4645 0.9285 0.8687 0.8449
159 0.9451 0.4511 0.9303 0.8754 0.8519
160 0.9430 0.4544 0.9299 0.8787 0.8559
161 0.9455 0.4358 0.9327 0.8778 0.8549
162 0.9431 0.4407 0.9307 0.8732 0.8517
163 0.9466 0.4273 0.9352 0.8755 0.8534
164 0.9460 0.4414 0.9328 0.8734 0.8504
165 0.9470 0.4181 0.9369 0.8763 0.8543
166 0.9454 0.4372 0.9332 0.8748 0.8525
167 0.9480 0.4123 0.9362 0.8772 0.8545
168 0.9432 0.4404 0.9311 0.8756 0.8531
169 0.9446 0.4186 0.9326 0.8739 0.8508
170 0.9470 0.4218 0.9343 0.8698 0.8499
171 0.9475 0.4052 0.9367 0.8738 0.8528
172 0.9481 0.4000 0.9378 0.8763 0.8530
173 0.9461 0.4257 0.9343 0.8771 0.8549
174 0.9470 0.4151 0.9364 0.8783 0.8558
175 0.9505 0.3917 0.9396 0.8769 0.8539
176 0.9494 0.4019 0.9374 0.8783 0.8558
177 0.9509 0.3915 0.9400 0.8780 0.8558
178 0.9504 0.3913 0.9397 0.8760 0.8549
179 0.9490 0.4038 0.9392 0.8724 0.8509
180 0.9444 0.4196 0.9316 0.8743 0.8525
181 0.9482 0.4057 0.9373 0.8771 0.8565
182 0.9472 0.4199 0.9353 0.8746 0.8531
183 0.9461 0.4076 0.9357 0.8731 0.8531
184 0.9466 0.4077 0.9372 0.8777 0.8575
185 0.9515 0.3897 0.9416 0.8756 0.8549
186 0.9481 0.3978 0.9381 0.8736 0.8535
187 0.9470 0.4071 0.9368 0.8706 0.8509
188 0.9509 0.3904 0.9400 0.8730 0.8520
189 0.9482 0.3975 0.9361 0.8732 0.8509
190 0.9507 0.3838 0.9403 0.8713 0.8476
191 0.9506 0.3916 0.9406 0.8704 0.8493
192 0.9491 0.3965 0.9377 0.8720 0.8497
193 0.9520 0.3790 0.9417 0.8720 0.8512
194 0.9482 0.4031 0.9381 0.8727 0.8503
195 0.9498 0.3863 0.9406 0.8747 0.8529
196 0.9470 0.4135 0.9364 0.8720 0.8500
197 0.9495 0.3839 0.9400 0.8758 0.8510
198 0.9470 0.4087 0.9352 0.8725 0.8498
199 0.9548 0.3639 0.9447 0.8713 0.8491
