epoch train_iou train_loss train_mAP val_iou val_mAP
0 0.6337 0.2753 0.5580 0.7192 0.6628
1 0.7266 0.2535 0.6671 0.7832 0.7384
2 0.7725 0.2616 0.7244 0.7874 0.7449
3 0.8009 0.2638 0.7576 0.8122 0.7774
4 0.8220 0.2668 0.7810 0.8326 0.7941
5 0.8350 0.2700 0.7977 0.8386 0.8030
6 0.8279 0.3170 0.7900 0.8383 0.8043
7 0.8287 0.3624 0.7882 0.8193 0.7815
8 0.8044 0.4495 0.7612 0.8337 0.7930
9 0.8240 0.4412 0.7826 0.8267 0.7967
10 0.8154 0.4890 0.7735 0.8341 0.8018
11 0.8419 0.4505 0.8085 0.8385 0.8049
12 0.8409 0.4691 0.8056 0.8497 0.8185
13 0.8595 0.4586 0.8253 0.8536 0.8232
14 0.8659 0.4577 0.8340 0.8636 0.8336
15 0.8724 0.4364 0.8425 0.8617 0.8326
16 0.8606 0.5033 0.8282 0.8596 0.8303
17 0.8604 0.5347 0.8269 0.8471 0.8170
18 0.8514 0.6130 0.8168 0.8506 0.8239
19 0.8428 0.6604 0.8091 0.8425 0.8117
20 0.8469 0.6768 0.8158 0.8462 0.8105
21 0.8507 0.6842 0.8172 0.8568 0.8289
22 0.8577 0.6753 0.8224 0.8559 0.8256
23 0.8684 0.6330 0.8362 0.8607 0.8279
24 0.8735 0.6431 0.8458 0.8612 0.8324
25 0.8846 0.6137 0.8568 0.8644 0.8367
26 0.8753 0.6682 0.8471 0.8657 0.8389
27 0.8818 0.6645 0.8512 0.8548 0.8265
28 0.8723 0.7488 0.8448 0.8559 0.8293
29 0.8706 0.7836 0.8413 0.8611 0.8329
30 0.8516 0.9240 0.8184 0.8394 0.8136
31 0.8688 0.8402 0.8397 0.8559 0.8276
32 0.8797 0.7809 0.8487 0.8607 0.8319
33 0.8810 0.7738 0.8523 0.8673 0.8401
34 0.8857 0.7998 0.8606 0.8714 0.8464
35 0.8913 0.7451 0.8684 0.8727 0.8479
36 0.8912 0.7540 0.8655 0.8693 0.8436
37 0.8880 0.7982 0.8629 0.8721 0.8444
38 0.8789 0.8950 0.8512 0.8623 0.8366
39 0.8836 0.9056 0.8567 0.8606 0.8320
40 0.8699 1.0083 0.8416 0.8682 0.8422
41 0.8790 0.9767 0.8541 0.8650 0.8347
42 0.8797 0.9474 0.8537 0.8642 0.8379
43 0.8826 0.9552 0.8566 0.8747 0.8466
44 0.8834 0.9910 0.8602 0.8783 0.8525
45 0.8942 0.8877 0.8655 0.8759 0.8531
46 0.8947 0.9216 0.8698 0.8757 0.8493
47 0.8858 0.9926 0.8599 0.8707 0.8466
48 0.8813 1.0750 0.8565 0.8636 0.8370
49 0.8829 1.0739 0.8556 0.8721 0.8456
50 0.8756 1.1712 0.8488 0.8617 0.8343
51 0.8819 1.1483 0.8545 0.8573 0.8338
52 0.8812 1.0973 0.8549 0.8709 0.8456
53 0.8928 1.0171 0.8685 0.8723 0.8497
54 0.8948 0.9664 0.8695 0.8728 0.8493
55 0.8971 0.9415 0.8705 0.8751 0.8518
56 0.9126 0.8366 0.8913 0.8778 0.8571
57 0.9005 0.9295 0.8760 0.8699 0.8480
58 0.8943 1.0121 0.8692 0.8707 0.8479
59 0.8919 1.0333 0.8643 0.8709 0.8425
60 0.8771 1.1339 0.8525 0.8601 0.8355
61 0.8924 1.0361 0.8645 0.8615 0.8363
62 0.8991 0.9552 0.8788 0.8761 0.8516
63 0.8968 0.9615 0.8732 0.8762 0.8526
64 0.9058 0.8745 0.8849 0.8746 0.8511
65 0.9045 0.8835 0.8809 0.8759 0.8526
66 0.9032 0.8685 0.8806 0.8789 0.8557
67 0.9030 0.9062 0.8795 0.8759 0.8525
68 0.9051 0.8993 0.8845 0.8776 0.8555
69 0.8969 0.9990 0.8726 0.8693 0.8465
70 0.8896 1.0725 0.8641 0.8652 0.8391
71 0.8841 1.0992 0.8543 0.8665 0.8388
72 0.9003 0.9604 0.8778 0.8723 0.8469
73 0.8973 0.9293 0.8721 0.8752 0.8522
74 0.9088 0.8634 0.8891 0.8793 0.8570
75 0.9042 0.9030 0.8844 0.8801 0.8577
76 0.9134 0.8172 0.8908 0.8793 0.8567
77 0.9168 0.8043 0.8949 0.8750 0.8541
78 0.8975 0.9596 0.8725 0.8719 0.8461
79 0.9020 0.9203 0.8802 0.8651 0.8372
80 0.8877 1.0430 0.8624 0.8602 0.8390
81 0.8855 1.0431 0.8606 0.8751 0.8519
82 0.9086 0.8959 0.8837 0.8707 0.8479
83 0.9016 0.9091 0.8781 0.8825 0.8619
84 0.9070 0.8664 0.8856 0.8800 0.8574
85 0.9136 0.8061 0.8926 0.8810 0.8585
86 0.9096 0.8382 0.8866 0.8770 0.8551
87 0.9133 0.8090 0.8925 0.8810 0.8579
88 0.9058 0.8873 0.8838 0.8749 0.8502
89 0.8931 0.9853 0.8686 0.8704 0.8466
90 0.8927 1.0087 0.8688 0.8739 0.8455
91 0.8991 0.9508 0.8773 0.8722 0.8486
92 0.9031 0.9133 0.8802 0.8786 0.8560
93 0.9014 0.8911 0.8765 0.8816 0.8600
94 0.9185 0.7493 0.8995 0.8799 0.8581
95 0.9097 0.8282 0.8888 0.8813 0.8599
96 0.9121 0.8010 0.8920 0.8842 0.8621
97 0.9122 0.8293 0.8901 0.8748 0.8518
98 0.9109 0.8381 0.8919 0.8803 0.8576
99 0.9048 0.9006 0.8839 0.8768 0.8544
100 0.9073 0.8529 0.8863 0.8813 0.8596
101 0.9152 0.8019 0.8954 0.8748 0.8516
102 0.9127 0.7817 0.8925 0.8810 0.8615
103 0.9139 0.7948 0.8929 0.8815 0.8621
104 0.9242 0.7007 0.9055 0.8794 0.8600
105 0.9254 0.6901 0.9070 0.8826 0.8626
106 0.9300 0.6545 0.9126 0.8839 0.8647
107 0.9195 0.7450 0.8997 0.8759 0.8556
108 0.9141 0.7776 0.8927 0.8854 0.8639
109 0.9237 0.7150 0.9044 0.8772 0.8584
110 0.9133 0.7763 0.8945 0.8833 0.8635
111 0.9196 0.7481 0.9002 0.8771 0.8572
112 0.9122 0.7712 0.8912 0.8835 0.8616
113 0.9186 0.7486 0.8973 0.8836 0.8612
114 0.9316 0.6285 0.9137 0.8820 0.8601
115 0.9182 0.7326 0.9010 0.8834 0.8629
116 0.9268 0.6708 0.9085 0.8835 0.8630
117 0.9283 0.6647 0.9091 0.8832 0.8615
118 0.9195 0.7246 0.9005 0.8795 0.8586
119 0.9247 0.7012 0.9077 0.8810 0.8589
120 0.9199 0.7275 0.8998 0.8822 0.8606
121 0.9183 0.7678 0.9000 0.8771 0.8544
122 0.9151 0.7490 0.8989 0.8771 0.8550
123 0.9276 0.6672 0.9105 0.8806 0.8594
124 0.9268 0.6518 0.9096 0.8866 0.8636
125 0.9225 0.6926 0.9058 0.8842 0.8621
126 0.9240 0.6893 0.9070 0.8864 0.8655
127 0.9269 0.6678 0.9095 0.8829 0.8624
128 0.9235 0.6798 0.9072 0.8869 0.8672
129 0.9207 0.7176 0.9036 0.8823 0.8641
130 0.9219 0.7221 0.9034 0.8785 0.8570
131 0.9178 0.7243 0.8983 0.8808 0.8611
132 0.9242 0.6952 0.9053 0.8814 0.8600
133 0.9227 0.6942 0.9053 0.8831 0.8607
134 0.9303 0.6341 0.9132 0.8867 0.8652
135 0.9235 0.6822 0.9042 0.8881 0.8655
136 0.9308 0.6316 0.9154 0.8881 0.8674
137 0.9295 0.6458 0.9133 0.8869 0.8660
138 0.9262 0.6615 0.9101 0.8835 0.8624
139 0.9306 0.6378 0.9153 0.8834 0.8607
140 0.9248 0.6989 0.9059 0.8828 0.8609
141 0.9210 0.7123 0.8997 0.8854 0.8645
142 0.9239 0.6803 0.9045 0.8844 0.8618
143 0.9223 0.7034 0.9038 0.8863 0.8632
144 0.9294 0.6585 0.9127 0.8886 0.8656
145 0.9311 0.6368 0.9156 0.8890 0.8669
146 0.9338 0.5885 0.9165 0.8883 0.8672
147 0.9283 0.6572 0.9140 0.8885 0.8661
148 0.9227 0.6999 0.9053 0.8881 0.8656
149 0.9312 0.6263 0.9136 0.8884 0.8642
150 0.9181 0.7343 0.9002 0.8835 0.8632
151 0.9207 0.7274 0.9020 0.8828 0.8630
152 0.9247 0.6875 0.9081 0.8841 0.8619
153 0.9307 0.6434 0.9153 0.8882 0.8657
154 0.9297 0.6326 0.9127 0.8925 0.8720
155 0.9313 0.6126 0.9155 0.8912 0.8705
156 0.9357 0.5863 0.9189 0.8897 0.8695
157 0.9381 0.5542 0.9208 0.8874 0.8659
158 0.9262 0.6712 0.9094 0.8870 0.8671
159 0.9324 0.6340 0.9160 0.8853 0.8611
160 0.9363 0.5766 0.9224 0.8890 0.8665
161 0.9278 0.6234 0.9105 0.8917 0.8720
162 0.9330 0.6006 0.9161 0.8904 0.8685
163 0.9323 0.6094 0.9169 0.8881 0.8656
164 0.9398 0.5320 0.9252 0.8889 0.8666
165 0.9337 0.6032 0.9192 0.8872 0.8665
166 0.9311 0.6023 0.9148 0.8912 0.8704
167 0.9371 0.5825 0.9213 0.8914 0.8701
168 0.9313 0.6045 0.9160 0.8903 0.8690
169 0.9357 0.5705 0.9198 0.8905 0.8682
170 0.9346 0.5849 0.9193 0.8935 0.8727
171 0.9362 0.5455 0.9203 0.8908 0.8696
172 0.9355 0.5702 0.9209 0.8917 0.8697
173 0.9392 0.5526 0.9255 0.8947 0.8730
174 0.9372 0.5554 0.9221 0.8937 0.8716
175 0.9368 0.5420 0.9228 0.8907 0.8690
176 0.9349 0.5733 0.9195 0.8940 0.8724
177 0.9276 0.6076 0.9101 0.8940 0.8721
178 0.9299 0.6112 0.9119 0.8919 0.8709
179 0.9331 0.5747 0.9180 0.8923 0.8716
180 0.9406 0.5218 0.9262 0.8891 0.8683
181 0.9305 0.6302 0.9135 0.8927 0.8719
182 0.9382 0.5486 0.9243 0.8894 0.8694
183 0.9360 0.5673 0.9213 0.8926 0.8711
184 0.9414 0.5146 0.9283 0.8934 0.8712
185 0.9385 0.5439 0.9238 0.8917 0.8697
186 0.9358 0.5540 0.9205 0.8937 0.8717
187 0.9363 0.5526 0.9205 0.8941 0.8707
188 0.9424 0.5183 0.9289 0.8891 0.8672
189 0.9404 0.5272 0.9271 0.8864 0.8645
190 0.9333 0.5724 0.9175 0.8909 0.8706
191 0.9407 0.5321 0.9271 0.8915 0.8721
192 0.9357 0.5698 0.9203 0.8920 0.8719
193 0.9389 0.5588 0.9235 0.8918 0.8714
194 0.9369 0.5512 0.9214 0.8907 0.8697
195 0.9382 0.5484 0.9232 0.8931 0.8720
196 0.9412 0.5263 0.9268 0.8929 0.8724
197 0.9411 0.5301 0.9277 0.8937 0.8731
198 0.9429 0.5198 0.9300 0.8920 0.8710
199 0.9383 0.5689 0.9230 0.8897 0.8674
