epoch train_iou train_loss train_mAP val_iou val_mAP
0 0.5816 0.1716 0.5116 0.7116 0.6494
1 0.6748 0.1705 0.6190 0.7083 0.6450
2 0.7191 0.1732 0.6665 0.7682 0.7200
3 0.7580 0.1801 0.7028 0.7669 0.7196
4 0.7799 0.1850 0.7335 0.8078 0.7754
5 0.7995 0.1883 0.7553 0.8143 0.7803
6 0.7842 0.2167 0.7433 0.8171 0.7805
7 0.7907 0.2460 0.7475 0.8103 0.7731
8 0.7880 0.2703 0.7447 0.7642 0.7079
9 0.7823 0.3145 0.7389 0.7496 0.7067
10 0.7705 0.3391 0.7257 0.7631 0.7204
11 0.7969 0.3188 0.7606 0.8006 0.7650
12 0.8098 0.3185 0.7713 0.8154 0.7817
13 0.8201 0.3179 0.7850 0.8463 0.8126
14 0.8356 0.2925 0.8004 0.8493 0.8243
15 0.8503 0.2874 0.8128 0.8465 0.8190
16 0.8397 0.3194 0.8045 0.8430 0.8134
17 0.8384 0.3495 0.8028 0.8477 0.8163
18 0.8299 0.3864 0.7927 0.8344 0.8070
19 0.8199 0.4192 0.7829 0.8280 0.7951
20 0.8137 0.4648 0.7772 0.8310 0.7920
21 0.8265 0.4399 0.7905 0.8357 0.8020
22 0.8431 0.4192 0.8079 0.8498 0.8266
23 0.8530 0.3976 0.8209 0.8443 0.8191
24 0.8633 0.3790 0.8320 0.8628 0.8364
25 0.8684 0.3645 0.8380 0.8625 0.8365
26 0.8676 0.3844 0.8346 0.8550 0.8298
27 0.8637 0.4152 0.8297 0.8550 0.8259
28 0.8552 0.4556 0.8202 0.8599 0.8294
29 0.8441 0.5094 0.8088 0.8488 0.8200
30 0.8445 0.5293 0.8137 0.8467 0.8145
31 0.8425 0.5444 0.8112 0.8393 0.8058
32 0.8582 0.4997 0.8237 0.8464 0.8190
33 0.8625 0.4821 0.8307 0.8441 0.8161
34 0.8734 0.4530 0.8437 0.8633 0.8372
35 0.8822 0.4285 0.8522 0.8649 0.8396
36 0.8820 0.4417 0.8542 0.8656 0.8409
37 0.8764 0.4754 0.8462 0.8693 0.8420
38 0.8774 0.5064 0.8455 0.8627 0.8354
39 0.8629 0.5688 0.8315 0.8461 0.8173
40 0.8511 0.6498 0.8195 0.8437 0.8160
41 0.8650 0.5922 0.8329 0.8481 0.8188
42 0.8757 0.5609 0.8416 0.8654 0.8385
43 0.8830 0.5062 0.8523 0.8701 0.8449
44 0.8870 0.5010 0.8577 0.8711 0.8497
45 0.8902 0.4719 0.8621 0.8730 0.8501
46 0.8891 0.4914 0.8585 0.8714 0.8485
47 0.8902 0.5002 0.8596 0.8671 0.8415
48 0.8776 0.5950 0.8472 0.8641 0.8385
49 0.8721 0.6343 0.8389 0.8487 0.8245
50 0.8651 0.7081 0.8325 0.8591 0.8327
51 0.8745 0.6601 0.8426 0.8647 0.8430
52 0.8848 0.5954 0.8553 0.8692 0.8421
53 0.8954 0.5345 0.8649 0.8699 0.8496
54 0.8966 0.5335 0.8669 0.8657 0.8411
55 0.8988 0.5450 0.8698 0.8683 0.8444
56 0.8992 0.5382 0.8684 0.8736 0.8486
57 0.8997 0.5452 0.8703 0.8616 0.8371
58 0.8871 0.6282 0.8553 0.8596 0.8356
59 0.8803 0.6930 0.8482 0.8532 0.8291
60 0.8719 0.7621 0.8413 0.8524 0.8292
61 0.8767 0.7280 0.8465 0.8556 0.8326
62 0.8795 0.7366 0.8502 0.8652 0.8416
63 0.8934 0.6334 0.8636 0.8630 0.8393
64 0.8975 0.6086 0.8683 0.8712 0.8480
65 0.9008 0.5804 0.8741 0.8721 0.8499
66 0.9049 0.5695 0.8773 0.8764 0.8531
67 0.9044 0.6077 0.8747 0.8656 0.8415
68 0.8965 0.6764 0.8672 0.8617 0.8363
69 0.8863 0.7502 0.8556 0.8622 0.8359
70 0.8739 0.8586 0.8428 0.8644 0.8396
71 0.8809 0.8062 0.8518 0.8637 0.8424
72 0.8933 0.7221 0.8629 0.8640 0.8414
73 0.8982 0.6835 0.8689 0.8720 0.8467
74 0.9083 0.6204 0.8808 0.8744 0.8516
75 0.9090 0.6156 0.8785 0.8754 0.8530
76 0.9140 0.6026 0.8879 0.8780 0.8546
77 0.9039 0.6857 0.8743 0.8641 0.8441
78 0.8989 0.7216 0.8692 0.8657 0.8457
79 0.8938 0.7864 0.8635 0.8636 0.8413
80 0.8816 0.9054 0.8498 0.8647 0.8385
81 0.8877 0.8546 0.8584 0.8548 0.8302
82 0.8992 0.7809 0.8697 0.8600 0.8309
83 0.9023 0.7461 0.8723 0.8795 0.8565
84 0.9078 0.6841 0.8795 0.8818 0.8605
85 0.9068 0.6881 0.8789 0.8820 0.8615
86 0.9054 0.7097 0.8754 0.8774 0.8537
87 0.9109 0.6894 0.8822 0.8767 0.8536
88 0.9045 0.7579 0.8756 0.8480 0.8250
89 0.8889 0.9148 0.8605 0.8487 0.8236
90 0.8882 0.9649 0.8597 0.8650 0.8435
91 0.8949 0.9248 0.8657 0.8647 0.8375
92 0.8945 0.8758 0.8653 0.8419 0.8149
93 0.9058 0.7954 0.8802 0.8678 0.8467
94 0.9119 0.7464 0.8853 0.8716 0.8472
95 0.9126 0.7195 0.8830 0.8743 0.8525
96 0.9106 0.7508 0.8843 0.8742 0.8511
97 0.9102 0.7688 0.8827 0.8728 0.8462
98 0.9106 0.7907 0.8805 0.8776 0.8520
99 0.9033 0.8695 0.8743 0.8490 0.8285
100 0.9000 0.8920 0.8705 0.8722 0.8540
101 0.9098 0.8015 0.8838 0.8756 0.8525
102 0.9101 0.7846 0.8828 0.8705 0.8486
103 0.9158 0.7263 0.8901 0.8754 0.8537
104 0.9201 0.6797 0.8939 0.8782 0.8564
105 0.9177 0.6796 0.8926 0.8768 0.8545
106 0.9163 0.6978 0.8919 0.8749 0.8529
107 0.9176 0.7034 0.8901 0.8820 0.8596
108 0.9192 0.7062 0.8947 0.8729 0.8536
109 0.9188 0.7073 0.8929 0.8797 0.8594
110 0.9138 0.7715 0.8906 0.8688 0.8477
111 0.9189 0.7204 0.8935 0.8753 0.8549
112 0.9170 0.7307 0.8919 0.8702 0.8495
113 0.9224 0.6857 0.8988 0.8765 0.8539
114 0.9200 0.6945 0.8983 0.8748 0.8539
115 0.9197 0.6562 0.8950 0.8781 0.8565
116 0.9223 0.6601 0.8975 0.8883 0.8641
117 0.9184 0.6792 0.8940 0.8783 0.8579
118 0.9189 0.7254 0.8931 0.8785 0.8566
119 0.9215 0.6814 0.8971 0.8715 0.8491
120 0.9180 0.7395 0.8909 0.8741 0.8491
121 0.9183 0.7041 0.8956 0.8743 0.8497
122 0.9185 0.6827 0.8939 0.8818 0.8587
123 0.9122 0.7218 0.8875 0.8707 0.8521
124 0.9225 0.6482 0.8973 0.8816 0.8579
125 0.9220 0.6635 0.9000 0.8818 0.8586
126 0.9207 0.6461 0.8962 0.8794 0.8555
127 0.9230 0.6674 0.8998 0.8714 0.8478
128 0.9155 0.6800 0.8927 0.8815 0.8599
129 0.9190 0.6903 0.8942 0.8816 0.8575
130 0.9191 0.6885 0.8949 0.8765 0.8514
131 0.9176 0.7099 0.8918 0.8809 0.8561
132 0.9160 0.7049 0.8907 0.8826 0.8586
133 0.9218 0.6603 0.8980 0.8781 0.8579
134 0.9199 0.6591 0.8971 0.8774 0.8582
135 0.9230 0.6251 0.8978 0.8779 0.8570
136 0.9259 0.6163 0.9039 0.8825 0.8621
137 0.9226 0.6351 0.8995 0.8758 0.8512
138 0.9233 0.6338 0.8999 0.8722 0.8515
139 0.9245 0.6517 0.9014 0.8713 0.8519
140 0.9184 0.6832 0.8939 0.8582 0.8365
141 0.9179 0.6758 0.8943 0.8822 0.8595
142 0.9233 0.6467 0.9012 0.8820 0.8600
143 0.9209 0.6450 0.8982 0.8768 0.8566
144 0.9290 0.6091 0.9060 0.8805 0.8577
145 0.9246 0.6135 0.9013 0.8822 0.8600
146 0.9269 0.5938 0.9052 0.8890 0.8661
147 0.9214 0.6432 0.8968 0.8784 0.8575
148 0.9256 0.6277 0.9036 0.8756 0.8560
149 0.9207 0.6517 0.8980 0.8746 0.8495
150 0.9190 0.6828 0.8955 0.8637 0.8399
151 0.9199 0.7121 0.8942 0.8773 0.8547
152 0.9247 0.6490 0.8995 0.8831 0.8625
153 0.9228 0.6575 0.8994 0.8785 0.8575
154 0.9248 0.5896 0.9016 0.8794 0.8582
155 0.9253 0.6161 0.9022 0.8777 0.8556
156 0.9270 0.5966 0.9041 0.8787 0.8579
157 0.9268 0.6136 0.9041 0.8743 0.8527
158 0.9203 0.6593 0.8959 0.8742 0.8524
159 0.9250 0.6275 0.9008 0.8758 0.8544
160 0.9286 0.6017 0.9049 0.8788 0.8565
161 0.9259 0.5994 0.9039 0.8766 0.8564
162 0.9251 0.6051 0.9053 0.8791 0.8591
163 0.9254 0.6015 0.9061 0.8753 0.8554
164 0.9257 0.6020 0.9039 0.8779 0.8580
165 0.9276 0.5620 0.9043 0.8791 0.8590
166 0.9257 0.5804 0.9038 0.8788 0.8584
167 0.9294 0.5629 0.9079 0.8781 0.8593
168 0.9236 0.5856 0.9028 0.8762 0.8545
169 0.9303 0.5507 0.9092 0.8783 0.8582
170 0.9304 0.5640 0.9103 0.8787 0.8586
171 0.9249 0.5856 0.9047 0.8773 0.8584
172 0.9298 0.5582 0.9094 0.8767 0.8561
173 0.9322 0.5447 0.9130 0.8774 0.8577
174 0.9303 0.5459 0.9096 0.8765 0.8562
175 0.9292 0.5641 0.9085 0.8793 0.8591
176 0.9322 0.5383 0.9118 0.8774 0.8569
177 0.9296 0.5388 0.9105 0.8786 0.8598
178 0.9277 0.5577 0.9067 0.8761 0.8559
179 0.9278 0.5543 0.9058 0.8809 0.8612
180 0.9297 0.5709 0.9085 0.8779 0.8571
181 0.9287 0.5628 0.9047 0.8737 0.8532
182 0.9279 0.5698 0.9082 0.8765 0.8555
183 0.9353 0.5165 0.9138 0.8749 0.8557
184 0.9322 0.5333 0.9126 0.8794 0.8566
185 0.9291 0.5622 0.9078 0.8742 0.8544
186 0.9305 0.5370 0.9111 0.8728 0.8516
187 0.9284 0.5557 0.9072 0.8774 0.8566
188 0.9346 0.5214 0.9130 0.8743 0.8535
189 0.9332 0.5324 0.9118 0.8810 0.8614
190 0.9281 0.5526 0.9054 0.8773 0.8569
191 0.9323 0.5458 0.9112 0.8834 0.8617
192 0.9305 0.5464 0.9087 0.8794 0.8590
193 0.9337 0.5248 0.9136 0.8789 0.8585
194 0.9325 0.5302 0.9117 0.8790 0.8587
195 0.9325 0.5330 0.9138 0.8809 0.8600
196 0.9308 0.5304 0.9106 0.8789 0.8590
197 0.9302 0.5452 0.9103 0.8817 0.8618
198 0.9294 0.5396 0.9099 0.8772 0.8566
199 0.9345 0.5358 0.9141 0.8795 0.8580
