epoch train_iou train_loss train_mAP val_iou val_mAP
0 0.5839 0.1655 0.5092 0.6784 0.6233
1 0.6800 0.1591 0.6121 0.7193 0.6660
2 0.7305 0.1630 0.6774 0.7773 0.7364
3 0.7808 0.1658 0.7362 0.8002 0.7611
4 0.8059 0.1651 0.7621 0.8034 0.7710
5 0.8178 0.1764 0.7773 0.8203 0.7879
6 0.8171 0.1894 0.7772 0.8174 0.7774
7 0.8068 0.2355 0.7644 0.8156 0.7815
8 0.7938 0.2571 0.7543 0.8264 0.7909
9 0.7987 0.2917 0.7583 0.7521 0.7044
10 0.7984 0.2992 0.7580 0.8076 0.7750
11 0.8167 0.2923 0.7777 0.8133 0.7843
12 0.8283 0.2949 0.7926 0.8465 0.8121
13 0.8503 0.2729 0.8195 0.8505 0.8232
14 0.8604 0.2696 0.8289 0.8608 0.8332
15 0.8639 0.2694 0.8317 0.8616 0.8351
16 0.8629 0.2904 0.8291 0.8564 0.8264
17 0.8573 0.3236 0.8256 0.8590 0.8292
18 0.8609 0.3170 0.8301 0.8440 0.8089
19 0.8432 0.3829 0.8087 0.8426 0.8075
20 0.8436 0.3989 0.8105 0.8281 0.8015
21 0.8445 0.4049 0.8113 0.8624 0.8316
22 0.8592 0.3764 0.8320 0.8610 0.8319
23 0.8674 0.3591 0.8372 0.8478 0.8196
24 0.8903 0.3170 0.8646 0.8724 0.8441
25 0.8834 0.3382 0.8558 0.8721 0.8447
26 0.8730 0.3653 0.8442 0.8742 0.8480
27 0.8790 0.3793 0.8508 0.8695 0.8395
28 0.8669 0.4311 0.8365 0.8630 0.8357
29 0.8619 0.4553 0.8338 0.8522 0.8274
30 0.8598 0.5048 0.8297 0.8593 0.8270
31 0.8614 0.4886 0.8326 0.8573 0.8311
32 0.8670 0.4861 0.8388 0.8611 0.8338
33 0.8762 0.4550 0.8489 0.8661 0.8365
34 0.8876 0.4175 0.8596 0.8734 0.8474
35 0.8947 0.4089 0.8701 0.8749 0.8494
36 0.8957 0.3991 0.8715 0.8749 0.8497
37 0.8871 0.4575 0.8610 0.8725 0.8489
38 0.8874 0.4746 0.8615 0.8729 0.8469
39 0.8800 0.5055 0.8558 0.8647 0.8427
40 0.8653 0.6036 0.8342 0.8568 0.8277
41 0.8752 0.5700 0.8477 0.8677 0.8452
42 0.8805 0.5354 0.8534 0.8667 0.8381
43 0.8876 0.5129 0.8614 0.8751 0.8514
44 0.8955 0.4907 0.8727 0.8846 0.8604
45 0.8996 0.4656 0.8795 0.8815 0.8567
46 0.9045 0.4571 0.8818 0.8723 0.8480
47 0.9011 0.5016 0.8759 0.8780 0.8579
48 0.8884 0.5577 0.8636 0.8619 0.8357
49 0.8863 0.6011 0.8603 0.8814 0.8584
50 0.8755 0.6769 0.8494 0.8644 0.8361
51 0.8773 0.6476 0.8504 0.8716 0.8471
52 0.8858 0.5996 0.8618 0.8785 0.8561
53 0.9015 0.5307 0.8804 0.8795 0.8592
54 0.9083 0.5002 0.8855 0.8836 0.8610
55 0.9103 0.5056 0.8867 0.8859 0.8630
56 0.9108 0.5071 0.8877 0.8823 0.8595
57 0.9009 0.5614 0.8791 0.8793 0.8545
58 0.9056 0.5600 0.8817 0.8742 0.8521
59 0.8885 0.6688 0.8633 0.8754 0.8495
60 0.8843 0.7246 0.8582 0.8706 0.8404
61 0.8824 0.7209 0.8576 0.8749 0.8469
62 0.9063 0.5988 0.8852 0.8733 0.8504
63 0.9014 0.5955 0.8793 0.8775 0.8552
64 0.9097 0.5765 0.8881 0.8829 0.8612
65 0.9104 0.5650 0.8913 0.8833 0.8624
66 0.9095 0.5780 0.8880 0.8816 0.8596
67 0.9064 0.5983 0.8839 0.8834 0.8607
68 0.8977 0.6858 0.8739 0.8743 0.8520
69 0.8909 0.7244 0.8674 0.8857 0.8585
70 0.8860 0.7758 0.8624 0.8620 0.8371
71 0.8879 0.7702 0.8627 0.8719 0.8489
72 0.9018 0.6939 0.8794 0.8848 0.8620
73 0.9067 0.6606 0.8839 0.8840 0.8592
74 0.9147 0.6081 0.8943 0.8856 0.8636
75 0.9166 0.6102 0.8968 0.8869 0.8659
76 0.9134 0.6347 0.8925 0.8871 0.8624
77 0.9137 0.6409 0.8928 0.8826 0.8604
78 0.9036 0.7054 0.8816 0.8783 0.8546
79 0.9049 0.7565 0.8812 0.8641 0.8405
80 0.8912 0.8575 0.8669 0.8583 0.8356
81 0.8955 0.8488 0.8739 0.8832 0.8569
82 0.9079 0.7375 0.8860 0.8825 0.8604
83 0.9118 0.7199 0.8922 0.8736 0.8505
84 0.9198 0.6310 0.9003 0.8857 0.8620
85 0.9140 0.6936 0.8921 0.8893 0.8676
86 0.9110 0.7155 0.8872 0.8918 0.8690
87 0.9141 0.7077 0.8923 0.8835 0.8637
88 0.9073 0.7736 0.8852 0.8824 0.8590
89 0.9012 0.8442 0.8815 0.8715 0.8493
90 0.8948 0.9197 0.8706 0.8740 0.8519
91 0.9019 0.8577 0.8788 0.8787 0.8552
92 0.9108 0.7829 0.8898 0.8756 0.8520
93 0.9137 0.7484 0.8929 0.8846 0.8629
94 0.9186 0.7114 0.8980 0.8861 0.8615
95 0.9156 0.7280 0.8982 0.8873 0.8630
96 0.9193 0.7064 0.8996 0.8833 0.8601
97 0.9194 0.7319 0.8997 0.8855 0.8599
98 0.9134 0.7966 0.8931 0.8842 0.8602
99 0.9094 0.8348 0.8866 0.8881 0.8640
100 0.9099 0.8431 0.8893 0.8897 0.8669
101 0.9242 0.7250 0.9063 0.8918 0.8675
102 0.9193 0.7517 0.9018 0.8854 0.8618
103 0.9260 0.6947 0.9068 0.8907 0.8685
104 0.9215 0.7093 0.9046 0.8925 0.8714
105 0.9212 0.7006 0.9032 0.8943 0.8737
106 0.9238 0.6973 0.9043 0.8932 0.8699
107 0.9211 0.7184 0.8997 0.8874 0.8652
108 0.9216 0.6860 0.9027 0.8927 0.8711
109 0.9212 0.7022 0.9003 0.8881 0.8675
110 0.9214 0.7616 0.9017 0.8845 0.8631
111 0.9202 0.7297 0.9009 0.8817 0.8607
112 0.9260 0.6835 0.9097 0.8864 0.8631
113 0.9232 0.7133 0.9029 0.8931 0.8717
114 0.9286 0.6500 0.9106 0.8900 0.8695
115 0.9268 0.6569 0.9107 0.8900 0.8677
116 0.9287 0.6116 0.9109 0.8927 0.8716
117 0.9253 0.6782 0.9063 0.8917 0.8687
118 0.9259 0.6702 0.9066 0.8884 0.8644
119 0.9258 0.6748 0.9089 0.8873 0.8652
120 0.9253 0.6928 0.9083 0.8916 0.8694
121 0.9193 0.7191 0.9015 0.8816 0.8619
122 0.9254 0.6894 0.9063 0.8876 0.8664
123 0.9265 0.6930 0.9097 0.8891 0.8676
124 0.9232 0.6769 0.9023 0.8919 0.8706
125 0.9348 0.5882 0.9181 0.8916 0.8704
126 0.9327 0.6137 0.9175 0.8915 0.8705
127 0.9286 0.6364 0.9120 0.8929 0.8700
128 0.9277 0.6601 0.9089 0.8870 0.8661
129 0.9301 0.6343 0.9133 0.8889 0.8668
130 0.9273 0.6755 0.9117 0.8779 0.8587
131 0.9229 0.7034 0.9041 0.8803 0.8625
132 0.9262 0.6841 0.9080 0.8940 0.8732
133 0.9309 0.6473 0.9143 0.8911 0.8706
134 0.9365 0.5757 0.9197 0.8927 0.8714
135 0.9328 0.5764 0.9156 0.8908 0.8694
136 0.9370 0.5729 0.9187 0.8919 0.8700
137 0.9278 0.6269 0.9093 0.8870 0.8646
138 0.9308 0.6406 0.9127 0.8892 0.8689
139 0.9241 0.6762 0.9059 0.8914 0.8692
140 0.9230 0.6918 0.9055 0.8848 0.8635
141 0.9279 0.6566 0.9083 0.8898 0.8677
142 0.9256 0.6661 0.9051 0.8863 0.8665
143 0.9289 0.6092 0.9112 0.8951 0.8747
144 0.9315 0.6110 0.9152 0.8949 0.8745
145 0.9366 0.5782 0.9217 0.8973 0.8774
146 0.9373 0.5610 0.9202 0.8947 0.8757
147 0.9350 0.5543 0.9198 0.8943 0.8743
148 0.9298 0.6460 0.9122 0.8868 0.8674
149 0.9274 0.6163 0.9113 0.8940 0.8706
150 0.9263 0.6684 0.9090 0.8871 0.8661
151 0.9268 0.6291 0.9087 0.8875 0.8664
152 0.9282 0.6503 0.9116 0.8882 0.8673
153 0.9281 0.6328 0.9100 0.8884 0.8685
154 0.9329 0.5881 0.9182 0.8920 0.8717
155 0.9357 0.5563 0.9180 0.8909 0.8700
156 0.9368 0.5504 0.9207 0.8909 0.8719
157 0.9324 0.6080 0.9167 0.8904 0.8716
158 0.9271 0.6298 0.9101 0.8908 0.8684
159 0.9281 0.6250 0.9094 0.8941 0.8718
160 0.9329 0.6067 0.9162 0.8962 0.8760
161 0.9365 0.5632 0.9200 0.8924 0.8723
162 0.9357 0.5665 0.9190 0.8941 0.8732
163 0.9348 0.5807 0.9166 0.8952 0.8745
164 0.9340 0.5822 0.9173 0.8947 0.8735
165 0.9379 0.5653 0.9224 0.8953 0.8756
166 0.9374 0.5316 0.9217 0.8922 0.8728
167 0.9358 0.5532 0.9202 0.8948 0.8750
168 0.9365 0.5360 0.9231 0.8943 0.8741
169 0.9394 0.5348 0.9245 0.8952 0.8745
170 0.9318 0.5944 0.9163 0.8957 0.8754
171 0.9380 0.5326 0.9225 0.8955 0.8746
172 0.9388 0.5144 0.9242 0.8948 0.8734
173 0.9426 0.5114 0.9282 0.8931 0.8718
174 0.9398 0.5097 0.9241 0.8942 0.8737
175 0.9430 0.5005 0.9295 0.8936 0.8732
176 0.9321 0.5757 0.9149 0.8968 0.8763
177 0.9439 0.4792 0.9318 0.8939 0.8736
178 0.9394 0.5237 0.9259 0.8946 0.8739
179 0.9441 0.5007 0.9308 0.8945 0.8741
180 0.9395 0.5187 0.9254 0.8951 0.8757
181 0.9434 0.5080 0.9286 0.8933 0.8739
182 0.9382 0.5356 0.9225 0.8919 0.8724
183 0.9385 0.5231 0.9231 0.8920 0.8725
184 0.9441 0.4801 0.9286 0.8935 0.8739
185 0.9397 0.5000 0.9259 0.8938 0.8749
186 0.9453 0.4776 0.9332 0.8920 0.8724
187 0.9416 0.5103 0.9284 0.8947 0.8743
188 0.9413 0.5151 0.9268 0.8980 0.8775
189 0.9410 0.5125 0.9276 0.8960 0.8739
190 0.9324 0.5581 0.9162 0.8976 0.8760
191 0.9366 0.5361 0.9188 0.8971 0.8769
192 0.9450 0.4871 0.9320 0.8941 0.8760
193 0.9408 0.5205 0.9263 0.8962 0.8764
194 0.9388 0.5184 0.9238 0.8965 0.8767
195 0.9401 0.5178 0.9251 0.8967 0.8769
196 0.9418 0.5068 0.9281 0.8976 0.8782
197 0.9408 0.5193 0.9259 0.8962 0.8757
198 0.9432 0.4717 0.9302 0.8958 0.8755
199 0.9446 0.4771 0.9322 0.8982 0.8776
