epoch train_iou train_loss train_mAP val_iou val_mAP
0 0.4972 0.1715 0.4164 0.6661 0.6164
1 0.6970 0.1439 0.6407 0.7456 0.6910
2 0.7398 0.1527 0.6860 0.7743 0.7260
3 0.7635 0.1605 0.7168 0.8008 0.7606
4 0.7977 0.1672 0.7544 0.7885 0.7487
5 0.8065 0.1738 0.7634 0.8099 0.7730
6 0.8049 0.1947 0.7644 0.7871 0.7421
7 0.8014 0.2247 0.7588 0.8035 0.7626
8 0.7820 0.2586 0.7369 0.8066 0.7601
9 0.7928 0.2809 0.7467 0.8032 0.7595
10 0.7854 0.3101 0.7412 0.8017 0.7611
11 0.8030 0.3058 0.7601 0.8140 0.7665
12 0.8198 0.2962 0.7795 0.8165 0.7867
13 0.8326 0.2898 0.7969 0.8428 0.8072
14 0.8472 0.2686 0.8128 0.8445 0.8134
15 0.8572 0.2664 0.8229 0.8466 0.8140
16 0.8606 0.2857 0.8268 0.8443 0.8074
17 0.8526 0.3150 0.8173 0.8410 0.8065
18 0.8403 0.3548 0.8038 0.8364 0.8024
19 0.8332 0.3878 0.7969 0.8216 0.7801
20 0.8229 0.4199 0.7866 0.8136 0.7842
21 0.8418 0.4051 0.8078 0.8232 0.7904
22 0.8598 0.3796 0.8279 0.8437 0.8121
23 0.8640 0.3730 0.8301 0.8381 0.8056
24 0.8794 0.3393 0.8470 0.8526 0.8217
25 0.8763 0.3467 0.8441 0.8536 0.8211
26 0.8758 0.3530 0.8433 0.8491 0.8165
27 0.8726 0.3819 0.8406 0.8480 0.8120
28 0.8692 0.4172 0.8374 0.8430 0.8122
29 0.8609 0.4566 0.8272 0.8400 0.8077
30 0.8505 0.4998 0.8195 0.8355 0.7996
31 0.8533 0.5019 0.8198 0.8484 0.8156
32 0.8678 0.4552 0.8359 0.8563 0.8238
33 0.8791 0.4237 0.8484 0.8588 0.8284
34 0.8877 0.4037 0.8589 0.8633 0.8325
35 0.8981 0.3811 0.8714 0.8628 0.8311
36 0.8898 0.4122 0.8620 0.8606 0.8298
37 0.8867 0.4296 0.8560 0.8567 0.8250
38 0.8725 0.5080 0.8415 0.8483 0.8122
39 0.8714 0.5318 0.8393 0.8424 0.8064
40 0.8617 0.5803 0.8288 0.8479 0.8139
41 0.8744 0.5515 0.8430 0.8535 0.8213
42 0.8786 0.5406 0.8476 0.8517 0.8176
43 0.8896 0.4919 0.8585 0.8619 0.8275
44 0.8963 0.4537 0.8669 0.8649 0.8321
45 0.8980 0.4543 0.8695 0.8674 0.8379
46 0.9047 0.4364 0.8757 0.8618 0.8336
47 0.8948 0.4836 0.8669 0.8672 0.8363
48 0.8921 0.5058 0.8595 0.8613 0.8316
49 0.8918 0.5521 0.8608 0.8574 0.8261
50 0.8779 0.6422 0.8499 0.8526 0.8160
51 0.8794 0.6114 0.8459 0.8621 0.8289
52 0.8897 0.5820 0.8609 0.8599 0.8267
53 0.9015 0.5215 0.8726 0.8702 0.8363
54 0.9069 0.4908 0.8770 0.8724 0.8402
55 0.9053 0.4823 0.8770 0.8747 0.8436
56 0.9102 0.4961 0.8852 0.8629 0.8311
57 0.9041 0.5141 0.8765 0.8601 0.8277
58 0.8978 0.5702 0.8689 0.8637 0.8324
59 0.8851 0.6557 0.8555 0.8676 0.8387
60 0.8813 0.7312 0.8502 0.8533 0.8224
61 0.8855 0.6985 0.8556 0.8612 0.8259
62 0.8966 0.6344 0.8699 0.8642 0.8366
63 0.8991 0.6132 0.8715 0.8675 0.8375
64 0.9069 0.5442 0.8790 0.8705 0.8422
65 0.9147 0.5120 0.8871 0.8687 0.8403
66 0.9130 0.5322 0.8863 0.8722 0.8416
67 0.9109 0.5646 0.8857 0.8638 0.8368
68 0.9097 0.5715 0.8830 0.8648 0.8336
69 0.8965 0.7017 0.8669 0.8550 0.8226
70 0.8830 0.8149 0.8542 0.8511 0.8231
71 0.8885 0.7585 0.8603 0.8607 0.8300
72 0.8976 0.7180 0.8702 0.8625 0.8354
73 0.9062 0.6395 0.8788 0.8640 0.8353
74 0.9138 0.5870 0.8878 0.8674 0.8407
75 0.9122 0.5950 0.8877 0.8658 0.8386
76 0.9122 0.6045 0.8857 0.8659 0.8396
77 0.9142 0.6090 0.8877 0.8659 0.8413
78 0.9107 0.6403 0.8872 0.8568 0.8322
79 0.9013 0.7537 0.8725 0.8558 0.8261
80 0.8917 0.8421 0.8642 0.8421 0.8090
81 0.8906 0.8397 0.8620 0.8577 0.8226
82 0.9067 0.7184 0.8793 0.8670 0.8369
83 0.9153 0.6730 0.8888 0.8653 0.8366
84 0.9165 0.6517 0.8893 0.8658 0.8388
85 0.9174 0.6322 0.8924 0.8668 0.8407
86 0.9172 0.6379 0.8910 0.8722 0.8444
87 0.9166 0.6603 0.8903 0.8684 0.8399
88 0.9099 0.7152 0.8841 0.8696 0.8390
89 0.9052 0.7768 0.8785 0.8565 0.8307
90 0.8967 0.8858 0.8694 0.8482 0.8231
91 0.8994 0.8765 0.8734 0.8621 0.8354
92 0.9076 0.7987 0.8824 0.8627 0.8340
93 0.9136 0.7378 0.8889 0.8670 0.8381
94 0.9212 0.6773 0.8976 0.8697 0.8439
95 0.9219 0.6577 0.8987 0.8714 0.8442
96 0.9218 0.6855 0.8966 0.8701 0.8430
97 0.9220 0.6798 0.8967 0.8653 0.8409
98 0.9164 0.7375 0.8919 0.8635 0.8365
99 0.9111 0.8215 0.8846 0.8519 0.8238
100 0.9149 0.7833 0.8903 0.8656 0.8394
101 0.9154 0.7578 0.8910 0.8727 0.8472
102 0.9247 0.6616 0.9024 0.8712 0.8436
103 0.9268 0.6465 0.9043 0.8674 0.8428
104 0.9276 0.6577 0.9080 0.8674 0.8416
105 0.9258 0.6429 0.9028 0.8664 0.8406
106 0.9276 0.6183 0.9060 0.8675 0.8418
107 0.9256 0.6262 0.9041 0.8708 0.8435
108 0.9248 0.6619 0.9031 0.8738 0.8470
109 0.9197 0.6945 0.8992 0.8710 0.8430
110 0.9179 0.7219 0.8934 0.8668 0.8389
111 0.9166 0.7375 0.8928 0.8646 0.8371
112 0.9255 0.6678 0.9040 0.8783 0.8506
113 0.9272 0.6469 0.9055 0.8754 0.8472
114 0.9308 0.5914 0.9105 0.8802 0.8519
115 0.9274 0.6086 0.9044 0.8779 0.8506
116 0.9298 0.5917 0.9114 0.8753 0.8471
117 0.9312 0.5998 0.9087 0.8722 0.8459
118 0.9298 0.5979 0.9082 0.8717 0.8425
119 0.9254 0.6370 0.9043 0.8667 0.8361
120 0.9212 0.6738 0.8988 0.8732 0.8405
121 0.9230 0.6548 0.9011 0.8729 0.8440
122 0.9301 0.6066 0.9107 0.8754 0.8436
123 0.9310 0.6020 0.9098 0.8727 0.8421
124 0.9268 0.6077 0.9056 0.8749 0.8470
125 0.9274 0.5897 0.9045 0.8747 0.8476
126 0.9291 0.5864 0.9079 0.8751 0.8464
127 0.9327 0.5680 0.9113 0.8699 0.8430
128 0.9324 0.5910 0.9113 0.8737 0.8484
129 0.9254 0.6202 0.9028 0.8696 0.8440
130 0.9227 0.7073 0.9009 0.8700 0.8440
131 0.9212 0.6854 0.8985 0.8701 0.8429
132 0.9247 0.6397 0.9027 0.8719 0.8431
133 0.9288 0.5970 0.9077 0.8759 0.8481
134 0.9314 0.5955 0.9111 0.8730 0.8467
135 0.9327 0.5613 0.9145 0.8757 0.8482
136 0.9327 0.5639 0.9141 0.8722 0.8450
137 0.9343 0.5450 0.9149 0.8760 0.8484
138 0.9305 0.5680 0.9128 0.8771 0.8484
139 0.9322 0.5894 0.9115 0.8737 0.8481
140 0.9288 0.6174 0.9092 0.8627 0.8355
141 0.9276 0.6096 0.9058 0.8647 0.8360
142 0.9363 0.5506 0.9188 0.8692 0.8434
143 0.9325 0.5666 0.9127 0.8731 0.8464
144 0.9341 0.5531 0.9153 0.8707 0.8461
145 0.9365 0.5327 0.9197 0.8703 0.8449
146 0.9331 0.5519 0.9167 0.8705 0.8439
147 0.9322 0.5644 0.9120 0.8670 0.8405
148 0.9313 0.5884 0.9117 0.8683 0.8423
149 0.9362 0.5471 0.9180 0.8697 0.8451
150 0.9296 0.5959 0.9087 0.8696 0.8439
151 0.9307 0.5957 0.9116 0.8684 0.8430
152 0.9267 0.6130 0.9087 0.8695 0.8434
153 0.9299 0.5992 0.9115 0.8683 0.8440
154 0.9356 0.5438 0.9177 0.8705 0.8459
155 0.9337 0.5324 0.9157 0.8714 0.8461
156 0.9365 0.5168 0.9203 0.8749 0.8484
157 0.9354 0.5225 0.9176 0.8763 0.8500
158 0.9338 0.5371 0.9146 0.8764 0.8484
159 0.9347 0.5600 0.9172 0.8724 0.8439
160 0.9342 0.5774 0.9161 0.8708 0.8459
161 0.9358 0.5391 0.9169 0.8722 0.8470
162 0.9380 0.5109 0.9215 0.8714 0.8479
163 0.9408 0.4998 0.9235 0.8737 0.8480
164 0.9383 0.5046 0.9216 0.8726 0.8483
165 0.9355 0.5343 0.9183 0.8727 0.8471
166 0.9377 0.5333 0.9213 0.8739 0.8492
167 0.9382 0.5142 0.9207 0.8725 0.8469
168 0.9374 0.5160 0.9208 0.8730 0.8471
169 0.9361 0.5063 0.9193 0.8758 0.8501
170 0.9383 0.5093 0.9206 0.8744 0.8485
171 0.9404 0.4893 0.9236 0.8724 0.8458
172 0.9402 0.4837 0.9240 0.8741 0.8484
173 0.9401 0.5028 0.9218 0.8743 0.8476
174 0.9382 0.5186 0.9199 0.8729 0.8475
175 0.9391 0.5002 0.9233 0.8737 0.8485
176 0.9389 0.4904 0.9210 0.8735 0.8475
177 0.9394 0.4991 0.9212 0.8721 0.8462
178 0.9389 0.4995 0.9212 0.8771 0.8511
179 0.9380 0.5084 0.9214 0.8767 0.8491
180 0.9410 0.4886 0.9248 0.8725 0.8453
181 0.9410 0.5054 0.9241 0.8724 0.8471
182 0.9384 0.5159 0.9214 0.8732 0.8464
183 0.9419 0.4707 0.9268 0.8729 0.8462
184 0.9385 0.4925 0.9224 0.8730 0.8468
185 0.9376 0.4972 0.9204 0.8735 0.8474
186 0.9415 0.4732 0.9250 0.8721 0.8460
187 0.9378 0.4918 0.9217 0.8724 0.8453
188 0.9427 0.4865 0.9287 0.8724 0.8454
189 0.9409 0.4746 0.9246 0.8724 0.8462
190 0.9399 0.5001 0.9234 0.8743 0.8449
191 0.9402 0.4905 0.9235 0.8768 0.8496
192 0.9400 0.4964 0.9217 0.8722 0.8452
193 0.9413 0.4701 0.9258 0.8733 0.8469
194 0.9422 0.4754 0.9242 0.8745 0.8469
195 0.9377 0.5060 0.9199 0.8766 0.8471
196 0.9414 0.4878 0.9254 0.8758 0.8468
197 0.9415 0.4766 0.9265 0.8730 0.8453
198 0.9404 0.4755 0.9245 0.8754 0.8473
199 0.9401 0.4938 0.9243 0.8749 0.8464
