epoch train_iou train_loss train_mAP val_iou val_mAP
0 0.6544 0.2647 0.5847 0.7268 0.6764
1 0.7478 0.2538 0.6964 0.7852 0.7372
2 0.7853 0.2413 0.7393 0.8018 0.7536
3 0.8002 0.2672 0.7563 0.8131 0.7676
4 0.8225 0.2796 0.7809 0.8220 0.7850
5 0.8298 0.3043 0.7900 0.8258 0.7907
6 0.8224 0.3319 0.7819 0.8264 0.7936
7 0.8404 0.3521 0.8054 0.8277 0.7868
8 0.8412 0.3735 0.8053 0.8254 0.7907
9 0.8457 0.3782 0.8123 0.8310 0.7928
10 0.8572 0.3767 0.8229 0.8498 0.8105
11 0.8595 0.4031 0.8265 0.8361 0.8000
12 0.8566 0.4197 0.8270 0.8451 0.8159
13 0.8604 0.4498 0.8252 0.8425 0.8082
14 0.8603 0.4819 0.8297 0.8484 0.8143
15 0.8677 0.4675 0.8371 0.8472 0.8142
16 0.8766 0.4684 0.8491 0.8476 0.8142
17 0.8705 0.5054 0.8411 0.8445 0.8142
18 0.8687 0.5401 0.8399 0.8472 0.8166
19 0.8705 0.5599 0.8412 0.8576 0.8289
20 0.8732 0.5714 0.8474 0.8488 0.8214
21 0.8731 0.5850 0.8448 0.8392 0.8057
22 0.8731 0.6085 0.8420 0.8521 0.8209
23 0.8718 0.6149 0.8428 0.8595 0.8326
24 0.8756 0.6374 0.8461 0.8541 0.8251
25 0.8804 0.6267 0.8543 0.8515 0.8249
26 0.8755 0.6775 0.8472 0.8464 0.8111
27 0.8818 0.6615 0.8510 0.8409 0.8089
28 0.8753 0.7140 0.8508 0.8589 0.8311
29 0.8887 0.6627 0.8606 0.8583 0.8267
30 0.8849 0.7005 0.8560 0.8609 0.8364
31 0.8884 0.7022 0.8618 0.8631 0.8351
32 0.8970 0.6727 0.8715 0.8661 0.8314
33 0.8865 0.7565 0.8584 0.8640 0.8353
34 0.9026 0.6896 0.8792 0.8641 0.8435
35 0.9022 0.6991 0.8762 0.8605 0.8376
36 0.8948 0.7662 0.8703 0.8608 0.8349
37 0.8963 0.7519 0.8725 0.8682 0.8422
38 0.8904 0.8353 0.8614 0.8587 0.8360
39 0.8992 0.7682 0.8753 0.8664 0.8440
40 0.8989 0.7683 0.8756 0.8675 0.8447
41 0.9005 0.7902 0.8771 0.8740 0.8485
42 0.9070 0.7331 0.8839 0.8681 0.8440
43 0.9045 0.7834 0.8793 0.8713 0.8485
44 0.9019 0.8192 0.8748 0.8635 0.8392
45 0.9135 0.7715 0.8925 0.8710 0.8487
46 0.9112 0.7659 0.8897 0.8713 0.8483
47 0.9135 0.7535 0.8919 0.8764 0.8541
48 0.9131 0.7625 0.8907 0.8705 0.8461
49 0.9191 0.7453 0.8966 0.8684 0.8455
50 0.8838 1.1187 0.8603 0.8423 0.8140
51 0.8857 1.1244 0.8602 0.8542 0.8203
52 0.8814 1.1387 0.8555 0.8479 0.8239
53 0.8725 1.1981 0.8421 0.8551 0.8256
54 0.8857 1.0914 0.8613 0.8664 0.8389
55 0.8882 1.0582 0.8643 0.8583 0.8338
56 0.8901 1.0398 0.8637 0.8675 0.8414
57 0.8926 1.0416 0.8666 0.8709 0.8462
58 0.8895 1.0867 0.8620 0.8684 0.8431
59 0.8888 1.0410 0.8624 0.8703 0.8430
60 0.9009 0.9141 0.8761 0.8687 0.8431
61 0.8920 1.0262 0.8680 0.8704 0.8426
62 0.8918 1.0277 0.8683 0.8570 0.8313
63 0.8929 0.9983 0.8693 0.8689 0.8414
64 0.8973 0.9694 0.8754 0.8754 0.8461
65 0.9007 0.9673 0.8773 0.8654 0.8400
66 0.9006 0.9569 0.8750 0.8716 0.8455
67 0.8994 0.9437 0.8768 0.8690 0.8503
68 0.9068 0.9037 0.8857 0.8687 0.8415
69 0.9043 0.9188 0.8820 0.8682 0.8440
70 0.9067 0.8946 0.8844 0.8757 0.8481
71 0.9058 0.8792 0.8815 0.8752 0.8522
72 0.9052 0.8816 0.8818 0.8721 0.8496
73 0.9141 0.7943 0.8939 0.8761 0.8544
74 0.9051 0.9148 0.8792 0.8707 0.8484
75 0.9102 0.8343 0.8877 0.8706 0.8472
76 0.9156 0.7992 0.8929 0.8663 0.8409
77 0.9138 0.7810 0.8940 0.8746 0.8512
78 0.9064 0.8358 0.8855 0.8787 0.8554
79 0.9136 0.7937 0.8940 0.8720 0.8467
80 0.9100 0.8344 0.8881 0.8787 0.8519
81 0.9189 0.7465 0.8980 0.8784 0.8514
82 0.9141 0.7871 0.8937 0.8718 0.8459
83 0.9138 0.7989 0.8926 0.8701 0.8474
84 0.9198 0.7295 0.8977 0.8758 0.8559
85 0.9145 0.7701 0.8924 0.8798 0.8576
86 0.9192 0.7303 0.8987 0.8774 0.8547
87 0.9240 0.7071 0.9044 0.8783 0.8560
88 0.9188 0.7405 0.8963 0.8795 0.8550
89 0.9230 0.7011 0.9042 0.8822 0.8576
90 0.9254 0.6998 0.9056 0.8788 0.8543
91 0.9213 0.7180 0.9038 0.8854 0.8614
92 0.9251 0.6862 0.9052 0.8793 0.8570
93 0.9236 0.6879 0.9050 0.8830 0.8597
94 0.9289 0.6460 0.9114 0.8826 0.8600
95 0.9282 0.6456 0.9113 0.8754 0.8519
96 0.9328 0.6050 0.9133 0.8776 0.8552
97 0.9311 0.6235 0.9128 0.8816 0.8593
98 0.9300 0.6393 0.9113 0.8823 0.8589
99 0.9240 0.6600 0.9053 0.8807 0.8585
100 0.9132 0.7855 0.8932 0.8732 0.8500
101 0.9184 0.7465 0.8993 0.8744 0.8506
102 0.9215 0.7078 0.9032 0.8807 0.8592
103 0.9160 0.7615 0.8949 0.8803 0.8521
104 0.9153 0.7692 0.8943 0.8751 0.8508
105 0.9244 0.6897 0.9057 0.8699 0.8486
106 0.9114 0.7986 0.8896 0.8679 0.8484
107 0.9166 0.7716 0.8962 0.8766 0.8511
108 0.9177 0.7665 0.8994 0.8809 0.8576
109 0.9292 0.6531 0.9111 0.8761 0.8536
110 0.9212 0.7275 0.8994 0.8759 0.8521
111 0.9206 0.7158 0.9009 0.8778 0.8556
112 0.9194 0.7370 0.9008 0.8797 0.8581
113 0.9235 0.7173 0.9052 0.8854 0.8627
114 0.9214 0.7087 0.9031 0.8828 0.8599
115 0.9244 0.6739 0.9039 0.8815 0.8580
116 0.9239 0.6743 0.9066 0.8759 0.8529
117 0.9286 0.6642 0.9102 0.8829 0.8602
118 0.9261 0.6642 0.9085 0.8751 0.8535
119 0.9253 0.6828 0.9049 0.8774 0.8550
120 0.9243 0.6744 0.9072 0.8784 0.8559
121 0.9291 0.6332 0.9125 0.8840 0.8618
122 0.9244 0.6792 0.9046 0.8770 0.8512
123 0.9213 0.6978 0.9007 0.8749 0.8541
124 0.9317 0.6072 0.9147 0.8777 0.8548
125 0.9366 0.5930 0.9198 0.8812 0.8589
126 0.9286 0.6226 0.9117 0.8798 0.8577
127 0.9251 0.6524 0.9081 0.8834 0.8582
128 0.9280 0.6465 0.9111 0.8792 0.8576
129 0.9312 0.6189 0.9144 0.8777 0.8566
130 0.9334 0.6083 0.9153 0.8782 0.8593
131 0.9318 0.6305 0.9165 0.8788 0.8585
132 0.9323 0.5904 0.9177 0.8822 0.8602
133 0.9352 0.5804 0.9206 0.8825 0.8607
134 0.9392 0.5593 0.9247 0.8820 0.8600
135 0.9314 0.6142 0.9141 0.8784 0.8561
136 0.9364 0.5876 0.9208 0.8743 0.8557
137 0.9308 0.6147 0.9142 0.8754 0.8564
138 0.9345 0.5729 0.9191 0.8769 0.8570
139 0.9377 0.5789 0.9221 0.8822 0.8604
140 0.9348 0.5570 0.9188 0.8832 0.8624
141 0.9418 0.5245 0.9273 0.8864 0.8655
142 0.9423 0.5088 0.9284 0.8851 0.8632
143 0.9388 0.5312 0.9217 0.8789 0.8579
144 0.9323 0.5884 0.9157 0.8822 0.8620
145 0.9364 0.5587 0.9216 0.8821 0.8614
146 0.9392 0.5214 0.9262 0.8834 0.8624
147 0.9403 0.5292 0.9275 0.8843 0.8635
148 0.9426 0.5036 0.9315 0.8834 0.8614
149 0.9359 0.5364 0.9201 0.8826 0.8619
150 0.9411 0.5206 0.9248 0.8833 0.8619
151 0.9361 0.5718 0.9227 0.8818 0.8609
152 0.9302 0.5903 0.9147 0.8800 0.8585
153 0.9355 0.5652 0.9210 0.8780 0.8581
154 0.9383 0.5490 0.9241 0.8817 0.8599
155 0.9356 0.5644 0.9213 0.8809 0.8586
156 0.9366 0.5703 0.9212 0.8812 0.8586
157 0.9315 0.5896 0.9161 0.8850 0.8642
158 0.9346 0.5611 0.9182 0.8824 0.8560
159 0.9368 0.5538 0.9202 0.8833 0.8609
160 0.9366 0.5617 0.9199 0.8858 0.8610
161 0.9370 0.5511 0.9225 0.8776 0.8555
162 0.9372 0.5514 0.9214 0.8835 0.8602
163 0.9387 0.5599 0.9207 0.8774 0.8546
164 0.9368 0.5572 0.9216 0.8821 0.8611
165 0.9439 0.5071 0.9309 0.8777 0.8564
166 0.9358 0.5637 0.9199 0.8786 0.8580
167 0.9360 0.5748 0.9200 0.8812 0.8601
168 0.9373 0.5513 0.9213 0.8799 0.8586
169 0.9369 0.5508 0.9204 0.8755 0.8555
170 0.9339 0.5445 0.9216 0.8797 0.8594
171 0.9378 0.5490 0.9211 0.8804 0.8587
172 0.9366 0.5500 0.9208 0.8742 0.8534
173 0.9401 0.5151 0.9261 0.8827 0.8627
174 0.9423 0.5151 0.9280 0.8821 0.8607
175 0.9385 0.5375 0.9215 0.8812 0.8599
176 0.9414 0.5319 0.9265 0.8832 0.8610
177 0.9404 0.5187 0.9273 0.8787 0.8566
178 0.9407 0.5218 0.9262 0.8787 0.8569
179 0.9412 0.5039 0.9270 0.8793 0.8586
180 0.9476 0.4813 0.9341 0.8830 0.8614
181 0.9391 0.5258 0.9244 0.8807 0.8602
182 0.9383 0.5297 0.9232 0.8815 0.8591
183 0.9427 0.5243 0.9282 0.8858 0.8654
184 0.9467 0.4622 0.9360 0.8871 0.8642
185 0.9358 0.5421 0.9202 0.8828 0.8620
186 0.9464 0.4808 0.9351 0.8841 0.8645
187 0.9416 0.4898 0.9281 0.8842 0.8635
188 0.9421 0.5003 0.9296 0.8835 0.8611
189 0.9435 0.4954 0.9291 0.8806 0.8606
190 0.9441 0.4965 0.9307 0.8852 0.8635
191 0.9404 0.5025 0.9268 0.8834 0.8621
192 0.9444 0.4737 0.9314 0.8830 0.8622
193 0.9400 0.5114 0.9247 0.8828 0.8593
194 0.9433 0.4822 0.9311 0.8817 0.8606
195 0.9449 0.4849 0.9312 0.8818 0.8600
196 0.9484 0.4506 0.9370 0.8831 0.8610
197 0.9443 0.4993 0.9309 0.8839 0.8621
198 0.9450 0.4629 0.9329 0.8826 0.8615
199 0.9462 0.4683 0.9355 0.8837 0.8622
