epoch train_iou train_loss train_mAP val_iou val_mAP
0 0.5823 0.3128 0.5071 0.6707 0.6042
1 0.6946 0.2870 0.6381 0.7224 0.6685
2 0.7377 0.3002 0.6847 0.7668 0.7171
3 0.7741 0.3094 0.7254 0.7748 0.7361
4 0.7884 0.3154 0.7427 0.8053 0.7597
5 0.8047 0.3334 0.7627 0.8108 0.7688
6 0.7990 0.3725 0.7536 0.8148 0.7747
7 0.8014 0.4246 0.7563 0.8055 0.7595
8 0.7981 0.4738 0.7502 0.7972 0.7574
9 0.7936 0.5037 0.7504 0.8082 0.7670
10 0.7914 0.5673 0.7469 0.8173 0.7645
11 0.8131 0.5438 0.7711 0.8210 0.7888
12 0.8355 0.5127 0.7983 0.8067 0.7675
13 0.8407 0.5031 0.8051 0.8258 0.7897
14 0.8510 0.4917 0.8144 0.8455 0.8134
15 0.8616 0.4830 0.8276 0.8420 0.8121
16 0.8595 0.5105 0.8239 0.8473 0.8123
17 0.8571 0.5505 0.8219 0.8355 0.7983
18 0.8443 0.6396 0.8065 0.8532 0.8151
19 0.8483 0.6390 0.8133 0.8345 0.7884
20 0.8387 0.7353 0.8009 0.8231 0.7817
21 0.8524 0.6889 0.8178 0.8346 0.7963
22 0.8676 0.6360 0.8329 0.8518 0.8181
23 0.8742 0.6169 0.8378 0.8531 0.8197
24 0.8849 0.5822 0.8536 0.8557 0.8234
25 0.8871 0.5741 0.8557 0.8570 0.8253
26 0.8825 0.6113 0.8502 0.8604 0.8284
27 0.8823 0.6481 0.8508 0.8644 0.8311
28 0.8801 0.7021 0.8478 0.8437 0.8155
29 0.8673 0.8012 0.8335 0.8475 0.8112
30 0.8592 0.8637 0.8220 0.8469 0.8084
31 0.8685 0.8210 0.8342 0.8480 0.8178
32 0.8812 0.7600 0.8502 0.8501 0.8185
33 0.8906 0.7217 0.8614 0.8665 0.8323
34 0.8980 0.6703 0.8660 0.8657 0.8323
35 0.9018 0.6512 0.8717 0.8659 0.8311
36 0.8981 0.7039 0.8675 0.8632 0.8314
37 0.8971 0.7228 0.8648 0.8561 0.8276
38 0.8917 0.7880 0.8607 0.8480 0.8143
39 0.8821 0.9338 0.8516 0.8490 0.8198
40 0.8697 1.0011 0.8353 0.8403 0.8081
41 0.8799 0.9524 0.8460 0.8568 0.8229
42 0.8882 0.8920 0.8576 0.8570 0.8250
43 0.8967 0.8268 0.8664 0.8643 0.8337
44 0.9031 0.7825 0.8736 0.8674 0.8364
45 0.9094 0.7621 0.8800 0.8687 0.8362
46 0.9087 0.7699 0.8810 0.8660 0.8320
47 0.9067 0.8103 0.8758 0.8660 0.8342
48 0.8988 0.8969 0.8697 0.8681 0.8366
49 0.8925 0.9731 0.8602 0.8503 0.8220
50 0.8830 1.1284 0.8508 0.8361 0.7994
51 0.8838 1.0960 0.8526 0.8546 0.8209
52 0.8974 0.9476 0.8691 0.8540 0.8206
53 0.9024 0.8847 0.8759 0.8650 0.8339
54 0.9054 0.8303 0.8790 0.8687 0.8349
55 0.9144 0.7633 0.8867 0.8728 0.8409
56 0.9122 0.7985 0.8844 0.8694 0.8390
57 0.9056 0.8244 0.8801 0.8670 0.8384
58 0.9026 0.8759 0.8737 0.8709 0.8343
59 0.9025 0.9206 0.8725 0.8573 0.8230
60 0.8937 1.0078 0.8617 0.8422 0.8091
61 0.8897 1.0616 0.8611 0.8643 0.8318
62 0.9006 0.9262 0.8711 0.8763 0.8428
63 0.9099 0.8327 0.8831 0.8658 0.8365
64 0.9152 0.7973 0.8895 0.8789 0.8485
65 0.9167 0.7605 0.8913 0.8825 0.8527
66 0.9140 0.7507 0.8885 0.8859 0.8557
67 0.9194 0.7414 0.8952 0.8733 0.8435
68 0.9133 0.7836 0.8889 0.8653 0.8308
69 0.9114 0.8293 0.8835 0.8780 0.8469
70 0.8911 1.0323 0.8615 0.8573 0.8226
71 0.8994 0.9345 0.8708 0.8726 0.8371
72 0.9079 0.8300 0.8798 0.8683 0.8372
73 0.9150 0.7594 0.8885 0.8728 0.8416
74 0.9181 0.7286 0.8926 0.8795 0.8480
75 0.9168 0.7326 0.8921 0.8806 0.8503
76 0.9198 0.7039 0.8956 0.8849 0.8515
77 0.9182 0.7128 0.8926 0.8612 0.8257
78 0.9142 0.7714 0.8886 0.8678 0.8392
79 0.9081 0.8524 0.8806 0.8576 0.8286
80 0.8970 0.9321 0.8687 0.8567 0.8281
81 0.9102 0.8298 0.8835 0.8610 0.8294
82 0.9163 0.7488 0.8925 0.8628 0.8345
83 0.9190 0.7040 0.8944 0.8711 0.8436
84 0.9205 0.6726 0.8968 0.8728 0.8435
85 0.9231 0.6807 0.8995 0.8759 0.8480
86 0.9233 0.6772 0.8993 0.8686 0.8410
87 0.9206 0.7025 0.8965 0.8757 0.8474
88 0.9122 0.7847 0.8883 0.8586 0.8268
89 0.9151 0.7639 0.8888 0.8633 0.8338
90 0.9038 0.8636 0.8765 0.8662 0.8378
91 0.9023 0.8742 0.8735 0.8599 0.8319
92 0.9176 0.7376 0.8935 0.8606 0.8317
93 0.9194 0.7173 0.8958 0.8667 0.8403
94 0.9253 0.6495 0.9022 0.8657 0.8378
95 0.9256 0.6414 0.9045 0.8674 0.8395
96 0.9216 0.6737 0.8982 0.8705 0.8417
97 0.9213 0.6824 0.8950 0.8652 0.8395
98 0.9245 0.6745 0.9016 0.8733 0.8429
99 0.9123 0.7796 0.8859 0.8648 0.8367
100 0.9186 0.6906 0.8954 0.8695 0.8391
101 0.9231 0.6576 0.8994 0.8737 0.8450
102 0.9248 0.6456 0.9032 0.8709 0.8424
103 0.9274 0.6114 0.9065 0.8693 0.8402
104 0.9302 0.6005 0.9087 0.8769 0.8480
105 0.9296 0.6057 0.9097 0.8733 0.8447
106 0.9271 0.6047 0.9059 0.8826 0.8537
107 0.9299 0.6025 0.9108 0.8773 0.8475
108 0.9251 0.6052 0.9025 0.8765 0.8461
109 0.9247 0.6437 0.9015 0.8617 0.8339
110 0.9241 0.6411 0.9036 0.8663 0.8378
111 0.9258 0.6209 0.9049 0.8710 0.8407
112 0.9330 0.5907 0.9140 0.8727 0.8432
113 0.9311 0.5918 0.9103 0.8726 0.8433
114 0.9332 0.5585 0.9131 0.8761 0.8483
115 0.9349 0.5504 0.9159 0.8738 0.8455
116 0.9306 0.5685 0.9130 0.8767 0.8487
117 0.9320 0.5686 0.9103 0.8724 0.8450
118 0.9297 0.5631 0.9097 0.8718 0.8424
119 0.9270 0.6330 0.9063 0.8631 0.8383
120 0.9202 0.6890 0.8967 0.8672 0.8405
121 0.9263 0.6318 0.9058 0.8643 0.8387
122 0.9304 0.6058 0.9109 0.8691 0.8453
123 0.9301 0.5736 0.9108 0.8764 0.8471
124 0.9344 0.5482 0.9144 0.8708 0.8454
125 0.9338 0.5465 0.9148 0.8729 0.8470
126 0.9326 0.5512 0.9137 0.8720 0.8464
127 0.9321 0.5569 0.9120 0.8679 0.8410
128 0.9267 0.5954 0.9074 0.8783 0.8508
129 0.9290 0.5778 0.9103 0.8750 0.8471
130 0.9273 0.6069 0.9082 0.8768 0.8491
131 0.9256 0.6301 0.9054 0.8772 0.8483
132 0.9274 0.5877 0.9061 0.8787 0.8522
133 0.9338 0.5464 0.9158 0.8807 0.8547
134 0.9349 0.5373 0.9182 0.8811 0.8520
135 0.9365 0.5326 0.9191 0.8780 0.8501
136 0.9364 0.5188 0.9196 0.8791 0.8479
137 0.9343 0.5595 0.9156 0.8797 0.8522
138 0.9357 0.5543 0.9155 0.8690 0.8414
139 0.9286 0.5812 0.9090 0.8690 0.8438
140 0.9287 0.5948 0.9096 0.8778 0.8478
141 0.9356 0.5353 0.9165 0.8798 0.8495
142 0.9348 0.5425 0.9175 0.8833 0.8531
143 0.9345 0.5361 0.9160 0.8819 0.8520
144 0.9333 0.5284 0.9158 0.8849 0.8553
145 0.9363 0.5171 0.9171 0.8851 0.8578
146 0.9378 0.5135 0.9208 0.8782 0.8499
147 0.9368 0.5271 0.9202 0.8851 0.8573
148 0.9375 0.5307 0.9198 0.8769 0.8459
149 0.9339 0.5621 0.9155 0.8749 0.8476
150 0.9339 0.5589 0.9156 0.8807 0.8457
151 0.9291 0.5989 0.9091 0.8687 0.8417
152 0.9380 0.5356 0.9187 0.8746 0.8482
153 0.9340 0.5258 0.9179 0.8690 0.8469
154 0.9339 0.5479 0.9165 0.8783 0.8469
155 0.9373 0.5170 0.9202 0.8789 0.8492
156 0.9389 0.5017 0.9223 0.8798 0.8497
157 0.9355 0.5135 0.9196 0.8803 0.8514
158 0.9419 0.4922 0.9261 0.8765 0.8479
159 0.9369 0.5255 0.9198 0.8655 0.8405
160 0.9359 0.5399 0.9174 0.8741 0.8489
161 0.9408 0.4978 0.9245 0.8736 0.8468
162 0.9390 0.4912 0.9234 0.8742 0.8473
163 0.9396 0.4891 0.9242 0.8790 0.8527
164 0.9376 0.4982 0.9201 0.8744 0.8472
165 0.9391 0.4904 0.9228 0.8749 0.8467
166 0.9421 0.4675 0.9262 0.8775 0.8513
167 0.9401 0.4848 0.9258 0.8799 0.8499
168 0.9403 0.4748 0.9267 0.8739 0.8458
169 0.9430 0.4582 0.9279 0.8692 0.8424
170 0.9414 0.4673 0.9258 0.8749 0.8470
171 0.9391 0.4833 0.9240 0.8749 0.8492
172 0.9420 0.4656 0.9271 0.8762 0.8491
173 0.9376 0.4759 0.9223 0.8810 0.8552
174 0.9372 0.4730 0.9225 0.8792 0.8523
175 0.9420 0.4644 0.9273 0.8765 0.8505
176 0.9427 0.4616 0.9283 0.8775 0.8488
177 0.9407 0.4694 0.9252 0.8791 0.8519
178 0.9397 0.4782 0.9251 0.8761 0.8522
179 0.9428 0.4416 0.9286 0.8777 0.8501
180 0.9420 0.4628 0.9271 0.8794 0.8522
181 0.9382 0.4817 0.9235 0.8823 0.8536
182 0.9406 0.4752 0.9251 0.8827 0.8534
183 0.9417 0.4585 0.9265 0.8796 0.8526
184 0.9415 0.4754 0.9262 0.8739 0.8476
185 0.9449 0.4397 0.9312 0.8800 0.8518
186 0.9449 0.4320 0.9316 0.8793 0.8522
187 0.9380 0.4734 0.9240 0.8793 0.8517
188 0.9435 0.4433 0.9313 0.8786 0.8486
189 0.9403 0.4642 0.9258 0.8764 0.8497
190 0.9409 0.4718 0.9261 0.8791 0.8511
191 0.9445 0.4562 0.9295 0.8766 0.8485
192 0.9432 0.4582 0.9284 0.8798 0.8513
193 0.9433 0.4503 0.9297 0.8813 0.8541
194 0.9388 0.4733 0.9238 0.8817 0.8521
195 0.9409 0.4658 0.9257 0.8820 0.8524
196 0.9458 0.4285 0.9331 0.8814 0.8533
197 0.9398 0.4558 0.9269 0.8821 0.8547
198 0.9439 0.4441 0.9294 0.8800 0.8501
199 0.9449 0.4425 0.9311 0.8806 0.8547
