epoch train_iou train_loss train_mAP val_iou val_mAP
0 0.6445 0.2805 0.5722 0.7295 0.6780
1 0.7479 0.2340 0.6975 0.7700 0.7235
2 0.7830 0.2390 0.7332 0.7897 0.7507
3 0.7932 0.2830 0.7483 0.7554 0.7031
4 0.8141 0.2782 0.7730 0.8145 0.7772
5 0.8180 0.3156 0.7763 0.8176 0.7809
6 0.8321 0.3254 0.7912 0.8242 0.7887
7 0.8390 0.3358 0.8008 0.8457 0.8055
8 0.8549 0.3426 0.8197 0.8390 0.8052
9 0.8457 0.3770 0.8111 0.8490 0.8132
10 0.8560 0.3826 0.8221 0.8515 0.8184
11 0.8525 0.4116 0.8206 0.8354 0.7975
12 0.8452 0.4703 0.8110 0.8512 0.8185
13 0.8547 0.4531 0.8244 0.8560 0.8221
14 0.8572 0.4582 0.8244 0.8526 0.8185
15 0.8608 0.4826 0.8291 0.8578 0.8276
16 0.8555 0.5185 0.8251 0.8624 0.8294
17 0.8670 0.5253 0.8360 0.8614 0.8282
18 0.8672 0.5375 0.8403 0.8571 0.8279
19 0.8711 0.5563 0.8423 0.8537 0.8184
20 0.8680 0.5898 0.8369 0.8589 0.8299
21 0.8670 0.6160 0.8375 0.8596 0.8282
22 0.8689 0.6250 0.8393 0.8599 0.8275
23 0.8754 0.6207 0.8500 0.8540 0.8274
24 0.8775 0.6139 0.8517 0.8327 0.7917
25 0.8785 0.6504 0.8532 0.8607 0.8343
26 0.8833 0.6358 0.8565 0.8584 0.8283
27 0.8679 0.7295 0.8363 0.8634 0.8344
28 0.8847 0.6738 0.8595 0.8646 0.8350
29 0.8798 0.7324 0.8511 0.8767 0.8500
30 0.8775 0.7519 0.8511 0.8664 0.8369
31 0.8903 0.6836 0.8621 0.8448 0.8196
32 0.8871 0.7408 0.8632 0.8715 0.8417
33 0.8799 0.7773 0.8526 0.8729 0.8494
34 0.8961 0.7146 0.8692 0.8655 0.8390
35 0.8966 0.7097 0.8708 0.8674 0.8377
36 0.8960 0.7550 0.8697 0.8683 0.8440
37 0.8940 0.7620 0.8696 0.8760 0.8487
38 0.9033 0.7261 0.8786 0.8740 0.8515
39 0.8996 0.7606 0.8738 0.8784 0.8541
40 0.9020 0.7872 0.8780 0.8713 0.8462
41 0.9027 0.7802 0.8756 0.8806 0.8561
42 0.8955 0.8169 0.8714 0.8799 0.8554
43 0.9023 0.7861 0.8794 0.8763 0.8507
44 0.9027 0.7964 0.8794 0.8763 0.8500
45 0.9069 0.7818 0.8844 0.8806 0.8532
46 0.9115 0.7655 0.8896 0.8794 0.8531
47 0.9059 0.8204 0.8829 0.8811 0.8574
48 0.9058 0.8031 0.8811 0.8824 0.8593
49 0.9212 0.7263 0.9008 0.8832 0.8594
50 0.8844 1.1229 0.8545 0.8674 0.8440
51 0.8728 1.1801 0.8464 0.8610 0.8307
52 0.8788 1.1758 0.8484 0.8682 0.8416
53 0.8820 1.1439 0.8545 0.8777 0.8504
54 0.8846 1.1090 0.8560 0.8803 0.8511
55 0.8815 1.1289 0.8522 0.8644 0.8361
56 0.8908 1.0337 0.8660 0.8723 0.8446
57 0.8890 1.0354 0.8632 0.8776 0.8524
58 0.8804 1.1138 0.8556 0.8710 0.8454
59 0.8940 0.9961 0.8702 0.8683 0.8426
60 0.8988 0.9607 0.8754 0.8728 0.8455
61 0.8927 1.0083 0.8659 0.8755 0.8476
62 0.8993 0.9784 0.8751 0.8748 0.8475
63 0.8890 1.0275 0.8648 0.8819 0.8549
64 0.8904 1.0183 0.8633 0.8786 0.8535
65 0.9028 0.9057 0.8787 0.8759 0.8535
66 0.9058 0.9111 0.8826 0.8871 0.8620
67 0.9055 0.8782 0.8828 0.8682 0.8432
68 0.9024 0.8946 0.8806 0.8766 0.8471
69 0.8980 0.9377 0.8746 0.8823 0.8585
70 0.9059 0.9007 0.8827 0.8753 0.8525
71 0.8903 1.0581 0.8603 0.8757 0.8532
72 0.9098 0.8832 0.8869 0.8798 0.8544
73 0.9048 0.9039 0.8805 0.8796 0.8529
74 0.9121 0.8510 0.8890 0.8780 0.8516
75 0.9174 0.7891 0.8963 0.8880 0.8655
76 0.9082 0.8480 0.8857 0.8852 0.8620
77 0.9140 0.8232 0.8933 0.8869 0.8640
78 0.9091 0.8543 0.8875 0.8896 0.8652
79 0.9165 0.7793 0.8937 0.8813 0.8585
80 0.9084 0.8228 0.8855 0.8833 0.8584
81 0.9128 0.7978 0.8924 0.8864 0.8620
82 0.9236 0.7148 0.9060 0.8873 0.8621
83 0.9233 0.7052 0.9040 0.8849 0.8630
84 0.9197 0.7251 0.9017 0.8874 0.8634
85 0.9239 0.7149 0.9030 0.8879 0.8661
86 0.9193 0.7382 0.8978 0.8844 0.8626
87 0.9231 0.7305 0.9007 0.8915 0.8695
88 0.9272 0.6603 0.9085 0.8931 0.8712
89 0.9258 0.6774 0.9094 0.8928 0.8696
90 0.9265 0.6607 0.9082 0.8917 0.8706
91 0.9288 0.6429 0.9104 0.8923 0.8702
92 0.9249 0.6753 0.9055 0.8970 0.8731
93 0.9227 0.7034 0.9026 0.8937 0.8693
94 0.9250 0.6694 0.9071 0.8912 0.8699
95 0.9214 0.6862 0.9026 0.8919 0.8679
96 0.9220 0.6808 0.9021 0.8927 0.8710
97 0.9301 0.6348 0.9115 0.8903 0.8681
98 0.9308 0.6277 0.9119 0.8958 0.8746
99 0.9270 0.6584 0.9076 0.8944 0.8705
100 0.9230 0.7071 0.9059 0.8866 0.8626
101 0.9115 0.7935 0.8900 0.8862 0.8618
102 0.9211 0.7185 0.9017 0.8890 0.8659
103 0.9166 0.7856 0.8981 0.8800 0.8584
104 0.9273 0.7025 0.9089 0.8898 0.8672
105 0.9236 0.6958 0.9044 0.8908 0.8635
106 0.9228 0.7009 0.9040 0.8813 0.8554
107 0.9189 0.7568 0.8985 0.8850 0.8616
108 0.9240 0.7072 0.9030 0.8857 0.8626
109 0.9184 0.7450 0.8977 0.8852 0.8584
110 0.9266 0.6645 0.9097 0.8865 0.8611
111 0.9252 0.6804 0.9078 0.8872 0.8652
112 0.9233 0.6869 0.9055 0.8832 0.8606
113 0.9225 0.6976 0.9032 0.8896 0.8664
114 0.9209 0.7108 0.9028 0.8865 0.8622
115 0.9185 0.7151 0.9017 0.8854 0.8600
116 0.9253 0.6924 0.9056 0.8916 0.8679
117 0.9209 0.7016 0.9016 0.8898 0.8637
118 0.9270 0.6688 0.9078 0.8855 0.8610
119 0.9268 0.6753 0.9096 0.8860 0.8604
120 0.9295 0.6433 0.9134 0.8902 0.8650
121 0.9245 0.6648 0.9066 0.8924 0.8699
122 0.9307 0.6293 0.9125 0.8878 0.8649
123 0.9278 0.6554 0.9111 0.8847 0.8631
124 0.9280 0.6249 0.9108 0.8877 0.8616
125 0.9352 0.5979 0.9186 0.8914 0.8690
126 0.9240 0.6528 0.9069 0.8894 0.8654
127 0.9316 0.6134 0.9143 0.8887 0.8651
128 0.9308 0.6055 0.9138 0.8947 0.8714
129 0.9248 0.6301 0.9063 0.8929 0.8685
130 0.9307 0.6200 0.9122 0.8925 0.8684
131 0.9361 0.5625 0.9205 0.8975 0.8750
132 0.9321 0.5926 0.9170 0.8953 0.8725
133 0.9358 0.5865 0.9191 0.8970 0.8751
134 0.9356 0.5805 0.9195 0.8906 0.8656
135 0.9328 0.6102 0.9158 0.8938 0.8707
136 0.9329 0.5832 0.9163 0.8906 0.8696
137 0.9356 0.5767 0.9208 0.8962 0.8732
138 0.9394 0.5464 0.9227 0.8922 0.8700
139 0.9387 0.5455 0.9250 0.8899 0.8695
140 0.9415 0.5249 0.9262 0.8947 0.8739
141 0.9344 0.5675 0.9181 0.8926 0.8720
142 0.9296 0.5887 0.9138 0.8986 0.8757
143 0.9405 0.5247 0.9251 0.8949 0.8724
144 0.9345 0.5648 0.9179 0.8944 0.8735
145 0.9377 0.5427 0.9226 0.8967 0.8743
146 0.9356 0.5711 0.9212 0.8949 0.8735
147 0.9404 0.5170 0.9265 0.8957 0.8730
148 0.9350 0.5584 0.9189 0.8948 0.8732
149 0.9386 0.5348 0.9246 0.8965 0.8746
150 0.9369 0.5533 0.9219 0.8953 0.8720
151 0.9351 0.5710 0.9182 0.8914 0.8689
152 0.9341 0.5849 0.9188 0.8967 0.8735
153 0.9309 0.5972 0.9139 0.8922 0.8702
154 0.9373 0.5572 0.9224 0.8914 0.8686
155 0.9328 0.5969 0.9160 0.8900 0.8685
156 0.9373 0.5557 0.9207 0.8883 0.8650
157 0.9370 0.5661 0.9208 0.8914 0.8685
158 0.9352 0.5698 0.9197 0.8881 0.8664
159 0.9362 0.5441 0.9214 0.8898 0.8661
160 0.9309 0.6167 0.9136 0.8923 0.8689
161 0.9365 0.5518 0.9225 0.8896 0.8665
162 0.9393 0.5352 0.9242 0.8950 0.8714
163 0.9393 0.5412 0.9282 0.8990 0.8750
164 0.9350 0.5545 0.9223 0.8924 0.8697
165 0.9354 0.5467 0.9209 0.8925 0.8704
166 0.9389 0.5441 0.9256 0.8942 0.8717
167 0.9409 0.5316 0.9271 0.8891 0.8656
168 0.9378 0.5486 0.9230 0.8919 0.8709
169 0.9395 0.5378 0.9264 0.8931 0.8721
170 0.9375 0.5560 0.9239 0.8946 0.8720
171 0.9414 0.5312 0.9271 0.8878 0.8662
172 0.9377 0.5412 0.9224 0.8972 0.8751
173 0.9444 0.4970 0.9314 0.8942 0.8724
174 0.9411 0.5076 0.9270 0.8956 0.8725
175 0.9414 0.5108 0.9269 0.8983 0.8763
176 0.9372 0.5427 0.9237 0.8947 0.8734
177 0.9379 0.5479 0.9213 0.8949 0.8729
178 0.9404 0.5195 0.9262 0.8960 0.8729
179 0.9360 0.5630 0.9203 0.8951 0.8744
180 0.9412 0.5173 0.9268 0.8938 0.8740
181 0.9415 0.4962 0.9273 0.8930 0.8720
182 0.9373 0.5352 0.9220 0.8918 0.8696
183 0.9377 0.5324 0.9232 0.8941 0.8715
184 0.9439 0.4939 0.9316 0.8930 0.8691
185 0.9418 0.4963 0.9284 0.8951 0.8726
186 0.9365 0.5522 0.9223 0.8970 0.8734
187 0.9399 0.5307 0.9268 0.8933 0.8704
188 0.9438 0.4867 0.9322 0.8953 0.8719
189 0.9431 0.4879 0.9296 0.8977 0.8744
190 0.9406 0.5010 0.9256 0.8953 0.8739
191 0.9433 0.4897 0.9312 0.8977 0.8748
192 0.9429 0.4792 0.9299 0.8968 0.8751
193 0.9459 0.4568 0.9356 0.8955 0.8729
194 0.9442 0.4857 0.9314 0.8948 0.8720
195 0.9407 0.5023 0.9273 0.8946 0.8718
196 0.9448 0.4779 0.9313 0.8938 0.8720
197 0.9447 0.4743 0.9314 0.8938 0.8720
198 0.9412 0.4872 0.9293 0.8950 0.8716
199 0.9441 0.4797 0.9304 0.8938 0.8711
