epoch train_iou train_loss train_mAP val_iou val_mAP
0 0.4151 0.1749 0.3311 0.6399 0.5721
1 0.6184 0.2062 0.5485 0.6845 0.6156
2 0.6595 0.2599 0.5977 0.7195 0.6584
3 0.7037 0.2904 0.6441 0.7307 0.6766
4 0.7156 0.3406 0.6589 0.7200 0.6585
5 0.7363 0.3726 0.6830 0.7530 0.7064
6 0.7419 0.4032 0.6925 0.7511 0.6991
7 0.7482 0.4383 0.6993 0.7638 0.7174
8 0.7718 0.4515 0.7242 0.7789 0.7345
9 0.7747 0.4862 0.7238 0.7923 0.7507
10 0.7807 0.5078 0.7393 0.7960 0.7499
11 0.7877 0.5423 0.7444 0.7983 0.7524
12 0.7922 0.5498 0.7481 0.8097 0.7717
13 0.8117 0.5651 0.7673 0.8081 0.7711
14 0.8118 0.5779 0.7711 0.8106 0.7690
15 0.8135 0.6273 0.7721 0.8116 0.7766
16 0.8105 0.6495 0.7679 0.8179 0.7810
17 0.8189 0.6640 0.7793 0.8174 0.7795
18 0.8220 0.6723 0.7825 0.8202 0.7841
19 0.8272 0.6899 0.7903 0.8214 0.7815
20 0.8321 0.7099 0.7970 0.8286 0.7935
21 0.8284 0.7439 0.7887 0.8205 0.7891
22 0.8373 0.7437 0.8031 0.8291 0.7936
23 0.8396 0.7786 0.8024 0.8299 0.7957
24 0.8426 0.7739 0.8041 0.8218 0.7830
25 0.8412 0.7954 0.8050 0.8320 0.7972
26 0.8504 0.7973 0.8140 0.8392 0.8011
27 0.8371 0.8641 0.7991 0.8321 0.7959
28 0.8428 0.8556 0.8076 0.8157 0.7856
29 0.8475 0.8570 0.8131 0.8289 0.7984
30 0.8542 0.8840 0.8213 0.8269 0.7830
31 0.8577 0.8853 0.8217 0.8234 0.7871
32 0.8510 0.9359 0.8163 0.8332 0.8032
33 0.8541 0.9272 0.8200 0.8271 0.7979
34 0.8481 1.0052 0.8139 0.8254 0.7900
35 0.8555 0.9900 0.8206 0.8378 0.8061
36 0.8566 0.9849 0.8228 0.8365 0.8037
37 0.8578 1.0000 0.8234 0.8372 0.8049
38 0.8535 1.0693 0.8200 0.8391 0.8079
39 0.8691 1.0210 0.8359 0.8273 0.7977
40 0.8582 1.0838 0.8246 0.8298 0.8000
41 0.8521 1.1298 0.8199 0.8326 0.8018
42 0.8660 1.0726 0.8325 0.8387 0.8049
43 0.8515 1.1773 0.8200 0.8302 0.7962
44 0.8630 1.1343 0.8314 0.8429 0.8095
45 0.8665 1.1548 0.8332 0.8422 0.8049
46 0.8547 1.2499 0.8216 0.8308 0.8000
47 0.8585 1.2581 0.8223 0.8402 0.8087
48 0.8609 1.2764 0.8278 0.8431 0.8101
49 0.8711 1.1881 0.8396 0.8333 0.7999
50 0.8575 1.3208 0.8262 0.8370 0.8034
51 0.8624 1.2672 0.8304 0.8414 0.8084
52 0.8623 1.2489 0.8315 0.8269 0.7971
53 0.8674 1.2153 0.8324 0.8391 0.8029
54 0.8656 1.2324 0.8322 0.8482 0.8123
55 0.8737 1.1768 0.8399 0.8448 0.8147
56 0.8660 1.2426 0.8338 0.8499 0.8185
57 0.8756 1.1462 0.8469 0.8327 0.8082
58 0.8688 1.2253 0.8387 0.8416 0.8171
59 0.8689 1.2037 0.8370 0.8491 0.8147
60 0.8752 1.1277 0.8428 0.8448 0.8131
61 0.8750 1.1561 0.8431 0.8481 0.8238
62 0.8773 1.1298 0.8497 0.8410 0.8131
63 0.8814 1.1229 0.8506 0.8413 0.8100
64 0.8787 1.0657 0.8486 0.8426 0.8036
65 0.8804 1.1166 0.8505 0.8527 0.8206
66 0.8776 1.1071 0.8481 0.8435 0.8124
67 0.8774 1.0801 0.8467 0.8493 0.8227
68 0.8792 1.0559 0.8496 0.8494 0.8163
69 0.8826 1.0152 0.8532 0.8459 0.8135
70 0.8819 1.0368 0.8519 0.8577 0.8247
71 0.8814 1.0548 0.8527 0.8481 0.8209
72 0.8798 1.0623 0.8516 0.8559 0.8239
73 0.8819 1.0724 0.8531 0.8605 0.8269
74 0.8809 1.0287 0.8537 0.8534 0.8242
75 0.8846 1.0428 0.8560 0.8448 0.8132
76 0.8780 1.1144 0.8499 0.8428 0.8182
77 0.8841 1.0578 0.8556 0.8447 0.8121
78 0.8874 1.0257 0.8625 0.8438 0.8209
79 0.8866 1.0152 0.8589 0.8456 0.8136
80 0.8828 1.0238 0.8564 0.8510 0.8210
81 0.8876 0.9750 0.8602 0.8453 0.8174
82 0.8832 0.9946 0.8546 0.8522 0.8264
83 0.8844 0.9896 0.8574 0.8447 0.8208
84 0.8765 1.1043 0.8512 0.8398 0.8148
85 0.8906 0.9365 0.8656 0.8576 0.8307
86 0.8938 0.8876 0.8702 0.8638 0.8359
87 0.8972 0.8308 0.8718 0.8592 0.8305
88 0.9031 0.7906 0.8786 0.8585 0.8314
89 0.9066 0.8029 0.8812 0.8613 0.8336
90 0.9020 0.7975 0.8781 0.8607 0.8341
91 0.9004 0.8209 0.8743 0.8668 0.8376
92 0.9046 0.7805 0.8796 0.8608 0.8338
93 0.9035 0.7827 0.8788 0.8615 0.8325
94 0.8989 0.8050 0.8745 0.8604 0.8334
95 0.9036 0.7554 0.8786 0.8615 0.8336
96 0.9070 0.7615 0.8837 0.8644 0.8360
97 0.9019 0.7697 0.8756 0.8654 0.8399
98 0.9007 0.7864 0.8746 0.8652 0.8382
99 0.9071 0.7286 0.8843 0.8619 0.8346
100 0.9059 0.7459 0.8809 0.8622 0.8336
101 0.9128 0.7072 0.8903 0.8658 0.8376
102 0.9015 0.7702 0.8761 0.8612 0.8324
103 0.9125 0.7399 0.8891 0.8599 0.8330
104 0.9086 0.7404 0.8829 0.8636 0.8359
105 0.9064 0.7409 0.8822 0.8630 0.8375
106 0.9106 0.7319 0.8867 0.8626 0.8355
107 0.9107 0.7028 0.8878 0.8659 0.8384
108 0.9104 0.6955 0.8860 0.8613 0.8331
109 0.9111 0.7319 0.8872 0.8580 0.8303
110 0.9042 0.7521 0.8807 0.8598 0.8316
111 0.9067 0.7101 0.8815 0.8604 0.8327
112 0.9118 0.6978 0.8888 0.8587 0.8316
113 0.9102 0.6964 0.8866 0.8590 0.8309
114 0.9121 0.6843 0.8888 0.8617 0.8339
115 0.9136 0.6871 0.8907 0.8593 0.8326
116 0.9105 0.7105 0.8868 0.8587 0.8309
117 0.9088 0.7222 0.8847 0.8589 0.8320
118 0.9101 0.6811 0.8875 0.8619 0.8330
119 0.9083 0.7257 0.8832 0.8625 0.8351
120 0.9110 0.7038 0.8890 0.8574 0.8304
121 0.9109 0.7057 0.8866 0.8619 0.8340
122 0.9113 0.6940 0.8875 0.8615 0.8335
123 0.9096 0.6879 0.8877 0.8614 0.8339
124 0.9092 0.7303 0.8861 0.8592 0.8313
125 0.9091 0.7019 0.8859 0.8631 0.8369
126 0.9099 0.6986 0.8857 0.8600 0.8326
127 0.9126 0.6952 0.8897 0.8593 0.8321
128 0.9076 0.7216 0.8842 0.8596 0.8324
129 0.9102 0.7068 0.8880 0.8633 0.8350
130 0.9104 0.6989 0.8878 0.8597 0.8322
131 0.9134 0.6823 0.8887 0.8605 0.8329
132 0.9061 0.7196 0.8828 0.8616 0.8349
133 0.9081 0.7194 0.8832 0.8606 0.8336
134 0.9091 0.6954 0.8852 0.8618 0.8341
135 0.9089 0.7060 0.8836 0.8596 0.8325
136 0.9076 0.6958 0.8849 0.8596 0.8314
137 0.9108 0.7001 0.8878 0.8608 0.8331
138 0.9082 0.7131 0.8843 0.8603 0.8324
139 0.9064 0.7113 0.8829 0.8630 0.8355
140 0.9115 0.7159 0.8895 0.8611 0.8341
141 0.9112 0.7084 0.8869 0.8606 0.8329
142 0.9164 0.6579 0.8946 0.8591 0.8321
143 0.9101 0.7153 0.8863 0.8631 0.8357
144 0.9145 0.6970 0.8897 0.8598 0.8327
145 0.9106 0.6940 0.8863 0.8626 0.8349
146 0.9097 0.7165 0.8864 0.8597 0.8330
147 0.9112 0.7162 0.8863 0.8589 0.8314
148 0.9123 0.7047 0.8882 0.8598 0.8317
149 0.9091 0.6987 0.8861 0.8622 0.8336
150 0.9095 0.7063 0.8861 0.8631 0.8358
151 0.9085 0.7190 0.8848 0.8591 0.8309
152 0.9059 0.7249 0.8822 0.8595 0.8321
153 0.9123 0.6858 0.8890 0.8600 0.8317
154 0.9102 0.7015 0.8861 0.8613 0.8339
155 0.9138 0.7057 0.8915 0.8596 0.8322
156 0.9101 0.7020 0.8857 0.8606 0.8326
157 0.9133 0.6953 0.8891 0.8608 0.8340
158 0.9112 0.7122 0.8880 0.8584 0.8309
159 0.9097 0.6998 0.8862 0.8642 0.8363
160 0.9148 0.6841 0.8918 0.8596 0.8319
161 0.9110 0.6988 0.8879 0.8618 0.8338
162 0.9119 0.6935 0.8880 0.8585 0.8303
163 0.9103 0.7069 0.8856 0.8627 0.8350
164 0.9127 0.6894 0.8887 0.8620 0.8349
165 0.9111 0.7045 0.8875 0.8594 0.8304
166 0.9137 0.6956 0.8911 0.8601 0.8322
167 0.9076 0.7191 0.8855 0.8590 0.8311
168 0.9113 0.7018 0.8870 0.8596 0.8316
169 0.9117 0.6868 0.8894 0.8595 0.8313
170 0.9093 0.7093 0.8838 0.8599 0.8315
171 0.9146 0.6944 0.8922 0.8596 0.8324
172 0.9126 0.6946 0.8887 0.8630 0.8350
173 0.9084 0.7178 0.8850 0.8597 0.8318
174 0.9105 0.6859 0.8879 0.8617 0.8340
175 0.9129 0.7044 0.8898 0.8603 0.8335
176 0.9081 0.7223 0.8849 0.8584 0.8300
177 0.9101 0.7308 0.8860 0.8636 0.8356
178 0.9071 0.7366 0.8838 0.8610 0.8329
179 0.9098 0.7351 0.8886 0.8637 0.8367
180 0.9102 0.6974 0.8869 0.8605 0.8316
181 0.9064 0.7235 0.8818 0.8592 0.8314
182 0.9111 0.7099 0.8891 0.8590 0.8306
183 0.9085 0.7225 0.8843 0.8643 0.8371
184 0.9114 0.7141 0.8869 0.8609 0.8336
185 0.9104 0.7119 0.8862 0.8587 0.8320
186 0.9093 0.7175 0.8859 0.8613 0.8335
187 0.9084 0.7240 0.8852 0.8603 0.8331
188 0.9126 0.6945 0.8899 0.8601 0.8326
189 0.9074 0.7159 0.8845 0.8594 0.8315
190 0.9079 0.7129 0.8839 0.8597 0.8321
191 0.9140 0.6750 0.8915 0.8631 0.8349
192 0.9096 0.7119 0.8841 0.8592 0.8314
193 0.9095 0.7219 0.8856 0.8585 0.8319
194 0.9112 0.6962 0.8882 0.8605 0.8320
195 0.9138 0.6839 0.8902 0.8633 0.8361
196 0.9093 0.6950 0.8855 0.8608 0.8334
197 0.9106 0.6905 0.8879 0.8650 0.8375
198 0.9100 0.7129 0.8858 0.8602 0.8320
199 0.9116 0.7083 0.8884 0.8605 0.8331
