epoch train_iou train_loss train_mAP val_iou val_mAP
0 0.5916 0.1672 0.5230 0.7486 0.6970
1 0.7106 0.1504 0.6569 0.7713 0.7293
2 0.7623 0.1514 0.7170 0.8000 0.7606
3 0.7954 0.1541 0.7577 0.8211 0.7851
4 0.8135 0.1590 0.7771 0.8326 0.7952
5 0.8306 0.1599 0.7922 0.8385 0.8046
6 0.8211 0.1909 0.7840 0.8358 0.8018
7 0.8218 0.2155 0.7837 0.8224 0.7912
8 0.8033 0.2618 0.7637 0.8091 0.7694
9 0.7760 0.3057 0.7361 0.8243 0.7947
10 0.7956 0.3028 0.7580 0.8018 0.7394
11 0.8254 0.2861 0.7885 0.8310 0.8015
12 0.8308 0.2876 0.7975 0.8385 0.8106
13 0.8518 0.2545 0.8196 0.8378 0.8094
14 0.8600 0.2557 0.8285 0.8581 0.8256
15 0.8726 0.2427 0.8403 0.8619 0.8322
16 0.8646 0.2599 0.8342 0.8694 0.8367
17 0.8632 0.2950 0.8312 0.8610 0.8279
18 0.8525 0.3274 0.8210 0.8551 0.8210
19 0.8374 0.3689 0.8042 0.8423 0.8139
20 0.8459 0.3897 0.8126 0.8475 0.8235
21 0.8473 0.3949 0.8163 0.8484 0.8214
22 0.8603 0.3734 0.8298 0.8545 0.8225
23 0.8771 0.3320 0.8492 0.8582 0.8291
24 0.8867 0.3084 0.8580 0.8713 0.8406
25 0.8933 0.2887 0.8667 0.8717 0.8430
26 0.8948 0.3005 0.8671 0.8660 0.8368
27 0.8836 0.3512 0.8542 0.8608 0.8314
28 0.8785 0.3859 0.8485 0.8653 0.8354
29 0.8570 0.4729 0.8252 0.8541 0.8250
30 0.8625 0.4614 0.8316 0.8448 0.8195
31 0.8638 0.4746 0.8364 0.8494 0.8217
32 0.8799 0.4147 0.8517 0.8686 0.8409
33 0.8902 0.3946 0.8636 0.8666 0.8364
34 0.9014 0.3519 0.8748 0.8748 0.8446
35 0.9033 0.3364 0.8774 0.8763 0.8470
36 0.9028 0.3562 0.8766 0.8756 0.8490
37 0.9001 0.3722 0.8715 0.8743 0.8449
38 0.8913 0.4348 0.8648 0.8644 0.8399
39 0.8832 0.4806 0.8542 0.8589 0.8335
40 0.8806 0.5334 0.8520 0.8509 0.8223
41 0.8796 0.5225 0.8523 0.8593 0.8273
42 0.8943 0.4570 0.8664 0.8738 0.8468
43 0.8972 0.4467 0.8701 0.8717 0.8419
44 0.9085 0.3962 0.8852 0.8762 0.8496
45 0.9095 0.3894 0.8855 0.8778 0.8509
46 0.9113 0.3926 0.8857 0.8758 0.8481
47 0.9130 0.4037 0.8859 0.8712 0.8449
48 0.9042 0.4667 0.8773 0.8701 0.8415
49 0.8990 0.5020 0.8730 0.8596 0.8338
50 0.8672 0.6572 0.8389 0.8673 0.8323
51 0.8841 0.5824 0.8557 0.8635 0.8339
52 0.8956 0.5148 0.8691 0.8692 0.8395
53 0.9088 0.4648 0.8828 0.8760 0.8497
54 0.9146 0.4395 0.8917 0.8754 0.8481
55 0.9198 0.4200 0.8972 0.8741 0.8478
56 0.9189 0.4300 0.8947 0.8786 0.8526
57 0.9131 0.4532 0.8902 0.8725 0.8430
58 0.9187 0.4719 0.8950 0.8648 0.8369
59 0.8918 0.6030 0.8654 0.8520 0.8225
60 0.8710 0.7289 0.8412 0.8628 0.8345
61 0.8922 0.6455 0.8677 0.8619 0.8291
62 0.9030 0.5849 0.8769 0.8630 0.8417
63 0.9101 0.5145 0.8858 0.8685 0.8435
64 0.9158 0.4951 0.8920 0.8749 0.8510
65 0.9223 0.4627 0.9008 0.8767 0.8524
66 0.9241 0.4437 0.9020 0.8725 0.8467
67 0.9170 0.4930 0.8931 0.8751 0.8485
68 0.9105 0.5790 0.8860 0.8709 0.8439
69 0.9011 0.6647 0.8768 0.8591 0.8324
70 0.8825 0.7596 0.8562 0.8626 0.8345
71 0.8986 0.6508 0.8772 0.8641 0.8378
72 0.9046 0.6504 0.8813 0.8657 0.8395
73 0.9155 0.5479 0.8935 0.8722 0.8447
74 0.9200 0.5176 0.8980 0.8731 0.8475
75 0.9235 0.4983 0.9033 0.8782 0.8530
76 0.9262 0.4966 0.9046 0.8784 0.8539
77 0.9187 0.5632 0.8971 0.8732 0.8496
78 0.9201 0.5676 0.8964 0.8800 0.8564
79 0.9063 0.6796 0.8827 0.8619 0.8364
80 0.8949 0.8288 0.8692 0.8715 0.8369
81 0.9071 0.6944 0.8813 0.8656 0.8359
82 0.9150 0.6441 0.8920 0.8671 0.8421
83 0.9221 0.5823 0.9011 0.8782 0.8501
84 0.9253 0.5627 0.9044 0.8808 0.8548
85 0.9281 0.5308 0.9100 0.8833 0.8581
86 0.9265 0.5457 0.9069 0.8817 0.8555
87 0.9269 0.5756 0.9061 0.8751 0.8491
88 0.9120 0.6776 0.8895 0.8640 0.8430
89 0.9047 0.7727 0.8800 0.8753 0.8476
90 0.9016 0.8212 0.8765 0.8627 0.8368
91 0.9063 0.7705 0.8827 0.8699 0.8440
92 0.9138 0.7116 0.8913 0.8690 0.8455
93 0.9198 0.6381 0.8997 0.8795 0.8508
94 0.9273 0.5927 0.9070 0.8800 0.8547
95 0.9326 0.5573 0.9129 0.8831 0.8576
96 0.9240 0.5953 0.9061 0.8798 0.8517
97 0.9272 0.6036 0.9071 0.8746 0.8494
98 0.9198 0.6711 0.8978 0.8709 0.8415
99 0.9046 0.8519 0.8836 0.8635 0.8396
100 0.9160 0.7097 0.8945 0.8686 0.8443
101 0.9256 0.6535 0.9062 0.8692 0.8469
102 0.9260 0.6317 0.9060 0.8735 0.8490
103 0.9336 0.5645 0.9153 0.8759 0.8545
104 0.9316 0.5775 0.9128 0.8794 0.8570
105 0.9328 0.5522 0.9158 0.8778 0.8557
106 0.9301 0.5561 0.9124 0.8777 0.8536
107 0.9331 0.5751 0.9164 0.8754 0.8512
108 0.9299 0.5614 0.9104 0.8802 0.8542
109 0.9257 0.6084 0.9066 0.8766 0.8524
110 0.9277 0.6221 0.9095 0.8727 0.8494
111 0.9261 0.6215 0.9074 0.8692 0.8465
112 0.9305 0.5797 0.9128 0.8775 0.8539
113 0.9342 0.5447 0.9175 0.8730 0.8498
114 0.9351 0.5479 0.9176 0.8782 0.8549
115 0.9382 0.5116 0.9222 0.8748 0.8504
116 0.9356 0.5163 0.9183 0.8813 0.8586
117 0.9349 0.5336 0.9195 0.8700 0.8480
118 0.9347 0.5255 0.9178 0.8778 0.8515
119 0.9297 0.5635 0.9141 0.8746 0.8524
120 0.9266 0.5952 0.9094 0.8758 0.8509
121 0.9277 0.5908 0.9109 0.8777 0.8521
122 0.9323 0.5670 0.9151 0.8857 0.8600
123 0.9320 0.5634 0.9161 0.8788 0.8553
124 0.9347 0.5331 0.9180 0.8816 0.8576
125 0.9325 0.5225 0.9161 0.8816 0.8585
126 0.9353 0.5308 0.9178 0.8789 0.8569
127 0.9337 0.5251 0.9176 0.8809 0.8559
128 0.9295 0.5577 0.9132 0.8802 0.8560
129 0.9310 0.5731 0.9165 0.8817 0.8595
130 0.9293 0.5713 0.9114 0.8827 0.8566
131 0.9305 0.5846 0.9142 0.8777 0.8540
132 0.9333 0.5529 0.9175 0.8799 0.8586
133 0.9330 0.5251 0.9178 0.8775 0.8569
134 0.9385 0.5077 0.9242 0.8783 0.8565
135 0.9409 0.4860 0.9274 0.8793 0.8574
136 0.9381 0.4923 0.9232 0.8818 0.8580
137 0.9422 0.4692 0.9271 0.8799 0.8571
138 0.9403 0.4800 0.9261 0.8820 0.8591
139 0.9365 0.5380 0.9210 0.8856 0.8614
140 0.9309 0.5439 0.9145 0.8796 0.8580
141 0.9302 0.5595 0.9125 0.8824 0.8612
142 0.9319 0.5555 0.9167 0.8802 0.8589
143 0.9384 0.5041 0.9224 0.8793 0.8568
144 0.9365 0.5092 0.9217 0.8822 0.8582
145 0.9405 0.4850 0.9285 0.8805 0.8568
146 0.9431 0.4628 0.9294 0.8805 0.8574
147 0.9407 0.4615 0.9265 0.8870 0.8622
148 0.9379 0.5086 0.9236 0.8749 0.8521
149 0.9377 0.4982 0.9230 0.8791 0.8595
150 0.9335 0.5244 0.9177 0.8782 0.8520
151 0.9337 0.5335 0.9176 0.8850 0.8571
152 0.9362 0.4990 0.9225 0.8769 0.8510
153 0.9396 0.4617 0.9266 0.8823 0.8584
154 0.9387 0.4675 0.9255 0.8873 0.8627
155 0.9395 0.4683 0.9260 0.8881 0.8639
156 0.9382 0.4850 0.9251 0.8834 0.8596
157 0.9401 0.4764 0.9261 0.8861 0.8602
158 0.9379 0.4913 0.9230 0.8888 0.8639
159 0.9384 0.5014 0.9227 0.8828 0.8565
160 0.9399 0.4968 0.9244 0.8869 0.8620
161 0.9390 0.5008 0.9251 0.8873 0.8616
162 0.9431 0.4681 0.9277 0.8849 0.8609
163 0.9461 0.4443 0.9330 0.8849 0.8630
164 0.9414 0.4627 0.9287 0.8844 0.8639
165 0.9458 0.4301 0.9350 0.8816 0.8595
166 0.9439 0.4447 0.9306 0.8838 0.8621
167 0.9453 0.4492 0.9317 0.8853 0.8629
168 0.9433 0.4591 0.9304 0.8850 0.8629
169 0.9405 0.4611 0.9256 0.8905 0.8664
170 0.9425 0.4447 0.9313 0.8894 0.8655
171 0.9471 0.4293 0.9347 0.8862 0.8625
172 0.9472 0.4384 0.9346 0.8855 0.8619
173 0.9479 0.4205 0.9367 0.8839 0.8620
174 0.9469 0.4235 0.9350 0.8810 0.8601
175 0.9429 0.4395 0.9313 0.8841 0.8623
176 0.9470 0.4213 0.9342 0.8815 0.8595
177 0.9472 0.4264 0.9358 0.8844 0.8614
178 0.9441 0.4604 0.9300 0.8834 0.8611
179 0.9457 0.4312 0.9344 0.8866 0.8634
180 0.9427 0.4392 0.9312 0.8833 0.8596
181 0.9466 0.4243 0.9347 0.8881 0.8659
182 0.9457 0.4268 0.9336 0.8842 0.8616
183 0.9450 0.4238 0.9332 0.8859 0.8639
184 0.9435 0.4288 0.9324 0.8851 0.8621
185 0.9455 0.4136 0.9347 0.8873 0.8655
186 0.9459 0.4128 0.9351 0.8870 0.8637
187 0.9444 0.4292 0.9325 0.8871 0.8645
188 0.9446 0.4197 0.9322 0.8878 0.8647
189 0.9472 0.4212 0.9371 0.8870 0.8637
190 0.9441 0.4308 0.9327 0.8854 0.8611
191 0.9447 0.4300 0.9339 0.8897 0.8660
192 0.9502 0.4074 0.9391 0.8852 0.8639
193 0.9470 0.4221 0.9366 0.8870 0.8640
194 0.9477 0.4094 0.9373 0.8872 0.8644
195 0.9499 0.3889 0.9397 0.8873 0.8641
196 0.9448 0.4137 0.9337 0.8892 0.8659
197 0.9441 0.4124 0.9324 0.8904 0.8666
198 0.9479 0.3973 0.9371 0.8833 0.8626
199 0.9451 0.4194 0.9347 0.8846 0.8621
