epoch train_iou train_loss train_mAP val_iou val_mAP
0 0.6150 0.3084 0.5378 0.6989 0.6413
1 0.7466 0.2510 0.6924 0.7698 0.7224
2 0.7632 0.2848 0.7114 0.8001 0.7571
3 0.7901 0.2904 0.7446 0.8246 0.7854
4 0.7864 0.3333 0.7398 0.8039 0.7610
5 0.8053 0.3449 0.7610 0.8070 0.7760
6 0.8246 0.3341 0.7876 0.8129 0.7732
7 0.8222 0.3799 0.7791 0.8344 0.7976
8 0.8284 0.3976 0.7890 0.8419 0.8131
9 0.8320 0.4139 0.7960 0.8463 0.8155
10 0.8399 0.4322 0.8047 0.8469 0.8157
11 0.8403 0.4602 0.8037 0.8470 0.8234
12 0.8388 0.4774 0.8073 0.8413 0.8095
13 0.8441 0.5041 0.8059 0.8458 0.8204
14 0.8427 0.5276 0.8085 0.8532 0.8251
15 0.8516 0.5193 0.8203 0.8479 0.8161
16 0.8615 0.5314 0.8306 0.8524 0.8288
17 0.8585 0.5570 0.8293 0.8399 0.8170
18 0.8537 0.5955 0.8209 0.8567 0.8340
19 0.8550 0.6114 0.8217 0.8565 0.8317
20 0.8581 0.6206 0.8271 0.8649 0.8393
21 0.8674 0.5830 0.8369 0.8611 0.8357
22 0.8582 0.6567 0.8289 0.8549 0.8260
23 0.8654 0.6681 0.8359 0.8594 0.8354
24 0.8702 0.6614 0.8413 0.8530 0.8254
25 0.8714 0.6698 0.8402 0.8590 0.8364
26 0.8713 0.6881 0.8432 0.8631 0.8375
27 0.8686 0.7350 0.8404 0.8643 0.8399
28 0.8761 0.7225 0.8507 0.8687 0.8430
29 0.8733 0.7325 0.8463 0.8737 0.8481
30 0.8762 0.7548 0.8470 0.8636 0.8415
31 0.8731 0.7750 0.8446 0.8697 0.8445
32 0.8867 0.7274 0.8599 0.8736 0.8489
33 0.8804 0.7950 0.8557 0.8648 0.8446
34 0.8769 0.8296 0.8507 0.8671 0.8421
35 0.8837 0.7947 0.8568 0.8773 0.8519
36 0.8879 0.7935 0.8645 0.8710 0.8482
37 0.8953 0.7446 0.8686 0.8704 0.8486
38 0.8984 0.7744 0.8757 0.8570 0.8401
39 0.8946 0.8055 0.8704 0.8681 0.8455
40 0.8951 0.8297 0.8702 0.8713 0.8517
41 0.8961 0.7990 0.8693 0.8724 0.8512
42 0.8928 0.8509 0.8656 0.8716 0.8494
43 0.9028 0.8070 0.8813 0.8759 0.8550
44 0.8999 0.8267 0.8765 0.8796 0.8564
45 0.9035 0.8179 0.8792 0.8764 0.8534
46 0.9004 0.8538 0.8781 0.8814 0.8589
47 0.9044 0.8254 0.8826 0.8798 0.8564
48 0.9060 0.8267 0.8811 0.8810 0.8597
49 0.9148 0.7765 0.8897 0.8822 0.8610
50 0.8497 1.3957 0.8183 0.8538 0.8271
51 0.8504 1.4450 0.8172 0.8602 0.8370
52 0.8540 1.3763 0.8241 0.8704 0.8416
53 0.8759 1.2372 0.8467 0.8559 0.8235
54 0.8613 1.3082 0.8302 0.8540 0.8294
55 0.8579 1.3438 0.8299 0.8577 0.8312
56 0.8749 1.1721 0.8446 0.8664 0.8406
57 0.8671 1.2564 0.8371 0.8721 0.8452
58 0.8827 1.1172 0.8568 0.8712 0.8526
59 0.8863 1.1011 0.8625 0.8605 0.8363
60 0.8768 1.1569 0.8488 0.8673 0.8414
61 0.8781 1.1547 0.8523 0.8718 0.8505
62 0.8811 1.1149 0.8548 0.8685 0.8451
63 0.8859 1.0948 0.8592 0.8779 0.8547
64 0.8920 1.0438 0.8666 0.8755 0.8546
65 0.8945 1.0031 0.8690 0.8724 0.8474
66 0.8955 0.9992 0.8688 0.8775 0.8536
67 0.8934 1.0126 0.8700 0.8683 0.8467
68 0.8972 0.9590 0.8747 0.8749 0.8543
69 0.8973 0.9926 0.8748 0.8789 0.8579
70 0.9002 0.9541 0.8794 0.8854 0.8629
71 0.8949 0.9703 0.8738 0.8837 0.8601
72 0.8974 0.9339 0.8724 0.8813 0.8565
73 0.8987 0.9600 0.8748 0.8769 0.8542
74 0.9013 0.9215 0.8767 0.8811 0.8597
75 0.9070 0.9097 0.8856 0.8830 0.8607
76 0.9047 0.8991 0.8840 0.8776 0.8582
77 0.9107 0.8221 0.8911 0.8844 0.8598
78 0.9078 0.8685 0.8865 0.8843 0.8625
79 0.9137 0.8373 0.8940 0.8820 0.8592
80 0.9152 0.7988 0.8931 0.8781 0.8580
81 0.9147 0.8175 0.8948 0.8825 0.8618
82 0.9166 0.8074 0.8963 0.8810 0.8586
83 0.9142 0.8059 0.8928 0.8842 0.8596
84 0.9118 0.8527 0.8922 0.8828 0.8631
85 0.9189 0.7590 0.8978 0.8864 0.8650
86 0.9116 0.8140 0.8878 0.8853 0.8636
87 0.9116 0.8082 0.8918 0.8786 0.8574
88 0.9130 0.7854 0.8929 0.8808 0.8598
89 0.9141 0.7817 0.8939 0.8869 0.8662
90 0.9180 0.7625 0.8964 0.8820 0.8591
91 0.9232 0.7250 0.9045 0.8869 0.8661
92 0.9158 0.7687 0.8969 0.8824 0.8618
93 0.9257 0.6853 0.9087 0.8848 0.8645
94 0.9312 0.6552 0.9137 0.8873 0.8682
95 0.9274 0.6649 0.9102 0.8848 0.8660
96 0.9249 0.6731 0.9070 0.8856 0.8654
97 0.9215 0.6929 0.9015 0.8900 0.8680
98 0.9254 0.6655 0.9069 0.8868 0.8651
99 0.9294 0.6461 0.9123 0.8876 0.8645
100 0.9143 0.7806 0.8947 0.8784 0.8586
101 0.9122 0.8306 0.8888 0.8900 0.8661
102 0.9110 0.8284 0.8901 0.8825 0.8616
103 0.9188 0.7765 0.9001 0.8825 0.8611
104 0.9187 0.7627 0.8979 0.8835 0.8619
105 0.9105 0.8249 0.8896 0.8804 0.8585
106 0.9124 0.7911 0.8916 0.8838 0.8646
107 0.9175 0.7798 0.8979 0.8793 0.8571
108 0.9150 0.7979 0.8957 0.8825 0.8620
109 0.9192 0.7592 0.9011 0.8732 0.8510
110 0.9220 0.7180 0.9021 0.8826 0.8595
111 0.9195 0.7437 0.8973 0.8850 0.8627
112 0.9198 0.7402 0.9007 0.8882 0.8652
113 0.9123 0.7851 0.8901 0.8832 0.8639
114 0.9177 0.7215 0.9013 0.8913 0.8695
115 0.9264 0.6806 0.9103 0.8907 0.8695
116 0.9242 0.6926 0.9073 0.8865 0.8646
117 0.9256 0.6866 0.9073 0.8885 0.8637
118 0.9241 0.6920 0.9057 0.8896 0.8675
119 0.9271 0.6816 0.9098 0.8885 0.8656
120 0.9260 0.6873 0.9079 0.8850 0.8636
121 0.9284 0.6265 0.9127 0.8921 0.8705
122 0.9228 0.6849 0.9061 0.8864 0.8670
123 0.9247 0.6811 0.9073 0.8892 0.8686
124 0.9288 0.6337 0.9119 0.8879 0.8671
125 0.9236 0.6895 0.9053 0.8850 0.8612
126 0.9302 0.6426 0.9136 0.8896 0.8690
127 0.9247 0.6687 0.9091 0.8859 0.8635
128 0.9293 0.6603 0.9132 0.8889 0.8694
129 0.9298 0.6305 0.9118 0.8871 0.8679
130 0.9287 0.6580 0.9118 0.8856 0.8657
131 0.9233 0.6548 0.9052 0.8898 0.8709
132 0.9295 0.6111 0.9122 0.8884 0.8682
133 0.9263 0.6609 0.9085 0.8911 0.8704
134 0.9343 0.5944 0.9193 0.8877 0.8679
135 0.9309 0.6075 0.9140 0.8928 0.8726
136 0.9308 0.6099 0.9158 0.8894 0.8697
137 0.9295 0.6320 0.9142 0.8916 0.8691
138 0.9344 0.5936 0.9192 0.8940 0.8711
139 0.9368 0.5838 0.9216 0.8907 0.8697
140 0.9371 0.5695 0.9237 0.8912 0.8691
141 0.9345 0.5771 0.9186 0.8831 0.8624
142 0.9333 0.5932 0.9168 0.8917 0.8700
143 0.9333 0.5786 0.9180 0.8845 0.8656
144 0.9369 0.5476 0.9220 0.8909 0.8709
145 0.9370 0.5648 0.9212 0.8915 0.8701
146 0.9345 0.5839 0.9188 0.8894 0.8685
147 0.9426 0.5166 0.9282 0.8903 0.8687
148 0.9330 0.5809 0.9180 0.8905 0.8693
149 0.9373 0.5786 0.9213 0.8876 0.8665
150 0.9327 0.6013 0.9168 0.8905 0.8686
151 0.9313 0.6275 0.9142 0.8878 0.8674
152 0.9315 0.6084 0.9149 0.8906 0.8674
153 0.9286 0.6575 0.9114 0.8912 0.8696
154 0.9343 0.5897 0.9174 0.8893 0.8687
155 0.9339 0.6038 0.9181 0.8901 0.8711
156 0.9353 0.5632 0.9213 0.8911 0.8700
157 0.9345 0.5833 0.9190 0.8868 0.8656
158 0.9344 0.5788 0.9195 0.8874 0.8664
159 0.9369 0.5647 0.9228 0.8903 0.8684
160 0.9350 0.5641 0.9205 0.8894 0.8684
161 0.9279 0.6238 0.9115 0.8889 0.8670
162 0.9322 0.5938 0.9149 0.8925 0.8710
163 0.9306 0.6085 0.9134 0.8895 0.8691
164 0.9386 0.5422 0.9228 0.8886 0.8685
165 0.9387 0.5356 0.9257 0.8906 0.8696
166 0.9360 0.5683 0.9196 0.8886 0.8686
167 0.9389 0.5491 0.9240 0.8868 0.8664
168 0.9362 0.5600 0.9216 0.8877 0.8684
169 0.9429 0.5277 0.9287 0.8905 0.8715
170 0.9394 0.5451 0.9271 0.8936 0.8741
171 0.9376 0.5387 0.9234 0.8854 0.8641
172 0.9391 0.5635 0.9235 0.8871 0.8677
173 0.9394 0.5449 0.9245 0.8862 0.8657
174 0.9343 0.5727 0.9194 0.8895 0.8692
175 0.9383 0.5453 0.9237 0.8913 0.8722
176 0.9411 0.5148 0.9283 0.8912 0.8714
177 0.9419 0.5270 0.9278 0.8908 0.8712
178 0.9357 0.5649 0.9203 0.8894 0.8697
179 0.9394 0.5224 0.9245 0.8898 0.8695
180 0.9408 0.5276 0.9268 0.8884 0.8681
181 0.9366 0.5304 0.9222 0.8919 0.8712
182 0.9378 0.5333 0.9248 0.8935 0.8739
183 0.9383 0.5225 0.9264 0.8949 0.8750
184 0.9378 0.5425 0.9234 0.8939 0.8740
185 0.9369 0.5261 0.9217 0.8917 0.8715
186 0.9410 0.5139 0.9286 0.8915 0.8720
187 0.9432 0.4859 0.9326 0.8911 0.8709
188 0.9431 0.4951 0.9311 0.8938 0.8727
189 0.9441 0.4902 0.9300 0.8895 0.8691
190 0.9393 0.5155 0.9260 0.8931 0.8720
191 0.9420 0.4808 0.9311 0.8932 0.8717
192 0.9466 0.4746 0.9348 0.8962 0.8739
193 0.9418 0.5006 0.9280 0.8963 0.8745
194 0.9430 0.4962 0.9307 0.8957 0.8744
195 0.9426 0.5051 0.9311 0.8962 0.8754
196 0.9379 0.5159 0.9242 0.8959 0.8741
197 0.9431 0.4988 0.9313 0.8944 0.8730
198 0.9405 0.5136 0.9261 0.8944 0.8727
199 0.9436 0.4723 0.9312 0.8948 0.8739
