epoch train_iou train_loss train_mAP val_iou val_mAP
0 0.6383 0.2626 0.5597 0.7285 0.6749
1 0.7540 0.2227 0.6984 0.7724 0.7214
2 0.7806 0.2430 0.7266 0.7950 0.7535
3 0.8116 0.2406 0.7688 0.8130 0.7731
4 0.8232 0.2654 0.7817 0.8210 0.7822
5 0.8362 0.2733 0.7982 0.8195 0.7834
6 0.8240 0.3118 0.7864 0.8121 0.7670
7 0.8249 0.3484 0.7833 0.8179 0.7757
8 0.8252 0.3951 0.7827 0.8283 0.7934
9 0.8228 0.4290 0.7804 0.8087 0.7676
10 0.8379 0.4301 0.7948 0.8269 0.7882
11 0.8342 0.4532 0.7943 0.8265 0.7837
12 0.8612 0.4240 0.8269 0.8385 0.8089
13 0.8664 0.4090 0.8343 0.8539 0.8256
14 0.8731 0.4149 0.8416 0.8564 0.8279
15 0.8787 0.4180 0.8470 0.8564 0.8272
16 0.8823 0.4275 0.8526 0.8465 0.8185
17 0.8719 0.4829 0.8379 0.8327 0.8014
18 0.8752 0.5223 0.8430 0.8377 0.8132
19 0.8601 0.5912 0.8267 0.8470 0.8132
20 0.8553 0.6494 0.8235 0.8410 0.8115
21 0.8623 0.6193 0.8319 0.8535 0.8231
22 0.8742 0.5921 0.8444 0.8581 0.8341
23 0.8790 0.5836 0.8508 0.8515 0.8289
24 0.8906 0.5311 0.8627 0.8652 0.8389
25 0.8997 0.5184 0.8732 0.8645 0.8387
26 0.8956 0.5753 0.8693 0.8671 0.8436
27 0.8880 0.6071 0.8585 0.8597 0.8305
28 0.8917 0.6324 0.8619 0.8527 0.8266
29 0.8849 0.6911 0.8566 0.8632 0.8329
30 0.8764 0.7726 0.8459 0.8504 0.8220
31 0.8780 0.7531 0.8466 0.8633 0.8352
32 0.8905 0.7191 0.8634 0.8641 0.8389
33 0.8956 0.6898 0.8695 0.8665 0.8439
34 0.8992 0.6742 0.8749 0.8716 0.8434
35 0.9066 0.6281 0.8823 0.8702 0.8447
36 0.9014 0.6806 0.8794 0.8702 0.8451
37 0.8948 0.7030 0.8680 0.8718 0.8449
38 0.9008 0.7509 0.8754 0.8634 0.8390
39 0.8916 0.8398 0.8651 0.8589 0.8343
40 0.8726 0.9966 0.8440 0.8579 0.8335
41 0.8831 0.9310 0.8568 0.8464 0.8229
42 0.8938 0.8526 0.8703 0.8716 0.8462
43 0.9015 0.7878 0.8764 0.8681 0.8419
44 0.9046 0.8028 0.8785 0.8773 0.8521
45 0.9073 0.8035 0.8845 0.8767 0.8519
46 0.9070 0.7624 0.8829 0.8804 0.8537
47 0.9076 0.8051 0.8824 0.8740 0.8500
48 0.9031 0.8700 0.8778 0.8739 0.8481
49 0.8935 0.9838 0.8682 0.8579 0.8328
50 0.8846 1.1011 0.8554 0.8615 0.8340
51 0.8969 0.9745 0.8738 0.8626 0.8339
52 0.9030 0.8977 0.8791 0.8715 0.8446
53 0.9039 0.8832 0.8792 0.8745 0.8426
54 0.9142 0.7848 0.8887 0.8711 0.8444
55 0.9166 0.7674 0.8926 0.8735 0.8479
56 0.9194 0.7266 0.8989 0.8752 0.8504
57 0.9077 0.8199 0.8838 0.8809 0.8530
58 0.9047 0.8506 0.8833 0.8658 0.8407
59 0.9059 0.8885 0.8843 0.8666 0.8397
60 0.8996 0.9497 0.8757 0.8606 0.8341
61 0.9027 0.9143 0.8778 0.8694 0.8460
62 0.9050 0.8675 0.8822 0.8730 0.8461
63 0.9140 0.7918 0.8910 0.8787 0.8531
64 0.9150 0.7736 0.8940 0.8809 0.8564
65 0.9183 0.7264 0.8965 0.8815 0.8577
66 0.9235 0.7138 0.9031 0.8754 0.8512
67 0.9234 0.7185 0.9045 0.8763 0.8505
68 0.9128 0.7952 0.8923 0.8728 0.8485
69 0.9086 0.8344 0.8828 0.8757 0.8521
70 0.9057 0.8991 0.8819 0.8655 0.8418
71 0.9096 0.8611 0.8872 0.8729 0.8481
72 0.9162 0.7708 0.8943 0.8726 0.8469
73 0.9160 0.7629 0.8931 0.8723 0.8480
74 0.9236 0.7089 0.9047 0.8766 0.8497
75 0.9239 0.6829 0.9034 0.8770 0.8529
76 0.9237 0.7016 0.9033 0.8759 0.8511
77 0.9133 0.7934 0.8919 0.8800 0.8575
78 0.9201 0.7233 0.9018 0.8803 0.8546
79 0.9145 0.8100 0.8951 0.8787 0.8535
80 0.9039 0.8807 0.8815 0.8720 0.8440
81 0.9046 0.8477 0.8822 0.8693 0.8465
82 0.9189 0.7565 0.8992 0.8742 0.8504
83 0.9199 0.7086 0.8981 0.8766 0.8542
84 0.9257 0.6862 0.9066 0.8760 0.8531
85 0.9263 0.6442 0.9075 0.8777 0.8551
86 0.9286 0.6449 0.9102 0.8776 0.8526
87 0.9271 0.6619 0.9082 0.8780 0.8556
88 0.9201 0.7251 0.9019 0.8753 0.8509
89 0.9141 0.7953 0.8920 0.8747 0.8499
90 0.9083 0.8353 0.8893 0.8667 0.8393
91 0.9118 0.8141 0.8914 0.8758 0.8478
92 0.9222 0.7201 0.9038 0.8761 0.8495
93 0.9273 0.6723 0.9087 0.8794 0.8553
94 0.9258 0.6791 0.9076 0.8774 0.8527
95 0.9292 0.6332 0.9103 0.8821 0.8574
96 0.9234 0.6699 0.9043 0.8833 0.8587
97 0.9229 0.6954 0.9033 0.8824 0.8580
98 0.9220 0.6975 0.9016 0.8835 0.8615
99 0.9094 0.8087 0.8862 0.8718 0.8424
100 0.9238 0.7003 0.9023 0.8717 0.8455
101 0.9203 0.7069 0.9012 0.8790 0.8517
102 0.9319 0.6211 0.9155 0.8798 0.8546
103 0.9305 0.6144 0.9159 0.8778 0.8541
104 0.9324 0.5881 0.9159 0.8751 0.8517
105 0.9329 0.5953 0.9183 0.8741 0.8512
106 0.9324 0.5757 0.9173 0.8757 0.8508
107 0.9291 0.6364 0.9117 0.8751 0.8506
108 0.9361 0.5714 0.9206 0.8757 0.8545
109 0.9305 0.6155 0.9155 0.8780 0.8581
110 0.9309 0.6164 0.9143 0.8752 0.8514
111 0.9305 0.6242 0.9141 0.8786 0.8540
112 0.9326 0.5999 0.9175 0.8747 0.8500
113 0.9341 0.5759 0.9184 0.8776 0.8531
114 0.9342 0.5786 0.9189 0.8774 0.8531
115 0.9397 0.5409 0.9261 0.8783 0.8539
116 0.9364 0.5637 0.9210 0.8781 0.8544
117 0.9367 0.5596 0.9206 0.8780 0.8547
118 0.9374 0.5543 0.9228 0.8721 0.8471
119 0.9305 0.6165 0.9116 0.8707 0.8474
120 0.9309 0.6037 0.9158 0.8795 0.8549
121 0.9300 0.6476 0.9125 0.8776 0.8545
122 0.9307 0.6155 0.9152 0.8795 0.8552
123 0.9317 0.6190 0.9143 0.8753 0.8515
124 0.9355 0.5760 0.9209 0.8771 0.8555
125 0.9420 0.5350 0.9280 0.8774 0.8556
126 0.9378 0.5355 0.9242 0.8777 0.8528
127 0.9384 0.5326 0.9230 0.8800 0.8564
128 0.9397 0.5438 0.9252 0.8743 0.8494
129 0.9319 0.5972 0.9159 0.8763 0.8512
130 0.9359 0.5895 0.9209 0.8688 0.8438
131 0.9350 0.5797 0.9205 0.8800 0.8555
132 0.9332 0.5893 0.9151 0.8773 0.8532
133 0.9389 0.5555 0.9235 0.8716 0.8491
134 0.9412 0.5229 0.9280 0.8786 0.8546
135 0.9398 0.5273 0.9253 0.8800 0.8572
136 0.9378 0.5453 0.9230 0.8798 0.8571
137 0.9409 0.5250 0.9281 0.8773 0.8547
138 0.9390 0.5267 0.9255 0.8835 0.8575
139 0.9327 0.5848 0.9187 0.8764 0.8550
140 0.9310 0.6140 0.9171 0.8711 0.8479
141 0.9403 0.5477 0.9264 0.8777 0.8524
142 0.9325 0.5955 0.9168 0.8796 0.8551
143 0.9350 0.5684 0.9224 0.8800 0.8552
144 0.9413 0.5094 0.9277 0.8824 0.8584
145 0.9376 0.5267 0.9229 0.8829 0.8567
146 0.9415 0.5132 0.9292 0.8836 0.8590
147 0.9361 0.5702 0.9200 0.8802 0.8550
148 0.9399 0.5217 0.9258 0.8788 0.8539
149 0.9356 0.5511 0.9200 0.8767 0.8530
150 0.9372 0.5648 0.9225 0.8706 0.8471
151 0.9319 0.5883 0.9173 0.8755 0.8529
152 0.9375 0.5499 0.9221 0.8734 0.8486
153 0.9377 0.5542 0.9249 0.8739 0.8497
154 0.9383 0.5437 0.9251 0.8743 0.8474
155 0.9412 0.5190 0.9279 0.8714 0.8461
156 0.9420 0.5062 0.9297 0.8798 0.8536
157 0.9376 0.5470 0.9222 0.8759 0.8510
158 0.9423 0.5151 0.9298 0.8757 0.8515
159 0.9395 0.5579 0.9270 0.8776 0.8534
160 0.9431 0.5089 0.9317 0.8797 0.8571
161 0.9458 0.4896 0.9352 0.8795 0.8561
162 0.9403 0.5197 0.9283 0.8770 0.8547
163 0.9370 0.5075 0.9246 0.8775 0.8532
164 0.9406 0.4987 0.9271 0.8789 0.8562
165 0.9432 0.5009 0.9309 0.8777 0.8545
166 0.9422 0.4985 0.9293 0.8796 0.8567
167 0.9448 0.4785 0.9318 0.8800 0.8572
168 0.9459 0.4580 0.9340 0.8790 0.8559
169 0.9402 0.5302 0.9273 0.8827 0.8579
170 0.9458 0.4582 0.9351 0.8801 0.8579
171 0.9477 0.4595 0.9357 0.8792 0.8564
172 0.9486 0.4495 0.9375 0.8802 0.8558
173 0.9453 0.4622 0.9343 0.8818 0.8567
174 0.9475 0.4590 0.9369 0.8829 0.8591
175 0.9421 0.4983 0.9297 0.8847 0.8601
176 0.9420 0.4964 0.9290 0.8819 0.8579
177 0.9455 0.4698 0.9323 0.8833 0.8600
178 0.9454 0.4715 0.9328 0.8808 0.8566
179 0.9459 0.4543 0.9348 0.8831 0.8591
180 0.9396 0.4945 0.9276 0.8798 0.8555
181 0.9399 0.4946 0.9283 0.8810 0.8571
182 0.9438 0.4706 0.9339 0.8811 0.8574
183 0.9414 0.5031 0.9285 0.8814 0.8576
184 0.9438 0.4702 0.9330 0.8840 0.8596
185 0.9429 0.4745 0.9330 0.8842 0.8595
186 0.9490 0.4380 0.9389 0.8828 0.8575
187 0.9456 0.4806 0.9316 0.8824 0.8584
188 0.9421 0.4823 0.9307 0.8848 0.8615
189 0.9467 0.4600 0.9349 0.8828 0.8602
190 0.9453 0.4606 0.9337 0.8855 0.8617
191 0.9474 0.4574 0.9353 0.8838 0.8606
192 0.9419 0.4913 0.9295 0.8844 0.8601
193 0.9482 0.4455 0.9384 0.8841 0.8591
194 0.9453 0.4511 0.9355 0.8856 0.8607
195 0.9453 0.4660 0.9350 0.8852 0.8619
196 0.9471 0.4553 0.9358 0.8842 0.8595
197 0.9397 0.5042 0.9270 0.8837 0.8586
198 0.9512 0.4375 0.9409 0.8849 0.8594
199 0.9459 0.4757 0.9346 0.8850 0.8597
