epoch train_iou train_loss train_mAP val_iou val_mAP
0 0.6513 0.2829 0.5870 0.6780 0.6144
1 0.7511 0.2428 0.6970 0.7810 0.7416
2 0.7970 0.2448 0.7504 0.7977 0.7619
3 0.8011 0.2797 0.7592 0.8017 0.7630
4 0.8117 0.3091 0.7727 0.8011 0.7710
5 0.8213 0.3145 0.7848 0.8106 0.7767
6 0.8203 0.3549 0.7813 0.8142 0.7720
7 0.8321 0.3630 0.7963 0.8209 0.7931
8 0.8356 0.3713 0.7988 0.8264 0.7928
9 0.8417 0.3933 0.8096 0.8365 0.8004
10 0.8307 0.4503 0.7942 0.8288 0.7991
11 0.8394 0.4493 0.8038 0.8457 0.8167
12 0.8461 0.4711 0.8151 0.8298 0.8027
13 0.8521 0.4696 0.8202 0.8383 0.8119
14 0.8523 0.5088 0.8206 0.8566 0.8285
15 0.8599 0.5013 0.8287 0.8371 0.8114
16 0.8484 0.5683 0.8148 0.8521 0.8245
17 0.8579 0.5581 0.8307 0.8411 0.8149
18 0.8584 0.5683 0.8270 0.8618 0.8329
19 0.8684 0.5718 0.8417 0.8349 0.8090
20 0.8523 0.6606 0.8191 0.8550 0.8275
21 0.8684 0.6137 0.8403 0.8540 0.8250
22 0.8668 0.6586 0.8369 0.8577 0.8331
23 0.8639 0.6811 0.8348 0.8450 0.8218
24 0.8650 0.7049 0.8374 0.8434 0.8195
25 0.8696 0.6914 0.8427 0.8395 0.7990
26 0.8798 0.6661 0.8521 0.8672 0.8416
27 0.8754 0.7020 0.8477 0.8564 0.8318
28 0.8761 0.7045 0.8511 0.8493 0.8276
29 0.8866 0.7123 0.8578 0.8520 0.8243
30 0.8695 0.8079 0.8433 0.8622 0.8381
31 0.8667 0.8335 0.8383 0.8489 0.8269
32 0.8707 0.8434 0.8444 0.8530 0.8300
33 0.8798 0.7920 0.8518 0.8632 0.8386
34 0.8838 0.7894 0.8581 0.8646 0.8431
35 0.8756 0.8619 0.8481 0.8588 0.8324
36 0.8863 0.8301 0.8614 0.8673 0.8445
37 0.8908 0.8017 0.8658 0.8577 0.8326
38 0.8880 0.8403 0.8630 0.8668 0.8426
39 0.8925 0.8392 0.8693 0.8673 0.8410
40 0.8877 0.8633 0.8633 0.8673 0.8457
41 0.8944 0.8204 0.8719 0.8742 0.8519
42 0.8930 0.8392 0.8682 0.8695 0.8461
43 0.8930 0.8924 0.8689 0.8701 0.8482
44 0.9062 0.8054 0.8829 0.8728 0.8504
45 0.9027 0.8452 0.8794 0.8754 0.8564
46 0.9078 0.8084 0.8870 0.8761 0.8547
47 0.9085 0.8009 0.8848 0.8784 0.8596
48 0.9058 0.8423 0.8840 0.8786 0.8589
49 0.9124 0.8000 0.8910 0.8823 0.8624
50 0.8695 1.2693 0.8413 0.8371 0.7980
51 0.8720 1.2220 0.8435 0.8481 0.8228
52 0.8585 1.3353 0.8301 0.8602 0.8381
53 0.8706 1.2330 0.8439 0.8355 0.8111
54 0.8738 1.2117 0.8491 0.8542 0.8340
55 0.8718 1.2450 0.8442 0.8492 0.8241
56 0.8804 1.1801 0.8543 0.8631 0.8355
57 0.8794 1.1650 0.8522 0.8463 0.8191
58 0.8875 1.0876 0.8649 0.8501 0.8276
59 0.8807 1.1331 0.8556 0.8598 0.8336
60 0.8844 1.1109 0.8585 0.8585 0.8341
61 0.8849 1.0880 0.8594 0.8642 0.8435
62 0.8827 1.1087 0.8563 0.8710 0.8478
63 0.9002 0.9780 0.8776 0.8716 0.8479
64 0.8899 1.0577 0.8639 0.8605 0.8386
65 0.8898 1.0664 0.8657 0.8659 0.8475
66 0.8839 1.1183 0.8575 0.8654 0.8450
67 0.9003 0.9646 0.8813 0.8688 0.8460
68 0.8948 1.0112 0.8707 0.8665 0.8449
69 0.8984 0.9787 0.8758 0.8672 0.8481
70 0.8947 0.9985 0.8719 0.8684 0.8425
71 0.9001 0.9560 0.8783 0.8595 0.8378
72 0.8952 1.0056 0.8718 0.8678 0.8454
73 0.8962 0.9795 0.8752 0.8773 0.8545
74 0.8996 0.9482 0.8782 0.8683 0.8503
75 0.9053 0.9056 0.8853 0.8701 0.8510
76 0.8965 0.9684 0.8723 0.8777 0.8565
77 0.9020 0.9222 0.8797 0.8806 0.8625
78 0.9030 0.9004 0.8837 0.8737 0.8530
79 0.8998 0.9207 0.8783 0.8785 0.8579
80 0.9050 0.8950 0.8855 0.8797 0.8595
81 0.9115 0.8324 0.8908 0.8839 0.8635
82 0.9151 0.7959 0.8943 0.8811 0.8584
83 0.9161 0.8144 0.8966 0.8769 0.8585
84 0.9158 0.7875 0.8958 0.8781 0.8589
85 0.9168 0.7865 0.8962 0.8738 0.8567
86 0.9148 0.8187 0.8935 0.8813 0.8611
87 0.9132 0.7734 0.8927 0.8809 0.8612
88 0.9176 0.7892 0.8974 0.8860 0.8656
89 0.9144 0.7867 0.8952 0.8846 0.8645
90 0.9229 0.7235 0.9076 0.8832 0.8624
91 0.9162 0.7736 0.8948 0.8801 0.8600
92 0.9205 0.7021 0.9034 0.8808 0.8607
93 0.9236 0.7017 0.9042 0.8873 0.8673
94 0.9261 0.6884 0.9083 0.8785 0.8584
95 0.9208 0.7035 0.9020 0.8815 0.8626
96 0.9253 0.6904 0.9090 0.8851 0.8674
97 0.9274 0.6636 0.9098 0.8809 0.8622
98 0.9331 0.6307 0.9185 0.8842 0.8671
99 0.9304 0.6357 0.9153 0.8881 0.8689
100 0.9131 0.8363 0.8954 0.8745 0.8536
101 0.9109 0.8447 0.8904 0.8609 0.8399
102 0.9190 0.7541 0.9006 0.8765 0.8532
103 0.9087 0.8670 0.8868 0.8839 0.8647
104 0.9153 0.8068 0.8946 0.8759 0.8580
105 0.9108 0.8216 0.8901 0.8724 0.8502
106 0.9120 0.7979 0.8930 0.8664 0.8481
107 0.9125 0.8031 0.8927 0.8747 0.8572
108 0.9145 0.7884 0.8927 0.8742 0.8568
109 0.9170 0.7859 0.8982 0.8715 0.8524
110 0.9142 0.7836 0.8953 0.8733 0.8545
111 0.9200 0.7501 0.8987 0.8711 0.8489
112 0.9207 0.7587 0.9022 0.8879 0.8674
113 0.9181 0.7639 0.8968 0.8826 0.8644
114 0.9186 0.7697 0.8995 0.8811 0.8616
115 0.9226 0.7064 0.9052 0.8807 0.8601
116 0.9194 0.7318 0.8991 0.8853 0.8670
117 0.9244 0.7144 0.9060 0.8784 0.8624
118 0.9260 0.6907 0.9093 0.8821 0.8639
119 0.9213 0.7106 0.9041 0.8814 0.8605
120 0.9231 0.7099 0.9033 0.8845 0.8620
121 0.9237 0.7032 0.9055 0.8871 0.8647
122 0.9222 0.7284 0.9039 0.8776 0.8582
123 0.9241 0.7067 0.9069 0.8783 0.8585
124 0.9163 0.7681 0.8978 0.8797 0.8589
125 0.9192 0.7150 0.9014 0.8723 0.8521
126 0.9242 0.6900 0.9067 0.8814 0.8600
127 0.9227 0.6961 0.9073 0.8850 0.8657
128 0.9291 0.6407 0.9111 0.8827 0.8637
129 0.9257 0.6623 0.9092 0.8829 0.8644
130 0.9326 0.6160 0.9175 0.8784 0.8587
131 0.9316 0.6180 0.9157 0.8854 0.8661
132 0.9288 0.6272 0.9142 0.8867 0.8666
133 0.9295 0.6275 0.9125 0.8846 0.8686
134 0.9313 0.6266 0.9142 0.8853 0.8676
135 0.9326 0.6145 0.9176 0.8901 0.8712
136 0.9335 0.5980 0.9199 0.8877 0.8705
137 0.9300 0.6330 0.9144 0.8884 0.8702
138 0.9323 0.6083 0.9168 0.8860 0.8690
139 0.9354 0.5775 0.9202 0.8890 0.8718
140 0.9357 0.6144 0.9212 0.8830 0.8664
141 0.9361 0.5887 0.9219 0.8875 0.8696
142 0.9324 0.5897 0.9178 0.8905 0.8724
143 0.9349 0.5847 0.9195 0.8825 0.8671
144 0.9305 0.6113 0.9159 0.8848 0.8671
145 0.9308 0.5780 0.9156 0.8882 0.8695
146 0.9326 0.5760 0.9154 0.8881 0.8706
147 0.9350 0.5887 0.9184 0.8879 0.8694
148 0.9414 0.5333 0.9257 0.8881 0.8701
149 0.9377 0.5449 0.9236 0.8895 0.8711
150 0.9402 0.5795 0.9252 0.8816 0.8658
151 0.9347 0.6177 0.9160 0.8837 0.8668
152 0.9269 0.6496 0.9084 0.8889 0.8685
153 0.9232 0.6585 0.9047 0.8885 0.8659
154 0.9288 0.6333 0.9120 0.8848 0.8669
155 0.9346 0.6001 0.9183 0.8800 0.8604
156 0.9325 0.5905 0.9176 0.8798 0.8601
157 0.9332 0.5780 0.9171 0.8815 0.8621
158 0.9330 0.5988 0.9169 0.8852 0.8649
159 0.9276 0.6356 0.9117 0.8827 0.8629
160 0.9299 0.6249 0.9134 0.8761 0.8564
161 0.9356 0.5867 0.9213 0.8848 0.8636
162 0.9356 0.6092 0.9211 0.8855 0.8656
163 0.9372 0.5875 0.9207 0.8842 0.8656
164 0.9336 0.6027 0.9192 0.8811 0.8612
165 0.9320 0.6351 0.9169 0.8847 0.8671
166 0.9334 0.5870 0.9176 0.8825 0.8630
167 0.9245 0.6397 0.9093 0.8855 0.8641
168 0.9339 0.5860 0.9193 0.8822 0.8616
169 0.9335 0.5892 0.9184 0.8861 0.8655
170 0.9330 0.5850 0.9170 0.8865 0.8656
171 0.9375 0.5709 0.9226 0.8852 0.8667
172 0.9330 0.6096 0.9156 0.8850 0.8652
173 0.9315 0.5997 0.9161 0.8860 0.8649
174 0.9384 0.5244 0.9244 0.8848 0.8645
175 0.9392 0.5389 0.9258 0.8866 0.8683
176 0.9373 0.5497 0.9227 0.8880 0.8657
177 0.9392 0.5558 0.9257 0.8828 0.8644
178 0.9359 0.5762 0.9227 0.8876 0.8666
179 0.9379 0.5717 0.9243 0.8822 0.8629
180 0.9409 0.5168 0.9273 0.8859 0.8681
181 0.9431 0.5200 0.9313 0.8867 0.8670
182 0.9379 0.5505 0.9241 0.8844 0.8670
183 0.9430 0.5017 0.9308 0.8827 0.8649
184 0.9363 0.5553 0.9219 0.8817 0.8605
185 0.9379 0.5213 0.9230 0.8798 0.8620
186 0.9394 0.5310 0.9262 0.8857 0.8666
187 0.9380 0.5348 0.9219 0.8822 0.8631
188 0.9352 0.5700 0.9200 0.8818 0.8627
189 0.9333 0.5493 0.9193 0.8852 0.8671
190 0.9407 0.5195 0.9276 0.8871 0.8681
191 0.9411 0.5100 0.9294 0.8836 0.8655
192 0.9432 0.4908 0.9321 0.8872 0.8672
193 0.9420 0.4846 0.9322 0.8916 0.8715
194 0.9438 0.4804 0.9330 0.8872 0.8686
195 0.9426 0.4936 0.9321 0.8892 0.8687
196 0.9431 0.4956 0.9297 0.8860 0.8662
197 0.9461 0.4842 0.9340 0.8856 0.8685
198 0.9461 0.4757 0.9328 0.8865 0.8690
199 0.9428 0.4795 0.9308 0.8859 0.8671
