epoch train_iou train_loss train_mAP val_iou val_mAP
0 0.5430 0.1667 0.4672 0.7181 0.6655
1 0.6826 0.1586 0.6235 0.7550 0.7149
2 0.7364 0.1615 0.6908 0.7760 0.7344
3 0.7634 0.1704 0.7190 0.7975 0.7605
4 0.8010 0.1692 0.7605 0.8113 0.7738
5 0.8063 0.1731 0.7708 0.8221 0.7850
6 0.8056 0.1958 0.7688 0.8257 0.7871
7 0.7950 0.2311 0.7561 0.8180 0.7800
8 0.7851 0.2705 0.7431 0.8171 0.7785
9 0.7901 0.2918 0.7475 0.8190 0.7830
10 0.7775 0.3164 0.7370 0.7893 0.7544
11 0.8080 0.3031 0.7698 0.8254 0.7907
12 0.8276 0.2916 0.7934 0.8249 0.7912
13 0.8328 0.2864 0.8003 0.8402 0.8097
14 0.8576 0.2691 0.8233 0.8518 0.8195
15 0.8656 0.2584 0.8327 0.8551 0.8245
16 0.8626 0.2818 0.8283 0.8513 0.8220
17 0.8533 0.3145 0.8197 0.8484 0.8180
18 0.8448 0.3453 0.8095 0.8278 0.7897
19 0.8318 0.4060 0.7951 0.8311 0.8026
20 0.8270 0.4354 0.7922 0.8334 0.8002
21 0.8359 0.4251 0.8027 0.8171 0.7819
22 0.8540 0.3844 0.8220 0.8384 0.8135
23 0.8708 0.3452 0.8390 0.8500 0.8191
24 0.8834 0.3204 0.8514 0.8534 0.8211
25 0.8849 0.3303 0.8524 0.8590 0.8310
26 0.8898 0.3259 0.8618 0.8595 0.8334
27 0.8784 0.3586 0.8482 0.8581 0.8311
28 0.8690 0.4135 0.8342 0.8517 0.8211
29 0.8565 0.4725 0.8251 0.8300 0.7949
30 0.8503 0.5214 0.8163 0.8381 0.8110
31 0.8665 0.4647 0.8333 0.8351 0.8114
32 0.8700 0.4557 0.8396 0.8447 0.8169
33 0.8836 0.4103 0.8522 0.8654 0.8355
34 0.8963 0.3786 0.8673 0.8607 0.8339
35 0.9032 0.3576 0.8745 0.8624 0.8367
36 0.8999 0.3695 0.8712 0.8577 0.8301
37 0.8981 0.3859 0.8692 0.8306 0.7987
38 0.8754 0.4841 0.8454 0.8480 0.8186
39 0.8866 0.4963 0.8571 0.8460 0.8163
40 0.8614 0.5940 0.8291 0.8512 0.8207
41 0.8774 0.5409 0.8460 0.8537 0.8211
42 0.8889 0.4905 0.8568 0.8597 0.8357
43 0.8977 0.4511 0.8692 0.8604 0.8311
44 0.9071 0.4236 0.8809 0.8669 0.8406
45 0.9085 0.4071 0.8801 0.8649 0.8385
46 0.9125 0.4041 0.8838 0.8657 0.8406
47 0.9020 0.4618 0.8748 0.8591 0.8313
48 0.8909 0.5203 0.8613 0.8598 0.8323
49 0.8866 0.5747 0.8560 0.8553 0.8279
50 0.8738 0.6631 0.8429 0.8528 0.8224
51 0.8881 0.5868 0.8608 0.8589 0.8331
52 0.8974 0.5437 0.8696 0.8605 0.8339
53 0.9069 0.5021 0.8790 0.8608 0.8345
54 0.9094 0.4830 0.8816 0.8596 0.8366
55 0.9155 0.4504 0.8903 0.8601 0.8365
56 0.9081 0.4821 0.8832 0.8645 0.8381
57 0.9075 0.4845 0.8786 0.8666 0.8428
58 0.9008 0.5560 0.8757 0.8497 0.8232
59 0.8887 0.6568 0.8613 0.8516 0.8217
60 0.8785 0.7209 0.8490 0.8555 0.8230
61 0.8955 0.6407 0.8675 0.8577 0.8302
62 0.9005 0.6012 0.8734 0.8593 0.8375
63 0.9095 0.5478 0.8827 0.8705 0.8466
64 0.9182 0.4831 0.8928 0.8653 0.8405
65 0.9193 0.4876 0.8950 0.8661 0.8424
66 0.9173 0.5095 0.8934 0.8683 0.8438
67 0.9106 0.5526 0.8843 0.8637 0.8395
68 0.9035 0.6191 0.8776 0.8573 0.8329
69 0.8987 0.6746 0.8738 0.8589 0.8340
70 0.8942 0.7306 0.8669 0.8524 0.8232
71 0.8928 0.7331 0.8664 0.8641 0.8386
72 0.9057 0.6348 0.8784 0.8657 0.8420
73 0.9150 0.5861 0.8905 0.8645 0.8386
74 0.9179 0.5604 0.8939 0.8728 0.8469
75 0.9180 0.5446 0.8950 0.8749 0.8492
76 0.9220 0.5487 0.8984 0.8752 0.8485
77 0.9151 0.5623 0.8901 0.8679 0.8390
78 0.9067 0.6684 0.8817 0.8624 0.8355
79 0.9035 0.7203 0.8778 0.8635 0.8391
80 0.8967 0.8096 0.8689 0.8584 0.8292
81 0.8983 0.7883 0.8706 0.8709 0.8426
82 0.9129 0.6743 0.8869 0.8641 0.8420
83 0.9162 0.6551 0.8916 0.8638 0.8416
84 0.9205 0.5810 0.8952 0.8739 0.8478
85 0.9209 0.5953 0.8976 0.8746 0.8482
86 0.9212 0.6048 0.8985 0.8715 0.8466
87 0.9210 0.6133 0.8979 0.8654 0.8410
88 0.9152 0.6707 0.8903 0.8641 0.8411
89 0.9039 0.8162 0.8788 0.8643 0.8400
90 0.8951 0.8811 0.8707 0.8609 0.8332
91 0.8995 0.8392 0.8731 0.8599 0.8344
92 0.9091 0.7765 0.8854 0.8654 0.8406
93 0.9164 0.6878 0.8913 0.8686 0.8470
94 0.9178 0.6753 0.8933 0.8714 0.8482
95 0.9259 0.6245 0.9032 0.8735 0.8511
96 0.9242 0.6199 0.9012 0.8771 0.8556
97 0.9225 0.6561 0.9007 0.8675 0.8469
98 0.9165 0.7128 0.8940 0.8595 0.8335
99 0.9066 0.8599 0.8822 0.8651 0.8411
100 0.9119 0.7794 0.8861 0.8715 0.8474
101 0.9172 0.7131 0.8937 0.8715 0.8462
102 0.9252 0.6555 0.9041 0.8675 0.8450
103 0.9265 0.6396 0.9051 0.8735 0.8496
104 0.9274 0.6117 0.9087 0.8738 0.8484
105 0.9287 0.5876 0.9091 0.8727 0.8481
106 0.9284 0.5976 0.9084 0.8761 0.8528
107 0.9308 0.5918 0.9116 0.8726 0.8491
108 0.9259 0.6102 0.9061 0.8728 0.8496
109 0.9255 0.6581 0.9035 0.8666 0.8405
110 0.9219 0.6607 0.8993 0.8707 0.8481
111 0.9239 0.6264 0.9022 0.8711 0.8466
112 0.9281 0.6065 0.9060 0.8742 0.8496
113 0.9302 0.6108 0.9107 0.8707 0.8456
114 0.9282 0.5784 0.9087 0.8713 0.8474
115 0.9314 0.5862 0.9128 0.8705 0.8460
116 0.9282 0.5975 0.9081 0.8753 0.8506
117 0.9282 0.5879 0.9093 0.8692 0.8449
118 0.9331 0.5599 0.9147 0.8731 0.8499
119 0.9282 0.5839 0.9095 0.8731 0.8505
120 0.9250 0.6430 0.9040 0.8750 0.8512
121 0.9244 0.6532 0.9055 0.8702 0.8500
122 0.9265 0.6331 0.9076 0.8693 0.8472
123 0.9308 0.5914 0.9119 0.8702 0.8489
124 0.9288 0.5664 0.9096 0.8722 0.8526
125 0.9352 0.5338 0.9181 0.8733 0.8523
126 0.9332 0.5509 0.9132 0.8739 0.8528
127 0.9313 0.5654 0.9128 0.8723 0.8529
128 0.9309 0.5657 0.9123 0.8678 0.8470
129 0.9308 0.5998 0.9115 0.8662 0.8447
130 0.9262 0.6074 0.9082 0.8700 0.8451
131 0.9260 0.6101 0.9051 0.8682 0.8481
132 0.9271 0.6172 0.9083 0.8672 0.8480
133 0.9278 0.5680 0.9090 0.8728 0.8524
134 0.9322 0.5349 0.9143 0.8746 0.8535
135 0.9352 0.5301 0.9184 0.8726 0.8524
136 0.9318 0.5351 0.9135 0.8766 0.8554
137 0.9326 0.5568 0.9146 0.8783 0.8569
138 0.9316 0.5634 0.9132 0.8770 0.8549
139 0.9300 0.5795 0.9123 0.8707 0.8467
140 0.9279 0.6190 0.9095 0.8703 0.8469
141 0.9290 0.6332 0.9119 0.8683 0.8479
142 0.9331 0.5852 0.9136 0.8755 0.8501
143 0.9301 0.5726 0.9113 0.8766 0.8541
144 0.9314 0.5290 0.9150 0.8776 0.8546
145 0.9328 0.5286 0.9170 0.8791 0.8552
146 0.9357 0.5188 0.9173 0.8801 0.8564
147 0.9372 0.5318 0.9212 0.8745 0.8524
148 0.9343 0.5361 0.9178 0.8714 0.8472
149 0.9286 0.5694 0.9109 0.8713 0.8499
150 0.9309 0.5898 0.9104 0.8665 0.8441
151 0.9218 0.6990 0.9023 0.8677 0.8459
152 0.9279 0.5868 0.9100 0.8753 0.8531
153 0.9310 0.5726 0.9120 0.8735 0.8509
154 0.9281 0.5767 0.9088 0.8734 0.8517
155 0.9374 0.5020 0.9185 0.8725 0.8519
156 0.9353 0.5268 0.9203 0.8738 0.8559
157 0.9342 0.5305 0.9167 0.8676 0.8479
158 0.9364 0.5243 0.9197 0.8725 0.8489
159 0.9335 0.5329 0.9149 0.8808 0.8570
160 0.9384 0.5294 0.9221 0.8809 0.8597
161 0.9386 0.5022 0.9248 0.8812 0.8595
162 0.9324 0.5330 0.9158 0.8807 0.8604
163 0.9340 0.5252 0.9157 0.8767 0.8566
164 0.9381 0.4969 0.9216 0.8768 0.8566
165 0.9361 0.5006 0.9194 0.8783 0.8579
166 0.9387 0.4996 0.9236 0.8776 0.8564
167 0.9374 0.4879 0.9220 0.8773 0.8556
168 0.9395 0.4889 0.9244 0.8788 0.8579
169 0.9372 0.5028 0.9213 0.8778 0.8564
170 0.9391 0.4902 0.9242 0.8744 0.8527
171 0.9380 0.4796 0.9227 0.8780 0.8565
172 0.9373 0.4941 0.9215 0.8767 0.8569
173 0.9408 0.4614 0.9253 0.8770 0.8574
174 0.9431 0.4712 0.9281 0.8790 0.8579
175 0.9408 0.4903 0.9260 0.8807 0.8586
176 0.9388 0.4829 0.9231 0.8791 0.8583
177 0.9405 0.4811 0.9264 0.8796 0.8585
178 0.9415 0.4724 0.9272 0.8728 0.8512
179 0.9412 0.4790 0.9253 0.8758 0.8525
180 0.9383 0.4849 0.9233 0.8747 0.8519
181 0.9405 0.4585 0.9262 0.8748 0.8535
182 0.9394 0.4787 0.9268 0.8746 0.8536
183 0.9382 0.4817 0.9241 0.8772 0.8560
184 0.9416 0.4578 0.9273 0.8755 0.8559
185 0.9447 0.4378 0.9314 0.8755 0.8545
186 0.9427 0.4446 0.9290 0.8774 0.8569
187 0.9435 0.4552 0.9294 0.8798 0.8595
188 0.9412 0.4604 0.9281 0.8776 0.8572
189 0.9395 0.4699 0.9250 0.8805 0.8595
190 0.9410 0.4664 0.9264 0.8803 0.8565
191 0.9399 0.4669 0.9252 0.8802 0.8601
192 0.9420 0.4513 0.9270 0.8803 0.8594
193 0.9438 0.4406 0.9302 0.8803 0.8595
194 0.9393 0.4774 0.9245 0.8828 0.8599
195 0.9416 0.4462 0.9276 0.8775 0.8562
196 0.9431 0.4459 0.9284 0.8782 0.8570
197 0.9408 0.4535 0.9275 0.8796 0.8580
198 0.9437 0.4475 0.9298 0.8803 0.8589
199 0.9435 0.4563 0.9297 0.8820 0.8602
