epoch train_iou train_loss train_mAP val_iou val_mAP
0 0.6333 0.2898 0.5597 0.7134 0.6679
1 0.7378 0.2554 0.6861 0.7743 0.7400
2 0.7769 0.2537 0.7265 0.7989 0.7664
3 0.7988 0.2701 0.7571 0.7941 0.7505
4 0.8032 0.2971 0.7621 0.8077 0.7686
5 0.8137 0.3279 0.7737 0.8082 0.7699
6 0.8220 0.3335 0.7806 0.8225 0.7895
7 0.8202 0.4005 0.7864 0.8009 0.7626
8 0.8244 0.4164 0.7883 0.8060 0.7764
9 0.8303 0.4244 0.7971 0.8158 0.7907
10 0.8372 0.4434 0.8028 0.8207 0.7856
11 0.8411 0.4523 0.8082 0.8430 0.8131
12 0.8464 0.4710 0.8152 0.7751 0.7144
13 0.8475 0.4927 0.8177 0.8405 0.8151
14 0.8484 0.5022 0.8157 0.8441 0.8182
15 0.8535 0.5249 0.8229 0.8415 0.8126
16 0.8580 0.5340 0.8284 0.8195 0.7871
17 0.8501 0.5872 0.8181 0.8313 0.7991
18 0.8570 0.5822 0.8252 0.8564 0.8312
19 0.8580 0.6051 0.8273 0.8372 0.8104
20 0.8633 0.5908 0.8346 0.8404 0.8140
21 0.8525 0.6740 0.8233 0.8458 0.8216
22 0.8617 0.6525 0.8329 0.8306 0.8100
23 0.8564 0.7394 0.8267 0.8448 0.8219
24 0.8649 0.6954 0.8370 0.8372 0.8067
25 0.8567 0.7674 0.8261 0.8499 0.8229
26 0.8684 0.7173 0.8418 0.8515 0.8312
27 0.8721 0.7262 0.8462 0.8496 0.8254
28 0.8725 0.7511 0.8453 0.8588 0.8346
29 0.8764 0.7364 0.8487 0.8515 0.8269
30 0.8700 0.7889 0.8407 0.8522 0.8272
31 0.8701 0.8228 0.8390 0.8589 0.8331
32 0.8738 0.7998 0.8448 0.8605 0.8385
33 0.8744 0.8360 0.8512 0.8572 0.8382
34 0.8841 0.8038 0.8602 0.8634 0.8422
35 0.8796 0.8251 0.8546 0.8649 0.8409
36 0.8897 0.7943 0.8664 0.8587 0.8255
37 0.8871 0.8126 0.8628 0.8627 0.8394
38 0.8815 0.8640 0.8572 0.8451 0.8152
39 0.8880 0.8476 0.8630 0.8704 0.8497
40 0.8971 0.8145 0.8749 0.8625 0.8414
41 0.8941 0.8617 0.8689 0.8642 0.8430
42 0.8941 0.8627 0.8705 0.8603 0.8424
43 0.9033 0.8223 0.8835 0.8652 0.8455
44 0.9039 0.8278 0.8823 0.8692 0.8492
45 0.9029 0.8124 0.8801 0.8597 0.8366
46 0.8986 0.8649 0.8744 0.8651 0.8413
47 0.9147 0.7805 0.8937 0.8674 0.8428
48 0.9064 0.8506 0.8839 0.8691 0.8481
49 0.9175 0.7693 0.8968 0.8730 0.8528
50 0.8607 1.2938 0.8333 0.8458 0.8177
51 0.8598 1.3494 0.8316 0.8621 0.8391
52 0.8580 1.3694 0.8262 0.8380 0.8030
53 0.8665 1.3013 0.8392 0.8478 0.8275
54 0.8628 1.3064 0.8355 0.8469 0.8235
55 0.8743 1.2179 0.8494 0.8584 0.8367
56 0.8668 1.2786 0.8365 0.8511 0.8298
57 0.8791 1.1573 0.8548 0.8568 0.8328
58 0.8779 1.1677 0.8522 0.8620 0.8364
59 0.8752 1.2056 0.8504 0.8542 0.8330
60 0.8754 1.1952 0.8477 0.8576 0.8286
61 0.8851 1.1287 0.8609 0.8438 0.8275
62 0.8796 1.1339 0.8540 0.8606 0.8420
63 0.8848 1.1432 0.8572 0.8566 0.8318
64 0.8772 1.1628 0.8528 0.8641 0.8476
65 0.8938 1.0360 0.8701 0.8674 0.8439
66 0.8942 1.0486 0.8700 0.8538 0.8363
67 0.8903 1.0625 0.8686 0.8728 0.8510
68 0.8931 1.0303 0.8706 0.8663 0.8486
69 0.8975 1.0013 0.8757 0.8652 0.8454
70 0.8916 1.0363 0.8680 0.8674 0.8486
71 0.8919 1.0256 0.8684 0.8717 0.8498
72 0.8936 1.0229 0.8703 0.8664 0.8484
73 0.8959 1.0052 0.8740 0.8716 0.8479
74 0.8986 0.9739 0.8772 0.8781 0.8522
75 0.9045 0.9165 0.8834 0.8619 0.8421
76 0.8978 0.9819 0.8733 0.8776 0.8537
77 0.9041 0.9080 0.8840 0.8766 0.8553
78 0.9046 0.9144 0.8844 0.8779 0.8546
79 0.9043 0.8921 0.8843 0.8747 0.8520
80 0.9003 0.9269 0.8749 0.8698 0.8512
81 0.9107 0.8491 0.8900 0.8695 0.8504
82 0.9112 0.8356 0.8898 0.8787 0.8583
83 0.9167 0.7723 0.8982 0.8693 0.8514
84 0.9082 0.8271 0.8890 0.8677 0.8494
85 0.9055 0.8595 0.8839 0.8772 0.8549
86 0.9149 0.7954 0.8946 0.8733 0.8560
87 0.9116 0.8255 0.8901 0.8682 0.8539
88 0.9167 0.7860 0.8972 0.8764 0.8573
89 0.9216 0.7217 0.9018 0.8781 0.8576
90 0.9240 0.7101 0.9053 0.8766 0.8584
91 0.9190 0.7265 0.8997 0.8786 0.8586
92 0.9230 0.7183 0.9044 0.8785 0.8611
93 0.9220 0.7285 0.9039 0.8789 0.8576
94 0.9246 0.7117 0.9073 0.8765 0.8580
95 0.9288 0.6519 0.9112 0.8792 0.8615
96 0.9226 0.7089 0.9058 0.8796 0.8611
97 0.9267 0.6749 0.9071 0.8782 0.8604
98 0.9261 0.6901 0.9084 0.8780 0.8591
99 0.9270 0.6669 0.9099 0.8793 0.8621
100 0.9212 0.7672 0.9034 0.8712 0.8507
101 0.9097 0.8454 0.8901 0.8723 0.8541
102 0.9126 0.7967 0.8948 0.8764 0.8561
103 0.9092 0.8313 0.8897 0.8790 0.8627
104 0.9093 0.8540 0.8888 0.8783 0.8601
105 0.9084 0.8765 0.8875 0.8722 0.8507
106 0.9049 0.8676 0.8834 0.8632 0.8435
107 0.9091 0.8317 0.8889 0.8803 0.8587
108 0.9106 0.8337 0.8907 0.8809 0.8612
109 0.9149 0.7978 0.8956 0.8672 0.8456
110 0.9126 0.8018 0.8927 0.8825 0.8617
111 0.9107 0.8296 0.8917 0.8748 0.8569
112 0.9227 0.7392 0.9015 0.8739 0.8551
113 0.9162 0.7894 0.8976 0.8769 0.8554
114 0.9131 0.7843 0.8913 0.8788 0.8534
115 0.9178 0.7591 0.8994 0.8807 0.8595
116 0.9125 0.8019 0.8921 0.8766 0.8565
117 0.9149 0.7963 0.8967 0.8853 0.8654
118 0.9139 0.7857 0.8939 0.8759 0.8593
119 0.9228 0.7223 0.9046 0.8736 0.8577
120 0.9131 0.7962 0.8935 0.8833 0.8615
121 0.9178 0.7414 0.8995 0.8853 0.8626
122 0.9171 0.7581 0.8990 0.8768 0.8564
123 0.9276 0.6491 0.9125 0.8802 0.8599
124 0.9277 0.6887 0.9108 0.8789 0.8589
125 0.9241 0.7081 0.9043 0.8814 0.8609
126 0.9257 0.7010 0.9065 0.8706 0.8504
127 0.9234 0.7157 0.9057 0.8825 0.8623
128 0.9305 0.6759 0.9122 0.8828 0.8640
129 0.9312 0.6568 0.9134 0.8762 0.8595
130 0.9244 0.6943 0.9062 0.8868 0.8652
131 0.9294 0.6524 0.9122 0.8839 0.8651
132 0.9300 0.6345 0.9124 0.8777 0.8582
133 0.9255 0.6787 0.9079 0.8845 0.8648
134 0.9316 0.6135 0.9163 0.8846 0.8624
135 0.9294 0.6511 0.9137 0.8828 0.8647
136 0.9325 0.6123 0.9164 0.8883 0.8706
137 0.9350 0.5950 0.9203 0.8867 0.8672
138 0.9347 0.6150 0.9184 0.8859 0.8672
139 0.9313 0.6299 0.9144 0.8854 0.8660
140 0.9303 0.6092 0.9150 0.8879 0.8656
141 0.9378 0.5773 0.9241 0.8871 0.8696
142 0.9358 0.5874 0.9215 0.8908 0.8696
143 0.9356 0.5680 0.9191 0.8875 0.8681
144 0.9355 0.5769 0.9222 0.8889 0.8676
145 0.9341 0.5904 0.9166 0.8895 0.8689
146 0.9366 0.5740 0.9214 0.8886 0.8707
147 0.9353 0.5696 0.9210 0.8863 0.8689
148 0.9336 0.5895 0.9187 0.8872 0.8682
149 0.9311 0.5662 0.9152 0.8905 0.8712
150 0.9268 0.6615 0.9099 0.8858 0.8654
151 0.9311 0.6157 0.9138 0.8879 0.8682
152 0.9306 0.6358 0.9144 0.8817 0.8642
153 0.9293 0.6324 0.9148 0.8834 0.8643
154 0.9337 0.5953 0.9172 0.8839 0.8639
155 0.9303 0.6320 0.9148 0.8791 0.8611
156 0.9347 0.5976 0.9198 0.8761 0.8584
157 0.9293 0.6325 0.9154 0.8819 0.8618
158 0.9330 0.5993 0.9174 0.8782 0.8595
159 0.9325 0.6166 0.9181 0.8824 0.8615
160 0.9310 0.6217 0.9133 0.8834 0.8630
161 0.9299 0.6281 0.9159 0.8853 0.8660
162 0.9326 0.6158 0.9180 0.8830 0.8657
163 0.9308 0.6139 0.9148 0.8821 0.8626
164 0.9290 0.6432 0.9128 0.8802 0.8608
165 0.9346 0.5922 0.9169 0.8837 0.8644
166 0.9283 0.6281 0.9132 0.8777 0.8600
167 0.9339 0.5925 0.9198 0.8869 0.8684
168 0.9323 0.6072 0.9173 0.8793 0.8606
169 0.9313 0.5964 0.9169 0.8811 0.8619
170 0.9321 0.5754 0.9171 0.8728 0.8560
171 0.9280 0.6253 0.9124 0.8856 0.8660
172 0.9343 0.5872 0.9204 0.8828 0.8635
173 0.9336 0.5914 0.9181 0.8904 0.8714
174 0.9325 0.6022 0.9169 0.8821 0.8643
175 0.9362 0.5857 0.9230 0.8865 0.8655
176 0.9400 0.5512 0.9238 0.8835 0.8661
177 0.9336 0.5780 0.9185 0.8800 0.8617
178 0.9357 0.5599 0.9218 0.8857 0.8665
179 0.9429 0.5188 0.9287 0.8866 0.8674
180 0.9379 0.5572 0.9265 0.8830 0.8656
181 0.9332 0.5568 0.9199 0.8822 0.8646
182 0.9313 0.5776 0.9156 0.8834 0.8662
183 0.9430 0.5146 0.9292 0.8831 0.8646
184 0.9366 0.5635 0.9219 0.8851 0.8661
185 0.9364 0.5509 0.9231 0.8807 0.8631
186 0.9361 0.5740 0.9223 0.8842 0.8652
187 0.9408 0.5166 0.9266 0.8874 0.8687
188 0.9413 0.5162 0.9285 0.8864 0.8665
189 0.9414 0.5168 0.9290 0.8870 0.8695
190 0.9383 0.5186 0.9240 0.8870 0.8670
191 0.9402 0.5229 0.9263 0.8876 0.8700
192 0.9408 0.5036 0.9271 0.8889 0.8705
193 0.9397 0.5229 0.9257 0.8891 0.8700
194 0.9443 0.4966 0.9300 0.8912 0.8719
195 0.9428 0.5063 0.9294 0.8880 0.8699
196 0.9452 0.4753 0.9316 0.8907 0.8721
197 0.9450 0.4931 0.9329 0.8842 0.8644
198 0.9435 0.4967 0.9298 0.8874 0.8692
199 0.9379 0.5161 0.9256 0.8859 0.8670
