epoch train_iou train_loss train_mAP val_iou val_mAP
0 0.6336 0.2775 0.5564 0.7440 0.6909
1 0.7292 0.2626 0.6703 0.7667 0.7207
2 0.7553 0.2619 0.7026 0.7949 0.7496
3 0.7881 0.2818 0.7353 0.8208 0.7828
4 0.8065 0.2860 0.7637 0.8239 0.7895
5 0.8145 0.3211 0.7706 0.8276 0.7919
6 0.8237 0.3337 0.7835 0.8445 0.8089
7 0.8308 0.3595 0.7902 0.8433 0.8130
8 0.8369 0.3964 0.7994 0.8416 0.8096
9 0.8429 0.3854 0.8065 0.8242 0.7929
10 0.8458 0.4051 0.8128 0.8460 0.8169
11 0.8599 0.4056 0.8280 0.8590 0.8331
12 0.8567 0.4227 0.8233 0.8543 0.8297
13 0.8641 0.4362 0.8338 0.8581 0.8316
14 0.8590 0.4651 0.8264 0.8579 0.8286
15 0.8645 0.4872 0.8331 0.8605 0.8349
16 0.8514 0.5421 0.8185 0.8537 0.8234
17 0.8636 0.5368 0.8282 0.8639 0.8421
18 0.8782 0.4948 0.8492 0.8611 0.8375
19 0.8717 0.5316 0.8429 0.8609 0.8360
20 0.8819 0.5317 0.8551 0.8601 0.8316
21 0.8740 0.5618 0.8470 0.8580 0.8349
22 0.8770 0.5829 0.8466 0.8669 0.8429
23 0.8777 0.5969 0.8459 0.8660 0.8386
24 0.8830 0.5795 0.8548 0.8658 0.8427
25 0.8782 0.6320 0.8480 0.8672 0.8469
26 0.8891 0.6157 0.8607 0.8648 0.8422
27 0.8863 0.6212 0.8566 0.8727 0.8493
28 0.8889 0.6259 0.8623 0.8690 0.8461
29 0.8929 0.6462 0.8688 0.8718 0.8500
30 0.8882 0.6624 0.8620 0.8708 0.8502
31 0.8936 0.6675 0.8674 0.8701 0.8456
32 0.8915 0.6856 0.8654 0.8700 0.8434
33 0.8904 0.6930 0.8652 0.8698 0.8474
34 0.8966 0.6963 0.8723 0.8740 0.8509
35 0.8984 0.7019 0.8752 0.8671 0.8473
36 0.8965 0.7030 0.8748 0.8740 0.8530
37 0.9018 0.6954 0.8776 0.8688 0.8462
38 0.9075 0.6970 0.8816 0.8752 0.8534
39 0.9061 0.7142 0.8847 0.8753 0.8528
40 0.9084 0.6995 0.8826 0.8774 0.8557
41 0.9014 0.7575 0.8765 0.8703 0.8469
42 0.9089 0.7223 0.8863 0.8802 0.8605
43 0.9104 0.7147 0.8873 0.8845 0.8634
44 0.9172 0.6798 0.8948 0.8797 0.8612
45 0.9141 0.7231 0.8916 0.8859 0.8650
46 0.9269 0.6452 0.9091 0.8823 0.8614
47 0.9204 0.7290 0.9020 0.8860 0.8634
48 0.9206 0.7000 0.9007 0.8882 0.8666
49 0.9237 0.6764 0.9023 0.8913 0.8710
50 0.8949 0.9791 0.8688 0.8669 0.8435
51 0.8852 1.1081 0.8590 0.8722 0.8495
52 0.8915 1.0565 0.8646 0.8636 0.8373
53 0.8817 1.1454 0.8546 0.8773 0.8550
54 0.8843 1.0971 0.8567 0.8556 0.8328
55 0.8891 1.0849 0.8640 0.8703 0.8468
56 0.8830 1.0891 0.8590 0.8748 0.8502
57 0.8888 1.0428 0.8649 0.8785 0.8581
58 0.8935 1.0089 0.8713 0.8672 0.8441
59 0.8911 1.0351 0.8687 0.8784 0.8584
60 0.9045 0.8987 0.8830 0.8738 0.8486
61 0.9059 0.9159 0.8817 0.8759 0.8561
62 0.9075 0.8641 0.8870 0.8769 0.8559
63 0.8978 0.9296 0.8751 0.8765 0.8556
64 0.9041 0.8834 0.8818 0.8866 0.8637
65 0.9018 0.8920 0.8776 0.8758 0.8550
66 0.9073 0.8722 0.8846 0.8757 0.8546
67 0.9090 0.8566 0.8869 0.8708 0.8480
68 0.9097 0.8652 0.8891 0.8837 0.8609
69 0.9107 0.8030 0.8922 0.8804 0.8580
70 0.9161 0.7843 0.8946 0.8731 0.8508
71 0.9139 0.8032 0.8946 0.8834 0.8629
72 0.9224 0.7395 0.9036 0.8808 0.8580
73 0.9153 0.7588 0.8959 0.8783 0.8595
74 0.9212 0.7398 0.9025 0.8783 0.8576
75 0.9193 0.7352 0.8993 0.8791 0.8559
76 0.9223 0.7048 0.9052 0.8807 0.8599
77 0.9172 0.7546 0.8985 0.8853 0.8649
78 0.9248 0.6937 0.9088 0.8743 0.8543
79 0.9186 0.7366 0.8992 0.8811 0.8600
80 0.9190 0.7404 0.8979 0.8911 0.8720
81 0.9267 0.6740 0.9089 0.8895 0.8687
82 0.9255 0.6968 0.9075 0.8869 0.8691
83 0.9232 0.7042 0.9046 0.8928 0.8719
84 0.9189 0.7139 0.9010 0.8871 0.8655
85 0.9320 0.6029 0.9153 0.8788 0.8580
86 0.9281 0.6604 0.9111 0.8914 0.8712
87 0.9260 0.6736 0.9082 0.8875 0.8670
88 0.9185 0.7009 0.8997 0.8848 0.8634
89 0.9320 0.6076 0.9121 0.8895 0.8672
90 0.9346 0.5923 0.9187 0.8897 0.8685
91 0.9312 0.6134 0.9137 0.8885 0.8680
92 0.9289 0.6145 0.9113 0.8916 0.8706
93 0.9328 0.6080 0.9176 0.8884 0.8684
94 0.9337 0.5796 0.9178 0.8877 0.8665
95 0.9359 0.5557 0.9190 0.8895 0.8690
96 0.9331 0.5910 0.9166 0.8912 0.8716
97 0.9343 0.5629 0.9170 0.8910 0.8707
98 0.9377 0.5670 0.9212 0.8928 0.8724
99 0.9384 0.5464 0.9252 0.8934 0.8726
100 0.9259 0.6458 0.9086 0.8863 0.8634
101 0.9324 0.6306 0.9160 0.8881 0.8669
102 0.9256 0.6633 0.9065 0.8854 0.8634
103 0.9190 0.7274 0.8985 0.8893 0.8677
104 0.9303 0.6417 0.9107 0.8883 0.8660
105 0.9285 0.6783 0.9118 0.8823 0.8625
106 0.9305 0.6251 0.9122 0.8865 0.8677
107 0.9300 0.6298 0.9133 0.8940 0.8727
108 0.9286 0.6447 0.9128 0.8845 0.8643
109 0.9302 0.5978 0.9133 0.8858 0.8651
110 0.9298 0.6588 0.9134 0.8892 0.8696
111 0.9286 0.6234 0.9134 0.8948 0.8741
112 0.9354 0.5750 0.9215 0.8884 0.8662
113 0.9335 0.6064 0.9169 0.8890 0.8674
114 0.9302 0.6189 0.9138 0.8900 0.8701
115 0.9341 0.5783 0.9198 0.8896 0.8684
116 0.9367 0.5675 0.9202 0.8887 0.8687
117 0.9324 0.5856 0.9171 0.8922 0.8724
118 0.9273 0.6265 0.9102 0.8874 0.8674
119 0.9363 0.5464 0.9203 0.8877 0.8676
120 0.9319 0.5846 0.9152 0.8892 0.8691
121 0.9368 0.5813 0.9213 0.8841 0.8660
122 0.9393 0.5302 0.9247 0.8857 0.8665
123 0.9356 0.5772 0.9227 0.8882 0.8695
124 0.9404 0.5200 0.9269 0.8881 0.8694
125 0.9410 0.5394 0.9270 0.8877 0.8675
126 0.9362 0.5632 0.9183 0.8866 0.8648
127 0.9458 0.4873 0.9322 0.8907 0.8704
128 0.9362 0.5841 0.9222 0.8891 0.8709
129 0.9392 0.5289 0.9255 0.8863 0.8687
130 0.9351 0.5724 0.9185 0.8896 0.8706
131 0.9371 0.5459 0.9228 0.8893 0.8694
132 0.9389 0.5328 0.9252 0.8914 0.8719
133 0.9391 0.5240 0.9250 0.8939 0.8751
134 0.9425 0.4950 0.9285 0.8947 0.8745
135 0.9413 0.5282 0.9272 0.8928 0.8748
136 0.9408 0.5146 0.9269 0.8874 0.8690
137 0.9414 0.5117 0.9270 0.8900 0.8731
138 0.9408 0.5123 0.9253 0.8900 0.8726
139 0.9421 0.5167 0.9294 0.8940 0.8747
140 0.9435 0.4787 0.9308 0.8910 0.8727
141 0.9465 0.4764 0.9359 0.8919 0.8734
142 0.9445 0.4560 0.9335 0.8903 0.8730
143 0.9422 0.4938 0.9299 0.8915 0.8732
144 0.9403 0.5032 0.9272 0.8924 0.8744
145 0.9450 0.4565 0.9339 0.8939 0.8760
146 0.9448 0.4829 0.9318 0.8928 0.8748
147 0.9441 0.4888 0.9312 0.8923 0.8747
148 0.9440 0.4759 0.9327 0.8923 0.8748
149 0.9481 0.4591 0.9377 0.8930 0.8753
150 0.9459 0.4770 0.9327 0.8917 0.8725
151 0.9383 0.5243 0.9260 0.8914 0.8710
152 0.9416 0.5096 0.9291 0.8947 0.8741
153 0.9387 0.5291 0.9262 0.8925 0.8745
154 0.9427 0.5148 0.9318 0.8946 0.8755
155 0.9419 0.5046 0.9278 0.8945 0.8778
156 0.9396 0.5070 0.9266 0.8940 0.8736
157 0.9427 0.5001 0.9317 0.8934 0.8749
158 0.9422 0.4901 0.9288 0.8943 0.8744
159 0.9443 0.4760 0.9320 0.8968 0.8786
160 0.9444 0.4855 0.9327 0.8918 0.8725
161 0.9434 0.4852 0.9303 0.8939 0.8742
162 0.9444 0.4884 0.9328 0.8909 0.8734
163 0.9444 0.4884 0.9325 0.8919 0.8712
164 0.9451 0.4795 0.9332 0.8895 0.8715
165 0.9413 0.5102 0.9276 0.8934 0.8747
166 0.9476 0.4521 0.9372 0.8840 0.8671
167 0.9419 0.4891 0.9303 0.8902 0.8718
168 0.9432 0.4796 0.9301 0.8919 0.8705
169 0.9454 0.4633 0.9342 0.8898 0.8696
170 0.9448 0.4765 0.9331 0.8872 0.8680
171 0.9444 0.4785 0.9343 0.8855 0.8682
172 0.9449 0.4661 0.9306 0.8912 0.8702
173 0.9441 0.4452 0.9331 0.8934 0.8754
174 0.9469 0.4413 0.9364 0.8944 0.8750
175 0.9418 0.4885 0.9304 0.8952 0.8767
176 0.9451 0.4544 0.9349 0.8913 0.8715
177 0.9475 0.4365 0.9367 0.8941 0.8764
178 0.9492 0.4220 0.9381 0.8939 0.8750
179 0.9471 0.4524 0.9367 0.8969 0.8790
180 0.9454 0.4406 0.9358 0.8948 0.8758
181 0.9480 0.4266 0.9381 0.8931 0.8737
182 0.9442 0.4683 0.9338 0.8919 0.8732
183 0.9468 0.4451 0.9360 0.8941 0.8734
184 0.9498 0.4233 0.9383 0.8930 0.8754
185 0.9438 0.4733 0.9316 0.8948 0.8761
186 0.9469 0.4499 0.9345 0.8917 0.8726
187 0.9494 0.4171 0.9378 0.8921 0.8749
188 0.9447 0.4641 0.9312 0.8935 0.8763
189 0.9444 0.4594 0.9342 0.8939 0.8752
190 0.9511 0.4201 0.9410 0.8930 0.8743
191 0.9484 0.4275 0.9373 0.8933 0.8744
192 0.9457 0.4457 0.9340 0.8922 0.8735
193 0.9511 0.4104 0.9415 0.8926 0.8744
194 0.9516 0.4205 0.9403 0.8917 0.8745
195 0.9516 0.4117 0.9419 0.8914 0.8749
196 0.9472 0.4465 0.9373 0.8941 0.8755
197 0.9494 0.4144 0.9391 0.8965 0.8759
198 0.9554 0.3803 0.9470 0.8942 0.8755
199 0.9474 0.4285 0.9374 0.8950 0.8763
