epoch train_iou train_loss train_mAP val_iou val_mAP
0 0.6276 0.2984 0.5542 0.7421 0.6895
1 0.7382 0.2666 0.6801 0.7744 0.7280
2 0.7608 0.2772 0.7118 0.7964 0.7541
3 0.7867 0.3056 0.7410 0.8072 0.7720
4 0.8132 0.2978 0.7706 0.8146 0.7740
5 0.8066 0.3411 0.7633 0.8278 0.7875
6 0.8242 0.3410 0.7840 0.8247 0.7891
7 0.8108 0.4041 0.7681 0.8241 0.7897
8 0.8314 0.3853 0.7949 0.8300 0.7974
9 0.8267 0.4444 0.7898 0.8331 0.8034
10 0.8323 0.4567 0.7952 0.8392 0.8071
11 0.8416 0.4515 0.8069 0.8410 0.8082
12 0.8456 0.4765 0.8115 0.8312 0.8064
13 0.8488 0.4976 0.8170 0.8461 0.8129
14 0.8466 0.5264 0.8116 0.8411 0.8132
15 0.8537 0.5365 0.8198 0.8371 0.8126
16 0.8473 0.5667 0.8138 0.8510 0.8230
17 0.8482 0.5789 0.8169 0.8414 0.8106
18 0.8509 0.6049 0.8190 0.8461 0.8215
19 0.8547 0.6315 0.8248 0.8425 0.8163
20 0.8485 0.6350 0.8168 0.8556 0.8286
21 0.8505 0.6864 0.8178 0.8583 0.8277
22 0.8622 0.6567 0.8346 0.8494 0.8167
23 0.8582 0.6860 0.8258 0.8562 0.8254
24 0.8655 0.6910 0.8350 0.8559 0.8266
25 0.8639 0.7284 0.8336 0.8594 0.8335
26 0.8699 0.7046 0.8421 0.8508 0.8239
27 0.8723 0.7248 0.8459 0.8579 0.8324
28 0.8657 0.7581 0.8390 0.8638 0.8390
29 0.8683 0.7678 0.8382 0.8598 0.8326
30 0.8617 0.8549 0.8290 0.8549 0.8305
31 0.8672 0.8243 0.8402 0.8623 0.8380
32 0.8788 0.8120 0.8533 0.8608 0.8360
33 0.8831 0.7867 0.8574 0.8507 0.8275
34 0.8809 0.8230 0.8522 0.8641 0.8399
35 0.8751 0.8753 0.8457 0.8582 0.8347
36 0.8867 0.8265 0.8615 0.8672 0.8438
37 0.8823 0.8621 0.8556 0.8651 0.8388
38 0.8848 0.8667 0.8597 0.8686 0.8449
39 0.8848 0.8720 0.8602 0.8733 0.8464
40 0.8893 0.8681 0.8634 0.8753 0.8482
41 0.8810 0.9067 0.8566 0.8673 0.8425
42 0.8830 0.9353 0.8583 0.8768 0.8541
43 0.8938 0.8675 0.8693 0.8670 0.8397
44 0.8889 0.9106 0.8618 0.8716 0.8480
45 0.8953 0.9028 0.8683 0.8755 0.8528
46 0.9057 0.8188 0.8852 0.8722 0.8500
47 0.9015 0.8871 0.8797 0.8713 0.8489
48 0.9070 0.8614 0.8836 0.8757 0.8523
49 0.9105 0.8299 0.8891 0.8801 0.8577
50 0.8688 1.2800 0.8409 0.8472 0.8226
51 0.8752 1.2410 0.8455 0.8613 0.8356
52 0.8587 1.3505 0.8265 0.8628 0.8313
53 0.8623 1.3046 0.8329 0.8641 0.8395
54 0.8765 1.2161 0.8480 0.8556 0.8326
55 0.8764 1.2127 0.8499 0.8645 0.8405
56 0.8759 1.1799 0.8506 0.8623 0.8394
57 0.8780 1.1630 0.8555 0.8658 0.8422
58 0.8720 1.2030 0.8465 0.8722 0.8443
59 0.8795 1.1475 0.8530 0.8570 0.8300
60 0.8825 1.1469 0.8565 0.8645 0.8379
61 0.8697 1.2473 0.8386 0.8689 0.8438
62 0.8796 1.1319 0.8553 0.8720 0.8446
63 0.8862 1.0733 0.8631 0.8700 0.8466
64 0.8852 1.1352 0.8621 0.8710 0.8467
65 0.8930 1.0169 0.8687 0.8692 0.8484
66 0.8896 1.0646 0.8657 0.8674 0.8424
67 0.8783 1.1145 0.8539 0.8751 0.8496
68 0.9009 0.9776 0.8797 0.8756 0.8532
69 0.8805 1.1002 0.8559 0.8824 0.8605
70 0.8945 0.9940 0.8717 0.8776 0.8521
71 0.8905 1.0308 0.8637 0.8678 0.8426
72 0.9000 0.9780 0.8768 0.8755 0.8510
73 0.8972 0.9733 0.8739 0.8784 0.8546
74 0.9038 0.9044 0.8817 0.8752 0.8500
75 0.8943 0.9759 0.8710 0.8778 0.8564
76 0.8974 0.9516 0.8753 0.8785 0.8565
77 0.9003 0.9234 0.8770 0.8764 0.8524
78 0.8955 1.0160 0.8705 0.8800 0.8580
79 0.9006 0.9349 0.8771 0.8818 0.8584
80 0.9005 0.9330 0.8771 0.8796 0.8571
81 0.9094 0.8517 0.8882 0.8805 0.8591
82 0.9059 0.8878 0.8836 0.8790 0.8573
83 0.9101 0.8654 0.8880 0.8839 0.8616
84 0.9077 0.8604 0.8863 0.8855 0.8628
85 0.9057 0.8781 0.8842 0.8843 0.8638
86 0.9113 0.8363 0.8902 0.8795 0.8560
87 0.9043 0.8958 0.8827 0.8806 0.8591
88 0.9083 0.8312 0.8883 0.8807 0.8576
89 0.9169 0.7629 0.8984 0.8791 0.8601
90 0.9159 0.8046 0.8960 0.8781 0.8592
91 0.9057 0.8558 0.8852 0.8754 0.8535
92 0.9138 0.7998 0.8945 0.8778 0.8547
93 0.9241 0.7239 0.9061 0.8770 0.8586
94 0.9244 0.7142 0.9031 0.8798 0.8595
95 0.9181 0.7499 0.9006 0.8830 0.8605
96 0.9257 0.7086 0.9078 0.8829 0.8607
97 0.9150 0.7569 0.8942 0.8808 0.8587
98 0.9193 0.7651 0.9018 0.8849 0.8629
99 0.9198 0.7269 0.8986 0.8849 0.8624
100 0.9127 0.8419 0.8938 0.8809 0.8569
101 0.9103 0.8268 0.8913 0.8769 0.8555
102 0.9003 0.9316 0.8755 0.8768 0.8542
103 0.9055 0.8793 0.8851 0.8744 0.8531
104 0.9106 0.8418 0.8904 0.8843 0.8651
105 0.9147 0.8146 0.8941 0.8815 0.8596
106 0.9108 0.8215 0.8905 0.8753 0.8547
107 0.9115 0.8546 0.8918 0.8790 0.8597
108 0.9065 0.8748 0.8850 0.8759 0.8562
109 0.9139 0.8153 0.8923 0.8802 0.8574
110 0.9063 0.8469 0.8850 0.8775 0.8553
111 0.9141 0.8157 0.8949 0.8811 0.8601
112 0.9206 0.7490 0.9018 0.8789 0.8600
113 0.9148 0.7857 0.8949 0.8774 0.8559
114 0.9164 0.7882 0.8992 0.8765 0.8567
115 0.9108 0.8232 0.8915 0.8771 0.8535
116 0.9181 0.7607 0.9006 0.8776 0.8556
117 0.9151 0.7884 0.8959 0.8823 0.8615
118 0.9233 0.7394 0.9038 0.8830 0.8609
119 0.9117 0.8068 0.8903 0.8825 0.8622
120 0.9173 0.7812 0.8984 0.8819 0.8612
121 0.9147 0.7952 0.8916 0.8771 0.8577
122 0.9220 0.7359 0.9038 0.8872 0.8679
123 0.9165 0.7644 0.8969 0.8827 0.8640
124 0.9163 0.7600 0.8967 0.8823 0.8624
125 0.9189 0.7235 0.9002 0.8841 0.8652
126 0.9206 0.7164 0.9021 0.8842 0.8639
127 0.9179 0.7261 0.8990 0.8822 0.8629
128 0.9199 0.7382 0.9007 0.8818 0.8616
129 0.9249 0.6802 0.9062 0.8794 0.8582
130 0.9228 0.7047 0.9051 0.8836 0.8609
131 0.9212 0.7018 0.9047 0.8756 0.8546
132 0.9264 0.6814 0.9087 0.8816 0.8602
133 0.9245 0.6543 0.9070 0.8802 0.8570
134 0.9226 0.7189 0.9032 0.8783 0.8571
135 0.9265 0.6755 0.9113 0.8852 0.8641
136 0.9284 0.6270 0.9132 0.8780 0.8557
137 0.9241 0.6915 0.9062 0.8816 0.8605
138 0.9310 0.6408 0.9145 0.8822 0.8627
139 0.9266 0.6558 0.9114 0.8843 0.8644
140 0.9274 0.6712 0.9088 0.8787 0.8579
141 0.9287 0.6559 0.9108 0.8829 0.8641
142 0.9279 0.6690 0.9107 0.8860 0.8664
143 0.9314 0.6133 0.9154 0.8843 0.8662
144 0.9310 0.6313 0.9140 0.8870 0.8681
145 0.9294 0.6310 0.9135 0.8868 0.8669
146 0.9353 0.6024 0.9209 0.8877 0.8705
147 0.9328 0.6049 0.9179 0.8873 0.8684
148 0.9312 0.6386 0.9148 0.8899 0.8702
149 0.9340 0.5902 0.9199 0.8906 0.8716
150 0.9303 0.6387 0.9136 0.8907 0.8703
151 0.9235 0.6887 0.9042 0.8845 0.8605
152 0.9265 0.6744 0.9064 0.8839 0.8621
153 0.9294 0.6497 0.9121 0.8894 0.8697
154 0.9267 0.6694 0.9080 0.8822 0.8600
155 0.9280 0.6668 0.9107 0.8865 0.8699
156 0.9265 0.6723 0.9105 0.8774 0.8579
157 0.9230 0.6890 0.9031 0.8858 0.8650
158 0.9303 0.6442 0.9141 0.8840 0.8649
159 0.9285 0.6479 0.9099 0.8839 0.8612
160 0.9278 0.6553 0.9094 0.8816 0.8619
161 0.9232 0.7051 0.9062 0.8810 0.8597
162 0.9271 0.6528 0.9088 0.8816 0.8612
163 0.9271 0.6525 0.9122 0.8839 0.8642
164 0.9271 0.6768 0.9086 0.8784 0.8589
165 0.9278 0.6524 0.9124 0.8820 0.8615
166 0.9297 0.6406 0.9141 0.8825 0.8624
167 0.9260 0.6485 0.9084 0.8872 0.8673
168 0.9295 0.6124 0.9139 0.8898 0.8692
169 0.9304 0.6410 0.9140 0.8898 0.8701
170 0.9334 0.6097 0.9179 0.8860 0.8686
171 0.9246 0.6604 0.9085 0.8838 0.8639
172 0.9307 0.6281 0.9126 0.8881 0.8684
173 0.9321 0.6024 0.9166 0.8886 0.8659
174 0.9302 0.6043 0.9151 0.8870 0.8675
175 0.9307 0.6117 0.9149 0.8881 0.8700
176 0.9274 0.6488 0.9100 0.8929 0.8735
177 0.9356 0.5603 0.9222 0.8898 0.8708
178 0.9252 0.6523 0.9093 0.8905 0.8702
179 0.9317 0.5955 0.9157 0.8858 0.8681
180 0.9365 0.5692 0.9213 0.8884 0.8677
181 0.9356 0.5778 0.9216 0.8858 0.8665
182 0.9345 0.5780 0.9190 0.8891 0.8693
183 0.9359 0.5569 0.9223 0.8885 0.8712
184 0.9317 0.6001 0.9166 0.8855 0.8651
185 0.9299 0.6075 0.9133 0.8905 0.8711
186 0.9316 0.6101 0.9172 0.8892 0.8697
187 0.9350 0.5705 0.9198 0.8870 0.8676
188 0.9368 0.5485 0.9210 0.8899 0.8704
189 0.9320 0.5994 0.9155 0.8911 0.8730
190 0.9331 0.5844 0.9182 0.8898 0.8710
191 0.9378 0.5416 0.9244 0.8869 0.8684
192 0.9361 0.5538 0.9215 0.8889 0.8702
193 0.9380 0.5463 0.9259 0.8903 0.8704
194 0.9349 0.5562 0.9211 0.8868 0.8670
195 0.9314 0.5809 0.9162 0.8914 0.8717
196 0.9393 0.5631 0.9270 0.8920 0.8739
197 0.9369 0.5427 0.9236 0.8918 0.8720
198 0.9385 0.5563 0.9239 0.8906 0.8719
199 0.9337 0.5763 0.9195 0.8893 0.8702
