epoch train_iou train_loss train_mAP val_iou val_mAP
0 0.6285 0.2769 0.5508 0.7519 0.7048
1 0.7309 0.2394 0.6774 0.7825 0.7340
2 0.7708 0.2543 0.7220 0.8012 0.7561
3 0.7969 0.2624 0.7553 0.8149 0.7769
4 0.8296 0.2566 0.7900 0.8271 0.7915
5 0.8332 0.2727 0.7989 0.8362 0.8022
6 0.8358 0.3006 0.7945 0.8438 0.8086
7 0.8278 0.3528 0.7898 0.8306 0.7981
8 0.8331 0.3760 0.7962 0.8301 0.7910
9 0.8299 0.4337 0.7917 0.8226 0.7920
10 0.8316 0.4471 0.7935 0.8204 0.7845
11 0.8350 0.4608 0.7991 0.8347 0.7951
12 0.8524 0.4385 0.8197 0.8449 0.8134
13 0.8634 0.4224 0.8287 0.8580 0.8272
14 0.8764 0.4082 0.8427 0.8596 0.8319
15 0.8742 0.4249 0.8448 0.8635 0.8382
16 0.8735 0.4556 0.8434 0.8617 0.8356
17 0.8759 0.4861 0.8471 0.8635 0.8361
18 0.8655 0.5374 0.8312 0.8516 0.8184
19 0.8602 0.5839 0.8280 0.8399 0.8085
20 0.8575 0.6425 0.8251 0.8527 0.8196
21 0.8634 0.6200 0.8299 0.8528 0.8264
22 0.8682 0.6158 0.8374 0.8571 0.8329
23 0.8831 0.5466 0.8543 0.8683 0.8446
24 0.8883 0.5599 0.8611 0.8731 0.8474
25 0.8977 0.5339 0.8719 0.8712 0.8453
26 0.8978 0.5527 0.8718 0.8689 0.8439
27 0.8918 0.5899 0.8660 0.8656 0.8378
28 0.8868 0.6513 0.8610 0.8612 0.8332
29 0.8771 0.7255 0.8461 0.8668 0.8404
30 0.8759 0.7644 0.8452 0.8435 0.8145
31 0.8758 0.7834 0.8477 0.8529 0.8277
32 0.8814 0.7602 0.8537 0.8650 0.8386
33 0.8868 0.7248 0.8636 0.8613 0.8371
34 0.9008 0.6518 0.8770 0.8685 0.8436
35 0.9047 0.6303 0.8796 0.8720 0.8481
36 0.8981 0.7051 0.8746 0.8768 0.8524
37 0.9115 0.6334 0.8886 0.8689 0.8439
38 0.8989 0.7685 0.8754 0.8706 0.8419
39 0.8928 0.8205 0.8660 0.8615 0.8355
40 0.8727 0.9896 0.8418 0.8655 0.8394
41 0.8845 0.9102 0.8571 0.8625 0.8410
42 0.8892 0.8962 0.8636 0.8693 0.8430
43 0.9072 0.7571 0.8855 0.8749 0.8491
44 0.9034 0.7851 0.8794 0.8794 0.8530
45 0.9101 0.7361 0.8892 0.8795 0.8551
46 0.9077 0.7881 0.8852 0.8790 0.8535
47 0.9085 0.7810 0.8852 0.8752 0.8504
48 0.9023 0.8998 0.8777 0.8689 0.8470
49 0.8971 0.9416 0.8737 0.8724 0.8506
50 0.8870 1.0402 0.8587 0.8665 0.8401
51 0.8914 0.9841 0.8654 0.8659 0.8365
52 0.8940 0.9876 0.8688 0.8715 0.8469
53 0.9093 0.8388 0.8849 0.8747 0.8454
54 0.9155 0.7665 0.8913 0.8826 0.8564
55 0.9114 0.7825 0.8898 0.8836 0.8584
56 0.9155 0.7693 0.8959 0.8809 0.8571
57 0.9144 0.7942 0.8934 0.8821 0.8600
58 0.9148 0.7859 0.8933 0.8697 0.8413
59 0.8999 0.9153 0.8758 0.8835 0.8615
60 0.8955 1.0010 0.8674 0.8757 0.8497
61 0.9100 0.8449 0.8885 0.8726 0.8481
62 0.9060 0.8641 0.8851 0.8745 0.8515
63 0.9080 0.8513 0.8864 0.8805 0.8564
64 0.9101 0.7999 0.8870 0.8795 0.8561
65 0.9217 0.7193 0.9002 0.8839 0.8605
66 0.9208 0.7288 0.9010 0.8861 0.8647
67 0.9167 0.7582 0.8965 0.8809 0.8577
68 0.9089 0.8178 0.8862 0.8779 0.8542
69 0.9186 0.7619 0.8986 0.8726 0.8456
70 0.9031 0.9063 0.8819 0.8752 0.8551
71 0.9079 0.8699 0.8862 0.8789 0.8534
72 0.9133 0.7901 0.8919 0.8757 0.8545
73 0.9169 0.7461 0.8965 0.8765 0.8546
74 0.9180 0.7276 0.8975 0.8785 0.8584
75 0.9187 0.7331 0.8989 0.8773 0.8574
76 0.9227 0.6911 0.9008 0.8729 0.8539
77 0.9255 0.6963 0.9064 0.8814 0.8580
78 0.9218 0.7046 0.9026 0.8772 0.8574
79 0.9114 0.8077 0.8903 0.8808 0.8580
80 0.9047 0.8923 0.8820 0.8746 0.8550
81 0.9038 0.8754 0.8789 0.8817 0.8606
82 0.9163 0.7677 0.8935 0.8763 0.8574
83 0.9189 0.7411 0.8997 0.8771 0.8570
84 0.9261 0.6913 0.9074 0.8845 0.8652
85 0.9251 0.6791 0.9051 0.8839 0.8649
86 0.9204 0.6918 0.9007 0.8865 0.8685
87 0.9242 0.6710 0.9057 0.8789 0.8585
88 0.9168 0.7627 0.8962 0.8859 0.8637
89 0.9186 0.7512 0.8979 0.8786 0.8591
90 0.9053 0.8701 0.8842 0.8818 0.8571
91 0.9137 0.7901 0.8924 0.8717 0.8487
92 0.9127 0.7849 0.8922 0.8847 0.8602
93 0.9250 0.6688 0.9046 0.8771 0.8572
94 0.9261 0.6719 0.9092 0.8863 0.8670
95 0.9265 0.6518 0.9098 0.8872 0.8676
96 0.9323 0.6131 0.9144 0.8865 0.8661
97 0.9246 0.6636 0.9060 0.8851 0.8636
98 0.9213 0.7091 0.8988 0.8776 0.8551
99 0.9194 0.7311 0.9006 0.8748 0.8496
100 0.9263 0.6901 0.9069 0.8832 0.8616
101 0.9242 0.6748 0.9064 0.8816 0.8596
102 0.9297 0.6126 0.9148 0.8852 0.8650
103 0.9292 0.6417 0.9117 0.8869 0.8675
104 0.9260 0.6414 0.9089 0.8889 0.8670
105 0.9358 0.5805 0.9189 0.8875 0.8657
106 0.9335 0.5753 0.9176 0.8888 0.8666
107 0.9322 0.5777 0.9163 0.8921 0.8705
108 0.9264 0.6619 0.9094 0.8856 0.8680
109 0.9281 0.6331 0.9129 0.8838 0.8655
110 0.9331 0.6209 0.9151 0.8851 0.8650
111 0.9318 0.6333 0.9161 0.8883 0.8676
112 0.9340 0.6024 0.9182 0.8842 0.8634
113 0.9335 0.5812 0.9165 0.8888 0.8683
114 0.9319 0.6150 0.9143 0.8906 0.8705
115 0.9359 0.5769 0.9201 0.8906 0.8705
116 0.9339 0.5739 0.9194 0.8903 0.8699
117 0.9343 0.5696 0.9196 0.8876 0.8647
118 0.9369 0.5630 0.9197 0.8892 0.8687
119 0.9319 0.6042 0.9151 0.8911 0.8701
120 0.9295 0.6241 0.9136 0.8881 0.8670
121 0.9259 0.6295 0.9092 0.8825 0.8612
122 0.9358 0.5751 0.9208 0.8871 0.8656
123 0.9328 0.5929 0.9160 0.8870 0.8682
124 0.9368 0.5436 0.9225 0.8828 0.8641
125 0.9386 0.5259 0.9257 0.8845 0.8654
126 0.9334 0.5684 0.9172 0.8880 0.8666
127 0.9354 0.5742 0.9191 0.8913 0.8702
128 0.9382 0.5358 0.9233 0.8871 0.8661
129 0.9389 0.5467 0.9255 0.8816 0.8621
130 0.9301 0.6043 0.9137 0.8858 0.8649
131 0.9358 0.5644 0.9211 0.8795 0.8626
132 0.9340 0.5888 0.9188 0.8813 0.8627
133 0.9357 0.5613 0.9211 0.8878 0.8660
134 0.9384 0.5289 0.9235 0.8908 0.8715
135 0.9403 0.5307 0.9271 0.8914 0.8716
136 0.9347 0.5505 0.9204 0.8898 0.8695
137 0.9351 0.5445 0.9196 0.8856 0.8650
138 0.9327 0.5946 0.9169 0.8898 0.8700
139 0.9377 0.5592 0.9229 0.8917 0.8721
140 0.9338 0.5715 0.9190 0.8858 0.8668
141 0.9293 0.5909 0.9146 0.8798 0.8607
142 0.9388 0.5591 0.9269 0.8856 0.8669
143 0.9391 0.5301 0.9265 0.8921 0.8718
144 0.9349 0.5558 0.9204 0.8917 0.8709
145 0.9426 0.4876 0.9302 0.8930 0.8724
146 0.9436 0.4980 0.9308 0.8899 0.8707
147 0.9399 0.5157 0.9269 0.8908 0.8720
148 0.9410 0.5053 0.9290 0.8875 0.8661
149 0.9421 0.5021 0.9291 0.8882 0.8645
150 0.9302 0.6089 0.9141 0.8861 0.8650
151 0.9319 0.5895 0.9172 0.8861 0.8674
152 0.9345 0.5629 0.9194 0.8888 0.8690
153 0.9391 0.5430 0.9234 0.8864 0.8652
154 0.9363 0.5533 0.9218 0.8885 0.8682
155 0.9406 0.5248 0.9281 0.8882 0.8694
156 0.9430 0.4966 0.9288 0.8866 0.8682
157 0.9396 0.5376 0.9249 0.8885 0.8690
158 0.9403 0.5205 0.9263 0.8901 0.8709
159 0.9334 0.5841 0.9184 0.8864 0.8665
160 0.9394 0.5236 0.9252 0.8887 0.8687
161 0.9421 0.5017 0.9286 0.8885 0.8670
162 0.9441 0.4719 0.9322 0.8889 0.8681
163 0.9367 0.5294 0.9239 0.8898 0.8695
164 0.9424 0.5037 0.9299 0.8899 0.8695
165 0.9451 0.4735 0.9338 0.8890 0.8691
166 0.9397 0.5160 0.9252 0.8903 0.8696
167 0.9423 0.4915 0.9295 0.8899 0.8694
168 0.9434 0.4915 0.9309 0.8916 0.8715
169 0.9457 0.4741 0.9342 0.8911 0.8722
170 0.9463 0.4746 0.9333 0.8886 0.8686
171 0.9427 0.4746 0.9309 0.8875 0.8686
172 0.9464 0.4638 0.9350 0.8869 0.8683
173 0.9370 0.5277 0.9220 0.8896 0.8706
174 0.9425 0.4912 0.9304 0.8900 0.8710
175 0.9444 0.4684 0.9312 0.8887 0.8696
176 0.9470 0.4361 0.9369 0.8909 0.8722
177 0.9424 0.5068 0.9293 0.8875 0.8684
178 0.9462 0.4592 0.9347 0.8895 0.8705
179 0.9433 0.4662 0.9303 0.8896 0.8719
180 0.9395 0.5050 0.9237 0.8936 0.8744
181 0.9499 0.4424 0.9414 0.8943 0.8742
182 0.9406 0.5018 0.9291 0.8934 0.8730
183 0.9469 0.4646 0.9360 0.8936 0.8757
184 0.9457 0.4693 0.9343 0.8940 0.8757
185 0.9415 0.4875 0.9309 0.8939 0.8761
186 0.9431 0.4701 0.9302 0.8965 0.8789
187 0.9460 0.4558 0.9355 0.8923 0.8745
188 0.9468 0.4376 0.9366 0.8927 0.8731
189 0.9455 0.4732 0.9328 0.8921 0.8735
190 0.9474 0.4478 0.9354 0.8949 0.8763
191 0.9457 0.4745 0.9336 0.8977 0.8786
192 0.9425 0.4804 0.9298 0.8937 0.8735
193 0.9444 0.4628 0.9326 0.8919 0.8720
194 0.9493 0.4364 0.9385 0.8931 0.8737
195 0.9456 0.4679 0.9329 0.8938 0.8734
196 0.9470 0.4477 0.9362 0.8936 0.8734
197 0.9492 0.4389 0.9385 0.8926 0.8734
198 0.9478 0.4346 0.9367 0.8913 0.8730
199 0.9480 0.4496 0.9365 0.8906 0.8712
