epoch train_iou train_loss train_mAP val_iou val_mAP
0 0.6135 0.3015 0.5253 0.7255 0.6697
1 0.7186 0.3034 0.6570 0.7652 0.7129
2 0.7667 0.3225 0.7075 0.7938 0.7559
3 0.7787 0.3789 0.7304 0.7983 0.7626
4 0.8067 0.4090 0.7651 0.8114 0.7763
5 0.8169 0.4332 0.7757 0.8204 0.7915
6 0.8238 0.4693 0.7824 0.8226 0.7884
7 0.8168 0.5327 0.7765 0.8365 0.8019
8 0.8228 0.5677 0.7818 0.8313 0.7981
9 0.8321 0.5962 0.7919 0.8336 0.8095
10 0.8353 0.6498 0.7978 0.8206 0.7812
11 0.8281 0.7277 0.7863 0.8255 0.7963
12 0.8247 0.7785 0.7851 0.8364 0.8114
13 0.8372 0.7800 0.7989 0.8262 0.7989
14 0.8322 0.8258 0.7965 0.8387 0.8054
15 0.8399 0.8539 0.8030 0.8281 0.8036
16 0.8417 0.8840 0.8035 0.8332 0.8082
17 0.8339 0.9621 0.7960 0.8476 0.8226
18 0.8539 0.9144 0.8192 0.8417 0.8195
19 0.8543 0.9492 0.8213 0.8528 0.8229
20 0.8386 1.0639 0.8047 0.8470 0.8199
21 0.8542 1.0033 0.8207 0.8443 0.8143
22 0.8504 1.0795 0.8184 0.8346 0.8059
23 0.8507 1.1154 0.8178 0.8437 0.8181
24 0.8557 1.1622 0.8222 0.8504 0.8265
25 0.8497 1.2504 0.8172 0.8461 0.8178
26 0.8593 1.1651 0.8266 0.8527 0.8279
27 0.8664 1.1727 0.8346 0.8496 0.8250
28 0.8510 1.3253 0.8163 0.8375 0.8100
29 0.8563 1.3298 0.8250 0.8439 0.8150
30 0.8652 1.2778 0.8364 0.8551 0.8300
31 0.8698 1.2333 0.8388 0.8528 0.8245
32 0.8716 1.2006 0.8450 0.8583 0.8301
33 0.8746 1.1980 0.8439 0.8474 0.8234
34 0.8757 1.1637 0.8439 0.8640 0.8369
35 0.8703 1.2173 0.8421 0.8579 0.8355
36 0.8784 1.1417 0.8479 0.8658 0.8421
37 0.8835 1.1027 0.8542 0.8579 0.8367
38 0.8886 1.0571 0.8618 0.8651 0.8422
39 0.8885 1.0603 0.8626 0.8612 0.8387
40 0.8916 1.0271 0.8639 0.8540 0.8367
41 0.8872 1.0460 0.8606 0.8700 0.8465
42 0.8993 0.9334 0.8709 0.8650 0.8434
43 0.8947 0.9856 0.8689 0.8714 0.8506
44 0.9047 0.9031 0.8792 0.8717 0.8482
45 0.8998 0.9222 0.8757 0.8699 0.8470
46 0.9077 0.8668 0.8830 0.8713 0.8484
47 0.9081 0.8573 0.8857 0.8756 0.8525
48 0.9133 0.8077 0.8914 0.8757 0.8569
49 0.9075 0.8385 0.8846 0.8733 0.8527
