epoch train_iou train_loss train_mAP val_iou val_mAP
0 0.5712 0.1599 0.4942 0.7113 0.6557
1 0.7061 0.1502 0.6465 0.7481 0.7011
2 0.7262 0.1656 0.6742 0.7714 0.7239
3 0.7582 0.1745 0.7090 0.7900 0.7441
4 0.7909 0.1700 0.7453 0.8051 0.7609
5 0.7987 0.1776 0.7566 0.8054 0.7644
6 0.8141 0.1877 0.7733 0.8112 0.7725
7 0.7960 0.2239 0.7477 0.8168 0.7811
8 0.7985 0.2566 0.7537 0.8134 0.7755
9 0.8180 0.2733 0.7752 0.8159 0.7785
10 0.8043 0.2850 0.7582 0.8144 0.7744
11 0.8206 0.2868 0.7826 0.8318 0.7940
12 0.8328 0.2778 0.7953 0.8296 0.7974
13 0.8421 0.2814 0.8082 0.8397 0.8111
14 0.8641 0.2558 0.8324 0.8518 0.8220
15 0.8613 0.2581 0.8287 0.8570 0.8290
16 0.8727 0.2627 0.8435 0.8541 0.8270
17 0.8690 0.2864 0.8368 0.8519 0.8184
18 0.8506 0.3481 0.8168 0.8432 0.8061
19 0.8509 0.3503 0.8138 0.8353 0.8011
20 0.8433 0.3882 0.8063 0.8448 0.8146
21 0.8595 0.3716 0.8285 0.8515 0.8252
22 0.8629 0.3590 0.8360 0.8571 0.8310
23 0.8745 0.3369 0.8461 0.8502 0.8211
24 0.8780 0.3408 0.8509 0.8588 0.8332
25 0.8943 0.3081 0.8701 0.8592 0.8344
26 0.8840 0.3396 0.8556 0.8708 0.8452
27 0.8872 0.3556 0.8593 0.8641 0.8371
28 0.8687 0.4152 0.8390 0.8550 0.8285
29 0.8659 0.4323 0.8387 0.8445 0.8174
30 0.8618 0.4731 0.8296 0.8460 0.8153
31 0.8599 0.4785 0.8287 0.8552 0.8255
32 0.8755 0.4351 0.8439 0.8579 0.8305
33 0.8852 0.4105 0.8587 0.8591 0.8326
34 0.8833 0.4305 0.8550 0.8675 0.8392
35 0.9021 0.3701 0.8745 0.8696 0.8424
36 0.8950 0.3925 0.8666 0.8682 0.8418
37 0.8897 0.4303 0.8607 0.8686 0.8447
38 0.8950 0.4376 0.8679 0.8706 0.8436
39 0.8810 0.5124 0.8547 0.8658 0.8414
40 0.8809 0.5286 0.8513 0.8617 0.8371
41 0.8831 0.5045 0.8572 0.8551 0.8275
42 0.8974 0.4669 0.8704 0.8610 0.8352
43 0.8988 0.4769 0.8724 0.8700 0.8457
44 0.8971 0.4414 0.8723 0.8666 0.8391
45 0.9146 0.4002 0.8896 0.8708 0.8466
46 0.9075 0.4213 0.8845 0.8770 0.8511
47 0.9067 0.4446 0.8817 0.8708 0.8474
48 0.8984 0.5005 0.8731 0.8656 0.8415
49 0.8949 0.5474 0.8680 0.8610 0.8338
50 0.8826 0.6167 0.8535 0.8691 0.8454
51 0.8933 0.5815 0.8647 0.8716 0.8430
52 0.9004 0.5411 0.8759 0.8677 0.8426
53 0.9064 0.4954 0.8830 0.8726 0.8489
54 0.9146 0.4572 0.8912 0.8722 0.8474
55 0.9118 0.4842 0.8895 0.8767 0.8530
56 0.9143 0.4758 0.8913 0.8750 0.8530
57 0.9071 0.5199 0.8831 0.8751 0.8534
58 0.9072 0.5472 0.8861 0.8710 0.8457
59 0.9090 0.5462 0.8866 0.8685 0.8480
60 0.8982 0.6151 0.8702 0.8643 0.8375
61 0.8945 0.6395 0.8702 0.8751 0.8410
62 0.9036 0.6059 0.8780 0.8773 0.8540
63 0.9083 0.5579 0.8873 0.8730 0.8496
64 0.9171 0.5220 0.8971 0.8803 0.8575
65 0.9166 0.5059 0.8963 0.8792 0.8565
66 0.9078 0.5833 0.8851 0.8762 0.8535
67 0.9154 0.5294 0.8918 0.8769 0.8510
68 0.9090 0.5995 0.8861 0.8790 0.8539
69 0.9064 0.6236 0.8827 0.8716 0.8496
70 0.9046 0.6760 0.8825 0.8774 0.8522
71 0.9028 0.6740 0.8793 0.8682 0.8466
72 0.9053 0.6566 0.8843 0.8753 0.8506
73 0.9149 0.5798 0.8943 0.8757 0.8509
74 0.9125 0.5950 0.8930 0.8786 0.8542
75 0.9191 0.5626 0.8965 0.8798 0.8577
76 0.9195 0.5827 0.8983 0.8842 0.8629
77 0.9164 0.6252 0.8946 0.8786 0.8544
78 0.9106 0.6645 0.8867 0.8746 0.8511
79 0.9081 0.7054 0.8837 0.8672 0.8434
80 0.9021 0.7548 0.8791 0.8635 0.8396
81 0.9040 0.7293 0.8833 0.8767 0.8525
82 0.9137 0.6771 0.8913 0.8715 0.8518
83 0.9156 0.6675 0.8951 0.8770 0.8562
84 0.9144 0.6651 0.8902 0.8843 0.8619
85 0.9278 0.5638 0.9091 0.8806 0.8597
86 0.9239 0.6050 0.9020 0.8808 0.8601
87 0.9265 0.6006 0.9074 0.8822 0.8571
88 0.9147 0.7031 0.8919 0.8842 0.8630
89 0.9015 0.8170 0.8820 0.8606 0.8386
90 0.9008 0.8644 0.8738 0.8733 0.8495
91 0.9087 0.7928 0.8868 0.8677 0.8434
92 0.9191 0.7273 0.8961 0.8785 0.8580
93 0.9240 0.6714 0.9039 0.8799 0.8566
94 0.9231 0.7003 0.9010 0.8787 0.8573
95 0.9283 0.6372 0.9100 0.8765 0.8575
96 0.9304 0.6137 0.9133 0.8781 0.8564
97 0.9238 0.6833 0.9039 0.8801 0.8589
98 0.9220 0.7205 0.9027 0.8769 0.8490
99 0.9189 0.7639 0.8983 0.8652 0.8466
100 0.9149 0.7845 0.8937 0.8800 0.8574
101 0.9213 0.7356 0.9012 0.8776 0.8596
102 0.9175 0.7346 0.8961 0.8784 0.8565
103 0.9317 0.6258 0.9134 0.8816 0.8599
104 0.9306 0.6171 0.9093 0.8802 0.8592
105 0.9292 0.6327 0.9097 0.8781 0.8572
106 0.9328 0.6178 0.9143 0.8807 0.8600
107 0.9311 0.6137 0.9118 0.8786 0.8575
108 0.9272 0.6346 0.9095 0.8834 0.8609
109 0.9294 0.6532 0.9097 0.8792 0.8610
110 0.9202 0.7155 0.9011 0.8755 0.8526
111 0.9300 0.6424 0.9127 0.8828 0.8619
112 0.9269 0.6648 0.9081 0.8845 0.8636
113 0.9337 0.6174 0.9156 0.8855 0.8644
114 0.9369 0.5607 0.9217 0.8869 0.8651
115 0.9342 0.5847 0.9196 0.8885 0.8670
116 0.9366 0.5572 0.9201 0.8856 0.8644
117 0.9363 0.5722 0.9197 0.8849 0.8631
118 0.9302 0.6158 0.9113 0.8853 0.8631
119 0.9310 0.6240 0.9131 0.8871 0.8649
120 0.9231 0.6803 0.9046 0.8835 0.8590
121 0.9292 0.6326 0.9121 0.8821 0.8624
122 0.9308 0.6259 0.9124 0.8875 0.8662
123 0.9341 0.5927 0.9165 0.8898 0.8685
124 0.9353 0.5549 0.9191 0.8877 0.8676
125 0.9346 0.5891 0.9166 0.8864 0.8669
126 0.9343 0.5877 0.9183 0.8854 0.8654
127 0.9316 0.5841 0.9140 0.8879 0.8674
128 0.9394 0.5395 0.9239 0.8852 0.8656
129 0.9281 0.6367 0.9114 0.8820 0.8580
130 0.9328 0.6198 0.9151 0.8838 0.8612
131 0.9272 0.6454 0.9096 0.8862 0.8647
132 0.9328 0.5948 0.9165 0.8852 0.8629
133 0.9305 0.6137 0.9138 0.8845 0.8639
134 0.9360 0.5682 0.9200 0.8908 0.8699
135 0.9315 0.5870 0.9152 0.8908 0.8694
136 0.9312 0.5780 0.9137 0.8926 0.8722
137 0.9370 0.5836 0.9211 0.8898 0.8689
138 0.9367 0.5583 0.9215 0.8884 0.8649
139 0.9283 0.6381 0.9083 0.8848 0.8639
140 0.9295 0.6558 0.9144 0.8928 0.8734
141 0.9297 0.6180 0.9119 0.8883 0.8666
142 0.9369 0.5733 0.9218 0.8889 0.8701
143 0.9336 0.5863 0.9185 0.8911 0.8705
144 0.9350 0.5681 0.9182 0.8851 0.8666
145 0.9389 0.5492 0.9232 0.8902 0.8722
146 0.9425 0.5111 0.9256 0.8898 0.8705
147 0.9390 0.5353 0.9240 0.8888 0.8696
148 0.9366 0.5696 0.9207 0.8866 0.8689
149 0.9382 0.5568 0.9234 0.8853 0.8644
150 0.9344 0.6012 0.9191 0.8822 0.8584
151 0.9324 0.6198 0.9155 0.8885 0.8694
152 0.9377 0.5865 0.9220 0.8854 0.8656
153 0.9297 0.6097 0.9109 0.8856 0.8650
154 0.9358 0.5531 0.9182 0.8840 0.8651
155 0.9388 0.5239 0.9252 0.8873 0.8671
156 0.9392 0.5177 0.9251 0.8878 0.8679
157 0.9393 0.5347 0.9249 0.8878 0.8677
158 0.9349 0.5531 0.9209 0.8863 0.8657
159 0.9321 0.5908 0.9147 0.8868 0.8659
160 0.9386 0.5382 0.9239 0.8879 0.8695
161 0.9396 0.5371 0.9243 0.8912 0.8726
162 0.9414 0.5035 0.9286 0.8928 0.8730
163 0.9382 0.5255 0.9222 0.8876 0.8680
164 0.9374 0.5393 0.9222 0.8883 0.8682
165 0.9398 0.5214 0.9229 0.8890 0.8684
166 0.9465 0.4767 0.9324 0.8906 0.8709
167 0.9422 0.5144 0.9296 0.8881 0.8679
168 0.9408 0.5029 0.9277 0.8901 0.8706
169 0.9441 0.5004 0.9295 0.8910 0.8721
170 0.9441 0.4924 0.9300 0.8922 0.8742
171 0.9372 0.5187 0.9226 0.8924 0.8735
172 0.9451 0.4690 0.9326 0.8932 0.8745
173 0.9390 0.5138 0.9230 0.8916 0.8730
174 0.9466 0.4543 0.9330 0.8949 0.8755
175 0.9401 0.5212 0.9239 0.8908 0.8726
176 0.9368 0.5436 0.9220 0.8916 0.8730
177 0.9425 0.4738 0.9297 0.8881 0.8704
178 0.9410 0.5184 0.9258 0.8924 0.8722
179 0.9400 0.5129 0.9239 0.8898 0.8710
180 0.9448 0.4952 0.9303 0.8946 0.8741
181 0.9425 0.5168 0.9282 0.8944 0.8736
182 0.9422 0.4876 0.9294 0.8913 0.8721
183 0.9422 0.5031 0.9288 0.8950 0.8737
184 0.9484 0.4528 0.9345 0.8910 0.8705
185 0.9387 0.5045 0.9231 0.8929 0.8726
186 0.9441 0.4857 0.9297 0.8911 0.8711
187 0.9407 0.5085 0.9258 0.8938 0.8740
188 0.9448 0.4658 0.9311 0.8950 0.8744
189 0.9412 0.4985 0.9295 0.8925 0.8721
190 0.9442 0.4814 0.9299 0.8919 0.8706
191 0.9447 0.4799 0.9316 0.8926 0.8724
192 0.9416 0.4976 0.9287 0.8893 0.8693
193 0.9498 0.4428 0.9370 0.8914 0.8697
194 0.9392 0.5153 0.9243 0.8899 0.8682
195 0.9476 0.4471 0.9340 0.8901 0.8702
196 0.9400 0.5279 0.9272 0.8895 0.8696
197 0.9418 0.5020 0.9275 0.8879 0.8665
198 0.9430 0.4818 0.9285 0.8902 0.8714
199 0.9442 0.4941 0.9299 0.8900 0.8699
