epoch train_iou train_loss train_mAP val_iou val_mAP
0 0.5916 0.3181 0.5178 0.6995 0.6501
1 0.6987 0.2858 0.6400 0.7396 0.6982
2 0.7360 0.3027 0.6877 0.7564 0.7156
3 0.7664 0.3083 0.7211 0.8007 0.7632
4 0.8069 0.2946 0.7672 0.8118 0.7805
5 0.8255 0.2940 0.7868 0.8144 0.7816
6 0.8123 0.3493 0.7725 0.8230 0.7895
7 0.8062 0.4027 0.7662 0.8079 0.7722
8 0.7892 0.4871 0.7491 0.7989 0.7604
9 0.8027 0.5020 0.7637 0.7959 0.7613
10 0.7987 0.5382 0.7555 0.8168 0.7829
11 0.8133 0.5529 0.7747 0.8116 0.7805
12 0.8256 0.5222 0.7932 0.8197 0.7887
13 0.8463 0.4925 0.8128 0.8415 0.8103
14 0.8553 0.4658 0.8229 0.8457 0.8147
15 0.8678 0.4562 0.8361 0.8520 0.8206
16 0.8647 0.4856 0.8333 0.8465 0.8172
17 0.8588 0.5561 0.8266 0.8372 0.8058
18 0.8544 0.6144 0.8234 0.8338 0.8055
19 0.8322 0.7030 0.7996 0.8390 0.8054
20 0.8345 0.7679 0.8002 0.8425 0.8156
21 0.8454 0.7208 0.8116 0.8330 0.8055
22 0.8631 0.6654 0.8326 0.8459 0.8156
23 0.8734 0.6247 0.8421 0.8532 0.8225
24 0.8824 0.5877 0.8535 0.8609 0.8355
25 0.8836 0.5824 0.8552 0.8620 0.8336
26 0.8797 0.6214 0.8494 0.8615 0.8310
27 0.8817 0.6598 0.8510 0.8564 0.8249
28 0.8751 0.7244 0.8463 0.8503 0.8233
29 0.8605 0.8550 0.8291 0.8519 0.8220
30 0.8475 0.9424 0.8137 0.8071 0.7674
31 0.8635 0.8830 0.8338 0.8365 0.8123
32 0.8744 0.8057 0.8445 0.8490 0.8183
33 0.8843 0.7642 0.8573 0.8601 0.8312
34 0.8928 0.7041 0.8638 0.8641 0.8348
35 0.8957 0.7191 0.8680 0.8612 0.8309
36 0.8914 0.7261 0.8639 0.8606 0.8353
37 0.8912 0.7592 0.8641 0.8592 0.8314
38 0.8869 0.8332 0.8573 0.8580 0.8317
39 0.8762 0.9174 0.8467 0.8372 0.8090
40 0.8620 1.1003 0.8353 0.8424 0.8111
41 0.8782 0.9806 0.8476 0.8542 0.8260
42 0.8856 0.9115 0.8573 0.8571 0.8299
43 0.8941 0.8588 0.8660 0.8552 0.8253
44 0.9009 0.7856 0.8738 0.8654 0.8374
45 0.9043 0.7723 0.8765 0.8641 0.8385
46 0.9057 0.7836 0.8790 0.8739 0.8450
47 0.8969 0.8555 0.8685 0.8634 0.8369
48 0.8989 0.9123 0.8701 0.8637 0.8357
49 0.8842 1.0731 0.8527 0.8454 0.8152
50 0.8751 1.1774 0.8465 0.8538 0.8241
51 0.8714 1.2180 0.8422 0.8452 0.8159
52 0.8877 1.0160 0.8600 0.8461 0.8230
53 0.9043 0.8791 0.8770 0.8557 0.8281
54 0.9129 0.7897 0.8876 0.8587 0.8340
55 0.9121 0.7880 0.8856 0.8592 0.8355
56 0.9144 0.7870 0.8877 0.8584 0.8339
57 0.9102 0.8059 0.8845 0.8558 0.8243
58 0.8956 0.9281 0.8685 0.8563 0.8300
59 0.8864 1.0924 0.8563 0.8527 0.8210
60 0.8790 1.2025 0.8471 0.8460 0.8191
61 0.8792 1.1289 0.8517 0.8577 0.8294
62 0.9051 0.8535 0.8775 0.8674 0.8395
63 0.9077 0.8288 0.8822 0.8685 0.8423
64 0.9093 0.7989 0.8833 0.8707 0.8411
65 0.9128 0.7702 0.8883 0.8637 0.8353
66 0.9126 0.7707 0.8861 0.8711 0.8425
67 0.9102 0.8025 0.8855 0.8639 0.8354
68 0.9053 0.8448 0.8789 0.8563 0.8301
69 0.9001 0.9228 0.8727 0.8535 0.8273
70 0.8725 1.1545 0.8452 0.7836 0.7537
71 0.8907 1.0097 0.8639 0.8587 0.8359
72 0.8993 0.9246 0.8712 0.8659 0.8381
73 0.9093 0.8283 0.8837 0.8660 0.8412
74 0.9114 0.7627 0.8859 0.8765 0.8491
75 0.9173 0.7063 0.8916 0.8727 0.8454
76 0.9171 0.7220 0.8919 0.8678 0.8414
77 0.9110 0.7676 0.8865 0.8678 0.8395
78 0.9072 0.8172 0.8836 0.8632 0.8346
79 0.9027 0.8669 0.8770 0.8668 0.8381
80 0.8955 0.9498 0.8694 0.8663 0.8414
81 0.8960 0.9709 0.8691 0.8543 0.8267
82 0.8950 0.9564 0.8669 0.8581 0.8315
83 0.9089 0.8202 0.8847 0.8589 0.8339
84 0.9123 0.7402 0.8865 0.8547 0.8322
85 0.9173 0.7233 0.8924 0.8552 0.8324
86 0.9185 0.7015 0.8940 0.8606 0.8348
87 0.9137 0.7481 0.8890 0.8642 0.8439
88 0.9112 0.7932 0.8860 0.8397 0.8087
89 0.9043 0.8930 0.8792 0.8578 0.8309
90 0.8908 1.0073 0.8628 0.8408 0.8154
91 0.9017 0.9295 0.8743 0.8522 0.8297
92 0.9102 0.8050 0.8851 0.8687 0.8392
93 0.9160 0.7426 0.8931 0.8621 0.8344
94 0.9198 0.6889 0.8965 0.8688 0.8412
95 0.9246 0.6626 0.9028 0.8687 0.8409
96 0.9207 0.6774 0.8983 0.8665 0.8390
97 0.9211 0.6576 0.8986 0.8695 0.8452
98 0.9123 0.7730 0.8870 0.8602 0.8360
99 0.8998 0.8740 0.8742 0.8532 0.8293
100 0.9164 0.7454 0.8942 0.8552 0.8315
101 0.9164 0.7214 0.8942 0.8658 0.8427
102 0.9221 0.6740 0.9006 0.8700 0.8455
103 0.9261 0.6211 0.9044 0.8763 0.8521
104 0.9232 0.6447 0.9012 0.8758 0.8491
105 0.9258 0.6135 0.9052 0.8773 0.8514
106 0.9224 0.6304 0.8996 0.8763 0.8516
107 0.9264 0.5974 0.9058 0.8702 0.8476
108 0.9245 0.6491 0.9027 0.8687 0.8438
109 0.9201 0.6861 0.8979 0.8633 0.8383
110 0.9193 0.6939 0.8956 0.8669 0.8435
111 0.9200 0.6716 0.8981 0.8667 0.8430
112 0.9232 0.6518 0.9018 0.8702 0.8447
113 0.9210 0.6375 0.8991 0.8766 0.8485
114 0.9297 0.5960 0.9100 0.8705 0.8453
115 0.9291 0.5800 0.9100 0.8707 0.8466
116 0.9214 0.6252 0.8992 0.8738 0.8483
117 0.9252 0.6046 0.9042 0.8753 0.8481
118 0.9201 0.6506 0.8972 0.8731 0.8469
119 0.9239 0.6325 0.9035 0.8718 0.8505
120 0.9228 0.6383 0.9015 0.8632 0.8379
121 0.9216 0.6716 0.8997 0.8652 0.8422
122 0.9201 0.6446 0.8969 0.8612 0.8370
123 0.9289 0.5945 0.9102 0.8682 0.8448
124 0.9274 0.5832 0.9059 0.8738 0.8493
125 0.9299 0.5933 0.9098 0.8755 0.8502
126 0.9292 0.5668 0.9084 0.8721 0.8469
127 0.9305 0.5737 0.9105 0.8689 0.8401
128 0.9273 0.5830 0.9066 0.8728 0.8486
129 0.9260 0.6122 0.9046 0.8733 0.8471
130 0.9195 0.6750 0.8978 0.8653 0.8417
131 0.9221 0.6315 0.9007 0.8582 0.8318
132 0.9259 0.6213 0.9077 0.8699 0.8454
133 0.9267 0.5998 0.9061 0.8674 0.8431
134 0.9308 0.5712 0.9125 0.8689 0.8458
135 0.9327 0.5590 0.9132 0.8685 0.8454
136 0.9316 0.5378 0.9132 0.8683 0.8461
137 0.9292 0.5651 0.9130 0.8698 0.8476
138 0.9287 0.5778 0.9097 0.8711 0.8464
139 0.9271 0.5930 0.9076 0.8660 0.8430
140 0.9267 0.6204 0.9070 0.8653 0.8443
141 0.9282 0.6180 0.9096 0.8671 0.8456
142 0.9259 0.6211 0.9072 0.8672 0.8432
143 0.9316 0.5655 0.9134 0.8745 0.8479
144 0.9299 0.5556 0.9130 0.8694 0.8459
145 0.9339 0.5319 0.9177 0.8735 0.8485
146 0.9358 0.5153 0.9182 0.8647 0.8431
147 0.9261 0.5945 0.9060 0.8672 0.8408
148 0.9229 0.6033 0.9041 0.8719 0.8465
149 0.9239 0.6145 0.9043 0.8763 0.8535
150 0.9261 0.6194 0.9078 0.8704 0.8433
151 0.9250 0.6275 0.9054 0.8676 0.8420
152 0.9317 0.5738 0.9146 0.8696 0.8436
153 0.9301 0.5570 0.9105 0.8673 0.8437
154 0.9342 0.5300 0.9192 0.8647 0.8412
155 0.9347 0.5121 0.9181 0.8676 0.8441
156 0.9322 0.5340 0.9151 0.8722 0.8513
157 0.9348 0.5414 0.9182 0.8597 0.8372
158 0.9316 0.5598 0.9149 0.8620 0.8360
159 0.9318 0.5826 0.9123 0.8671 0.8449
160 0.9319 0.5575 0.9135 0.8756 0.8520
161 0.9312 0.5526 0.9154 0.8681 0.8483
162 0.9351 0.5091 0.9199 0.8691 0.8461
163 0.9351 0.5113 0.9187 0.8707 0.8475
164 0.9356 0.5176 0.9192 0.8726 0.8502
165 0.9360 0.4930 0.9197 0.8703 0.8493
166 0.9340 0.5020 0.9184 0.8691 0.8487
167 0.9331 0.5231 0.9170 0.8765 0.8538
168 0.9352 0.5136 0.9206 0.8688 0.8455
169 0.9354 0.5040 0.9192 0.8736 0.8502
170 0.9344 0.5198 0.9183 0.8705 0.8472
171 0.9380 0.4938 0.9227 0.8734 0.8515
172 0.9334 0.5092 0.9171 0.8737 0.8505
173 0.9372 0.4916 0.9211 0.8705 0.8469
174 0.9368 0.4964 0.9215 0.8767 0.8552
175 0.9371 0.5019 0.9215 0.8719 0.8500
176 0.9376 0.4915 0.9221 0.8732 0.8511
177 0.9350 0.4998 0.9203 0.8725 0.8493
178 0.9335 0.5076 0.9200 0.8771 0.8544
179 0.9293 0.5283 0.9129 0.8740 0.8497
180 0.9366 0.4926 0.9224 0.8681 0.8446
181 0.9371 0.4998 0.9210 0.8790 0.8531
182 0.9359 0.4964 0.9220 0.8743 0.8506
183 0.9371 0.4895 0.9224 0.8754 0.8495
184 0.9358 0.4889 0.9221 0.8710 0.8469
185 0.9370 0.4824 0.9239 0.8683 0.8461
186 0.9331 0.4894 0.9195 0.8722 0.8494
187 0.9362 0.4924 0.9216 0.8717 0.8494
188 0.9377 0.4835 0.9230 0.8741 0.8509
189 0.9364 0.4829 0.9230 0.8709 0.8473
190 0.9370 0.4745 0.9228 0.8771 0.8545
191 0.9394 0.4848 0.9252 0.8763 0.8545
192 0.9394 0.4664 0.9246 0.8795 0.8523
193 0.9383 0.4806 0.9239 0.8757 0.8506
194 0.9363 0.4715 0.9226 0.8777 0.8532
195 0.9385 0.4623 0.9239 0.8783 0.8530
196 0.9364 0.4861 0.9223 0.8728 0.8501
197 0.9392 0.4695 0.9240 0.8760 0.8533
198 0.9420 0.4604 0.9283 0.8783 0.8550
199 0.9403 0.4766 0.9260 0.8804 0.8561
