epoch train_iou train_loss train_mAP val_iou val_mAP
0 0.5416 0.1814 0.4708 0.6093 0.5353
1 0.6594 0.1718 0.5993 0.7261 0.6730
2 0.6922 0.1875 0.6396 0.7351 0.6781
3 0.7315 0.1956 0.6825 0.6805 0.5994
4 0.7620 0.2021 0.7143 0.7703 0.7310
5 0.7835 0.2089 0.7401 0.7716 0.7244
6 0.7791 0.2346 0.7355 0.7783 0.7318
7 0.7666 0.2657 0.7240 0.7565 0.7170
8 0.7565 0.3060 0.7077 0.7759 0.7410
9 0.7627 0.3295 0.7197 0.7704 0.7278
10 0.7617 0.3705 0.7154 0.8022 0.7686
11 0.7872 0.3458 0.7487 0.7784 0.7422
12 0.7906 0.3446 0.7532 0.8059 0.7630
13 0.8097 0.3368 0.7757 0.8160 0.7889
14 0.8199 0.3297 0.7856 0.8358 0.8070
15 0.8306 0.3213 0.7981 0.8370 0.8064
16 0.8376 0.3386 0.8032 0.8335 0.8074
17 0.8217 0.3869 0.7858 0.8389 0.8071
18 0.8185 0.4112 0.7804 0.8420 0.8101
19 0.8190 0.4480 0.7843 0.8240 0.7949
20 0.8015 0.5039 0.7607 0.8123 0.7781
21 0.8172 0.4714 0.7819 0.8210 0.7891
22 0.8331 0.4572 0.8010 0.8290 0.8046
23 0.8415 0.4419 0.8098 0.8416 0.8094
24 0.8506 0.4188 0.8178 0.8488 0.8174
25 0.8551 0.4143 0.8230 0.8498 0.8216
26 0.8498 0.4414 0.8185 0.8527 0.8247
27 0.8442 0.4770 0.8099 0.8366 0.8115
28 0.8398 0.5095 0.8093 0.8431 0.8130
29 0.8333 0.5558 0.7982 0.8136 0.7847
30 0.8197 0.6245 0.7837 0.8206 0.7864
31 0.8361 0.5708 0.8017 0.8395 0.8146
32 0.8483 0.5555 0.8142 0.8492 0.8200
33 0.8548 0.5280 0.8220 0.8539 0.8267
34 0.8644 0.4942 0.8340 0.8564 0.8320
35 0.8751 0.4910 0.8467 0.8620 0.8354
36 0.8767 0.4836 0.8467 0.8580 0.8261
37 0.8589 0.5374 0.8273 0.8497 0.8267
38 0.8539 0.6005 0.8238 0.8464 0.8189
39 0.8553 0.6147 0.8239 0.8586 0.8306
40 0.8415 0.6772 0.8076 0.8502 0.8230
41 0.8558 0.6638 0.8236 0.8435 0.8113
42 0.8507 0.6582 0.8196 0.8540 0.8267
43 0.8696 0.5853 0.8399 0.8579 0.8236
44 0.8743 0.5689 0.8438 0.8596 0.8340
45 0.8775 0.5478 0.8484 0.8626 0.8349
46 0.8763 0.5792 0.8469 0.8594 0.8320
47 0.8719 0.5995 0.8403 0.8639 0.8333
48 0.8620 0.6772 0.8320 0.8606 0.8341
49 0.8623 0.7007 0.8321 0.8467 0.8224
50 0.8488 0.7978 0.8171 0.8364 0.8060
51 0.8541 0.7567 0.8235 0.8576 0.8339
52 0.8638 0.7157 0.8340 0.8543 0.8295
53 0.8732 0.6779 0.8428 0.8597 0.8290
54 0.8799 0.6375 0.8479 0.8668 0.8408
55 0.8863 0.6350 0.8557 0.8693 0.8426
56 0.8860 0.6244 0.8548 0.8643 0.8370
57 0.8794 0.6827 0.8505 0.8609 0.8354
58 0.8700 0.7439 0.8361 0.8630 0.8324
59 0.8608 0.8263 0.8287 0.8566 0.8299
60 0.8591 0.8853 0.8278 0.8536 0.8260
61 0.8699 0.8034 0.8387 0.8500 0.8236
62 0.8775 0.7633 0.8487 0.8597 0.8356
63 0.8829 0.7030 0.8537 0.8675 0.8409
64 0.8912 0.6987 0.8609 0.8674 0.8420
65 0.8930 0.6662 0.8661 0.8689 0.8435
66 0.8947 0.6632 0.8641 0.8649 0.8408
67 0.8911 0.7070 0.8610 0.8613 0.8351
68 0.8830 0.7782 0.8512 0.8583 0.8326
69 0.8715 0.8609 0.8419 0.8508 0.8167
70 0.8609 0.9421 0.8287 0.8490 0.8209
71 0.8784 0.8528 0.8492 0.8506 0.8257
72 0.8803 0.8191 0.8502 0.8596 0.8374
73 0.8830 0.7882 0.8541 0.8682 0.8435
74 0.8937 0.7450 0.8641 0.8707 0.8443
75 0.8999 0.7118 0.8699 0.8730 0.8465
76 0.9035 0.7064 0.8745 0.8707 0.8454
77 0.8909 0.7729 0.8598 0.8720 0.8440
78 0.8895 0.8393 0.8598 0.8607 0.8355
79 0.8782 0.9165 0.8476 0.8499 0.8209
80 0.8693 0.9992 0.8375 0.8426 0.8111
81 0.8786 0.9431 0.8491 0.8614 0.8333
82 0.8813 0.9166 0.8510 0.8658 0.8417
83 0.8916 0.8158 0.8616 0.8706 0.8455
84 0.9016 0.7889 0.8746 0.8716 0.8441
85 0.8959 0.7839 0.8677 0.8717 0.8442
86 0.8992 0.7828 0.8713 0.8671 0.8427
87 0.9004 0.8060 0.8712 0.8672 0.8400
88 0.8916 0.8904 0.8610 0.8661 0.8376
89 0.8777 1.0032 0.8493 0.8613 0.8357
90 0.8729 1.0745 0.8432 0.8645 0.8343
91 0.8798 1.0262 0.8468 0.8656 0.8349
92 0.8856 0.9754 0.8540 0.8635 0.8404
93 0.8947 0.8882 0.8656 0.8746 0.8503
94 0.8984 0.8606 0.8701 0.8759 0.8529
95 0.9062 0.8048 0.8778 0.8734 0.8499
96 0.9037 0.8246 0.8756 0.8744 0.8496
97 0.8992 0.8805 0.8717 0.8736 0.8489
98 0.8915 0.9426 0.8636 0.8586 0.8340
99 0.8840 1.0522 0.8527 0.8657 0.8380
100 0.8992 0.9558 0.8700 0.8640 0.8388
101 0.8926 0.9405 0.8633 0.8691 0.8440
102 0.9013 0.8812 0.8727 0.8739 0.8476
103 0.9036 0.8537 0.8759 0.8692 0.8421
104 0.9037 0.8234 0.8748 0.8775 0.8520
105 0.9107 0.7848 0.8833 0.8774 0.8518
106 0.9069 0.8026 0.8776 0.8736 0.8493
107 0.9084 0.8102 0.8794 0.8747 0.8483
108 0.9132 0.8003 0.8853 0.8692 0.8454
109 0.9025 0.8623 0.8744 0.8682 0.8431
110 0.8998 0.9045 0.8727 0.8669 0.8424
111 0.9021 0.8801 0.8741 0.8733 0.8480
112 0.9070 0.8425 0.8762 0.8729 0.8491
113 0.9125 0.7813 0.8848 0.8754 0.8519
114 0.9041 0.8263 0.8770 0.8727 0.8491
115 0.9192 0.7236 0.8913 0.8754 0.8500
116 0.9167 0.7420 0.8909 0.8746 0.8518
117 0.9070 0.8118 0.8790 0.8708 0.8480
118 0.9129 0.7687 0.8853 0.8689 0.8464
119 0.9070 0.8287 0.8797 0.8764 0.8535
120 0.8970 0.8885 0.8699 0.8705 0.8433
121 0.9077 0.8237 0.8792 0.8699 0.8474
122 0.9106 0.7950 0.8828 0.8682 0.8436
123 0.9121 0.7703 0.8875 0.8741 0.8500
124 0.9121 0.7417 0.8846 0.8728 0.8476
125 0.9151 0.7371 0.8908 0.8741 0.8498
126 0.9136 0.7352 0.8860 0.8786 0.8553
127 0.9135 0.7675 0.8848 0.8734 0.8490
128 0.9156 0.7418 0.8889 0.8719 0.8484
129 0.9134 0.7690 0.8888 0.8720 0.8467
130 0.9036 0.8761 0.8766 0.8699 0.8421
131 0.9080 0.8253 0.8816 0.8760 0.8521
132 0.9096 0.7910 0.8834 0.8774 0.8506
133 0.9111 0.7602 0.8859 0.8759 0.8523
134 0.9170 0.7116 0.8915 0.8781 0.8542
135 0.9162 0.6975 0.8909 0.8811 0.8576
136 0.9153 0.7189 0.8878 0.8804 0.8564
137 0.9136 0.7201 0.8867 0.8775 0.8516
138 0.9162 0.7274 0.8905 0.8737 0.8507
139 0.9159 0.7653 0.8903 0.8725 0.8498
140 0.9099 0.7955 0.8837 0.8687 0.8461
141 0.9057 0.8124 0.8808 0.8685 0.8410
142 0.9111 0.7458 0.8848 0.8744 0.8503
143 0.9133 0.7367 0.8885 0.8710 0.8479
144 0.9213 0.6686 0.8959 0.8776 0.8569
145 0.9149 0.6875 0.8892 0.8763 0.8553
146 0.9237 0.6680 0.8998 0.8755 0.8510
147 0.9221 0.6497 0.8976 0.8793 0.8553
148 0.9183 0.7068 0.8934 0.8742 0.8524
149 0.9123 0.7402 0.8866 0.8726 0.8495
150 0.9105 0.7991 0.8849 0.8555 0.8329
151 0.9067 0.8345 0.8822 0.8758 0.8503
152 0.9113 0.7603 0.8837 0.8741 0.8487
153 0.9151 0.7275 0.8908 0.8772 0.8535
154 0.9166 0.6834 0.8906 0.8785 0.8556
155 0.9171 0.6764 0.8912 0.8793 0.8555
156 0.9201 0.6699 0.8941 0.8788 0.8548
157 0.9140 0.7030 0.8895 0.8766 0.8553
158 0.9175 0.6830 0.8933 0.8782 0.8533
159 0.9136 0.7240 0.8870 0.8722 0.8476
160 0.9151 0.7194 0.8905 0.8815 0.8587
161 0.9261 0.6492 0.9008 0.8845 0.8610
162 0.9208 0.6697 0.8973 0.8792 0.8549
163 0.9197 0.6576 0.8947 0.8827 0.8595
164 0.9174 0.6742 0.8926 0.8810 0.8561
165 0.9228 0.6406 0.8969 0.8817 0.8586
166 0.9252 0.6263 0.9024 0.8825 0.8579
167 0.9171 0.6643 0.8904 0.8834 0.8586
168 0.9229 0.6602 0.8983 0.8844 0.8602
169 0.9268 0.6483 0.9017 0.8831 0.8596
170 0.9203 0.6536 0.8958 0.8813 0.8589
171 0.9184 0.6571 0.8946 0.8833 0.8587
172 0.9195 0.6599 0.8956 0.8807 0.8566
173 0.9238 0.6259 0.8999 0.8812 0.8586
174 0.9249 0.6209 0.9024 0.8798 0.8573
175 0.9250 0.6149 0.8997 0.8807 0.8583
176 0.9207 0.6369 0.8958 0.8799 0.8570
177 0.9246 0.6314 0.8999 0.8795 0.8566
178 0.9204 0.6468 0.8953 0.8822 0.8587
179 0.9226 0.6450 0.8989 0.8813 0.8555
180 0.9250 0.6167 0.9017 0.8830 0.8591
181 0.9241 0.6155 0.9018 0.8822 0.8561
182 0.9281 0.5972 0.9042 0.8801 0.8560
183 0.9264 0.6132 0.9046 0.8802 0.8554
184 0.9235 0.6227 0.8990 0.8811 0.8577
185 0.9265 0.5978 0.9033 0.8813 0.8566
186 0.9207 0.6242 0.8952 0.8807 0.8562
187 0.9265 0.5861 0.9048 0.8830 0.8596
188 0.9213 0.6390 0.8977 0.8801 0.8556
189 0.9147 0.6823 0.8884 0.8770 0.8529
190 0.9210 0.6398 0.8981 0.8762 0.8515
191 0.9233 0.6174 0.9001 0.8821 0.8577
192 0.9224 0.6440 0.8976 0.8791 0.8549
193 0.9286 0.6065 0.9044 0.8801 0.8556
194 0.9242 0.6084 0.9001 0.8776 0.8548
195 0.9236 0.6054 0.9003 0.8801 0.8569
196 0.9272 0.5782 0.9043 0.8804 0.8590
197 0.9261 0.6038 0.9032 0.8791 0.8576
198 0.9241 0.6218 0.9005 0.8762 0.8528
199 0.9240 0.6083 0.9010 0.8774 0.8520
