epoch train_iou train_loss train_mAP val_iou val_mAP
0 0.5764 0.1679 0.5023 0.6940 0.6449
1 0.7124 0.1477 0.6611 0.7146 0.6600
2 0.7477 0.1583 0.6980 0.7270 0.6804
3 0.7786 0.1606 0.7378 0.7992 0.7640
4 0.8165 0.1505 0.7780 0.8055 0.7706
5 0.8345 0.1626 0.7995 0.8179 0.7854
6 0.8322 0.1770 0.7928 0.8169 0.7830
7 0.8159 0.2129 0.7790 0.7798 0.7541
8 0.7898 0.2739 0.7468 0.7989 0.7632
9 0.7956 0.2817 0.7535 0.8191 0.7799
10 0.7965 0.3059 0.7549 0.8152 0.7746
11 0.8019 0.3162 0.7636 0.8134 0.7835
12 0.8322 0.2801 0.7974 0.8274 0.7965
13 0.8476 0.2695 0.8153 0.8107 0.7832
14 0.8623 0.2535 0.8312 0.8470 0.8118
15 0.8674 0.2589 0.8371 0.8460 0.8129
16 0.8714 0.2653 0.8425 0.8473 0.8139
17 0.8584 0.2960 0.8268 0.8476 0.8140
18 0.8488 0.3352 0.8163 0.8443 0.8124
19 0.8372 0.3944 0.8051 0.8234 0.7882
20 0.8428 0.3907 0.8095 0.8224 0.7871
21 0.8524 0.4007 0.8229 0.8328 0.8091
22 0.8656 0.3596 0.8376 0.8573 0.8237
23 0.8635 0.3706 0.8342 0.8534 0.8260
24 0.8818 0.3321 0.8546 0.8602 0.8273
25 0.8884 0.3205 0.8639 0.8648 0.8319
26 0.8834 0.3510 0.8554 0.8625 0.8305
27 0.8800 0.3723 0.8539 0.8647 0.8319
28 0.8748 0.4153 0.8472 0.8421 0.8100
29 0.8566 0.4783 0.8243 0.8582 0.8219
30 0.8456 0.5300 0.8136 0.8436 0.8100
31 0.8693 0.4709 0.8425 0.8582 0.8262
32 0.8728 0.4406 0.8445 0.8648 0.8395
33 0.8869 0.4190 0.8593 0.8640 0.8354
34 0.8910 0.3983 0.8631 0.8724 0.8428
35 0.8983 0.3883 0.8752 0.8723 0.8439
36 0.8972 0.4052 0.8707 0.8782 0.8464
37 0.8887 0.4390 0.8644 0.8673 0.8377
38 0.8909 0.4639 0.8634 0.8607 0.8322
39 0.8789 0.5145 0.8514 0.8654 0.8354
40 0.8683 0.5994 0.8437 0.8427 0.8124
41 0.8735 0.5615 0.8458 0.8603 0.8347
42 0.8861 0.5100 0.8615 0.8650 0.8394
43 0.8863 0.5054 0.8622 0.8762 0.8469
44 0.8972 0.4666 0.8747 0.8822 0.8546
45 0.9055 0.4496 0.8835 0.8814 0.8544
46 0.8975 0.4733 0.8760 0.8802 0.8544
47 0.8942 0.5091 0.8684 0.8785 0.8507
48 0.8963 0.5247 0.8736 0.8642 0.8394
49 0.8785 0.6080 0.8513 0.8699 0.8385
50 0.8798 0.6466 0.8563 0.8510 0.8250
51 0.8828 0.6422 0.8581 0.8640 0.8346
52 0.8887 0.5986 0.8656 0.8754 0.8509
53 0.9023 0.5291 0.8784 0.8785 0.8515
54 0.8980 0.5371 0.8759 0.8811 0.8574
55 0.8993 0.5418 0.8778 0.8820 0.8584
56 0.9059 0.5214 0.8834 0.8803 0.8546
57 0.9083 0.5196 0.8867 0.8857 0.8581
58 0.8965 0.5917 0.8730 0.8696 0.8403
59 0.8939 0.6457 0.8693 0.8739 0.8487
60 0.8772 0.7377 0.8531 0.8523 0.8279
61 0.8911 0.7069 0.8674 0.8718 0.8430
62 0.8909 0.6522 0.8679 0.8754 0.8505
63 0.9048 0.6071 0.8817 0.8795 0.8547
64 0.9044 0.5923 0.8804 0.8807 0.8566
65 0.9126 0.5511 0.8890 0.8817 0.8571
66 0.9157 0.5375 0.8951 0.8828 0.8590
67 0.9112 0.5796 0.8910 0.8790 0.8520
68 0.9016 0.6507 0.8792 0.8657 0.8369
69 0.8949 0.7339 0.8698 0.8749 0.8479
70 0.8901 0.7605 0.8665 0.8693 0.8438
71 0.8962 0.7455 0.8705 0.8631 0.8371
72 0.9049 0.6971 0.8814 0.8623 0.8347
73 0.9052 0.6686 0.8839 0.8758 0.8501
74 0.9182 0.6076 0.8962 0.8811 0.8528
75 0.9154 0.6102 0.8927 0.8842 0.8567
76 0.9121 0.6281 0.8901 0.8849 0.8594
77 0.9125 0.6569 0.8896 0.8857 0.8541
78 0.9058 0.7148 0.8826 0.8800 0.8536
79 0.9016 0.7650 0.8774 0.8728 0.8440
80 0.8922 0.8503 0.8686 0.8696 0.8400
81 0.8944 0.8162 0.8686 0.8745 0.8462
82 0.9053 0.7438 0.8837 0.8809 0.8549
83 0.9166 0.6815 0.8968 0.8802 0.8543
84 0.9146 0.6692 0.8928 0.8849 0.8592
85 0.9222 0.6097 0.9037 0.8849 0.8593
86 0.9204 0.6602 0.9015 0.8844 0.8579
87 0.9142 0.7178 0.8933 0.8802 0.8554
88 0.9107 0.7477 0.8892 0.8811 0.8549
89 0.9032 0.8379 0.8798 0.8702 0.8434
90 0.8888 0.9503 0.8644 0.8671 0.8445
91 0.8894 0.9466 0.8656 0.8756 0.8472
92 0.9090 0.7981 0.8861 0.8741 0.8495
93 0.9116 0.7462 0.8903 0.8830 0.8580
94 0.9224 0.6797 0.9025 0.8839 0.8591
95 0.9199 0.6930 0.8983 0.8853 0.8618
96 0.9234 0.6580 0.9051 0.8873 0.8619
97 0.9197 0.7262 0.8974 0.8864 0.8598
98 0.9143 0.8078 0.8948 0.8811 0.8559
99 0.9076 0.8799 0.8855 0.8790 0.8528
100 0.9198 0.7359 0.8982 0.8828 0.8604
101 0.9185 0.7621 0.8992 0.8830 0.8570
102 0.9202 0.7647 0.9002 0.8871 0.8634
103 0.9207 0.7366 0.9002 0.8895 0.8645
104 0.9234 0.6825 0.9030 0.8893 0.8635
105 0.9257 0.6631 0.9063 0.8854 0.8614
106 0.9269 0.6745 0.9071 0.8897 0.8661
107 0.9251 0.6731 0.9055 0.8888 0.8636
108 0.9250 0.6920 0.9067 0.8947 0.8712
109 0.9177 0.7461 0.8966 0.8788 0.8546
110 0.9184 0.7855 0.8960 0.8863 0.8612
111 0.9193 0.7652 0.9007 0.8823 0.8599
112 0.9322 0.6283 0.9145 0.8876 0.8650
113 0.9278 0.6601 0.9082 0.8887 0.8636
114 0.9285 0.6510 0.9077 0.8908 0.8674
115 0.9293 0.6127 0.9128 0.8937 0.8693
116 0.9232 0.6886 0.9035 0.8885 0.8654
117 0.9267 0.6407 0.9064 0.8893 0.8660
118 0.9237 0.6823 0.9047 0.8886 0.8637
119 0.9205 0.7078 0.8991 0.8875 0.8640
120 0.9262 0.6692 0.9073 0.8869 0.8604
121 0.9242 0.6898 0.9036 0.8828 0.8585
122 0.9304 0.6369 0.9145 0.8916 0.8676
123 0.9295 0.6381 0.9106 0.8891 0.8640
124 0.9293 0.6230 0.9124 0.8884 0.8621
125 0.9343 0.5917 0.9170 0.8883 0.8610
126 0.9307 0.6199 0.9141 0.8891 0.8639
127 0.9351 0.5717 0.9185 0.8896 0.8644
128 0.9313 0.6364 0.9132 0.8865 0.8630
129 0.9274 0.6638 0.9098 0.8930 0.8668
130 0.9220 0.7150 0.9020 0.8883 0.8635
131 0.9235 0.7001 0.9046 0.8868 0.8629
132 0.9242 0.6769 0.9054 0.8916 0.8669
133 0.9315 0.6301 0.9133 0.8876 0.8629
134 0.9296 0.6309 0.9108 0.8898 0.8665
135 0.9345 0.5859 0.9173 0.8909 0.8668
136 0.9323 0.5983 0.9168 0.8929 0.8697
137 0.9319 0.6068 0.9136 0.8894 0.8656
138 0.9332 0.5858 0.9186 0.8863 0.8643
139 0.9261 0.6550 0.9060 0.8897 0.8660
140 0.9257 0.6737 0.9073 0.8826 0.8581
141 0.9279 0.6591 0.9081 0.8891 0.8642
142 0.9285 0.6447 0.9108 0.8862 0.8626
143 0.9322 0.6124 0.9157 0.8904 0.8687
144 0.9306 0.6145 0.9134 0.8887 0.8650
145 0.9274 0.6310 0.9079 0.8913 0.8677
146 0.9318 0.6086 0.9128 0.8895 0.8645
147 0.9399 0.5623 0.9245 0.8863 0.8621
148 0.9363 0.5722 0.9191 0.8910 0.8676
149 0.9317 0.6289 0.9143 0.8833 0.8607
150 0.9323 0.6159 0.9157 0.8778 0.8526
151 0.9284 0.6373 0.9091 0.8875 0.8630
152 0.9285 0.6470 0.9120 0.8892 0.8626
153 0.9359 0.5750 0.9188 0.8948 0.8676
154 0.9372 0.5589 0.9209 0.8859 0.8598
155 0.9331 0.5854 0.9162 0.8882 0.8621
156 0.9378 0.5375 0.9234 0.8842 0.8590
157 0.9321 0.5490 0.9176 0.8858 0.8627
158 0.9295 0.6243 0.9125 0.8827 0.8597
159 0.9311 0.6136 0.9142 0.8891 0.8620
160 0.9368 0.5886 0.9192 0.8882 0.8637
161 0.9393 0.5434 0.9236 0.8855 0.8606
162 0.9376 0.5425 0.9236 0.8911 0.8648
163 0.9336 0.5680 0.9157 0.8885 0.8631
164 0.9365 0.5657 0.9202 0.8874 0.8619
165 0.9379 0.5392 0.9217 0.8908 0.8657
166 0.9330 0.5666 0.9198 0.8905 0.8640
167 0.9375 0.5663 0.9207 0.8892 0.8634
168 0.9404 0.5242 0.9230 0.8929 0.8668
169 0.9295 0.5992 0.9127 0.8909 0.8650
170 0.9361 0.5666 0.9212 0.8940 0.8681
171 0.9359 0.5389 0.9204 0.8936 0.8681
172 0.9346 0.5761 0.9191 0.8936 0.8676
173 0.9345 0.5805 0.9180 0.8946 0.8691
174 0.9396 0.5269 0.9234 0.8936 0.8676
175 0.9387 0.5531 0.9239 0.8950 0.8683
176 0.9398 0.5365 0.9222 0.8916 0.8676
177 0.9418 0.4942 0.9280 0.8933 0.8679
178 0.9447 0.4764 0.9301 0.8907 0.8655
179 0.9342 0.5599 0.9208 0.8968 0.8714
180 0.9384 0.5231 0.9232 0.8957 0.8710
181 0.9360 0.5444 0.9207 0.8939 0.8689
182 0.9368 0.5438 0.9221 0.8976 0.8744
183 0.9394 0.5266 0.9255 0.8953 0.8714
184 0.9368 0.5364 0.9227 0.8986 0.8744
185 0.9382 0.5131 0.9237 0.8975 0.8742
186 0.9376 0.5187 0.9235 0.8986 0.8741
187 0.9388 0.5283 0.9229 0.8970 0.8735
188 0.9338 0.5486 0.9176 0.8966 0.8727
189 0.9393 0.5233 0.9248 0.8974 0.8731
190 0.9442 0.4892 0.9299 0.8977 0.8739
191 0.9428 0.4983 0.9270 0.8935 0.8696
192 0.9448 0.4778 0.9332 0.8937 0.8684
193 0.9391 0.5124 0.9250 0.8944 0.8700
194 0.9472 0.4526 0.9322 0.8946 0.8709
195 0.9368 0.5239 0.9227 0.8956 0.8715
196 0.9407 0.5220 0.9247 0.8957 0.8714
197 0.9314 0.5732 0.9134 0.8928 0.8684
198 0.9395 0.5167 0.9246 0.8967 0.8715
199 0.9420 0.5080 0.9280 0.8968 0.8722
