epoch train_iou train_loss train_mAP val_iou val_mAP
0 0.6206 0.2735 0.5430 0.6939 0.6281
1 0.7421 0.2359 0.6848 0.7723 0.7276
2 0.7803 0.2497 0.7309 0.8115 0.7720
3 0.8045 0.2554 0.7587 0.8245 0.7884
4 0.8243 0.2655 0.7841 0.8236 0.7914
5 0.8383 0.2692 0.7994 0.8310 0.7985
6 0.8221 0.3314 0.7774 0.8385 0.8047
7 0.8204 0.3611 0.7804 0.8372 0.8060
8 0.8175 0.4062 0.7744 0.8324 0.7997
9 0.8274 0.4244 0.7838 0.8357 0.8081
10 0.8209 0.4802 0.7802 0.8305 0.7992
11 0.8468 0.4397 0.8099 0.8484 0.8214
12 0.8612 0.4246 0.8275 0.8491 0.8226
13 0.8661 0.4249 0.8347 0.8573 0.8290
14 0.8649 0.4511 0.8345 0.8564 0.8321
15 0.8673 0.4405 0.8387 0.8562 0.8311
16 0.8768 0.4576 0.8459 0.8607 0.8340
17 0.8694 0.5083 0.8364 0.8599 0.8334
18 0.8655 0.5419 0.8338 0.8485 0.8206
19 0.8556 0.6099 0.8203 0.8497 0.8170
20 0.8501 0.6643 0.8155 0.8085 0.7800
21 0.8645 0.6231 0.8331 0.8566 0.8260
22 0.8706 0.6123 0.8370 0.8619 0.8360
23 0.8711 0.6028 0.8408 0.8666 0.8418
24 0.8916 0.5412 0.8606 0.8696 0.8465
25 0.8884 0.5801 0.8594 0.8707 0.8468
26 0.8881 0.5905 0.8627 0.8701 0.8469
27 0.8920 0.6078 0.8643 0.8701 0.8444
28 0.8818 0.6666 0.8511 0.8610 0.8340
29 0.8731 0.7487 0.8398 0.8623 0.8372
30 0.8781 0.7464 0.8479 0.8576 0.8288
31 0.8714 0.7876 0.8432 0.8629 0.8381
32 0.8895 0.7237 0.8632 0.8667 0.8429
33 0.8949 0.6875 0.8687 0.8685 0.8493
34 0.9033 0.6611 0.8804 0.8647 0.8416
35 0.9001 0.6742 0.8749 0.8681 0.8470
36 0.9040 0.6837 0.8783 0.8712 0.8505
37 0.9005 0.7372 0.8756 0.8706 0.8490
38 0.8900 0.8194 0.8617 0.8764 0.8532
39 0.8847 0.8774 0.8563 0.8686 0.8476
40 0.8770 0.9821 0.8477 0.8653 0.8388
41 0.8848 0.9196 0.8579 0.8603 0.8339
42 0.8950 0.8437 0.8683 0.8673 0.8449
43 0.9023 0.8112 0.8786 0.8766 0.8534
44 0.9042 0.8002 0.8821 0.8755 0.8516
45 0.9020 0.8203 0.8759 0.8764 0.8521
46 0.9109 0.7741 0.8870 0.8746 0.8532
47 0.9019 0.8716 0.8771 0.8764 0.8534
48 0.9028 0.9046 0.8777 0.8712 0.8467
49 0.8947 0.9868 0.8686 0.8740 0.8494
50 0.8854 1.0823 0.8570 0.8728 0.8460
51 0.8968 0.9802 0.8714 0.8622 0.8390
52 0.9040 0.8930 0.8792 0.8694 0.8464
53 0.9041 0.8835 0.8817 0.8719 0.8475
54 0.9117 0.8320 0.8898 0.8779 0.8576
55 0.9087 0.8582 0.8904 0.8781 0.8585
56 0.9130 0.8332 0.8909 0.8707 0.8514
57 0.9068 0.8532 0.8824 0.8762 0.8506
58 0.9057 0.9064 0.8825 0.8693 0.8466
59 0.8994 0.9301 0.8748 0.8732 0.8530
60 0.8973 0.9714 0.8731 0.8685 0.8445
61 0.8978 0.9462 0.8727 0.8755 0.8506
62 0.9056 0.8826 0.8824 0.8753 0.8531
63 0.9084 0.8607 0.8839 0.8787 0.8561
64 0.9147 0.7924 0.8928 0.8827 0.8611
65 0.9196 0.7504 0.9001 0.8842 0.8618
66 0.9142 0.7710 0.8922 0.8826 0.8606
67 0.9213 0.7519 0.9014 0.8784 0.8559
68 0.9122 0.8396 0.8897 0.8792 0.8560
69 0.8988 0.9229 0.8765 0.8748 0.8517
70 0.8993 0.9422 0.8756 0.8677 0.8452
71 0.9115 0.8394 0.8876 0.8799 0.8561
72 0.9116 0.8324 0.8894 0.8817 0.8565
73 0.9238 0.7135 0.9036 0.8763 0.8546
74 0.9198 0.7468 0.8996 0.8790 0.8604
75 0.9207 0.7351 0.8993 0.8768 0.8580
76 0.9208 0.7459 0.8995 0.8777 0.8575
77 0.9176 0.7559 0.8967 0.8799 0.8602
78 0.9138 0.7883 0.8923 0.8807 0.8611
79 0.9147 0.8033 0.8943 0.8744 0.8545
80 0.9005 0.9678 0.8752 0.8741 0.8504
81 0.8997 0.9332 0.8772 0.8731 0.8518
82 0.9120 0.8180 0.8886 0.8799 0.8594
83 0.9197 0.7273 0.8989 0.8811 0.8584
84 0.9202 0.7205 0.8997 0.8895 0.8676
85 0.9209 0.6985 0.9021 0.8870 0.8659
86 0.9265 0.6905 0.9085 0.8897 0.8669
87 0.9252 0.6813 0.9062 0.8893 0.8673
88 0.9266 0.6914 0.9060 0.8831 0.8620
89 0.9142 0.8063 0.8912 0.8852 0.8656
90 0.9116 0.8376 0.8906 0.8722 0.8519
91 0.9096 0.8536 0.8864 0.8706 0.8479
92 0.9132 0.8008 0.8917 0.8862 0.8640
93 0.9225 0.7324 0.9019 0.8817 0.8604
94 0.9217 0.7130 0.9017 0.8821 0.8625
95 0.9267 0.6785 0.9086 0.8780 0.8581
96 0.9292 0.6578 0.9136 0.8815 0.8619
97 0.9217 0.6957 0.9036 0.8873 0.8662
98 0.9217 0.7207 0.9007 0.8755 0.8537
99 0.9105 0.7988 0.8897 0.8810 0.8572
100 0.9216 0.7282 0.9028 0.8806 0.8584
101 0.9291 0.6519 0.9108 0.8891 0.8667
102 0.9291 0.6672 0.9114 0.8820 0.8631
103 0.9333 0.6224 0.9157 0.8904 0.8691
104 0.9339 0.6051 0.9172 0.8866 0.8657
105 0.9295 0.6213 0.9118 0.8873 0.8665
106 0.9313 0.6192 0.9156 0.8896 0.8704
107 0.9343 0.6024 0.9172 0.8882 0.8686
108 0.9315 0.6283 0.9155 0.8821 0.8632
109 0.9335 0.6117 0.9152 0.8899 0.8706
110 0.9297 0.6512 0.9113 0.8829 0.8618
111 0.9275 0.6556 0.9096 0.8842 0.8627
112 0.9276 0.6475 0.9107 0.8852 0.8647
113 0.9274 0.6467 0.9105 0.8859 0.8662
114 0.9265 0.6689 0.9097 0.8860 0.8651
115 0.9306 0.6343 0.9133 0.8892 0.8687
116 0.9361 0.5967 0.9209 0.8860 0.8655
117 0.9277 0.6214 0.9114 0.8896 0.8690
118 0.9285 0.6594 0.9107 0.8861 0.8662
119 0.9326 0.6116 0.9161 0.8869 0.8652
120 0.9234 0.6976 0.9040 0.8848 0.8625
121 0.9323 0.6208 0.9151 0.8866 0.8659
122 0.9299 0.6280 0.9152 0.8905 0.8726
123 0.9340 0.5942 0.9178 0.8886 0.8684
124 0.9322 0.5842 0.9183 0.8859 0.8665
125 0.9351 0.5879 0.9198 0.8870 0.8671
126 0.9379 0.5533 0.9230 0.8916 0.8726
127 0.9366 0.5706 0.9213 0.8917 0.8711
128 0.9294 0.6139 0.9127 0.8880 0.8666
129 0.9414 0.5536 0.9269 0.8871 0.8652
130 0.9241 0.6788 0.9055 0.8820 0.8625
131 0.9318 0.6168 0.9168 0.8820 0.8607
132 0.9312 0.6036 0.9162 0.8924 0.8720
133 0.9412 0.5405 0.9278 0.8884 0.8698
134 0.9338 0.5888 0.9170 0.8860 0.8668
135 0.9331 0.5878 0.9169 0.8883 0.8684
136 0.9387 0.5443 0.9218 0.8894 0.8685
137 0.9344 0.5854 0.9197 0.8893 0.8702
138 0.9367 0.5513 0.9216 0.8897 0.8695
139 0.9336 0.5944 0.9184 0.8906 0.8714
140 0.9329 0.6310 0.9160 0.8848 0.8652
141 0.9367 0.5776 0.9219 0.8832 0.8615
142 0.9384 0.5745 0.9242 0.8839 0.8645
143 0.9371 0.5731 0.9217 0.8895 0.8681
144 0.9389 0.5636 0.9253 0.8896 0.8657
145 0.9378 0.5552 0.9221 0.8923 0.8696
146 0.9407 0.5257 0.9287 0.8940 0.8715
147 0.9374 0.5577 0.9218 0.8889 0.8661
148 0.9389 0.5523 0.9244 0.8844 0.8666
149 0.9327 0.5542 0.9174 0.8844 0.8655
150 0.9341 0.6000 0.9189 0.8891 0.8675
151 0.9311 0.6006 0.9154 0.8913 0.8694
152 0.9317 0.5911 0.9149 0.8902 0.8696
153 0.9349 0.5613 0.9215 0.8875 0.8677
154 0.9434 0.5125 0.9290 0.8859 0.8661
155 0.9362 0.5811 0.9203 0.8895 0.8684
156 0.9412 0.5209 0.9268 0.8865 0.8656
157 0.9381 0.5458 0.9232 0.8858 0.8649
158 0.9415 0.5260 0.9289 0.8867 0.8662
159 0.9342 0.5792 0.9187 0.8871 0.8685
160 0.9359 0.5525 0.9213 0.8892 0.8700
161 0.9400 0.5288 0.9279 0.8903 0.8711
162 0.9411 0.5186 0.9263 0.8906 0.8711
163 0.9430 0.4983 0.9298 0.8882 0.8685
164 0.9417 0.5058 0.9282 0.8896 0.8701
165 0.9446 0.4968 0.9303 0.8904 0.8710
166 0.9387 0.5204 0.9246 0.8923 0.8715
167 0.9342 0.5587 0.9196 0.8900 0.8700
168 0.9439 0.4800 0.9314 0.8885 0.8685
169 0.9349 0.5509 0.9212 0.8891 0.8695
170 0.9463 0.4818 0.9332 0.8889 0.8684
171 0.9406 0.5211 0.9276 0.8900 0.8704
172 0.9440 0.4836 0.9314 0.8919 0.8720
173 0.9376 0.5480 0.9224 0.8882 0.8690
174 0.9418 0.4911 0.9277 0.8870 0.8680
175 0.9412 0.5154 0.9291 0.8885 0.8690
176 0.9469 0.4699 0.9350 0.8887 0.8699
177 0.9451 0.4732 0.9325 0.8906 0.8716
178 0.9490 0.4540 0.9365 0.8883 0.8694
179 0.9413 0.5102 0.9270 0.8887 0.8699
180 0.9460 0.4604 0.9337 0.8910 0.8704
181 0.9412 0.5027 0.9279 0.8876 0.8675
182 0.9428 0.5022 0.9303 0.8887 0.8694
183 0.9465 0.4755 0.9353 0.8882 0.8687
184 0.9483 0.4445 0.9387 0.8901 0.8704
185 0.9433 0.5008 0.9307 0.8881 0.8685
186 0.9472 0.4727 0.9358 0.8880 0.8689
187 0.9463 0.4815 0.9343 0.8882 0.8683
188 0.9443 0.4885 0.9332 0.8913 0.8710
189 0.9378 0.5303 0.9248 0.8902 0.8706
190 0.9465 0.4668 0.9341 0.8924 0.8731
191 0.9421 0.4762 0.9304 0.8900 0.8695
192 0.9441 0.4855 0.9316 0.8906 0.8714
193 0.9482 0.4535 0.9348 0.8902 0.8697
194 0.9400 0.5044 0.9277 0.8905 0.8700
195 0.9470 0.4586 0.9361 0.8933 0.8719
196 0.9456 0.4777 0.9330 0.8908 0.8704
197 0.9426 0.5126 0.9308 0.8886 0.8684
198 0.9475 0.4533 0.9369 0.8893 0.8704
199 0.9483 0.4505 0.9376 0.8896 0.8694
