epoch train_iou train_loss train_mAP val_iou val_mAP
0 0.5425 0.1611 0.4645 0.6940 0.6399
1 0.6968 0.1477 0.6370 0.7404 0.6859
2 0.7335 0.1612 0.6793 0.7494 0.6747
3 0.7839 0.1601 0.7409 0.7881 0.7465
4 0.7929 0.1662 0.7513 0.7991 0.7590
5 0.8116 0.1758 0.7729 0.8057 0.7680
6 0.8092 0.2012 0.7723 0.8060 0.7690
7 0.8017 0.2250 0.7595 0.7967 0.7436
8 0.8294 0.2327 0.7900 0.7848 0.7469
9 0.8142 0.2657 0.7741 0.8007 0.7684
10 0.8037 0.2959 0.7650 0.8013 0.7538
11 0.8271 0.2737 0.7924 0.8190 0.7780
12 0.8435 0.2735 0.8093 0.8184 0.7865
13 0.8669 0.2351 0.8348 0.8454 0.8096
14 0.8570 0.2663 0.8232 0.8391 0.8010
15 0.8673 0.2603 0.8355 0.8411 0.8066
16 0.8695 0.2674 0.8365 0.8367 0.8023
17 0.8593 0.3068 0.8285 0.8316 0.7971
18 0.8550 0.3343 0.8231 0.8363 0.7996
19 0.8430 0.3696 0.8075 0.8381 0.8074
20 0.8407 0.3972 0.8101 0.8079 0.7796
21 0.8537 0.3661 0.8228 0.8460 0.8105
22 0.8619 0.3626 0.8305 0.8452 0.8132
23 0.8711 0.3412 0.8451 0.8487 0.8185
24 0.8776 0.3223 0.8502 0.8474 0.8171
25 0.8856 0.3270 0.8584 0.8498 0.8205
26 0.8871 0.3415 0.8591 0.8545 0.8240
27 0.8824 0.3620 0.8540 0.8440 0.8161
28 0.8775 0.3902 0.8488 0.8303 0.7900
29 0.8704 0.4232 0.8380 0.8481 0.8154
30 0.8617 0.4766 0.8324 0.8413 0.8014
31 0.8629 0.4771 0.8338 0.8491 0.8174
32 0.8780 0.4356 0.8487 0.8499 0.8175
33 0.8903 0.4204 0.8628 0.8583 0.8274
34 0.8953 0.4112 0.8706 0.8627 0.8347
35 0.8904 0.4083 0.8646 0.8624 0.8322
36 0.8968 0.4013 0.8717 0.8520 0.8207
37 0.8940 0.4245 0.8654 0.8592 0.8274
38 0.8884 0.4639 0.8622 0.8581 0.8282
39 0.8749 0.5275 0.8481 0.8542 0.8221
40 0.8810 0.5283 0.8551 0.8515 0.8256
41 0.8926 0.4713 0.8687 0.8642 0.8329
42 0.8878 0.4951 0.8602 0.8564 0.8287
43 0.8922 0.4865 0.8696 0.8658 0.8390
44 0.8969 0.4678 0.8721 0.8670 0.8381
45 0.9054 0.4452 0.8836 0.8664 0.8396
46 0.9130 0.4198 0.8898 0.8694 0.8421
47 0.9086 0.4374 0.8867 0.8629 0.8386
48 0.8991 0.5067 0.8759 0.8599 0.8286
49 0.8887 0.5614 0.8639 0.8564 0.8252
50 0.8806 0.6093 0.8543 0.8503 0.8184
51 0.8911 0.5606 0.8682 0.8597 0.8308
52 0.8918 0.5670 0.8668 0.8609 0.8326
53 0.9027 0.5182 0.8794 0.8649 0.8409
54 0.9104 0.4928 0.8892 0.8727 0.8455
55 0.9100 0.4993 0.8865 0.8700 0.8421
56 0.9157 0.4755 0.8919 0.8645 0.8374
57 0.9060 0.5317 0.8822 0.8593 0.8288
58 0.9032 0.5637 0.8810 0.8621 0.8304
59 0.8936 0.6340 0.8680 0.8587 0.8273
60 0.8938 0.6537 0.8694 0.8573 0.8262
61 0.8907 0.6467 0.8663 0.8696 0.8395
62 0.9031 0.5828 0.8805 0.8609 0.8330
63 0.9019 0.6100 0.8788 0.8662 0.8413
64 0.9116 0.5329 0.8900 0.8665 0.8399
65 0.9184 0.5280 0.8980 0.8662 0.8412
66 0.9191 0.5198 0.8961 0.8672 0.8425
67 0.9145 0.5484 0.8943 0.8680 0.8411
68 0.9095 0.5790 0.8878 0.8691 0.8400
69 0.9031 0.6551 0.8787 0.8526 0.8282
70 0.9006 0.7053 0.8779 0.8583 0.8325
71 0.8999 0.7175 0.8780 0.8644 0.8360
72 0.9019 0.6695 0.8802 0.8664 0.8374
73 0.9090 0.6334 0.8879 0.8700 0.8453
74 0.9182 0.5634 0.8944 0.8692 0.8421
75 0.9198 0.5546 0.8979 0.8753 0.8466
76 0.9234 0.5484 0.9044 0.8702 0.8425
77 0.9163 0.6196 0.8926 0.8649 0.8400
78 0.9141 0.6356 0.8917 0.8679 0.8405
79 0.9006 0.7492 0.8759 0.8625 0.8336
80 0.9010 0.7987 0.8795 0.8629 0.8360
81 0.9036 0.7535 0.8800 0.8634 0.8340
82 0.9157 0.6533 0.8929 0.8658 0.8357
83 0.9147 0.6685 0.8892 0.8700 0.8429
84 0.9191 0.6594 0.8994 0.8691 0.8411
85 0.9246 0.6033 0.9031 0.8680 0.8410
86 0.9228 0.6253 0.9020 0.8663 0.8414
87 0.9242 0.5963 0.9050 0.8747 0.8476
88 0.9162 0.6810 0.8960 0.8744 0.8456
89 0.9124 0.7596 0.8923 0.8576 0.8376
90 0.9090 0.7920 0.8875 0.8626 0.8329
91 0.9080 0.7684 0.8850 0.8662 0.8375
92 0.9139 0.7555 0.8888 0.8654 0.8400
93 0.9129 0.7263 0.8927 0.8691 0.8390
94 0.9239 0.6479 0.9035 0.8745 0.8474
95 0.9252 0.6305 0.9055 0.8754 0.8477
96 0.9235 0.6468 0.9066 0.8745 0.8471
97 0.9197 0.7045 0.9009 0.8730 0.8457
98 0.9245 0.6918 0.9043 0.8751 0.8486
99 0.9143 0.8055 0.8920 0.8651 0.8380
100 0.9181 0.7529 0.8968 0.8758 0.8489
101 0.9168 0.7829 0.8963 0.8742 0.8490
102 0.9246 0.7072 0.9029 0.8758 0.8511
103 0.9255 0.6777 0.9058 0.8756 0.8505
104 0.9330 0.6136 0.9148 0.8750 0.8510
105 0.9288 0.6424 0.9100 0.8777 0.8532
106 0.9276 0.6545 0.9107 0.8748 0.8517
107 0.9282 0.6465 0.9098 0.8740 0.8487
108 0.9290 0.6589 0.9125 0.8731 0.8500
109 0.9245 0.6857 0.9048 0.8761 0.8530
110 0.9246 0.6843 0.9066 0.8717 0.8490
111 0.9261 0.6731 0.9078 0.8746 0.8499
112 0.9308 0.6383 0.9138 0.8784 0.8519
113 0.9354 0.5824 0.9201 0.8748 0.8517
114 0.9317 0.6250 0.9142 0.8738 0.8491
115 0.9310 0.6106 0.9134 0.8739 0.8496
116 0.9358 0.5796 0.9165 0.8773 0.8525
117 0.9364 0.5685 0.9206 0.8738 0.8504
118 0.9291 0.6035 0.9123 0.8764 0.8517
119 0.9252 0.6953 0.9071 0.8751 0.8477
120 0.9261 0.6637 0.9086 0.8735 0.8499
121 0.9250 0.6760 0.9071 0.8748 0.8500
122 0.9355 0.5819 0.9171 0.8800 0.8575
123 0.9370 0.5837 0.9222 0.8760 0.8519
124 0.9324 0.5971 0.9134 0.8816 0.8600
125 0.9326 0.5831 0.9171 0.8795 0.8561
126 0.9352 0.5802 0.9198 0.8791 0.8551
127 0.9365 0.5804 0.9189 0.8790 0.8555
128 0.9308 0.6148 0.9127 0.8793 0.8543
129 0.9316 0.6023 0.9146 0.8808 0.8577
130 0.9281 0.6406 0.9095 0.8835 0.8580
131 0.9330 0.6065 0.9168 0.8746 0.8515
132 0.9245 0.6936 0.9069 0.8689 0.8435
133 0.9344 0.5717 0.9174 0.8738 0.8507
134 0.9303 0.6264 0.9122 0.8759 0.8507
135 0.9372 0.5688 0.9195 0.8787 0.8544
136 0.9325 0.6100 0.9137 0.8757 0.8520
137 0.9374 0.5435 0.9224 0.8788 0.8554
138 0.9365 0.5627 0.9210 0.8782 0.8554
139 0.9356 0.5941 0.9203 0.8695 0.8436
140 0.9297 0.6518 0.9100 0.8761 0.8505
141 0.9308 0.6467 0.9123 0.8724 0.8489
142 0.9321 0.5898 0.9156 0.8791 0.8504
143 0.9328 0.5885 0.9159 0.8782 0.8529
144 0.9310 0.6134 0.9143 0.8797 0.8545
145 0.9335 0.5682 0.9159 0.8776 0.8534
146 0.9347 0.5718 0.9174 0.8769 0.8505
147 0.9372 0.5534 0.9227 0.8806 0.8551
148 0.9380 0.5647 0.9222 0.8799 0.8554
149 0.9349 0.5855 0.9184 0.8771 0.8519
150 0.9382 0.5533 0.9229 0.8778 0.8543
151 0.9338 0.5919 0.9159 0.8756 0.8510
152 0.9331 0.6071 0.9179 0.8800 0.8545
153 0.9383 0.5639 0.9224 0.8842 0.8590
154 0.9354 0.5629 0.9177 0.8812 0.8591
155 0.9316 0.5740 0.9127 0.8790 0.8560
156 0.9352 0.5707 0.9186 0.8797 0.8551
157 0.9378 0.5502 0.9234 0.8861 0.8612
158 0.9381 0.5606 0.9216 0.8818 0.8587
159 0.9352 0.5800 0.9202 0.8766 0.8528
160 0.9356 0.5660 0.9199 0.8814 0.8576
161 0.9361 0.5508 0.9202 0.8812 0.8577
162 0.9411 0.5206 0.9243 0.8843 0.8606
163 0.9329 0.5912 0.9149 0.8795 0.8549
164 0.9395 0.5421 0.9217 0.8820 0.8569
165 0.9403 0.5219 0.9258 0.8798 0.8564
166 0.9390 0.5408 0.9229 0.8816 0.8589
167 0.9429 0.5078 0.9291 0.8802 0.8584
168 0.9392 0.5286 0.9251 0.8830 0.8600
169 0.9406 0.5290 0.9255 0.8852 0.8609
170 0.9394 0.5056 0.9252 0.8822 0.8587
171 0.9461 0.4879 0.9319 0.8793 0.8566
172 0.9464 0.4669 0.9322 0.8808 0.8572
173 0.9405 0.5142 0.9248 0.8783 0.8536
174 0.9465 0.4802 0.9355 0.8782 0.8536
175 0.9401 0.5226 0.9247 0.8776 0.8539
176 0.9422 0.5079 0.9264 0.8789 0.8559
177 0.9402 0.5330 0.9251 0.8773 0.8530
178 0.9355 0.5307 0.9203 0.8783 0.8553
179 0.9371 0.5403 0.9192 0.8786 0.8558
180 0.9377 0.5479 0.9208 0.8809 0.8561
181 0.9435 0.4932 0.9287 0.8766 0.8514
182 0.9393 0.5404 0.9231 0.8781 0.8549
183 0.9366 0.5306 0.9210 0.8778 0.8537
184 0.9439 0.4592 0.9290 0.8760 0.8525
185 0.9408 0.5043 0.9273 0.8768 0.8522
186 0.9448 0.4842 0.9306 0.8737 0.8499
187 0.9431 0.4769 0.9302 0.8788 0.8549
188 0.9479 0.4556 0.9348 0.8803 0.8571
189 0.9420 0.4981 0.9272 0.8789 0.8559
190 0.9423 0.5066 0.9280 0.8790 0.8550
191 0.9412 0.5087 0.9267 0.8810 0.8552
192 0.9422 0.5039 0.9259 0.8812 0.8556
193 0.9400 0.5350 0.9228 0.8810 0.8565
194 0.9465 0.4492 0.9330 0.8790 0.8551
195 0.9412 0.4933 0.9268 0.8821 0.8593
196 0.9442 0.4718 0.9306 0.8805 0.8564
197 0.9403 0.5235 0.9248 0.8836 0.8599
198 0.9470 0.4643 0.9332 0.8769 0.8540
199 0.9446 0.4909 0.9318 0.8808 0.8562
