epoch train_iou train_loss train_mAP val_iou val_mAP
0 0.5473 0.1739 0.4693 0.6594 0.5884
1 0.6805 0.1581 0.6225 0.7278 0.6749
2 0.7490 0.1541 0.7002 0.7456 0.6989
3 0.7744 0.1628 0.7308 0.7951 0.7590
4 0.8029 0.1606 0.7620 0.8059 0.7720
5 0.8146 0.1707 0.7763 0.8206 0.7856
6 0.8107 0.1909 0.7702 0.8112 0.7771
7 0.7997 0.2289 0.7603 0.8143 0.7831
8 0.7910 0.2641 0.7486 0.7860 0.7513
9 0.8021 0.2787 0.7606 0.7997 0.7650
10 0.7925 0.3047 0.7517 0.7971 0.7714
11 0.7977 0.3169 0.7551 0.8148 0.7851
12 0.8265 0.2952 0.7883 0.8176 0.7853
13 0.8440 0.2713 0.8061 0.8284 0.7997
14 0.8525 0.2671 0.8186 0.8420 0.8157
15 0.8608 0.2558 0.8256 0.8456 0.8167
16 0.8612 0.2709 0.8275 0.8553 0.8239
17 0.8490 0.3153 0.8144 0.8357 0.8029
18 0.8490 0.3351 0.8130 0.8383 0.8052
19 0.8376 0.3820 0.7972 0.8206 0.7844
20 0.8269 0.4295 0.7883 0.8298 0.8010
21 0.8390 0.3979 0.8044 0.8366 0.8069
22 0.8635 0.3581 0.8298 0.8351 0.8030
23 0.8673 0.3516 0.8368 0.8567 0.8300
24 0.8833 0.3326 0.8532 0.8542 0.8299
25 0.8816 0.3237 0.8522 0.8567 0.8322
26 0.8834 0.3322 0.8528 0.8565 0.8309
27 0.8793 0.3538 0.8471 0.8533 0.8237
28 0.8715 0.4064 0.8396 0.8290 0.7910
29 0.8604 0.4686 0.8259 0.8474 0.8181
30 0.8476 0.5072 0.8123 0.8427 0.8126
31 0.8582 0.4834 0.8253 0.8575 0.8314
32 0.8701 0.4363 0.8408 0.8530 0.8273
33 0.8853 0.4076 0.8544 0.8541 0.8312
34 0.8919 0.3724 0.8636 0.8594 0.8321
35 0.8989 0.3629 0.8703 0.8583 0.8319
36 0.9063 0.3507 0.8788 0.8624 0.8332
37 0.8970 0.3896 0.8673 0.8633 0.8409
38 0.8844 0.4459 0.8547 0.8589 0.8365
39 0.8763 0.5240 0.8452 0.8452 0.8164
40 0.8601 0.6055 0.8275 0.8530 0.8179
41 0.8826 0.5182 0.8548 0.8447 0.8067
42 0.8886 0.4882 0.8607 0.8629 0.8369
43 0.8881 0.4714 0.8617 0.8642 0.8374
44 0.9060 0.4097 0.8800 0.8672 0.8435
45 0.9082 0.3946 0.8843 0.8687 0.8440
46 0.9048 0.4276 0.8773 0.8666 0.8451
47 0.9121 0.4283 0.8862 0.8586 0.8351
48 0.8955 0.4950 0.8694 0.8540 0.8270
49 0.8892 0.5543 0.8602 0.8528 0.8241
50 0.8783 0.6202 0.8497 0.8465 0.8202
51 0.8884 0.5824 0.8596 0.8495 0.8235
52 0.8983 0.5259 0.8721 0.8663 0.8403
53 0.9071 0.4707 0.8813 0.8638 0.8341
54 0.9150 0.4406 0.8891 0.8657 0.8422
55 0.9152 0.4330 0.8909 0.8686 0.8451
56 0.9143 0.4432 0.8907 0.8751 0.8507
57 0.9109 0.4820 0.8846 0.8630 0.8393
58 0.9046 0.5445 0.8769 0.8511 0.8214
59 0.8895 0.6313 0.8601 0.8480 0.8271
60 0.8764 0.7149 0.8461 0.8503 0.8236
61 0.8895 0.6823 0.8629 0.8625 0.8384
62 0.9026 0.5651 0.8793 0.8599 0.8369
63 0.9100 0.5434 0.8862 0.8713 0.8481
64 0.9136 0.5133 0.8892 0.8766 0.8524
65 0.9151 0.4995 0.8930 0.8777 0.8545
66 0.9171 0.4914 0.8946 0.8698 0.8444
67 0.9145 0.5207 0.8901 0.8753 0.8486
68 0.9073 0.5757 0.8852 0.8616 0.8391
69 0.8935 0.7040 0.8677 0.8522 0.8251
70 0.8851 0.7999 0.8594 0.8668 0.8431
71 0.8936 0.7509 0.8659 0.8680 0.8406
72 0.9058 0.6374 0.8784 0.8582 0.8319
73 0.9060 0.6317 0.8823 0.8739 0.8503
74 0.9145 0.5563 0.8920 0.8714 0.8486
75 0.9209 0.5177 0.8983 0.8713 0.8471
76 0.9186 0.5452 0.8953 0.8740 0.8490
77 0.9172 0.5814 0.8938 0.8729 0.8486
78 0.9143 0.5968 0.8906 0.8696 0.8414
79 0.9018 0.7302 0.8735 0.8611 0.8366
80 0.8897 0.8194 0.8632 0.8382 0.8094
81 0.9022 0.7454 0.8779 0.8677 0.8431
82 0.9143 0.6417 0.8897 0.8651 0.8425
83 0.9163 0.6093 0.8926 0.8678 0.8446
84 0.9218 0.5766 0.8995 0.8725 0.8479
85 0.9283 0.5470 0.9063 0.8738 0.8487
86 0.9212 0.5875 0.8981 0.8692 0.8465
87 0.9201 0.6046 0.8995 0.8748 0.8512
88 0.9164 0.6408 0.8935 0.8655 0.8444
89 0.9116 0.7274 0.8880 0.8688 0.8441
90 0.8979 0.8478 0.8740 0.8568 0.8361
91 0.9043 0.8114 0.8791 0.8541 0.8310
92 0.9153 0.7293 0.8913 0.8715 0.8459
93 0.9197 0.6694 0.8980 0.8693 0.8447
94 0.9210 0.6259 0.8997 0.8654 0.8450
95 0.9247 0.6103 0.9038 0.8637 0.8443
96 0.9249 0.6142 0.9054 0.8689 0.8472
97 0.9227 0.6513 0.9030 0.8711 0.8497
98 0.9193 0.6803 0.8962 0.8708 0.8459
99 0.9073 0.8049 0.8849 0.8654 0.8428
100 0.9174 0.7488 0.8948 0.8689 0.8466
101 0.9203 0.6878 0.9000 0.8657 0.8420
102 0.9249 0.6317 0.9049 0.8695 0.8475
103 0.9236 0.6256 0.9045 0.8710 0.8499
104 0.9266 0.6022 0.9085 0.8691 0.8469
105 0.9310 0.5663 0.9115 0.8669 0.8467
106 0.9275 0.5942 0.9088 0.8726 0.8508
107 0.9279 0.6099 0.9079 0.8711 0.8504
108 0.9268 0.6176 0.9083 0.8672 0.8475
109 0.9289 0.6023 0.9100 0.8733 0.8511
110 0.9179 0.6708 0.8967 0.8669 0.8466
111 0.9244 0.6243 0.9038 0.8695 0.8461
112 0.9263 0.6159 0.9096 0.8728 0.8515
113 0.9283 0.5862 0.9110 0.8701 0.8509
114 0.9300 0.5824 0.9107 0.8729 0.8511
115 0.9275 0.5797 0.9086 0.8732 0.8524
116 0.9295 0.5686 0.9102 0.8746 0.8541
117 0.9307 0.5610 0.9119 0.8745 0.8543
118 0.9284 0.5999 0.9104 0.8724 0.8534
119 0.9284 0.5842 0.9091 0.8738 0.8497
120 0.9217 0.6469 0.9012 0.8747 0.8504
121 0.9289 0.5962 0.9102 0.8747 0.8519
122 0.9275 0.5969 0.9086 0.8692 0.8480
123 0.9257 0.5855 0.9067 0.8741 0.8528
124 0.9329 0.5507 0.9162 0.8740 0.8520
125 0.9325 0.5636 0.9166 0.8752 0.8530
126 0.9353 0.5226 0.9189 0.8723 0.8492
127 0.9344 0.5298 0.9203 0.8723 0.8506
128 0.9323 0.5616 0.9157 0.8695 0.8474
129 0.9257 0.6188 0.9069 0.8752 0.8541
130 0.9317 0.5611 0.9138 0.8734 0.8502
131 0.9252 0.6210 0.9071 0.8808 0.8590
132 0.9324 0.5603 0.9139 0.8751 0.8549
133 0.9305 0.5560 0.9138 0.8792 0.8569
134 0.9326 0.5239 0.9172 0.8758 0.8540
135 0.9331 0.5334 0.9170 0.8804 0.8593
136 0.9304 0.5500 0.9148 0.8759 0.8568
137 0.9327 0.5359 0.9178 0.8745 0.8571
138 0.9309 0.5442 0.9163 0.8809 0.8612
139 0.9329 0.5553 0.9173 0.8772 0.8534
140 0.9251 0.6023 0.9094 0.8768 0.8509
141 0.9265 0.6052 0.9103 0.8764 0.8545
142 0.9284 0.5650 0.9133 0.8672 0.8465
143 0.9313 0.5443 0.9153 0.8747 0.8551
144 0.9358 0.5258 0.9210 0.8761 0.8571
145 0.9335 0.5040 0.9171 0.8752 0.8561
146 0.9336 0.5181 0.9166 0.8784 0.8599
147 0.9364 0.5121 0.9227 0.8768 0.8547
148 0.9281 0.5533 0.9122 0.8786 0.8576
149 0.9326 0.5328 0.9181 0.8794 0.8580
150 0.9288 0.5953 0.9134 0.8677 0.8477
151 0.9277 0.5919 0.9093 0.8695 0.8487
152 0.9322 0.5303 0.9175 0.8702 0.8508
153 0.9331 0.5417 0.9184 0.8706 0.8511
154 0.9378 0.4871 0.9248 0.8744 0.8530
155 0.9362 0.4862 0.9230 0.8721 0.8515
156 0.9381 0.4896 0.9237 0.8765 0.8560
157 0.9369 0.5002 0.9226 0.8765 0.8557
158 0.9355 0.5100 0.9218 0.8682 0.8479
159 0.9299 0.5385 0.9164 0.8718 0.8524
160 0.9332 0.5324 0.9185 0.8748 0.8544
161 0.9345 0.5093 0.9200 0.8782 0.8587
162 0.9381 0.4886 0.9255 0.8745 0.8531
163 0.9364 0.4856 0.9241 0.8786 0.8570
164 0.9367 0.4973 0.9229 0.8780 0.8569
165 0.9372 0.4862 0.9232 0.8781 0.8575
166 0.9372 0.4925 0.9250 0.8784 0.8582
167 0.9394 0.4693 0.9272 0.8768 0.8557
168 0.9404 0.4604 0.9272 0.8765 0.8553
169 0.9385 0.4694 0.9252 0.8762 0.8572
170 0.9366 0.4742 0.9241 0.8792 0.8570
171 0.9363 0.4715 0.9246 0.8761 0.8554
172 0.9387 0.4546 0.9269 0.8774 0.8567
173 0.9345 0.4693 0.9212 0.8781 0.8600
174 0.9425 0.4516 0.9293 0.8775 0.8574
175 0.9372 0.4730 0.9247 0.8773 0.8575
176 0.9389 0.4648 0.9262 0.8739 0.8556
177 0.9401 0.4474 0.9275 0.8736 0.8553
178 0.9432 0.4485 0.9331 0.8739 0.8536
179 0.9389 0.4784 0.9272 0.8761 0.8549
180 0.9395 0.4606 0.9274 0.8780 0.8579
181 0.9407 0.4589 0.9280 0.8774 0.8574
182 0.9403 0.4709 0.9280 0.8755 0.8556
183 0.9428 0.4482 0.9302 0.8794 0.8587
184 0.9431 0.4266 0.9319 0.8792 0.8595
185 0.9423 0.4324 0.9314 0.8794 0.8579
186 0.9408 0.4549 0.9288 0.8801 0.8585
187 0.9403 0.4467 0.9278 0.8773 0.8579
188 0.9422 0.4419 0.9308 0.8773 0.8568
189 0.9420 0.4482 0.9300 0.8778 0.8574
190 0.9415 0.4407 0.9300 0.8765 0.8561
191 0.9428 0.4314 0.9313 0.8776 0.8579
192 0.9421 0.4370 0.9309 0.8809 0.8592
193 0.9451 0.4246 0.9335 0.8828 0.8622
194 0.9383 0.4568 0.9256 0.8814 0.8602
195 0.9429 0.4272 0.9318 0.8809 0.8595
196 0.9422 0.4427 0.9312 0.8802 0.8581
197 0.9398 0.4553 0.9280 0.8776 0.8565
198 0.9418 0.4379 0.9295 0.8791 0.8559
199 0.9432 0.4351 0.9307 0.8846 0.8645
