epoch train_iou train_loss train_mAP val_iou val_mAP
0 0.5260 0.1553 0.4503 0.6891 0.6404
1 0.7107 0.1378 0.6557 0.7194 0.6663
2 0.7477 0.1482 0.6977 0.7734 0.7262
3 0.7650 0.1622 0.7183 0.7935 0.7493
4 0.7945 0.1671 0.7485 0.7997 0.7615
5 0.8030 0.1752 0.7623 0.8024 0.7648
6 0.8086 0.1932 0.7689 0.8011 0.7588
7 0.8074 0.2162 0.7656 0.8037 0.7660
8 0.7916 0.2562 0.7465 0.8025 0.7672
9 0.7922 0.2822 0.7477 0.7987 0.7549
10 0.7938 0.2956 0.7500 0.8051 0.7599
11 0.8134 0.2896 0.7715 0.8196 0.7833
12 0.8252 0.2840 0.7869 0.8246 0.7893
13 0.8395 0.2765 0.8037 0.8360 0.7988
14 0.8495 0.2731 0.8147 0.8407 0.8059
15 0.8550 0.2683 0.8209 0.8439 0.8089
16 0.8568 0.2856 0.8225 0.8382 0.8028
17 0.8555 0.3069 0.8189 0.8462 0.8117
18 0.8454 0.3420 0.8101 0.8140 0.7819
19 0.8344 0.3844 0.7949 0.8316 0.7897
20 0.8304 0.4098 0.7947 0.8199 0.7855
21 0.8449 0.3933 0.8084 0.8022 0.7706
22 0.8574 0.3748 0.8232 0.8215 0.7891
23 0.8635 0.3612 0.8285 0.8507 0.8189
24 0.8760 0.3347 0.8435 0.8496 0.8189
25 0.8810 0.3271 0.8506 0.8545 0.8227
26 0.8848 0.3356 0.8522 0.8540 0.8214
27 0.8736 0.3769 0.8410 0.8512 0.8183
28 0.8633 0.4121 0.8297 0.8392 0.8109
29 0.8513 0.4702 0.8160 0.8484 0.8160
30 0.8559 0.4819 0.8189 0.8444 0.8107
31 0.8656 0.4689 0.8300 0.8432 0.8070
32 0.8750 0.4319 0.8409 0.8527 0.8180
33 0.8797 0.4271 0.8455 0.8538 0.8227
34 0.8912 0.3907 0.8594 0.8554 0.8258
35 0.8924 0.3852 0.8598 0.8559 0.8255
36 0.8947 0.3978 0.8652 0.8607 0.8282
37 0.8926 0.4175 0.8614 0.8561 0.8246
38 0.8902 0.4477 0.8585 0.8495 0.8194
39 0.8711 0.5167 0.8402 0.8423 0.8103
40 0.8673 0.5646 0.8337 0.8487 0.8153
41 0.8713 0.5518 0.8397 0.8399 0.8089
42 0.8868 0.5084 0.8568 0.8533 0.8228
43 0.8954 0.4606 0.8643 0.8594 0.8275
44 0.8980 0.4510 0.8689 0.8618 0.8327
45 0.9025 0.4232 0.8735 0.8630 0.8341
46 0.9003 0.4468 0.8711 0.8611 0.8323
47 0.8961 0.4759 0.8666 0.8532 0.8269
48 0.8912 0.5171 0.8608 0.8490 0.8154
49 0.8819 0.5896 0.8506 0.8465 0.8130
50 0.8768 0.6201 0.8428 0.8456 0.8175
51 0.8741 0.6485 0.8410 0.8484 0.8163
52 0.8889 0.5769 0.8576 0.8543 0.8245
53 0.8936 0.5365 0.8624 0.8583 0.8281
54 0.9031 0.5059 0.8752 0.8588 0.8322
55 0.9091 0.4752 0.8799 0.8585 0.8322
56 0.9096 0.4837 0.8822 0.8580 0.8297
57 0.9046 0.5140 0.8752 0.8567 0.8256
58 0.8981 0.5716 0.8685 0.8570 0.8264
59 0.8830 0.6677 0.8537 0.8492 0.8202
60 0.8852 0.7003 0.8548 0.8516 0.8201
61 0.8902 0.6806 0.8576 0.8511 0.8242
62 0.9008 0.6013 0.8704 0.8557 0.8293
63 0.9043 0.5742 0.8768 0.8560 0.8252
64 0.9102 0.5119 0.8836 0.8602 0.8308
65 0.9160 0.5034 0.8896 0.8645 0.8351
66 0.9161 0.5113 0.8895 0.8582 0.8312
67 0.9114 0.5574 0.8843 0.8630 0.8327
68 0.9047 0.6103 0.8743 0.8527 0.8245
69 0.8938 0.6790 0.8634 0.8444 0.8166
70 0.8893 0.7493 0.8589 0.8496 0.8144
71 0.8899 0.7488 0.8596 0.8608 0.8337
72 0.9014 0.6760 0.8731 0.8608 0.8309
73 0.9064 0.6594 0.8778 0.8647 0.8357
74 0.9124 0.5770 0.8864 0.8676 0.8379
75 0.9137 0.5679 0.8871 0.8683 0.8382
76 0.9182 0.5674 0.8908 0.8670 0.8417
77 0.9100 0.6132 0.8818 0.8588 0.8335
78 0.9063 0.6690 0.8752 0.8592 0.8297
79 0.9001 0.7444 0.8716 0.8547 0.8237
80 0.8905 0.8488 0.8606 0.8390 0.8090
81 0.8947 0.7829 0.8634 0.8511 0.8233
82 0.9067 0.7203 0.8798 0.8645 0.8373
83 0.9093 0.6957 0.8807 0.8739 0.8454
84 0.9177 0.6309 0.8904 0.8681 0.8421
85 0.9216 0.6084 0.8962 0.8680 0.8430
86 0.9225 0.6037 0.8969 0.8692 0.8429
87 0.9143 0.6576 0.8882 0.8654 0.8374
88 0.9113 0.7008 0.8822 0.8584 0.8288
89 0.8954 0.8293 0.8668 0.8608 0.8294
90 0.8978 0.8550 0.8684 0.8467 0.8138
91 0.8935 0.8917 0.8649 0.8549 0.8297
92 0.9003 0.8415 0.8713 0.8627 0.8350
93 0.9114 0.7153 0.8848 0.8694 0.8400
94 0.9184 0.6832 0.8929 0.8683 0.8388
95 0.9202 0.6612 0.8935 0.8676 0.8382
96 0.9198 0.6657 0.8943 0.8726 0.8463
97 0.9180 0.6888 0.8916 0.8691 0.8422
98 0.9145 0.7292 0.8887 0.8596 0.8311
99 0.9013 0.8690 0.8727 0.8592 0.8275
100 0.9145 0.7701 0.8880 0.8614 0.8335
101 0.9147 0.7297 0.8879 0.8696 0.8409
102 0.9149 0.7172 0.8892 0.8652 0.8391
103 0.9212 0.6698 0.8973 0.8685 0.8410
104 0.9220 0.6492 0.8978 0.8710 0.8441
105 0.9215 0.6433 0.8962 0.8680 0.8417
106 0.9177 0.6635 0.8944 0.8682 0.8411
107 0.9187 0.6722 0.8964 0.8581 0.8323
108 0.9172 0.6706 0.8932 0.8592 0.8350
109 0.9160 0.6702 0.8932 0.8597 0.8302
110 0.9140 0.7166 0.8900 0.8669 0.8403
111 0.9125 0.7223 0.8895 0.8656 0.8365
112 0.9219 0.6583 0.9003 0.8632 0.8381
113 0.9233 0.6264 0.9037 0.8620 0.8370
114 0.9227 0.6148 0.9019 0.8630 0.8392
115 0.9266 0.5953 0.9064 0.8633 0.8367
116 0.9262 0.6046 0.9052 0.8622 0.8365
117 0.9240 0.6099 0.9026 0.8615 0.8374
118 0.9192 0.6290 0.8991 0.8607 0.8346
119 0.9213 0.6306 0.8990 0.8620 0.8370
120 0.9157 0.6674 0.8929 0.8531 0.8263
121 0.9186 0.6754 0.8943 0.8585 0.8322
122 0.9221 0.6468 0.9007 0.8634 0.8373
123 0.9264 0.6217 0.9050 0.8682 0.8399
124 0.9274 0.5794 0.9087 0.8688 0.8450
125 0.9272 0.6073 0.9070 0.8693 0.8445
126 0.9280 0.5921 0.9068 0.8694 0.8448
127 0.9278 0.5893 0.9069 0.8625 0.8373
128 0.9257 0.5938 0.9036 0.8655 0.8406
129 0.9193 0.6552 0.8983 0.8649 0.8403
130 0.9155 0.6794 0.8938 0.8644 0.8385
131 0.9215 0.6526 0.8994 0.8692 0.8434
132 0.9241 0.6019 0.9047 0.8671 0.8407
133 0.9266 0.6042 0.9051 0.8671 0.8416
134 0.9249 0.6044 0.9063 0.8689 0.8436
135 0.9272 0.5559 0.9100 0.8663 0.8404
136 0.9233 0.5863 0.9043 0.8654 0.8400
137 0.9300 0.5622 0.9117 0.8671 0.8427
138 0.9248 0.6056 0.9068 0.8603 0.8351
139 0.9221 0.6457 0.9009 0.8718 0.8458
140 0.9258 0.6100 0.9063 0.8602 0.8341
141 0.9223 0.6296 0.9028 0.8586 0.8326
142 0.9245 0.6186 0.9039 0.8586 0.8333
143 0.9267 0.5895 0.9073 0.8673 0.8441
144 0.9284 0.5744 0.9081 0.8693 0.8428
145 0.9296 0.5552 0.9106 0.8693 0.8448
146 0.9295 0.5530 0.9107 0.8686 0.8413
147 0.9251 0.5762 0.9051 0.8643 0.8419
148 0.9285 0.5594 0.9096 0.8628 0.8398
149 0.9190 0.6137 0.8995 0.8611 0.8357
150 0.9194 0.6485 0.8976 0.8603 0.8381
151 0.9221 0.6339 0.9015 0.8606 0.8338
152 0.9251 0.6119 0.9041 0.8645 0.8369
153 0.9243 0.5857 0.9047 0.8654 0.8387
154 0.9289 0.5553 0.9114 0.8711 0.8448
155 0.9294 0.5591 0.9114 0.8660 0.8383
156 0.9313 0.5611 0.9136 0.8683 0.8429
157 0.9308 0.5609 0.9111 0.8646 0.8393
158 0.9237 0.6396 0.9033 0.8593 0.8316
159 0.9235 0.6056 0.9055 0.8635 0.8371
160 0.9276 0.5646 0.9102 0.8661 0.8425
161 0.9317 0.5453 0.9146 0.8632 0.8400
162 0.9294 0.5501 0.9126 0.8625 0.8394
163 0.9329 0.5358 0.9162 0.8643 0.8400
164 0.9317 0.5240 0.9138 0.8640 0.8419
165 0.9340 0.5055 0.9180 0.8658 0.8430
166 0.9328 0.5242 0.9150 0.8667 0.8419
167 0.9342 0.5188 0.9152 0.8634 0.8407
168 0.9285 0.5430 0.9102 0.8655 0.8425
169 0.9326 0.5257 0.9161 0.8646 0.8423
170 0.9332 0.5291 0.9163 0.8626 0.8383
171 0.9299 0.5369 0.9122 0.8638 0.8397
172 0.9350 0.4919 0.9189 0.8623 0.8404
173 0.9335 0.5190 0.9167 0.8625 0.8388
174 0.9345 0.5074 0.9198 0.8644 0.8391
175 0.9342 0.5098 0.9171 0.8635 0.8405
176 0.9317 0.5086 0.9152 0.8640 0.8411
177 0.9335 0.5095 0.9179 0.8653 0.8418
178 0.9333 0.5078 0.9176 0.8647 0.8424
179 0.9325 0.5274 0.9153 0.8629 0.8389
180 0.9327 0.5254 0.9167 0.8643 0.8422
181 0.9323 0.5304 0.9145 0.8688 0.8440
182 0.9342 0.4980 0.9168 0.8670 0.8434
183 0.9371 0.4871 0.9212 0.8652 0.8407
184 0.9341 0.5142 0.9181 0.8648 0.8399
185 0.9313 0.5266 0.9175 0.8644 0.8406
186 0.9333 0.5058 0.9171 0.8648 0.8411
187 0.9298 0.5331 0.9145 0.8632 0.8398
188 0.9364 0.4873 0.9217 0.8601 0.8373
189 0.9353 0.5014 0.9204 0.8610 0.8368
190 0.9341 0.5096 0.9174 0.8631 0.8397
191 0.9326 0.5089 0.9172 0.8585 0.8355
192 0.9295 0.5264 0.9125 0.8611 0.8370
193 0.9345 0.4960 0.9186 0.8609 0.8367
194 0.9376 0.4905 0.9220 0.8624 0.8373
195 0.9398 0.4799 0.9240 0.8611 0.8365
196 0.9395 0.4656 0.9246 0.8617 0.8367
197 0.9388 0.4928 0.9247 0.8602 0.8350
198 0.9363 0.4866 0.9200 0.8671 0.8421
199 0.9363 0.5014 0.9202 0.8654 0.8421
