epoch train_iou train_loss train_mAP val_iou val_mAP
0 0.6435 0.2851 0.5675 0.7093 0.6504
1 0.7394 0.2383 0.6822 0.7534 0.7002
2 0.7792 0.2558 0.7278 0.7874 0.7374
3 0.8003 0.2755 0.7551 0.7970 0.7550
4 0.7750 0.3320 0.7270 0.7924 0.7371
5 0.8048 0.3437 0.7636 0.8102 0.7657
6 0.8107 0.3636 0.7671 0.8198 0.7781
7 0.8105 0.3842 0.7712 0.8271 0.7853
8 0.8279 0.3992 0.7872 0.8189 0.7786
9 0.8226 0.4385 0.7857 0.8199 0.7870
10 0.8324 0.4382 0.7954 0.8390 0.8019
11 0.8416 0.4455 0.8084 0.8361 0.8029
12 0.8512 0.4748 0.8180 0.8454 0.8134
13 0.8480 0.4765 0.8135 0.8426 0.8103
14 0.8451 0.5226 0.8110 0.8479 0.8153
15 0.8433 0.5622 0.8073 0.8432 0.8145
16 0.8511 0.5606 0.8149 0.8392 0.8107
17 0.8516 0.5792 0.8190 0.8276 0.7959
18 0.8508 0.6098 0.8180 0.8422 0.8012
19 0.8532 0.5968 0.8190 0.8600 0.8300
20 0.8528 0.6528 0.8212 0.8565 0.8207
21 0.8594 0.6568 0.8272 0.8457 0.8179
22 0.8576 0.6890 0.8256 0.8652 0.8363
23 0.8639 0.6567 0.8360 0.8584 0.8314
24 0.8616 0.7093 0.8315 0.8521 0.8232
25 0.8551 0.7438 0.8242 0.8514 0.8106
26 0.8616 0.7696 0.8351 0.8559 0.8330
27 0.8649 0.7588 0.8352 0.8602 0.8298
28 0.8641 0.7870 0.8327 0.8628 0.8345
29 0.8715 0.7745 0.8414 0.8537 0.8246
30 0.8658 0.8041 0.8340 0.8580 0.8303
31 0.8773 0.7692 0.8517 0.8673 0.8400
32 0.8752 0.7953 0.8472 0.8640 0.8372
33 0.8754 0.8027 0.8475 0.8663 0.8366
34 0.8723 0.8498 0.8443 0.8602 0.8311
35 0.8823 0.8472 0.8525 0.8654 0.8363
36 0.8767 0.8699 0.8503 0.8694 0.8425
37 0.8825 0.8736 0.8581 0.8733 0.8432
38 0.8846 0.8733 0.8561 0.8708 0.8440
39 0.8814 0.9112 0.8562 0.8693 0.8409
40 0.8912 0.8642 0.8644 0.8720 0.8491
41 0.8858 0.8876 0.8598 0.8732 0.8492
42 0.8882 0.8830 0.8640 0.8725 0.8457
43 0.8919 0.9090 0.8668 0.8748 0.8479
44 0.8891 0.9119 0.8642 0.8784 0.8524
45 0.8893 0.9025 0.8628 0.8826 0.8581
46 0.8971 0.8719 0.8740 0.8737 0.8526
47 0.8977 0.9077 0.8759 0.8807 0.8553
48 0.9025 0.8816 0.8788 0.8766 0.8560
49 0.9013 0.8929 0.8772 0.8806 0.8571
50 0.8674 1.2843 0.8376 0.8634 0.8342
51 0.8500 1.4093 0.8168 0.8502 0.8152
52 0.8606 1.3028 0.8309 0.8567 0.8294
53 0.8697 1.2240 0.8389 0.8571 0.8269
54 0.8753 1.1831 0.8467 0.8538 0.8239
55 0.8605 1.3185 0.8306 0.8648 0.8330
56 0.8738 1.2064 0.8459 0.8660 0.8395
57 0.8756 1.1587 0.8491 0.8597 0.8290
58 0.8653 1.2617 0.8364 0.8597 0.8315
59 0.8777 1.1455 0.8545 0.8666 0.8411
60 0.8780 1.1205 0.8526 0.8671 0.8403
61 0.8796 1.1301 0.8535 0.8661 0.8394
62 0.8794 1.1089 0.8534 0.8776 0.8510
63 0.8805 1.1240 0.8512 0.8608 0.8368
64 0.8772 1.1696 0.8498 0.8824 0.8536
65 0.8859 1.0636 0.8619 0.8817 0.8537
66 0.8912 1.0196 0.8674 0.8720 0.8464
67 0.8851 1.0676 0.8610 0.8764 0.8532
68 0.8924 1.0326 0.8682 0.8821 0.8559
69 0.8915 1.0377 0.8677 0.8714 0.8489
70 0.8899 1.0338 0.8642 0.8755 0.8481
71 0.8943 0.9907 0.8693 0.8819 0.8543
72 0.8961 1.0156 0.8715 0.8710 0.8446
73 0.8911 0.9953 0.8680 0.8797 0.8535
74 0.8977 0.9629 0.8737 0.8695 0.8462
75 0.8939 1.0000 0.8693 0.8756 0.8484
76 0.8976 0.9630 0.8747 0.8827 0.8570
77 0.8965 0.9461 0.8702 0.8828 0.8557
78 0.8961 0.9852 0.8714 0.8818 0.8545
79 0.8953 0.9520 0.8710 0.8840 0.8562
80 0.9025 0.9190 0.8810 0.8830 0.8598
81 0.9043 0.8783 0.8790 0.8824 0.8574
82 0.9103 0.8550 0.8893 0.8794 0.8561
83 0.9073 0.8797 0.8821 0.8805 0.8591
84 0.9069 0.8800 0.8845 0.8887 0.8645
85 0.9077 0.8755 0.8883 0.8813 0.8572
86 0.9061 0.8924 0.8832 0.8812 0.8547
87 0.9093 0.8481 0.8879 0.8825 0.8600
88 0.9145 0.7937 0.8961 0.8821 0.8604
89 0.9095 0.8472 0.8890 0.8889 0.8639
90 0.9122 0.8261 0.8908 0.8874 0.8639
91 0.9096 0.8299 0.8896 0.8800 0.8570
92 0.9157 0.7785 0.8920 0.8841 0.8593
93 0.9183 0.7418 0.8980 0.8832 0.8619
94 0.9145 0.7840 0.8931 0.8881 0.8636
95 0.9203 0.7171 0.9024 0.8885 0.8641
96 0.9129 0.7995 0.8915 0.8859 0.8639
97 0.9179 0.7512 0.8982 0.8812 0.8605
98 0.9127 0.7829 0.8915 0.8854 0.8639
99 0.9147 0.7599 0.8950 0.8845 0.8612
100 0.9037 0.8602 0.8804 0.8826 0.8541
101 0.9021 0.9062 0.8807 0.8762 0.8519
102 0.9110 0.8395 0.8916 0.8696 0.8470
103 0.9062 0.8711 0.8853 0.8742 0.8497
104 0.9143 0.8068 0.8914 0.8825 0.8586
105 0.9105 0.8497 0.8874 0.8764 0.8537
106 0.9057 0.8689 0.8835 0.8775 0.8531
107 0.9033 0.8897 0.8819 0.8796 0.8540
108 0.9146 0.8190 0.8960 0.8710 0.8509
109 0.9091 0.8582 0.8885 0.8826 0.8561
110 0.9159 0.7967 0.8950 0.8842 0.8604
111 0.9070 0.8548 0.8853 0.8763 0.8525
112 0.9110 0.8165 0.8895 0.8848 0.8601
113 0.9084 0.8413 0.8868 0.8848 0.8594
114 0.9134 0.8101 0.8920 0.8837 0.8576
115 0.9151 0.7792 0.8964 0.8835 0.8589
116 0.9087 0.8532 0.8869 0.8822 0.8599
117 0.9075 0.8562 0.8850 0.8842 0.8612
118 0.9127 0.8082 0.8915 0.8840 0.8597
119 0.9173 0.7491 0.8987 0.8837 0.8605
120 0.9163 0.7610 0.8969 0.8904 0.8677
121 0.9084 0.8160 0.8901 0.8850 0.8623
122 0.9243 0.6959 0.9062 0.8825 0.8600
123 0.9158 0.7602 0.8934 0.8846 0.8619
124 0.9173 0.7589 0.8988 0.8833 0.8610
125 0.9182 0.7610 0.8970 0.8814 0.8601
126 0.9179 0.7473 0.8974 0.8871 0.8624
127 0.9184 0.7503 0.8985 0.8869 0.8651
128 0.9214 0.7113 0.9031 0.8850 0.8626
129 0.9206 0.7167 0.9025 0.8847 0.8618
130 0.9151 0.7755 0.8959 0.8896 0.8673
131 0.9238 0.6717 0.9074 0.8881 0.8666
132 0.9195 0.7206 0.8993 0.8877 0.8672
133 0.9235 0.6928 0.9050 0.8874 0.8656
134 0.9202 0.7011 0.9014 0.8856 0.8616
135 0.9261 0.6532 0.9086 0.8887 0.8675
136 0.9159 0.7447 0.8973 0.8880 0.8665
137 0.9274 0.6519 0.9081 0.8921 0.8695
138 0.9236 0.6714 0.9027 0.8903 0.8669
139 0.9199 0.7113 0.8983 0.8874 0.8649
140 0.9278 0.6620 0.9107 0.8877 0.8659
141 0.9299 0.6313 0.9119 0.8877 0.8635
142 0.9307 0.6245 0.9144 0.8921 0.8702
143 0.9297 0.6389 0.9134 0.8928 0.8681
144 0.9276 0.6320 0.9110 0.8918 0.8695
145 0.9334 0.6128 0.9150 0.8876 0.8655
146 0.9323 0.6223 0.9175 0.8904 0.8677
147 0.9256 0.6606 0.9075 0.8906 0.8680
148 0.9354 0.5939 0.9179 0.8930 0.8702
149 0.9214 0.7022 0.9038 0.8887 0.8659
150 0.9265 0.6657 0.9086 0.8880 0.8661
151 0.9227 0.6896 0.9053 0.8817 0.8582
152 0.9285 0.6491 0.9116 0.8856 0.8625
153 0.9236 0.6833 0.9046 0.8852 0.8602
154 0.9202 0.7081 0.9011 0.8877 0.8647
155 0.9288 0.6442 0.9123 0.8875 0.8638
156 0.9282 0.6683 0.9124 0.8886 0.8657
157 0.9251 0.6753 0.9071 0.8883 0.8665
158 0.9160 0.7469 0.8983 0.8899 0.8655
159 0.9234 0.7045 0.9054 0.8871 0.8624
160 0.9226 0.7085 0.9045 0.8909 0.8676
161 0.9263 0.6660 0.9067 0.8892 0.8661
162 0.9246 0.6893 0.9066 0.8891 0.8654
163 0.9262 0.6581 0.9106 0.8863 0.8640
164 0.9261 0.6592 0.9054 0.8861 0.8635
165 0.9227 0.6679 0.9042 0.8935 0.8687
166 0.9233 0.6871 0.9052 0.8891 0.8666
167 0.9262 0.6652 0.9081 0.8882 0.8630
168 0.9263 0.6567 0.9107 0.8864 0.8651
169 0.9246 0.6711 0.9073 0.8916 0.8677
170 0.9242 0.6628 0.9083 0.8904 0.8651
171 0.9288 0.6149 0.9137 0.8877 0.8656
172 0.9281 0.6616 0.9094 0.8891 0.8647
173 0.9298 0.6315 0.9111 0.8888 0.8642
174 0.9314 0.6150 0.9124 0.8914 0.8665
175 0.9319 0.6028 0.9154 0.8903 0.8676
176 0.9222 0.6817 0.9041 0.8935 0.8716
177 0.9309 0.5959 0.9161 0.8922 0.8684
178 0.9342 0.5937 0.9178 0.8969 0.8728
179 0.9305 0.6138 0.9128 0.8899 0.8682
180 0.9297 0.6208 0.9133 0.8909 0.8675
181 0.9269 0.6440 0.9100 0.8898 0.8679
182 0.9383 0.5610 0.9232 0.8931 0.8684
183 0.9349 0.6066 0.9187 0.8916 0.8670
184 0.9328 0.5901 0.9186 0.8919 0.8694
185 0.9296 0.6226 0.9110 0.8924 0.8687
186 0.9332 0.6167 0.9174 0.8944 0.8698
187 0.9285 0.6306 0.9118 0.8961 0.8708
188 0.9281 0.6117 0.9102 0.8917 0.8695
189 0.9302 0.5900 0.9118 0.8943 0.8719
190 0.9347 0.5651 0.9193 0.8921 0.8684
191 0.9343 0.5821 0.9176 0.8916 0.8681
192 0.9345 0.5873 0.9204 0.8899 0.8657
193 0.9375 0.5610 0.9230 0.8889 0.8665
194 0.9316 0.6001 0.9150 0.8924 0.8682
195 0.9394 0.5430 0.9274 0.8893 0.8650
196 0.9403 0.5404 0.9252 0.8924 0.8684
197 0.9368 0.5496 0.9204 0.8939 0.8694
198 0.9325 0.5871 0.9163 0.8900 0.8656
199 0.9350 0.5525 0.9204 0.8958 0.8721
