epoch train_iou train_loss train_mAP val_iou val_mAP
0 0.5958 0.1714 0.5241 0.7373 0.6837
1 0.7125 0.1496 0.6548 0.7608 0.7014
2 0.7548 0.1501 0.7086 0.7968 0.7617
3 0.7837 0.1618 0.7414 0.8023 0.7594
4 0.8142 0.1570 0.7773 0.8168 0.7750
5 0.8186 0.1644 0.7782 0.8188 0.7800
6 0.8235 0.1841 0.7815 0.8295 0.7895
7 0.8060 0.2274 0.7667 0.8303 0.7909
8 0.8030 0.2616 0.7622 0.8023 0.7700
9 0.8093 0.2741 0.7682 0.8135 0.7708
10 0.7990 0.3008 0.7586 0.7959 0.7543
11 0.8168 0.2942 0.7814 0.8336 0.7983
12 0.8383 0.2741 0.8040 0.8422 0.8075
13 0.8539 0.2654 0.8220 0.8472 0.8125
14 0.8708 0.2418 0.8416 0.8565 0.8210
15 0.8746 0.2416 0.8432 0.8520 0.8214
16 0.8773 0.2540 0.8481 0.8494 0.8162
17 0.8681 0.2854 0.8369 0.8431 0.8130
18 0.8485 0.3463 0.8167 0.8473 0.8146
19 0.8380 0.3802 0.8046 0.8393 0.8056
20 0.8391 0.4052 0.8066 0.8340 0.8044
21 0.8490 0.3898 0.8157 0.8537 0.8241
22 0.8699 0.3447 0.8416 0.8488 0.8231
23 0.8827 0.3165 0.8550 0.8633 0.8335
24 0.8905 0.2909 0.8637 0.8645 0.8342
25 0.8946 0.2839 0.8688 0.8657 0.8379
26 0.8955 0.3007 0.8688 0.8664 0.8374
27 0.8934 0.3119 0.8647 0.8693 0.8382
28 0.8820 0.3780 0.8533 0.8416 0.8140
29 0.8621 0.4370 0.8312 0.8452 0.8190
30 0.8594 0.4764 0.8294 0.8318 0.7943
31 0.8695 0.4363 0.8427 0.8432 0.8143
32 0.8850 0.4046 0.8570 0.8718 0.8422
33 0.8954 0.3800 0.8684 0.8667 0.8361
34 0.9004 0.3506 0.8744 0.8567 0.8303
35 0.9020 0.3424 0.8778 0.8616 0.8376
36 0.9088 0.3345 0.8836 0.8669 0.8378
37 0.9065 0.3623 0.8789 0.8631 0.8348
38 0.8960 0.4168 0.8685 0.8635 0.8359
39 0.8791 0.5243 0.8475 0.8629 0.8386
40 0.8818 0.5136 0.8514 0.8526 0.8264
41 0.8832 0.5218 0.8561 0.8711 0.8402
42 0.8930 0.4695 0.8646 0.8593 0.8366
43 0.9098 0.4034 0.8851 0.8695 0.8413
44 0.9097 0.4008 0.8840 0.8722 0.8459
45 0.9156 0.3832 0.8922 0.8722 0.8458
46 0.9173 0.3820 0.8924 0.8766 0.8501
47 0.9128 0.4057 0.8878 0.8708 0.8427
48 0.9079 0.4527 0.8832 0.8673 0.8420
49 0.8860 0.5794 0.8601 0.8490 0.8245
50 0.8828 0.5965 0.8571 0.8520 0.8214
51 0.8871 0.5808 0.8609 0.8584 0.8292
52 0.9006 0.5064 0.8732 0.8712 0.8471
53 0.9102 0.4569 0.8855 0.8718 0.8478
54 0.9181 0.4315 0.8968 0.8753 0.8520
55 0.9169 0.4228 0.8922 0.8758 0.8521
56 0.9168 0.4308 0.8916 0.8800 0.8568
57 0.9185 0.4413 0.8942 0.8777 0.8559
58 0.9115 0.4930 0.8874 0.8703 0.8450
59 0.8916 0.6272 0.8657 0.8669 0.8391
60 0.8891 0.6679 0.8607 0.8582 0.8273
61 0.8957 0.6137 0.8690 0.8607 0.8370
62 0.9119 0.5304 0.8881 0.8774 0.8504
63 0.9185 0.4737 0.8973 0.8741 0.8510
64 0.9199 0.4664 0.8982 0.8783 0.8574
65 0.9245 0.4530 0.9039 0.8812 0.8602
66 0.9205 0.4715 0.8982 0.8830 0.8596
67 0.9211 0.4734 0.8982 0.8704 0.8434
68 0.9107 0.5663 0.8889 0.8676 0.8410
69 0.9123 0.5978 0.8886 0.8698 0.8431
70 0.8953 0.7199 0.8693 0.8155 0.7854
71 0.8932 0.7406 0.8664 0.8674 0.8419
72 0.9095 0.6039 0.8864 0.8699 0.8450
73 0.9222 0.5183 0.8991 0.8775 0.8515
74 0.9240 0.5110 0.9021 0.8774 0.8521
75 0.9257 0.5141 0.9062 0.8794 0.8536
76 0.9290 0.4952 0.9077 0.8813 0.8567
77 0.9253 0.5249 0.9042 0.8702 0.8446
78 0.9178 0.6242 0.8949 0.8626 0.8401
79 0.9090 0.6867 0.8861 0.8681 0.8380
80 0.8925 0.8291 0.8677 0.8627 0.8355
81 0.9110 0.6789 0.8853 0.8692 0.8451
82 0.9118 0.6633 0.8881 0.8673 0.8446
83 0.9232 0.5789 0.9027 0.8804 0.8559
84 0.9278 0.5371 0.9077 0.8838 0.8587
85 0.9311 0.5273 0.9131 0.8834 0.8591
86 0.9279 0.5265 0.9068 0.8845 0.8586
87 0.9281 0.5396 0.9087 0.8812 0.8550
88 0.9214 0.6210 0.9011 0.8733 0.8464
89 0.9155 0.6910 0.8940 0.8641 0.8366
90 0.9039 0.8197 0.8810 0.8736 0.8461
91 0.9075 0.7832 0.8848 0.8686 0.8464
92 0.9169 0.6889 0.8963 0.8761 0.8543
93 0.9236 0.6403 0.9048 0.8746 0.8540
94 0.9301 0.5685 0.9095 0.8805 0.8568
95 0.9293 0.5697 0.9104 0.8821 0.8601
96 0.9314 0.5661 0.9119 0.8804 0.8595
97 0.9270 0.6131 0.9078 0.8713 0.8466
98 0.9204 0.6654 0.8989 0.8678 0.8434
99 0.9176 0.7334 0.8956 0.8701 0.8420
100 0.9222 0.6847 0.9023 0.8740 0.8518
101 0.9311 0.5920 0.9112 0.8818 0.8544
102 0.9305 0.5982 0.9105 0.8801 0.8574
103 0.9316 0.5827 0.9139 0.8825 0.8615
104 0.9358 0.5382 0.9179 0.8824 0.8587
105 0.9389 0.5453 0.9221 0.8830 0.8596
106 0.9329 0.5579 0.9146 0.8864 0.8612
107 0.9384 0.5262 0.9219 0.8820 0.8581
108 0.9382 0.5367 0.9210 0.8779 0.8575
109 0.9285 0.6078 0.9090 0.8829 0.8584
110 0.9301 0.5887 0.9104 0.8777 0.8555
111 0.9314 0.5923 0.9134 0.8825 0.8580
112 0.9329 0.5627 0.9152 0.8905 0.8647
113 0.9363 0.5408 0.9194 0.8898 0.8642
114 0.9352 0.5279 0.9185 0.8899 0.8647
115 0.9393 0.5136 0.9241 0.8885 0.8639
116 0.9367 0.5213 0.9198 0.8874 0.8611
117 0.9399 0.5145 0.9238 0.8890 0.8646
118 0.9371 0.5477 0.9186 0.8879 0.8610
119 0.9377 0.5249 0.9216 0.8810 0.8569
120 0.9281 0.6353 0.9117 0.8864 0.8627
121 0.9344 0.5651 0.9170 0.8790 0.8560
122 0.9348 0.5408 0.9161 0.8881 0.8651
123 0.9375 0.5356 0.9189 0.8850 0.8607
124 0.9438 0.4937 0.9291 0.8862 0.8619
125 0.9412 0.4827 0.9272 0.8849 0.8610
126 0.9426 0.4890 0.9278 0.8868 0.8619
127 0.9405 0.4943 0.9252 0.8848 0.8580
128 0.9433 0.4913 0.9281 0.8805 0.8583
129 0.9349 0.5358 0.9175 0.8843 0.8595
130 0.9372 0.5425 0.9192 0.8774 0.8559
131 0.9337 0.5896 0.9166 0.8756 0.8558
132 0.9347 0.5463 0.9177 0.8807 0.8589
133 0.9386 0.5211 0.9227 0.8816 0.8595
134 0.9424 0.4734 0.9271 0.8868 0.8621
135 0.9428 0.4829 0.9274 0.8876 0.8630
136 0.9444 0.4670 0.9296 0.8874 0.8619
137 0.9439 0.4661 0.9287 0.8901 0.8670
138 0.9433 0.4846 0.9280 0.8847 0.8599
139 0.9376 0.5072 0.9223 0.8850 0.8596
140 0.9320 0.5922 0.9145 0.8814 0.8584
141 0.9350 0.5551 0.9185 0.8853 0.8640
142 0.9395 0.5138 0.9252 0.8835 0.8589
143 0.9416 0.4986 0.9264 0.8818 0.8600
144 0.9406 0.5015 0.9255 0.8865 0.8643
145 0.9448 0.4604 0.9308 0.8865 0.8647
146 0.9433 0.4731 0.9288 0.8916 0.8675
147 0.9444 0.4667 0.9296 0.8889 0.8642
148 0.9445 0.4931 0.9290 0.8900 0.8669
149 0.9385 0.5135 0.9226 0.8787 0.8556
150 0.9351 0.5627 0.9198 0.8845 0.8614
151 0.9364 0.5248 0.9191 0.8858 0.8612
152 0.9386 0.5060 0.9238 0.8851 0.8605
153 0.9442 0.4546 0.9311 0.8871 0.8637
154 0.9459 0.4566 0.9329 0.8919 0.8664
155 0.9434 0.4545 0.9303 0.8894 0.8637
156 0.9446 0.4415 0.9302 0.8917 0.8666
157 0.9449 0.4728 0.9314 0.8908 0.8661
158 0.9445 0.4595 0.9316 0.8906 0.8675
159 0.9402 0.4899 0.9278 0.8821 0.8594
160 0.9433 0.4756 0.9275 0.8933 0.8704
161 0.9413 0.4744 0.9273 0.8908 0.8685
162 0.9456 0.4342 0.9334 0.8929 0.8700
163 0.9447 0.4479 0.9314 0.8967 0.8728
164 0.9494 0.4088 0.9378 0.8936 0.8712
165 0.9507 0.4118 0.9386 0.8950 0.8719
166 0.9515 0.4148 0.9388 0.8968 0.8730
167 0.9467 0.4243 0.9353 0.8910 0.8668
168 0.9475 0.4278 0.9362 0.8956 0.8709
169 0.9480 0.4277 0.9352 0.8954 0.8717
170 0.9455 0.4413 0.9331 0.8912 0.8692
171 0.9490 0.3998 0.9375 0.8908 0.8686
172 0.9506 0.3928 0.9400 0.8942 0.8708
173 0.9457 0.4261 0.9338 0.8923 0.8685
174 0.9492 0.4226 0.9367 0.8903 0.8665
175 0.9511 0.4006 0.9386 0.8928 0.8680
176 0.9496 0.3972 0.9388 0.8938 0.8701
177 0.9515 0.4018 0.9416 0.8888 0.8661
178 0.9467 0.4299 0.9337 0.8875 0.8626
179 0.9477 0.4137 0.9350 0.8922 0.8681
180 0.9522 0.4020 0.9425 0.8923 0.8684
181 0.9498 0.3955 0.9401 0.8911 0.8680
182 0.9490 0.4014 0.9382 0.8904 0.8659
183 0.9502 0.4033 0.9384 0.8920 0.8685
184 0.9516 0.3852 0.9416 0.8913 0.8670
185 0.9487 0.4033 0.9376 0.8901 0.8655
186 0.9506 0.3995 0.9401 0.8917 0.8674
187 0.9498 0.3992 0.9378 0.8924 0.8689
188 0.9498 0.4126 0.9379 0.8921 0.8666
189 0.9507 0.3891 0.9391 0.8926 0.8671
190 0.9527 0.3800 0.9414 0.8864 0.8626
191 0.9505 0.3942 0.9393 0.8920 0.8660
192 0.9536 0.3723 0.9422 0.8900 0.8654
193 0.9500 0.3981 0.9379 0.8894 0.8656
194 0.9495 0.4164 0.9385 0.8896 0.8643
195 0.9498 0.3880 0.9394 0.8904 0.8650
196 0.9522 0.3808 0.9417 0.8904 0.8666
197 0.9509 0.3912 0.9408 0.8906 0.8654
198 0.9514 0.3893 0.9416 0.8886 0.8644
199 0.9512 0.3902 0.9391 0.8881 0.8641
