epoch train_iou train_loss train_mAP val_iou val_mAP
0 0.5626 0.1666 0.4857 0.7079 0.6545
1 0.6998 0.1502 0.6406 0.7507 0.6987
2 0.7483 0.1545 0.7002 0.7626 0.7144
3 0.7852 0.1542 0.7416 0.7898 0.7459
4 0.7985 0.1650 0.7568 0.8076 0.7646
5 0.8210 0.1606 0.7819 0.8156 0.7705
6 0.8151 0.1855 0.7746 0.8181 0.7761
7 0.8014 0.2267 0.7606 0.8034 0.7560
8 0.8091 0.2428 0.7668 0.7867 0.7344
9 0.8053 0.2684 0.7624 0.8062 0.7643
10 0.7983 0.3089 0.7568 0.8198 0.7837
11 0.8262 0.2717 0.7887 0.8017 0.7646
12 0.8448 0.2552 0.8088 0.8272 0.7902
13 0.8512 0.2528 0.8157 0.8372 0.8034
14 0.8674 0.2307 0.8345 0.8333 0.8020
15 0.8757 0.2298 0.8440 0.8392 0.8075
16 0.8764 0.2413 0.8462 0.8495 0.8191
17 0.8651 0.2822 0.8321 0.8404 0.8060
18 0.8698 0.2905 0.8387 0.8281 0.7969
19 0.8557 0.3415 0.8202 0.8207 0.7792
20 0.8405 0.3765 0.8049 0.8400 0.8045
21 0.8625 0.3461 0.8282 0.8486 0.8160
22 0.8797 0.3159 0.8465 0.8436 0.8114
23 0.8885 0.2871 0.8578 0.8516 0.8190
24 0.8937 0.2750 0.8645 0.8536 0.8209
25 0.8987 0.2733 0.8672 0.8521 0.8223
26 0.8951 0.2836 0.8641 0.8542 0.8226
27 0.8871 0.3165 0.8563 0.8546 0.8231
28 0.8873 0.3311 0.8542 0.8359 0.7980
29 0.8853 0.3711 0.8530 0.8369 0.8014
30 0.8596 0.4852 0.8244 0.8353 0.8027
31 0.8818 0.4046 0.8493 0.8484 0.8149
32 0.8887 0.3674 0.8577 0.8557 0.8259
33 0.9028 0.3300 0.8737 0.8569 0.8276
34 0.9125 0.3038 0.8857 0.8580 0.8276
35 0.9117 0.3120 0.8844 0.8567 0.8279
36 0.9140 0.3173 0.8880 0.8599 0.8313
37 0.9060 0.3442 0.8767 0.8571 0.8259
38 0.8956 0.3942 0.8671 0.8574 0.8250
39 0.8994 0.4146 0.8692 0.8529 0.8213
40 0.8887 0.4768 0.8592 0.8425 0.8097
41 0.8932 0.4595 0.8605 0.8395 0.7984
42 0.8966 0.4250 0.8669 0.8522 0.8234
43 0.9069 0.3891 0.8818 0.8550 0.8273
44 0.9136 0.3707 0.8865 0.8606 0.8320
45 0.9115 0.3793 0.8864 0.8600 0.8326
46 0.9192 0.3612 0.8955 0.8630 0.8336
47 0.9153 0.3851 0.8906 0.8572 0.8292
48 0.9111 0.4175 0.8840 0.8513 0.8226
49 0.9061 0.4577 0.8774 0.8482 0.8205
50 0.8891 0.5617 0.8608 0.8381 0.8066
51 0.8974 0.5372 0.8689 0.8551 0.8201
52 0.9061 0.4800 0.8784 0.8611 0.8310
53 0.9164 0.4289 0.8936 0.8624 0.8340
54 0.9193 0.4094 0.8957 0.8570 0.8316
55 0.9256 0.3889 0.9027 0.8585 0.8310
56 0.9261 0.3916 0.9033 0.8638 0.8376
57 0.9204 0.4220 0.8946 0.8581 0.8284
58 0.9167 0.4558 0.8915 0.8608 0.8340
59 0.9111 0.4923 0.8856 0.8566 0.8259
60 0.8899 0.6579 0.8622 0.8515 0.8200
61 0.9001 0.5887 0.8737 0.8512 0.8254
62 0.9096 0.5414 0.8838 0.8594 0.8329
63 0.9183 0.4819 0.8933 0.8618 0.8328
64 0.9233 0.4516 0.9016 0.8683 0.8413
65 0.9251 0.4337 0.9034 0.8638 0.8360
66 0.9282 0.4404 0.9078 0.8666 0.8391
67 0.9273 0.4530 0.9053 0.8616 0.8354
68 0.9247 0.4867 0.9007 0.8595 0.8289
69 0.9180 0.5195 0.8922 0.8613 0.8309
70 0.9016 0.6965 0.8741 0.8240 0.7852
71 0.9103 0.6117 0.8865 0.8566 0.8324
72 0.9085 0.6295 0.8824 0.8625 0.8352
73 0.9249 0.5001 0.9004 0.8615 0.8326
74 0.9268 0.4990 0.9044 0.8688 0.8404
75 0.9272 0.4862 0.9073 0.8676 0.8397
76 0.9294 0.4760 0.9079 0.8704 0.8417
77 0.9253 0.5132 0.9028 0.8662 0.8382
78 0.9257 0.5373 0.9032 0.8656 0.8407
79 0.9152 0.6142 0.8902 0.8619 0.8344
80 0.9132 0.6697 0.8883 0.8315 0.7934
81 0.9106 0.6683 0.8842 0.8510 0.8240
82 0.9201 0.6057 0.8980 0.8530 0.8265
83 0.9258 0.5420 0.9047 0.8572 0.8320
84 0.9328 0.5042 0.9135 0.8686 0.8425
85 0.9325 0.5200 0.9130 0.8681 0.8429
86 0.9323 0.5083 0.9130 0.8662 0.8395
87 0.9345 0.5186 0.9134 0.8681 0.8400
88 0.9307 0.5439 0.9087 0.8630 0.8381
89 0.9293 0.5787 0.9075 0.8588 0.8306
90 0.9114 0.7463 0.8880 0.8615 0.8327
91 0.9170 0.6830 0.8936 0.8674 0.8417
92 0.9238 0.6263 0.9015 0.8629 0.8335
93 0.9273 0.6115 0.9046 0.8646 0.8365
94 0.9368 0.5253 0.9185 0.8687 0.8415
95 0.9337 0.5491 0.9148 0.8659 0.8391
96 0.9372 0.5363 0.9174 0.8681 0.8414
97 0.9346 0.5580 0.9153 0.8656 0.8382
98 0.9304 0.5965 0.9098 0.8641 0.8371
99 0.9250 0.6994 0.9048 0.8573 0.8308
100 0.9261 0.6580 0.9047 0.8665 0.8430
101 0.9357 0.5648 0.9154 0.8680 0.8422
102 0.9367 0.5446 0.9196 0.8721 0.8492
103 0.9379 0.5445 0.9193 0.8732 0.8497
104 0.9377 0.5365 0.9205 0.8744 0.8502
105 0.9392 0.5237 0.9199 0.8746 0.8493
106 0.9386 0.5195 0.9203 0.8736 0.8496
107 0.9418 0.4974 0.9248 0.8717 0.8475
108 0.9396 0.5054 0.9218 0.8707 0.8454
109 0.9382 0.5410 0.9193 0.8712 0.8478
110 0.9386 0.5373 0.9216 0.8650 0.8421
111 0.9390 0.5188 0.9201 0.8725 0.8483
112 0.9398 0.5307 0.9231 0.8693 0.8432
113 0.9411 0.5203 0.9260 0.8660 0.8401
114 0.9441 0.4844 0.9272 0.8716 0.8451
115 0.9448 0.4687 0.9297 0.8754 0.8476
116 0.9446 0.4693 0.9290 0.8738 0.8470
117 0.9446 0.4824 0.9280 0.8726 0.8469
118 0.9426 0.5047 0.9245 0.8744 0.8476
119 0.9394 0.5243 0.9207 0.8643 0.8376
120 0.9379 0.5334 0.9193 0.8708 0.8451
121 0.9397 0.5265 0.9222 0.8690 0.8392
122 0.9453 0.4885 0.9287 0.8701 0.8429
123 0.9427 0.4807 0.9269 0.8717 0.8470
124 0.9432 0.4886 0.9264 0.8748 0.8485
125 0.9469 0.4553 0.9322 0.8731 0.8470
126 0.9477 0.4548 0.9341 0.8740 0.8495
127 0.9433 0.4778 0.9273 0.8705 0.8459
128 0.9436 0.4906 0.9270 0.8637 0.8355
129 0.9415 0.4903 0.9232 0.8725 0.8446
130 0.9414 0.5081 0.9242 0.8735 0.8469
131 0.9427 0.4968 0.9270 0.8728 0.8474
132 0.9437 0.4706 0.9283 0.8632 0.8375
133 0.9498 0.4476 0.9350 0.8675 0.8419
134 0.9467 0.4497 0.9317 0.8682 0.8436
135 0.9474 0.4450 0.9327 0.8692 0.8434
136 0.9467 0.4663 0.9341 0.8669 0.8421
137 0.9458 0.4599 0.9301 0.8685 0.8430
138 0.9462 0.4543 0.9304 0.8653 0.8389
139 0.9456 0.4693 0.9294 0.8595 0.8291
140 0.9419 0.4964 0.9242 0.8635 0.8376
141 0.9446 0.4882 0.9288 0.8639 0.8380
142 0.9445 0.4704 0.9296 0.8681 0.8430
143 0.9467 0.4449 0.9332 0.8653 0.8406
144 0.9473 0.4441 0.9322 0.8684 0.8426
145 0.9500 0.4287 0.9368 0.8688 0.8432
146 0.9476 0.4366 0.9345 0.8703 0.8449
147 0.9475 0.4444 0.9318 0.8710 0.8455
148 0.9487 0.4462 0.9359 0.8674 0.8418
149 0.9490 0.4417 0.9354 0.8683 0.8421
150 0.9447 0.4702 0.9284 0.8602 0.8329
151 0.9431 0.4816 0.9274 0.8619 0.8321
152 0.9498 0.4366 0.9368 0.8671 0.8389
153 0.9446 0.4785 0.9288 0.8706 0.8436
154 0.9495 0.4272 0.9356 0.8675 0.8424
155 0.9479 0.4403 0.9347 0.8692 0.8431
156 0.9509 0.4275 0.9372 0.8684 0.8429
157 0.9487 0.4415 0.9353 0.8720 0.8459
158 0.9523 0.4186 0.9382 0.8707 0.8457
159 0.9481 0.4435 0.9327 0.8692 0.8417
160 0.9529 0.4153 0.9398 0.8709 0.8429
161 0.9511 0.4142 0.9372 0.8704 0.8439
162 0.9552 0.3920 0.9435 0.8712 0.8455
163 0.9522 0.4080 0.9397 0.8714 0.8446
164 0.9525 0.4043 0.9390 0.8737 0.8474
165 0.9558 0.3920 0.9432 0.8709 0.8446
166 0.9533 0.3888 0.9401 0.8716 0.8446
167 0.9545 0.3895 0.9432 0.8720 0.8447
168 0.9538 0.3887 0.9428 0.8721 0.8458
169 0.9531 0.3973 0.9398 0.8733 0.8460
170 0.9507 0.4035 0.9374 0.8731 0.8481
171 0.9516 0.4032 0.9377 0.8757 0.8494
172 0.9573 0.3800 0.9457 0.8733 0.8481
173 0.9538 0.3887 0.9421 0.8738 0.8467
174 0.9549 0.3908 0.9437 0.8742 0.8489
175 0.9509 0.3977 0.9391 0.8750 0.8486
176 0.9578 0.3613 0.9469 0.8728 0.8467
177 0.9537 0.3802 0.9423 0.8718 0.8452
178 0.9551 0.3798 0.9435 0.8749 0.8465
179 0.9546 0.3767 0.9423 0.8735 0.8471
180 0.9525 0.3855 0.9405 0.8735 0.8459
181 0.9540 0.3956 0.9409 0.8710 0.8438
182 0.9544 0.3831 0.9427 0.8737 0.8466
183 0.9559 0.3728 0.9427 0.8729 0.8460
184 0.9579 0.3587 0.9477 0.8720 0.8445
185 0.9548 0.3741 0.9436 0.8723 0.8449
186 0.9546 0.3845 0.9418 0.8727 0.8456
187 0.9568 0.3590 0.9460 0.8730 0.8455
188 0.9541 0.3679 0.9417 0.8725 0.8446
189 0.9552 0.3775 0.9422 0.8729 0.8454
190 0.9544 0.3820 0.9411 0.8753 0.8477
191 0.9554 0.3696 0.9428 0.8713 0.8441
192 0.9568 0.3590 0.9453 0.8722 0.8462
193 0.9565 0.3658 0.9461 0.8748 0.8472
194 0.9564 0.3721 0.9434 0.8747 0.8464
195 0.9572 0.3507 0.9468 0.8736 0.8469
196 0.9560 0.3616 0.9451 0.8744 0.8456
197 0.9570 0.3566 0.9459 0.8746 0.8471
198 0.9567 0.3642 0.9455 0.8736 0.8470
199 0.9578 0.3560 0.9471 0.8740 0.8475
