epoch train_iou train_loss train_mAP val_iou val_mAP
0 0.5698 0.3280 0.5005 0.5605 0.4875
1 0.6753 0.3199 0.6189 0.7400 0.6893
2 0.7495 0.3085 0.7023 0.7795 0.7377
3 0.7900 0.3147 0.7508 0.8033 0.7693
4 0.8084 0.3163 0.7726 0.8161 0.7815
5 0.8306 0.3210 0.7933 0.8230 0.7899
6 0.8270 0.3643 0.7910 0.8115 0.7820
7 0.8143 0.4309 0.7777 0.8250 0.7914
8 0.7959 0.5004 0.7542 0.8189 0.7834
9 0.8020 0.5239 0.7660 0.7911 0.7602
10 0.7864 0.5987 0.7474 0.7804 0.7292
11 0.8262 0.5274 0.7930 0.8125 0.7710
12 0.8404 0.5187 0.8072 0.8293 0.7991
13 0.8523 0.5102 0.8202 0.8461 0.8139
14 0.8668 0.4805 0.8331 0.8493 0.8231
15 0.8662 0.4888 0.8356 0.8487 0.8209
16 0.8733 0.5003 0.8406 0.8534 0.8259
17 0.8605 0.5737 0.8275 0.8476 0.8189
18 0.8399 0.6633 0.8047 0.8309 0.7980
19 0.8369 0.7384 0.8011 0.8345 0.7991
20 0.8284 0.7954 0.7928 0.8060 0.7776
21 0.8430 0.7642 0.8067 0.8307 0.7995
22 0.8617 0.7042 0.8303 0.8539 0.8271
23 0.8691 0.6681 0.8398 0.8522 0.8264
24 0.8776 0.6303 0.8477 0.8645 0.8398
25 0.8841 0.6137 0.8523 0.8659 0.8397
26 0.8864 0.6302 0.8566 0.8656 0.8439
27 0.8783 0.6984 0.8457 0.8588 0.8324
28 0.8662 0.7932 0.8340 0.8469 0.8198
29 0.8520 0.9158 0.8199 0.8012 0.7709
30 0.8545 0.9530 0.8207 0.8370 0.8096
31 0.8573 0.9087 0.8242 0.8447 0.8146
32 0.8673 0.8700 0.8335 0.8415 0.8115
33 0.8776 0.8079 0.8465 0.8511 0.8206
34 0.8871 0.7490 0.8565 0.8633 0.8354
35 0.8901 0.7358 0.8566 0.8682 0.8430
36 0.8890 0.7699 0.8578 0.8666 0.8396
37 0.8914 0.7873 0.8587 0.8674 0.8386
38 0.8825 0.8825 0.8511 0.8491 0.8313
39 0.8701 1.0017 0.8344 0.8503 0.8260
40 0.8628 1.0820 0.8305 0.8440 0.8213
41 0.8682 1.0471 0.8356 0.8486 0.8206
42 0.8763 0.9719 0.8457 0.8538 0.8248
43 0.8893 0.8997 0.8572 0.8523 0.8279
44 0.8965 0.8520 0.8648 0.8688 0.8438
45 0.9072 0.7880 0.8787 0.8668 0.8409
46 0.9016 0.8246 0.8712 0.8671 0.8422
47 0.9034 0.8417 0.8728 0.8594 0.8313
48 0.8823 1.0376 0.8501 0.8631 0.8354
49 0.8788 1.1317 0.8462 0.8485 0.8173
50 0.8604 1.3377 0.8243 0.8311 0.7876
51 0.8729 1.1913 0.8416 0.8509 0.8230
52 0.8921 0.9772 0.8596 0.8537 0.8264
53 0.8934 0.9680 0.8600 0.8649 0.8403
54 0.9047 0.8664 0.8746 0.8667 0.8394
55 0.9082 0.8190 0.8779 0.8675 0.8428
56 0.9102 0.8101 0.8820 0.8694 0.8440
57 0.9054 0.8742 0.8759 0.8554 0.8289
58 0.8968 0.9726 0.8654 0.8690 0.8421
59 0.8797 1.1183 0.8472 0.8572 0.8315
60 0.8798 1.1536 0.8483 0.8611 0.8368
61 0.8853 1.0326 0.8522 0.8643 0.8428
62 0.8960 0.9423 0.8640 0.8668 0.8396
63 0.9047 0.8481 0.8755 0.8675 0.8464
64 0.9128 0.7570 0.8845 0.8753 0.8503
65 0.9126 0.7615 0.8842 0.8748 0.8509
66 0.9127 0.7449 0.8835 0.8745 0.8491
67 0.9093 0.8133 0.8786 0.8652 0.8394
68 0.9003 0.8700 0.8692 0.8607 0.8388
69 0.8991 0.9152 0.8688 0.8504 0.8275
70 0.8752 1.1508 0.8421 0.8512 0.8223
71 0.8853 1.0615 0.8528 0.8438 0.8145
72 0.8977 0.9367 0.8664 0.8629 0.8351
73 0.9083 0.8192 0.8769 0.8657 0.8411
74 0.9135 0.7566 0.8846 0.8685 0.8470
75 0.9177 0.7149 0.8885 0.8684 0.8464
76 0.9147 0.7293 0.8833 0.8658 0.8406
77 0.9130 0.7509 0.8834 0.8621 0.8396
78 0.9116 0.7702 0.8818 0.8612 0.8394
79 0.8924 1.0062 0.8603 0.8613 0.8375
80 0.8884 1.0173 0.8555 0.8510 0.8209
81 0.8994 0.9057 0.8697 0.8514 0.8246
82 0.9032 0.8560 0.8724 0.8472 0.8178
83 0.9151 0.7486 0.8841 0.8731 0.8462
84 0.9152 0.7463 0.8862 0.8691 0.8432
85 0.9167 0.6823 0.8881 0.8729 0.8461
86 0.9181 0.6954 0.8886 0.8688 0.8441
87 0.9214 0.6741 0.8917 0.8708 0.8451
88 0.9167 0.7416 0.8880 0.8718 0.8459
89 0.9019 0.8912 0.8734 0.8560 0.8347
90 0.8875 1.0268 0.8542 0.8553 0.8242
91 0.9030 0.8768 0.8714 0.8669 0.8405
92 0.9087 0.8084 0.8772 0.8616 0.8318
93 0.9138 0.7595 0.8850 0.8684 0.8419
94 0.9234 0.6534 0.8979 0.8707 0.8461
95 0.9227 0.6466 0.8958 0.8730 0.8499
96 0.9235 0.6374 0.8970 0.8774 0.8520
97 0.9179 0.6657 0.8892 0.8672 0.8420
98 0.9135 0.7571 0.8841 0.8573 0.8338
99 0.9120 0.7970 0.8828 0.8692 0.8460
100 0.9124 0.7897 0.8826 0.8724 0.8499
101 0.9183 0.6754 0.8871 0.8658 0.8426
102 0.9185 0.6771 0.8897 0.8664 0.8421
103 0.9267 0.6036 0.9013 0.8652 0.8420
104 0.9258 0.5959 0.8999 0.8689 0.8447
105 0.9295 0.5913 0.9051 0.8704 0.8464
106 0.9278 0.6013 0.9030 0.8683 0.8453
107 0.9308 0.5675 0.9043 0.8687 0.8434
108 0.9240 0.6246 0.8963 0.8653 0.8415
109 0.9240 0.6393 0.8981 0.8602 0.8319
110 0.9204 0.6739 0.8932 0.8659 0.8410
111 0.9252 0.6180 0.8970 0.8656 0.8384
112 0.9261 0.6131 0.8994 0.8736 0.8502
113 0.9281 0.5966 0.9034 0.8733 0.8478
114 0.9303 0.5749 0.9049 0.8744 0.8502
115 0.9336 0.5428 0.9099 0.8761 0.8511
116 0.9299 0.5461 0.9066 0.8747 0.8499
117 0.9314 0.5656 0.9069 0.8702 0.8456
118 0.9304 0.5712 0.9057 0.8768 0.8522
119 0.9300 0.5632 0.9032 0.8690 0.8421
120 0.9159 0.7251 0.8884 0.8674 0.8436
121 0.9269 0.6226 0.9016 0.8680 0.8434
122 0.9293 0.5752 0.9040 0.8767 0.8535
123 0.9305 0.5585 0.9062 0.8736 0.8501
124 0.9311 0.5403 0.9054 0.8722 0.8471
125 0.9342 0.5086 0.9096 0.8733 0.8466
126 0.9335 0.5181 0.9093 0.8678 0.8415
127 0.9319 0.5435 0.9089 0.8726 0.8471
128 0.9364 0.5182 0.9135 0.8732 0.8457
129 0.9220 0.6385 0.8962 0.8686 0.8466
130 0.9262 0.5983 0.9000 0.8643 0.8424
131 0.9262 0.6187 0.9015 0.8704 0.8485
132 0.9288 0.5753 0.9032 0.8603 0.8394
133 0.9290 0.5308 0.9038 0.8700 0.8464
134 0.9350 0.5140 0.9120 0.8734 0.8501
135 0.9350 0.4862 0.9108 0.8734 0.8508
136 0.9375 0.4723 0.9150 0.8707 0.8478
137 0.9340 0.4997 0.9127 0.8689 0.8444
138 0.9352 0.5161 0.9114 0.8663 0.8411
139 0.9302 0.5540 0.9057 0.8666 0.8429
140 0.9277 0.5859 0.9001 0.8651 0.8380
141 0.9262 0.5912 0.9012 0.8710 0.8449
142 0.9276 0.5732 0.9026 0.8709 0.8475
143 0.9340 0.5071 0.9114 0.8692 0.8476
144 0.9322 0.5052 0.9078 0.8723 0.8487
145 0.9371 0.4887 0.9145 0.8702 0.8472
146 0.9374 0.4852 0.9153 0.8723 0.8495
147 0.9336 0.4976 0.9114 0.8687 0.8440
148 0.9348 0.5038 0.9117 0.8710 0.8460
149 0.9320 0.5443 0.9066 0.8657 0.8410
150 0.9293 0.5715 0.9045 0.8616 0.8351
151 0.9308 0.5464 0.9052 0.8709 0.8481
152 0.9316 0.5401 0.9073 0.8554 0.8290
153 0.9351 0.5120 0.9125 0.8660 0.8429
154 0.9343 0.4978 0.9124 0.8710 0.8472
155 0.9333 0.4858 0.9098 0.8723 0.8483
156 0.9390 0.4718 0.9162 0.8714 0.8467
157 0.9378 0.4595 0.9156 0.8735 0.8492
158 0.9370 0.4948 0.9159 0.8633 0.8378
159 0.9358 0.4939 0.9134 0.8718 0.8461
160 0.9351 0.4890 0.9123 0.8718 0.8492
161 0.9390 0.4558 0.9184 0.8742 0.8493
162 0.9392 0.4348 0.9181 0.8707 0.8478
163 0.9395 0.4339 0.9169 0.8717 0.8486
164 0.9384 0.4353 0.9172 0.8738 0.8484
165 0.9379 0.4412 0.9161 0.8731 0.8490
166 0.9386 0.4492 0.9165 0.8733 0.8467
167 0.9391 0.4318 0.9192 0.8734 0.8489
168 0.9405 0.4396 0.9195 0.8750 0.8504
169 0.9419 0.4105 0.9212 0.8729 0.8497
170 0.9365 0.4537 0.9136 0.8769 0.8504
171 0.9421 0.4147 0.9206 0.8760 0.8500
172 0.9402 0.4274 0.9194 0.8681 0.8425
173 0.9409 0.4192 0.9208 0.8713 0.8475
174 0.9408 0.4119 0.9206 0.8711 0.8470
175 0.9408 0.4169 0.9185 0.8735 0.8484
176 0.9416 0.4144 0.9207 0.8714 0.8481
177 0.9421 0.4050 0.9215 0.8736 0.8506
178 0.9399 0.4121 0.9190 0.8746 0.8512
179 0.9377 0.4208 0.9167 0.8742 0.8480
180 0.9414 0.4086 0.9203 0.8719 0.8480
181 0.9425 0.4212 0.9227 0.8731 0.8491
182 0.9418 0.4132 0.9195 0.8746 0.8507
183 0.9434 0.3974 0.9231 0.8744 0.8509
184 0.9409 0.4038 0.9212 0.8735 0.8493
185 0.9439 0.3828 0.9243 0.8735 0.8489
186 0.9438 0.3900 0.9247 0.8743 0.8506
187 0.9459 0.3832 0.9270 0.8748 0.8520
188 0.9420 0.3955 0.9232 0.8742 0.8501
189 0.9413 0.4034 0.9208 0.8734 0.8492
190 0.9450 0.3768 0.9240 0.8738 0.8494
191 0.9422 0.4086 0.9219 0.8751 0.8504
192 0.9418 0.4032 0.9218 0.8749 0.8507
193 0.9453 0.3729 0.9270 0.8739 0.8504
194 0.9429 0.3747 0.9227 0.8765 0.8528
195 0.9432 0.3873 0.9222 0.8745 0.8519
196 0.9409 0.3929 0.9195 0.8763 0.8520
197 0.9443 0.3837 0.9248 0.8747 0.8514
198 0.9432 0.3903 0.9241 0.8730 0.8482
199 0.9456 0.3761 0.9273 0.8713 0.8465
