epoch train_iou train_loss train_mAP val_iou val_mAP
0 0.5878 0.1641 0.5146 0.7063 0.6439
1 0.7039 0.1504 0.6468 0.7359 0.6849
2 0.7443 0.1620 0.6934 0.7656 0.7147
3 0.7695 0.1726 0.7230 0.7875 0.7447
4 0.8025 0.1653 0.7628 0.8030 0.7598
5 0.8118 0.1778 0.7725 0.8067 0.7678
6 0.7987 0.2021 0.7573 0.8086 0.7672
7 0.8048 0.2278 0.7615 0.8147 0.7722
8 0.7855 0.2753 0.7403 0.8046 0.7610
9 0.7853 0.3009 0.7416 0.7863 0.7459
10 0.7926 0.3152 0.7491 0.7648 0.7217
11 0.8021 0.3120 0.7660 0.7696 0.7304
12 0.8077 0.3117 0.7704 0.8167 0.7773
13 0.8332 0.2920 0.7993 0.8268 0.7935
14 0.8488 0.2738 0.8150 0.8337 0.8017
15 0.8559 0.2800 0.8249 0.8341 0.8034
16 0.8571 0.2913 0.8255 0.8289 0.7960
17 0.8514 0.3168 0.8190 0.8382 0.8061
18 0.8350 0.3608 0.8008 0.8234 0.7886
19 0.8286 0.3993 0.7954 0.8297 0.7979
20 0.8226 0.4350 0.7902 0.7995 0.7639
21 0.8275 0.4238 0.7924 0.8317 0.7958
22 0.8423 0.4002 0.8129 0.8309 0.7950
23 0.8544 0.3757 0.8250 0.8376 0.8080
24 0.8667 0.3585 0.8353 0.8458 0.8161
25 0.8723 0.3482 0.8424 0.8498 0.8180
26 0.8759 0.3643 0.8448 0.8433 0.8144
27 0.8674 0.4003 0.8383 0.8308 0.8061
28 0.8652 0.4243 0.8330 0.8389 0.8091
29 0.8544 0.4702 0.8244 0.8180 0.7878
30 0.8442 0.5216 0.8136 0.8310 0.7979
31 0.8465 0.5048 0.8158 0.8358 0.8079
32 0.8673 0.4642 0.8370 0.8308 0.8072
33 0.8712 0.4536 0.8430 0.8468 0.8182
34 0.8836 0.4285 0.8570 0.8511 0.8205
35 0.8886 0.4127 0.8607 0.8494 0.8188
36 0.8823 0.4355 0.8550 0.8496 0.8213
37 0.8864 0.4552 0.8606 0.8474 0.8171
38 0.8766 0.4941 0.8487 0.8439 0.8189
39 0.8722 0.5307 0.8443 0.8456 0.8111
40 0.8571 0.5943 0.8276 0.8271 0.7947
41 0.8676 0.5678 0.8392 0.8336 0.8110
42 0.8790 0.5260 0.8516 0.8477 0.8190
43 0.8857 0.5158 0.8602 0.8507 0.8263
44 0.8891 0.4947 0.8618 0.8516 0.8226
45 0.8942 0.4691 0.8675 0.8545 0.8260
46 0.8981 0.4731 0.8710 0.8534 0.8255
47 0.8946 0.4874 0.8663 0.8458 0.8218
48 0.8798 0.5845 0.8515 0.8503 0.8219
49 0.8678 0.6457 0.8380 0.8382 0.8129
50 0.8632 0.7199 0.8327 0.8360 0.8124
51 0.8737 0.6384 0.8459 0.8449 0.8181
52 0.8790 0.6011 0.8508 0.8417 0.8195
53 0.8892 0.5713 0.8617 0.8467 0.8234
54 0.9025 0.5019 0.8765 0.8530 0.8256
55 0.9044 0.4921 0.8797 0.8572 0.8317
56 0.9050 0.4934 0.8792 0.8534 0.8267
57 0.8974 0.5577 0.8720 0.8551 0.8266
58 0.8907 0.5950 0.8640 0.8569 0.8317
59 0.8826 0.6762 0.8543 0.8438 0.8190
60 0.8682 0.7936 0.8385 0.8509 0.8237
61 0.8864 0.6499 0.8584 0.8451 0.8179
62 0.8910 0.6620 0.8653 0.8463 0.8190
63 0.9030 0.5905 0.8771 0.8546 0.8254
64 0.9070 0.5610 0.8831 0.8657 0.8385
65 0.9126 0.5446 0.8883 0.8653 0.8401
66 0.9091 0.5496 0.8834 0.8606 0.8341
67 0.9020 0.6018 0.8756 0.8568 0.8271
68 0.9001 0.6342 0.8727 0.8582 0.8331
69 0.8870 0.7248 0.8616 0.8414 0.8179
70 0.8804 0.8153 0.8557 0.8447 0.8115
71 0.8866 0.7618 0.8600 0.8473 0.8226
72 0.8952 0.7017 0.8678 0.8558 0.8256
73 0.9059 0.6351 0.8804 0.8630 0.8357
74 0.9097 0.6023 0.8854 0.8612 0.8365
75 0.9115 0.5916 0.8874 0.8627 0.8379
76 0.9049 0.6186 0.8798 0.8636 0.8361
77 0.9070 0.6460 0.8850 0.8636 0.8396
78 0.9014 0.7100 0.8788 0.8554 0.8319
79 0.8943 0.7598 0.8678 0.8479 0.8213
80 0.8944 0.7944 0.8676 0.8409 0.8093
81 0.8899 0.8424 0.8634 0.8581 0.8329
82 0.9034 0.7419 0.8787 0.8627 0.8374
83 0.9093 0.7033 0.8872 0.8623 0.8367
84 0.9167 0.6396 0.8957 0.8610 0.8365
85 0.9170 0.6270 0.8943 0.8628 0.8388
86 0.9093 0.6809 0.8876 0.8656 0.8410
87 0.9092 0.6950 0.8873 0.8599 0.8328
88 0.8997 0.7819 0.8754 0.8615 0.8364
89 0.8976 0.8214 0.8728 0.8544 0.8295
90 0.8934 0.8567 0.8679 0.8644 0.8391
91 0.8978 0.8447 0.8742 0.8576 0.8332
92 0.9028 0.7857 0.8800 0.8630 0.8385
93 0.9104 0.7368 0.8881 0.8662 0.8389
94 0.9147 0.6800 0.8935 0.8650 0.8380
95 0.9197 0.6639 0.8968 0.8688 0.8407
96 0.9184 0.6640 0.8976 0.8672 0.8415
97 0.9167 0.6938 0.8962 0.8592 0.8354
98 0.9126 0.7585 0.8902 0.8678 0.8454
99 0.9031 0.8760 0.8794 0.8603 0.8324
100 0.9090 0.8224 0.8867 0.8496 0.8248
101 0.9129 0.7618 0.8906 0.8659 0.8420
102 0.9173 0.7312 0.8953 0.8641 0.8376
103 0.9195 0.6867 0.8983 0.8647 0.8415
104 0.9205 0.6880 0.8995 0.8696 0.8464
105 0.9220 0.6624 0.9020 0.8699 0.8460
106 0.9209 0.6611 0.9006 0.8697 0.8444
107 0.9252 0.6568 0.9036 0.8698 0.8444
108 0.9216 0.6552 0.9016 0.8655 0.8385
109 0.9185 0.7131 0.8976 0.8687 0.8439
110 0.9144 0.7423 0.8931 0.8681 0.8441
111 0.9177 0.7239 0.8962 0.8742 0.8485
112 0.9228 0.6479 0.9042 0.8707 0.8451
113 0.9265 0.6335 0.9091 0.8702 0.8446
114 0.9237 0.6328 0.9051 0.8690 0.8430
115 0.9292 0.5896 0.9107 0.8695 0.8431
116 0.9243 0.6226 0.9041 0.8704 0.8441
117 0.9257 0.6457 0.9047 0.8698 0.8428
118 0.9195 0.6832 0.9008 0.8663 0.8406
119 0.9243 0.6378 0.9045 0.8655 0.8390
120 0.9215 0.6780 0.9024 0.8641 0.8360
121 0.9244 0.6623 0.9053 0.8682 0.8420
122 0.9219 0.6536 0.9018 0.8597 0.8329
123 0.9251 0.6416 0.9064 0.8677 0.8420
124 0.9280 0.5879 0.9089 0.8719 0.8471
125 0.9273 0.6055 0.9092 0.8697 0.8455
126 0.9307 0.5755 0.9124 0.8692 0.8440
127 0.9305 0.5758 0.9135 0.8656 0.8402
128 0.9278 0.6264 0.9079 0.8721 0.8475
129 0.9263 0.6133 0.9074 0.8741 0.8441
130 0.9176 0.6878 0.8977 0.8600 0.8335
131 0.9216 0.6505 0.9047 0.8672 0.8391
132 0.9246 0.6134 0.9072 0.8688 0.8426
133 0.9281 0.5975 0.9091 0.8700 0.8424
134 0.9298 0.5795 0.9120 0.8662 0.8394
135 0.9291 0.5758 0.9115 0.8707 0.8424
136 0.9303 0.5760 0.9117 0.8684 0.8405
137 0.9304 0.5728 0.9134 0.8731 0.8455
138 0.9299 0.5902 0.9132 0.8764 0.8476
139 0.9282 0.6143 0.9118 0.8717 0.8447
140 0.9286 0.6225 0.9098 0.8655 0.8371
141 0.9281 0.6327 0.9111 0.8640 0.8399
142 0.9282 0.6011 0.9110 0.8649 0.8409
143 0.9294 0.5870 0.9121 0.8631 0.8356
144 0.9289 0.5769 0.9115 0.8726 0.8451
145 0.9333 0.5460 0.9173 0.8717 0.8464
146 0.9323 0.5554 0.9160 0.8714 0.8477
147 0.9301 0.5756 0.9142 0.8673 0.8439
148 0.9291 0.5901 0.9109 0.8727 0.8465
149 0.9290 0.5928 0.9114 0.8640 0.8377
150 0.9198 0.6661 0.8991 0.8556 0.8280
151 0.9218 0.6588 0.9029 0.8575 0.8350
152 0.9257 0.6041 0.9077 0.8703 0.8432
153 0.9324 0.5540 0.9142 0.8694 0.8438
154 0.9331 0.5348 0.9177 0.8675 0.8397
155 0.9347 0.5213 0.9198 0.8692 0.8420
156 0.9317 0.5556 0.9144 0.8694 0.8434
157 0.9334 0.5488 0.9183 0.8680 0.8424
158 0.9309 0.5558 0.9146 0.8655 0.8400
159 0.9303 0.5849 0.9132 0.8687 0.8411
160 0.9264 0.5851 0.9088 0.8703 0.8452
161 0.9376 0.5069 0.9217 0.8696 0.8443
162 0.9369 0.5235 0.9193 0.8690 0.8428
163 0.9331 0.5292 0.9173 0.8687 0.8438
164 0.9376 0.5050 0.9208 0.8690 0.8432
165 0.9351 0.5174 0.9178 0.8699 0.8454
166 0.9351 0.5065 0.9197 0.8694 0.8444
167 0.9366 0.5169 0.9204 0.8692 0.8434
168 0.9350 0.5256 0.9192 0.8672 0.8425
169 0.9339 0.5277 0.9186 0.8712 0.8446
170 0.9334 0.5342 0.9172 0.8703 0.8432
171 0.9351 0.5088 0.9204 0.8667 0.8409
172 0.9374 0.5009 0.9207 0.8696 0.8444
173 0.9397 0.4927 0.9251 0.8689 0.8445
174 0.9414 0.4742 0.9280 0.8688 0.8435
175 0.9405 0.4907 0.9276 0.8703 0.8454
176 0.9370 0.4906 0.9235 0.8741 0.8479
177 0.9369 0.5079 0.9215 0.8717 0.8468
178 0.9369 0.5031 0.9213 0.8727 0.8460
179 0.9354 0.5060 0.9213 0.8700 0.8439
180 0.9369 0.5131 0.9232 0.8696 0.8434
181 0.9390 0.4883 0.9256 0.8744 0.8489
182 0.9341 0.5066 0.9187 0.8722 0.8468
183 0.9373 0.4914 0.9233 0.8729 0.8454
184 0.9384 0.4793 0.9249 0.8731 0.8469
185 0.9397 0.4823 0.9254 0.8735 0.8480
186 0.9407 0.4719 0.9273 0.8761 0.8511
187 0.9373 0.4865 0.9241 0.8771 0.8522
188 0.9368 0.4971 0.9214 0.8768 0.8518
189 0.9369 0.4992 0.9226 0.8730 0.8469
190 0.9389 0.4946 0.9243 0.8708 0.8475
191 0.9387 0.4942 0.9242 0.8707 0.8438
192 0.9355 0.5095 0.9205 0.8723 0.8479
193 0.9383 0.4742 0.9240 0.8717 0.8470
194 0.9348 0.4987 0.9205 0.8702 0.8457
195 0.9358 0.4879 0.9219 0.8699 0.8455
196 0.9361 0.4911 0.9217 0.8712 0.8461
197 0.9403 0.4646 0.9265 0.8726 0.8473
198 0.9407 0.4503 0.9270 0.8726 0.8486
199 0.9385 0.4831 0.9247 0.8733 0.8500
