epoch train_iou train_loss train_mAP val_iou val_mAP
0 0.6036 0.2959 0.5327 0.6906 0.6268
1 0.7066 0.2808 0.6506 0.7226 0.6691
2 0.7361 0.2964 0.6850 0.7557 0.7028
3 0.7788 0.3024 0.7328 0.7775 0.7300
4 0.7966 0.3104 0.7516 0.7913 0.7452
5 0.8151 0.3097 0.7718 0.7990 0.7523
6 0.8072 0.3661 0.7626 0.7977 0.7541
7 0.8103 0.4011 0.7703 0.8037 0.7627
8 0.7980 0.4641 0.7526 0.7894 0.7521
9 0.8017 0.5007 0.7593 0.8104 0.7647
10 0.8094 0.5292 0.7664 0.7952 0.7416
11 0.8225 0.5181 0.7834 0.8212 0.7797
12 0.8377 0.4966 0.7984 0.8259 0.7830
13 0.8493 0.4786 0.8117 0.8304 0.7911
14 0.8602 0.4547 0.8234 0.8371 0.8006
15 0.8649 0.4561 0.8285 0.8399 0.8013
16 0.8621 0.4961 0.8245 0.8450 0.8073
17 0.8642 0.5338 0.8278 0.8447 0.8076
18 0.8573 0.5912 0.8190 0.8239 0.7917
19 0.8448 0.6650 0.8068 0.8416 0.8048
20 0.8343 0.7400 0.7944 0.8263 0.7883
21 0.8488 0.7086 0.8094 0.8283 0.7938
22 0.8564 0.6543 0.8208 0.8310 0.7975
23 0.8725 0.6156 0.8365 0.8478 0.8117
24 0.8806 0.5683 0.8458 0.8555 0.8160
25 0.8820 0.5739 0.8483 0.8581 0.8236
26 0.8806 0.6101 0.8464 0.8502 0.8174
27 0.8841 0.6284 0.8493 0.8585 0.8282
28 0.8797 0.6792 0.8447 0.8505 0.8143
29 0.8668 0.7701 0.8304 0.8137 0.7704
30 0.8593 0.8718 0.8224 0.8329 0.7870
31 0.8602 0.8570 0.8225 0.8505 0.8181
32 0.8722 0.7900 0.8377 0.8493 0.8080
33 0.8863 0.7338 0.8517 0.8497 0.8154
34 0.8974 0.6551 0.8629 0.8575 0.8266
35 0.9003 0.6491 0.8683 0.8612 0.8310
36 0.8980 0.6826 0.8651 0.8553 0.8224
37 0.8950 0.7214 0.8629 0.8587 0.8244
38 0.8878 0.7862 0.8533 0.8552 0.8189
39 0.8832 0.8702 0.8494 0.8625 0.8284
40 0.8776 0.9518 0.8403 0.8254 0.7866
41 0.8755 0.9552 0.8386 0.8533 0.8199
42 0.8892 0.8459 0.8560 0.8622 0.8263
43 0.8958 0.7992 0.8643 0.8583 0.8249
44 0.9013 0.7549 0.8682 0.8604 0.8270
45 0.9107 0.6999 0.8786 0.8604 0.8270
46 0.9034 0.7655 0.8721 0.8619 0.8285
47 0.8974 0.8613 0.8640 0.8595 0.8298
48 0.9011 0.8428 0.8677 0.8475 0.8148
49 0.8943 0.9175 0.8591 0.8433 0.8113
50 0.8888 1.0061 0.8548 0.8516 0.8174
51 0.8889 1.0058 0.8541 0.8589 0.8248
52 0.8947 0.9403 0.8624 0.8621 0.8330
53 0.9034 0.8054 0.8703 0.8678 0.8369
54 0.9107 0.7621 0.8796 0.8589 0.8301
55 0.9151 0.7119 0.8847 0.8645 0.8349
56 0.9123 0.7080 0.8789 0.8669 0.8341
57 0.9073 0.7716 0.8783 0.8610 0.8325
58 0.9032 0.8502 0.8713 0.8668 0.8319
59 0.9014 0.8638 0.8698 0.8522 0.8163
60 0.8932 0.9653 0.8582 0.8528 0.8143
61 0.8943 0.9453 0.8608 0.8627 0.8303
62 0.9026 0.8439 0.8700 0.8634 0.8296
63 0.9058 0.8110 0.8761 0.8735 0.8435
64 0.9145 0.6968 0.8852 0.8671 0.8390
65 0.9163 0.6898 0.8868 0.8696 0.8411
66 0.9163 0.6849 0.8850 0.8752 0.8441
67 0.9134 0.7191 0.8822 0.8658 0.8357
68 0.9106 0.7495 0.8794 0.8654 0.8368
69 0.9080 0.8120 0.8786 0.8576 0.8231
70 0.9018 0.8614 0.8681 0.8600 0.8265
71 0.8981 0.8647 0.8628 0.8668 0.8351
72 0.9084 0.7839 0.8777 0.8593 0.8264
73 0.9156 0.7136 0.8863 0.8718 0.8440
74 0.9192 0.6665 0.8897 0.8753 0.8463
75 0.9182 0.6279 0.8883 0.8746 0.8456
76 0.9140 0.6720 0.8840 0.8732 0.8431
77 0.9200 0.6511 0.8896 0.8747 0.8433
78 0.9130 0.7353 0.8833 0.8584 0.8250
79 0.9080 0.7485 0.8773 0.8644 0.8337
80 0.8951 0.9211 0.8626 0.8564 0.8252
81 0.8996 0.8649 0.8663 0.8684 0.8337
82 0.9076 0.8019 0.8782 0.8616 0.8337
83 0.9161 0.6932 0.8846 0.8760 0.8469
84 0.9201 0.6447 0.8905 0.8736 0.8430
85 0.9214 0.6313 0.8929 0.8725 0.8425
86 0.9206 0.6282 0.8921 0.8733 0.8438
87 0.9203 0.6419 0.8904 0.8698 0.8403
88 0.9127 0.7280 0.8835 0.8659 0.8338
89 0.9089 0.7665 0.8783 0.8610 0.8276
90 0.9062 0.8256 0.8750 0.8722 0.8388
91 0.9040 0.8264 0.8714 0.8628 0.8296
92 0.9113 0.7063 0.8820 0.8683 0.8389
93 0.9155 0.6764 0.8872 0.8647 0.8349
94 0.9261 0.5817 0.8991 0.8701 0.8414
95 0.9213 0.6061 0.8925 0.8690 0.8407
96 0.9264 0.5761 0.9003 0.8650 0.8388
97 0.9228 0.6214 0.8926 0.8711 0.8406
98 0.9210 0.6222 0.8913 0.8779 0.8479
99 0.9132 0.7392 0.8819 0.8526 0.8216
100 0.9146 0.7065 0.8851 0.8636 0.8327
101 0.9170 0.6500 0.8885 0.8725 0.8438
102 0.9238 0.6109 0.8968 0.8765 0.8418
103 0.9271 0.5575 0.9000 0.8717 0.8420
104 0.9267 0.5688 0.9011 0.8758 0.8466
105 0.9284 0.5343 0.9011 0.8748 0.8461
106 0.9301 0.5275 0.9044 0.8771 0.8488
107 0.9287 0.5520 0.9013 0.8682 0.8398
108 0.9266 0.5778 0.8996 0.8764 0.8492
109 0.9209 0.5966 0.8938 0.8669 0.8359
110 0.9225 0.6248 0.8955 0.8709 0.8411
111 0.9238 0.6170 0.8977 0.8700 0.8423
112 0.9244 0.5833 0.8969 0.8701 0.8398
113 0.9271 0.5614 0.8999 0.8734 0.8444
114 0.9259 0.5538 0.9004 0.8708 0.8430
115 0.9330 0.5148 0.9079 0.8719 0.8437
116 0.9289 0.5186 0.9042 0.8738 0.8465
117 0.9305 0.5317 0.9042 0.8780 0.8485
118 0.9258 0.5660 0.8992 0.8654 0.8366
119 0.9273 0.5604 0.9012 0.8742 0.8447
120 0.9237 0.5917 0.8973 0.8685 0.8386
121 0.9288 0.5623 0.9016 0.8749 0.8442
122 0.9302 0.5185 0.9059 0.8838 0.8550
123 0.9336 0.4979 0.9089 0.8789 0.8493
124 0.9310 0.4963 0.9065 0.8834 0.8548
125 0.9324 0.4952 0.9081 0.8829 0.8547
126 0.9313 0.5016 0.9069 0.8810 0.8527
127 0.9291 0.5188 0.9044 0.8783 0.8502
128 0.9265 0.5331 0.9009 0.8716 0.8432
129 0.9272 0.5583 0.9012 0.8792 0.8487
130 0.9265 0.5771 0.8987 0.8796 0.8484
131 0.9268 0.5325 0.9006 0.8791 0.8507
132 0.9318 0.5256 0.9069 0.8778 0.8481
133 0.9337 0.4931 0.9098 0.8747 0.8454
134 0.9330 0.4888 0.9103 0.8779 0.8499
135 0.9306 0.4976 0.9064 0.8805 0.8520
136 0.9341 0.4767 0.9109 0.8802 0.8513
137 0.9350 0.4671 0.9118 0.8719 0.8453
138 0.9328 0.4864 0.9085 0.8728 0.8441
139 0.9300 0.5310 0.9056 0.8771 0.8482
140 0.9262 0.5467 0.9002 0.8704 0.8431
141 0.9285 0.5461 0.9049 0.8686 0.8418
142 0.9259 0.5297 0.8985 0.8780 0.8504
143 0.9349 0.4757 0.9109 0.8747 0.8466
144 0.9325 0.4616 0.9094 0.8768 0.8472
145 0.9357 0.4700 0.9132 0.8766 0.8465
146 0.9374 0.4480 0.9139 0.8778 0.8499
147 0.9358 0.4781 0.9133 0.8787 0.8510
148 0.9290 0.4992 0.9053 0.8765 0.8473
149 0.9334 0.4966 0.9091 0.8743 0.8440
150 0.9276 0.5339 0.9033 0.8759 0.8454
151 0.9291 0.5374 0.9054 0.8654 0.8374
152 0.9304 0.5168 0.9057 0.8657 0.8345
153 0.9367 0.4523 0.9125 0.8704 0.8406
154 0.9315 0.4764 0.9079 0.8774 0.8487
155 0.9345 0.4560 0.9117 0.8755 0.8486
156 0.9346 0.4555 0.9126 0.8728 0.8453
157 0.9346 0.4604 0.9102 0.8749 0.8478
158 0.9340 0.4735 0.9118 0.8756 0.8466
159 0.9339 0.4841 0.9094 0.8706 0.8408
160 0.9385 0.4497 0.9165 0.8723 0.8436
161 0.9361 0.4524 0.9139 0.8751 0.8477
162 0.9367 0.4502 0.9139 0.8790 0.8498
163 0.9347 0.4472 0.9120 0.8777 0.8500
164 0.9340 0.4425 0.9112 0.8798 0.8512
165 0.9388 0.4344 0.9173 0.8800 0.8516
166 0.9365 0.4386 0.9129 0.8812 0.8520
167 0.9368 0.4482 0.9152 0.8813 0.8524
168 0.9350 0.4393 0.9128 0.8815 0.8536
169 0.9401 0.4139 0.9184 0.8768 0.8493
170 0.9377 0.4230 0.9151 0.8787 0.8517
171 0.9363 0.4269 0.9150 0.8786 0.8505
172 0.9372 0.4322 0.9159 0.8839 0.8562
173 0.9378 0.4180 0.9144 0.8759 0.8486
174 0.9382 0.4034 0.9170 0.8780 0.8508
175 0.9369 0.4383 0.9134 0.8801 0.8526
176 0.9371 0.4291 0.9152 0.8813 0.8537
177 0.9363 0.4227 0.9152 0.8794 0.8509
178 0.9370 0.4302 0.9140 0.8795 0.8518
179 0.9372 0.4165 0.9154 0.8795 0.8528
180 0.9398 0.4003 0.9166 0.8807 0.8530
181 0.9356 0.4293 0.9133 0.8782 0.8511
182 0.9417 0.3882 0.9205 0.8807 0.8530
183 0.9367 0.4172 0.9163 0.8796 0.8523
184 0.9381 0.4058 0.9181 0.8770 0.8491
185 0.9342 0.4400 0.9123 0.8802 0.8533
186 0.9370 0.4155 0.9150 0.8795 0.8525
187 0.9394 0.3979 0.9174 0.8795 0.8519
188 0.9365 0.4147 0.9149 0.8811 0.8542
189 0.9390 0.4033 0.9170 0.8808 0.8532
190 0.9364 0.4165 0.9142 0.8828 0.8546
191 0.9384 0.4009 0.9178 0.8791 0.8523
192 0.9416 0.4008 0.9208 0.8794 0.8508
193 0.9374 0.3940 0.9141 0.8797 0.8531
194 0.9401 0.3820 0.9196 0.8781 0.8510
195 0.9374 0.4021 0.9161 0.8790 0.8524
196 0.9411 0.3982 0.9203 0.8807 0.8546
197 0.9397 0.3905 0.9191 0.8791 0.8527
198 0.9396 0.4109 0.9191 0.8816 0.8547
199 0.9362 0.4132 0.9142 0.8814 0.8547
