epoch train_iou train_loss train_mAP val_iou val_mAP
0 0.5632 0.1638 0.4919 0.6905 0.6304
1 0.6634 0.1672 0.6044 0.7317 0.6771
2 0.7157 0.1726 0.6628 0.7451 0.6895
3 0.7388 0.1828 0.6898 0.7620 0.7168
4 0.7714 0.1877 0.7273 0.7769 0.7278
5 0.7930 0.1948 0.7530 0.7922 0.7507
6 0.7890 0.2193 0.7483 0.7772 0.7310
7 0.7767 0.2493 0.7314 0.8022 0.7556
8 0.7798 0.2751 0.7377 0.7842 0.7489
9 0.7730 0.3105 0.7248 0.7883 0.7502
10 0.7515 0.3607 0.7055 0.7963 0.7500
11 0.7930 0.3230 0.7510 0.7931 0.7544
12 0.8060 0.3297 0.7657 0.8068 0.7734
13 0.8236 0.3074 0.7876 0.8182 0.7811
14 0.8306 0.3043 0.7948 0.8360 0.7999
15 0.8387 0.3058 0.8007 0.8323 0.7970
16 0.8400 0.3230 0.8048 0.8216 0.7918
17 0.8361 0.3431 0.8022 0.8251 0.7905
18 0.8215 0.4050 0.7857 0.8040 0.7619
19 0.8145 0.4310 0.7765 0.8087 0.7765
20 0.8140 0.4588 0.7768 0.8130 0.7692
21 0.8244 0.4510 0.7886 0.8252 0.7919
22 0.8315 0.4436 0.7951 0.8206 0.7905
23 0.8404 0.4266 0.8057 0.8291 0.7859
24 0.8548 0.4091 0.8227 0.8410 0.8066
25 0.8700 0.3815 0.8389 0.8436 0.8095
26 0.8630 0.3987 0.8294 0.8458 0.8106
27 0.8616 0.4293 0.8275 0.8372 0.8050
28 0.8562 0.4673 0.8246 0.8322 0.7999
29 0.8448 0.5148 0.8102 0.8321 0.7982
30 0.8255 0.5795 0.7878 0.8256 0.7915
31 0.8425 0.5495 0.8085 0.8366 0.7964
32 0.8520 0.5299 0.8177 0.8343 0.8081
33 0.8667 0.4730 0.8365 0.8424 0.8086
34 0.8743 0.4578 0.8439 0.8454 0.8159
35 0.8795 0.4526 0.8486 0.8485 0.8171
36 0.8822 0.4594 0.8509 0.8440 0.8110
37 0.8702 0.5134 0.8395 0.8487 0.8177
38 0.8594 0.5766 0.8253 0.8394 0.8100
39 0.8584 0.5885 0.8280 0.8445 0.8080
40 0.8475 0.6669 0.8119 0.8338 0.7970
41 0.8565 0.6030 0.8259 0.8394 0.8133
42 0.8705 0.5694 0.8378 0.8480 0.8168
43 0.8734 0.5736 0.8430 0.8516 0.8240
44 0.8832 0.5143 0.8524 0.8477 0.8177
45 0.8925 0.4955 0.8644 0.8500 0.8207
46 0.8906 0.5139 0.8606 0.8523 0.8206
47 0.8899 0.5309 0.8593 0.8443 0.8147
48 0.8849 0.5709 0.8537 0.8420 0.8123
49 0.8726 0.6507 0.8427 0.8478 0.8189
50 0.8588 0.7395 0.8272 0.8438 0.8119
51 0.8623 0.7138 0.8275 0.8455 0.8081
52 0.8771 0.6393 0.8473 0.8447 0.8132
53 0.8875 0.5873 0.8586 0.8473 0.8166
54 0.8929 0.5727 0.8638 0.8544 0.8259
55 0.8977 0.5545 0.8664 0.8582 0.8282
56 0.8965 0.5618 0.8660 0.8594 0.8317
57 0.8969 0.5786 0.8683 0.8477 0.8171
58 0.8925 0.6254 0.8638 0.8518 0.8239
59 0.8788 0.7246 0.8472 0.8415 0.8155
60 0.8695 0.7907 0.8371 0.8344 0.8084
61 0.8791 0.7319 0.8506 0.8358 0.8040
62 0.8828 0.7127 0.8524 0.8509 0.8231
63 0.8914 0.6552 0.8621 0.8565 0.8292
64 0.9041 0.5858 0.8776 0.8602 0.8310
65 0.9056 0.5919 0.8767 0.8575 0.8299
66 0.9024 0.6070 0.8752 0.8612 0.8331
67 0.8962 0.6543 0.8681 0.8559 0.8268
68 0.8979 0.6810 0.8686 0.8485 0.8220
69 0.8853 0.7682 0.8531 0.8454 0.8204
70 0.8729 0.8787 0.8402 0.8419 0.8156
71 0.8822 0.8455 0.8533 0.8558 0.8240
72 0.8913 0.7378 0.8634 0.8574 0.8306
73 0.8993 0.6984 0.8700 0.8543 0.8276
74 0.9078 0.6441 0.8803 0.8547 0.8299
75 0.9100 0.6398 0.8825 0.8543 0.8290
76 0.9081 0.6410 0.8823 0.8644 0.8366
77 0.9063 0.6716 0.8815 0.8582 0.8335
78 0.8945 0.7738 0.8668 0.8567 0.8276
79 0.8867 0.8512 0.8566 0.8629 0.8330
80 0.8856 0.8773 0.8565 0.7893 0.7482
81 0.8825 0.9115 0.8532 0.8556 0.8300
82 0.8927 0.8192 0.8616 0.8514 0.8200
83 0.9037 0.7389 0.8751 0.8570 0.8291
84 0.9052 0.7357 0.8797 0.8584 0.8326
85 0.9067 0.6936 0.8807 0.8569 0.8308
86 0.9127 0.6808 0.8884 0.8611 0.8354
87 0.9111 0.7221 0.8840 0.8576 0.8324
88 0.8992 0.8192 0.8708 0.8634 0.8370
89 0.8965 0.8509 0.8682 0.8509 0.8231
90 0.8888 0.9321 0.8602 0.8486 0.8150
91 0.8931 0.9035 0.8656 0.8535 0.8270
92 0.9012 0.8228 0.8750 0.8537 0.8294
93 0.9088 0.7809 0.8827 0.8587 0.8306
94 0.9077 0.7842 0.8820 0.8631 0.8349
95 0.9118 0.7535 0.8870 0.8638 0.8366
96 0.9154 0.7130 0.8916 0.8628 0.8376
97 0.9127 0.7622 0.8864 0.8570 0.8330
98 0.9023 0.8365 0.8754 0.8558 0.8321
99 0.8953 0.9570 0.8672 0.8497 0.8180
100 0.9061 0.8506 0.8822 0.8632 0.8365
101 0.9080 0.7875 0.8833 0.8668 0.8411
102 0.9160 0.7351 0.8924 0.8612 0.8359
103 0.9131 0.7415 0.8879 0.8634 0.8359
104 0.9160 0.7134 0.8910 0.8650 0.8400
105 0.9240 0.6681 0.8989 0.8661 0.8403
106 0.9192 0.7074 0.8947 0.8632 0.8377
107 0.9184 0.6957 0.8938 0.8677 0.8424
108 0.9237 0.6870 0.8994 0.8573 0.8289
109 0.9106 0.7602 0.8856 0.8611 0.8310
110 0.9108 0.7777 0.8856 0.8579 0.8266
111 0.9071 0.7953 0.8825 0.8533 0.8269
112 0.9218 0.6946 0.8975 0.8607 0.8345
113 0.9252 0.6604 0.9019 0.8570 0.8321
114 0.9242 0.6607 0.9002 0.8655 0.8404
115 0.9209 0.6719 0.8960 0.8665 0.8405
116 0.9263 0.6476 0.9045 0.8639 0.8395
117 0.9254 0.6549 0.9031 0.8680 0.8427
118 0.9211 0.6878 0.8984 0.8619 0.8386
119 0.9178 0.7224 0.8929 0.8588 0.8320
120 0.9141 0.7553 0.8891 0.8547 0.8287
121 0.9207 0.7079 0.8965 0.8571 0.8294
122 0.9164 0.7182 0.8932 0.8582 0.8326
123 0.9190 0.6973 0.8950 0.8638 0.8362
124 0.9208 0.6892 0.8989 0.8608 0.8350
125 0.9279 0.6183 0.9055 0.8629 0.8371
126 0.9230 0.6690 0.8987 0.8594 0.8330
127 0.9288 0.6031 0.9070 0.8617 0.8351
128 0.9234 0.6671 0.9010 0.8639 0.8379
129 0.9187 0.7114 0.8954 0.8605 0.8344
130 0.9204 0.7095 0.8992 0.8626 0.8329
131 0.9220 0.7012 0.8985 0.8689 0.8428
132 0.9268 0.6224 0.9035 0.8650 0.8414
133 0.9283 0.6220 0.9052 0.8670 0.8410
134 0.9255 0.6326 0.9035 0.8662 0.8390
135 0.9272 0.5945 0.9061 0.8654 0.8390
136 0.9265 0.6293 0.9052 0.8655 0.8409
137 0.9319 0.6008 0.9118 0.8673 0.8435
138 0.9277 0.6370 0.9072 0.8718 0.8462
139 0.9235 0.6491 0.9029 0.8604 0.8366
140 0.9227 0.6522 0.9015 0.8629 0.8355
141 0.9155 0.7206 0.8944 0.8649 0.8357
142 0.9244 0.6548 0.9017 0.8671 0.8409
143 0.9274 0.6048 0.9053 0.8682 0.8401
144 0.9299 0.6060 0.9072 0.8677 0.8426
145 0.9297 0.5962 0.9094 0.8694 0.8431
146 0.9295 0.6034 0.9088 0.8656 0.8416
147 0.9331 0.5767 0.9144 0.8663 0.8421
148 0.9256 0.6474 0.9064 0.8650 0.8367
149 0.9272 0.6412 0.9055 0.8640 0.8397
150 0.9182 0.7142 0.8949 0.8639 0.8407
151 0.9236 0.6759 0.9018 0.8577 0.8350
152 0.9216 0.6939 0.9001 0.8666 0.8431
153 0.9270 0.6141 0.9059 0.8681 0.8436
154 0.9325 0.5643 0.9136 0.8673 0.8413
155 0.9310 0.5871 0.9114 0.8675 0.8425
156 0.9302 0.5810 0.9101 0.8728 0.8489
157 0.9305 0.5874 0.9126 0.8700 0.8469
158 0.9302 0.6049 0.9096 0.8613 0.8370
159 0.9226 0.6530 0.9021 0.8608 0.8342
160 0.9264 0.6272 0.9066 0.8650 0.8375
161 0.9311 0.5799 0.9115 0.8663 0.8387
162 0.9327 0.5765 0.9142 0.8636 0.8379
163 0.9287 0.5877 0.9080 0.8652 0.8403
164 0.9334 0.5609 0.9139 0.8699 0.8436
165 0.9318 0.5680 0.9121 0.8655 0.8395
166 0.9345 0.5580 0.9153 0.8692 0.8426
167 0.9348 0.5365 0.9147 0.8670 0.8415
168 0.9300 0.5622 0.9100 0.8681 0.8429
169 0.9331 0.5741 0.9136 0.8700 0.8453
170 0.9324 0.5616 0.9131 0.8677 0.8432
171 0.9376 0.5178 0.9200 0.8670 0.8408
172 0.9371 0.5263 0.9189 0.8688 0.8435
173 0.9325 0.5444 0.9116 0.8683 0.8449
174 0.9280 0.5677 0.9103 0.8694 0.8442
175 0.9336 0.5332 0.9147 0.8706 0.8466
176 0.9351 0.5393 0.9154 0.8696 0.8450
177 0.9359 0.5282 0.9204 0.8712 0.8469
178 0.9332 0.5322 0.9135 0.8699 0.8459
179 0.9334 0.5406 0.9153 0.8672 0.8432
180 0.9329 0.5482 0.9135 0.8692 0.8421
181 0.9339 0.5544 0.9166 0.8721 0.8462
182 0.9348 0.5484 0.9152 0.8660 0.8410
183 0.9369 0.5257 0.9186 0.8700 0.8465
184 0.9343 0.5415 0.9162 0.8706 0.8441
185 0.9367 0.5064 0.9181 0.8688 0.8430
186 0.9379 0.5246 0.9209 0.8718 0.8462
187 0.9386 0.5205 0.9224 0.8684 0.8450
188 0.9377 0.5089 0.9205 0.8707 0.8469
189 0.9347 0.5344 0.9168 0.8736 0.8477
190 0.9334 0.5376 0.9155 0.8731 0.8484
191 0.9348 0.5502 0.9164 0.8693 0.8442
192 0.9323 0.5583 0.9127 0.8706 0.8460
193 0.9350 0.5357 0.9160 0.8702 0.8449
194 0.9337 0.5168 0.9162 0.8697 0.8439
195 0.9377 0.5103 0.9199 0.8699 0.8453
196 0.9317 0.5385 0.9128 0.8704 0.8453
197 0.9428 0.4971 0.9270 0.8695 0.8444
198 0.9354 0.5169 0.9177 0.8694 0.8432
199 0.9347 0.5425 0.9166 0.8719 0.8486
