epoch train_iou train_loss train_mAP val_iou val_mAP
0 0.6208 0.3034 0.5436 0.7074 0.6472
1 0.7230 0.2572 0.6681 0.7818 0.7399
2 0.7660 0.2623 0.7166 0.7880 0.7441
3 0.7786 0.3019 0.7320 0.8058 0.7667
4 0.8140 0.2960 0.7698 0.8056 0.7655
5 0.7992 0.3485 0.7571 0.8095 0.7753
6 0.8070 0.3753 0.7666 0.7992 0.7664
7 0.8297 0.3553 0.7880 0.8236 0.7867
8 0.8326 0.3852 0.7953 0.8315 0.7987
9 0.8335 0.4081 0.7973 0.8266 0.7924
10 0.8479 0.3953 0.8131 0.8192 0.7832
11 0.8436 0.4380 0.8060 0.8325 0.7961
12 0.8386 0.4838 0.8043 0.8293 0.7975
13 0.8409 0.5048 0.8058 0.8286 0.7994
14 0.8360 0.5649 0.7969 0.8346 0.8066
15 0.8427 0.5600 0.8117 0.8355 0.8057
16 0.8463 0.5607 0.8130 0.8435 0.8126
17 0.8461 0.5727 0.8136 0.8438 0.8115
18 0.8528 0.5965 0.8216 0.8499 0.8199
19 0.8605 0.5800 0.8292 0.8522 0.8231
20 0.8482 0.6630 0.8169 0.8437 0.8091
21 0.8622 0.6542 0.8315 0.8348 0.8062
22 0.8501 0.7068 0.8212 0.8446 0.8218
23 0.8641 0.6591 0.8364 0.8518 0.8229
24 0.8520 0.7601 0.8217 0.8501 0.8220
25 0.8683 0.7184 0.8384 0.8466 0.8235
26 0.8663 0.7075 0.8375 0.8545 0.8292
27 0.8701 0.7198 0.8392 0.8517 0.8265
28 0.8718 0.7492 0.8452 0.8471 0.8211
29 0.8793 0.7170 0.8518 0.8525 0.8287
30 0.8801 0.7549 0.8532 0.8582 0.8319
31 0.8745 0.7864 0.8463 0.8493 0.8259
32 0.8708 0.8166 0.8435 0.8512 0.8298
33 0.8822 0.7650 0.8559 0.8584 0.8354
34 0.8771 0.8244 0.8525 0.8567 0.8347
35 0.8856 0.8085 0.8584 0.8604 0.8379
36 0.8834 0.8390 0.8599 0.8655 0.8396
37 0.8818 0.8259 0.8554 0.8631 0.8424
38 0.8844 0.8612 0.8573 0.8656 0.8429
39 0.8879 0.8483 0.8626 0.8617 0.8396
40 0.8966 0.8065 0.8727 0.8601 0.8396
41 0.8930 0.8239 0.8703 0.8689 0.8430
42 0.8891 0.8670 0.8645 0.8676 0.8440
43 0.8976 0.8459 0.8737 0.8713 0.8501
44 0.8953 0.8554 0.8706 0.8700 0.8457
45 0.8899 0.9305 0.8646 0.8650 0.8444
46 0.9060 0.8251 0.8840 0.8777 0.8572
47 0.9004 0.8599 0.8744 0.8731 0.8519
48 0.9115 0.7976 0.8880 0.8737 0.8516
49 0.9055 0.8238 0.8840 0.8708 0.8499
50 0.8707 1.2657 0.8434 0.8376 0.8157
51 0.8569 1.4138 0.8246 0.8528 0.8252
52 0.8624 1.3166 0.8335 0.8410 0.8204
53 0.8702 1.2496 0.8401 0.8376 0.8145
54 0.8680 1.2423 0.8423 0.8515 0.8289
55 0.8679 1.2466 0.8371 0.8584 0.8330
56 0.8662 1.2666 0.8377 0.8656 0.8393
57 0.8787 1.1641 0.8517 0.8606 0.8407
58 0.8797 1.1548 0.8499 0.8581 0.8329
59 0.8739 1.1872 0.8481 0.8617 0.8376
60 0.8858 1.0922 0.8588 0.8571 0.8340
61 0.8848 1.0890 0.8580 0.8619 0.8389
62 0.8803 1.1147 0.8550 0.8546 0.8302
63 0.8859 1.0811 0.8607 0.8501 0.8299
64 0.8855 1.0743 0.8573 0.8560 0.8377
65 0.8954 1.0088 0.8715 0.8676 0.8479
66 0.8916 1.0189 0.8651 0.8630 0.8411
67 0.8955 1.0273 0.8718 0.8672 0.8487
68 0.8963 0.9820 0.8745 0.8687 0.8479
69 0.8924 0.9936 0.8713 0.8614 0.8411
70 0.8827 1.0654 0.8599 0.8607 0.8401
71 0.8940 0.9955 0.8694 0.8693 0.8470
72 0.8989 0.9675 0.8767 0.8683 0.8477
73 0.8944 1.0052 0.8726 0.8663 0.8459
74 0.8980 0.9476 0.8743 0.8579 0.8372
75 0.9037 0.9222 0.8810 0.8561 0.8363
76 0.9044 0.8882 0.8821 0.8697 0.8490
77 0.9059 0.8984 0.8852 0.8694 0.8496
78 0.9036 0.9126 0.8784 0.8722 0.8522
79 0.9092 0.8559 0.8866 0.8638 0.8456
80 0.9093 0.8614 0.8877 0.8760 0.8549
81 0.9099 0.8518 0.8892 0.8750 0.8555
82 0.9098 0.8223 0.8877 0.8648 0.8441
83 0.9081 0.8691 0.8880 0.8716 0.8536
84 0.9087 0.8427 0.8881 0.8731 0.8554
85 0.9079 0.8386 0.8863 0.8737 0.8547
86 0.9095 0.8306 0.8906 0.8715 0.8540
87 0.9199 0.7369 0.9013 0.8726 0.8528
88 0.9146 0.7874 0.8931 0.8717 0.8516
89 0.9195 0.7543 0.9003 0.8782 0.8590
90 0.9093 0.8002 0.8890 0.8767 0.8577
91 0.9186 0.7232 0.8988 0.8767 0.8565
92 0.9179 0.7310 0.8980 0.8764 0.8572
93 0.9190 0.7285 0.8999 0.8770 0.8575
94 0.9202 0.7132 0.9009 0.8755 0.8554
95 0.9199 0.7249 0.9021 0.8752 0.8575
96 0.9180 0.7376 0.8971 0.8770 0.8571
97 0.9256 0.6552 0.9083 0.8757 0.8572
98 0.9250 0.6628 0.9061 0.8808 0.8601
99 0.9297 0.6514 0.9141 0.8724 0.8544
100 0.9117 0.7761 0.8905 0.8819 0.8626
101 0.9199 0.7240 0.9007 0.8752 0.8557
102 0.9164 0.7734 0.8969 0.8796 0.8581
103 0.9135 0.8016 0.8933 0.8807 0.8577
104 0.9133 0.7987 0.8922 0.8717 0.8509
105 0.9088 0.8518 0.8898 0.8721 0.8502
106 0.9128 0.7974 0.8948 0.8681 0.8466
107 0.9144 0.7714 0.8957 0.8750 0.8542
108 0.9139 0.7910 0.8952 0.8714 0.8511
109 0.9147 0.8045 0.8937 0.8735 0.8509
110 0.9155 0.7782 0.8963 0.8830 0.8601
111 0.9146 0.7955 0.8950 0.8776 0.8512
112 0.9097 0.8042 0.8904 0.8677 0.8501
113 0.9174 0.7698 0.8949 0.8763 0.8540
114 0.9174 0.7643 0.8968 0.8712 0.8515
115 0.9219 0.7176 0.9043 0.8737 0.8560
116 0.9193 0.7263 0.9000 0.8738 0.8534
117 0.9168 0.7699 0.8976 0.8731 0.8531
118 0.9196 0.7361 0.9003 0.8707 0.8497
119 0.9183 0.7561 0.8967 0.8679 0.8490
120 0.9194 0.7186 0.8996 0.8746 0.8524
121 0.9238 0.6939 0.9040 0.8775 0.8529
122 0.9249 0.6779 0.9075 0.8805 0.8586
123 0.9216 0.7057 0.9028 0.8746 0.8561
124 0.9273 0.6477 0.9109 0.8739 0.8562
125 0.9236 0.6770 0.9028 0.8743 0.8536
126 0.9252 0.6747 0.9075 0.8816 0.8627
127 0.9204 0.7200 0.8997 0.8858 0.8660
128 0.9250 0.6866 0.9073 0.8798 0.8617
129 0.9265 0.6444 0.9094 0.8858 0.8654
130 0.9303 0.6374 0.9138 0.8785 0.8581
131 0.9338 0.6178 0.9175 0.8873 0.8661
132 0.9302 0.6240 0.9155 0.8768 0.8596
133 0.9290 0.6518 0.9114 0.8799 0.8585
134 0.9290 0.6357 0.9113 0.8768 0.8569
135 0.9346 0.5827 0.9173 0.8801 0.8620
136 0.9261 0.6555 0.9096 0.8779 0.8576
137 0.9329 0.6090 0.9156 0.8789 0.8601
138 0.9241 0.6564 0.9078 0.8787 0.8600
139 0.9302 0.6369 0.9130 0.8815 0.8617
140 0.9281 0.6153 0.9128 0.8839 0.8641
141 0.9379 0.5503 0.9230 0.8837 0.8651
142 0.9327 0.6150 0.9157 0.8812 0.8637
143 0.9334 0.5845 0.9182 0.8809 0.8615
144 0.9349 0.5689 0.9208 0.8810 0.8632
145 0.9329 0.6032 0.9187 0.8802 0.8612
146 0.9298 0.6018 0.9125 0.8810 0.8616
147 0.9387 0.5535 0.9237 0.8834 0.8637
148 0.9369 0.5585 0.9206 0.8817 0.8645
149 0.9352 0.5574 0.9198 0.8830 0.8652
150 0.9320 0.5981 0.9139 0.8776 0.8579
151 0.9290 0.6099 0.9152 0.8758 0.8571
152 0.9315 0.6191 0.9145 0.8767 0.8584
153 0.9257 0.6402 0.9110 0.8762 0.8564
154 0.9302 0.6084 0.9147 0.8802 0.8590
155 0.9351 0.5869 0.9186 0.8804 0.8585
156 0.9347 0.5787 0.9206 0.8851 0.8649
157 0.9247 0.6471 0.9089 0.8829 0.8625
158 0.9271 0.6139 0.9112 0.8770 0.8575
159 0.9290 0.6092 0.9126 0.8775 0.8594
160 0.9263 0.6367 0.9133 0.8797 0.8590
161 0.9335 0.5992 0.9198 0.8737 0.8542
162 0.9337 0.5836 0.9177 0.8718 0.8524
163 0.9299 0.6056 0.9139 0.8829 0.8637
164 0.9288 0.6174 0.9127 0.8813 0.8632
165 0.9294 0.6286 0.9097 0.8791 0.8601
166 0.9362 0.5805 0.9204 0.8821 0.8626
167 0.9331 0.5762 0.9201 0.8756 0.8576
168 0.9296 0.6025 0.9132 0.8787 0.8601
169 0.9365 0.5567 0.9225 0.8726 0.8561
170 0.9314 0.5753 0.9158 0.8845 0.8655
171 0.9341 0.5836 0.9176 0.8784 0.8592
172 0.9350 0.5700 0.9197 0.8808 0.8614
173 0.9368 0.5524 0.9234 0.8779 0.8597
174 0.9373 0.5505 0.9224 0.8799 0.8614
175 0.9326 0.5962 0.9178 0.8794 0.8604
176 0.9370 0.5379 0.9225 0.8806 0.8629
177 0.9381 0.5309 0.9262 0.8771 0.8589
178 0.9345 0.5513 0.9218 0.8810 0.8644
179 0.9393 0.5372 0.9263 0.8780 0.8601
180 0.9384 0.5237 0.9259 0.8782 0.8584
181 0.9400 0.5082 0.9241 0.8790 0.8599
182 0.9439 0.4892 0.9316 0.8795 0.8611
183 0.9375 0.5510 0.9246 0.8805 0.8606
184 0.9340 0.5705 0.9193 0.8832 0.8623
185 0.9415 0.5026 0.9276 0.8798 0.8627
186 0.9397 0.5157 0.9277 0.8822 0.8644
187 0.9407 0.5196 0.9265 0.8763 0.8584
188 0.9399 0.5094 0.9257 0.8811 0.8618
189 0.9335 0.5373 0.9183 0.8788 0.8605
190 0.9407 0.5293 0.9284 0.8775 0.8597
191 0.9371 0.5355 0.9213 0.8826 0.8640
192 0.9358 0.5537 0.9209 0.8784 0.8602
193 0.9413 0.5120 0.9269 0.8823 0.8644
194 0.9387 0.5205 0.9237 0.8801 0.8620
195 0.9400 0.5314 0.9255 0.8800 0.8625
196 0.9417 0.5056 0.9303 0.8808 0.8645
197 0.9386 0.5154 0.9254 0.8778 0.8612
198 0.9419 0.4909 0.9284 0.8781 0.8607
199 0.9404 0.5225 0.9266 0.8771 0.8611
