epoch train_iou train_loss train_mAP val_iou val_mAP
0 0.6221 0.3122 0.5527 0.6861 0.6189
1 0.7289 0.2600 0.6694 0.7500 0.7006
2 0.7513 0.2948 0.7010 0.7834 0.7435
3 0.7861 0.2975 0.7406 0.7538 0.7079
4 0.7869 0.3289 0.7413 0.7810 0.7349
5 0.8018 0.3495 0.7600 0.8148 0.7751
6 0.8054 0.3716 0.7655 0.8094 0.7682
7 0.8197 0.3869 0.7801 0.7991 0.7614
8 0.8133 0.4377 0.7765 0.8119 0.7785
9 0.8304 0.4227 0.7916 0.8168 0.7713
10 0.8331 0.4574 0.7967 0.8215 0.7865
11 0.8267 0.4952 0.7925 0.8270 0.7969
12 0.8382 0.5021 0.8057 0.8258 0.7880
13 0.8324 0.5356 0.7989 0.8331 0.7986
14 0.8427 0.5256 0.8115 0.8351 0.8029
15 0.8464 0.5478 0.8103 0.8443 0.8106
16 0.8422 0.5867 0.8096 0.8409 0.8098
17 0.8544 0.5817 0.8219 0.8440 0.8128
18 0.8455 0.6097 0.8164 0.8523 0.8264
19 0.8596 0.6050 0.8284 0.8464 0.8150
20 0.8553 0.6485 0.8244 0.8472 0.8166
21 0.8588 0.6620 0.8278 0.8341 0.7994
22 0.8567 0.6917 0.8288 0.8353 0.8024
23 0.8529 0.7303 0.8204 0.8430 0.8182
24 0.8648 0.6893 0.8353 0.8549 0.8229
25 0.8639 0.7143 0.8323 0.8473 0.8164
26 0.8671 0.7441 0.8393 0.8348 0.8089
27 0.8607 0.7904 0.8313 0.8618 0.8313
28 0.8586 0.8041 0.8289 0.8311 0.8036
29 0.8554 0.8484 0.8267 0.8533 0.8238
30 0.8763 0.7847 0.8479 0.8446 0.8147
31 0.8641 0.8557 0.8358 0.8592 0.8307
32 0.8735 0.8258 0.8428 0.8542 0.8245
33 0.8617 0.9268 0.8279 0.8598 0.8322
34 0.8767 0.8307 0.8511 0.8555 0.8282
35 0.8714 0.8804 0.8463 0.8583 0.8313
36 0.8773 0.8641 0.8497 0.8627 0.8349
37 0.8770 0.9004 0.8488 0.8584 0.8315
38 0.8853 0.8520 0.8589 0.8555 0.8296
39 0.8797 0.9179 0.8517 0.8470 0.8219
40 0.8871 0.8704 0.8643 0.8606 0.8305
41 0.8869 0.9027 0.8602 0.8667 0.8402
42 0.8888 0.8830 0.8628 0.8504 0.8199
43 0.8858 0.9351 0.8602 0.8675 0.8401
44 0.8928 0.8987 0.8677 0.8653 0.8394
45 0.8912 0.9269 0.8654 0.8613 0.8323
46 0.8978 0.8723 0.8754 0.8692 0.8411
47 0.8997 0.8968 0.8738 0.8697 0.8426
48 0.9035 0.8585 0.8820 0.8706 0.8445
49 0.9056 0.8664 0.8787 0.8630 0.8350
50 0.8646 1.3245 0.8326 0.8353 0.8057
51 0.8601 1.3356 0.8334 0.8424 0.8139
52 0.8605 1.3151 0.8286 0.8524 0.8260
53 0.8635 1.3272 0.8340 0.8576 0.8314
54 0.8623 1.3327 0.8338 0.8579 0.8275
55 0.8742 1.1915 0.8473 0.8620 0.8299
56 0.8696 1.2390 0.8429 0.8564 0.8353
57 0.8781 1.1746 0.8498 0.8433 0.8175
58 0.8784 1.1539 0.8512 0.8509 0.8288
59 0.8742 1.2040 0.8454 0.8572 0.8304
60 0.8861 1.1223 0.8608 0.8619 0.8370
61 0.8787 1.1426 0.8513 0.8621 0.8379
62 0.8864 1.0964 0.8614 0.8548 0.8298
63 0.8777 1.1280 0.8529 0.8569 0.8340
64 0.8926 1.0291 0.8671 0.8690 0.8394
65 0.8901 1.0322 0.8681 0.8704 0.8470
66 0.8934 1.0360 0.8713 0.8626 0.8367
67 0.8870 1.0916 0.8619 0.8621 0.8390
68 0.8874 1.0617 0.8639 0.8636 0.8330
69 0.8914 1.0420 0.8664 0.8697 0.8449
70 0.8905 1.0564 0.8655 0.8714 0.8472
71 0.8975 0.9662 0.8726 0.8545 0.8298
72 0.8976 0.9918 0.8726 0.8676 0.8394
73 0.8964 0.9865 0.8755 0.8728 0.8482
74 0.8952 0.9803 0.8698 0.8661 0.8369
75 0.8966 0.9724 0.8726 0.8693 0.8407
76 0.9088 0.8720 0.8875 0.8703 0.8457
77 0.9029 0.9354 0.8796 0.8719 0.8443
78 0.8964 0.9612 0.8715 0.8690 0.8439
79 0.9014 0.9093 0.8777 0.8794 0.8557
80 0.9104 0.8624 0.8872 0.8766 0.8494
81 0.9062 0.8826 0.8833 0.8749 0.8520
82 0.9063 0.8581 0.8855 0.8711 0.8476
83 0.9077 0.8755 0.8858 0.8743 0.8473
84 0.9109 0.8538 0.8881 0.8756 0.8494
85 0.9139 0.7979 0.8929 0.8818 0.8562
86 0.9096 0.8492 0.8867 0.8743 0.8491
87 0.9095 0.8329 0.8897 0.8762 0.8509
88 0.9119 0.8058 0.8907 0.8761 0.8527
89 0.9111 0.8084 0.8903 0.8742 0.8505
90 0.9132 0.7904 0.8902 0.8784 0.8530
91 0.9166 0.7635 0.8984 0.8759 0.8535
92 0.9177 0.7514 0.9001 0.8857 0.8585
93 0.9210 0.7087 0.9004 0.8832 0.8584
94 0.9157 0.7449 0.8962 0.8800 0.8534
95 0.9170 0.7503 0.8968 0.8878 0.8616
96 0.9169 0.7298 0.8958 0.8852 0.8606
97 0.9253 0.6809 0.9073 0.8859 0.8605
98 0.9197 0.6991 0.9008 0.8854 0.8619
99 0.9301 0.6535 0.9124 0.8801 0.8566
100 0.9134 0.8295 0.8929 0.8728 0.8467
101 0.9094 0.8318 0.8891 0.8673 0.8425
102 0.9066 0.8650 0.8832 0.8756 0.8529
103 0.9102 0.8299 0.8879 0.8784 0.8521
104 0.9110 0.8498 0.8902 0.8618 0.8322
105 0.9045 0.8621 0.8837 0.8769 0.8523
106 0.9074 0.8450 0.8860 0.8651 0.8434
107 0.9036 0.8655 0.8794 0.8744 0.8497
108 0.9086 0.8070 0.8882 0.8740 0.8501
109 0.9030 0.8627 0.8793 0.8784 0.8525
110 0.9122 0.8317 0.8908 0.8815 0.8535
111 0.9118 0.7897 0.8902 0.8763 0.8503
112 0.9124 0.8093 0.8888 0.8753 0.8504
113 0.9165 0.7809 0.8949 0.8781 0.8522
114 0.9189 0.7592 0.9011 0.8824 0.8570
115 0.9183 0.7373 0.8979 0.8742 0.8481
116 0.9159 0.8058 0.8951 0.8681 0.8454
117 0.9196 0.7409 0.9028 0.8727 0.8472
118 0.9114 0.7951 0.8908 0.8813 0.8556
119 0.9194 0.7246 0.9018 0.8731 0.8512
120 0.9174 0.7692 0.8963 0.8786 0.8531
121 0.9127 0.7871 0.8923 0.8841 0.8580
122 0.9137 0.7919 0.8944 0.8823 0.8595
123 0.9169 0.7451 0.8966 0.8836 0.8534
124 0.9255 0.6750 0.9080 0.8803 0.8545
125 0.9240 0.6940 0.9065 0.8798 0.8582
126 0.9211 0.6986 0.9014 0.8826 0.8561
127 0.9177 0.7636 0.8968 0.8876 0.8621
128 0.9279 0.6751 0.9102 0.8823 0.8584
129 0.9252 0.6906 0.9086 0.8837 0.8562
130 0.9229 0.6898 0.9037 0.8817 0.8581
131 0.9312 0.6246 0.9127 0.8828 0.8546
132 0.9257 0.6413 0.9071 0.8817 0.8564
133 0.9243 0.6702 0.9061 0.8797 0.8568
134 0.9208 0.6806 0.9014 0.8778 0.8555
135 0.9313 0.6284 0.9137 0.8817 0.8576
136 0.9313 0.6131 0.9128 0.8845 0.8591
137 0.9286 0.6441 0.9102 0.8797 0.8582
138 0.9310 0.6299 0.9138 0.8861 0.8607
139 0.9344 0.5762 0.9202 0.8798 0.8576
140 0.9275 0.6635 0.9113 0.8847 0.8607
141 0.9314 0.6162 0.9148 0.8809 0.8565
142 0.9308 0.6100 0.9140 0.8861 0.8605
143 0.9291 0.6250 0.9097 0.8839 0.8594
144 0.9387 0.5608 0.9218 0.8830 0.8599
145 0.9320 0.6177 0.9158 0.8847 0.8600
146 0.9327 0.5950 0.9138 0.8875 0.8637
147 0.9343 0.5682 0.9157 0.8899 0.8655
148 0.9306 0.6053 0.9130 0.8870 0.8620
149 0.9349 0.5678 0.9165 0.8862 0.8615
150 0.9278 0.6104 0.9107 0.8819 0.8555
151 0.9287 0.6349 0.9106 0.8809 0.8557
152 0.9273 0.6439 0.9084 0.8846 0.8587
153 0.9284 0.6490 0.9110 0.8879 0.8595
154 0.9205 0.6869 0.8997 0.8858 0.8568
155 0.9238 0.6864 0.9065 0.8824 0.8577
156 0.9278 0.6660 0.9118 0.8884 0.8632
157 0.9296 0.6377 0.9112 0.8801 0.8564
158 0.9230 0.6975 0.9051 0.8802 0.8589
159 0.9281 0.6302 0.9097 0.8803 0.8569
160 0.9304 0.6119 0.9135 0.8838 0.8583
161 0.9248 0.6558 0.9077 0.8829 0.8555
162 0.9282 0.6213 0.9101 0.8851 0.8599
163 0.9295 0.6305 0.9122 0.8829 0.8564
164 0.9289 0.6106 0.9118 0.8838 0.8604
165 0.9285 0.6346 0.9092 0.8868 0.8598
166 0.9287 0.6294 0.9122 0.8853 0.8606
167 0.9311 0.6177 0.9123 0.8804 0.8574
168 0.9286 0.6199 0.9133 0.8849 0.8597
169 0.9350 0.5713 0.9183 0.8809 0.8560
170 0.9316 0.5909 0.9163 0.8824 0.8568
171 0.9322 0.5925 0.9180 0.8846 0.8592
172 0.9358 0.5761 0.9196 0.8869 0.8606
173 0.9319 0.5923 0.9158 0.8827 0.8559
174 0.9335 0.5904 0.9179 0.8854 0.8592
175 0.9342 0.5981 0.9176 0.8844 0.8600
176 0.9316 0.5829 0.9150 0.8826 0.8594
177 0.9351 0.5717 0.9215 0.8819 0.8575
178 0.9357 0.5620 0.9196 0.8871 0.8620
179 0.9396 0.5188 0.9262 0.8813 0.8559
180 0.9395 0.5365 0.9259 0.8844 0.8595
181 0.9372 0.5557 0.9218 0.8869 0.8630
182 0.9368 0.5588 0.9194 0.8866 0.8607
183 0.9381 0.5504 0.9241 0.8881 0.8619
184 0.9355 0.5551 0.9204 0.8873 0.8618
185 0.9438 0.5008 0.9309 0.8854 0.8595
186 0.9377 0.5398 0.9232 0.8908 0.8645
187 0.9425 0.5076 0.9276 0.8880 0.8636
188 0.9422 0.5131 0.9266 0.8868 0.8641
189 0.9379 0.5336 0.9232 0.8873 0.8616
190 0.9350 0.5630 0.9217 0.8877 0.8630
191 0.9426 0.5079 0.9282 0.8861 0.8614
192 0.9424 0.5184 0.9280 0.8866 0.8641
193 0.9352 0.5484 0.9196 0.8884 0.8642
194 0.9396 0.5137 0.9242 0.8891 0.8646
195 0.9391 0.5377 0.9255 0.8879 0.8634
196 0.9381 0.5157 0.9240 0.8888 0.8654
197 0.9391 0.5230 0.9244 0.8865 0.8642
198 0.9432 0.4990 0.9302 0.8876 0.8636
199 0.9375 0.5464 0.9229 0.8861 0.8635
