epoch train_iou train_loss train_mAP val_iou val_mAP
0 0.6309 0.2969 0.5577 0.7291 0.6769
1 0.7365 0.2410 0.6797 0.7941 0.7564
2 0.7640 0.2596 0.7133 0.7948 0.7604
3 0.8004 0.2639 0.7546 0.8104 0.7784
4 0.8058 0.3003 0.7632 0.8314 0.7989
5 0.8220 0.3198 0.7810 0.8370 0.8076
6 0.8042 0.3618 0.7659 0.8207 0.7949
7 0.8228 0.3722 0.7862 0.8305 0.7987
8 0.8293 0.3919 0.7933 0.8475 0.8132
9 0.8380 0.3926 0.8039 0.8398 0.8129
10 0.8319 0.4378 0.7970 0.8421 0.8176
11 0.8369 0.4660 0.8021 0.8425 0.8091
12 0.8409 0.4738 0.8050 0.8492 0.8204
13 0.8468 0.4992 0.8138 0.8422 0.8177
14 0.8538 0.5023 0.8218 0.8540 0.8279
15 0.8601 0.5249 0.8282 0.8556 0.8307
16 0.8495 0.5636 0.8170 0.8565 0.8301
17 0.8569 0.5658 0.8259 0.8695 0.8396
18 0.8607 0.5793 0.8288 0.8508 0.8281
19 0.8547 0.6252 0.8232 0.8571 0.8350
20 0.8640 0.6005 0.8323 0.8606 0.8357
21 0.8589 0.6535 0.8273 0.8647 0.8356
22 0.8607 0.6629 0.8284 0.8552 0.8299
23 0.8644 0.6848 0.8322 0.8659 0.8399
24 0.8700 0.6708 0.8397 0.8641 0.8413
25 0.8717 0.6748 0.8426 0.8598 0.8346
26 0.8730 0.7073 0.8452 0.8659 0.8418
27 0.8755 0.6907 0.8460 0.8714 0.8449
28 0.8731 0.7231 0.8425 0.8734 0.8456
29 0.8772 0.7240 0.8480 0.8695 0.8431
30 0.8774 0.7321 0.8502 0.8540 0.8289
31 0.8810 0.7517 0.8562 0.8703 0.8484
32 0.8706 0.8257 0.8409 0.8718 0.8467
33 0.8807 0.7765 0.8531 0.8710 0.8449
34 0.8865 0.7648 0.8607 0.8680 0.8410
35 0.8865 0.8048 0.8613 0.8731 0.8504
36 0.8864 0.8070 0.8618 0.8704 0.8457
37 0.8869 0.8229 0.8609 0.8773 0.8530
38 0.8890 0.8166 0.8632 0.8723 0.8517
39 0.8954 0.7898 0.8703 0.8736 0.8504
40 0.8903 0.8408 0.8639 0.8766 0.8542
41 0.8977 0.8139 0.8702 0.8731 0.8486
42 0.9014 0.7988 0.8757 0.8674 0.8466
43 0.8978 0.8233 0.8747 0.8812 0.8595
44 0.9031 0.8259 0.8779 0.8812 0.8614
45 0.9077 0.7936 0.8857 0.8801 0.8591
46 0.9046 0.8313 0.8805 0.8780 0.8515
47 0.9059 0.8215 0.8821 0.8751 0.8530
48 0.9128 0.7904 0.8911 0.8771 0.8539
49 0.9067 0.8416 0.8892 0.8813 0.8570
50 0.8733 1.2348 0.8450 0.8691 0.8416
51 0.8588 1.3440 0.8276 0.8619 0.8386
52 0.8653 1.2807 0.8382 0.8514 0.8251
53 0.8667 1.2813 0.8378 0.8603 0.8346
54 0.8754 1.2121 0.8486 0.8725 0.8501
55 0.8722 1.2094 0.8424 0.8593 0.8345
56 0.8744 1.1819 0.8470 0.8625 0.8384
57 0.8808 1.1349 0.8557 0.8724 0.8482
58 0.8811 1.1626 0.8557 0.8691 0.8504
59 0.8849 1.0851 0.8589 0.8677 0.8436
60 0.8877 1.0760 0.8620 0.8744 0.8500
61 0.8821 1.1094 0.8554 0.8763 0.8506
62 0.8959 1.0121 0.8743 0.8742 0.8496
63 0.8890 1.0729 0.8622 0.8757 0.8550
64 0.8942 1.0266 0.8706 0.8684 0.8417
65 0.8979 0.9632 0.8730 0.8612 0.8362
66 0.8917 1.0239 0.8657 0.8788 0.8566
67 0.8993 0.9630 0.8768 0.8739 0.8508
68 0.8943 0.9759 0.8733 0.8706 0.8490
69 0.8921 1.0246 0.8692 0.8753 0.8527
70 0.8926 1.0013 0.8704 0.8820 0.8609
71 0.8917 1.0345 0.8681 0.8832 0.8605
72 0.8904 1.0122 0.8663 0.8702 0.8482
73 0.9032 0.9204 0.8815 0.8787 0.8584
74 0.9029 0.9025 0.8779 0.8749 0.8540
75 0.9002 0.9295 0.8781 0.8838 0.8594
76 0.8946 0.9816 0.8685 0.8846 0.8609
77 0.9039 0.9098 0.8795 0.8818 0.8611
78 0.9070 0.8791 0.8860 0.8813 0.8622
79 0.9139 0.8109 0.8935 0.8874 0.8651
80 0.9097 0.8583 0.8877 0.8801 0.8602
81 0.9118 0.8254 0.8903 0.8813 0.8611
82 0.9055 0.8859 0.8815 0.8812 0.8593
83 0.9066 0.8572 0.8815 0.8837 0.8582
84 0.9075 0.8415 0.8866 0.8740 0.8509
85 0.9104 0.8196 0.8916 0.8812 0.8611
86 0.9152 0.7583 0.8938 0.8799 0.8580
87 0.9188 0.7749 0.8976 0.8867 0.8661
88 0.9144 0.7969 0.8921 0.8874 0.8666
89 0.9163 0.7520 0.8988 0.8898 0.8682
90 0.9181 0.7372 0.8968 0.8876 0.8674
91 0.9215 0.7318 0.9033 0.8881 0.8672
92 0.9179 0.7571 0.8998 0.8895 0.8680
93 0.9214 0.7260 0.9034 0.8820 0.8604
94 0.9151 0.7391 0.8944 0.8880 0.8669
95 0.9185 0.7151 0.9016 0.8861 0.8655
96 0.9235 0.6925 0.9048 0.8877 0.8667
97 0.9317 0.6249 0.9136 0.8865 0.8659
98 0.9249 0.6734 0.9065 0.8887 0.8684
99 0.9262 0.6723 0.9070 0.8863 0.8665
100 0.9127 0.7879 0.8936 0.8738 0.8484
101 0.9126 0.7956 0.8923 0.8858 0.8629
102 0.9142 0.8097 0.8929 0.8877 0.8624
103 0.9087 0.8581 0.8882 0.8808 0.8594
104 0.9169 0.7815 0.8979 0.8846 0.8629
105 0.9169 0.7738 0.8963 0.8879 0.8637
106 0.9110 0.8316 0.8901 0.8835 0.8630
107 0.9182 0.7682 0.8992 0.8811 0.8610
108 0.9137 0.8084 0.8932 0.8849 0.8640
109 0.9118 0.8301 0.8914 0.8807 0.8589
110 0.9145 0.7761 0.8952 0.8904 0.8707
111 0.9187 0.7391 0.8997 0.8790 0.8596
112 0.9196 0.7333 0.8992 0.8855 0.8659
113 0.9146 0.7832 0.8942 0.8829 0.8631
114 0.9242 0.6854 0.9067 0.8852 0.8657
115 0.9170 0.7680 0.8987 0.8819 0.8625
116 0.9210 0.7571 0.9013 0.8836 0.8625
117 0.9174 0.7370 0.8977 0.8858 0.8652
118 0.9235 0.7300 0.9068 0.8847 0.8666
119 0.9236 0.7164 0.9052 0.8852 0.8617
120 0.9164 0.7493 0.8970 0.8782 0.8561
121 0.9281 0.6684 0.9110 0.8864 0.8664
122 0.9217 0.7067 0.9027 0.8806 0.8612
123 0.9241 0.7110 0.9051 0.8827 0.8627
124 0.9248 0.6789 0.9081 0.8810 0.8612
125 0.9207 0.7189 0.9030 0.8854 0.8651
126 0.9245 0.6925 0.9073 0.8878 0.8668
127 0.9266 0.6549 0.9071 0.8890 0.8679
128 0.9258 0.6761 0.9086 0.8827 0.8615
129 0.9315 0.6218 0.9167 0.8860 0.8674
130 0.9300 0.6063 0.9123 0.8876 0.8660
131 0.9287 0.6462 0.9098 0.8891 0.8672
132 0.9252 0.6542 0.9077 0.8868 0.8652
133 0.9351 0.5997 0.9186 0.8896 0.8690
134 0.9341 0.6091 0.9196 0.8905 0.8700
135 0.9353 0.5939 0.9209 0.8924 0.8712
136 0.9329 0.6054 0.9163 0.8905 0.8682
137 0.9353 0.5805 0.9208 0.8915 0.8693
138 0.9351 0.5786 0.9210 0.8936 0.8724
139 0.9303 0.6017 0.9147 0.8945 0.8727
140 0.9326 0.5958 0.9174 0.8931 0.8707
141 0.9331 0.5822 0.9186 0.8916 0.8701
142 0.9336 0.5830 0.9188 0.8933 0.8714
143 0.9284 0.6071 0.9132 0.8946 0.8739
144 0.9398 0.5338 0.9263 0.8901 0.8699
145 0.9352 0.5716 0.9212 0.8920 0.8729
146 0.9387 0.5385 0.9249 0.8917 0.8724
147 0.9370 0.5632 0.9230 0.8945 0.8740
148 0.9352 0.5677 0.9209 0.8920 0.8715
149 0.9351 0.5520 0.9246 0.8945 0.8727
150 0.9344 0.5892 0.9183 0.8871 0.8652
151 0.9324 0.5974 0.9169 0.8870 0.8656
152 0.9308 0.6098 0.9129 0.8915 0.8684
153 0.9238 0.6709 0.9079 0.8886 0.8686
154 0.9263 0.6425 0.9087 0.8893 0.8684
155 0.9302 0.6119 0.9141 0.8894 0.8676
156 0.9337 0.6118 0.9204 0.8907 0.8706
157 0.9296 0.6261 0.9149 0.8905 0.8699
158 0.9375 0.5635 0.9215 0.8871 0.8670
159 0.9308 0.6111 0.9155 0.8895 0.8687
160 0.9293 0.6079 0.9138 0.8857 0.8662
161 0.9340 0.6048 0.9184 0.8871 0.8651
162 0.9332 0.6190 0.9171 0.8931 0.8705
163 0.9327 0.5916 0.9170 0.8915 0.8699
164 0.9315 0.6096 0.9163 0.8942 0.8727
165 0.9361 0.5768 0.9204 0.8909 0.8702
166 0.9328 0.5860 0.9152 0.8888 0.8681
167 0.9366 0.5765 0.9202 0.8910 0.8709
168 0.9352 0.5690 0.9205 0.8926 0.8722
169 0.9322 0.6019 0.9155 0.8969 0.8771
170 0.9314 0.5960 0.9142 0.8918 0.8711
171 0.9363 0.5574 0.9237 0.8909 0.8719
172 0.9313 0.5928 0.9148 0.8896 0.8697
173 0.9381 0.5173 0.9259 0.8945 0.8751
174 0.9370 0.5717 0.9230 0.8925 0.8725
175 0.9377 0.5417 0.9250 0.8926 0.8740
176 0.9359 0.5832 0.9206 0.8909 0.8709
177 0.9392 0.5291 0.9259 0.8938 0.8746
178 0.9350 0.5664 0.9204 0.8906 0.8709
179 0.9308 0.5762 0.9151 0.8897 0.8694
180 0.9368 0.5533 0.9220 0.8874 0.8674
181 0.9374 0.5383 0.9230 0.8845 0.8648
182 0.9387 0.5426 0.9236 0.8933 0.8735
183 0.9369 0.5382 0.9245 0.8925 0.8726
184 0.9438 0.4878 0.9312 0.8910 0.8693
185 0.9371 0.5264 0.9222 0.8930 0.8720
186 0.9360 0.5401 0.9207 0.8917 0.8726
187 0.9359 0.5536 0.9211 0.8934 0.8725
188 0.9387 0.5426 0.9257 0.8886 0.8677
189 0.9418 0.5043 0.9301 0.8888 0.8671
190 0.9357 0.5490 0.9215 0.8910 0.8695
191 0.9446 0.4713 0.9331 0.8908 0.8697
192 0.9369 0.5400 0.9237 0.8957 0.8759
193 0.9398 0.5317 0.9267 0.8965 0.8752
194 0.9445 0.5045 0.9322 0.8923 0.8715
195 0.9435 0.4863 0.9315 0.8920 0.8714
196 0.9397 0.5200 0.9268 0.8974 0.8771
197 0.9421 0.4899 0.9303 0.8944 0.8740
198 0.9440 0.4842 0.9297 0.8949 0.8746
199 0.9420 0.4986 0.9313 0.8938 0.8741
