epoch train_iou train_loss train_mAP val_iou val_mAP
0 0.5552 0.1828 0.4826 0.6816 0.6259
1 0.6776 0.1716 0.6192 0.7201 0.6723
2 0.7308 0.1752 0.6790 0.7509 0.7141
3 0.7483 0.1857 0.7025 0.7821 0.7464
4 0.7789 0.1919 0.7374 0.7839 0.7470
5 0.7953 0.1948 0.7567 0.8032 0.7722
6 0.7983 0.2209 0.7585 0.8103 0.7745
7 0.7824 0.2548 0.7416 0.7692 0.7177
8 0.7782 0.2872 0.7357 0.7941 0.7523
9 0.7826 0.3156 0.7421 0.7928 0.7539
10 0.7640 0.3568 0.7206 0.7693 0.7374
11 0.7950 0.3380 0.7534 0.7885 0.7504
12 0.8049 0.3269 0.7699 0.8214 0.7866
13 0.8259 0.3143 0.7917 0.8354 0.8059
14 0.8373 0.3087 0.8018 0.8325 0.8029
15 0.8446 0.2967 0.8097 0.8512 0.8224
16 0.8439 0.3208 0.8090 0.8509 0.8206
17 0.8399 0.3482 0.8045 0.8424 0.8142
18 0.8263 0.3949 0.7904 0.8258 0.7959
19 0.8163 0.4503 0.7788 0.8150 0.7790
20 0.8102 0.4880 0.7733 0.8393 0.8092
21 0.8318 0.4411 0.7962 0.8404 0.8150
22 0.8425 0.4188 0.8082 0.8471 0.8191
23 0.8502 0.4070 0.8191 0.8606 0.8374
24 0.8603 0.3969 0.8270 0.8593 0.8375
25 0.8643 0.3827 0.8352 0.8600 0.8347
26 0.8647 0.4086 0.8333 0.8634 0.8364
27 0.8621 0.4228 0.8288 0.8562 0.8311
28 0.8473 0.4828 0.8169 0.8375 0.8137
29 0.8405 0.5234 0.8083 0.8473 0.8175
30 0.8320 0.5810 0.7968 0.8287 0.7995
31 0.8287 0.5728 0.7960 0.8403 0.8120
32 0.8511 0.5324 0.8207 0.8477 0.8226
33 0.8635 0.4874 0.8337 0.8627 0.8356
34 0.8676 0.4709 0.8369 0.8635 0.8374
35 0.8760 0.4595 0.8471 0.8669 0.8408
36 0.8767 0.4836 0.8471 0.8634 0.8394
37 0.8671 0.5186 0.8344 0.8634 0.8359
38 0.8577 0.5684 0.8247 0.8626 0.8353
39 0.8549 0.6016 0.8231 0.8463 0.8174
40 0.8412 0.6720 0.8094 0.8540 0.8219
41 0.8558 0.6452 0.8222 0.8584 0.8335
42 0.8725 0.5705 0.8433 0.8646 0.8435
43 0.8731 0.5538 0.8428 0.8694 0.8416
44 0.8814 0.5343 0.8541 0.8651 0.8388
45 0.8858 0.5173 0.8563 0.8662 0.8412
46 0.8836 0.5385 0.8536 0.8692 0.8430
47 0.8788 0.5764 0.8497 0.8728 0.8449
48 0.8682 0.6388 0.8364 0.8589 0.8320
49 0.8615 0.6919 0.8321 0.8612 0.8326
50 0.8531 0.7755 0.8201 0.8472 0.8139
51 0.8610 0.7384 0.8304 0.8557 0.8254
52 0.8722 0.6709 0.8414 0.8524 0.8294
53 0.8835 0.6153 0.8542 0.8654 0.8397
54 0.8868 0.6003 0.8595 0.8693 0.8450
55 0.8936 0.5728 0.8645 0.8696 0.8462
56 0.8938 0.5746 0.8652 0.8701 0.8464
57 0.8882 0.6291 0.8587 0.8647 0.8386
58 0.8797 0.6940 0.8481 0.8623 0.8400
59 0.8809 0.7188 0.8519 0.8596 0.8345
60 0.8553 0.8472 0.8222 0.8340 0.8080
61 0.8713 0.8081 0.8393 0.8580 0.8318
62 0.8757 0.7753 0.8453 0.8722 0.8450
63 0.8859 0.6798 0.8542 0.8590 0.8282
64 0.8959 0.6457 0.8652 0.8744 0.8493
65 0.8950 0.6507 0.8643 0.8776 0.8533
66 0.8980 0.6480 0.8703 0.8734 0.8478
67 0.8927 0.6888 0.8650 0.8669 0.8413
68 0.8877 0.7288 0.8593 0.8609 0.8349
69 0.8744 0.8268 0.8443 0.8607 0.8364
70 0.8585 0.9812 0.8275 0.8631 0.8362
71 0.8711 0.8622 0.8413 0.8606 0.8304
72 0.8837 0.7943 0.8541 0.8657 0.8410
73 0.8911 0.7359 0.8613 0.8738 0.8515
74 0.9002 0.6937 0.8716 0.8763 0.8526
75 0.8986 0.6878 0.8700 0.8733 0.8508
76 0.8939 0.7299 0.8655 0.8723 0.8477
77 0.9017 0.7069 0.8731 0.8753 0.8505
78 0.8909 0.8262 0.8620 0.8749 0.8507
79 0.8764 0.9140 0.8476 0.8718 0.8494
80 0.8778 0.9509 0.8487 0.8603 0.8326
81 0.8762 0.9560 0.8469 0.8717 0.8485
82 0.8857 0.8748 0.8582 0.8689 0.8440
83 0.8937 0.8186 0.8671 0.8763 0.8537
84 0.9045 0.7411 0.8776 0.8807 0.8596
85 0.8988 0.7724 0.8723 0.8775 0.8571
86 0.9027 0.7520 0.8746 0.8783 0.8559
87 0.8957 0.8073 0.8675 0.8727 0.8471
88 0.8889 0.9087 0.8588 0.8650 0.8426
89 0.8846 0.9514 0.8546 0.8777 0.8550
90 0.8732 1.0649 0.8431 0.8691 0.8431
91 0.8810 1.0331 0.8487 0.8804 0.8553
92 0.8891 0.9318 0.8606 0.8724 0.8490
93 0.8969 0.8519 0.8682 0.8797 0.8536
94 0.9007 0.8325 0.8724 0.8677 0.8435
95 0.9077 0.7643 0.8804 0.8719 0.8498
96 0.9113 0.7705 0.8834 0.8762 0.8547
97 0.9041 0.8354 0.8778 0.8697 0.8462
98 0.9009 0.8813 0.8730 0.8711 0.8443
99 0.8855 1.0614 0.8585 0.8646 0.8436
100 0.8943 0.9259 0.8652 0.8719 0.8487
101 0.9009 0.8783 0.8721 0.8707 0.8471
102 0.9013 0.8735 0.8742 0.8750 0.8524
103 0.9129 0.7783 0.8848 0.8833 0.8595
104 0.9069 0.8067 0.8789 0.8787 0.8557
105 0.9117 0.7756 0.8846 0.8798 0.8545
106 0.9084 0.8052 0.8797 0.8800 0.8550
107 0.9144 0.7612 0.8886 0.8752 0.8541
108 0.9086 0.7933 0.8802 0.8770 0.8531
109 0.9067 0.8042 0.8807 0.8778 0.8554
110 0.9031 0.8457 0.8780 0.8718 0.8477
111 0.9103 0.7965 0.8832 0.8801 0.8555
112 0.9099 0.7665 0.8834 0.8762 0.8566
113 0.9078 0.7810 0.8807 0.8782 0.8565
114 0.9137 0.7213 0.8877 0.8828 0.8581
115 0.9131 0.7075 0.8876 0.8830 0.8584
116 0.9155 0.7217 0.8880 0.8842 0.8605
117 0.9139 0.7370 0.8886 0.8795 0.8595
118 0.9146 0.7258 0.8897 0.8802 0.8583
119 0.9068 0.7883 0.8820 0.8787 0.8539
120 0.9027 0.8414 0.8755 0.8708 0.8495
121 0.9075 0.7841 0.8843 0.8748 0.8487
122 0.9045 0.8155 0.8797 0.8830 0.8632
123 0.9118 0.7686 0.8863 0.8832 0.8616
124 0.9132 0.7308 0.8884 0.8845 0.8644
125 0.9181 0.6908 0.8927 0.8815 0.8615
126 0.9123 0.7311 0.8878 0.8826 0.8622
127 0.9122 0.7356 0.8857 0.8811 0.8594
128 0.9061 0.7567 0.8813 0.8758 0.8560
129 0.9089 0.7687 0.8843 0.8740 0.8529
130 0.9073 0.7918 0.8813 0.8766 0.8515
131 0.9034 0.7940 0.8790 0.8728 0.8521
132 0.9102 0.7733 0.8833 0.8727 0.8495
133 0.9171 0.6915 0.8904 0.8725 0.8500
134 0.9173 0.6865 0.8926 0.8729 0.8511
135 0.9130 0.6996 0.8872 0.8753 0.8540
136 0.9201 0.6421 0.8956 0.8760 0.8549
137 0.9196 0.6648 0.8958 0.8759 0.8553
138 0.9137 0.7295 0.8891 0.8679 0.8436
139 0.9162 0.7292 0.8914 0.8713 0.8519
140 0.9110 0.7929 0.8839 0.8756 0.8540
141 0.9142 0.7538 0.8894 0.8799 0.8577
142 0.9191 0.7120 0.8949 0.8765 0.8543
143 0.9186 0.6913 0.8945 0.8751 0.8525
144 0.9217 0.6671 0.8974 0.8839 0.8625
145 0.9229 0.6533 0.8990 0.8759 0.8546
146 0.9221 0.6341 0.8981 0.8775 0.8558
147 0.9174 0.6860 0.8933 0.8788 0.8579
148 0.9228 0.6757 0.9013 0.8719 0.8485
149 0.9160 0.6921 0.8931 0.8813 0.8577
150 0.9120 0.7459 0.8870 0.8706 0.8485
151 0.9113 0.7572 0.8864 0.8742 0.8509
152 0.9092 0.7523 0.8852 0.8766 0.8535
153 0.9156 0.7177 0.8889 0.8802 0.8573
154 0.9166 0.6933 0.8916 0.8871 0.8671
155 0.9253 0.6228 0.9019 0.8862 0.8659
156 0.9237 0.6264 0.9016 0.8845 0.8631
157 0.9258 0.6558 0.9031 0.8795 0.8619
158 0.9197 0.6606 0.8971 0.8692 0.8474
159 0.9177 0.6888 0.8912 0.8809 0.8606
160 0.9196 0.6712 0.8955 0.8758 0.8553
161 0.9220 0.6452 0.8988 0.8752 0.8530
162 0.9189 0.6559 0.8952 0.8791 0.8580
163 0.9192 0.6497 0.8941 0.8798 0.8588
164 0.9237 0.6192 0.9000 0.8812 0.8605
165 0.9231 0.6201 0.9003 0.8805 0.8600
166 0.9253 0.6122 0.9017 0.8808 0.8613
167 0.9205 0.6440 0.8965 0.8831 0.8621
168 0.9226 0.6090 0.8997 0.8869 0.8664
169 0.9262 0.6095 0.9025 0.8820 0.8625
170 0.9273 0.5895 0.9059 0.8747 0.8531
171 0.9272 0.6014 0.9039 0.8806 0.8614
172 0.9258 0.6180 0.9027 0.8809 0.8591
173 0.9220 0.6112 0.8987 0.8849 0.8640
174 0.9284 0.5758 0.9071 0.8866 0.8659
175 0.9260 0.6004 0.9050 0.8879 0.8671
176 0.9210 0.6022 0.8991 0.8834 0.8624
177 0.9278 0.5899 0.9047 0.8820 0.8616
178 0.9282 0.5911 0.9064 0.8802 0.8613
179 0.9266 0.6222 0.9042 0.8803 0.8586
180 0.9248 0.6203 0.9022 0.8771 0.8548
181 0.9241 0.6138 0.9027 0.8815 0.8621
182 0.9295 0.5748 0.9078 0.8816 0.8609
183 0.9258 0.5910 0.9029 0.8816 0.8619
184 0.9232 0.5932 0.9010 0.8790 0.8583
185 0.9235 0.5974 0.8998 0.8803 0.8604
186 0.9225 0.6057 0.9015 0.8807 0.8606
187 0.9289 0.5684 0.9076 0.8789 0.8581
188 0.9245 0.5905 0.9026 0.8803 0.8616
189 0.9265 0.5945 0.9034 0.8782 0.8576
190 0.9272 0.5877 0.9062 0.8810 0.8591
191 0.9260 0.6024 0.9036 0.8839 0.8626
192 0.9261 0.5511 0.9035 0.8846 0.8646
193 0.9231 0.5891 0.9006 0.8840 0.8627
194 0.9263 0.5584 0.9047 0.8849 0.8645
195 0.9298 0.5581 0.9091 0.8847 0.8644
196 0.9297 0.5602 0.9088 0.8860 0.8639
197 0.9271 0.5674 0.9049 0.8807 0.8597
198 0.9289 0.5566 0.9065 0.8813 0.8613
199 0.9288 0.5532 0.9073 0.8804 0.8611
