epoch train_iou train_loss train_mAP val_iou val_mAP
0 0.5766 0.1589 0.5007 0.6288 0.5622
1 0.6975 0.1507 0.6438 0.7443 0.6914
2 0.7397 0.1561 0.6857 0.7643 0.7139
3 0.7825 0.1571 0.7394 0.7707 0.7215
4 0.8082 0.1540 0.7678 0.8070 0.7663
5 0.8248 0.1595 0.7877 0.8157 0.7754
6 0.8188 0.1927 0.7809 0.8155 0.7746
7 0.8163 0.2188 0.7760 0.7879 0.7392
8 0.7857 0.2709 0.7405 0.7908 0.7426
9 0.8104 0.2710 0.7703 0.8127 0.7664
10 0.8147 0.3008 0.7747 0.7961 0.7514
11 0.8174 0.2864 0.7790 0.8017 0.7720
12 0.8340 0.2886 0.8018 0.8277 0.7954
13 0.8436 0.2810 0.8133 0.8353 0.8031
14 0.8630 0.2526 0.8305 0.8443 0.8119
15 0.8737 0.2576 0.8434 0.8460 0.8141
16 0.8688 0.2634 0.8371 0.8474 0.8151
17 0.8581 0.3113 0.8283 0.8465 0.8160
18 0.8469 0.3513 0.8111 0.8419 0.8117
19 0.8465 0.3633 0.8138 0.8446 0.8085
20 0.8468 0.3845 0.8157 0.8299 0.7961
21 0.8377 0.4221 0.8012 0.8371 0.7993
22 0.8635 0.3538 0.8362 0.8519 0.8225
23 0.8841 0.3284 0.8566 0.8466 0.8131
24 0.8828 0.3279 0.8572 0.8502 0.8229
25 0.8860 0.3344 0.8612 0.8549 0.8251
26 0.8924 0.3324 0.8655 0.8610 0.8340
27 0.8786 0.3886 0.8494 0.8430 0.8041
28 0.8717 0.4125 0.8448 0.8451 0.8120
29 0.8709 0.4307 0.8420 0.8483 0.8210
30 0.8631 0.4895 0.8338 0.8379 0.8112
31 0.8626 0.4980 0.8373 0.8313 0.8021
32 0.8775 0.4534 0.8518 0.8520 0.8255
33 0.8816 0.4366 0.8533 0.8537 0.8296
34 0.8975 0.3736 0.8715 0.8554 0.8263
35 0.8945 0.3955 0.8683 0.8610 0.8329
36 0.8997 0.3939 0.8751 0.8608 0.8350
37 0.8967 0.4212 0.8709 0.8638 0.8384
38 0.8953 0.4529 0.8721 0.8500 0.8235
39 0.8765 0.5350 0.8493 0.8477 0.8186
40 0.8756 0.5610 0.8486 0.8359 0.8104
41 0.8713 0.5619 0.8438 0.8486 0.8229
42 0.8886 0.5016 0.8617 0.8542 0.8236
43 0.8936 0.4860 0.8689 0.8538 0.8282
44 0.9072 0.4390 0.8852 0.8594 0.8339
45 0.9049 0.4273 0.8825 0.8594 0.8345
46 0.9035 0.4709 0.8795 0.8660 0.8416
47 0.9059 0.4577 0.8821 0.8656 0.8394
48 0.8996 0.5033 0.8752 0.8659 0.8348
49 0.8874 0.5776 0.8612 0.8564 0.8321
50 0.8880 0.6007 0.8633 0.8418 0.8174
51 0.8873 0.5925 0.8636 0.8532 0.8245
52 0.8906 0.5990 0.8665 0.8570 0.8329
53 0.9003 0.5437 0.8778 0.8647 0.8430
54 0.9078 0.4929 0.8832 0.8725 0.8455
55 0.9193 0.4538 0.8971 0.8704 0.8454
56 0.9124 0.4861 0.8928 0.8676 0.8440
57 0.9125 0.5068 0.8912 0.8703 0.8437
58 0.9031 0.5506 0.8789 0.8594 0.8320
59 0.9007 0.6096 0.8785 0.8600 0.8307
60 0.8843 0.7103 0.8576 0.8427 0.8230
61 0.8880 0.7045 0.8620 0.8619 0.8342
62 0.8959 0.6522 0.8712 0.8585 0.8385
63 0.9019 0.6309 0.8795 0.8637 0.8427
64 0.9167 0.5397 0.8968 0.8707 0.8495
65 0.9204 0.5108 0.9019 0.8723 0.8510
66 0.9187 0.5509 0.8953 0.8694 0.8468
67 0.9074 0.6028 0.8825 0.8682 0.8422
68 0.9081 0.6144 0.8853 0.8624 0.8365
69 0.9030 0.6722 0.8815 0.8577 0.8351
70 0.8952 0.7649 0.8686 0.8395 0.8094
71 0.8916 0.7791 0.8689 0.8589 0.8345
72 0.9082 0.6643 0.8854 0.8684 0.8445
73 0.9116 0.6366 0.8899 0.8704 0.8451
74 0.9228 0.5598 0.9039 0.8760 0.8494
75 0.9150 0.6079 0.8919 0.8732 0.8476
76 0.9225 0.5627 0.9025 0.8692 0.8475
77 0.9121 0.6470 0.8905 0.8664 0.8411
78 0.9107 0.6686 0.8887 0.8668 0.8377
79 0.8923 0.8238 0.8666 0.8631 0.8320
80 0.8997 0.7853 0.8768 0.8573 0.8335
81 0.9066 0.7464 0.8851 0.8676 0.8364
82 0.9091 0.7252 0.8875 0.8715 0.8471
83 0.9167 0.6474 0.8956 0.8744 0.8496
84 0.9139 0.6755 0.8918 0.8757 0.8499
85 0.9236 0.6197 0.9032 0.8750 0.8494
86 0.9202 0.6345 0.8993 0.8802 0.8543
87 0.9246 0.6332 0.9029 0.8701 0.8440
88 0.9137 0.7445 0.8927 0.8631 0.8413
89 0.9160 0.7554 0.8949 0.8581 0.8326
90 0.9002 0.8807 0.8762 0.8628 0.8394
91 0.9095 0.8165 0.8873 0.8691 0.8402
92 0.9124 0.7741 0.8925 0.8672 0.8394
93 0.9136 0.7520 0.8909 0.8765 0.8496
94 0.9234 0.6704 0.9022 0.8712 0.8440
95 0.9311 0.6337 0.9132 0.8752 0.8485
96 0.9194 0.7076 0.8990 0.8752 0.8469
97 0.9257 0.6860 0.9044 0.8723 0.8472
98 0.9229 0.7159 0.9020 0.8632 0.8390
99 0.9118 0.8644 0.8893 0.8617 0.8376
100 0.9089 0.8509 0.8898 0.8692 0.8424
101 0.9240 0.7228 0.9064 0.8686 0.8459
102 0.9221 0.7091 0.9025 0.8771 0.8524
103 0.9301 0.6212 0.9129 0.8777 0.8543
104 0.9322 0.6297 0.9144 0.8802 0.8559
105 0.9343 0.6289 0.9158 0.8765 0.8531
106 0.9343 0.6186 0.9172 0.8837 0.8600
107 0.9287 0.6401 0.9078 0.8763 0.8530
108 0.9237 0.6794 0.9027 0.8710 0.8479
109 0.9298 0.6423 0.9125 0.8741 0.8497
110 0.9221 0.6986 0.9022 0.8716 0.8475
111 0.9285 0.6613 0.9089 0.8736 0.8508
112 0.9287 0.6404 0.9099 0.8716 0.8439
113 0.9272 0.6662 0.9092 0.8746 0.8496
114 0.9338 0.5848 0.9178 0.8746 0.8509
115 0.9334 0.6121 0.9147 0.8773 0.8529
116 0.9359 0.5785 0.9177 0.8754 0.8511
117 0.9324 0.6241 0.9156 0.8709 0.8495
118 0.9357 0.5851 0.9183 0.8751 0.8507
119 0.9252 0.6795 0.9079 0.8715 0.8464
120 0.9223 0.7349 0.9024 0.8704 0.8464
121 0.9328 0.6261 0.9143 0.8694 0.8458
122 0.9298 0.6329 0.9106 0.8744 0.8499
123 0.9304 0.6188 0.9107 0.8767 0.8524
124 0.9298 0.6264 0.9100 0.8725 0.8470
125 0.9340 0.5768 0.9154 0.8743 0.8496
126 0.9303 0.6237 0.9121 0.8766 0.8520
127 0.9354 0.5462 0.9189 0.8727 0.8494
128 0.9293 0.6033 0.9091 0.8696 0.8451
129 0.9349 0.5901 0.9175 0.8781 0.8507
130 0.9287 0.6436 0.9099 0.8742 0.8487
131 0.9282 0.6441 0.9077 0.8738 0.8471
132 0.9397 0.5467 0.9257 0.8743 0.8517
133 0.9365 0.5708 0.9211 0.8726 0.8512
134 0.9426 0.5144 0.9266 0.8702 0.8491
135 0.9393 0.5397 0.9268 0.8749 0.8516
136 0.9355 0.5530 0.9170 0.8731 0.8479
137 0.9377 0.5519 0.9192 0.8729 0.8485
138 0.9358 0.5747 0.9188 0.8693 0.8436
139 0.9331 0.5795 0.9172 0.8697 0.8449
140 0.9261 0.6644 0.9084 0.8725 0.8497
141 0.9319 0.6418 0.9129 0.8711 0.8451
142 0.9377 0.5620 0.9219 0.8735 0.8462
143 0.9362 0.5806 0.9182 0.8748 0.8492
144 0.9432 0.5191 0.9293 0.8778 0.8532
145 0.9441 0.5236 0.9289 0.8799 0.8542
146 0.9366 0.5641 0.9195 0.8750 0.8518
147 0.9349 0.5718 0.9168 0.8773 0.8544
148 0.9373 0.5713 0.9208 0.8744 0.8525
149 0.9381 0.5746 0.9202 0.8711 0.8462
150 0.9312 0.6279 0.9130 0.8694 0.8444
151 0.9377 0.5841 0.9221 0.8688 0.8491
152 0.9332 0.5893 0.9167 0.8734 0.8514
153 0.9397 0.5309 0.9252 0.8778 0.8540
154 0.9365 0.5443 0.9203 0.8752 0.8521
155 0.9401 0.5228 0.9227 0.8747 0.8514
156 0.9431 0.5097 0.9274 0.8734 0.8494
157 0.9401 0.5242 0.9228 0.8782 0.8521
158 0.9364 0.5609 0.9200 0.8772 0.8514
159 0.9340 0.5928 0.9170 0.8781 0.8554
160 0.9421 0.5115 0.9260 0.8770 0.8517
161 0.9415 0.5213 0.9292 0.8819 0.8562
162 0.9372 0.5236 0.9207 0.8784 0.8526
163 0.9411 0.5341 0.9251 0.8816 0.8567
164 0.9427 0.4927 0.9288 0.8802 0.8554
165 0.9460 0.4702 0.9319 0.8798 0.8549
166 0.9435 0.4764 0.9301 0.8818 0.8567
167 0.9436 0.4986 0.9294 0.8794 0.8540
168 0.9431 0.4761 0.9279 0.8819 0.8559
169 0.9413 0.5325 0.9259 0.8809 0.8562
170 0.9440 0.4730 0.9312 0.8807 0.8555
171 0.9435 0.4692 0.9308 0.8800 0.8544
172 0.9438 0.5151 0.9267 0.8776 0.8531
173 0.9426 0.4899 0.9280 0.8790 0.8541
174 0.9478 0.4419 0.9342 0.8794 0.8526
175 0.9434 0.4859 0.9293 0.8776 0.8534
176 0.9459 0.4886 0.9317 0.8768 0.8506
177 0.9418 0.4812 0.9279 0.8772 0.8512
178 0.9478 0.4519 0.9358 0.8783 0.8532
179 0.9497 0.4330 0.9356 0.8744 0.8491
180 0.9459 0.4683 0.9306 0.8749 0.8496
181 0.9448 0.4778 0.9301 0.8730 0.8501
182 0.9408 0.4891 0.9259 0.8759 0.8493
183 0.9509 0.4236 0.9388 0.8776 0.8531
184 0.9412 0.5004 0.9269 0.8773 0.8529
185 0.9442 0.4622 0.9311 0.8791 0.8555
186 0.9382 0.5084 0.9225 0.8789 0.8539
187 0.9445 0.4892 0.9303 0.8824 0.8575
188 0.9461 0.4606 0.9337 0.8815 0.8564
189 0.9427 0.5011 0.9281 0.8825 0.8579
190 0.9417 0.4952 0.9271 0.8802 0.8555
191 0.9410 0.4997 0.9272 0.8773 0.8534
192 0.9428 0.4682 0.9292 0.8785 0.8544
193 0.9478 0.4561 0.9338 0.8781 0.8540
194 0.9435 0.4835 0.9293 0.8786 0.8546
195 0.9446 0.4663 0.9293 0.8796 0.8547
196 0.9454 0.4659 0.9327 0.8785 0.8530
197 0.9464 0.4559 0.9331 0.8803 0.8565
198 0.9473 0.4427 0.9343 0.8778 0.8536
199 0.9463 0.4752 0.9333 0.8732 0.8500
