epoch train_iou train_loss train_mAP val_iou val_mAP
0 0.5946 0.1753 0.5211 0.7185 0.6633
1 0.7086 0.1470 0.6523 0.7678 0.7218
2 0.7496 0.1595 0.6996 0.7826 0.7441
3 0.7842 0.1523 0.7388 0.7993 0.7590
4 0.8112 0.1548 0.7726 0.8145 0.7799
5 0.8195 0.1612 0.7817 0.8263 0.7922
6 0.8188 0.1821 0.7816 0.8239 0.7899
7 0.8058 0.2243 0.7656 0.7911 0.7564
8 0.8052 0.2464 0.7649 0.7849 0.7569
9 0.8016 0.2742 0.7606 0.8210 0.7849
10 0.8036 0.2922 0.7630 0.8039 0.7630
11 0.8192 0.2914 0.7829 0.8173 0.7895
12 0.8339 0.2884 0.8002 0.8203 0.7941
13 0.8399 0.2784 0.8079 0.8484 0.8190
14 0.8667 0.2471 0.8343 0.8486 0.8189
15 0.8784 0.2403 0.8482 0.8511 0.8220
16 0.8722 0.2572 0.8423 0.8580 0.8285
17 0.8668 0.2971 0.8352 0.8381 0.8129
18 0.8554 0.3211 0.8235 0.8445 0.8200
19 0.8433 0.3821 0.8112 0.8306 0.7944
20 0.8321 0.4152 0.7964 0.8203 0.7919
21 0.8490 0.3881 0.8173 0.8193 0.7920
22 0.8654 0.3499 0.8360 0.8550 0.8296
23 0.8792 0.3185 0.8509 0.8487 0.8251
24 0.8851 0.3086 0.8577 0.8460 0.8256
25 0.8923 0.2915 0.8651 0.8542 0.8299
26 0.8959 0.2902 0.8660 0.8570 0.8324
27 0.8872 0.3371 0.8589 0.8491 0.8229
28 0.8761 0.3842 0.8462 0.8419 0.8101
29 0.8674 0.4303 0.8345 0.8438 0.8160
30 0.8568 0.4828 0.8232 0.8205 0.7740
31 0.8750 0.4375 0.8430 0.8560 0.8298
32 0.8843 0.4056 0.8578 0.8615 0.8324
33 0.8962 0.3706 0.8688 0.8608 0.8360
34 0.9077 0.3231 0.8814 0.8601 0.8335
35 0.9083 0.3326 0.8811 0.8624 0.8392
36 0.9083 0.3383 0.8841 0.8568 0.8344
37 0.9040 0.3628 0.8767 0.8587 0.8365
38 0.8905 0.4377 0.8608 0.8558 0.8326
39 0.8771 0.5022 0.8445 0.8552 0.8278
40 0.8691 0.5521 0.8388 0.8406 0.8096
41 0.8800 0.5094 0.8501 0.8429 0.8196
42 0.8906 0.4627 0.8640 0.8524 0.8300
43 0.8987 0.4323 0.8697 0.8544 0.8290
44 0.9107 0.3893 0.8859 0.8579 0.8371
45 0.9181 0.3649 0.8943 0.8586 0.8376
46 0.9182 0.3764 0.8949 0.8626 0.8409
47 0.9138 0.4001 0.8886 0.8675 0.8404
48 0.9078 0.4369 0.8815 0.8536 0.8280
49 0.8932 0.5291 0.8660 0.8363 0.8111
50 0.8788 0.6053 0.8506 0.8481 0.8250
51 0.8882 0.5724 0.8620 0.8410 0.8206
52 0.8995 0.5127 0.8737 0.8570 0.8361
53 0.9116 0.4634 0.8861 0.8573 0.8355
54 0.9161 0.4248 0.8926 0.8603 0.8366
55 0.9175 0.4195 0.8923 0.8584 0.8359
56 0.9196 0.4309 0.8970 0.8634 0.8401
57 0.9167 0.4559 0.8920 0.8564 0.8331
58 0.9063 0.5065 0.8823 0.8609 0.8363
59 0.8994 0.5866 0.8731 0.8519 0.8274
60 0.8832 0.6858 0.8551 0.8485 0.8215
61 0.8948 0.6313 0.8686 0.8584 0.8355
62 0.9020 0.5688 0.8759 0.8629 0.8396
63 0.9125 0.5151 0.8867 0.8652 0.8440
64 0.9224 0.4595 0.9001 0.8661 0.8454
65 0.9247 0.4410 0.9032 0.8661 0.8455
66 0.9226 0.4508 0.9009 0.8650 0.8433
67 0.9197 0.4905 0.8962 0.8572 0.8379
68 0.9152 0.5485 0.8940 0.8668 0.8459
69 0.9035 0.6389 0.8766 0.8651 0.8420
70 0.8893 0.7704 0.8616 0.8304 0.8085
71 0.9028 0.6709 0.8783 0.8634 0.8400
72 0.9056 0.6283 0.8810 0.8609 0.8404
73 0.9174 0.5526 0.8943 0.8620 0.8420
74 0.9225 0.5219 0.9002 0.8721 0.8496
75 0.9273 0.4879 0.9060 0.8715 0.8497
76 0.9268 0.4981 0.9073 0.8695 0.8452
77 0.9242 0.5308 0.9023 0.8665 0.8433
78 0.9224 0.5577 0.9011 0.8685 0.8462
79 0.9100 0.6519 0.8881 0.8627 0.8409
80 0.8976 0.7636 0.8707 0.8469 0.8270
81 0.8991 0.7538 0.8749 0.8603 0.8390
82 0.9165 0.6367 0.8932 0.8638 0.8429
83 0.9210 0.5876 0.9003 0.8690 0.8469
84 0.9231 0.5672 0.9012 0.8660 0.8444
85 0.9252 0.5520 0.9041 0.8669 0.8456
86 0.9262 0.5446 0.9050 0.8699 0.8506
87 0.9273 0.5484 0.9058 0.8572 0.8324
88 0.9201 0.6489 0.8980 0.8453 0.8236
89 0.9034 0.7894 0.8796 0.8716 0.8464
90 0.9073 0.7802 0.8825 0.8499 0.8254
91 0.9036 0.7840 0.8798 0.8648 0.8411
92 0.9117 0.7222 0.8885 0.8661 0.8456
93 0.9243 0.6280 0.9032 0.8648 0.8443
94 0.9288 0.5687 0.9097 0.8712 0.8531
95 0.9267 0.6042 0.9055 0.8739 0.8550
96 0.9306 0.5652 0.9106 0.8763 0.8550
97 0.9262 0.6149 0.9065 0.8753 0.8551
98 0.9247 0.6385 0.9050 0.8505 0.8343
99 0.9195 0.7428 0.8972 0.8627 0.8372
100 0.9228 0.6999 0.9015 0.8632 0.8407
101 0.9318 0.6109 0.9110 0.8660 0.8450
102 0.9304 0.6200 0.9109 0.8678 0.8471
103 0.9317 0.5708 0.9115 0.8688 0.8465
104 0.9374 0.5190 0.9209 0.8677 0.8472
105 0.9373 0.5282 0.9196 0.8710 0.8517
106 0.9355 0.5379 0.9167 0.8691 0.8501
107 0.9311 0.5707 0.9128 0.8691 0.8495
108 0.9325 0.5583 0.9143 0.8644 0.8452
109 0.9340 0.5702 0.9157 0.8639 0.8420
110 0.9284 0.6386 0.9105 0.8667 0.8479
111 0.9311 0.5934 0.9133 0.8647 0.8456
112 0.9309 0.5705 0.9138 0.8725 0.8529
113 0.9350 0.5389 0.9175 0.8675 0.8478
114 0.9391 0.5138 0.9233 0.8686 0.8495
115 0.9375 0.5191 0.9233 0.8689 0.8493
116 0.9363 0.5271 0.9205 0.8712 0.8507
117 0.9387 0.5179 0.9211 0.8673 0.8466
118 0.9373 0.5302 0.9197 0.8742 0.8541
119 0.9357 0.5319 0.9194 0.8751 0.8516
120 0.9349 0.5818 0.9172 0.8761 0.8552
121 0.9335 0.5762 0.9170 0.8632 0.8434
122 0.9352 0.5465 0.9182 0.8704 0.8508
123 0.9361 0.5236 0.9203 0.8661 0.8443
124 0.9346 0.5249 0.9195 0.8688 0.8466
125 0.9349 0.5092 0.9201 0.8734 0.8512
126 0.9429 0.4781 0.9284 0.8686 0.8501
127 0.9387 0.5067 0.9242 0.8681 0.8509
128 0.9428 0.4762 0.9277 0.8671 0.8471
129 0.9394 0.5118 0.9227 0.8750 0.8534
130 0.9317 0.5638 0.9138 0.8648 0.8425
131 0.9375 0.5365 0.9218 0.8659 0.8471
132 0.9390 0.5071 0.9244 0.8641 0.8464
133 0.9359 0.5136 0.9206 0.8678 0.8475
134 0.9404 0.4899 0.9257 0.8643 0.8455
135 0.9423 0.4699 0.9293 0.8635 0.8446
136 0.9418 0.4704 0.9270 0.8634 0.8446
137 0.9405 0.4932 0.9252 0.8678 0.8478
138 0.9368 0.5098 0.9222 0.8683 0.8487
139 0.9407 0.4944 0.9255 0.8703 0.8506
140 0.9358 0.5377 0.9202 0.8597 0.8413
141 0.9315 0.5769 0.9158 0.8667 0.8490
142 0.9373 0.5252 0.9225 0.8687 0.8525
143 0.9370 0.5060 0.9215 0.8697 0.8506
144 0.9429 0.4789 0.9280 0.8680 0.8506
145 0.9437 0.4684 0.9305 0.8689 0.8516
146 0.9387 0.4848 0.9242 0.8646 0.8466
147 0.9444 0.4517 0.9324 0.8640 0.8464
148 0.9440 0.4769 0.9298 0.8745 0.8549
149 0.9406 0.4907 0.9269 0.8692 0.8481
150 0.9367 0.5379 0.9224 0.8580 0.8370
151 0.9343 0.5650 0.9176 0.8733 0.8565
152 0.9384 0.4969 0.9232 0.8710 0.8500
153 0.9438 0.4698 0.9297 0.8714 0.8528
154 0.9428 0.4696 0.9312 0.8675 0.8496
155 0.9437 0.4577 0.9310 0.8687 0.8511
156 0.9413 0.4800 0.9277 0.8689 0.8491
157 0.9414 0.4713 0.9274 0.8735 0.8564
158 0.9408 0.4719 0.9269 0.8736 0.8549
159 0.9413 0.4755 0.9297 0.8754 0.8554
160 0.9457 0.4535 0.9327 0.8777 0.8594
161 0.9446 0.4449 0.9327 0.8764 0.8575
162 0.9451 0.4402 0.9317 0.8780 0.8600
163 0.9466 0.4401 0.9344 0.8763 0.8574
164 0.9487 0.4141 0.9361 0.8797 0.8611
165 0.9456 0.4351 0.9329 0.8777 0.8593
166 0.9474 0.4130 0.9360 0.8757 0.8579
167 0.9476 0.4338 0.9354 0.8772 0.8605
168 0.9488 0.4084 0.9370 0.8762 0.8577
169 0.9467 0.4301 0.9359 0.8766 0.8589
170 0.9478 0.4290 0.9369 0.8791 0.8605
171 0.9466 0.4206 0.9357 0.8809 0.8635
172 0.9457 0.4225 0.9341 0.8748 0.8580
173 0.9493 0.4128 0.9378 0.8779 0.8603
174 0.9487 0.4143 0.9368 0.8772 0.8608
175 0.9517 0.3915 0.9397 0.8764 0.8591
176 0.9492 0.4175 0.9379 0.8764 0.8587
177 0.9492 0.4026 0.9375 0.8807 0.8609
178 0.9472 0.4121 0.9365 0.8770 0.8589
179 0.9485 0.4024 0.9392 0.8774 0.8599
180 0.9459 0.4167 0.9347 0.8761 0.8599
181 0.9487 0.4104 0.9367 0.8788 0.8594
182 0.9500 0.4185 0.9381 0.8769 0.8582
183 0.9461 0.4195 0.9348 0.8736 0.8570
184 0.9502 0.3918 0.9397 0.8772 0.8594
185 0.9476 0.4018 0.9371 0.8764 0.8580
186 0.9497 0.3875 0.9393 0.8807 0.8627
187 0.9506 0.3903 0.9396 0.8788 0.8604
188 0.9517 0.3829 0.9416 0.8792 0.8619
189 0.9490 0.3923 0.9379 0.8789 0.8598
190 0.9506 0.3929 0.9390 0.8745 0.8576
191 0.9513 0.3820 0.9411 0.8754 0.8575
192 0.9479 0.4032 0.9377 0.8754 0.8590
193 0.9486 0.4060 0.9383 0.8755 0.8586
194 0.9495 0.3847 0.9397 0.8766 0.8599
195 0.9515 0.3859 0.9414 0.8759 0.8580
196 0.9496 0.3871 0.9402 0.8782 0.8605
197 0.9483 0.3904 0.9378 0.8736 0.8569
198 0.9497 0.3986 0.9402 0.8753 0.8583
199 0.9513 0.3779 0.9420 0.8766 0.8576
