epoch train_iou train_loss train_mAP val_iou val_mAP
0 0.6278 0.2611 0.5590 0.7048 0.6581
1 0.7490 0.2274 0.6984 0.7815 0.7440
2 0.7925 0.2332 0.7449 0.7707 0.7209
3 0.8174 0.2410 0.7782 0.8242 0.7919
4 0.8393 0.2452 0.7980 0.8369 0.8029
5 0.8548 0.2444 0.8209 0.8368 0.8072
6 0.8547 0.2770 0.8218 0.8404 0.8121
7 0.8395 0.3395 0.8020 0.8224 0.7896
8 0.8309 0.3970 0.7915 0.8133 0.7843
9 0.8250 0.4352 0.7875 0.8022 0.7739
10 0.8331 0.4460 0.7952 0.7979 0.7591
11 0.8398 0.4622 0.8037 0.8259 0.8006
12 0.8464 0.4588 0.8148 0.8427 0.8125
13 0.8679 0.4278 0.8346 0.8396 0.8139
14 0.8690 0.4263 0.8404 0.8620 0.8357
15 0.8803 0.4135 0.8525 0.8644 0.8396
16 0.8784 0.4445 0.8527 0.8610 0.8368
17 0.8713 0.5032 0.8437 0.8554 0.8301
18 0.8674 0.5539 0.8400 0.8492 0.8261
19 0.8597 0.6214 0.8290 0.8328 0.8041
20 0.8431 0.6991 0.8112 0.8336 0.7968
21 0.8563 0.6654 0.8226 0.8353 0.8149
22 0.8775 0.5919 0.8534 0.8480 0.8191
23 0.8751 0.6016 0.8504 0.8650 0.8420
24 0.8796 0.6116 0.8508 0.8685 0.8413
25 0.8957 0.5533 0.8706 0.8696 0.8451
26 0.8940 0.5631 0.8662 0.8674 0.8421
27 0.8905 0.6179 0.8634 0.8639 0.8401
28 0.8822 0.6888 0.8558 0.8653 0.8426
29 0.8669 0.7844 0.8391 0.8457 0.8169
30 0.8614 0.8533 0.8330 0.8447 0.8190
31 0.8717 0.8143 0.8414 0.8546 0.8306
32 0.8849 0.7480 0.8597 0.8565 0.8351
33 0.8882 0.7241 0.8652 0.8700 0.8461
34 0.9025 0.6418 0.8808 0.8697 0.8474
35 0.8990 0.6920 0.8746 0.8705 0.8482
36 0.9002 0.7072 0.8779 0.8743 0.8534
37 0.8910 0.7727 0.8659 0.8724 0.8482
38 0.8848 0.8470 0.8577 0.8741 0.8494
39 0.8763 0.9455 0.8479 0.8689 0.8462
40 0.8634 1.0444 0.8326 0.8595 0.8366
41 0.8771 0.9651 0.8510 0.8643 0.8422
42 0.8912 0.8870 0.8677 0.8668 0.8446
43 0.8963 0.8538 0.8706 0.8655 0.8414
44 0.8980 0.8590 0.8763 0.8677 0.8429
45 0.9010 0.8526 0.8782 0.8693 0.8456
46 0.9068 0.8099 0.8865 0.8675 0.8500
47 0.9077 0.8349 0.8852 0.8633 0.8428
48 0.8871 1.0179 0.8627 0.8635 0.8420
49 0.8899 1.0176 0.8645 0.8641 0.8416
50 0.8853 1.0999 0.8615 0.8584 0.8356
51 0.8881 1.0920 0.8625 0.8648 0.8428
52 0.8882 1.0331 0.8645 0.8733 0.8520
53 0.8980 0.9569 0.8767 0.8661 0.8403
54 0.9094 0.8423 0.8902 0.8721 0.8479
55 0.9040 0.8797 0.8786 0.8750 0.8515
56 0.9026 0.8728 0.8809 0.8716 0.8497
57 0.9007 0.9006 0.8775 0.8686 0.8460
58 0.8946 0.9785 0.8722 0.8717 0.8472
59 0.8931 1.0076 0.8668 0.8738 0.8503
60 0.8854 1.0749 0.8628 0.8581 0.8346
61 0.8974 1.0054 0.8747 0.8546 0.8313
62 0.8953 0.9594 0.8712 0.8695 0.8479
63 0.9083 0.8657 0.8865 0.8707 0.8506
64 0.9105 0.8179 0.8898 0.8715 0.8521
65 0.9057 0.8427 0.8837 0.8731 0.8537
66 0.9193 0.7494 0.8981 0.8754 0.8510
67 0.9146 0.7837 0.8945 0.8722 0.8514
68 0.8934 0.9484 0.8693 0.8590 0.8364
69 0.8998 0.9309 0.8769 0.8689 0.8470
70 0.8838 1.1299 0.8561 0.8616 0.8415
71 0.8943 0.9835 0.8704 0.8630 0.8391
72 0.9053 0.8751 0.8844 0.8691 0.8500
73 0.9109 0.8403 0.8884 0.8722 0.8522
74 0.9161 0.7779 0.8939 0.8753 0.8555
75 0.9144 0.7947 0.8951 0.8729 0.8532
76 0.9129 0.7835 0.8927 0.8748 0.8555
77 0.9176 0.7621 0.8971 0.8773 0.8532
78 0.9136 0.7899 0.8947 0.8733 0.8544
79 0.9011 0.9461 0.8788 0.8655 0.8451
80 0.9004 0.9405 0.8797 0.8578 0.8336
81 0.8974 0.9621 0.8756 0.8589 0.8384
82 0.9061 0.8825 0.8868 0.8672 0.8462
83 0.9122 0.7996 0.8923 0.8717 0.8540
84 0.9190 0.7429 0.9000 0.8787 0.8607
85 0.9250 0.6746 0.9064 0.8799 0.8621
86 0.9163 0.7809 0.8965 0.8788 0.8581
87 0.9153 0.7644 0.8957 0.8720 0.8531
88 0.9162 0.7691 0.8971 0.8738 0.8502
89 0.9131 0.8300 0.8900 0.8752 0.8526
90 0.8984 0.9518 0.8763 0.8734 0.8528
91 0.8998 0.9080 0.8789 0.8764 0.8535
92 0.9056 0.8775 0.8854 0.8776 0.8556
93 0.9147 0.7664 0.8942 0.8796 0.8582
94 0.9189 0.7410 0.8991 0.8846 0.8622
95 0.9208 0.7022 0.9034 0.8846 0.8627
96 0.9272 0.6706 0.9113 0.8822 0.8627
97 0.9214 0.7164 0.9024 0.8815 0.8634
98 0.9127 0.7917 0.8938 0.8759 0.8540
99 0.8991 0.9466 0.8792 0.8713 0.8482
100 0.9124 0.8259 0.8916 0.8737 0.8535
101 0.9220 0.7215 0.9032 0.8771 0.8567
102 0.9244 0.7027 0.9077 0.8759 0.8554
103 0.9230 0.6951 0.9048 0.8757 0.8572
104 0.9275 0.6483 0.9094 0.8802 0.8575
105 0.9306 0.6340 0.9126 0.8796 0.8579
106 0.9281 0.6520 0.9116 0.8818 0.8624
107 0.9241 0.6727 0.9039 0.8797 0.8619
108 0.9240 0.6922 0.9046 0.8727 0.8551
109 0.9237 0.6849 0.9070 0.8808 0.8624
110 0.9180 0.7229 0.9009 0.8821 0.8642
111 0.9166 0.7697 0.8978 0.8720 0.8532
112 0.9246 0.6695 0.9087 0.8729 0.8557
113 0.9326 0.6260 0.9172 0.8798 0.8616
114 0.9284 0.6401 0.9118 0.8791 0.8599
115 0.9335 0.6045 0.9176 0.8789 0.8594
116 0.9319 0.5923 0.9162 0.8775 0.8593
117 0.9244 0.6593 0.9053 0.8813 0.8640
118 0.9319 0.6270 0.9168 0.8740 0.8580
119 0.9256 0.6548 0.9087 0.8763 0.8571
120 0.9209 0.7163 0.9041 0.8777 0.8571
121 0.9208 0.7014 0.9034 0.8781 0.8590
122 0.9326 0.6142 0.9148 0.8898 0.8685
123 0.9328 0.5839 0.9181 0.8819 0.8629
124 0.9297 0.6175 0.9154 0.8841 0.8641
125 0.9332 0.5748 0.9193 0.8845 0.8647
126 0.9349 0.5748 0.9207 0.8885 0.8684
127 0.9299 0.6172 0.9143 0.8819 0.8620
128 0.9349 0.5878 0.9196 0.8810 0.8616
129 0.9285 0.6158 0.9137 0.8788 0.8607
130 0.9186 0.7217 0.9005 0.8749 0.8568
131 0.9271 0.6433 0.9093 0.8836 0.8620
132 0.9284 0.6466 0.9118 0.8734 0.8570
133 0.9296 0.6217 0.9148 0.8762 0.8599
134 0.9322 0.6058 0.9162 0.8812 0.8645
135 0.9365 0.5707 0.9213 0.8822 0.8660
136 0.9357 0.5726 0.9215 0.8829 0.8664
137 0.9364 0.5630 0.9237 0.8832 0.8672
138 0.9319 0.6086 0.9158 0.8847 0.8681
139 0.9328 0.6216 0.9168 0.8851 0.8637
140 0.9250 0.7015 0.9094 0.8860 0.8654
141 0.9306 0.6173 0.9135 0.8844 0.8655
142 0.9292 0.6281 0.9122 0.8814 0.8620
143 0.9322 0.5990 0.9177 0.8803 0.8601
144 0.9349 0.5612 0.9217 0.8838 0.8635
145 0.9269 0.6159 0.9112 0.8854 0.8659
146 0.9333 0.5606 0.9174 0.8825 0.8636
147 0.9315 0.5921 0.9165 0.8825 0.8650
148 0.9328 0.5812 0.9201 0.8765 0.8572
149 0.9319 0.6191 0.9175 0.8768 0.8604
150 0.9278 0.6323 0.9131 0.8787 0.8591
151 0.9250 0.6886 0.9095 0.8731 0.8541
152 0.9333 0.6082 0.9180 0.8792 0.8601
153 0.9343 0.5821 0.9190 0.8796 0.8621
154 0.9373 0.5481 0.9235 0.8832 0.8642
155 0.9362 0.5629 0.9232 0.8831 0.8647
156 0.9361 0.5655 0.9222 0.8813 0.8627
157 0.9328 0.5945 0.9181 0.8837 0.8634
158 0.9353 0.5585 0.9219 0.8814 0.8643
159 0.9309 0.6320 0.9170 0.8782 0.8579
160 0.9389 0.5479 0.9256 0.8843 0.8665
161 0.9324 0.5849 0.9178 0.8849 0.8664
162 0.9383 0.5459 0.9253 0.8833 0.8652
163 0.9336 0.5557 0.9191 0.8826 0.8635
164 0.9386 0.5515 0.9255 0.8821 0.8639
165 0.9344 0.5545 0.9214 0.8840 0.8650
166 0.9377 0.5269 0.9247 0.8832 0.8662
167 0.9427 0.5079 0.9288 0.8839 0.8656
168 0.9445 0.4752 0.9317 0.8840 0.8672
169 0.9404 0.5046 0.9301 0.8804 0.8620
170 0.9383 0.5150 0.9249 0.8819 0.8639
171 0.9357 0.5666 0.9196 0.8815 0.8627
172 0.9389 0.5089 0.9252 0.8850 0.8654
173 0.9391 0.4975 0.9265 0.8868 0.8685
174 0.9388 0.5056 0.9277 0.8839 0.8666
175 0.9455 0.4782 0.9342 0.8849 0.8666
176 0.9450 0.4811 0.9325 0.8836 0.8659
177 0.9449 0.4733 0.9346 0.8835 0.8651
178 0.9391 0.5105 0.9283 0.8805 0.8626
179 0.9380 0.5148 0.9250 0.8841 0.8665
180 0.9410 0.5102 0.9299 0.8875 0.8695
181 0.9425 0.5020 0.9305 0.8852 0.8681
182 0.9436 0.4740 0.9335 0.8870 0.8699
183 0.9410 0.4930 0.9285 0.8870 0.8707
184 0.9389 0.5320 0.9276 0.8863 0.8700
185 0.9487 0.4500 0.9381 0.8851 0.8682
186 0.9387 0.5268 0.9248 0.8842 0.8680
187 0.9453 0.4764 0.9369 0.8842 0.8674
188 0.9426 0.4984 0.9312 0.8855 0.8684
189 0.9439 0.4941 0.9329 0.8845 0.8661
190 0.9465 0.4814 0.9356 0.8804 0.8640
191 0.9401 0.5003 0.9268 0.8828 0.8639
192 0.9453 0.4723 0.9336 0.8777 0.8611
193 0.9415 0.4914 0.9301 0.8801 0.8639
194 0.9466 0.4564 0.9359 0.8826 0.8652
195 0.9409 0.4901 0.9299 0.8806 0.8642
196 0.9425 0.4788 0.9317 0.8774 0.8621
197 0.9480 0.4462 0.9365 0.8834 0.8671
198 0.9425 0.4714 0.9295 0.8820 0.8655
199 0.9400 0.5014 0.9277 0.8804 0.8639
