epoch train_iou train_loss train_mAP val_iou val_mAP
0 0.5651 0.1659 0.4892 0.6900 0.6296
1 0.6848 0.1542 0.6242 0.6602 0.6033
2 0.7510 0.1524 0.7026 0.7749 0.7300
3 0.7798 0.1624 0.7400 0.7569 0.7119
4 0.7971 0.1670 0.7576 0.8030 0.7642
5 0.8235 0.1677 0.7848 0.8048 0.7697
6 0.8104 0.1995 0.7728 0.8072 0.7660
7 0.8067 0.2218 0.7682 0.8032 0.7612
8 0.8011 0.2571 0.7570 0.8019 0.7677
9 0.8029 0.2755 0.7677 0.8084 0.7665
10 0.7894 0.3156 0.7492 0.8011 0.7604
11 0.8257 0.2897 0.7893 0.7680 0.7327
12 0.8347 0.2917 0.8014 0.8098 0.7805
13 0.8417 0.2798 0.8082 0.8294 0.8049
14 0.8648 0.2597 0.8347 0.8383 0.8076
15 0.8657 0.2570 0.8380 0.8405 0.8100
16 0.8582 0.2869 0.8263 0.8370 0.8066
17 0.8528 0.3180 0.8189 0.8323 0.7999
18 0.8507 0.3397 0.8182 0.8321 0.7969
19 0.8319 0.3971 0.7957 0.8307 0.7911
20 0.8327 0.4069 0.8032 0.8254 0.7941
21 0.8525 0.3809 0.8232 0.8213 0.7912
22 0.8582 0.3797 0.8282 0.8360 0.8104
23 0.8702 0.3546 0.8395 0.8413 0.8126
24 0.8747 0.3476 0.8472 0.8541 0.8266
25 0.8849 0.3371 0.8611 0.8526 0.8273
26 0.8869 0.3451 0.8623 0.8580 0.8344
27 0.8795 0.3655 0.8526 0.8523 0.8224
28 0.8664 0.4315 0.8413 0.8482 0.8215
29 0.8605 0.4679 0.8317 0.8346 0.8080
30 0.8546 0.5067 0.8229 0.8467 0.8140
31 0.8744 0.4510 0.8477 0.8383 0.8104
32 0.8656 0.4718 0.8393 0.8538 0.8271
33 0.8773 0.4464 0.8524 0.8627 0.8316
34 0.8899 0.4033 0.8648 0.8676 0.8370
35 0.8968 0.3917 0.8699 0.8658 0.8381
36 0.8939 0.4268 0.8681 0.8636 0.8376
37 0.8992 0.4090 0.8754 0.8610 0.8280
38 0.8843 0.4763 0.8573 0.8547 0.8251
39 0.8771 0.5324 0.8488 0.8464 0.8186
40 0.8704 0.5738 0.8423 0.8509 0.8235
41 0.8739 0.5429 0.8502 0.8502 0.8267
42 0.8833 0.5320 0.8599 0.8484 0.8247
43 0.8956 0.4760 0.8721 0.8594 0.8325
44 0.8935 0.4794 0.8713 0.8591 0.8338
45 0.9046 0.4402 0.8833 0.8618 0.8345
46 0.8993 0.4786 0.8725 0.8643 0.8396
47 0.9004 0.4827 0.8795 0.8633 0.8367
48 0.8936 0.5287 0.8728 0.8572 0.8331
49 0.8838 0.5956 0.8570 0.8573 0.8330
50 0.8668 0.6924 0.8393 0.8415 0.8165
51 0.8864 0.6219 0.8606 0.8625 0.8340
52 0.8876 0.6090 0.8616 0.8539 0.8305
53 0.8988 0.5505 0.8725 0.8644 0.8379
54 0.8994 0.5454 0.8758 0.8720 0.8451
55 0.9035 0.5293 0.8819 0.8708 0.8469
56 0.9065 0.5248 0.8826 0.8710 0.8453
57 0.9057 0.5475 0.8844 0.8605 0.8327
58 0.8984 0.6177 0.8770 0.8731 0.8487
59 0.8879 0.6737 0.8627 0.8592 0.8357
60 0.8748 0.7438 0.8455 0.8524 0.8245
61 0.8951 0.6497 0.8749 0.8491 0.8253
62 0.8959 0.6475 0.8726 0.8593 0.8335
63 0.9047 0.5992 0.8836 0.8667 0.8421
64 0.9071 0.5975 0.8867 0.8674 0.8424
65 0.9174 0.5350 0.8973 0.8697 0.8454
66 0.9104 0.5778 0.8868 0.8767 0.8515
67 0.9065 0.6052 0.8857 0.8711 0.8492
68 0.9090 0.6128 0.8874 0.8750 0.8481
69 0.8974 0.7159 0.8715 0.8709 0.8444
70 0.8833 0.8252 0.8569 0.8595 0.8345
71 0.8959 0.7530 0.8732 0.8585 0.8366
72 0.9026 0.7089 0.8796 0.8613 0.8396
73 0.9046 0.6655 0.8838 0.8648 0.8403
74 0.9091 0.6484 0.8873 0.8747 0.8509
75 0.9147 0.6231 0.8937 0.8739 0.8486
76 0.9186 0.5947 0.8957 0.8765 0.8531
77 0.9129 0.6567 0.8913 0.8762 0.8541
78 0.8979 0.7678 0.8784 0.8775 0.8526
79 0.9074 0.7340 0.8860 0.8565 0.8309
80 0.8939 0.8347 0.8688 0.8619 0.8352
81 0.8992 0.8300 0.8750 0.8568 0.8310
82 0.9024 0.7691 0.8801 0.8692 0.8447
83 0.9122 0.7027 0.8903 0.8729 0.8531
84 0.9154 0.6849 0.8947 0.8749 0.8504
85 0.9222 0.6358 0.9004 0.8766 0.8535
86 0.9149 0.6966 0.8946 0.8783 0.8557
87 0.9152 0.6869 0.8947 0.8763 0.8520
88 0.9072 0.7658 0.8851 0.8664 0.8386
89 0.9061 0.8093 0.8857 0.8682 0.8462
90 0.8921 0.9384 0.8698 0.8635 0.8381
91 0.9051 0.8753 0.8844 0.8674 0.8434
92 0.9097 0.7817 0.8855 0.8684 0.8462
93 0.9143 0.7491 0.8943 0.8722 0.8495
94 0.9192 0.7004 0.8987 0.8761 0.8562
95 0.9184 0.7266 0.8995 0.8765 0.8566
96 0.9179 0.7403 0.9013 0.8780 0.8557
97 0.9140 0.7788 0.8928 0.8809 0.8576
98 0.9143 0.7951 0.8920 0.8749 0.8486
99 0.9102 0.8386 0.8895 0.8677 0.8397
100 0.9157 0.8057 0.8960 0.8707 0.8499
101 0.9149 0.7943 0.8955 0.8739 0.8519
102 0.9187 0.7696 0.8959 0.8733 0.8492
103 0.9232 0.6946 0.9034 0.8732 0.8491
104 0.9255 0.6859 0.9068 0.8798 0.8574
105 0.9242 0.6826 0.9062 0.8770 0.8549
106 0.9236 0.6753 0.9038 0.8739 0.8515
107 0.9294 0.6723 0.9104 0.8731 0.8502
108 0.9248 0.6939 0.9042 0.8845 0.8587
109 0.9209 0.7202 0.9015 0.8746 0.8542
110 0.9242 0.7257 0.9067 0.8766 0.8552
111 0.9227 0.7266 0.9048 0.8705 0.8514
112 0.9267 0.7010 0.9075 0.8805 0.8593
113 0.9235 0.7226 0.9020 0.8847 0.8635
114 0.9273 0.6637 0.9075 0.8862 0.8635
115 0.9247 0.7032 0.9051 0.8835 0.8620
116 0.9301 0.6291 0.9120 0.8863 0.8639
117 0.9306 0.6439 0.9114 0.8821 0.8594
118 0.9253 0.6586 0.9058 0.8820 0.8600
119 0.9283 0.6638 0.9108 0.8803 0.8589
120 0.9170 0.7606 0.8983 0.8792 0.8552
121 0.9274 0.6691 0.9073 0.8776 0.8557
122 0.9311 0.6373 0.9130 0.8724 0.8499
123 0.9311 0.6649 0.9144 0.8767 0.8565
124 0.9301 0.6375 0.9117 0.8798 0.8567
125 0.9307 0.6239 0.9113 0.8802 0.8572
126 0.9346 0.6237 0.9164 0.8795 0.8574
127 0.9285 0.6340 0.9096 0.8858 0.8634
128 0.9356 0.6005 0.9173 0.8794 0.8554
129 0.9319 0.6323 0.9139 0.8799 0.8568
130 0.9286 0.6790 0.9093 0.8784 0.8536
131 0.9240 0.7064 0.9050 0.8774 0.8551
132 0.9243 0.7099 0.9057 0.8836 0.8611
133 0.9297 0.6443 0.9125 0.8865 0.8629
134 0.9366 0.5782 0.9186 0.8862 0.8641
135 0.9308 0.6360 0.9132 0.8842 0.8621
136 0.9343 0.6120 0.9171 0.8881 0.8664
137 0.9342 0.6116 0.9175 0.8879 0.8642
138 0.9321 0.6425 0.9147 0.8850 0.8602
139 0.9317 0.6319 0.9134 0.8820 0.8609
140 0.9268 0.6718 0.9090 0.8815 0.8590
141 0.9279 0.6669 0.9101 0.8791 0.8566
142 0.9262 0.6866 0.9090 0.8808 0.8586
143 0.9272 0.6517 0.9077 0.8847 0.8594
144 0.9358 0.5885 0.9201 0.8888 0.8637
145 0.9304 0.6117 0.9128 0.8897 0.8666
146 0.9331 0.6041 0.9148 0.8870 0.8637
147 0.9329 0.6162 0.9143 0.8883 0.8657
148 0.9352 0.5930 0.9174 0.8894 0.8647
149 0.9347 0.6064 0.9173 0.8834 0.8604
150 0.9300 0.6380 0.9145 0.8797 0.8561
151 0.9311 0.6330 0.9118 0.8849 0.8589
152 0.9323 0.6365 0.9140 0.8846 0.8629
153 0.9408 0.5635 0.9246 0.8816 0.8620
154 0.9323 0.6271 0.9163 0.8834 0.8595
155 0.9394 0.5630 0.9226 0.8871 0.8637
156 0.9358 0.5925 0.9174 0.8837 0.8605
157 0.9407 0.5483 0.9254 0.8883 0.8665
158 0.9383 0.5573 0.9216 0.8843 0.8601
159 0.9295 0.6528 0.9093 0.8782 0.8552
160 0.9330 0.6025 0.9162 0.8887 0.8649
161 0.9355 0.5828 0.9202 0.8899 0.8667
162 0.9346 0.5779 0.9180 0.8908 0.8662
163 0.9409 0.5250 0.9261 0.8889 0.8646
164 0.9379 0.5712 0.9222 0.8874 0.8641
165 0.9352 0.5657 0.9192 0.8911 0.8670
166 0.9397 0.5430 0.9236 0.8915 0.8687
167 0.9383 0.5399 0.9256 0.8893 0.8669
168 0.9374 0.5605 0.9214 0.8930 0.8682
169 0.9359 0.5581 0.9197 0.8896 0.8672
170 0.9409 0.5261 0.9261 0.8894 0.8662
171 0.9408 0.5213 0.9270 0.8907 0.8670
172 0.9398 0.5243 0.9250 0.8941 0.8693
173 0.9453 0.4766 0.9316 0.8913 0.8672
174 0.9361 0.5386 0.9193 0.8931 0.8696
175 0.9381 0.5441 0.9216 0.8929 0.8696
176 0.9422 0.5260 0.9279 0.8922 0.8687
177 0.9401 0.5240 0.9235 0.8921 0.8684
178 0.9411 0.5124 0.9266 0.8894 0.8665
179 0.9437 0.5035 0.9300 0.8894 0.8666
180 0.9387 0.5448 0.9235 0.8940 0.8710
181 0.9393 0.5342 0.9250 0.8915 0.8704
182 0.9382 0.5522 0.9230 0.8907 0.8671
183 0.9403 0.5250 0.9255 0.8880 0.8667
184 0.9429 0.5025 0.9288 0.8890 0.8656
185 0.9400 0.5265 0.9253 0.8930 0.8687
186 0.9420 0.5192 0.9269 0.8892 0.8666
187 0.9418 0.5328 0.9265 0.8915 0.8690
188 0.9382 0.5352 0.9221 0.8941 0.8701
189 0.9384 0.5306 0.9213 0.8939 0.8702
190 0.9394 0.5270 0.9241 0.8914 0.8696
191 0.9380 0.5432 0.9243 0.8906 0.8680
192 0.9380 0.5254 0.9222 0.8931 0.8691
193 0.9435 0.5150 0.9278 0.8925 0.8697
194 0.9406 0.5237 0.9260 0.8948 0.8709
195 0.9440 0.5071 0.9303 0.8911 0.8682
196 0.9435 0.5226 0.9284 0.8904 0.8685
197 0.9438 0.4900 0.9289 0.8929 0.8706
198 0.9443 0.4932 0.9308 0.8905 0.8665
199 0.9380 0.5483 0.9234 0.8874 0.8649
