epoch train_iou train_loss train_mAP val_iou val_mAP
0 0.6255 0.2658 0.5564 0.6968 0.6425
1 0.7453 0.2297 0.6922 0.7814 0.7357
2 0.8022 0.2346 0.7579 0.8006 0.7548
3 0.8092 0.2541 0.7697 0.8235 0.7847
4 0.8332 0.2559 0.7968 0.8308 0.7979
5 0.8489 0.2548 0.8156 0.8375 0.8034
6 0.8529 0.2900 0.8185 0.8236 0.7911
7 0.8425 0.3371 0.8061 0.8238 0.7951
8 0.8237 0.3995 0.7864 0.8195 0.7829
9 0.8252 0.4267 0.7877 0.8335 0.8007
10 0.8104 0.5017 0.7715 0.8287 0.7966
11 0.8407 0.4680 0.8064 0.8373 0.8068
12 0.8500 0.4548 0.8202 0.8420 0.8163
13 0.8721 0.4181 0.8431 0.8504 0.8222
14 0.8685 0.4398 0.8399 0.8665 0.8360
15 0.8815 0.4239 0.8536 0.8681 0.8384
16 0.8717 0.4694 0.8443 0.8726 0.8369
17 0.8824 0.4635 0.8546 0.8587 0.8274
18 0.8634 0.5689 0.8331 0.8580 0.8194
19 0.8601 0.5861 0.8307 0.8469 0.8141
20 0.8419 0.7009 0.8069 0.8496 0.8193
21 0.8566 0.6754 0.8238 0.8433 0.8130
22 0.8794 0.6080 0.8507 0.8592 0.8291
23 0.8757 0.6261 0.8502 0.8597 0.8276
24 0.8851 0.5793 0.8587 0.8678 0.8379
25 0.8907 0.5724 0.8628 0.8699 0.8397
26 0.8995 0.5616 0.8767 0.8688 0.8393
27 0.8817 0.6660 0.8552 0.8660 0.8370
28 0.8740 0.7304 0.8467 0.8613 0.8356
29 0.8655 0.7951 0.8378 0.8638 0.8380
30 0.8659 0.8254 0.8377 0.8445 0.8207
31 0.8772 0.8015 0.8473 0.8665 0.8400
32 0.8894 0.7154 0.8653 0.8806 0.8503
33 0.8895 0.7397 0.8658 0.8731 0.8467
34 0.8906 0.7424 0.8640 0.8787 0.8531
35 0.8976 0.7004 0.8731 0.8775 0.8532
36 0.8998 0.7063 0.8766 0.8816 0.8574
37 0.9023 0.7231 0.8788 0.8749 0.8510
38 0.8875 0.8519 0.8641 0.8749 0.8472
39 0.8779 0.9486 0.8519 0.8720 0.8432
40 0.8754 1.0042 0.8478 0.8418 0.8096
41 0.8777 0.9787 0.8518 0.8650 0.8391
42 0.8874 0.8999 0.8626 0.8637 0.8414
43 0.8985 0.8361 0.8758 0.8787 0.8540
44 0.8983 0.8428 0.8711 0.8861 0.8606
45 0.9046 0.8190 0.8789 0.8880 0.8620
46 0.9134 0.7721 0.8867 0.8803 0.8556
47 0.8981 0.8900 0.8750 0.8777 0.8502
48 0.8986 0.9490 0.8745 0.8636 0.8380
49 0.8875 1.0737 0.8606 0.8674 0.8370
50 0.8713 1.2285 0.8398 0.8695 0.8428
51 0.8806 1.1413 0.8504 0.8683 0.8425
52 0.8912 1.0548 0.8679 0.8752 0.8486
53 0.9063 0.9063 0.8812 0.8836 0.8571
54 0.9123 0.8213 0.8902 0.8850 0.8580
55 0.9102 0.8346 0.8883 0.8883 0.8617
56 0.9157 0.7902 0.8952 0.8875 0.8620
57 0.8980 0.9185 0.8746 0.8781 0.8519
58 0.9058 0.9077 0.8854 0.8790 0.8559
59 0.8976 0.9789 0.8750 0.8693 0.8464
60 0.8809 1.1121 0.8537 0.8738 0.8480
61 0.8914 1.0298 0.8675 0.8744 0.8495
62 0.8938 1.0000 0.8685 0.8770 0.8547
63 0.8961 0.9605 0.8752 0.8802 0.8560
64 0.9064 0.8670 0.8854 0.8814 0.8546
65 0.9097 0.8371 0.8849 0.8848 0.8575
66 0.9057 0.8488 0.8829 0.8838 0.8584
67 0.9097 0.8270 0.8913 0.8828 0.8587
68 0.9016 0.9571 0.8799 0.8826 0.8529
69 0.8987 0.9473 0.8761 0.8833 0.8561
70 0.8907 1.0251 0.8643 0.8758 0.8480
71 0.8983 0.9524 0.8741 0.8743 0.8504
72 0.8993 0.9609 0.8737 0.8837 0.8587
73 0.9136 0.8221 0.8927 0.8850 0.8601
74 0.9153 0.7884 0.8953 0.8931 0.8661
75 0.9170 0.7767 0.8958 0.8936 0.8672
76 0.9135 0.7753 0.8908 0.8921 0.8645
77 0.9085 0.8473 0.8885 0.8857 0.8605
78 0.9134 0.8069 0.8926 0.8795 0.8560
79 0.9067 0.8788 0.8837 0.8796 0.8550
80 0.8992 0.9866 0.8741 0.8745 0.8471
81 0.8988 0.9813 0.8765 0.8778 0.8566
82 0.9022 0.9024 0.8815 0.8916 0.8648
83 0.9159 0.7940 0.8965 0.8861 0.8621
84 0.9209 0.7549 0.9014 0.8823 0.8579
85 0.9192 0.7635 0.9011 0.8839 0.8591
86 0.9236 0.7289 0.9057 0.8875 0.8620
87 0.9131 0.7783 0.8921 0.8875 0.8607
88 0.9063 0.8865 0.8840 0.8844 0.8604
89 0.9037 0.8910 0.8835 0.8698 0.8396
90 0.9055 0.9120 0.8796 0.8744 0.8534
91 0.8973 0.9595 0.8764 0.8842 0.8591
92 0.9033 0.9193 0.8829 0.8826 0.8584
93 0.9151 0.7746 0.8959 0.8812 0.8581
94 0.9171 0.7516 0.8988 0.8884 0.8632
95 0.9204 0.7158 0.8998 0.8888 0.8636
96 0.9302 0.6393 0.9138 0.8897 0.8669
97 0.9214 0.7296 0.9041 0.8840 0.8604
98 0.9138 0.7855 0.8936 0.8905 0.8631
99 0.9037 0.8770 0.8828 0.8785 0.8546
100 0.9108 0.8206 0.8908 0.8852 0.8620
101 0.9157 0.7634 0.8940 0.8866 0.8630
102 0.9234 0.6990 0.9085 0.8864 0.8631
103 0.9234 0.6961 0.9043 0.8865 0.8615
104 0.9242 0.6578 0.9071 0.8926 0.8676
105 0.9284 0.6544 0.9124 0.8909 0.8656
106 0.9262 0.6933 0.9077 0.8948 0.8689
107 0.9221 0.6707 0.9055 0.8918 0.8676
108 0.9269 0.6649 0.9068 0.8846 0.8620
109 0.9247 0.6699 0.9070 0.8816 0.8575
110 0.9233 0.7152 0.9041 0.8843 0.8591
111 0.9264 0.6785 0.9107 0.8928 0.8676
112 0.9272 0.6624 0.9100 0.8885 0.8624
113 0.9252 0.6564 0.9055 0.8890 0.8648
114 0.9287 0.6466 0.9109 0.8919 0.8679
115 0.9258 0.6555 0.9078 0.8915 0.8669
116 0.9325 0.6162 0.9163 0.8935 0.8675
117 0.9320 0.6126 0.9167 0.8901 0.8664
118 0.9303 0.6332 0.9134 0.8901 0.8660
119 0.9209 0.6982 0.9042 0.8857 0.8634
120 0.9277 0.6899 0.9099 0.8814 0.8589
121 0.9257 0.6687 0.9078 0.8845 0.8597
122 0.9244 0.6822 0.9046 0.8890 0.8662
123 0.9260 0.6374 0.9076 0.8907 0.8665
124 0.9318 0.6041 0.9172 0.8918 0.8700
125 0.9246 0.6553 0.9098 0.8876 0.8652
126 0.9315 0.6070 0.9167 0.8899 0.8662
127 0.9310 0.5922 0.9154 0.8912 0.8690
128 0.9303 0.6288 0.9136 0.8876 0.8655
129 0.9267 0.6667 0.9098 0.8822 0.8590
130 0.9267 0.6742 0.9080 0.8930 0.8692
131 0.9254 0.6756 0.9078 0.8866 0.8632
132 0.9233 0.6742 0.9057 0.8958 0.8701
133 0.9309 0.6150 0.9143 0.8975 0.8702
134 0.9312 0.6340 0.9143 0.8949 0.8723
135 0.9318 0.6062 0.9167 0.8940 0.8682
136 0.9349 0.5740 0.9195 0.8962 0.8715
137 0.9329 0.5879 0.9164 0.8914 0.8661
138 0.9290 0.6113 0.9118 0.8928 0.8677
139 0.9295 0.6380 0.9116 0.8837 0.8602
140 0.9213 0.6905 0.9072 0.8869 0.8656
141 0.9202 0.7071 0.9016 0.8904 0.8640
142 0.9275 0.6526 0.9122 0.8915 0.8634
143 0.9285 0.6190 0.9113 0.8915 0.8644
144 0.9308 0.6047 0.9175 0.8867 0.8604
145 0.9332 0.5700 0.9178 0.8964 0.8694
146 0.9374 0.5561 0.9229 0.8941 0.8685
147 0.9308 0.6285 0.9159 0.8901 0.8651
148 0.9322 0.6098 0.9172 0.8810 0.8576
149 0.9254 0.6629 0.9087 0.8926 0.8672
150 0.9263 0.6722 0.9107 0.8858 0.8626
151 0.9286 0.6225 0.9126 0.8848 0.8629
152 0.9267 0.6477 0.9100 0.8897 0.8646
153 0.9346 0.5955 0.9174 0.8929 0.8677
154 0.9314 0.6040 0.9164 0.8931 0.8701
155 0.9343 0.5861 0.9171 0.8920 0.8695
156 0.9335 0.5858 0.9169 0.8912 0.8700
157 0.9332 0.5771 0.9176 0.8855 0.8636
158 0.9327 0.5909 0.9180 0.8889 0.8668
159 0.9312 0.5990 0.9175 0.8852 0.8620
160 0.9343 0.5915 0.9207 0.8894 0.8649
161 0.9363 0.5476 0.9215 0.8897 0.8672
162 0.9356 0.5629 0.9216 0.8869 0.8625
163 0.9322 0.5661 0.9187 0.8928 0.8685
164 0.9393 0.5246 0.9246 0.8891 0.8667
165 0.9393 0.5202 0.9268 0.8907 0.8676
166 0.9416 0.5172 0.9281 0.8913 0.8674
167 0.9422 0.5191 0.9299 0.8912 0.8665
168 0.9400 0.5325 0.9269 0.8902 0.8662
169 0.9394 0.5080 0.9272 0.8918 0.8687
170 0.9359 0.5525 0.9218 0.8942 0.8696
171 0.9326 0.5711 0.9167 0.8920 0.8676
172 0.9443 0.5089 0.9323 0.8954 0.8712
173 0.9383 0.5274 0.9237 0.8941 0.8684
174 0.9385 0.5136 0.9245 0.8955 0.8707
175 0.9443 0.4942 0.9312 0.8953 0.8711
176 0.9414 0.4978 0.9261 0.8946 0.8700
177 0.9373 0.5199 0.9242 0.8913 0.8674
178 0.9410 0.4985 0.9262 0.8926 0.8700
179 0.9420 0.4976 0.9302 0.8928 0.8695
180 0.9365 0.5167 0.9248 0.8952 0.8714
181 0.9369 0.5295 0.9232 0.8942 0.8697
182 0.9417 0.5069 0.9303 0.8974 0.8736
183 0.9404 0.5014 0.9274 0.8943 0.8702
184 0.9353 0.5336 0.9224 0.8931 0.8693
185 0.9401 0.5237 0.9277 0.8941 0.8698
186 0.9436 0.4932 0.9305 0.8937 0.8702
187 0.9432 0.5087 0.9312 0.8954 0.8711
188 0.9447 0.4552 0.9329 0.8953 0.8705
189 0.9428 0.4903 0.9310 0.8944 0.8702
190 0.9402 0.5000 0.9262 0.8939 0.8698
191 0.9389 0.5203 0.9250 0.8960 0.8731
192 0.9365 0.5364 0.9223 0.8958 0.8718
193 0.9425 0.5054 0.9299 0.8976 0.8744
194 0.9411 0.4888 0.9289 0.8965 0.8721
195 0.9466 0.4544 0.9352 0.8973 0.8732
196 0.9429 0.4927 0.9312 0.8953 0.8724
197 0.9443 0.4857 0.9331 0.8973 0.8731
198 0.9444 0.4799 0.9321 0.8959 0.8724
199 0.9437 0.5073 0.9303 0.8960 0.8720
