epoch train_iou train_loss train_mAP val_iou val_mAP
0 0.5865 0.3045 0.5094 0.6499 0.5856
1 0.7117 0.2786 0.6545 0.7441 0.6878
2 0.7504 0.2924 0.6995 0.7550 0.7015
3 0.7870 0.2883 0.7390 0.7801 0.7290
4 0.8009 0.3001 0.7546 0.7933 0.7553
5 0.8187 0.3106 0.7767 0.7988 0.7608
6 0.8123 0.3487 0.7701 0.8008 0.7605
7 0.8103 0.3945 0.7688 0.8005 0.7580
8 0.8046 0.4507 0.7627 0.7899 0.7527
9 0.8041 0.4956 0.7610 0.7932 0.7517
10 0.8099 0.5148 0.7692 0.7884 0.7265
11 0.8219 0.5107 0.7834 0.8150 0.7828
12 0.8345 0.4965 0.7956 0.8313 0.7970
13 0.8498 0.4763 0.8123 0.8239 0.7908
14 0.8648 0.4514 0.8305 0.8412 0.8106
15 0.8664 0.4705 0.8315 0.8453 0.8145
16 0.8671 0.4836 0.8338 0.8441 0.8128
17 0.8600 0.5367 0.8260 0.8263 0.7922
18 0.8550 0.5915 0.8207 0.8384 0.8058
19 0.8472 0.6560 0.8086 0.8196 0.7869
20 0.8360 0.7334 0.8001 0.8008 0.7691
21 0.8434 0.7393 0.8062 0.8240 0.7876
22 0.8655 0.6439 0.8312 0.8266 0.7972
23 0.8771 0.6131 0.8443 0.8435 0.8115
24 0.8800 0.5932 0.8496 0.8500 0.8185
25 0.8855 0.5695 0.8535 0.8506 0.8197
26 0.8866 0.6100 0.8546 0.8518 0.8199
27 0.8852 0.6328 0.8537 0.8427 0.8123
28 0.8781 0.7113 0.8448 0.8386 0.8100
29 0.8663 0.8162 0.8338 0.8212 0.7909
30 0.8669 0.8307 0.8328 0.8219 0.7856
31 0.8717 0.8207 0.8387 0.8353 0.8074
32 0.8743 0.8098 0.8409 0.8470 0.8194
33 0.8872 0.7497 0.8552 0.8472 0.8173
34 0.8946 0.6875 0.8628 0.8535 0.8258
35 0.8968 0.6867 0.8667 0.8588 0.8296
36 0.9048 0.6716 0.8748 0.8577 0.8282
37 0.8978 0.7351 0.8674 0.8519 0.8278
38 0.8883 0.8198 0.8583 0.8550 0.8270
39 0.8859 0.8826 0.8552 0.8497 0.8175
40 0.8732 0.9967 0.8408 0.8464 0.8146
41 0.8850 0.9068 0.8532 0.8545 0.8272
42 0.8902 0.8705 0.8610 0.8566 0.8304
43 0.9022 0.8074 0.8733 0.8635 0.8370
44 0.9056 0.7687 0.8780 0.8592 0.8342
45 0.9114 0.7422 0.8830 0.8583 0.8330
46 0.9086 0.7576 0.8806 0.8577 0.8288
47 0.9059 0.7944 0.8794 0.8627 0.8352
48 0.9002 0.8772 0.8695 0.8549 0.8245
49 0.8921 1.0054 0.8630 0.8530 0.8251
50 0.8796 1.1151 0.8489 0.8567 0.8276
51 0.8859 1.0360 0.8570 0.8461 0.8214
52 0.8930 0.9888 0.8652 0.8612 0.8317
53 0.9079 0.8335 0.8812 0.8582 0.8288
54 0.9107 0.8082 0.8840 0.8659 0.8403
55 0.9119 0.7722 0.8865 0.8638 0.8366
56 0.9109 0.7987 0.8841 0.8623 0.8370
57 0.9082 0.8220 0.8806 0.8627 0.8384
58 0.9052 0.8364 0.8794 0.8662 0.8420
59 0.8949 0.9850 0.8666 0.8456 0.8205
60 0.8977 0.9436 0.8681 0.8455 0.8113
61 0.8936 0.9944 0.8656 0.8522 0.8235
62 0.9014 0.8897 0.8744 0.8570 0.8323
63 0.9128 0.7581 0.8860 0.8603 0.8360
64 0.9149 0.7592 0.8898 0.8582 0.8346
65 0.9198 0.7120 0.8931 0.8549 0.8311
66 0.9133 0.7448 0.8890 0.8639 0.8416
67 0.9136 0.7541 0.8888 0.8548 0.8260
68 0.9128 0.7927 0.8869 0.8626 0.8353
69 0.9115 0.8065 0.8848 0.8648 0.8410
70 0.8937 0.9665 0.8657 0.8423 0.8142
71 0.9078 0.8788 0.8804 0.8656 0.8410
72 0.9081 0.8791 0.8804 0.8655 0.8413
73 0.9115 0.7722 0.8872 0.8638 0.8366
74 0.9166 0.7166 0.8910 0.8686 0.8435
75 0.9228 0.6742 0.8993 0.8717 0.8471
76 0.9206 0.6863 0.8965 0.8700 0.8449
77 0.9194 0.6952 0.8985 0.8656 0.8419
78 0.9136 0.7235 0.8885 0.8600 0.8342
79 0.9082 0.8441 0.8815 0.8591 0.8319
80 0.8943 0.9793 0.8648 0.8552 0.8280
81 0.9076 0.8823 0.8803 0.8557 0.8285
82 0.9102 0.8434 0.8869 0.8589 0.8339
83 0.9168 0.7265 0.8935 0.8580 0.8346
84 0.9153 0.7211 0.8915 0.8625 0.8378
85 0.9151 0.7239 0.8898 0.8655 0.8396
86 0.9231 0.6680 0.8989 0.8593 0.8364
87 0.9224 0.6845 0.8976 0.8612 0.8356
88 0.9126 0.7525 0.8909 0.8547 0.8328
89 0.9097 0.7995 0.8838 0.8610 0.8347
90 0.9076 0.8522 0.8820 0.8461 0.8199
91 0.9033 0.8841 0.8783 0.8613 0.8315
92 0.9116 0.7999 0.8862 0.8702 0.8464
93 0.9173 0.7322 0.8929 0.8620 0.8353
94 0.9209 0.6875 0.8965 0.8734 0.8480
95 0.9222 0.6738 0.8981 0.8742 0.8491
96 0.9254 0.6376 0.9042 0.8649 0.8388
97 0.9195 0.6692 0.8958 0.8702 0.8484
98 0.9179 0.7090 0.8941 0.8610 0.8380
99 0.9120 0.7793 0.8864 0.8482 0.8227
100 0.9146 0.7512 0.8887 0.8627 0.8376
101 0.9197 0.6981 0.8963 0.8692 0.8432
102 0.9218 0.6763 0.9000 0.8626 0.8387
103 0.9256 0.6261 0.9038 0.8567 0.8354
104 0.9254 0.6252 0.9044 0.8631 0.8381
105 0.9260 0.6347 0.9053 0.8611 0.8366
106 0.9261 0.6129 0.9058 0.8594 0.8352
107 0.9278 0.6050 0.9080 0.8703 0.8439
108 0.9268 0.6133 0.9047 0.8624 0.8386
109 0.9288 0.6162 0.9061 0.8660 0.8398
110 0.9256 0.6452 0.9030 0.8688 0.8448
111 0.9252 0.6334 0.9035 0.8656 0.8424
112 0.9271 0.6204 0.9066 0.8650 0.8439
113 0.9324 0.5504 0.9126 0.8674 0.8441
114 0.9323 0.5648 0.9133 0.8675 0.8449
115 0.9311 0.5619 0.9122 0.8658 0.8435
116 0.9341 0.5578 0.9148 0.8666 0.8454
117 0.9318 0.5751 0.9119 0.8701 0.8482
118 0.9302 0.5981 0.9093 0.8611 0.8393
119 0.9301 0.5798 0.9097 0.8575 0.8370
120 0.9201 0.6882 0.8964 0.8660 0.8472
121 0.9266 0.6267 0.9067 0.8651 0.8439
122 0.9281 0.6116 0.9091 0.8787 0.8554
123 0.9313 0.5679 0.9119 0.8685 0.8464
124 0.9349 0.5452 0.9170 0.8716 0.8488
125 0.9333 0.5493 0.9137 0.8712 0.8473
126 0.9329 0.5526 0.9127 0.8680 0.8460
127 0.9301 0.5633 0.9109 0.8703 0.8482
128 0.9298 0.5604 0.9115 0.8626 0.8376
129 0.9311 0.5984 0.9124 0.8694 0.8455
130 0.9311 0.6054 0.9113 0.8614 0.8405
131 0.9285 0.6197 0.9083 0.8712 0.8475
132 0.9325 0.5895 0.9146 0.8739 0.8545
133 0.9338 0.5583 0.9162 0.8717 0.8485
134 0.9320 0.5590 0.9140 0.8748 0.8546
135 0.9345 0.5321 0.9168 0.8737 0.8527
136 0.9355 0.5292 0.9178 0.8683 0.8454
137 0.9384 0.5165 0.9221 0.8699 0.8499
138 0.9338 0.5545 0.9153 0.8719 0.8499
139 0.9307 0.5732 0.9132 0.8679 0.8470
140 0.9340 0.5804 0.9160 0.8740 0.8513
141 0.9262 0.6030 0.9084 0.8734 0.8501
142 0.9332 0.5532 0.9146 0.8686 0.8501
143 0.9329 0.5369 0.9169 0.8680 0.8487
144 0.9365 0.5366 0.9193 0.8666 0.8472
145 0.9365 0.5196 0.9192 0.8710 0.8503
146 0.9348 0.5229 0.9170 0.8672 0.8446
147 0.9352 0.5352 0.9176 0.8670 0.8449
148 0.9355 0.5255 0.9178 0.8621 0.8404
149 0.9344 0.5482 0.9173 0.8690 0.8517
150 0.9300 0.6155 0.9112 0.8690 0.8447
151 0.9289 0.5977 0.9098 0.8627 0.8385
152 0.9338 0.5501 0.9158 0.8736 0.8499
153 0.9369 0.5331 0.9198 0.8724 0.8511
154 0.9366 0.5225 0.9195 0.8663 0.8419
155 0.9369 0.5062 0.9195 0.8676 0.8435
156 0.9365 0.5195 0.9197 0.8711 0.8483
157 0.9377 0.5069 0.9209 0.8711 0.8497
158 0.9349 0.5213 0.9186 0.8739 0.8492
159 0.9351 0.5365 0.9181 0.8675 0.8468
160 0.9394 0.4983 0.9238 0.8717 0.8496
161 0.9402 0.4989 0.9250 0.8712 0.8464
162 0.9381 0.4964 0.9232 0.8725 0.8506
163 0.9404 0.4854 0.9247 0.8677 0.8478
164 0.9415 0.4660 0.9269 0.8693 0.8494
165 0.9388 0.4912 0.9232 0.8681 0.8482
166 0.9350 0.5061 0.9201 0.8715 0.8504
167 0.9389 0.4962 0.9234 0.8715 0.8489
168 0.9402 0.4957 0.9248 0.8737 0.8511
169 0.9407 0.4834 0.9246 0.8740 0.8518
170 0.9409 0.4786 0.9258 0.8726 0.8499
171 0.9413 0.4712 0.9270 0.8757 0.8552
172 0.9398 0.4862 0.9231 0.8765 0.8545
173 0.9431 0.4607 0.9300 0.8747 0.8503
174 0.9406 0.4794 0.9252 0.8776 0.8526
175 0.9385 0.4707 0.9241 0.8771 0.8556
176 0.9433 0.4587 0.9273 0.8774 0.8555
177 0.9397 0.4705 0.9257 0.8708 0.8494
178 0.9420 0.4604 0.9281 0.8681 0.8475
179 0.9407 0.4611 0.9266 0.8722 0.8504
180 0.9406 0.4887 0.9248 0.8719 0.8495
181 0.9401 0.4773 0.9258 0.8718 0.8496
182 0.9393 0.4745 0.9245 0.8753 0.8522
183 0.9436 0.4551 0.9290 0.8731 0.8512
184 0.9442 0.4499 0.9295 0.8718 0.8496
185 0.9396 0.4776 0.9241 0.8724 0.8505
186 0.9443 0.4499 0.9301 0.8733 0.8493
187 0.9433 0.4560 0.9285 0.8723 0.8501
188 0.9446 0.4498 0.9305 0.8738 0.8508
189 0.9409 0.4663 0.9273 0.8740 0.8506
190 0.9443 0.4614 0.9307 0.8747 0.8504
191 0.9426 0.4613 0.9279 0.8693 0.8476
192 0.9442 0.4509 0.9316 0.8688 0.8466
193 0.9425 0.4578 0.9294 0.8705 0.8482
194 0.9430 0.4461 0.9299 0.8704 0.8464
195 0.9418 0.4493 0.9282 0.8720 0.8491
196 0.9457 0.4340 0.9321 0.8703 0.8478
197 0.9425 0.4585 0.9289 0.8709 0.8488
198 0.9404 0.4634 0.9258 0.8696 0.8479
199 0.9426 0.4481 0.9293 0.8729 0.8511
