epoch train_iou train_loss train_mAP val_iou val_mAP
0 0.6454 0.2863 0.5712 0.7174 0.6641
1 0.7585 0.2352 0.7074 0.7775 0.7425
2 0.7864 0.2542 0.7406 0.7910 0.7531
3 0.8189 0.2570 0.7796 0.8128 0.7849
4 0.8201 0.2874 0.7826 0.8250 0.7928
5 0.8361 0.2897 0.8000 0.8306 0.7866
6 0.8275 0.3351 0.7900 0.8211 0.7851
7 0.8324 0.3519 0.7959 0.8430 0.8002
8 0.8342 0.3667 0.7981 0.8286 0.8000
9 0.8314 0.4209 0.7963 0.8385 0.8029
10 0.8366 0.4320 0.8023 0.8416 0.8097
11 0.8469 0.4379 0.8160 0.8419 0.8129
12 0.8645 0.4186 0.8356 0.8422 0.8121
13 0.8576 0.4566 0.8282 0.8196 0.7850
14 0.8558 0.4879 0.8262 0.8457 0.8215
15 0.8627 0.4960 0.8357 0.8516 0.8219
16 0.8604 0.5299 0.8313 0.8631 0.8300
17 0.8597 0.5599 0.8294 0.8209 0.7764
18 0.8517 0.6063 0.8224 0.8522 0.8111
19 0.8548 0.6132 0.8220 0.8579 0.8264
20 0.8653 0.5937 0.8372 0.8627 0.8349
21 0.8643 0.6428 0.8364 0.8441 0.8114
22 0.8683 0.6256 0.8443 0.8644 0.8317
23 0.8665 0.6509 0.8393 0.8583 0.8299
24 0.8642 0.6813 0.8381 0.8364 0.8124
25 0.8725 0.6832 0.8444 0.8518 0.8226
26 0.8719 0.7348 0.8424 0.8618 0.8360
27 0.8766 0.7074 0.8507 0.8699 0.8417
28 0.8758 0.7250 0.8506 0.8688 0.8436
29 0.8737 0.7623 0.8443 0.8788 0.8503
30 0.8782 0.7576 0.8516 0.8522 0.8286
31 0.8795 0.7495 0.8544 0.8745 0.8489
32 0.8852 0.7382 0.8594 0.8677 0.8451
33 0.8841 0.7734 0.8602 0.8719 0.8489
34 0.8864 0.7832 0.8635 0.8726 0.8485
35 0.8841 0.7870 0.8598 0.8714 0.8462
36 0.8892 0.7938 0.8646 0.8756 0.8485
37 0.8865 0.8161 0.8615 0.8704 0.8492
38 0.8966 0.7874 0.8717 0.8795 0.8525
39 0.8889 0.8566 0.8648 0.8772 0.8553
40 0.9031 0.7697 0.8796 0.8743 0.8479
41 0.8933 0.8105 0.8685 0.8872 0.8620
42 0.8967 0.8377 0.8753 0.8770 0.8537
43 0.9043 0.8121 0.8830 0.8830 0.8575
44 0.8971 0.8669 0.8721 0.8887 0.8640
45 0.9023 0.8164 0.8819 0.8831 0.8602
46 0.9017 0.8499 0.8768 0.8896 0.8625
47 0.9054 0.8304 0.8826 0.8906 0.8667
48 0.9099 0.8046 0.8875 0.8894 0.8626
49 0.9197 0.7402 0.9013 0.8879 0.8646
50 0.8727 1.2294 0.8465 0.8632 0.8355
51 0.8687 1.2734 0.8416 0.8727 0.8409
52 0.8743 1.2176 0.8475 0.8585 0.8324
53 0.8811 1.1608 0.8542 0.8640 0.8359
54 0.8857 1.0955 0.8600 0.8699 0.8414
55 0.8811 1.1578 0.8553 0.8532 0.8214
56 0.8764 1.1642 0.8511 0.8453 0.8146
57 0.8822 1.1164 0.8553 0.8700 0.8450
58 0.8871 1.1030 0.8625 0.8559 0.8216
59 0.8803 1.1579 0.8553 0.8745 0.8489
60 0.8831 1.1287 0.8581 0.8749 0.8489
61 0.8881 1.0735 0.8644 0.8733 0.8447
62 0.8943 1.0247 0.8688 0.8632 0.8400
63 0.8854 1.0956 0.8614 0.8645 0.8414
64 0.8896 1.0643 0.8662 0.8695 0.8475
65 0.8898 1.0709 0.8654 0.8777 0.8527
66 0.8947 1.0576 0.8720 0.8721 0.8454
67 0.8909 1.0504 0.8655 0.8697 0.8438
68 0.8825 1.1177 0.8564 0.8644 0.8367
69 0.8880 1.0639 0.8629 0.8696 0.8395
70 0.9003 0.9691 0.8764 0.8790 0.8582
71 0.8955 0.9608 0.8719 0.8800 0.8568
72 0.8977 0.9751 0.8733 0.8822 0.8570
73 0.9003 0.9323 0.8786 0.8929 0.8671
74 0.9103 0.8635 0.8888 0.8797 0.8574
75 0.9048 0.9126 0.8826 0.8735 0.8505
76 0.9022 0.9151 0.8824 0.8849 0.8610
77 0.9109 0.8306 0.8902 0.8850 0.8590
78 0.9020 0.9247 0.8803 0.8806 0.8593
79 0.9088 0.8505 0.8868 0.8916 0.8674
80 0.9068 0.8594 0.8856 0.8826 0.8579
81 0.9094 0.8580 0.8884 0.8933 0.8707
82 0.9121 0.8336 0.8907 0.8908 0.8669
83 0.9044 0.8879 0.8813 0.8930 0.8677
84 0.9158 0.7912 0.8959 0.8906 0.8635
85 0.9116 0.8227 0.8927 0.8894 0.8637
86 0.9188 0.7512 0.9008 0.8945 0.8685
87 0.9229 0.7183 0.9060 0.8926 0.8680
88 0.9111 0.8209 0.8884 0.8904 0.8684
89 0.9210 0.7390 0.9009 0.8967 0.8723
90 0.9140 0.7841 0.8943 0.8885 0.8627
91 0.9169 0.7705 0.8963 0.8931 0.8684
92 0.9237 0.6831 0.9052 0.8942 0.8696
93 0.9258 0.6955 0.9082 0.8993 0.8759
94 0.9285 0.6749 0.9090 0.9003 0.8761
95 0.9260 0.6726 0.9077 0.9018 0.8776
96 0.9262 0.6766 0.9070 0.9008 0.8756
97 0.9266 0.6643 0.9099 0.8952 0.8697
98 0.9290 0.6399 0.9112 0.8998 0.8753
99 0.9224 0.6957 0.9033 0.8997 0.8750
100 0.9220 0.7327 0.9030 0.8787 0.8575
101 0.9080 0.8548 0.8884 0.8870 0.8636
102 0.9139 0.8128 0.8933 0.8775 0.8530
103 0.9168 0.7969 0.8952 0.8804 0.8529
104 0.9193 0.7701 0.8985 0.8818 0.8616
105 0.9131 0.8219 0.8922 0.8850 0.8604
106 0.9191 0.7714 0.8991 0.8845 0.8624
107 0.9228 0.7341 0.9049 0.8831 0.8551
108 0.9182 0.7600 0.9009 0.8887 0.8640
109 0.9190 0.7385 0.9008 0.8913 0.8672
110 0.9195 0.7630 0.9003 0.8857 0.8614
111 0.9112 0.8199 0.8887 0.8953 0.8679
112 0.9184 0.7489 0.8960 0.8882 0.8646
113 0.9198 0.7433 0.9014 0.8874 0.8605
114 0.9217 0.7427 0.9023 0.8872 0.8637
115 0.9232 0.7084 0.9056 0.8824 0.8557
116 0.9202 0.7312 0.9026 0.8918 0.8671
117 0.9210 0.7305 0.9020 0.8858 0.8639
118 0.9271 0.6683 0.9094 0.8788 0.8526
119 0.9190 0.7316 0.9004 0.8945 0.8705
120 0.9237 0.7255 0.9050 0.8923 0.8696
121 0.9288 0.6609 0.9114 0.8919 0.8659
122 0.9250 0.6868 0.9079 0.8863 0.8612
123 0.9237 0.7294 0.9061 0.8950 0.8714
124 0.9292 0.6453 0.9138 0.8955 0.8726
125 0.9252 0.6983 0.9072 0.8924 0.8668
126 0.9253 0.6747 0.9077 0.8972 0.8729
127 0.9221 0.7136 0.9033 0.8965 0.8740
128 0.9282 0.6618 0.9118 0.8984 0.8744
129 0.9235 0.6844 0.9060 0.8925 0.8696
130 0.9227 0.6734 0.9064 0.8952 0.8722
131 0.9274 0.6720 0.9106 0.8938 0.8736
132 0.9330 0.5937 0.9166 0.8872 0.8647
133 0.9282 0.6337 0.9130 0.8947 0.8716
134 0.9306 0.6395 0.9121 0.8944 0.8730
135 0.9291 0.6244 0.9136 0.8953 0.8725
136 0.9356 0.5879 0.9199 0.8985 0.8745
137 0.9285 0.6292 0.9130 0.8958 0.8735
138 0.9338 0.5988 0.9157 0.8946 0.8712
139 0.9334 0.5816 0.9191 0.8966 0.8732
140 0.9360 0.5642 0.9205 0.9010 0.8769
141 0.9385 0.5588 0.9215 0.8929 0.8701
142 0.9354 0.5851 0.9203 0.8927 0.8712
143 0.9337 0.5933 0.9182 0.8925 0.8690
144 0.9353 0.5741 0.9218 0.8954 0.8712
145 0.9388 0.5395 0.9253 0.8937 0.8700
146 0.9365 0.5496 0.9226 0.8953 0.8719
147 0.9414 0.5444 0.9289 0.8969 0.8742
148 0.9358 0.5591 0.9205 0.8969 0.8746
149 0.9353 0.5561 0.9181 0.8978 0.8745
150 0.9341 0.5930 0.9183 0.8922 0.8697
151 0.9340 0.6106 0.9191 0.8928 0.8714
152 0.9273 0.6286 0.9088 0.8850 0.8623
153 0.9310 0.6292 0.9148 0.8894 0.8644
154 0.9369 0.5673 0.9227 0.8857 0.8627
155 0.9308 0.6214 0.9133 0.8911 0.8661
156 0.9299 0.6315 0.9147 0.8907 0.8677
157 0.9348 0.6017 0.9186 0.8926 0.8696
158 0.9310 0.6082 0.9143 0.8984 0.8720
159 0.9311 0.6342 0.9145 0.8956 0.8730
160 0.9294 0.6231 0.9146 0.8923 0.8688
161 0.9340 0.5699 0.9179 0.8937 0.8685
162 0.9301 0.6273 0.9137 0.8945 0.8712
163 0.9309 0.6096 0.9144 0.8897 0.8680
164 0.9365 0.5713 0.9229 0.8941 0.8726
165 0.9298 0.6109 0.9143 0.8943 0.8725
166 0.9375 0.5502 0.9214 0.8971 0.8737
167 0.9410 0.5378 0.9281 0.8919 0.8696
168 0.9293 0.6122 0.9132 0.8957 0.8726
169 0.9368 0.5652 0.9226 0.8922 0.8677
170 0.9373 0.5637 0.9217 0.8933 0.8716
171 0.9423 0.5285 0.9282 0.8930 0.8716
172 0.9421 0.5150 0.9287 0.8941 0.8712
173 0.9395 0.5329 0.9244 0.8915 0.8695
174 0.9352 0.5732 0.9197 0.8936 0.8699
175 0.9389 0.5495 0.9270 0.8967 0.8715
176 0.9330 0.5851 0.9183 0.8946 0.8731
177 0.9397 0.5206 0.9247 0.9010 0.8781
178 0.9376 0.5459 0.9233 0.8951 0.8744
179 0.9403 0.5480 0.9269 0.8958 0.8730
180 0.9414 0.5229 0.9287 0.8984 0.8771
181 0.9379 0.5335 0.9224 0.8949 0.8728
182 0.9393 0.5161 0.9259 0.8930 0.8710
183 0.9447 0.4980 0.9321 0.8967 0.8735
184 0.9396 0.5270 0.9274 0.8997 0.8776
185 0.9420 0.4888 0.9291 0.8991 0.8760
186 0.9405 0.5230 0.9270 0.8900 0.8655
187 0.9394 0.5311 0.9267 0.8974 0.8736
188 0.9421 0.4944 0.9296 0.8992 0.8746
189 0.9407 0.5299 0.9275 0.8965 0.8720
190 0.9461 0.4675 0.9339 0.8980 0.8744
191 0.9416 0.5222 0.9280 0.8957 0.8724
192 0.9405 0.5292 0.9265 0.8950 0.8719
193 0.9422 0.5061 0.9292 0.8955 0.8720
194 0.9439 0.4908 0.9300 0.8975 0.8752
195 0.9444 0.4827 0.9327 0.8983 0.8755
196 0.9426 0.4847 0.9292 0.8975 0.8755
197 0.9473 0.4647 0.9364 0.8969 0.8746
198 0.9471 0.4569 0.9371 0.8968 0.8749
199 0.9436 0.4741 0.9307 0.8971 0.8747
