epoch train_iou train_loss train_mAP val_iou val_mAP
0 0.6006 0.2943 0.5271 0.6995 0.6475
1 0.7130 0.2616 0.6612 0.7077 0.6613
2 0.7509 0.2724 0.7012 0.7419 0.7015
3 0.7853 0.2815 0.7399 0.7782 0.7358
4 0.8075 0.2890 0.7674 0.7946 0.7558
5 0.8228 0.2935 0.7826 0.7902 0.7561
6 0.8158 0.3408 0.7758 0.7971 0.7647
7 0.8087 0.3940 0.7688 0.7926 0.7562
8 0.8122 0.4394 0.7711 0.7912 0.7549
9 0.8130 0.4592 0.7721 0.8022 0.7737
10 0.8124 0.5187 0.7710 0.7918 0.7524
11 0.8260 0.4923 0.7871 0.8022 0.7690
12 0.8338 0.4954 0.7944 0.8289 0.7987
13 0.8471 0.4739 0.8112 0.8237 0.7932
14 0.8641 0.4503 0.8302 0.8347 0.8049
15 0.8697 0.4390 0.8346 0.8350 0.8057
16 0.8659 0.4713 0.8297 0.8438 0.8130
17 0.8669 0.5163 0.8308 0.8350 0.8010
18 0.8581 0.6017 0.8181 0.8228 0.7938
19 0.8540 0.6262 0.8156 0.8162 0.7796
20 0.8475 0.6768 0.8090 0.7842 0.7389
21 0.8498 0.6795 0.8118 0.8410 0.8101
22 0.8627 0.6291 0.8284 0.8305 0.8011
23 0.8765 0.5855 0.8404 0.8431 0.8168
24 0.8820 0.5622 0.8487 0.8507 0.8228
25 0.8889 0.5506 0.8553 0.8556 0.8274
26 0.8853 0.5850 0.8500 0.8584 0.8272
27 0.8830 0.6203 0.8478 0.8447 0.8177
28 0.8772 0.6819 0.8422 0.8369 0.8061
29 0.8666 0.7649 0.8323 0.8261 0.7996
30 0.8667 0.8206 0.8290 0.8339 0.8061
31 0.8732 0.7915 0.8390 0.8375 0.8103
32 0.8796 0.7333 0.8456 0.8540 0.8243
33 0.8877 0.6792 0.8537 0.8495 0.8205
34 0.8912 0.6763 0.8579 0.8537 0.8250
35 0.9022 0.6121 0.8677 0.8584 0.8298
36 0.8945 0.6495 0.8589 0.8599 0.8322
37 0.8972 0.7012 0.8633 0.8608 0.8317
38 0.8883 0.7559 0.8541 0.8451 0.8146
39 0.8891 0.8087 0.8549 0.8453 0.8187
40 0.8756 0.9738 0.8391 0.8517 0.8209
41 0.8760 0.9360 0.8414 0.8440 0.8168
42 0.8868 0.8643 0.8529 0.8544 0.8265
43 0.8942 0.8117 0.8594 0.8559 0.8282
44 0.9020 0.7545 0.8704 0.8563 0.8290
45 0.9079 0.7187 0.8760 0.8556 0.8290
46 0.9076 0.7291 0.8771 0.8626 0.8371
47 0.9000 0.7803 0.8680 0.8551 0.8293
48 0.9006 0.8368 0.8687 0.8551 0.8277
49 0.8936 0.9328 0.8603 0.8575 0.8261
50 0.8815 1.0805 0.8435 0.8541 0.8274
51 0.8889 1.0069 0.8556 0.8543 0.8262
52 0.9042 0.8508 0.8722 0.8541 0.8290
53 0.9054 0.8208 0.8739 0.8503 0.8268
54 0.9054 0.8067 0.8731 0.8495 0.8204
55 0.9107 0.7456 0.8789 0.8517 0.8262
56 0.9109 0.7329 0.8795 0.8605 0.8335
57 0.9078 0.7520 0.8756 0.8608 0.8353
58 0.9039 0.8044 0.8720 0.8596 0.8358
59 0.9015 0.8472 0.8678 0.8597 0.8314
60 0.8835 1.0745 0.8491 0.8400 0.8187
61 0.8885 1.0312 0.8533 0.8502 0.8193
62 0.8956 0.9013 0.8625 0.8540 0.8283
63 0.9082 0.7744 0.8773 0.8586 0.8307
64 0.9112 0.7385 0.8822 0.8643 0.8368
65 0.9137 0.7062 0.8813 0.8677 0.8417
66 0.9125 0.7184 0.8827 0.8588 0.8341
67 0.9119 0.7114 0.8813 0.8665 0.8417
68 0.9102 0.7654 0.8782 0.8603 0.8362
69 0.9021 0.8407 0.8694 0.8516 0.8258
70 0.8964 0.9333 0.8613 0.8546 0.8279
71 0.9062 0.8199 0.8747 0.8501 0.8251
72 0.9011 0.8164 0.8709 0.8620 0.8386
73 0.9114 0.7205 0.8794 0.8584 0.8345
74 0.9141 0.6922 0.8846 0.8664 0.8444
75 0.9139 0.6723 0.8819 0.8639 0.8425
76 0.9205 0.6371 0.8900 0.8650 0.8434
77 0.9175 0.6545 0.8888 0.8637 0.8386
78 0.9128 0.7107 0.8832 0.8599 0.8330
79 0.9084 0.7565 0.8770 0.8617 0.8342
80 0.8982 0.8946 0.8650 0.8532 0.8326
81 0.8970 0.8922 0.8632 0.8449 0.8155
82 0.9102 0.7736 0.8800 0.8610 0.8374
83 0.9151 0.7087 0.8852 0.8637 0.8394
84 0.9166 0.6651 0.8881 0.8659 0.8425
85 0.9190 0.6265 0.8894 0.8682 0.8463
86 0.9197 0.6250 0.8911 0.8645 0.8403
87 0.9134 0.6791 0.8831 0.8560 0.8320
88 0.9172 0.6945 0.8888 0.8642 0.8387
89 0.9065 0.7667 0.8787 0.8517 0.8243
90 0.9014 0.8559 0.8687 0.8575 0.8329
91 0.9064 0.7816 0.8753 0.8469 0.8238
92 0.9130 0.7228 0.8819 0.8613 0.8382
93 0.9205 0.6516 0.8901 0.8652 0.8427
94 0.9210 0.6093 0.8938 0.8671 0.8427
95 0.9222 0.6039 0.8945 0.8668 0.8436
96 0.9180 0.6151 0.8897 0.8727 0.8490
97 0.9194 0.6288 0.8920 0.8665 0.8417
98 0.9216 0.6373 0.8930 0.8644 0.8417
99 0.9087 0.7404 0.8778 0.8597 0.8308
100 0.9150 0.7169 0.8863 0.8588 0.8350
101 0.9144 0.6761 0.8845 0.8645 0.8386
102 0.9205 0.6237 0.8907 0.8620 0.8399
103 0.9220 0.5781 0.8941 0.8629 0.8373
104 0.9199 0.5859 0.8940 0.8615 0.8385
105 0.9238 0.5632 0.8954 0.8586 0.8366
106 0.9255 0.5631 0.8988 0.8610 0.8390
107 0.9227 0.5748 0.8967 0.8707 0.8449
108 0.9229 0.5885 0.8954 0.8728 0.8509
109 0.9239 0.5839 0.8986 0.8658 0.8423
110 0.9146 0.6638 0.8866 0.8686 0.8439
111 0.9200 0.6125 0.8926 0.8634 0.8376
112 0.9194 0.6154 0.8915 0.8706 0.8463
113 0.9276 0.5533 0.9016 0.8651 0.8423
114 0.9266 0.5660 0.9007 0.8639 0.8385
115 0.9260 0.5430 0.9001 0.8678 0.8446
116 0.9259 0.5487 0.9003 0.8646 0.8410
117 0.9261 0.5440 0.9004 0.8648 0.8424
118 0.9253 0.5490 0.9008 0.8589 0.8371
119 0.9265 0.5390 0.8996 0.8680 0.8473
120 0.9219 0.5894 0.8962 0.8644 0.8412
121 0.9249 0.5727 0.9005 0.8680 0.8449
122 0.9256 0.5553 0.8999 0.8683 0.8449
123 0.9241 0.5702 0.8973 0.8741 0.8536
124 0.9266 0.5278 0.9026 0.8698 0.8467
125 0.9303 0.5094 0.9069 0.8716 0.8503
126 0.9289 0.5236 0.9053 0.8743 0.8518
127 0.9289 0.5287 0.9033 0.8722 0.8492
128 0.9272 0.5402 0.9018 0.8704 0.8474
129 0.9283 0.5338 0.9016 0.8709 0.8454
130 0.9242 0.5621 0.9002 0.8558 0.8307
131 0.9274 0.5540 0.9032 0.8625 0.8386
132 0.9286 0.5216 0.9034 0.8659 0.8436
133 0.9278 0.5264 0.9025 0.8687 0.8482
134 0.9312 0.5032 0.9076 0.8670 0.8430
135 0.9354 0.4695 0.9121 0.8660 0.8431
136 0.9327 0.4886 0.9077 0.8681 0.8447
137 0.9281 0.5029 0.9027 0.8658 0.8442
138 0.9287 0.4949 0.9037 0.8517 0.8263
139 0.9283 0.5209 0.9047 0.8655 0.8454
140 0.9280 0.5219 0.9033 0.8707 0.8459
141 0.9284 0.5476 0.9018 0.8632 0.8404
142 0.9206 0.5717 0.8948 0.8690 0.8469
143 0.9287 0.5083 0.9046 0.8678 0.8428
144 0.9330 0.4848 0.9103 0.8721 0.8497
145 0.9292 0.4899 0.9050 0.8710 0.8501
146 0.9271 0.5171 0.9043 0.8707 0.8500
147 0.9274 0.5033 0.9050 0.8681 0.8475
148 0.9281 0.5020 0.9030 0.8645 0.8439
149 0.9287 0.5201 0.9043 0.8719 0.8490
150 0.9281 0.5420 0.9048 0.8644 0.8449
151 0.9245 0.5502 0.8997 0.8664 0.8405
152 0.9269 0.5407 0.9017 0.8633 0.8421
153 0.9296 0.5023 0.9059 0.8668 0.8445
154 0.9311 0.4766 0.9069 0.8680 0.8459
155 0.9322 0.4628 0.9090 0.8734 0.8512
156 0.9315 0.4773 0.9099 0.8782 0.8572
157 0.9335 0.4854 0.9121 0.8748 0.8541
158 0.9339 0.4728 0.9099 0.8694 0.8489
159 0.9304 0.4983 0.9084 0.8744 0.8518
160 0.9271 0.5083 0.9045 0.8762 0.8554
161 0.9318 0.4702 0.9096 0.8722 0.8525
162 0.9344 0.4734 0.9128 0.8739 0.8546
163 0.9305 0.4707 0.9080 0.8737 0.8526
164 0.9327 0.4515 0.9112 0.8692 0.8490
165 0.9334 0.4504 0.9104 0.8761 0.8556
166 0.9323 0.4551 0.9093 0.8736 0.8522
167 0.9298 0.4540 0.9074 0.8749 0.8519
168 0.9329 0.4549 0.9108 0.8712 0.8483
169 0.9338 0.4403 0.9119 0.8723 0.8522
170 0.9344 0.4505 0.9124 0.8735 0.8507
171 0.9353 0.4507 0.9140 0.8740 0.8512
172 0.9344 0.4424 0.9121 0.8755 0.8538
173 0.9347 0.4368 0.9145 0.8754 0.8547
174 0.9340 0.4418 0.9141 0.8743 0.8526
175 0.9351 0.4294 0.9141 0.8760 0.8536
176 0.9334 0.4397 0.9121 0.8734 0.8519
177 0.9327 0.4429 0.9108 0.8747 0.8534
178 0.9358 0.4299 0.9152 0.8735 0.8513
179 0.9348 0.4271 0.9135 0.8746 0.8528
180 0.9354 0.4413 0.9136 0.8767 0.8553
181 0.9342 0.4463 0.9126 0.8742 0.8538
182 0.9341 0.4390 0.9132 0.8740 0.8512
183 0.9377 0.4337 0.9173 0.8767 0.8560
184 0.9364 0.4206 0.9156 0.8763 0.8546
185 0.9320 0.4333 0.9115 0.8750 0.8526
186 0.9352 0.4282 0.9137 0.8727 0.8522
187 0.9350 0.4212 0.9128 0.8767 0.8563
188 0.9373 0.4201 0.9165 0.8764 0.8544
189 0.9354 0.4320 0.9146 0.8730 0.8526
190 0.9350 0.4304 0.9141 0.8739 0.8548
191 0.9365 0.4281 0.9155 0.8785 0.8580
192 0.9359 0.4215 0.9156 0.8757 0.8544
193 0.9355 0.4156 0.9143 0.8762 0.8537
194 0.9374 0.4026 0.9175 0.8762 0.8543
195 0.9384 0.4137 0.9169 0.8762 0.8546
196 0.9340 0.4180 0.9132 0.8781 0.8539
197 0.9389 0.4080 0.9182 0.8793 0.8558
198 0.9382 0.4034 0.9172 0.8761 0.8535
199 0.9361 0.4098 0.9150 0.8718 0.8476
