epoch train_iou train_loss train_mAP val_iou val_mAP
0 0.6361 0.2845 0.5641 0.7512 0.7014
1 0.7186 0.2700 0.6596 0.7641 0.7214
2 0.7556 0.2730 0.7048 0.7937 0.7506
3 0.7833 0.2838 0.7363 0.8097 0.7707
4 0.8043 0.3075 0.7611 0.8299 0.7940
5 0.8181 0.3163 0.7765 0.8247 0.7881
6 0.8316 0.3265 0.7956 0.8429 0.8057
7 0.8389 0.3460 0.8001 0.8414 0.8037
8 0.8357 0.3718 0.7986 0.8517 0.8207
9 0.8489 0.3681 0.8155 0.8581 0.8270
10 0.8374 0.4213 0.8036 0.8500 0.8182
11 0.8533 0.4047 0.8205 0.8392 0.8075
12 0.8525 0.4261 0.8168 0.8515 0.8239
13 0.8540 0.4633 0.8202 0.8483 0.8201
14 0.8619 0.4580 0.8302 0.8506 0.8220
15 0.8579 0.4971 0.8243 0.8511 0.8223
16 0.8635 0.5115 0.8302 0.8615 0.8360
17 0.8692 0.5106 0.8398 0.8561 0.8235
18 0.8656 0.5325 0.8334 0.8583 0.8296
19 0.8690 0.5468 0.8398 0.8591 0.8324
20 0.8644 0.5918 0.8351 0.8567 0.8281
21 0.8720 0.5704 0.8439 0.8485 0.8274
22 0.8797 0.5809 0.8527 0.8637 0.8404
23 0.8823 0.5654 0.8566 0.8463 0.8169
24 0.8784 0.6200 0.8495 0.8625 0.8366
25 0.8790 0.6332 0.8515 0.8621 0.8369
26 0.8784 0.6492 0.8491 0.8660 0.8435
27 0.8797 0.6605 0.8541 0.8722 0.8464
28 0.8873 0.6420 0.8599 0.8582 0.8362
29 0.8847 0.6778 0.8589 0.8692 0.8445
30 0.8947 0.6514 0.8693 0.8615 0.8349
31 0.8875 0.6961 0.8594 0.8662 0.8429
32 0.8986 0.6575 0.8720 0.8738 0.8484
33 0.8948 0.6987 0.8691 0.8632 0.8379
34 0.8959 0.7083 0.8718 0.8695 0.8459
35 0.8916 0.7292 0.8665 0.8784 0.8546
36 0.8971 0.7258 0.8705 0.8696 0.8460
37 0.8973 0.7625 0.8706 0.8718 0.8493
38 0.8930 0.7833 0.8671 0.8737 0.8493
39 0.8942 0.7901 0.8662 0.8713 0.8473
40 0.9041 0.7241 0.8813 0.8781 0.8547
41 0.9048 0.7393 0.8813 0.8738 0.8505
42 0.9051 0.7481 0.8821 0.8772 0.8557
43 0.9096 0.7388 0.8865 0.8755 0.8543
44 0.9111 0.7314 0.8896 0.8768 0.8521
45 0.9089 0.7601 0.8861 0.8869 0.8662
46 0.9101 0.7567 0.8865 0.8837 0.8646
47 0.9173 0.7072 0.8960 0.8858 0.8646
48 0.9143 0.7497 0.8929 0.8838 0.8631
49 0.9150 0.7528 0.8937 0.8862 0.8656
50 0.8852 1.1023 0.8571 0.8678 0.8388
51 0.8810 1.1593 0.8536 0.8822 0.8549
52 0.8778 1.1528 0.8505 0.8638 0.8361
53 0.8814 1.1372 0.8530 0.8731 0.8452
54 0.8906 1.0234 0.8642 0.8750 0.8512
55 0.8913 1.0602 0.8634 0.8680 0.8434
56 0.8913 1.0407 0.8645 0.8592 0.8344
57 0.8858 1.0599 0.8589 0.8758 0.8505
58 0.8832 1.0865 0.8545 0.8823 0.8560
59 0.8926 1.0016 0.8670 0.8769 0.8535
60 0.8941 1.0269 0.8697 0.8769 0.8543
61 0.9000 0.9690 0.8744 0.8725 0.8515
62 0.8914 0.9922 0.8650 0.8793 0.8545
63 0.9062 0.8977 0.8829 0.8783 0.8565
64 0.9059 0.9019 0.8839 0.8834 0.8592
65 0.8948 0.9690 0.8697 0.8785 0.8555
66 0.9041 0.8972 0.8797 0.8807 0.8576
67 0.9011 0.9005 0.8772 0.8773 0.8540
68 0.9109 0.8492 0.8887 0.8741 0.8531
69 0.9082 0.8393 0.8864 0.8792 0.8561
70 0.9047 0.8881 0.8819 0.8696 0.8487
71 0.9101 0.8296 0.8883 0.8815 0.8619
72 0.9152 0.8013 0.8957 0.8801 0.8586
73 0.9183 0.7611 0.8977 0.8820 0.8639
74 0.9085 0.8499 0.8872 0.8804 0.8617
75 0.9119 0.8149 0.8881 0.8846 0.8626
76 0.9114 0.8002 0.8883 0.8770 0.8571
77 0.9174 0.7505 0.8966 0.8797 0.8579
78 0.9145 0.7482 0.8951 0.8809 0.8601
79 0.9164 0.7248 0.8933 0.8773 0.8590
80 0.9221 0.7044 0.9014 0.8748 0.8552
81 0.9191 0.7475 0.9005 0.8845 0.8620
82 0.9205 0.7183 0.9015 0.8844 0.8625
83 0.9242 0.6966 0.9105 0.8814 0.8606
84 0.9208 0.7201 0.9032 0.8810 0.8589
85 0.9221 0.6882 0.9040 0.8852 0.8611
86 0.9179 0.7013 0.8987 0.8842 0.8611
87 0.9310 0.6171 0.9142 0.8819 0.8615
88 0.9312 0.6345 0.9128 0.8848 0.8630
89 0.9269 0.6625 0.9092 0.8857 0.8664
90 0.9270 0.6544 0.9095 0.8875 0.8664
91 0.9235 0.6689 0.9055 0.8890 0.8667
92 0.9220 0.6955 0.9060 0.8881 0.8676
93 0.9306 0.6007 0.9141 0.8891 0.8711
94 0.9327 0.5949 0.9158 0.8921 0.8731
95 0.9342 0.5981 0.9176 0.8903 0.8706
96 0.9296 0.6099 0.9127 0.8909 0.8729
97 0.9306 0.6084 0.9134 0.8891 0.8684
98 0.9349 0.5579 0.9197 0.8888 0.8681
99 0.9332 0.5811 0.9172 0.8912 0.8714
100 0.9262 0.6590 0.9074 0.8827 0.8647
101 0.9276 0.6831 0.9116 0.8843 0.8657
102 0.9233 0.6932 0.9029 0.8847 0.8629
103 0.9206 0.7070 0.9022 0.8819 0.8623
104 0.9202 0.7479 0.9013 0.8846 0.8651
105 0.9228 0.7025 0.9056 0.8829 0.8641
106 0.9216 0.7167 0.9005 0.8868 0.8656
107 0.9215 0.7060 0.9020 0.8819 0.8615
108 0.9249 0.6859 0.9055 0.8812 0.8616
109 0.9272 0.6478 0.9106 0.8857 0.8635
110 0.9260 0.6675 0.9083 0.8841 0.8619
111 0.9294 0.6385 0.9125 0.8880 0.8680
112 0.9310 0.6214 0.9136 0.8911 0.8685
113 0.9231 0.6706 0.9047 0.8868 0.8694
114 0.9294 0.6362 0.9125 0.8823 0.8632
115 0.9325 0.6010 0.9164 0.8828 0.8619
116 0.9298 0.6505 0.9114 0.8847 0.8671
117 0.9305 0.6168 0.9141 0.8899 0.8699
118 0.9298 0.6348 0.9135 0.8941 0.8751
119 0.9248 0.6468 0.9069 0.8930 0.8725
120 0.9366 0.5674 0.9207 0.8879 0.8679
121 0.9292 0.6020 0.9133 0.8925 0.8734
122 0.9353 0.5615 0.9199 0.8842 0.8626
123 0.9289 0.6367 0.9115 0.8893 0.8701
124 0.9352 0.5695 0.9205 0.8934 0.8731
125 0.9337 0.5905 0.9200 0.8872 0.8682
126 0.9363 0.5730 0.9230 0.8897 0.8717
127 0.9362 0.5560 0.9202 0.8902 0.8730
128 0.9345 0.5777 0.9218 0.8973 0.8754
129 0.9365 0.5489 0.9216 0.8969 0.8781
130 0.9367 0.5380 0.9206 0.8982 0.8780
131 0.9399 0.5243 0.9254 0.8889 0.8716
132 0.9354 0.5551 0.9206 0.8903 0.8730
133 0.9379 0.5269 0.9235 0.8933 0.8730
134 0.9412 0.5217 0.9281 0.8973 0.8770
135 0.9367 0.5303 0.9237 0.8948 0.8760
136 0.9361 0.5398 0.9213 0.8924 0.8742
137 0.9391 0.5371 0.9245 0.8910 0.8697
138 0.9364 0.5338 0.9230 0.8918 0.8743
139 0.9384 0.5201 0.9232 0.8941 0.8748
140 0.9401 0.5011 0.9272 0.8950 0.8760
141 0.9394 0.4967 0.9265 0.8977 0.8778
142 0.9362 0.5496 0.9236 0.8918 0.8739
143 0.9365 0.5580 0.9223 0.8897 0.8715
144 0.9435 0.4921 0.9298 0.8971 0.8772
145 0.9409 0.5077 0.9280 0.8927 0.8739
146 0.9407 0.5049 0.9279 0.8948 0.8768
147 0.9389 0.5158 0.9248 0.8944 0.8741
148 0.9369 0.5148 0.9231 0.8936 0.8736
149 0.9416 0.5132 0.9273 0.8941 0.8752
150 0.9422 0.5106 0.9282 0.8917 0.8711
151 0.9376 0.5187 0.9244 0.8898 0.8701
152 0.9340 0.5532 0.9172 0.8930 0.8756
153 0.9379 0.5459 0.9237 0.8940 0.8717
154 0.9348 0.5609 0.9212 0.8907 0.8721
155 0.9395 0.5167 0.9242 0.8924 0.8746
156 0.9386 0.5445 0.9246 0.8898 0.8705
157 0.9405 0.5162 0.9272 0.8901 0.8715
158 0.9428 0.4826 0.9316 0.8958 0.8765
159 0.9424 0.4915 0.9282 0.8902 0.8709
160 0.9372 0.5460 0.9234 0.8889 0.8701
161 0.9404 0.5198 0.9248 0.8931 0.8745
162 0.9357 0.5299 0.9212 0.8919 0.8757
163 0.9354 0.5301 0.9211 0.8898 0.8700
164 0.9408 0.5291 0.9268 0.8894 0.8706
165 0.9362 0.5380 0.9233 0.8930 0.8744
166 0.9438 0.4906 0.9306 0.8918 0.8745
167 0.9401 0.5177 0.9268 0.8915 0.8736
168 0.9403 0.4891 0.9265 0.8939 0.8736
169 0.9452 0.4806 0.9322 0.8951 0.8785
170 0.9400 0.5049 0.9257 0.8939 0.8746
171 0.9438 0.4821 0.9307 0.8899 0.8734
172 0.9372 0.5170 0.9232 0.8911 0.8729
173 0.9408 0.4821 0.9279 0.8941 0.8764
174 0.9445 0.4967 0.9323 0.8956 0.8765
175 0.9450 0.4842 0.9334 0.8913 0.8720
176 0.9407 0.4797 0.9305 0.8954 0.8749
177 0.9411 0.4989 0.9280 0.8928 0.8741
178 0.9462 0.4566 0.9347 0.8921 0.8745
179 0.9440 0.4814 0.9323 0.8958 0.8762
180 0.9425 0.4725 0.9300 0.8907 0.8746
181 0.9467 0.4498 0.9354 0.8919 0.8744
182 0.9502 0.4435 0.9389 0.8918 0.8766
183 0.9501 0.4246 0.9401 0.8925 0.8754
184 0.9402 0.5049 0.9270 0.8927 0.8763
185 0.9510 0.4245 0.9404 0.8918 0.8769
186 0.9419 0.4727 0.9298 0.8937 0.8780
187 0.9418 0.4969 0.9292 0.8947 0.8791
188 0.9482 0.4350 0.9369 0.8947 0.8790
189 0.9473 0.4483 0.9356 0.8966 0.8811
190 0.9494 0.4241 0.9397 0.8924 0.8768
191 0.9473 0.4396 0.9370 0.8926 0.8761
192 0.9471 0.4727 0.9351 0.8967 0.8785
193 0.9439 0.4552 0.9308 0.8935 0.8757
194 0.9503 0.4172 0.9402 0.8933 0.8777
195 0.9457 0.4515 0.9361 0.8929 0.8771
196 0.9429 0.4556 0.9307 0.8935 0.8779
197 0.9474 0.4535 0.9352 0.8942 0.8784
198 0.9518 0.4193 0.9403 0.8932 0.8775
199 0.9490 0.4353 0.9385 0.8934 0.8782
