epoch train_iou train_loss train_mAP val_iou val_mAP
0 0.5579 0.1663 0.4848 0.6610 0.6022
1 0.6820 0.1620 0.6222 0.7302 0.6787
2 0.7160 0.1737 0.6593 0.7693 0.7281
3 0.7677 0.1695 0.7201 0.7758 0.7305
4 0.7908 0.1707 0.7464 0.7922 0.7465
5 0.8173 0.1701 0.7760 0.8033 0.7652
6 0.8050 0.2039 0.7601 0.7990 0.7581
7 0.7964 0.2377 0.7516 0.8093 0.7706
8 0.7916 0.2640 0.7491 0.8029 0.7584
9 0.7742 0.3046 0.7327 0.8030 0.7590
10 0.7806 0.3229 0.7343 0.7970 0.7580
11 0.7958 0.3221 0.7529 0.8058 0.7674
12 0.8162 0.3019 0.7783 0.8281 0.7907
13 0.8388 0.2884 0.8049 0.8186 0.7795
14 0.8563 0.2684 0.8212 0.8354 0.8018
15 0.8610 0.2623 0.8275 0.8352 0.8054
16 0.8578 0.2807 0.8218 0.8293 0.7942
17 0.8586 0.3174 0.8238 0.8342 0.8057
18 0.8388 0.3627 0.8016 0.8082 0.7800
19 0.8275 0.3992 0.7874 0.8115 0.7694
20 0.8139 0.4655 0.7734 0.8133 0.7790
21 0.8316 0.4315 0.7949 0.8344 0.8026
22 0.8446 0.4084 0.8091 0.8338 0.8002
23 0.8655 0.3563 0.8335 0.8487 0.8161
24 0.8729 0.3492 0.8423 0.8512 0.8184
25 0.8844 0.3310 0.8528 0.8475 0.8159
26 0.8763 0.3522 0.8445 0.8506 0.8176
27 0.8718 0.3909 0.8380 0.8462 0.8116
28 0.8569 0.4404 0.8222 0.8153 0.7845
29 0.8443 0.5142 0.8089 0.8228 0.7877
30 0.8513 0.5169 0.8149 0.8388 0.8064
31 0.8630 0.4889 0.8302 0.8458 0.8101
32 0.8711 0.4533 0.8392 0.8576 0.8272
33 0.8851 0.4203 0.8543 0.8514 0.8211
34 0.8962 0.3861 0.8656 0.8532 0.8235
35 0.8979 0.3856 0.8684 0.8550 0.8257
36 0.8924 0.4055 0.8615 0.8559 0.8243
37 0.8894 0.4301 0.8596 0.8545 0.8221
38 0.8773 0.4905 0.8470 0.8467 0.8127
39 0.8680 0.5608 0.8359 0.8446 0.8119
40 0.8571 0.6023 0.8263 0.8172 0.7789
41 0.8674 0.5877 0.8341 0.8513 0.8205
42 0.8817 0.5222 0.8518 0.8489 0.8162
43 0.8915 0.4921 0.8624 0.8572 0.8275
44 0.8929 0.4711 0.8652 0.8591 0.8284
45 0.9070 0.4284 0.8789 0.8598 0.8291
46 0.9031 0.4452 0.8746 0.8632 0.8326
47 0.8971 0.4788 0.8710 0.8650 0.8347
48 0.8954 0.5156 0.8649 0.8650 0.8342
49 0.8809 0.6153 0.8507 0.8434 0.8159
50 0.8725 0.6668 0.8401 0.8457 0.8214
51 0.8744 0.6471 0.8459 0.8588 0.8291
52 0.8889 0.5681 0.8602 0.8569 0.8282
53 0.9008 0.5249 0.8708 0.8511 0.8249
54 0.9028 0.5080 0.8767 0.8598 0.8326
55 0.9093 0.4732 0.8836 0.8635 0.8347
56 0.9119 0.4864 0.8871 0.8583 0.8326
57 0.9093 0.5042 0.8817 0.8555 0.8279
58 0.8999 0.5698 0.8729 0.8595 0.8293
59 0.8902 0.6492 0.8597 0.8414 0.8109
60 0.8801 0.7235 0.8504 0.8464 0.8144
61 0.8903 0.6681 0.8611 0.8375 0.8125
62 0.8898 0.6585 0.8635 0.8552 0.8273
63 0.9010 0.5870 0.8743 0.8538 0.8280
64 0.9160 0.5135 0.8897 0.8570 0.8289
65 0.9181 0.5037 0.8924 0.8600 0.8310
66 0.9186 0.5043 0.8934 0.8643 0.8379
67 0.9146 0.5340 0.8891 0.8560 0.8296
68 0.9013 0.6178 0.8741 0.8655 0.8385
69 0.8930 0.7022 0.8669 0.8510 0.8182
70 0.8796 0.8121 0.8497 0.8437 0.8149
71 0.8955 0.7539 0.8667 0.8397 0.8126
72 0.8964 0.6948 0.8678 0.8660 0.8385
73 0.9089 0.6147 0.8834 0.8680 0.8380
74 0.9165 0.5695 0.8923 0.8696 0.8429
75 0.9171 0.5668 0.8903 0.8684 0.8420
76 0.9162 0.5765 0.8906 0.8717 0.8445
77 0.9166 0.5819 0.8938 0.8674 0.8395
78 0.9106 0.6621 0.8864 0.8643 0.8360
79 0.8983 0.7515 0.8707 0.8560 0.8219
80 0.8847 0.9121 0.8555 0.8534 0.8252
81 0.8969 0.7925 0.8717 0.8492 0.8176
82 0.9023 0.7426 0.8778 0.8606 0.8331
83 0.9168 0.6490 0.8909 0.8710 0.8416
84 0.9194 0.6070 0.8950 0.8667 0.8392
85 0.9223 0.6032 0.8994 0.8693 0.8426
86 0.9181 0.6208 0.8928 0.8677 0.8407
87 0.9189 0.6199 0.8948 0.8635 0.8327
88 0.9150 0.6764 0.8901 0.8628 0.8331
89 0.8970 0.8507 0.8704 0.8524 0.8270
90 0.8886 1.0075 0.8595 0.8543 0.8254
91 0.9021 0.8495 0.8772 0.8574 0.8307
92 0.9096 0.7520 0.8849 0.8605 0.8332
93 0.9137 0.7234 0.8917 0.8645 0.8391
94 0.9159 0.6652 0.8924 0.8699 0.8445
95 0.9228 0.6319 0.9001 0.8673 0.8415
96 0.9210 0.6583 0.8991 0.8646 0.8359
97 0.9229 0.6672 0.8988 0.8700 0.8420
98 0.9131 0.7652 0.8886 0.8658 0.8381
99 0.9018 0.8632 0.8771 0.8609 0.8304
100 0.9108 0.8103 0.8859 0.8706 0.8438
101 0.9157 0.7199 0.8944 0.8678 0.8422
102 0.9207 0.6914 0.8971 0.8677 0.8393
103 0.9272 0.6447 0.9062 0.8734 0.8469
104 0.9251 0.6331 0.9011 0.8738 0.8470
105 0.9276 0.6395 0.9062 0.8725 0.8455
106 0.9238 0.6443 0.9018 0.8791 0.8505
107 0.9302 0.5881 0.9089 0.8745 0.8466
108 0.9249 0.6366 0.9048 0.8706 0.8421
109 0.9236 0.6595 0.9012 0.8720 0.8434
110 0.9172 0.7446 0.8962 0.8612 0.8361
111 0.9220 0.6590 0.8993 0.8658 0.8370
112 0.9283 0.6140 0.9065 0.8733 0.8480
113 0.9250 0.6465 0.9041 0.8746 0.8459
114 0.9281 0.6179 0.9069 0.8766 0.8475
115 0.9303 0.5875 0.9101 0.8755 0.8461
116 0.9279 0.6025 0.9084 0.8769 0.8479
117 0.9282 0.6030 0.9083 0.8746 0.8474
118 0.9261 0.6416 0.9050 0.8693 0.8430
119 0.9281 0.6280 0.9069 0.8631 0.8346
120 0.9228 0.6439 0.9019 0.8684 0.8417
121 0.9228 0.6788 0.9037 0.8688 0.8431
122 0.9282 0.6181 0.9085 0.8670 0.8422
123 0.9327 0.5749 0.9146 0.8692 0.8460
124 0.9306 0.5725 0.9123 0.8737 0.8486
125 0.9309 0.5809 0.9116 0.8727 0.8480
126 0.9306 0.5593 0.9131 0.8735 0.8484
127 0.9268 0.5863 0.9092 0.8750 0.8516
128 0.9295 0.5867 0.9103 0.8734 0.8484
129 0.9286 0.6101 0.9070 0.8702 0.8418
130 0.9200 0.6771 0.8995 0.8588 0.8275
131 0.9195 0.6922 0.8990 0.8594 0.8287
132 0.9259 0.6258 0.9057 0.8725 0.8461
133 0.9276 0.5868 0.9102 0.8660 0.8404
134 0.9328 0.5559 0.9146 0.8688 0.8420
135 0.9268 0.5929 0.9082 0.8688 0.8430
136 0.9333 0.5409 0.9154 0.8737 0.8462
137 0.9298 0.5691 0.9119 0.8674 0.8400
138 0.9327 0.5681 0.9135 0.8687 0.8447
139 0.9322 0.5767 0.9132 0.8681 0.8424
140 0.9200 0.6608 0.9006 0.8657 0.8374
141 0.9231 0.6378 0.9037 0.8715 0.8478
142 0.9321 0.5539 0.9141 0.8695 0.8400
143 0.9284 0.5719 0.9103 0.8647 0.8352
144 0.9350 0.5391 0.9176 0.8732 0.8496
145 0.9342 0.5404 0.9184 0.8715 0.8476
146 0.9314 0.5285 0.9152 0.8713 0.8456
147 0.9321 0.5483 0.9148 0.8656 0.8424
148 0.9334 0.5736 0.9166 0.8676 0.8404
149 0.9291 0.5877 0.9118 0.8658 0.8388
150 0.9144 0.7284 0.8932 0.8707 0.8459
151 0.9248 0.6406 0.9064 0.8703 0.8418
152 0.9277 0.5758 0.9098 0.8732 0.8486
153 0.9355 0.5370 0.9178 0.8676 0.8416
154 0.9289 0.5810 0.9113 0.8752 0.8514
155 0.9354 0.5270 0.9190 0.8759 0.8525
156 0.9302 0.5432 0.9129 0.8735 0.8507
157 0.9335 0.5613 0.9175 0.8695 0.8465
158 0.9273 0.5616 0.9105 0.8725 0.8486
159 0.9250 0.6063 0.9046 0.8720 0.8476
160 0.9299 0.5523 0.9140 0.8716 0.8476
161 0.9354 0.5404 0.9202 0.8720 0.8474
162 0.9339 0.5364 0.9163 0.8682 0.8457
163 0.9390 0.4912 0.9244 0.8683 0.8456
164 0.9342 0.5428 0.9183 0.8668 0.8449
165 0.9383 0.5022 0.9250 0.8670 0.8438
166 0.9347 0.5092 0.9184 0.8687 0.8456
167 0.9334 0.5159 0.9178 0.8715 0.8485
168 0.9330 0.5162 0.9176 0.8690 0.8470
169 0.9352 0.5117 0.9193 0.8672 0.8426
170 0.9364 0.5144 0.9199 0.8689 0.8430
171 0.9313 0.5219 0.9176 0.8729 0.8477
172 0.9348 0.5084 0.9214 0.8721 0.8469
173 0.9394 0.4681 0.9254 0.8712 0.8470
174 0.9405 0.4780 0.9253 0.8734 0.8489
175 0.9387 0.4821 0.9236 0.8722 0.8489
176 0.9386 0.4890 0.9246 0.8735 0.8493
177 0.9387 0.4949 0.9224 0.8692 0.8468
178 0.9379 0.4830 0.9240 0.8712 0.8466
179 0.9348 0.5070 0.9193 0.8705 0.8440
180 0.9387 0.4856 0.9236 0.8686 0.8441
181 0.9361 0.4887 0.9214 0.8687 0.8438
182 0.9383 0.4960 0.9231 0.8685 0.8427
183 0.9425 0.4615 0.9289 0.8704 0.8435
184 0.9424 0.4640 0.9286 0.8682 0.8435
185 0.9379 0.4708 0.9238 0.8711 0.8456
186 0.9374 0.4862 0.9222 0.8703 0.8436
187 0.9378 0.4879 0.9246 0.8682 0.8430
188 0.9395 0.4846 0.9240 0.8684 0.8428
189 0.9411 0.4744 0.9258 0.8693 0.8456
190 0.9414 0.4768 0.9280 0.8695 0.8449
191 0.9403 0.4692 0.9256 0.8667 0.8418
192 0.9414 0.4628 0.9280 0.8705 0.8454
193 0.9401 0.4636 0.9284 0.8684 0.8432
194 0.9372 0.4744 0.9252 0.8675 0.8417
195 0.9411 0.4528 0.9288 0.8701 0.8461
196 0.9440 0.4679 0.9317 0.8723 0.8487
197 0.9390 0.4757 0.9248 0.8695 0.8450
198 0.9423 0.4686 0.9277 0.8714 0.8460
199 0.9409 0.4707 0.9258 0.8662 0.8401
