epoch train_iou train_loss train_mAP val_iou val_mAP
0 0.5670 0.3197 0.4966 0.3972 0.3472
1 0.7014 0.2967 0.6482 0.7455 0.6943
2 0.7525 0.2879 0.7085 0.7774 0.7339
3 0.7879 0.2929 0.7450 0.7996 0.7553
4 0.8074 0.2982 0.7681 0.8196 0.7857
5 0.8264 0.2998 0.7884 0.8237 0.7883
6 0.8310 0.3239 0.7946 0.8319 0.7957
7 0.8144 0.3972 0.7763 0.8141 0.7747
8 0.7930 0.4822 0.7551 0.8214 0.7905
9 0.8015 0.5077 0.7599 0.8002 0.7640
10 0.7987 0.5396 0.7597 0.8004 0.7640
11 0.8155 0.5417 0.7776 0.7951 0.7616
12 0.8275 0.5197 0.7921 0.8300 0.7949
13 0.8528 0.4851 0.8177 0.8548 0.8228
14 0.8631 0.4490 0.8296 0.8601 0.8273
15 0.8747 0.4371 0.8397 0.8626 0.8290
16 0.8699 0.4722 0.8361 0.8590 0.8288
17 0.8595 0.5457 0.8252 0.8510 0.8164
18 0.8483 0.6152 0.8136 0.8409 0.8151
19 0.8427 0.6800 0.8039 0.8200 0.7909
20 0.8302 0.7730 0.7937 0.8458 0.8124
21 0.8414 0.7446 0.8067 0.8395 0.8053
22 0.8597 0.6542 0.8244 0.8461 0.8144
23 0.8695 0.6496 0.8365 0.8521 0.8226
24 0.8827 0.5918 0.8483 0.8626 0.8313
25 0.8892 0.5683 0.8550 0.8617 0.8322
26 0.8869 0.5843 0.8528 0.8625 0.8351
27 0.8804 0.6524 0.8483 0.8636 0.8327
28 0.8710 0.7396 0.8338 0.8576 0.8312
29 0.8545 0.8728 0.8210 0.8470 0.8180
30 0.8508 0.9166 0.8156 0.8457 0.8107
31 0.8537 0.9147 0.8172 0.8560 0.8284
32 0.8708 0.8142 0.8345 0.8593 0.8267
33 0.8884 0.7241 0.8555 0.8678 0.8362
34 0.8894 0.6948 0.8555 0.8682 0.8386
35 0.8993 0.6616 0.8680 0.8697 0.8414
36 0.8955 0.6896 0.8613 0.8628 0.8342
37 0.8926 0.7337 0.8606 0.8614 0.8309
38 0.8805 0.8722 0.8469 0.8635 0.8329
39 0.8615 1.0463 0.8268 0.8503 0.8262
40 0.8660 1.0553 0.8310 0.8459 0.8262
41 0.8686 1.0103 0.8342 0.8548 0.8250
42 0.8807 0.9160 0.8467 0.8557 0.8296
43 0.8874 0.8741 0.8540 0.8632 0.8316
44 0.8980 0.7969 0.8665 0.8737 0.8450
45 0.9068 0.7300 0.8752 0.8709 0.8410
46 0.9063 0.7433 0.8754 0.8694 0.8420
47 0.9019 0.8208 0.8707 0.8673 0.8429
48 0.8971 0.8578 0.8646 0.8626 0.8403
49 0.8843 1.0227 0.8500 0.8555 0.8295
50 0.8817 1.0831 0.8483 0.8620 0.8322
51 0.8834 1.0942 0.8492 0.8520 0.8262
52 0.8958 0.9805 0.8628 0.8533 0.8289
53 0.9000 0.8768 0.8676 0.8542 0.8283
54 0.9068 0.7979 0.8769 0.8638 0.8334
55 0.9085 0.7843 0.8786 0.8658 0.8349
56 0.9105 0.7568 0.8781 0.8614 0.8337
57 0.9087 0.7899 0.8769 0.8614 0.8351
58 0.9018 0.8656 0.8706 0.8612 0.8338
59 0.8922 0.9454 0.8610 0.8651 0.8399
60 0.8891 0.9906 0.8558 0.8559 0.8246
61 0.8897 0.9689 0.8572 0.8589 0.8335
62 0.9015 0.8555 0.8694 0.8576 0.8265
63 0.9082 0.7843 0.8778 0.8682 0.8400
64 0.9122 0.7255 0.8802 0.8674 0.8407
65 0.9157 0.6855 0.8852 0.8675 0.8421
66 0.9157 0.6794 0.8853 0.8716 0.8457
67 0.9137 0.7382 0.8842 0.8638 0.8355
68 0.9017 0.8453 0.8709 0.8544 0.8297
69 0.8887 1.0310 0.8574 0.8695 0.8427
70 0.8896 1.0064 0.8571 0.8561 0.8281
71 0.8878 0.9880 0.8544 0.8666 0.8405
72 0.8994 0.8687 0.8689 0.8633 0.8387
73 0.9079 0.7722 0.8784 0.8733 0.8451
74 0.9122 0.7287 0.8837 0.8727 0.8436
75 0.9168 0.6920 0.8883 0.8725 0.8445
76 0.9175 0.6542 0.8895 0.8720 0.8445
77 0.9166 0.6780 0.8882 0.8708 0.8445
78 0.9142 0.7572 0.8840 0.8546 0.8291
79 0.8961 0.9006 0.8658 0.8673 0.8380
80 0.8915 0.9368 0.8579 0.8608 0.8352
81 0.8953 0.8978 0.8633 0.8699 0.8370
82 0.9076 0.7916 0.8760 0.8629 0.8328
83 0.9107 0.7294 0.8793 0.8665 0.8406
84 0.9159 0.6543 0.8864 0.8653 0.8380
85 0.9156 0.6463 0.8854 0.8673 0.8412
86 0.9245 0.6137 0.8967 0.8630 0.8381
87 0.9162 0.6725 0.8902 0.8645 0.8399
88 0.9140 0.7009 0.8832 0.8641 0.8384
89 0.9040 0.8027 0.8723 0.8628 0.8341
90 0.8880 1.0104 0.8568 0.8631 0.8356
91 0.9023 0.8661 0.8699 0.8501 0.8192
92 0.9013 0.8507 0.8714 0.8588 0.8337
93 0.9110 0.7345 0.8817 0.8598 0.8341
94 0.9153 0.6898 0.8858 0.8698 0.8444
95 0.9187 0.6550 0.8909 0.8713 0.8440
96 0.9236 0.6156 0.8946 0.8706 0.8434
97 0.9185 0.6462 0.8910 0.8646 0.8428
98 0.9102 0.7034 0.8814 0.8635 0.8354
99 0.9089 0.7690 0.8769 0.8664 0.8377
100 0.9113 0.7369 0.8802 0.8629 0.8400
101 0.9162 0.6837 0.8880 0.8613 0.8400
102 0.9124 0.6963 0.8847 0.8730 0.8433
103 0.9204 0.6175 0.8940 0.8699 0.8452
104 0.9241 0.5910 0.8968 0.8723 0.8466
105 0.9288 0.5637 0.9042 0.8755 0.8498
106 0.9230 0.5774 0.8963 0.8719 0.8457
107 0.9256 0.5597 0.8987 0.8694 0.8473
108 0.9205 0.5961 0.8937 0.8702 0.8431
109 0.9229 0.5885 0.8952 0.8712 0.8455
110 0.9098 0.7220 0.8814 0.8601 0.8360
111 0.9189 0.6356 0.8907 0.8663 0.8423
112 0.9279 0.5889 0.9015 0.8736 0.8475
113 0.9268 0.5468 0.9001 0.8781 0.8535
114 0.9285 0.5280 0.9037 0.8803 0.8548
115 0.9283 0.5235 0.9040 0.8789 0.8536
116 0.9282 0.5193 0.9034 0.8728 0.8491
117 0.9266 0.5290 0.9024 0.8767 0.8500
118 0.9262 0.5240 0.9011 0.8764 0.8492
119 0.9239 0.5638 0.8979 0.8733 0.8452
120 0.9165 0.6478 0.8899 0.8718 0.8437
121 0.9201 0.6282 0.8934 0.8671 0.8414
122 0.9228 0.5791 0.8951 0.8669 0.8411
123 0.9280 0.5453 0.9012 0.8657 0.8381
124 0.9288 0.5222 0.9044 0.8741 0.8491
125 0.9284 0.5266 0.9035 0.8735 0.8503
126 0.9281 0.5137 0.9031 0.8735 0.8458
127 0.9288 0.5174 0.9051 0.8724 0.8456
128 0.9266 0.5385 0.9010 0.8718 0.8473
129 0.9294 0.5393 0.9061 0.8705 0.8426
130 0.9183 0.6579 0.8911 0.8616 0.8311
131 0.9206 0.6455 0.8935 0.8736 0.8468
132 0.9213 0.5761 0.8951 0.8620 0.8376
133 0.9285 0.5104 0.9034 0.8705 0.8442
134 0.9257 0.5258 0.8999 0.8669 0.8433
135 0.9319 0.4898 0.9080 0.8682 0.8445
136 0.9311 0.5021 0.9065 0.8684 0.8444
137 0.9275 0.5152 0.9013 0.8672 0.8445
138 0.9317 0.5120 0.9058 0.8719 0.8513
139 0.9248 0.5538 0.8998 0.8698 0.8464
140 0.9243 0.5681 0.8992 0.8662 0.8383
141 0.9239 0.6017 0.8981 0.8750 0.8508
142 0.9280 0.5561 0.9037 0.8725 0.8471
143 0.9298 0.5164 0.9065 0.8768 0.8508
144 0.9312 0.4870 0.9078 0.8761 0.8525
145 0.9329 0.4686 0.9088 0.8766 0.8525
146 0.9346 0.4758 0.9118 0.8761 0.8535
147 0.9337 0.4700 0.9085 0.8720 0.8475
148 0.9330 0.4848 0.9099 0.8694 0.8466
149 0.9276 0.5207 0.9021 0.8672 0.8420
150 0.9211 0.6319 0.8942 0.8709 0.8440
151 0.9189 0.6262 0.8922 0.8723 0.8449
152 0.9279 0.5151 0.9031 0.8765 0.8513
153 0.9298 0.5263 0.9071 0.8783 0.8548
154 0.9325 0.4724 0.9080 0.8776 0.8534
155 0.9322 0.4739 0.9078 0.8793 0.8544
156 0.9325 0.4698 0.9090 0.8773 0.8520
157 0.9312 0.4883 0.9091 0.8713 0.8482
158 0.9308 0.4929 0.9077 0.8778 0.8520
159 0.9295 0.5075 0.9048 0.8682 0.8477
160 0.9322 0.4803 0.9092 0.8701 0.8459
161 0.9316 0.4669 0.9081 0.8681 0.8445
162 0.9317 0.4629 0.9082 0.8734 0.8466
163 0.9338 0.4577 0.9106 0.8732 0.8472
164 0.9355 0.4385 0.9120 0.8723 0.8458
165 0.9312 0.4639 0.9079 0.8712 0.8461
166 0.9368 0.4247 0.9143 0.8700 0.8463
167 0.9377 0.4263 0.9145 0.8677 0.8428
168 0.9324 0.4597 0.9091 0.8714 0.8469
169 0.9362 0.4381 0.9131 0.8676 0.8442
170 0.9338 0.4639 0.9104 0.8696 0.8440
171 0.9356 0.4454 0.9132 0.8691 0.8452
172 0.9335 0.4349 0.9107 0.8729 0.8469
173 0.9359 0.4517 0.9134 0.8716 0.8477
174 0.9344 0.4356 0.9134 0.8724 0.8451
175 0.9351 0.4187 0.9135 0.8715 0.8454
176 0.9348 0.4291 0.9135 0.8687 0.8421
177 0.9378 0.4193 0.9158 0.8703 0.8435
178 0.9355 0.4338 0.9131 0.8766 0.8507
179 0.9379 0.4169 0.9165 0.8704 0.8472
180 0.9354 0.4314 0.9130 0.8687 0.8456
181 0.9355 0.4345 0.9129 0.8756 0.8501
182 0.9377 0.4234 0.9158 0.8742 0.8477
183 0.9412 0.3879 0.9198 0.8707 0.8480
184 0.9361 0.4178 0.9152 0.8682 0.8435
185 0.9369 0.4161 0.9135 0.8693 0.8447
186 0.9388 0.4174 0.9171 0.8697 0.8461
187 0.9347 0.4216 0.9121 0.8725 0.8478
188 0.9372 0.4224 0.9129 0.8685 0.8432
189 0.9420 0.3856 0.9204 0.8722 0.8456
190 0.9409 0.3978 0.9201 0.8758 0.8477
191 0.9334 0.4425 0.9101 0.8742 0.8470
192 0.9367 0.4205 0.9138 0.8772 0.8515
193 0.9373 0.4151 0.9154 0.8775 0.8515
194 0.9396 0.4010 0.9177 0.8794 0.8527
195 0.9411 0.4034 0.9200 0.8790 0.8532
196 0.9366 0.4182 0.9150 0.8783 0.8521
197 0.9340 0.4332 0.9111 0.8760 0.8494
198 0.9401 0.3982 0.9189 0.8762 0.8493
199 0.9363 0.4153 0.9132 0.8780 0.8507
