epoch train_iou train_loss train_mAP val_iou val_mAP
0 0.6197 0.2853 0.5408 0.6872 0.6181
1 0.7160 0.2473 0.6512 0.7681 0.7101
2 0.7729 0.2515 0.7214 0.7936 0.7500
3 0.8053 0.2547 0.7589 0.7992 0.7574
4 0.8086 0.2835 0.7641 0.8206 0.7800
5 0.8124 0.3084 0.7686 0.8287 0.7877
6 0.8291 0.3114 0.7886 0.8236 0.7847
7 0.8176 0.3643 0.7710 0.8276 0.7851
8 0.8176 0.4177 0.7744 0.8153 0.7801
9 0.8227 0.4460 0.7791 0.8177 0.7800
10 0.8310 0.4447 0.7927 0.8249 0.7892
11 0.8414 0.4625 0.8059 0.8271 0.7977
12 0.8516 0.4472 0.8179 0.8448 0.8114
13 0.8629 0.4408 0.8302 0.8415 0.8114
14 0.8645 0.4460 0.8338 0.8512 0.8245
15 0.8707 0.4547 0.8413 0.8578 0.8292
16 0.8736 0.4369 0.8411 0.8495 0.8199
17 0.8709 0.4964 0.8406 0.8466 0.8120
18 0.8624 0.5625 0.8313 0.8441 0.8155
19 0.8537 0.6257 0.8201 0.8483 0.8185
20 0.8531 0.6396 0.8208 0.8522 0.8242
21 0.8701 0.5975 0.8400 0.8578 0.8237
22 0.8711 0.6094 0.8403 0.8649 0.8364
23 0.8878 0.5769 0.8626 0.8608 0.8350
24 0.8840 0.5756 0.8579 0.8569 0.8318
25 0.8975 0.5275 0.8732 0.8632 0.8369
26 0.8975 0.5494 0.8746 0.8612 0.8330
27 0.8915 0.6004 0.8647 0.8666 0.8381
28 0.8833 0.6751 0.8553 0.8551 0.8243
29 0.8756 0.7470 0.8468 0.8497 0.8230
30 0.8667 0.8136 0.8342 0.8483 0.8185
31 0.8791 0.7621 0.8478 0.8572 0.8293
32 0.8873 0.7372 0.8593 0.8588 0.8329
33 0.8877 0.7272 0.8604 0.8599 0.8278
34 0.8980 0.6856 0.8723 0.8672 0.8410
35 0.9054 0.6621 0.8809 0.8713 0.8442
36 0.8990 0.7113 0.8748 0.8716 0.8461
37 0.9080 0.6774 0.8841 0.8659 0.8399
38 0.8950 0.7917 0.8649 0.8674 0.8393
39 0.8909 0.8472 0.8650 0.8553 0.8282
40 0.8827 0.9197 0.8572 0.8436 0.8049
41 0.8883 0.8949 0.8608 0.8701 0.8393
42 0.8973 0.8246 0.8715 0.8649 0.8383
43 0.9052 0.7677 0.8815 0.8633 0.8374
44 0.9046 0.7817 0.8781 0.8639 0.8372
45 0.9112 0.7444 0.8888 0.8660 0.8406
46 0.9145 0.7281 0.8921 0.8697 0.8431
47 0.9076 0.8258 0.8854 0.8693 0.8442
48 0.9008 0.8787 0.8790 0.8693 0.8392
49 0.8951 0.9673 0.8711 0.8617 0.8353
50 0.8918 1.0417 0.8679 0.8670 0.8357
51 0.9006 0.9653 0.8755 0.8622 0.8356
52 0.9016 0.9222 0.8772 0.8639 0.8366
53 0.9016 0.9286 0.8785 0.8638 0.8357
54 0.9058 0.8649 0.8824 0.8720 0.8460
55 0.9153 0.7718 0.8949 0.8693 0.8431
56 0.9138 0.8141 0.8906 0.8684 0.8417
57 0.9095 0.8546 0.8866 0.8647 0.8354
58 0.9098 0.8328 0.8849 0.8694 0.8449
59 0.8950 0.9792 0.8714 0.8643 0.8388
60 0.8949 0.9876 0.8706 0.8689 0.8399
61 0.8987 0.9420 0.8749 0.8650 0.8400
62 0.9046 0.8759 0.8791 0.8723 0.8482
63 0.9101 0.8212 0.8894 0.8717 0.8490
64 0.9140 0.7522 0.8933 0.8801 0.8528
65 0.9177 0.7633 0.8962 0.8789 0.8518
66 0.9178 0.7613 0.8970 0.8791 0.8537
67 0.9213 0.7248 0.9014 0.8719 0.8475
68 0.9179 0.7691 0.8973 0.8704 0.8477
69 0.9079 0.8503 0.8862 0.8742 0.8483
70 0.8983 0.9522 0.8728 0.8643 0.8419
71 0.9073 0.8916 0.8830 0.8727 0.8441
72 0.9249 0.7369 0.9057 0.8654 0.8416
73 0.9182 0.7658 0.8969 0.8748 0.8466
74 0.9214 0.7470 0.9036 0.8741 0.8499
75 0.9176 0.7587 0.8990 0.8766 0.8521
76 0.9226 0.7132 0.9035 0.8778 0.8536
77 0.9239 0.7339 0.9055 0.8762 0.8525
78 0.9178 0.7549 0.8973 0.8720 0.8440
79 0.9092 0.8608 0.8871 0.8766 0.8509
80 0.9007 0.9195 0.8752 0.8733 0.8449
81 0.9124 0.8257 0.8939 0.8781 0.8499
82 0.9136 0.7754 0.8921 0.8750 0.8474
83 0.9203 0.7334 0.8968 0.8769 0.8510
84 0.9190 0.7044 0.9010 0.8764 0.8515
85 0.9288 0.6521 0.9136 0.8781 0.8526
86 0.9266 0.6733 0.9072 0.8814 0.8560
87 0.9175 0.7249 0.8966 0.8763 0.8501
88 0.9222 0.7090 0.9022 0.8681 0.8425
89 0.9184 0.7453 0.9008 0.8702 0.8416
90 0.9055 0.8693 0.8818 0.8690 0.8432
91 0.9069 0.8444 0.8838 0.8722 0.8460
92 0.9156 0.7894 0.8961 0.8731 0.8489
93 0.9215 0.7288 0.9008 0.8794 0.8529
94 0.9285 0.6652 0.9122 0.8794 0.8542
95 0.9303 0.6441 0.9139 0.8788 0.8541
96 0.9268 0.6530 0.9066 0.8786 0.8535
97 0.9264 0.6653 0.9091 0.8777 0.8529
98 0.9252 0.6803 0.9056 0.8809 0.8555
99 0.9107 0.8201 0.8924 0.8635 0.8400
100 0.9206 0.7225 0.9021 0.8753 0.8501
101 0.9217 0.7171 0.9034 0.8776 0.8532
102 0.9271 0.6667 0.9073 0.8793 0.8570
103 0.9323 0.6119 0.9135 0.8773 0.8545
104 0.9268 0.6506 0.9087 0.8759 0.8541
105 0.9326 0.6030 0.9174 0.8772 0.8550
106 0.9351 0.6052 0.9177 0.8774 0.8549
107 0.9349 0.5861 0.9205 0.8814 0.8593
108 0.9327 0.6140 0.9137 0.8822 0.8587
109 0.9258 0.6393 0.9080 0.8794 0.8541
110 0.9317 0.6619 0.9150 0.8811 0.8577
111 0.9321 0.6383 0.9165 0.8801 0.8546
112 0.9278 0.6446 0.9114 0.8787 0.8565
113 0.9345 0.5954 0.9172 0.8809 0.8560
114 0.9345 0.5694 0.9195 0.8767 0.8521
115 0.9334 0.5840 0.9183 0.8802 0.8547
116 0.9337 0.6019 0.9161 0.8810 0.8581
117 0.9340 0.5864 0.9185 0.8807 0.8577
118 0.9329 0.5820 0.9160 0.8821 0.8587
119 0.9359 0.6036 0.9197 0.8826 0.8562
120 0.9323 0.6189 0.9158 0.8720 0.8476
121 0.9274 0.6457 0.9097 0.8733 0.8490
122 0.9279 0.6366 0.9103 0.8777 0.8532
123 0.9351 0.5723 0.9202 0.8792 0.8543
124 0.9324 0.5950 0.9169 0.8808 0.8546
125 0.9370 0.5558 0.9221 0.8775 0.8521
126 0.9345 0.5779 0.9194 0.8821 0.8580
127 0.9381 0.5532 0.9227 0.8799 0.8561
128 0.9382 0.5371 0.9241 0.8799 0.8570
129 0.9387 0.5544 0.9235 0.8794 0.8535
130 0.9337 0.5998 0.9169 0.8783 0.8540
131 0.9317 0.6281 0.9150 0.8764 0.8486
132 0.9342 0.5848 0.9182 0.8798 0.8530
133 0.9388 0.5476 0.9257 0.8811 0.8541
134 0.9376 0.5577 0.9248 0.8826 0.8571
135 0.9374 0.5558 0.9214 0.8829 0.8571
136 0.9398 0.5384 0.9257 0.8823 0.8574
137 0.9365 0.5816 0.9205 0.8786 0.8536
138 0.9405 0.5271 0.9276 0.8836 0.8571
139 0.9335 0.5898 0.9166 0.8812 0.8601
140 0.9312 0.6245 0.9169 0.8778 0.8524
141 0.9307 0.6341 0.9123 0.8738 0.8476
142 0.9351 0.5663 0.9220 0.8771 0.8535
143 0.9378 0.5402 0.9223 0.8795 0.8561
144 0.9429 0.5219 0.9302 0.8787 0.8556
145 0.9415 0.5180 0.9273 0.8817 0.8572
146 0.9400 0.5313 0.9255 0.8796 0.8558
147 0.9410 0.5106 0.9287 0.8778 0.8489
148 0.9389 0.5456 0.9246 0.8822 0.8595
149 0.9352 0.5759 0.9196 0.8794 0.8549
150 0.9342 0.6081 0.9193 0.8754 0.8510
151 0.9356 0.5683 0.9231 0.8790 0.8537
152 0.9394 0.5452 0.9247 0.8820 0.8575
153 0.9356 0.5508 0.9196 0.8841 0.8594
154 0.9423 0.5238 0.9307 0.8801 0.8554
155 0.9432 0.5094 0.9322 0.8787 0.8531
156 0.9409 0.5238 0.9267 0.8767 0.8528
157 0.9430 0.4898 0.9310 0.8756 0.8524
158 0.9367 0.5657 0.9227 0.8801 0.8549
159 0.9383 0.5490 0.9239 0.8823 0.8559
160 0.9427 0.5288 0.9286 0.8816 0.8562
161 0.9422 0.5144 0.9305 0.8780 0.8536
162 0.9404 0.5156 0.9272 0.8802 0.8556
163 0.9460 0.4716 0.9347 0.8800 0.8555
164 0.9478 0.4566 0.9358 0.8796 0.8549
165 0.9403 0.4978 0.9266 0.8794 0.8549
166 0.9398 0.5240 0.9272 0.8810 0.8561
167 0.9379 0.5248 0.9256 0.8789 0.8542
168 0.9420 0.4950 0.9306 0.8805 0.8553
169 0.9468 0.4659 0.9347 0.8798 0.8555
170 0.9495 0.4583 0.9393 0.8837 0.8609
171 0.9451 0.4702 0.9337 0.8823 0.8586
172 0.9431 0.4804 0.9326 0.8806 0.8556
173 0.9476 0.4609 0.9352 0.8800 0.8559
174 0.9439 0.5047 0.9321 0.8775 0.8540
175 0.9451 0.4711 0.9343 0.8783 0.8534
176 0.9492 0.4377 0.9376 0.8797 0.8555
177 0.9388 0.5119 0.9263 0.8818 0.8553
178 0.9461 0.4744 0.9324 0.8813 0.8564
179 0.9427 0.4816 0.9292 0.8816 0.8575
180 0.9436 0.4841 0.9307 0.8851 0.8625
181 0.9390 0.5027 0.9270 0.8860 0.8609
182 0.9455 0.4749 0.9343 0.8850 0.8600
183 0.9433 0.4685 0.9326 0.8831 0.8575
184 0.9499 0.4331 0.9397 0.8822 0.8569
185 0.9458 0.4684 0.9346 0.8829 0.8574
186 0.9454 0.4679 0.9337 0.8825 0.8575
187 0.9443 0.4898 0.9319 0.8820 0.8565
188 0.9449 0.4645 0.9334 0.8817 0.8570
189 0.9471 0.4575 0.9350 0.8823 0.8570
190 0.9443 0.4750 0.9314 0.8834 0.8583
191 0.9467 0.4777 0.9344 0.8804 0.8567
192 0.9491 0.4418 0.9381 0.8775 0.8553
193 0.9473 0.4651 0.9365 0.8781 0.8553
194 0.9471 0.4447 0.9367 0.8820 0.8584
195 0.9457 0.4544 0.9359 0.8816 0.8582
196 0.9495 0.4388 0.9391 0.8783 0.8555
197 0.9477 0.4526 0.9348 0.8811 0.8587
198 0.9485 0.4358 0.9370 0.8795 0.8558
199 0.9461 0.4662 0.9343 0.8801 0.8556
