epoch train_iou train_loss train_mAP val_iou val_mAP
0 0.6183 0.3051 0.5384 0.7109 0.6607
1 0.7212 0.2593 0.6635 0.7504 0.7091
2 0.7622 0.2758 0.7097 0.8048 0.7636
3 0.7963 0.2773 0.7558 0.7891 0.7497
4 0.8051 0.3123 0.7650 0.7863 0.7578
5 0.8239 0.3110 0.7886 0.8218 0.7885
6 0.8256 0.3371 0.7883 0.8279 0.7902
7 0.8288 0.3500 0.7962 0.8203 0.7837
8 0.8137 0.4199 0.7754 0.8476 0.8142
9 0.8291 0.4270 0.7960 0.8318 0.7964
10 0.8407 0.4233 0.8039 0.8201 0.7872
11 0.8483 0.4340 0.8120 0.8415 0.8046
12 0.8462 0.4693 0.8164 0.8494 0.8174
13 0.8369 0.5187 0.8058 0.8279 0.8071
14 0.8426 0.5198 0.8055 0.8365 0.8050
15 0.8416 0.5481 0.8101 0.8305 0.7921
16 0.8445 0.5842 0.8129 0.8427 0.8181
17 0.8568 0.5649 0.8251 0.7298 0.6266
18 0.8520 0.6128 0.8228 0.8535 0.8268
19 0.8548 0.6175 0.8243 0.8440 0.8142
20 0.8603 0.6221 0.8324 0.8544 0.8259
21 0.8599 0.6502 0.8304 0.8579 0.8292
22 0.8625 0.6626 0.8351 0.8485 0.8215
23 0.8623 0.6725 0.8348 0.8592 0.8331
24 0.8590 0.7086 0.8290 0.8577 0.8268
25 0.8771 0.6514 0.8506 0.8694 0.8425
26 0.8730 0.6929 0.8471 0.8649 0.8366
27 0.8715 0.7312 0.8453 0.8589 0.8343
28 0.8768 0.7184 0.8503 0.8674 0.8426
29 0.8740 0.7424 0.8475 0.8620 0.8393
30 0.8830 0.7343 0.8565 0.8517 0.8224
31 0.8772 0.7758 0.8538 0.8646 0.8407
32 0.8744 0.8183 0.8487 0.8608 0.8286
33 0.8808 0.8018 0.8562 0.8548 0.8264
34 0.8753 0.8356 0.8512 0.8630 0.8395
35 0.8792 0.8344 0.8536 0.8701 0.8425
36 0.8903 0.7860 0.8685 0.8702 0.8438
37 0.8917 0.8157 0.8675 0.8577 0.8331
38 0.8827 0.8921 0.8586 0.8670 0.8404
39 0.8938 0.8253 0.8701 0.8760 0.8504
40 0.8951 0.8509 0.8736 0.8753 0.8496
41 0.9034 0.8000 0.8795 0.8714 0.8451
42 0.9035 0.8031 0.8809 0.8775 0.8537
43 0.9006 0.8388 0.8788 0.8783 0.8537
44 0.9038 0.7997 0.8847 0.8782 0.8525
45 0.9051 0.7994 0.8792 0.8818 0.8562
46 0.9009 0.8732 0.8769 0.8826 0.8573
47 0.9046 0.8299 0.8828 0.8845 0.8605
48 0.9148 0.7851 0.8953 0.8849 0.8599
49 0.9139 0.7983 0.8934 0.8830 0.8591
50 0.8544 1.3983 0.8268 0.8526 0.8201
51 0.8598 1.3347 0.8305 0.8565 0.8279
52 0.8614 1.3457 0.8357 0.8409 0.8171
53 0.8690 1.2340 0.8421 0.8636 0.8354
54 0.8692 1.2632 0.8400 0.8588 0.8299
55 0.8754 1.2142 0.8505 0.8664 0.8392
56 0.8755 1.1959 0.8494 0.8587 0.8321
57 0.8791 1.1826 0.8545 0.8656 0.8411
58 0.8694 1.2505 0.8410 0.8610 0.8350
59 0.8786 1.1720 0.8533 0.8518 0.8282
60 0.8752 1.2071 0.8488 0.8614 0.8365
61 0.8878 1.0873 0.8645 0.8634 0.8389
62 0.8841 1.1306 0.8597 0.8731 0.8494
63 0.8784 1.1431 0.8527 0.8738 0.8491
64 0.8871 1.0981 0.8671 0.8691 0.8458
65 0.8835 1.1166 0.8569 0.8743 0.8461
66 0.8790 1.1324 0.8512 0.8689 0.8440
67 0.8914 1.0444 0.8701 0.8717 0.8481
68 0.8894 1.0604 0.8632 0.8720 0.8465
69 0.8913 1.0457 0.8668 0.8719 0.8482
70 0.8909 1.0223 0.8658 0.8721 0.8495
71 0.8991 0.9908 0.8771 0.8706 0.8455
72 0.8936 1.0025 0.8709 0.8798 0.8560
73 0.9003 0.9766 0.8778 0.8765 0.8539
74 0.9006 0.9457 0.8789 0.8742 0.8511
75 0.8970 0.9412 0.8723 0.8753 0.8489
76 0.8968 0.9673 0.8738 0.8792 0.8580
77 0.8941 0.9831 0.8715 0.8711 0.8470
78 0.9070 0.8740 0.8872 0.8786 0.8556
79 0.9081 0.8638 0.8875 0.8818 0.8566
80 0.9058 0.8981 0.8811 0.8862 0.8620
81 0.9071 0.8833 0.8850 0.8795 0.8562
82 0.9077 0.8514 0.8856 0.8838 0.8601
83 0.9040 0.8728 0.8815 0.8823 0.8591
84 0.9058 0.8695 0.8844 0.8797 0.8549
85 0.9062 0.8615 0.8827 0.8807 0.8565
86 0.9068 0.8570 0.8868 0.8865 0.8622
87 0.9107 0.8342 0.8887 0.8861 0.8594
88 0.9170 0.7854 0.8966 0.8800 0.8564
89 0.9166 0.7717 0.8986 0.8800 0.8565
90 0.9191 0.7602 0.9003 0.8842 0.8586
91 0.9176 0.7911 0.8969 0.8725 0.8484
92 0.9205 0.7368 0.9032 0.8850 0.8599
93 0.9249 0.7163 0.9069 0.8878 0.8605
94 0.9176 0.7467 0.8960 0.8865 0.8600
95 0.9228 0.6871 0.9031 0.8863 0.8592
96 0.9221 0.7035 0.9043 0.8858 0.8601
97 0.9167 0.7217 0.8970 0.8901 0.8639
98 0.9269 0.6637 0.9100 0.8921 0.8661
99 0.9276 0.6516 0.9084 0.8945 0.8693
100 0.9178 0.7532 0.8978 0.8847 0.8618
101 0.9068 0.8596 0.8864 0.8774 0.8517
102 0.9002 0.9097 0.8771 0.8799 0.8566
103 0.9127 0.8401 0.8922 0.8827 0.8600
104 0.9071 0.8547 0.8863 0.8700 0.8467
105 0.9035 0.8742 0.8838 0.8727 0.8512
106 0.9012 0.9238 0.8792 0.8753 0.8489
107 0.9165 0.7809 0.8957 0.8788 0.8564
108 0.9086 0.8522 0.8879 0.8836 0.8564
109 0.9117 0.8096 0.8910 0.8775 0.8527
110 0.9135 0.8369 0.8939 0.8856 0.8587
111 0.9158 0.7789 0.8976 0.8874 0.8620
112 0.9121 0.8170 0.8903 0.8840 0.8579
113 0.9177 0.7820 0.8973 0.8792 0.8556
114 0.9172 0.7942 0.8956 0.8835 0.8579
115 0.9160 0.7843 0.8966 0.8811 0.8574
116 0.9126 0.7972 0.8928 0.8843 0.8597
117 0.9159 0.7842 0.8953 0.8763 0.8551
118 0.9133 0.7937 0.8933 0.8881 0.8657
119 0.9209 0.7450 0.9014 0.8737 0.8489
120 0.9202 0.7466 0.9004 0.8887 0.8659
121 0.9211 0.7302 0.9020 0.8856 0.8609
122 0.9105 0.8345 0.8893 0.8851 0.8597
123 0.9223 0.7129 0.9050 0.8874 0.8639
124 0.9182 0.7425 0.8986 0.8885 0.8655
125 0.9246 0.7156 0.9072 0.8902 0.8676
126 0.9145 0.7639 0.8957 0.8872 0.8656
127 0.9284 0.6588 0.9113 0.8884 0.8666
128 0.9228 0.6783 0.9053 0.8903 0.8665
129 0.9224 0.7344 0.9061 0.8874 0.8651
130 0.9215 0.7244 0.9026 0.8865 0.8629
131 0.9270 0.6580 0.9120 0.8911 0.8690
132 0.9282 0.6588 0.9097 0.8931 0.8704
133 0.9296 0.6312 0.9118 0.8936 0.8701
134 0.9293 0.6539 0.9116 0.8907 0.8670
135 0.9323 0.6117 0.9144 0.8924 0.8694
136 0.9395 0.5583 0.9254 0.8861 0.8637
137 0.9272 0.6612 0.9101 0.8887 0.8662
138 0.9240 0.6771 0.9077 0.8916 0.8695
139 0.9338 0.6006 0.9187 0.8911 0.8672
140 0.9318 0.6034 0.9123 0.8870 0.8644
141 0.9289 0.6411 0.9114 0.8881 0.8647
142 0.9326 0.6169 0.9161 0.8897 0.8674
143 0.9330 0.5953 0.9172 0.8943 0.8704
144 0.9318 0.6147 0.9148 0.8910 0.8666
145 0.9335 0.6031 0.9179 0.8902 0.8671
146 0.9318 0.6082 0.9173 0.8893 0.8672
147 0.9392 0.5604 0.9260 0.8884 0.8652
148 0.9289 0.6181 0.9113 0.8902 0.8662
149 0.9368 0.5952 0.9205 0.8915 0.8680
150 0.9314 0.6177 0.9123 0.8902 0.8660
151 0.9268 0.6754 0.9089 0.8848 0.8634
152 0.9260 0.6510 0.9085 0.8865 0.8627
153 0.9262 0.6684 0.9074 0.8942 0.8701
154 0.9263 0.6519 0.9089 0.8908 0.8674
155 0.9238 0.6853 0.9078 0.8869 0.8626
156 0.9306 0.6347 0.9143 0.8859 0.8610
157 0.9310 0.6207 0.9143 0.8849 0.8590
158 0.9240 0.6795 0.9067 0.8913 0.8676
159 0.9321 0.6173 0.9143 0.8935 0.8699
160 0.9302 0.6537 0.9150 0.8864 0.8614
161 0.9303 0.6393 0.9134 0.8884 0.8629
162 0.9370 0.5857 0.9210 0.8867 0.8630
163 0.9260 0.6645 0.9083 0.8847 0.8591
164 0.9302 0.6621 0.9144 0.8890 0.8664
165 0.9300 0.6285 0.9143 0.8945 0.8697
166 0.9296 0.6201 0.9132 0.8953 0.8705
167 0.9324 0.5927 0.9189 0.8906 0.8677
168 0.9322 0.6106 0.9154 0.8929 0.8681
169 0.9358 0.5796 0.9199 0.8929 0.8681
170 0.9355 0.5692 0.9187 0.8933 0.8715
171 0.9327 0.5892 0.9178 0.8878 0.8652
172 0.9331 0.6157 0.9193 0.8889 0.8645
173 0.9310 0.6011 0.9152 0.8934 0.8699
174 0.9313 0.6050 0.9145 0.8941 0.8695
175 0.9335 0.5878 0.9195 0.8948 0.8734
176 0.9319 0.5934 0.9155 0.8952 0.8727
177 0.9340 0.5836 0.9191 0.8966 0.8701
178 0.9373 0.5467 0.9218 0.8912 0.8666
179 0.9347 0.5645 0.9207 0.8882 0.8656
180 0.9333 0.5719 0.9199 0.8906 0.8670
181 0.9363 0.5576 0.9223 0.8925 0.8679
182 0.9356 0.5637 0.9183 0.8905 0.8668
183 0.9407 0.5270 0.9270 0.8941 0.8714
184 0.9375 0.5713 0.9233 0.8924 0.8691
185 0.9422 0.5279 0.9291 0.8925 0.8690
186 0.9352 0.5670 0.9196 0.8944 0.8717
187 0.9366 0.5496 0.9219 0.8945 0.8718
188 0.9395 0.5405 0.9253 0.8943 0.8700
189 0.9396 0.5479 0.9242 0.8957 0.8720
190 0.9381 0.5200 0.9247 0.8950 0.8701
191 0.9369 0.5208 0.9229 0.8936 0.8677
192 0.9403 0.5197 0.9279 0.8964 0.8715
193 0.9364 0.5419 0.9203 0.8937 0.8707
194 0.9394 0.5248 0.9248 0.8960 0.8721
195 0.9417 0.5037 0.9263 0.8962 0.8736
196 0.9375 0.5515 0.9242 0.8965 0.8730
197 0.9353 0.5585 0.9206 0.8948 0.8728
198 0.9402 0.5431 0.9284 0.8959 0.8721
199 0.9359 0.5366 0.9212 0.8958 0.8712
