epoch train_iou train_loss train_mAP val_iou val_mAP
0 0.5722 0.1663 0.5018 0.6765 0.6187
1 0.6959 0.1568 0.6414 0.7269 0.6849
2 0.7342 0.1606 0.6847 0.7591 0.7111
3 0.7734 0.1668 0.7293 0.7844 0.7430
4 0.8015 0.1657 0.7607 0.8069 0.7715
5 0.8163 0.1763 0.7773 0.8121 0.7800
6 0.8127 0.1989 0.7704 0.8135 0.7789
7 0.8049 0.2342 0.7657 0.8106 0.7738
8 0.7893 0.2740 0.7495 0.7945 0.7606
9 0.7879 0.2905 0.7468 0.7648 0.7236
10 0.7959 0.3154 0.7556 0.8207 0.7843
11 0.8127 0.3013 0.7721 0.8288 0.7912
12 0.8334 0.2933 0.7968 0.8398 0.8061
13 0.8520 0.2659 0.8183 0.8334 0.7972
14 0.8627 0.2645 0.8300 0.8571 0.8269
15 0.8676 0.2518 0.8328 0.8555 0.8230
16 0.8646 0.2747 0.8332 0.8466 0.8147
17 0.8656 0.2993 0.8318 0.8452 0.8116
18 0.8525 0.3439 0.8210 0.8351 0.8074
19 0.8415 0.3846 0.8087 0.8432 0.8131
20 0.8357 0.4206 0.7986 0.8171 0.7791
21 0.8415 0.4060 0.8081 0.8255 0.7952
22 0.8560 0.3851 0.8232 0.8540 0.8235
23 0.8695 0.3378 0.8394 0.8481 0.8181
24 0.8828 0.3196 0.8537 0.8666 0.8340
25 0.8836 0.3159 0.8545 0.8663 0.8334
26 0.8959 0.3170 0.8677 0.8612 0.8284
27 0.8863 0.3533 0.8586 0.8580 0.8288
28 0.8752 0.4023 0.8462 0.8607 0.8275
29 0.8593 0.4627 0.8268 0.8563 0.8248
30 0.8494 0.5184 0.8153 0.8484 0.8181
31 0.8647 0.4820 0.8348 0.8632 0.8317
32 0.8705 0.4575 0.8424 0.8339 0.8096
33 0.8866 0.4038 0.8583 0.8692 0.8391
34 0.8907 0.3872 0.8661 0.8780 0.8481
35 0.9044 0.3510 0.8776 0.8765 0.8465
36 0.8954 0.3769 0.8652 0.8748 0.8420
37 0.8886 0.4360 0.8612 0.8690 0.8421
38 0.8792 0.4875 0.8518 0.8676 0.8390
39 0.8811 0.4915 0.8523 0.8515 0.8170
40 0.8721 0.5476 0.8393 0.8527 0.8234
41 0.8727 0.5441 0.8435 0.8508 0.8231
42 0.8821 0.5075 0.8553 0.8601 0.8347
43 0.8911 0.4616 0.8652 0.8689 0.8394
44 0.9051 0.4160 0.8812 0.8644 0.8390
45 0.9067 0.4011 0.8802 0.8667 0.8406
46 0.9053 0.4229 0.8783 0.8682 0.8421
47 0.9039 0.4434 0.8762 0.8662 0.8414
48 0.8999 0.5157 0.8739 0.8395 0.8211
49 0.8873 0.5714 0.8580 0.8620 0.8261
50 0.8666 0.6785 0.8353 0.8576 0.8264
51 0.8744 0.6392 0.8447 0.8628 0.8347
52 0.8937 0.5463 0.8642 0.8668 0.8326
53 0.9016 0.5055 0.8758 0.8779 0.8500
54 0.9112 0.4497 0.8859 0.8793 0.8529
55 0.9137 0.4452 0.8894 0.8808 0.8551
56 0.9146 0.4516 0.8888 0.8816 0.8531
57 0.9082 0.4851 0.8796 0.8726 0.8450
58 0.9049 0.5514 0.8775 0.8691 0.8433
59 0.8960 0.6047 0.8691 0.8574 0.8329
60 0.8843 0.6953 0.8550 0.8544 0.8313
61 0.8881 0.6840 0.8621 0.8650 0.8390
62 0.9010 0.5916 0.8734 0.8743 0.8472
63 0.9036 0.5953 0.8772 0.8753 0.8478
64 0.9148 0.5049 0.8908 0.8749 0.8475
65 0.9158 0.5030 0.8926 0.8756 0.8496
66 0.9200 0.4882 0.8955 0.8780 0.8530
67 0.9134 0.5337 0.8900 0.8731 0.8468
68 0.9057 0.5948 0.8803 0.8716 0.8408
69 0.8994 0.6727 0.8732 0.8517 0.8215
70 0.8835 0.8166 0.8527 0.8650 0.8349
71 0.8985 0.7119 0.8726 0.8637 0.8379
72 0.9056 0.6558 0.8814 0.8645 0.8384
73 0.9098 0.6178 0.8834 0.8801 0.8529
74 0.9214 0.5416 0.8993 0.8764 0.8491
75 0.9229 0.5311 0.8979 0.8838 0.8568
76 0.9167 0.5678 0.8929 0.8796 0.8553
77 0.9160 0.5817 0.8923 0.8753 0.8486
78 0.9159 0.6191 0.8905 0.8732 0.8516
79 0.9007 0.7186 0.8752 0.8698 0.8407
80 0.8939 0.8351 0.8701 0.8512 0.8276
81 0.8969 0.8060 0.8725 0.8694 0.8419
82 0.9062 0.7328 0.8798 0.8723 0.8405
83 0.9185 0.6354 0.8941 0.8748 0.8501
84 0.9180 0.6107 0.8941 0.8777 0.8561
85 0.9189 0.6054 0.8967 0.8791 0.8553
86 0.9242 0.5722 0.9031 0.8838 0.8597
87 0.9193 0.6186 0.8963 0.8767 0.8529
88 0.9110 0.6982 0.8874 0.8691 0.8455
89 0.9006 0.8146 0.8765 0.8695 0.8377
90 0.9010 0.8226 0.8737 0.8637 0.8393
91 0.8950 0.8801 0.8678 0.8710 0.8464
92 0.9070 0.7712 0.8827 0.8616 0.8350
93 0.9156 0.7173 0.8916 0.8741 0.8500
94 0.9218 0.6520 0.8989 0.8748 0.8505
95 0.9220 0.6567 0.9008 0.8761 0.8521
96 0.9208 0.6706 0.8985 0.8805 0.8547
97 0.9244 0.6386 0.9028 0.8785 0.8515
98 0.9143 0.7303 0.8905 0.8763 0.8509
99 0.9160 0.7653 0.8911 0.8757 0.8504
100 0.9150 0.7538 0.8913 0.8761 0.8478
101 0.9194 0.6961 0.8953 0.8754 0.8459
102 0.9230 0.6472 0.9010 0.8767 0.8507
103 0.9264 0.6395 0.9041 0.8810 0.8559
104 0.9295 0.6122 0.9079 0.8804 0.8548
105 0.9310 0.5878 0.9107 0.8807 0.8560
106 0.9325 0.5731 0.9126 0.8790 0.8525
107 0.9312 0.5880 0.9117 0.8814 0.8549
108 0.9277 0.6093 0.9065 0.8770 0.8525
109 0.9249 0.6550 0.9034 0.8705 0.8445
110 0.9245 0.6715 0.9039 0.8670 0.8405
111 0.9190 0.7217 0.8953 0.8679 0.8480
112 0.9252 0.6365 0.9035 0.8766 0.8482
113 0.9296 0.6092 0.9092 0.8757 0.8499
114 0.9315 0.5857 0.9121 0.8804 0.8556
115 0.9326 0.5707 0.9131 0.8801 0.8553
116 0.9331 0.5571 0.9140 0.8828 0.8575
117 0.9318 0.5579 0.9134 0.8767 0.8489
118 0.9282 0.6086 0.9082 0.8735 0.8483
119 0.9272 0.6027 0.9077 0.8765 0.8519
120 0.9264 0.6283 0.9053 0.8673 0.8442
121 0.9261 0.6402 0.9040 0.8818 0.8549
122 0.9336 0.5721 0.9135 0.8781 0.8525
123 0.9339 0.5613 0.9159 0.8778 0.8519
124 0.9306 0.5693 0.9128 0.8813 0.8562
125 0.9370 0.5186 0.9193 0.8854 0.8602
126 0.9342 0.5523 0.9167 0.8842 0.8584
127 0.9313 0.5609 0.9124 0.8830 0.8574
128 0.9284 0.5859 0.9092 0.8782 0.8525
129 0.9280 0.6052 0.9090 0.8781 0.8506
130 0.9242 0.6252 0.9057 0.8831 0.8561
131 0.9305 0.6087 0.9100 0.8814 0.8547
132 0.9339 0.5673 0.9164 0.8792 0.8541
133 0.9350 0.5470 0.9173 0.8831 0.8574
134 0.9312 0.5558 0.9124 0.8827 0.8590
135 0.9336 0.5408 0.9155 0.8843 0.8602
136 0.9339 0.5264 0.9147 0.8837 0.8591
137 0.9362 0.5357 0.9189 0.8815 0.8556
138 0.9348 0.5354 0.9159 0.8812 0.8561
139 0.9330 0.5771 0.9159 0.8799 0.8537
140 0.9282 0.6223 0.9086 0.8774 0.8561
141 0.9314 0.5937 0.9140 0.8754 0.8499
142 0.9349 0.5621 0.9173 0.8846 0.8601
143 0.9376 0.5343 0.9195 0.8818 0.8574
144 0.9403 0.4964 0.9236 0.8819 0.8575
145 0.9341 0.5344 0.9165 0.8855 0.8621
146 0.9411 0.5052 0.9241 0.8874 0.8654
147 0.9357 0.5267 0.9184 0.8820 0.8581
148 0.9378 0.5197 0.9188 0.8843 0.8575
149 0.9348 0.5465 0.9174 0.8823 0.8571
150 0.9317 0.5843 0.9126 0.8814 0.8556
151 0.9331 0.5894 0.9169 0.8778 0.8560
152 0.9335 0.5718 0.9144 0.8784 0.8573
153 0.9329 0.5422 0.9172 0.8870 0.8624
154 0.9371 0.5302 0.9189 0.8793 0.8555
155 0.9404 0.4935 0.9237 0.8824 0.8594
156 0.9389 0.4942 0.9228 0.8825 0.8564
157 0.9362 0.4976 0.9200 0.8797 0.8570
158 0.9360 0.5088 0.9198 0.8776 0.8544
159 0.9328 0.5555 0.9158 0.8757 0.8521
160 0.9393 0.5228 0.9219 0.8753 0.8535
161 0.9407 0.4992 0.9246 0.8780 0.8559
162 0.9405 0.4746 0.9246 0.8817 0.8565
163 0.9416 0.4757 0.9256 0.8787 0.8549
164 0.9430 0.4860 0.9286 0.8736 0.8522
165 0.9423 0.4810 0.9274 0.8792 0.8556
166 0.9439 0.4668 0.9275 0.8785 0.8551
167 0.9425 0.4642 0.9279 0.8757 0.8515
168 0.9407 0.4728 0.9249 0.8805 0.8552
169 0.9371 0.4915 0.9213 0.8790 0.8526
170 0.9429 0.4501 0.9280 0.8818 0.8565
171 0.9420 0.4621 0.9277 0.8806 0.8564
172 0.9427 0.4416 0.9281 0.8788 0.8537
173 0.9434 0.4694 0.9289 0.8803 0.8566
174 0.9431 0.4673 0.9289 0.8789 0.8557
175 0.9420 0.4704 0.9272 0.8819 0.8580
176 0.9417 0.4543 0.9274 0.8834 0.8584
177 0.9413 0.4530 0.9292 0.8811 0.8568
178 0.9471 0.4397 0.9328 0.8802 0.8549
179 0.9422 0.4762 0.9261 0.8844 0.8591
180 0.9410 0.4679 0.9267 0.8832 0.8593
181 0.9429 0.4540 0.9273 0.8799 0.8529
182 0.9428 0.4602 0.9281 0.8802 0.8544
183 0.9434 0.4633 0.9291 0.8832 0.8571
184 0.9440 0.4566 0.9293 0.8810 0.8565
185 0.9413 0.4748 0.9263 0.8818 0.8568
186 0.9454 0.4390 0.9310 0.8801 0.8542
187 0.9455 0.4327 0.9326 0.8836 0.8579
188 0.9457 0.4308 0.9321 0.8839 0.8586
189 0.9439 0.4574 0.9292 0.8810 0.8540
190 0.9418 0.4536 0.9277 0.8803 0.8539
191 0.9460 0.4577 0.9317 0.8802 0.8536
192 0.9410 0.4443 0.9260 0.8777 0.8529
193 0.9430 0.4452 0.9297 0.8824 0.8572
194 0.9480 0.4340 0.9335 0.8826 0.8579
195 0.9499 0.4307 0.9368 0.8832 0.8585
196 0.9468 0.4334 0.9332 0.8792 0.8541
197 0.9451 0.4417 0.9321 0.8832 0.8562
198 0.9495 0.4094 0.9361 0.8791 0.8545
199 0.9453 0.4451 0.9313 0.8787 0.8521
