epoch train_iou train_loss train_mAP val_iou val_mAP
0 0.5496 0.2181 0.4738 0.6928 0.6322
1 0.7041 0.1995 0.6501 0.7412 0.6791
2 0.7521 0.2075 0.7025 0.8033 0.7591
3 0.7811 0.2079 0.7391 0.8059 0.7657
4 0.8041 0.2181 0.7653 0.8190 0.7800
5 0.8190 0.2238 0.7776 0.8138 0.7763
6 0.8175 0.2597 0.7779 0.8092 0.7726
7 0.8104 0.2929 0.7710 0.8171 0.7832
8 0.8002 0.3519 0.7604 0.8099 0.7725
9 0.7966 0.3831 0.7560 0.8108 0.7734
10 0.7910 0.4054 0.7512 0.8169 0.7812
11 0.8100 0.4101 0.7714 0.8187 0.7880
12 0.8409 0.3784 0.8085 0.8301 0.7924
13 0.8414 0.3866 0.8077 0.8344 0.8095
14 0.8564 0.3679 0.8252 0.8383 0.8080
15 0.8668 0.3522 0.8362 0.8397 0.8111
16 0.8636 0.3795 0.8347 0.8385 0.8075
17 0.8600 0.4090 0.8288 0.8332 0.8017
18 0.8419 0.4840 0.8086 0.8390 0.8040
19 0.8356 0.5347 0.8020 0.8251 0.7904
20 0.8361 0.5657 0.8033 0.8202 0.7896
21 0.8345 0.5675 0.8034 0.8294 0.7949
22 0.8574 0.5273 0.8270 0.8381 0.8086
23 0.8652 0.5047 0.8344 0.8342 0.8027
24 0.8726 0.4783 0.8413 0.8421 0.8136
25 0.8842 0.4559 0.8556 0.8438 0.8164
26 0.8785 0.4751 0.8501 0.8530 0.8213
27 0.8714 0.5382 0.8425 0.8508 0.8180
28 0.8728 0.5582 0.8427 0.8460 0.8116
29 0.8553 0.6508 0.8257 0.8434 0.8070
30 0.8536 0.6822 0.8208 0.8298 0.7995
31 0.8512 0.7052 0.8195 0.8435 0.8146
32 0.8722 0.6328 0.8431 0.8483 0.8172
33 0.8801 0.5872 0.8519 0.8504 0.8220
34 0.8844 0.5737 0.8558 0.8521 0.8241
35 0.8933 0.5449 0.8662 0.8539 0.8238
36 0.8921 0.5562 0.8655 0.8547 0.8255
37 0.8877 0.6015 0.8591 0.8448 0.8186
38 0.8774 0.6798 0.8456 0.8416 0.8132
39 0.8687 0.7481 0.8393 0.8445 0.8181
40 0.8588 0.8245 0.8292 0.8331 0.8050
41 0.8701 0.7721 0.8425 0.8557 0.8250
42 0.8831 0.7258 0.8539 0.8481 0.8221
43 0.8912 0.6664 0.8626 0.8574 0.8320
44 0.9042 0.6151 0.8765 0.8564 0.8317
45 0.9037 0.6166 0.8786 0.8595 0.8341
46 0.9015 0.6252 0.8746 0.8615 0.8357
47 0.8950 0.6712 0.8652 0.8586 0.8314
48 0.8946 0.7254 0.8676 0.8544 0.8238
49 0.8794 0.8005 0.8499 0.8388 0.8081
50 0.8746 0.8923 0.8444 0.8435 0.8145
51 0.8826 0.8707 0.8556 0.8544 0.8288
52 0.8919 0.7943 0.8638 0.8582 0.8323
53 0.8973 0.7655 0.8689 0.8623 0.8380
54 0.9055 0.6993 0.8791 0.8646 0.8370
55 0.9098 0.6712 0.8838 0.8657 0.8381
56 0.9133 0.6810 0.8880 0.8632 0.8376
57 0.9007 0.7417 0.8752 0.8591 0.8300
58 0.8999 0.8115 0.8743 0.8619 0.8344
59 0.8897 0.8738 0.8618 0.8537 0.8221
60 0.8821 0.9751 0.8549 0.8385 0.8021
61 0.8857 0.9539 0.8575 0.8538 0.8287
62 0.8968 0.8851 0.8702 0.8509 0.8220
63 0.9089 0.7888 0.8843 0.8623 0.8350
64 0.9124 0.7653 0.8885 0.8670 0.8395
65 0.9129 0.7615 0.8876 0.8695 0.8419
66 0.9129 0.7532 0.8890 0.8625 0.8345
67 0.9091 0.8067 0.8847 0.8574 0.8305
68 0.9046 0.8725 0.8807 0.8536 0.8270
69 0.8888 1.0089 0.8634 0.8454 0.8174
70 0.8846 1.0841 0.8588 0.8472 0.8160
71 0.8929 1.0162 0.8675 0.8528 0.8275
72 0.9019 0.9276 0.8772 0.8637 0.8369
73 0.9095 0.8687 0.8843 0.8648 0.8377
74 0.9125 0.8206 0.8889 0.8650 0.8407
75 0.9136 0.8215 0.8920 0.8686 0.8435
76 0.9170 0.8246 0.8935 0.8669 0.8419
77 0.9141 0.8863 0.8901 0.8591 0.8339
78 0.9016 0.9826 0.8758 0.8560 0.8327
79 0.8948 1.0871 0.8701 0.8536 0.8229
80 0.8853 1.1879 0.8599 0.8565 0.8322
81 0.8978 1.1098 0.8744 0.8584 0.8315
82 0.9041 1.0296 0.8814 0.8500 0.8209
83 0.9089 0.9532 0.8854 0.8619 0.8371
84 0.9197 0.8496 0.8975 0.8674 0.8395
85 0.9186 0.8903 0.8962 0.8679 0.8401
86 0.9201 0.8480 0.8970 0.8667 0.8397
87 0.9122 0.9239 0.8904 0.8644 0.8349
88 0.9075 1.0157 0.8845 0.8614 0.8340
89 0.9045 1.0816 0.8798 0.8551 0.8294
90 0.8900 1.2694 0.8639 0.8558 0.8270
91 0.8891 1.3099 0.8622 0.8553 0.8290
92 0.9020 1.1952 0.8777 0.8623 0.8350
93 0.9091 1.0774 0.8849 0.8648 0.8384
94 0.9211 0.9564 0.8989 0.8639 0.8363
95 0.9168 0.9772 0.8957 0.8665 0.8405
96 0.9163 1.0004 0.8941 0.8625 0.8380
97 0.9182 0.9935 0.8968 0.8585 0.8331
98 0.9141 1.0498 0.8924 0.8582 0.8311
99 0.9009 1.2468 0.8751 0.8524 0.8251
100 0.9108 1.1019 0.8889 0.8592 0.8375
101 0.9119 1.0676 0.8892 0.8634 0.8360
102 0.9166 1.0337 0.8932 0.8692 0.8438
103 0.9175 0.9800 0.8949 0.8621 0.8374
104 0.9254 0.8887 0.9080 0.8648 0.8407
105 0.9244 0.9166 0.9032 0.8635 0.8394
106 0.9259 0.8877 0.9061 0.8669 0.8424
107 0.9261 0.9059 0.9058 0.8714 0.8446
108 0.9187 0.9483 0.8997 0.8676 0.8439
109 0.9211 0.9729 0.9003 0.8661 0.8436
110 0.9142 1.0407 0.8921 0.8654 0.8384
111 0.9204 1.0255 0.8998 0.8587 0.8352
112 0.9211 0.9828 0.9013 0.8663 0.8431
113 0.9205 0.9602 0.8988 0.8699 0.8484
114 0.9222 0.9393 0.9017 0.8704 0.8469
115 0.9249 0.8828 0.9069 0.8700 0.8466
116 0.9293 0.8428 0.9107 0.8714 0.8459
117 0.9237 0.8901 0.9035 0.8687 0.8420
118 0.9252 0.9222 0.9047 0.8705 0.8431
119 0.9205 0.9926 0.9014 0.8673 0.8400
120 0.9163 1.0274 0.8949 0.8673 0.8407
121 0.9212 0.9517 0.9005 0.8662 0.8406
122 0.9266 0.8975 0.9077 0.8715 0.8480
123 0.9292 0.8755 0.9112 0.8664 0.8420
124 0.9255 0.9037 0.9063 0.8682 0.8431
125 0.9272 0.8612 0.9088 0.8696 0.8445
126 0.9276 0.8564 0.9092 0.8674 0.8451
127 0.9284 0.8308 0.9103 0.8685 0.8441
128 0.9297 0.8433 0.9109 0.8685 0.8454
129 0.9204 0.9542 0.8998 0.8701 0.8443
130 0.9138 1.0299 0.8924 0.8554 0.8280
131 0.9215 0.9227 0.9006 0.8628 0.8361
132 0.9260 0.8915 0.9063 0.8675 0.8407
133 0.9302 0.8509 0.9122 0.8676 0.8401
134 0.9324 0.8261 0.9154 0.8725 0.8491
135 0.9361 0.8017 0.9184 0.8751 0.8505
136 0.9304 0.8312 0.9130 0.8687 0.8450
137 0.9318 0.8094 0.9138 0.8682 0.8443
138 0.9272 0.8478 0.9106 0.8640 0.8386
139 0.9284 0.8640 0.9102 0.8725 0.8481
140 0.9206 0.9807 0.9040 0.8626 0.8375
141 0.9228 0.9461 0.9026 0.8694 0.8426
142 0.9254 0.9049 0.9055 0.8720 0.8446
143 0.9301 0.8679 0.9110 0.8743 0.8476
144 0.9332 0.7962 0.9164 0.8748 0.8475
145 0.9329 0.7897 0.9156 0.8740 0.8465
146 0.9317 0.8019 0.9148 0.8705 0.8430
147 0.9316 0.7817 0.9144 0.8756 0.8489
148 0.9331 0.8027 0.9152 0.8667 0.8421
149 0.9300 0.8272 0.9116 0.8647 0.8365
150 0.9256 0.8963 0.9075 0.8644 0.8388
151 0.9252 0.9025 0.9077 0.8622 0.8345
152 0.9243 0.8747 0.9057 0.8654 0.8404
153 0.9347 0.7886 0.9192 0.8680 0.8426
154 0.9272 0.8282 0.9096 0.8706 0.8447
155 0.9336 0.7735 0.9178 0.8690 0.8429
156 0.9335 0.7610 0.9192 0.8693 0.8435
157 0.9338 0.7575 0.9176 0.8660 0.8392
158 0.9285 0.8559 0.9113 0.8682 0.8411
159 0.9329 0.8303 0.9155 0.8703 0.8429
160 0.9288 0.8429 0.9115 0.8654 0.8389
161 0.9357 0.7773 0.9201 0.8721 0.8447
162 0.9356 0.7577 0.9177 0.8700 0.8431
163 0.9357 0.7380 0.9203 0.8706 0.8444
164 0.9365 0.7444 0.9216 0.8749 0.8487
165 0.9379 0.7250 0.9219 0.8753 0.8495
166 0.9333 0.7620 0.9164 0.8711 0.8444
167 0.9380 0.7294 0.9241 0.8736 0.8479
168 0.9381 0.7161 0.9233 0.8702 0.8424
169 0.9326 0.7755 0.9172 0.8742 0.8485
170 0.9340 0.7672 0.9194 0.8717 0.8441
171 0.9360 0.7434 0.9205 0.8728 0.8462
172 0.9341 0.7658 0.9176 0.8690 0.8406
173 0.9388 0.7116 0.9237 0.8708 0.8444
174 0.9374 0.7083 0.9233 0.8723 0.8467
175 0.9368 0.7031 0.9216 0.8735 0.8459
176 0.9340 0.7560 0.9189 0.8723 0.8453
177 0.9380 0.7161 0.9222 0.8694 0.8440
178 0.9372 0.7259 0.9215 0.8697 0.8435
179 0.9353 0.7263 0.9207 0.8751 0.8474
180 0.9364 0.7415 0.9209 0.8693 0.8441
181 0.9385 0.7137 0.9227 0.8682 0.8421
182 0.9367 0.7310 0.9220 0.8707 0.8450
183 0.9376 0.6984 0.9227 0.8694 0.8417
184 0.9326 0.7590 0.9175 0.8694 0.8435
185 0.9391 0.7149 0.9224 0.8722 0.8461
186 0.9392 0.7207 0.9239 0.8704 0.8444
187 0.9393 0.7022 0.9236 0.8712 0.8439
188 0.9391 0.7110 0.9255 0.8728 0.8471
189 0.9373 0.7140 0.9223 0.8701 0.8424
190 0.9374 0.7111 0.9223 0.8727 0.8462
191 0.9370 0.7066 0.9229 0.8697 0.8434
192 0.9420 0.6663 0.9286 0.8727 0.8454
193 0.9406 0.6979 0.9257 0.8707 0.8443
194 0.9398 0.7167 0.9249 0.8712 0.8420
195 0.9408 0.6847 0.9261 0.8731 0.8451
196 0.9393 0.6908 0.9254 0.8699 0.8424
197 0.9427 0.6691 0.9290 0.8753 0.8465
198 0.9387 0.6900 0.9252 0.8776 0.8500
199 0.9396 0.7161 0.9241 0.8730 0.8470
