epoch train_iou train_loss train_mAP val_iou val_mAP
0 0.6592 1.1286 0.5752 0.7363 0.6607
1 0.7583 0.8226 0.6988 0.7514 0.6952
2 0.7819 0.7480 0.7299 0.7984 0.7584
3 0.7947 0.7054 0.7467 0.8065 0.7623
4 0.8106 0.6550 0.7648 0.8119 0.7738
5 0.8153 0.6361 0.7701 0.8171 0.7767
6 0.8094 0.6457 0.7624 0.8139 0.7745
7 0.8148 0.6252 0.7699 0.8161 0.7755
8 0.8143 0.6232 0.7676 0.8086 0.7653
9 0.8026 0.6703 0.7572 0.8196 0.7828
10 0.8156 0.6224 0.7734 0.8092 0.7757
11 0.8171 0.6019 0.7772 0.8200 0.7857
12 0.8340 0.5528 0.7944 0.8399 0.8053
13 0.8394 0.5179 0.7992 0.8374 0.8024
14 0.8512 0.4878 0.8147 0.8378 0.8036
15 0.8500 0.4808 0.8121 0.8384 0.8067
16 0.8545 0.4692 0.8169 0.8411 0.8070
17 0.8521 0.4791 0.8151 0.8354 0.8019
18 0.8403 0.5088 0.8010 0.8266 0.7839
19 0.8390 0.5196 0.7993 0.8378 0.8034
20 0.8299 0.5356 0.7922 0.8188 0.7767
21 0.8385 0.5303 0.8039 0.8200 0.7853
22 0.8462 0.4796 0.8098 0.8366 0.8002
23 0.8538 0.4574 0.8206 0.8458 0.8147
24 0.8643 0.4218 0.8286 0.8546 0.8236
25 0.8722 0.3993 0.8372 0.8538 0.8225
26 0.8745 0.3940 0.8433 0.8498 0.8189
27 0.8656 0.4170 0.8313 0.8403 0.8115
28 0.8611 0.4322 0.8288 0.8379 0.8049
29 0.8429 0.4745 0.8070 0.8476 0.8130
30 0.8488 0.4815 0.8146 0.8091 0.7799
31 0.8563 0.4484 0.8212 0.8413 0.8076
32 0.8687 0.4107 0.8339 0.8441 0.8101
33 0.8741 0.3844 0.8408 0.8436 0.8143
34 0.8788 0.3699 0.8463 0.8411 0.8143
35 0.8782 0.3523 0.8450 0.8459 0.8165
36 0.8810 0.3512 0.8463 0.8479 0.8179
37 0.8752 0.3756 0.8402 0.8416 0.8093
38 0.8733 0.3886 0.8409 0.8417 0.8103
39 0.8700 0.3998 0.8365 0.8381 0.8083
40 0.8566 0.4468 0.8216 0.8219 0.7937
41 0.8604 0.4380 0.8246 0.8364 0.8048
42 0.8697 0.4005 0.8361 0.8372 0.8072
43 0.8772 0.3711 0.8446 0.8446 0.8154
44 0.8845 0.3405 0.8501 0.8452 0.8148
45 0.8931 0.3215 0.8621 0.8447 0.8165
46 0.8892 0.3305 0.8582 0.8489 0.8175
47 0.8901 0.3292 0.8572 0.8429 0.8157
48 0.8859 0.3550 0.8529 0.8456 0.8179
49 0.8689 0.3954 0.8341 0.8455 0.8127
50 0.8598 0.4416 0.8226 0.8140 0.7769
51 0.8698 0.4127 0.8367 0.8343 0.7978
52 0.8678 0.4113 0.8333 0.8407 0.8138
53 0.8804 0.3595 0.8484 0.8436 0.8123
54 0.8921 0.3232 0.8612 0.8481 0.8198
55 0.8908 0.3247 0.8617 0.8466 0.8185
56 0.8923 0.3140 0.8609 0.8481 0.8204
57 0.8920 0.3165 0.8584 0.8450 0.8169
58 0.8868 0.3283 0.8542 0.8456 0.8147
59 0.8820 0.3497 0.8473 0.8349 0.8066
60 0.8635 0.4031 0.8294 0.8307 0.7990
61 0.8737 0.3744 0.8422 0.8396 0.8106
62 0.8820 0.3462 0.8485 0.8431 0.8166
63 0.8925 0.3187 0.8616 0.8473 0.8174
64 0.8947 0.3029 0.8636 0.8510 0.8204
65 0.9016 0.2788 0.8705 0.8528 0.8220
66 0.9019 0.2769 0.8716 0.8505 0.8195
67 0.8984 0.2919 0.8691 0.8456 0.8153
68 0.8946 0.2956 0.8625 0.8455 0.8123
69 0.8878 0.3247 0.8572 0.8460 0.8157
70 0.8790 0.3618 0.8459 0.8434 0.8106
71 0.8816 0.3528 0.8497 0.8377 0.8124
72 0.8882 0.3287 0.8548 0.8515 0.8250
73 0.9024 0.2805 0.8702 0.8517 0.8189
74 0.8990 0.2785 0.8673 0.8529 0.8225
75 0.9094 0.2560 0.8792 0.8521 0.8238
76 0.9020 0.2748 0.8735 0.8589 0.8288
77 0.9091 0.2591 0.8782 0.8490 0.8215
78 0.8978 0.2930 0.8681 0.8270 0.7916
79 0.8880 0.3123 0.8539 0.8510 0.8228
80 0.8822 0.3528 0.8498 0.8198 0.7800
81 0.8878 0.3315 0.8563 0.8483 0.8189
82 0.9009 0.2882 0.8704 0.8470 0.8189
83 0.9031 0.2681 0.8732 0.8519 0.8245
84 0.9078 0.2534 0.8805 0.8551 0.8256
85 0.9098 0.2450 0.8795 0.8550 0.8261
86 0.9086 0.2486 0.8799 0.8562 0.8273
87 0.9088 0.2504 0.8797 0.8563 0.8270
88 0.9075 0.2573 0.8778 0.8493 0.8195
89 0.8970 0.2903 0.8670 0.8461 0.8174
90 0.8864 0.3184 0.8546 0.8378 0.8077
91 0.8874 0.3309 0.8558 0.8384 0.8013
92 0.8960 0.3006 0.8645 0.8494 0.8228
93 0.9038 0.2666 0.8742 0.8519 0.8278
94 0.9154 0.2395 0.8880 0.8525 0.8244
95 0.9132 0.2395 0.8864 0.8563 0.8284
96 0.9140 0.2360 0.8847 0.8516 0.8243
97 0.9115 0.2366 0.8839 0.8519 0.8249
98 0.9056 0.2521 0.8762 0.8491 0.8233
99 0.8982 0.2903 0.8688 0.8459 0.8162
100 0.8920 0.3021 0.8617 0.8514 0.8228
101 0.9036 0.2563 0.8724 0.8556 0.8300
102 0.9095 0.2377 0.8830 0.8557 0.8293
103 0.9155 0.2258 0.8872 0.8535 0.8269
104 0.9143 0.2267 0.8863 0.8580 0.8311
105 0.9200 0.2186 0.8920 0.8585 0.8317
106 0.9124 0.2268 0.8847 0.8564 0.8299
107 0.9175 0.2200 0.8913 0.8528 0.8262
108 0.9148 0.2270 0.8867 0.8547 0.8276
109 0.9176 0.2227 0.8893 0.8564 0.8305
110 0.9133 0.2307 0.8864 0.8526 0.8236
111 0.9068 0.2567 0.8779 0.8504 0.8216
112 0.9161 0.2279 0.8892 0.8598 0.8323
113 0.9178 0.2124 0.8903 0.8582 0.8316
114 0.9194 0.2119 0.8930 0.8597 0.8316
115 0.9178 0.2167 0.8898 0.8579 0.8292
116 0.9167 0.2175 0.8901 0.8546 0.8258
117 0.9171 0.2165 0.8890 0.8517 0.8220
118 0.9168 0.2198 0.8906 0.8528 0.8248
119 0.9142 0.2395 0.8870 0.8503 0.8250
120 0.9167 0.2311 0.8868 0.8557 0.8242
121 0.9148 0.2255 0.8854 0.8481 0.8227
122 0.9155 0.2223 0.8869 0.8529 0.8262
123 0.9174 0.2150 0.8915 0.8539 0.8280
124 0.9259 0.1923 0.9012 0.8568 0.8300
125 0.9236 0.1988 0.8972 0.8575 0.8312
126 0.9216 0.2014 0.8952 0.8553 0.8296
127 0.9246 0.2025 0.8994 0.8556 0.8296
128 0.9198 0.1999 0.8924 0.8553 0.8280
129 0.9164 0.2143 0.8887 0.8588 0.8292
130 0.9130 0.2292 0.8846 0.8570 0.8250
131 0.9155 0.2190 0.8886 0.8538 0.8257
132 0.9195 0.2095 0.8943 0.8550 0.8268
133 0.9185 0.2102 0.8921 0.8561 0.8285
134 0.9224 0.2000 0.8967 0.8619 0.8337
135 0.9284 0.1932 0.9018 0.8599 0.8327
136 0.9228 0.1952 0.8967 0.8602 0.8311
137 0.9238 0.1973 0.8970 0.8626 0.8346
138 0.9201 0.2077 0.8952 0.8550 0.8280
139 0.9203 0.2103 0.8953 0.8574 0.8274
140 0.9167 0.2183 0.8894 0.8617 0.8326
141 0.9191 0.2124 0.8931 0.8533 0.8246
142 0.9173 0.2193 0.8920 0.8527 0.8262
143 0.9187 0.2070 0.8928 0.8600 0.8345
144 0.9241 0.1953 0.8988 0.8548 0.8287
145 0.9240 0.1908 0.8989 0.8570 0.8328
146 0.9254 0.1911 0.9000 0.8543 0.8274
147 0.9248 0.1920 0.9023 0.8571 0.8298
148 0.9268 0.1888 0.9032 0.8548 0.8292
149 0.9200 0.2089 0.8941 0.8505 0.8249
150 0.9112 0.2385 0.8851 0.8568 0.8266
151 0.9151 0.2212 0.8910 0.8542 0.8267
152 0.9205 0.2062 0.8954 0.8548 0.8261
153 0.9218 0.2031 0.8954 0.8541 0.8282
154 0.9260 0.1912 0.9018 0.8562 0.8288
155 0.9222 0.1945 0.8970 0.8548 0.8269
156 0.9249 0.1850 0.9024 0.8512 0.8263
157 0.9272 0.1854 0.9026 0.8512 0.8250
158 0.9230 0.1924 0.8991 0.8507 0.8276
159 0.9146 0.2275 0.8864 0.8511 0.8257
160 0.9176 0.2160 0.8904 0.8514 0.8225
161 0.9268 0.1907 0.9014 0.8538 0.8264
162 0.9264 0.1884 0.9024 0.8532 0.8261
163 0.9270 0.1877 0.9032 0.8540 0.8268
164 0.9238 0.1910 0.8998 0.8544 0.8267
165 0.9245 0.1928 0.8977 0.8528 0.8256
166 0.9281 0.1786 0.9054 0.8537 0.8268
167 0.9273 0.1846 0.9029 0.8530 0.8266
168 0.9283 0.1840 0.9041 0.8534 0.8266
169 0.9302 0.1778 0.9072 0.8533 0.8274
170 0.9289 0.1788 0.9064 0.8553 0.8282
171 0.9257 0.1868 0.9005 0.8525 0.8252
172 0.9262 0.1825 0.9022 0.8535 0.8256
173 0.9302 0.1753 0.9071 0.8521 0.8255
174 0.9275 0.1788 0.9041 0.8527 0.8264
175 0.9299 0.1720 0.9060 0.8537 0.8273
176 0.9314 0.1679 0.9089 0.8535 0.8272
177 0.9298 0.1769 0.9036 0.8552 0.8278
178 0.9279 0.1797 0.9039 0.8544 0.8276
179 0.9305 0.1773 0.9074 0.8582 0.8332
180 0.9341 0.1652 0.9107 0.8568 0.8309
181 0.9262 0.1758 0.9023 0.8550 0.8279
182 0.9319 0.1719 0.9098 0.8566 0.8297
183 0.9290 0.1697 0.9071 0.8560 0.8306
184 0.9304 0.1720 0.9072 0.8558 0.8294
185 0.9266 0.1776 0.9022 0.8558 0.8294
186 0.9290 0.1778 0.9055 0.8556 0.8284
187 0.9313 0.1722 0.9085 0.8560 0.8293
188 0.9321 0.1706 0.9109 0.8546 0.8281
189 0.9320 0.1694 0.9090 0.8530 0.8258
190 0.9323 0.1672 0.9091 0.8529 0.8272
191 0.9302 0.1713 0.9074 0.8549 0.8272
192 0.9325 0.1676 0.9111 0.8568 0.8304
193 0.9279 0.1749 0.9028 0.8559 0.8306
194 0.9319 0.1685 0.9090 0.8536 0.8276
195 0.9343 0.1628 0.9119 0.8547 0.8287
196 0.9351 0.1667 0.9119 0.8564 0.8298
197 0.9311 0.1712 0.9093 0.8578 0.8302
198 0.9291 0.1749 0.9050 0.8576 0.8303
199 0.9320 0.1685 0.9088 0.8548 0.8284
