epoch train_iou train_loss train_mAP val_iou val_mAP
0 0.6610 1.1239 0.5807 0.7188 0.6381
1 0.7533 0.8518 0.6952 0.7537 0.7069
2 0.7698 0.7847 0.7168 0.7999 0.7489
3 0.7876 0.7324 0.7363 0.8042 0.7572
4 0.8028 0.6696 0.7536 0.8244 0.7821
5 0.8123 0.6425 0.7630 0.8208 0.7781
6 0.8159 0.6365 0.7689 0.8249 0.7882
7 0.8135 0.6440 0.7658 0.8209 0.7820
8 0.8150 0.6396 0.7687 0.8108 0.7776
9 0.7995 0.6714 0.7543 0.8170 0.7798
10 0.7997 0.6622 0.7547 0.8155 0.7814
11 0.8160 0.6106 0.7744 0.7986 0.7679
12 0.8266 0.5785 0.7873 0.8300 0.8005
13 0.8391 0.5243 0.8000 0.8249 0.7933
14 0.8477 0.4984 0.8097 0.8385 0.8078
15 0.8427 0.5030 0.8062 0.8428 0.8109
16 0.8470 0.4930 0.8095 0.8409 0.8105
17 0.8478 0.4913 0.8084 0.8354 0.8006
18 0.8426 0.5083 0.8063 0.8414 0.8076
19 0.8277 0.5519 0.7903 0.8239 0.7793
20 0.8261 0.5656 0.7849 0.8186 0.7901
21 0.8364 0.5361 0.7976 0.8339 0.8032
22 0.8407 0.5036 0.8041 0.8339 0.8024
23 0.8541 0.4631 0.8175 0.8503 0.8188
24 0.8628 0.4285 0.8263 0.8535 0.8224
25 0.8661 0.4115 0.8300 0.8528 0.8245
26 0.8663 0.4156 0.8306 0.8474 0.8181
27 0.8657 0.4178 0.8301 0.8443 0.8150
28 0.8653 0.4301 0.8313 0.8515 0.8240
29 0.8521 0.4713 0.8157 0.8033 0.7744
30 0.8513 0.4876 0.8138 0.8200 0.7869
31 0.8504 0.4643 0.8150 0.8477 0.8202
32 0.8619 0.4231 0.8284 0.8460 0.8186
33 0.8659 0.4072 0.8301 0.8499 0.8212
34 0.8771 0.3765 0.8458 0.8503 0.8202
35 0.8825 0.3587 0.8519 0.8481 0.8192
36 0.8819 0.3607 0.8495 0.8550 0.8224
37 0.8799 0.3754 0.8463 0.8551 0.8275
38 0.8779 0.3840 0.8432 0.8415 0.8090
39 0.8615 0.4360 0.8254 0.8267 0.8017
40 0.8541 0.4663 0.8168 0.8188 0.7831
41 0.8618 0.4362 0.8282 0.8510 0.8213
42 0.8709 0.3922 0.8384 0.8432 0.8118
43 0.8774 0.3754 0.8440 0.8441 0.8169
44 0.8793 0.3551 0.8457 0.8552 0.8281
45 0.8845 0.3434 0.8553 0.8558 0.8281
46 0.8861 0.3344 0.8533 0.8549 0.8252
47 0.8816 0.3474 0.8486 0.8527 0.8258
48 0.8808 0.3531 0.8483 0.8285 0.7993
49 0.8733 0.3913 0.8410 0.8495 0.8204
50 0.8643 0.4217 0.8305 0.8331 0.7976
51 0.8706 0.4035 0.8371 0.8430 0.8105
52 0.8816 0.3625 0.8485 0.8548 0.8284
53 0.8906 0.3250 0.8594 0.8555 0.8310
54 0.8939 0.3124 0.8636 0.8548 0.8273
55 0.8956 0.3069 0.8638 0.8526 0.8266
56 0.8928 0.3129 0.8607 0.8602 0.8308
57 0.8916 0.3147 0.8606 0.8558 0.8276
58 0.8853 0.3330 0.8548 0.8437 0.8169
59 0.8812 0.3585 0.8493 0.8482 0.8180
60 0.8725 0.3843 0.8372 0.8227 0.7938
61 0.8806 0.3604 0.8493 0.8321 0.8050
62 0.8815 0.3613 0.8511 0.8477 0.8163
63 0.8854 0.3325 0.8542 0.8421 0.8132
64 0.8940 0.3045 0.8625 0.8575 0.8321
65 0.8949 0.2921 0.8627 0.8587 0.8333
66 0.8983 0.2890 0.8679 0.8621 0.8352
67 0.9002 0.2883 0.8691 0.8618 0.8356
68 0.8938 0.3102 0.8646 0.8514 0.8237
69 0.8756 0.3634 0.8415 0.8434 0.8135
70 0.8665 0.3972 0.8354 0.8347 0.8035
71 0.8749 0.3795 0.8439 0.8440 0.8175
72 0.8892 0.3287 0.8572 0.8518 0.8230
73 0.8946 0.3026 0.8638 0.8481 0.8219
74 0.8986 0.2918 0.8685 0.8589 0.8297
75 0.9018 0.2771 0.8739 0.8604 0.8334
76 0.9024 0.2744 0.8729 0.8575 0.8315
77 0.9008 0.2731 0.8721 0.8605 0.8317
78 0.8963 0.2948 0.8671 0.8372 0.8058
79 0.8912 0.3156 0.8609 0.8397 0.8082
80 0.8889 0.3426 0.8560 0.8441 0.8145
81 0.8868 0.3289 0.8556 0.8560 0.8274
82 0.8950 0.2915 0.8648 0.8584 0.8311
83 0.9034 0.2703 0.8738 0.8602 0.8338
84 0.9092 0.2560 0.8801 0.8595 0.8329
85 0.9066 0.2552 0.8802 0.8652 0.8392
86 0.9065 0.2598 0.8774 0.8575 0.8308
87 0.9076 0.2546 0.8772 0.8582 0.8292
88 0.9026 0.2749 0.8728 0.8589 0.8288
89 0.8983 0.3009 0.8666 0.8403 0.8085
90 0.8844 0.3419 0.8527 0.8491 0.8171
91 0.8883 0.3360 0.8574 0.8537 0.8254
92 0.8981 0.2844 0.8680 0.8612 0.8306
93 0.9068 0.2650 0.8774 0.8672 0.8415
94 0.9051 0.2529 0.8771 0.8631 0.8364
95 0.9129 0.2345 0.8851 0.8664 0.8398
96 0.9098 0.2394 0.8812 0.8644 0.8382
97 0.9154 0.2337 0.8843 0.8647 0.8371
98 0.9020 0.2664 0.8729 0.8666 0.8371
99 0.9036 0.2697 0.8745 0.8588 0.8302
100 0.9068 0.2610 0.8801 0.8590 0.8345
101 0.9044 0.2575 0.8772 0.8607 0.8351
102 0.9126 0.2453 0.8855 0.8677 0.8428
103 0.9106 0.2366 0.8824 0.8658 0.8394
104 0.9165 0.2261 0.8882 0.8656 0.8392
105 0.9149 0.2198 0.8873 0.8676 0.8427
106 0.9180 0.2182 0.8921 0.8696 0.8424
107 0.9168 0.2215 0.8908 0.8695 0.8433
108 0.9181 0.2168 0.8911 0.8657 0.8398
109 0.9133 0.2219 0.8853 0.8598 0.8316
110 0.9153 0.2278 0.8895 0.8666 0.8376
111 0.9160 0.2294 0.8893 0.8526 0.8225
112 0.9160 0.2185 0.8886 0.8553 0.8278
113 0.9136 0.2206 0.8854 0.8653 0.8379
114 0.9207 0.2100 0.8939 0.8658 0.8373
115 0.9227 0.2051 0.8962 0.8662 0.8381
116 0.9210 0.2075 0.8947 0.8669 0.8407
117 0.9205 0.2050 0.8930 0.8674 0.8392
118 0.9177 0.2162 0.8927 0.8664 0.8379
119 0.9147 0.2248 0.8883 0.8481 0.8216
120 0.9073 0.2534 0.8799 0.8571 0.8292
121 0.9084 0.2548 0.8797 0.8676 0.8385
122 0.9163 0.2222 0.8875 0.8550 0.8287
123 0.9143 0.2237 0.8887 0.8678 0.8425
124 0.9226 0.2020 0.8989 0.8709 0.8445
125 0.9233 0.1986 0.8972 0.8703 0.8441
126 0.9187 0.2067 0.8925 0.8710 0.8444
127 0.9190 0.2057 0.8943 0.8665 0.8409
128 0.9190 0.2083 0.8933 0.8659 0.8395
129 0.9168 0.2156 0.8906 0.8679 0.8411
130 0.9172 0.2277 0.8916 0.8597 0.8346
131 0.9134 0.2318 0.8860 0.8657 0.8397
132 0.9167 0.2114 0.8913 0.8656 0.8355
133 0.9217 0.2031 0.8960 0.8667 0.8401
134 0.9240 0.1966 0.8997 0.8690 0.8417
135 0.9255 0.1916 0.9017 0.8688 0.8430
136 0.9231 0.1919 0.8984 0.8660 0.8405
137 0.9271 0.1889 0.9023 0.8640 0.8369
138 0.9232 0.2006 0.8966 0.8604 0.8325
139 0.9218 0.2084 0.8963 0.8677 0.8401
140 0.9210 0.2050 0.8967 0.8679 0.8412
141 0.9155 0.2218 0.8893 0.8574 0.8296
142 0.9163 0.2190 0.8903 0.8650 0.8391
143 0.9235 0.1977 0.8990 0.8684 0.8401
144 0.9221 0.1929 0.8965 0.8666 0.8391
145 0.9226 0.1934 0.8985 0.8663 0.8401
146 0.9263 0.1871 0.9027 0.8698 0.8418
147 0.9241 0.1900 0.9004 0.8699 0.8433
148 0.9274 0.1857 0.9035 0.8587 0.8341
149 0.9236 0.1982 0.9000 0.8550 0.8300
150 0.9216 0.1972 0.8947 0.8631 0.8361
151 0.9210 0.2104 0.8955 0.8183 0.7857
152 0.9178 0.2282 0.8912 0.8629 0.8370
153 0.9238 0.2037 0.9003 0.8695 0.8441
154 0.9249 0.1961 0.8999 0.8674 0.8419
155 0.9260 0.1871 0.9012 0.8670 0.8406
156 0.9295 0.1853 0.9072 0.8668 0.8389
157 0.9278 0.1867 0.9037 0.8629 0.8356
158 0.9208 0.2032 0.8952 0.8656 0.8395
159 0.9254 0.1895 0.8995 0.8713 0.8431
160 0.9253 0.1917 0.9004 0.8677 0.8406
161 0.9273 0.1916 0.9023 0.8663 0.8413
162 0.9307 0.1763 0.9079 0.8707 0.8444
163 0.9269 0.1827 0.9020 0.8694 0.8401
164 0.9290 0.1773 0.9079 0.8693 0.8406
165 0.9286 0.1781 0.9067 0.8669 0.8379
166 0.9280 0.1784 0.9054 0.8664 0.8403
167 0.9324 0.1695 0.9102 0.8681 0.8410
168 0.9292 0.1737 0.9069 0.8721 0.8442
169 0.9325 0.1732 0.9104 0.8640 0.8374
170 0.9326 0.1728 0.9112 0.8689 0.8434
171 0.9308 0.1691 0.9081 0.8674 0.8427
172 0.9274 0.1789 0.9053 0.8681 0.8405
173 0.9321 0.1709 0.9110 0.8701 0.8434
174 0.9302 0.1754 0.9085 0.8686 0.8410
175 0.9283 0.1759 0.9039 0.8695 0.8440
176 0.9339 0.1681 0.9124 0.8700 0.8442
177 0.9336 0.1669 0.9128 0.8704 0.8441
178 0.9358 0.1589 0.9143 0.8706 0.8446
179 0.9290 0.1756 0.9057 0.8674 0.8413
180 0.9327 0.1676 0.9099 0.8664 0.8399
181 0.9341 0.1643 0.9104 0.8654 0.8391
182 0.9329 0.1651 0.9102 0.8690 0.8418
183 0.9313 0.1684 0.9098 0.8704 0.8435
184 0.9302 0.1669 0.9069 0.8713 0.8439
185 0.9346 0.1666 0.9131 0.8710 0.8442
186 0.9329 0.1685 0.9111 0.8710 0.8439
187 0.9343 0.1651 0.9125 0.8731 0.8466
188 0.9324 0.1677 0.9102 0.8683 0.8429
189 0.9315 0.1688 0.9091 0.8683 0.8406
190 0.9348 0.1631 0.9137 0.8711 0.8456
191 0.9333 0.1635 0.9121 0.8661 0.8406
192 0.9334 0.1658 0.9108 0.8665 0.8418
193 0.9324 0.1669 0.9109 0.8679 0.8416
194 0.9343 0.1665 0.9123 0.8679 0.8427
195 0.9307 0.1693 0.9097 0.8676 0.8421
196 0.9342 0.1630 0.9139 0.8672 0.8415
197 0.9314 0.1705 0.9093 0.8669 0.8409
198 0.9293 0.1656 0.9084 0.8654 0.8398
199 0.9350 0.1609 0.9126 0.8650 0.8401
