epoch train_iou train_loss train_mAP val_iou val_mAP
0 0.6420 1.1775 0.5559 0.7159 0.6458
1 0.7504 0.8507 0.6867 0.7520 0.6983
2 0.7762 0.7768 0.7215 0.7824 0.7280
3 0.7891 0.7443 0.7368 0.7838 0.7376
4 0.8047 0.6850 0.7574 0.7959 0.7518
5 0.8106 0.6545 0.7621 0.7986 0.7495
6 0.8035 0.6685 0.7540 0.8034 0.7546
7 0.8057 0.6694 0.7596 0.8042 0.7599
8 0.8099 0.6468 0.7629 0.7997 0.7584
9 0.8037 0.6749 0.7566 0.7945 0.7513
10 0.8064 0.6495 0.7618 0.8134 0.7675
11 0.8151 0.6046 0.7727 0.8044 0.7543
12 0.8294 0.5706 0.7885 0.8153 0.7762
13 0.8387 0.5259 0.7993 0.8270 0.7873
14 0.8473 0.4942 0.8072 0.8288 0.7895
15 0.8482 0.4929 0.8077 0.8354 0.7971
16 0.8470 0.4922 0.8091 0.8315 0.7907
17 0.8469 0.4922 0.8068 0.8223 0.7882
18 0.8501 0.4979 0.8111 0.8211 0.7793
19 0.8293 0.5354 0.7908 0.8306 0.7963
20 0.8298 0.5497 0.7904 0.7949 0.7660
21 0.8402 0.5240 0.8008 0.8267 0.7897
22 0.8438 0.5015 0.8060 0.8339 0.7965
23 0.8541 0.4675 0.8187 0.8394 0.8036
24 0.8588 0.4357 0.8200 0.8397 0.8050
25 0.8712 0.4030 0.8374 0.8388 0.8038
26 0.8639 0.4203 0.8265 0.8395 0.8032
27 0.8600 0.4319 0.8228 0.8355 0.8010
28 0.8603 0.4292 0.8244 0.8344 0.7972
29 0.8551 0.4662 0.8175 0.8134 0.7768
30 0.8425 0.4950 0.8077 0.8251 0.7912
31 0.8437 0.4700 0.8066 0.8365 0.7999
32 0.8561 0.4463 0.8194 0.8313 0.7942
33 0.8644 0.4158 0.8307 0.8407 0.8073
34 0.8748 0.3768 0.8407 0.8545 0.8194
35 0.8796 0.3652 0.8445 0.8563 0.8225
36 0.8758 0.3635 0.8415 0.8521 0.8198
37 0.8772 0.3664 0.8431 0.8448 0.8055
38 0.8721 0.3897 0.8378 0.8406 0.8054
39 0.8657 0.4111 0.8310 0.7810 0.7482
40 0.8553 0.4546 0.8181 0.8339 0.7929
41 0.8629 0.4236 0.8294 0.8414 0.8030
42 0.8695 0.4115 0.8340 0.8379 0.8048
43 0.8714 0.3836 0.8373 0.8493 0.8093
44 0.8812 0.3605 0.8480 0.8497 0.8155
45 0.8841 0.3299 0.8517 0.8484 0.8135
46 0.8889 0.3245 0.8592 0.8497 0.8147
47 0.8860 0.3315 0.8524 0.8479 0.8157
48 0.8762 0.3687 0.8428 0.8336 0.8004
49 0.8715 0.3820 0.8373 0.8422 0.8081
50 0.8513 0.4570 0.8137 0.8212 0.7865
51 0.8662 0.4151 0.8338 0.8473 0.8130
52 0.8730 0.3738 0.8388 0.8258 0.7990
53 0.8826 0.3312 0.8503 0.8463 0.8156
54 0.8907 0.3109 0.8592 0.8611 0.8262
55 0.8926 0.3117 0.8610 0.8598 0.8261
56 0.8937 0.3090 0.8629 0.8583 0.8236
57 0.8907 0.3146 0.8591 0.8553 0.8204
58 0.8783 0.3566 0.8467 0.8395 0.8002
59 0.8722 0.3739 0.8401 0.8421 0.8075
60 0.8605 0.4318 0.8244 0.8079 0.7764
61 0.8684 0.4026 0.8328 0.8443 0.8108
62 0.8756 0.3757 0.8426 0.8526 0.8172
63 0.8834 0.3476 0.8495 0.8560 0.8190
64 0.8901 0.3108 0.8586 0.8525 0.8210
65 0.8847 0.3149 0.8548 0.8548 0.8227
66 0.8903 0.3126 0.8593 0.8541 0.8213
67 0.8895 0.3032 0.8582 0.8495 0.8172
68 0.8822 0.3312 0.8499 0.8347 0.8010
69 0.8840 0.3427 0.8527 0.8394 0.8082
70 0.8775 0.3716 0.8460 0.8371 0.8042
71 0.8855 0.3378 0.8520 0.8519 0.8179
72 0.8896 0.3178 0.8583 0.8523 0.8209
73 0.8916 0.3066 0.8594 0.8499 0.8161
74 0.8938 0.2953 0.8629 0.8501 0.8151
75 0.8957 0.2865 0.8625 0.8504 0.8184
76 0.8967 0.2855 0.8647 0.8564 0.8243
77 0.8997 0.2842 0.8676 0.8517 0.8192
78 0.8974 0.2802 0.8669 0.8485 0.8168
79 0.8888 0.3109 0.8561 0.8381 0.8064
80 0.8860 0.3224 0.8544 0.8421 0.8026
81 0.8873 0.3133 0.8568 0.8482 0.8153
82 0.8903 0.3164 0.8593 0.8468 0.8167
83 0.8984 0.2833 0.8672 0.8526 0.8231
84 0.9043 0.2670 0.8735 0.8556 0.8250
85 0.9001 0.2677 0.8710 0.8548 0.8245
86 0.9020 0.2651 0.8707 0.8555 0.8263
87 0.9003 0.2594 0.8710 0.8562 0.8242
88 0.8977 0.2776 0.8673 0.8494 0.8162
89 0.8929 0.2917 0.8620 0.8468 0.8082
90 0.8863 0.3324 0.8553 0.8351 0.7993
91 0.8882 0.3260 0.8568 0.8397 0.8053
92 0.8861 0.3078 0.8556 0.8474 0.8160
93 0.9033 0.2753 0.8758 0.8512 0.8203
94 0.9052 0.2583 0.8738 0.8553 0.8238
95 0.9024 0.2558 0.8715 0.8581 0.8273
96 0.9094 0.2418 0.8806 0.8533 0.8231
97 0.9056 0.2510 0.8801 0.8525 0.8200
98 0.9051 0.2534 0.8762 0.8474 0.8166
99 0.8925 0.3094 0.8620 0.8402 0.8069
100 0.9044 0.2619 0.8767 0.8547 0.8201
101 0.9048 0.2643 0.8770 0.8488 0.8195
102 0.9062 0.2499 0.8791 0.8559 0.8228
103 0.9084 0.2472 0.8796 0.8581 0.8268
104 0.9048 0.2472 0.8750 0.8528 0.8206
105 0.9077 0.2379 0.8788 0.8539 0.8208
106 0.9027 0.2479 0.8739 0.8552 0.8239
107 0.9154 0.2215 0.8894 0.8582 0.8257
108 0.9104 0.2350 0.8844 0.8541 0.8254
109 0.9077 0.2451 0.8788 0.8565 0.8219
110 0.9059 0.2497 0.8768 0.8567 0.8260
111 0.9130 0.2331 0.8853 0.8597 0.8297
112 0.9047 0.2455 0.8775 0.8601 0.8299
113 0.9110 0.2290 0.8839 0.8593 0.8269
114 0.9181 0.2168 0.8899 0.8575 0.8276
115 0.9153 0.2224 0.8887 0.8587 0.8274
116 0.9154 0.2162 0.8870 0.8586 0.8285
117 0.9157 0.2221 0.8878 0.8611 0.8294
118 0.9157 0.2170 0.8875 0.8618 0.8315
119 0.9072 0.2386 0.8776 0.8539 0.8279
120 0.9123 0.2309 0.8837 0.8518 0.8220
121 0.9105 0.2304 0.8813 0.8582 0.8257
122 0.9150 0.2140 0.8883 0.8549 0.8250
123 0.9160 0.2225 0.8883 0.8610 0.8292
124 0.9129 0.2191 0.8871 0.8611 0.8299
125 0.9147 0.2182 0.8873 0.8633 0.8331
126 0.9191 0.2106 0.8925 0.8602 0.8282
127 0.9116 0.2220 0.8865 0.8624 0.8297
128 0.9124 0.2274 0.8858 0.8580 0.8255
129 0.9184 0.2125 0.8929 0.8610 0.8274
130 0.9078 0.2474 0.8797 0.8470 0.8135
131 0.9124 0.2289 0.8871 0.8533 0.8213
132 0.9133 0.2220 0.8865 0.8500 0.8195
133 0.9202 0.2158 0.8927 0.8569 0.8228
134 0.9170 0.2114 0.8896 0.8551 0.8261
135 0.9192 0.2047 0.8950 0.8551 0.8224
136 0.9179 0.2059 0.8919 0.8569 0.8270
137 0.9196 0.2045 0.8932 0.8499 0.8175
138 0.9171 0.2110 0.8904 0.8480 0.8154
139 0.9174 0.2193 0.8925 0.8576 0.8237
140 0.9188 0.2144 0.8916 0.8542 0.8225
141 0.9162 0.2210 0.8856 0.8509 0.8190
142 0.9112 0.2257 0.8848 0.8534 0.8226
143 0.9205 0.2082 0.8944 0.8584 0.8263
144 0.9193 0.2005 0.8942 0.8592 0.8282
145 0.9227 0.1948 0.8966 0.8566 0.8252
146 0.9203 0.2015 0.8926 0.8599 0.8284
147 0.9177 0.2090 0.8914 0.8636 0.8331
148 0.9189 0.2155 0.8928 0.8637 0.8293
149 0.9184 0.2042 0.8949 0.8591 0.8341
150 0.9091 0.2353 0.8826 0.8532 0.8195
151 0.9143 0.2252 0.8875 0.8612 0.8320
152 0.9165 0.2076 0.8894 0.8612 0.8274
153 0.9183 0.1981 0.8927 0.8599 0.8257
154 0.9174 0.2033 0.8920 0.8583 0.8266
155 0.9216 0.1922 0.8965 0.8581 0.8255
156 0.9232 0.1916 0.8995 0.8605 0.8297
157 0.9219 0.1939 0.8982 0.8601 0.8292
158 0.9214 0.2008 0.8967 0.8471 0.8174
159 0.9190 0.2053 0.8948 0.8589 0.8304
160 0.9174 0.2030 0.8943 0.8590 0.8275
161 0.9247 0.1943 0.9003 0.8577 0.8242
162 0.9214 0.1956 0.8959 0.8599 0.8276
163 0.9240 0.1890 0.8987 0.8595 0.8260
164 0.9211 0.1892 0.8977 0.8618 0.8298
165 0.9253 0.1865 0.8992 0.8628 0.8302
166 0.9231 0.1887 0.8974 0.8615 0.8286
167 0.9278 0.1832 0.9035 0.8596 0.8267
168 0.9285 0.1777 0.9038 0.8637 0.8298
169 0.9273 0.1801 0.9015 0.8635 0.8302
170 0.9253 0.1864 0.8996 0.8628 0.8300
171 0.9226 0.1867 0.8980 0.8613 0.8279
172 0.9250 0.1841 0.9005 0.8608 0.8290
173 0.9265 0.1804 0.9031 0.8613 0.8291
174 0.9280 0.1777 0.9038 0.8601 0.8279
175 0.9254 0.1844 0.9004 0.8602 0.8279
176 0.9261 0.1853 0.9021 0.8628 0.8313
177 0.9232 0.1833 0.8988 0.8607 0.8279
178 0.9281 0.1771 0.9050 0.8621 0.8297
179 0.9259 0.1861 0.9012 0.8607 0.8282
180 0.9219 0.1900 0.8987 0.8598 0.8279
181 0.9225 0.1896 0.8996 0.8598 0.8293
182 0.9285 0.1739 0.9062 0.8618 0.8292
183 0.9288 0.1746 0.9038 0.8591 0.8279
184 0.9285 0.1789 0.9032 0.8587 0.8264
185 0.9215 0.1870 0.8957 0.8606 0.8274
186 0.9245 0.1824 0.9001 0.8626 0.8312
187 0.9291 0.1755 0.9044 0.8605 0.8270
188 0.9203 0.1857 0.8961 0.8623 0.8299
189 0.9273 0.1755 0.9046 0.8577 0.8249
190 0.9254 0.1871 0.9026 0.8560 0.8268
191 0.9255 0.1807 0.9010 0.8546 0.8234
192 0.9275 0.1779 0.9030 0.8587 0.8257
193 0.9247 0.1777 0.9016 0.8565 0.8268
194 0.9291 0.1757 0.9051 0.8579 0.8266
195 0.9320 0.1719 0.9096 0.8551 0.8239
196 0.9251 0.1808 0.8997 0.8572 0.8266
197 0.9279 0.1744 0.9030 0.8557 0.8249
198 0.9268 0.1785 0.9017 0.8586 0.8285
199 0.9315 0.1696 0.9073 0.8590 0.8274
