epoch train_iou train_loss train_mAP val_iou val_mAP
0 0.6335 1.2226 0.5500 0.7160 0.6425
1 0.7535 0.8673 0.6922 0.7571 0.7031
2 0.7735 0.7981 0.7207 0.7946 0.7412
3 0.7900 0.7293 0.7389 0.7985 0.7492
4 0.8016 0.6783 0.7523 0.8086 0.7576
5 0.8086 0.6586 0.7579 0.8078 0.7601
6 0.8148 0.6544 0.7674 0.8146 0.7714
7 0.8032 0.6692 0.7568 0.8074 0.7645
8 0.8130 0.6471 0.7650 0.7948 0.7487
9 0.7994 0.6735 0.7539 0.7695 0.7175
10 0.7981 0.6707 0.7536 0.8009 0.7588
11 0.8137 0.6165 0.7706 0.8193 0.7779
12 0.8255 0.5790 0.7820 0.8156 0.7745
13 0.8368 0.5365 0.7969 0.8065 0.7718
14 0.8388 0.5158 0.7984 0.8269 0.7907
15 0.8511 0.4843 0.8119 0.8278 0.7906
16 0.8500 0.4958 0.8091 0.8310 0.7905
17 0.8448 0.5025 0.8045 0.8266 0.7875
18 0.8332 0.5343 0.7930 0.8251 0.7875
19 0.8322 0.5430 0.7908 0.8212 0.7811
20 0.8200 0.5770 0.7818 0.7977 0.7623
21 0.8332 0.5422 0.7927 0.7995 0.7630
22 0.8464 0.4927 0.8067 0.8274 0.7939
23 0.8551 0.4679 0.8186 0.8338 0.7965
24 0.8583 0.4353 0.8226 0.8387 0.8020
25 0.8653 0.4218 0.8296 0.8423 0.8064
26 0.8667 0.4131 0.8310 0.8310 0.7976
27 0.8622 0.4364 0.8259 0.8316 0.7981
28 0.8502 0.4701 0.8124 0.8226 0.7809
29 0.8503 0.4809 0.8153 0.8183 0.7787
30 0.8202 0.5697 0.7811 0.8109 0.7734
31 0.8517 0.4759 0.8130 0.8378 0.8012
32 0.8525 0.4506 0.8155 0.8366 0.7956
33 0.8657 0.4073 0.8333 0.8372 0.8042
34 0.8756 0.3832 0.8407 0.8429 0.8048
35 0.8696 0.3843 0.8352 0.8410 0.8013
36 0.8745 0.3698 0.8421 0.8429 0.8088
37 0.8685 0.3875 0.8334 0.8424 0.8067
38 0.8576 0.4142 0.8253 0.8321 0.7982
39 0.8523 0.4664 0.8175 0.8282 0.7904
40 0.8617 0.4339 0.8244 0.8317 0.7938
41 0.8547 0.4378 0.8226 0.8384 0.8044
42 0.8671 0.4063 0.8331 0.8398 0.8028
43 0.8756 0.3674 0.8418 0.8426 0.8081
44 0.8847 0.3502 0.8520 0.8464 0.8094
45 0.8863 0.3375 0.8543 0.8447 0.8088
46 0.8904 0.3211 0.8566 0.8441 0.8084
47 0.8805 0.3536 0.8466 0.8422 0.8075
48 0.8718 0.3708 0.8373 0.8457 0.8100
49 0.8682 0.4094 0.8345 0.8322 0.7917
50 0.8701 0.4074 0.8369 0.8332 0.7990
51 0.8670 0.4011 0.8332 0.8399 0.8070
52 0.8742 0.3793 0.8407 0.8358 0.8037
53 0.8748 0.3663 0.8398 0.8361 0.8024
54 0.8876 0.3263 0.8552 0.8407 0.8090
55 0.8922 0.3149 0.8615 0.8451 0.8121
56 0.8938 0.3010 0.8623 0.8435 0.8117
57 0.8877 0.3198 0.8555 0.8454 0.8119
58 0.8777 0.3620 0.8447 0.8368 0.7951
59 0.8668 0.3988 0.8331 0.8409 0.8066
60 0.8663 0.4002 0.8310 0.8091 0.7607
61 0.8720 0.3930 0.8355 0.8333 0.7978
62 0.8791 0.3513 0.8475 0.8404 0.8078
63 0.8819 0.3356 0.8503 0.8503 0.8156
64 0.8946 0.3030 0.8648 0.8485 0.8143
65 0.8973 0.2938 0.8671 0.8495 0.8183
66 0.9025 0.2783 0.8716 0.8493 0.8149
67 0.8900 0.3056 0.8588 0.8498 0.8149
68 0.8941 0.3006 0.8623 0.8517 0.8190
69 0.8805 0.3618 0.8506 0.8256 0.7875
70 0.8724 0.3798 0.8409 0.8442 0.8131
71 0.8788 0.3662 0.8454 0.8396 0.8046
72 0.8817 0.3437 0.8488 0.8493 0.8154
73 0.8904 0.3249 0.8613 0.8509 0.8124
74 0.8991 0.2884 0.8689 0.8511 0.8200
75 0.8994 0.2814 0.8712 0.8497 0.8198
76 0.9015 0.2719 0.8705 0.8514 0.8194
77 0.8927 0.2929 0.8620 0.8490 0.8132
78 0.8915 0.3191 0.8609 0.8443 0.8154
79 0.8845 0.3283 0.8521 0.8390 0.8079
80 0.8828 0.3313 0.8522 0.8481 0.8151
81 0.8768 0.3683 0.8444 0.8396 0.8076
82 0.8891 0.3186 0.8598 0.8463 0.8126
83 0.8981 0.2865 0.8702 0.8493 0.8168
84 0.9013 0.2743 0.8736 0.8500 0.8195
85 0.9069 0.2559 0.8780 0.8495 0.8188
86 0.9033 0.2626 0.8717 0.8509 0.8178
87 0.9052 0.2601 0.8776 0.8474 0.8163
88 0.8985 0.2887 0.8686 0.8458 0.8157
89 0.8960 0.2989 0.8668 0.8489 0.8203
90 0.8850 0.3477 0.8522 0.8302 0.7987
91 0.8785 0.3579 0.8464 0.8400 0.8063
92 0.8893 0.3123 0.8584 0.8407 0.8075
93 0.9006 0.2761 0.8693 0.8497 0.8147
94 0.9090 0.2531 0.8804 0.8503 0.8169
95 0.9067 0.2477 0.8768 0.8483 0.8141
96 0.9058 0.2508 0.8772 0.8503 0.8166
97 0.9086 0.2459 0.8802 0.8504 0.8163
98 0.9035 0.2616 0.8731 0.8430 0.8089
99 0.8981 0.2938 0.8687 0.8431 0.8109
100 0.9008 0.2825 0.8722 0.8559 0.8215
101 0.9052 0.2519 0.8759 0.8539 0.8224
102 0.9087 0.2498 0.8788 0.8533 0.8214
103 0.9101 0.2364 0.8796 0.8536 0.8221
104 0.9133 0.2307 0.8868 0.8501 0.8185
105 0.9129 0.2312 0.8844 0.8513 0.8192
106 0.9194 0.2180 0.8927 0.8508 0.8204
107 0.9136 0.2279 0.8854 0.8450 0.8149
108 0.9145 0.2308 0.8859 0.8577 0.8256
109 0.9097 0.2415 0.8827 0.8480 0.8087
110 0.9086 0.2430 0.8811 0.8510 0.8188
111 0.9110 0.2411 0.8822 0.8529 0.8186
112 0.9125 0.2298 0.8841 0.8523 0.8181
113 0.9158 0.2226 0.8877 0.8492 0.8178
114 0.9163 0.2228 0.8897 0.8509 0.8218
115 0.9138 0.2272 0.8856 0.8510 0.8221
116 0.9182 0.2145 0.8913 0.8472 0.8147
117 0.9190 0.2138 0.8929 0.8511 0.8201
118 0.9149 0.2173 0.8871 0.8554 0.8198
119 0.9154 0.2234 0.8866 0.8544 0.8208
120 0.9140 0.2226 0.8868 0.8552 0.8234
121 0.9073 0.2499 0.8798 0.8485 0.8168
122 0.9108 0.2303 0.8832 0.8567 0.8255
123 0.9180 0.2127 0.8910 0.8556 0.8236
124 0.9141 0.2149 0.8865 0.8578 0.8286
125 0.9166 0.2118 0.8900 0.8571 0.8278
126 0.9173 0.2111 0.8905 0.8557 0.8257
127 0.9187 0.2069 0.8893 0.8515 0.8227
128 0.9169 0.2095 0.8901 0.8544 0.8239
129 0.9167 0.2137 0.8913 0.8459 0.8148
130 0.9058 0.2566 0.8767 0.8444 0.8106
131 0.9088 0.2400 0.8809 0.8497 0.8151
132 0.9134 0.2234 0.8861 0.8505 0.8209
133 0.9161 0.2154 0.8881 0.8500 0.8169
134 0.9143 0.2119 0.8870 0.8519 0.8194
135 0.9154 0.2093 0.8874 0.8514 0.8196
136 0.9214 0.2021 0.8968 0.8516 0.8202
137 0.9220 0.2025 0.8951 0.8508 0.8180
138 0.9200 0.2080 0.8931 0.8501 0.8183
139 0.9144 0.2185 0.8878 0.8471 0.8156
140 0.9111 0.2397 0.8832 0.8399 0.8049
141 0.9132 0.2303 0.8881 0.8452 0.8132
142 0.9134 0.2224 0.8845 0.8511 0.8208
143 0.9180 0.2064 0.8929 0.8542 0.8219
144 0.9201 0.2033 0.8946 0.8547 0.8240
145 0.9209 0.2001 0.8940 0.8538 0.8216
146 0.9208 0.2000 0.8941 0.8512 0.8197
147 0.9220 0.1986 0.8947 0.8453 0.8144
148 0.9153 0.2056 0.8887 0.8474 0.8165
149 0.9130 0.2231 0.8852 0.8481 0.8197
150 0.9124 0.2219 0.8835 0.8469 0.8156
151 0.9139 0.2197 0.8887 0.8473 0.8181
152 0.9169 0.2167 0.8904 0.8505 0.8194
153 0.9191 0.2065 0.8935 0.8492 0.8204
154 0.9206 0.1980 0.8953 0.8520 0.8214
155 0.9201 0.2009 0.8943 0.8523 0.8221
156 0.9222 0.1950 0.8959 0.8484 0.8189
157 0.9234 0.1918 0.8981 0.8512 0.8220
158 0.9240 0.1893 0.8985 0.8536 0.8242
159 0.9214 0.2035 0.8969 0.8513 0.8208
160 0.9202 0.2030 0.8942 0.8572 0.8290
161 0.9214 0.1962 0.8966 0.8493 0.8203
162 0.9255 0.1883 0.9019 0.8498 0.8207
163 0.9251 0.1870 0.9023 0.8534 0.8237
164 0.9231 0.1864 0.8977 0.8527 0.8231
165 0.9249 0.1910 0.9002 0.8533 0.8231
166 0.9254 0.1844 0.9012 0.8540 0.8243
167 0.9249 0.1843 0.9021 0.8522 0.8227
168 0.9241 0.1834 0.9007 0.8526 0.8249
169 0.9251 0.1826 0.9006 0.8518 0.8225
170 0.9307 0.1797 0.9074 0.8500 0.8220
171 0.9259 0.1827 0.9023 0.8520 0.8242
172 0.9317 0.1736 0.9090 0.8500 0.8189
173 0.9300 0.1755 0.9062 0.8552 0.8257
174 0.9279 0.1757 0.9046 0.8529 0.8238
175 0.9227 0.1878 0.8981 0.8521 0.8232
176 0.9262 0.1805 0.9030 0.8530 0.8248
177 0.9293 0.1788 0.9049 0.8550 0.8268
178 0.9281 0.1750 0.9046 0.8506 0.8214
179 0.9280 0.1787 0.9044 0.8547 0.8264
180 0.9266 0.1771 0.9033 0.8547 0.8258
181 0.9271 0.1814 0.9011 0.8532 0.8236
182 0.9241 0.1848 0.8990 0.8578 0.8275
183 0.9255 0.1833 0.9017 0.8538 0.8250
184 0.9291 0.1762 0.9069 0.8517 0.8227
185 0.9268 0.1781 0.9022 0.8556 0.8252
186 0.9274 0.1790 0.9032 0.8544 0.8225
187 0.9277 0.1812 0.9022 0.8539 0.8248
188 0.9263 0.1840 0.9023 0.8556 0.8264
189 0.9250 0.1792 0.9008 0.8565 0.8274
190 0.9197 0.1900 0.8957 0.8522 0.8208
191 0.9307 0.1701 0.9086 0.8538 0.8244
192 0.9258 0.1776 0.9016 0.8490 0.8189
193 0.9276 0.1730 0.9030 0.8524 0.8222
194 0.9288 0.1722 0.9046 0.8537 0.8242
195 0.9266 0.1726 0.9028 0.8529 0.8222
196 0.9280 0.1768 0.9041 0.8541 0.8242
197 0.9316 0.1714 0.9097 0.8539 0.8246
198 0.9332 0.1681 0.9109 0.8530 0.8221
199 0.9245 0.1776 0.9003 0.8541 0.8239
