epoch train_iou train_loss train_mAP val_iou val_mAP
0 0.6535 1.1486 0.5721 0.7362 0.6790
1 0.7538 0.8353 0.6977 0.7843 0.7267
2 0.7861 0.7474 0.7355 0.8020 0.7524
3 0.7937 0.7119 0.7462 0.8097 0.7636
4 0.8078 0.6715 0.7611 0.8161 0.7671
5 0.8168 0.6473 0.7702 0.8145 0.7706
6 0.8188 0.6358 0.7728 0.8181 0.7724
7 0.8177 0.6351 0.7747 0.8191 0.7760
8 0.8121 0.6544 0.7682 0.8078 0.7694
9 0.8156 0.6394 0.7763 0.7975 0.7518
10 0.8194 0.6095 0.7804 0.8253 0.7799
11 0.8239 0.5952 0.7853 0.8171 0.7766
12 0.8348 0.5535 0.8001 0.8275 0.7923
13 0.8306 0.5484 0.7903 0.8336 0.7968
14 0.8483 0.4957 0.8116 0.8352 0.7964
15 0.8578 0.4737 0.8236 0.8345 0.7984
16 0.8557 0.4721 0.8187 0.8402 0.8036
17 0.8558 0.4765 0.8167 0.8364 0.8025
18 0.8457 0.5172 0.8082 0.8126 0.7754
19 0.8462 0.5111 0.8102 0.7768 0.7112
20 0.8391 0.5331 0.7995 0.8183 0.7805
21 0.8442 0.5089 0.8111 0.8269 0.7964
22 0.8590 0.4570 0.8208 0.8349 0.7948
23 0.8596 0.4439 0.8254 0.8360 0.8076
24 0.8643 0.4301 0.8297 0.8426 0.8087
25 0.8734 0.4021 0.8413 0.8436 0.8100
26 0.8780 0.3895 0.8417 0.8477 0.8115
27 0.8721 0.4068 0.8410 0.8370 0.8049
28 0.8633 0.4391 0.8307 0.8398 0.8061
29 0.8654 0.4433 0.8323 0.8307 0.7981
30 0.8501 0.4823 0.8123 0.8269 0.7921
31 0.8663 0.4298 0.8326 0.8208 0.7876
32 0.8670 0.4129 0.8333 0.8222 0.7829
33 0.8757 0.3915 0.8436 0.8450 0.8107
34 0.8752 0.3717 0.8435 0.8478 0.8129
35 0.8811 0.3576 0.8492 0.8498 0.8151
36 0.8808 0.3487 0.8506 0.8511 0.8139
37 0.8817 0.3531 0.8491 0.8481 0.8107
38 0.8629 0.4228 0.8284 0.8322 0.7885
39 0.8688 0.3986 0.8380 0.8264 0.7938
40 0.8512 0.4596 0.8145 0.8334 0.7947
41 0.8625 0.4228 0.8277 0.8329 0.7978
42 0.8766 0.3747 0.8439 0.8454 0.8151
43 0.8880 0.3443 0.8562 0.8498 0.8148
44 0.8873 0.3321 0.8542 0.8478 0.8113
45 0.8908 0.3194 0.8606 0.8472 0.8115
46 0.8864 0.3254 0.8559 0.8537 0.8163
47 0.8884 0.3234 0.8584 0.8451 0.8095
48 0.8944 0.3195 0.8643 0.8429 0.8106
49 0.8767 0.3749 0.8441 0.8420 0.8100
50 0.8651 0.4288 0.8308 0.8293 0.7940
51 0.8705 0.3993 0.8408 0.8420 0.8095
52 0.8799 0.3700 0.8481 0.8401 0.8100
53 0.8849 0.3426 0.8551 0.8457 0.8111
54 0.8933 0.3093 0.8632 0.8469 0.8097
55 0.8966 0.2991 0.8669 0.8478 0.8132
56 0.8960 0.3017 0.8663 0.8482 0.8145
57 0.8922 0.3040 0.8610 0.8504 0.8133
58 0.8840 0.3433 0.8528 0.8437 0.8078
59 0.8890 0.3459 0.8577 0.8437 0.8052
60 0.8738 0.3935 0.8398 0.8319 0.7928
61 0.8766 0.3736 0.8426 0.8269 0.7929
62 0.8847 0.3462 0.8535 0.8435 0.8091
63 0.8962 0.3064 0.8658 0.8421 0.8069
64 0.8977 0.2922 0.8659 0.8463 0.8120
65 0.9010 0.2849 0.8710 0.8474 0.8124
66 0.9048 0.2754 0.8742 0.8528 0.8187
67 0.8963 0.2915 0.8671 0.8489 0.8174
68 0.8923 0.3075 0.8633 0.8438 0.8059
69 0.8912 0.3172 0.8602 0.8370 0.8052
70 0.8815 0.3464 0.8488 0.8413 0.8129
71 0.8904 0.3297 0.8592 0.8433 0.8085
72 0.8979 0.2940 0.8687 0.8381 0.8050
73 0.9016 0.2820 0.8714 0.8420 0.8121
74 0.9087 0.2572 0.8787 0.8506 0.8206
75 0.9066 0.2447 0.8783 0.8528 0.8201
76 0.9109 0.2404 0.8842 0.8516 0.8173
77 0.9065 0.2630 0.8778 0.8516 0.8180
78 0.9079 0.2590 0.8784 0.8500 0.8175
79 0.8884 0.3292 0.8579 0.8371 0.8028
80 0.8889 0.3226 0.8579 0.8373 0.8012
81 0.8878 0.3362 0.8550 0.8416 0.8046
82 0.8969 0.2970 0.8655 0.8399 0.8075
83 0.8985 0.2786 0.8677 0.8503 0.8218
84 0.9086 0.2541 0.8788 0.8529 0.8179
85 0.9154 0.2318 0.8875 0.8530 0.8188
86 0.9082 0.2454 0.8775 0.8586 0.8263
87 0.9074 0.2592 0.8771 0.8572 0.8213
88 0.9094 0.2581 0.8816 0.8463 0.8115
89 0.9011 0.2729 0.8709 0.8525 0.8231
90 0.8849 0.3373 0.8522 0.8164 0.7796
91 0.8824 0.3500 0.8524 0.8353 0.7983
92 0.8969 0.2948 0.8669 0.8461 0.8160
93 0.9045 0.2719 0.8744 0.8483 0.8173
94 0.9037 0.2545 0.8769 0.8485 0.8174
95 0.9141 0.2429 0.8859 0.8506 0.8214
96 0.9117 0.2400 0.8830 0.8482 0.8185
97 0.9134 0.2331 0.8842 0.8522 0.8227
98 0.9091 0.2554 0.8781 0.8505 0.8178
99 0.9020 0.2727 0.8735 0.8160 0.7748
100 0.8989 0.2885 0.8690 0.8586 0.8275
101 0.9105 0.2420 0.8820 0.8531 0.8192
102 0.9093 0.2419 0.8814 0.8491 0.8173
103 0.9173 0.2275 0.8916 0.8562 0.8261
104 0.9161 0.2246 0.8888 0.8532 0.8200
105 0.9163 0.2216 0.8883 0.8572 0.8245
106 0.9157 0.2282 0.8871 0.8569 0.8237
107 0.9172 0.2213 0.8913 0.8565 0.8240
108 0.9128 0.2217 0.8887 0.8559 0.8231
109 0.9183 0.2160 0.8901 0.8517 0.8163
110 0.9201 0.2176 0.8924 0.8447 0.8130
111 0.9118 0.2389 0.8832 0.8499 0.8203
112 0.9154 0.2328 0.8877 0.8467 0.8166
113 0.9143 0.2243 0.8882 0.8502 0.8174
114 0.9198 0.2100 0.8944 0.8514 0.8172
115 0.9177 0.2162 0.8905 0.8510 0.8168
116 0.9184 0.2119 0.8914 0.8511 0.8177
117 0.9191 0.2088 0.8938 0.8485 0.8189
118 0.9183 0.2137 0.8912 0.8492 0.8206
119 0.9192 0.2104 0.8923 0.8588 0.8280
120 0.9136 0.2382 0.8880 0.8535 0.8195
121 0.9173 0.2193 0.8915 0.8568 0.8251
122 0.9236 0.2016 0.8988 0.8502 0.8175
123 0.9219 0.2122 0.8959 0.8593 0.8264
124 0.9209 0.2058 0.8956 0.8568 0.8262
125 0.9209 0.2035 0.8970 0.8584 0.8291
126 0.9244 0.1966 0.8983 0.8550 0.8239
127 0.9243 0.1954 0.8977 0.8596 0.8260
128 0.9257 0.1918 0.9010 0.8466 0.8159
129 0.9138 0.2229 0.8878 0.8535 0.8186
130 0.9160 0.2241 0.8897 0.8487 0.8147
131 0.9184 0.2229 0.8922 0.8544 0.8226
132 0.9177 0.2221 0.8896 0.8505 0.8185
133 0.9214 0.2108 0.8952 0.8555 0.8239
134 0.9282 0.1926 0.9042 0.8515 0.8207
135 0.9260 0.1893 0.9012 0.8523 0.8197
136 0.9246 0.1920 0.8997 0.8546 0.8203
137 0.9264 0.1900 0.9028 0.8512 0.8212
138 0.9244 0.2005 0.8996 0.8483 0.8195
139 0.9167 0.2200 0.8903 0.8548 0.8212
140 0.9179 0.2179 0.8912 0.8521 0.8201
141 0.9192 0.2114 0.8931 0.8532 0.8216
142 0.9181 0.2129 0.8927 0.8544 0.8237
143 0.9246 0.1971 0.8978 0.8554 0.8260
144 0.9266 0.1883 0.9035 0.8572 0.8261
145 0.9271 0.1876 0.9025 0.8560 0.8260
146 0.9296 0.1867 0.9047 0.8559 0.8240
147 0.9247 0.1875 0.9003 0.8494 0.8183
148 0.9267 0.1901 0.9026 0.8555 0.8244
149 0.9242 0.1947 0.8996 0.8605 0.8309
150 0.9191 0.2144 0.8936 0.8513 0.8221
151 0.9147 0.2190 0.8893 0.8513 0.8160
152 0.9191 0.2227 0.8938 0.8530 0.8228
153 0.9197 0.2118 0.8933 0.8588 0.8293
154 0.9224 0.1974 0.8986 0.8619 0.8332
155 0.9257 0.1897 0.9011 0.8621 0.8323
156 0.9290 0.1839 0.9050 0.8614 0.8341
157 0.9277 0.1881 0.9034 0.8569 0.8275
158 0.9242 0.1919 0.8991 0.8615 0.8321
159 0.9224 0.2040 0.8971 0.8569 0.8256
160 0.9273 0.1881 0.9037 0.8587 0.8274
161 0.9310 0.1785 0.9073 0.8598 0.8280
162 0.9296 0.1876 0.9055 0.8605 0.8305
163 0.9284 0.1828 0.9047 0.8607 0.8323
164 0.9302 0.1735 0.9069 0.8590 0.8286
165 0.9290 0.1770 0.9060 0.8613 0.8319
166 0.9293 0.1821 0.9073 0.8597 0.8302
167 0.9296 0.1803 0.9064 0.8583 0.8269
168 0.9336 0.1710 0.9104 0.8594 0.8287
169 0.9300 0.1755 0.9063 0.8605 0.8302
170 0.9307 0.1718 0.9068 0.8566 0.8279
171 0.9308 0.1724 0.9076 0.8578 0.8306
172 0.9318 0.1696 0.9107 0.8609 0.8325
173 0.9336 0.1679 0.9118 0.8579 0.8304
174 0.9316 0.1697 0.9077 0.8593 0.8309
175 0.9299 0.1735 0.9059 0.8571 0.8292
176 0.9258 0.1808 0.9018 0.8553 0.8276
177 0.9301 0.1725 0.9069 0.8585 0.8305
178 0.9321 0.1703 0.9087 0.8577 0.8293
179 0.9294 0.1722 0.9071 0.8587 0.8285
180 0.9317 0.1716 0.9094 0.8575 0.8296
181 0.9320 0.1708 0.9083 0.8560 0.8270
182 0.9307 0.1711 0.9063 0.8571 0.8287
183 0.9308 0.1726 0.9094 0.8583 0.8317
184 0.9300 0.1691 0.9074 0.8546 0.8267
185 0.9297 0.1720 0.9065 0.8577 0.8298
186 0.9350 0.1639 0.9112 0.8553 0.8270
187 0.9339 0.1675 0.9112 0.8578 0.8294
188 0.9304 0.1743 0.9081 0.8580 0.8290
189 0.9343 0.1660 0.9123 0.8555 0.8257
190 0.9293 0.1758 0.9049 0.8600 0.8292
191 0.9331 0.1644 0.9102 0.8577 0.8274
192 0.9280 0.1748 0.9034 0.8572 0.8270
193 0.9330 0.1669 0.9117 0.8588 0.8291
194 0.9332 0.1643 0.9115 0.8572 0.8280
195 0.9333 0.1648 0.9127 0.8579 0.8288
196 0.9331 0.1674 0.9097 0.8577 0.8287
197 0.9326 0.1664 0.9102 0.8585 0.8290
198 0.9330 0.1671 0.9103 0.8610 0.8308
199 0.9310 0.1714 0.9076 0.8556 0.8280
