epoch train_iou train_loss train_mAP val_iou val_mAP
0 0.6462 1.1934 0.5617 0.7247 0.6575
1 0.7430 0.8869 0.6836 0.7768 0.7320
2 0.7773 0.7785 0.7236 0.7914 0.7458
3 0.7960 0.7110 0.7485 0.7981 0.7570
4 0.8090 0.6736 0.7587 0.8127 0.7653
5 0.7999 0.6722 0.7498 0.8109 0.7666
6 0.8090 0.6576 0.7605 0.8113 0.7725
7 0.8078 0.6542 0.7619 0.8064 0.7668
8 0.8154 0.6385 0.7693 0.8108 0.7689
9 0.8070 0.6580 0.7630 0.8075 0.7619
10 0.8085 0.6498 0.7614 0.7860 0.7436
11 0.8205 0.6074 0.7797 0.8107 0.7700
12 0.8278 0.5750 0.7848 0.8248 0.7831
13 0.8393 0.5365 0.7995 0.8301 0.7913
14 0.8414 0.5144 0.8039 0.8422 0.8091
15 0.8540 0.4822 0.8157 0.8450 0.8147
16 0.8544 0.4759 0.8142 0.8436 0.8106
17 0.8477 0.4924 0.8072 0.8281 0.7929
18 0.8348 0.5269 0.7954 0.8193 0.7790
19 0.8317 0.5463 0.7922 0.8158 0.7787
20 0.8296 0.5501 0.7921 0.8248 0.7925
21 0.8391 0.5167 0.8046 0.8202 0.7857
22 0.8533 0.4619 0.8161 0.8355 0.8031
23 0.8508 0.4588 0.8146 0.8440 0.8137
24 0.8608 0.4273 0.8246 0.8427 0.8091
25 0.8669 0.4135 0.8302 0.8456 0.8148
26 0.8624 0.4176 0.8273 0.8367 0.8075
27 0.8690 0.4062 0.8348 0.8399 0.8097
28 0.8612 0.4432 0.8219 0.8389 0.8028
29 0.8557 0.4713 0.8168 0.8407 0.8084
30 0.8466 0.5049 0.8091 0.8157 0.7748
31 0.8390 0.5094 0.7998 0.8434 0.8119
32 0.8583 0.4395 0.8236 0.8455 0.8133
33 0.8664 0.4089 0.8300 0.8427 0.8096
34 0.8781 0.3735 0.8444 0.8509 0.8212
35 0.8765 0.3644 0.8419 0.8490 0.8203
36 0.8783 0.3638 0.8441 0.8458 0.8171
37 0.8790 0.3609 0.8456 0.8443 0.8135
38 0.8781 0.3693 0.8424 0.8248 0.7931
39 0.8646 0.4149 0.8269 0.8379 0.8073
40 0.8531 0.4537 0.8175 0.8366 0.8061
41 0.8628 0.4178 0.8290 0.8296 0.7978
42 0.8642 0.4066 0.8293 0.8175 0.7827
43 0.8794 0.3629 0.8429 0.8451 0.8133
44 0.8835 0.3356 0.8498 0.8494 0.8215
45 0.8905 0.3205 0.8610 0.8486 0.8200
46 0.8841 0.3309 0.8515 0.8476 0.8167
47 0.8881 0.3238 0.8548 0.8382 0.8097
48 0.8787 0.3558 0.8457 0.8386 0.8078
49 0.8740 0.3804 0.8402 0.8375 0.8035
50 0.8671 0.4171 0.8297 0.8398 0.8121
51 0.8585 0.4338 0.8218 0.8276 0.7952
52 0.8690 0.4013 0.8335 0.8517 0.8181
53 0.8823 0.3473 0.8483 0.8539 0.8261
54 0.8876 0.3272 0.8564 0.8471 0.8167
55 0.8940 0.3086 0.8607 0.8458 0.8163
56 0.8922 0.3111 0.8602 0.8534 0.8272
57 0.8883 0.3222 0.8530 0.8445 0.8137
58 0.8868 0.3349 0.8541 0.8362 0.8020
59 0.8812 0.3521 0.8477 0.8303 0.7972
60 0.8655 0.4230 0.8307 0.8364 0.8049
61 0.8693 0.3942 0.8342 0.8421 0.8087
62 0.8787 0.3534 0.8461 0.8506 0.8212
63 0.8926 0.3152 0.8606 0.8549 0.8234
64 0.8978 0.2912 0.8667 0.8572 0.8254
65 0.8934 0.2925 0.8608 0.8542 0.8244
66 0.8996 0.2849 0.8666 0.8565 0.8243
67 0.8955 0.2894 0.8629 0.8523 0.8213
68 0.8973 0.3019 0.8652 0.8492 0.8198
69 0.8853 0.3359 0.8529 0.8215 0.7809
70 0.8729 0.3869 0.8370 0.8351 0.8055
71 0.8745 0.3842 0.8426 0.8376 0.8076
72 0.8884 0.3261 0.8564 0.8389 0.8103
73 0.8943 0.3097 0.8621 0.8482 0.8212
74 0.9002 0.2761 0.8688 0.8514 0.8227
75 0.9057 0.2620 0.8736 0.8524 0.8238
76 0.9051 0.2619 0.8749 0.8516 0.8245
77 0.9067 0.2652 0.8760 0.8506 0.8239
78 0.9006 0.2805 0.8703 0.8409 0.8106
79 0.8832 0.3544 0.8484 0.8387 0.8123
80 0.8769 0.3757 0.8428 0.8447 0.8184
81 0.8845 0.3576 0.8499 0.8471 0.8202
82 0.8964 0.2964 0.8671 0.8478 0.8195
83 0.9013 0.2805 0.8700 0.8531 0.8273
84 0.9028 0.2666 0.8739 0.8544 0.8267
85 0.9011 0.2695 0.8697 0.8560 0.8280
86 0.9051 0.2563 0.8751 0.8533 0.8269
87 0.9063 0.2610 0.8767 0.8518 0.8256
88 0.9039 0.2701 0.8737 0.8451 0.8192
89 0.8843 0.3199 0.8516 0.8501 0.8231
90 0.8868 0.3246 0.8537 0.8553 0.8225
91 0.8847 0.3365 0.8512 0.8457 0.8189
92 0.8972 0.2959 0.8638 0.8487 0.8210
93 0.9002 0.2809 0.8700 0.8482 0.8243
94 0.9059 0.2530 0.8763 0.8542 0.8260
95 0.9085 0.2526 0.8786 0.8547 0.8278
96 0.9098 0.2425 0.8812 0.8600 0.8325
97 0.9116 0.2441 0.8833 0.8491 0.8201
98 0.9031 0.2668 0.8721 0.8542 0.8250
99 0.8921 0.3150 0.8606 0.8418 0.8142
100 0.9013 0.2795 0.8703 0.8553 0.8234
101 0.9086 0.2532 0.8788 0.8491 0.8215
102 0.9118 0.2386 0.8852 0.8572 0.8286
103 0.9073 0.2431 0.8786 0.8544 0.8280
104 0.9152 0.2254 0.8886 0.8542 0.8250
105 0.9130 0.2286 0.8859 0.8554 0.8281
106 0.9121 0.2276 0.8843 0.8598 0.8297
107 0.9140 0.2265 0.8859 0.8566 0.8279
108 0.9132 0.2294 0.8859 0.8567 0.8272
109 0.9110 0.2338 0.8831 0.8557 0.8292
110 0.9049 0.2678 0.8757 0.8492 0.8206
111 0.9094 0.2506 0.8823 0.8588 0.8308
112 0.9086 0.2390 0.8797 0.8493 0.8190
113 0.9084 0.2419 0.8777 0.8570 0.8290
114 0.9132 0.2245 0.8857 0.8570 0.8285
115 0.9178 0.2129 0.8905 0.8577 0.8303
116 0.9154 0.2194 0.8889 0.8537 0.8269
117 0.9158 0.2204 0.8869 0.8554 0.8278
118 0.9181 0.2199 0.8912 0.8625 0.8319
119 0.9160 0.2234 0.8867 0.8533 0.8225
120 0.9061 0.2446 0.8766 0.8519 0.8220
121 0.9064 0.2468 0.8780 0.8496 0.8198
122 0.9114 0.2294 0.8837 0.8547 0.8254
123 0.9197 0.2190 0.8936 0.8560 0.8258
124 0.9186 0.2102 0.8920 0.8605 0.8308
125 0.9192 0.2045 0.8933 0.8603 0.8310
126 0.9209 0.2062 0.8953 0.8558 0.8272
127 0.9170 0.2087 0.8889 0.8547 0.8233
128 0.9148 0.2276 0.8881 0.8575 0.8305
129 0.9119 0.2292 0.8829 0.8565 0.8286
130 0.9093 0.2466 0.8795 0.8578 0.8285
131 0.9059 0.2485 0.8766 0.8540 0.8260
132 0.9120 0.2270 0.8831 0.8614 0.8334
133 0.9160 0.2110 0.8888 0.8600 0.8339
134 0.9176 0.2080 0.8913 0.8598 0.8328
135 0.9217 0.2061 0.8976 0.8611 0.8357
136 0.9196 0.2078 0.8920 0.8584 0.8339
137 0.9192 0.2040 0.8943 0.8582 0.8322
138 0.9209 0.2030 0.8937 0.8636 0.8362
139 0.9164 0.2171 0.8894 0.8546 0.8290
140 0.9147 0.2240 0.8869 0.8578 0.8292
141 0.9164 0.2178 0.8884 0.8555 0.8280
142 0.9202 0.2076 0.8950 0.8585 0.8299
143 0.9198 0.2057 0.8924 0.8600 0.8331
144 0.9209 0.2031 0.8954 0.8582 0.8325
145 0.9203 0.2007 0.8953 0.8610 0.8353
146 0.9257 0.1959 0.9010 0.8614 0.8356
147 0.9211 0.2035 0.8959 0.8612 0.8359
148 0.9195 0.2022 0.8939 0.8588 0.8315
149 0.9151 0.2111 0.8874 0.8609 0.8316
150 0.9217 0.2110 0.8969 0.8596 0.8325
151 0.9175 0.2105 0.8893 0.8503 0.8228
152 0.9141 0.2147 0.8873 0.8506 0.8224
153 0.9183 0.2079 0.8932 0.8594 0.8311
154 0.9227 0.1973 0.8976 0.8588 0.8303
155 0.9261 0.1875 0.9020 0.8605 0.8321
156 0.9203 0.1942 0.8957 0.8579 0.8303
157 0.9236 0.1905 0.8984 0.8672 0.8388
158 0.9238 0.1974 0.8982 0.8585 0.8280
159 0.9195 0.2014 0.8948 0.8564 0.8305
160 0.9175 0.2071 0.8910 0.8640 0.8361
161 0.9226 0.1944 0.8989 0.8629 0.8362
162 0.9253 0.1839 0.9019 0.8610 0.8340
163 0.9245 0.1879 0.9016 0.8619 0.8335
164 0.9253 0.1809 0.9016 0.8626 0.8335
165 0.9248 0.1921 0.9000 0.8608 0.8325
166 0.9237 0.1880 0.8984 0.8604 0.8320
167 0.9248 0.1846 0.8995 0.8659 0.8373
168 0.9238 0.1897 0.8986 0.8626 0.8340
169 0.9308 0.1797 0.9078 0.8601 0.8326
170 0.9249 0.1825 0.9013 0.8624 0.8325
171 0.9274 0.1829 0.9022 0.8588 0.8328
172 0.9261 0.1806 0.9028 0.8646 0.8385
173 0.9271 0.1823 0.9004 0.8642 0.8369
174 0.9238 0.1841 0.9001 0.8647 0.8355
175 0.9267 0.1823 0.9022 0.8651 0.8367
176 0.9258 0.1834 0.9007 0.8642 0.8362
177 0.9277 0.1783 0.9033 0.8628 0.8369
178 0.9290 0.1810 0.9044 0.8651 0.8381
179 0.9284 0.1792 0.9056 0.8662 0.8386
180 0.9269 0.1786 0.9042 0.8666 0.8373
181 0.9302 0.1729 0.9074 0.8641 0.8350
182 0.9238 0.1832 0.8997 0.8610 0.8326
183 0.9269 0.1760 0.9029 0.8649 0.8356
184 0.9252 0.1819 0.9007 0.8631 0.8355
185 0.9327 0.1701 0.9106 0.8616 0.8326
186 0.9263 0.1801 0.9029 0.8622 0.8310
187 0.9301 0.1749 0.9081 0.8655 0.8363
188 0.9264 0.1794 0.9020 0.8642 0.8359
189 0.9281 0.1719 0.9043 0.8632 0.8331
190 0.9268 0.1767 0.9026 0.8631 0.8331
191 0.9336 0.1686 0.9109 0.8639 0.8357
192 0.9273 0.1746 0.9019 0.8616 0.8334
193 0.9317 0.1679 0.9086 0.8626 0.8337
194 0.9323 0.1729 0.9074 0.8581 0.8290
195 0.9321 0.1676 0.9093 0.8644 0.8356
196 0.9299 0.1721 0.9071 0.8620 0.8334
197 0.9263 0.1803 0.9012 0.8609 0.8332
198 0.9272 0.1761 0.9027 0.8616 0.8329
199 0.9263 0.1765 0.9001 0.8621 0.8338
