epoch train_iou train_loss train_mAP val_iou val_mAP
0 0.5970 1.6482 0.5148 0.6811 0.5962
1 0.7198 1.2472 0.6566 0.7264 0.6525
2 0.7552 1.1055 0.6953 0.7778 0.7281
3 0.7755 1.0076 0.7215 0.7907 0.7484
4 0.7804 0.9699 0.7297 0.8012 0.7642
5 0.7907 0.9138 0.7416 0.8043 0.7624
6 0.7883 0.9314 0.7403 0.8059 0.7635
7 0.7931 0.9079 0.7417 0.7456 0.6855
8 0.7980 0.9166 0.7498 0.7965 0.7558
9 0.7826 0.9386 0.7335 0.7786 0.7328
10 0.7887 0.9596 0.7459 0.8054 0.7718
11 0.7942 0.9328 0.7497 0.7829 0.7439
12 0.8109 0.8229 0.7675 0.8258 0.7948
13 0.8222 0.7724 0.7805 0.8241 0.7974
14 0.8357 0.7168 0.7959 0.8429 0.8113
15 0.8374 0.7109 0.7992 0.8391 0.8081
16 0.8366 0.7202 0.7965 0.8319 0.7980
17 0.8283 0.7415 0.7883 0.8314 0.7988
18 0.8216 0.7849 0.7827 0.8269 0.7894
19 0.8215 0.8204 0.7821 0.8267 0.7975
20 0.8201 0.8264 0.7804 0.8305 0.7978
21 0.8242 0.7798 0.7885 0.8269 0.7936
22 0.8312 0.7523 0.7940 0.8267 0.7980
23 0.8396 0.7053 0.8028 0.8306 0.8022
24 0.8483 0.6722 0.8124 0.8405 0.8112
25 0.8578 0.6250 0.8237 0.8428 0.8159
26 0.8492 0.6608 0.8131 0.8434 0.8133
27 0.8585 0.6339 0.8205 0.8207 0.7889
28 0.8368 0.6985 0.7978 0.8426 0.8133
29 0.8382 0.6945 0.7985 0.8226 0.7912
30 0.8314 0.7566 0.7925 0.7887 0.7626
31 0.8337 0.7429 0.7988 0.8336 0.8002
32 0.8508 0.6691 0.8153 0.8474 0.8191
33 0.8647 0.6154 0.8307 0.8445 0.8114
34 0.8634 0.5943 0.8275 0.8486 0.8220
35 0.8745 0.5595 0.8395 0.8502 0.8226
36 0.8716 0.5730 0.8360 0.8503 0.8224
37 0.8723 0.5568 0.8401 0.8390 0.8113
38 0.8602 0.6152 0.8251 0.8419 0.8118
39 0.8581 0.6461 0.8215 0.8375 0.8013
40 0.8422 0.7073 0.8091 0.8180 0.7856
41 0.8490 0.7040 0.8143 0.8350 0.8034
42 0.8663 0.6166 0.8343 0.8384 0.8117
43 0.8648 0.5956 0.8319 0.8511 0.8256
44 0.8756 0.5542 0.8406 0.8540 0.8279
45 0.8761 0.5489 0.8435 0.8564 0.8310
46 0.8822 0.5266 0.8493 0.8506 0.8230
47 0.8722 0.5639 0.8391 0.8514 0.8242
48 0.8642 0.5907 0.8338 0.8530 0.8263
49 0.8652 0.6077 0.8324 0.8260 0.7977
50 0.8582 0.6385 0.8222 0.8304 0.7975
51 0.8556 0.6391 0.8200 0.8457 0.8166
52 0.8697 0.5838 0.8371 0.8338 0.8105
53 0.8735 0.5536 0.8406 0.8599 0.8337
54 0.8802 0.5069 0.8460 0.8503 0.8250
55 0.8856 0.4996 0.8555 0.8535 0.8275
56 0.8854 0.4951 0.8553 0.8552 0.8303
57 0.8892 0.4945 0.8572 0.8474 0.8234
58 0.8802 0.5327 0.8486 0.8388 0.8126
59 0.8740 0.5631 0.8409 0.8505 0.8174
60 0.8596 0.6245 0.8218 0.8327 0.8001
61 0.8710 0.5742 0.8372 0.8167 0.7857
62 0.8794 0.5466 0.8479 0.8527 0.8256
63 0.8828 0.5096 0.8523 0.8498 0.8213
64 0.8880 0.4862 0.8553 0.8570 0.8291
65 0.8923 0.4556 0.8619 0.8576 0.8315
66 0.8934 0.4559 0.8638 0.8560 0.8299
67 0.8921 0.4635 0.8618 0.8541 0.8274
68 0.8853 0.4921 0.8522 0.8504 0.8209
69 0.8785 0.5348 0.8468 0.8512 0.8274
70 0.8703 0.5889 0.8367 0.8424 0.8172
71 0.8708 0.5782 0.8385 0.8447 0.8151
72 0.8823 0.5281 0.8501 0.8306 0.8056
73 0.8958 0.4648 0.8673 0.8571 0.8282
74 0.9020 0.4397 0.8699 0.8561 0.8285
75 0.8985 0.4356 0.8688 0.8589 0.8313
76 0.9012 0.4224 0.8704 0.8584 0.8356
77 0.8926 0.4596 0.8631 0.8430 0.8155
78 0.8894 0.4759 0.8600 0.8344 0.8079
79 0.8822 0.5184 0.8487 0.8396 0.8125
80 0.8746 0.5616 0.8425 0.8428 0.8144
81 0.8812 0.5368 0.8500 0.8404 0.8153
82 0.8875 0.4950 0.8571 0.8480 0.8215
83 0.8948 0.4507 0.8652 0.8487 0.8227
84 0.9017 0.4241 0.8712 0.8592 0.8346
85 0.9052 0.4039 0.8787 0.8583 0.8334
86 0.9045 0.4155 0.8762 0.8529 0.8268
87 0.9044 0.4162 0.8752 0.8540 0.8288
88 0.8994 0.4451 0.8693 0.8566 0.8322
89 0.8907 0.4866 0.8619 0.8404 0.8180
90 0.8854 0.5030 0.8529 0.8495 0.8202
91 0.8835 0.5165 0.8542 0.8520 0.8248
92 0.8969 0.4683 0.8662 0.8587 0.8327
93 0.8952 0.4483 0.8671 0.8593 0.8292
94 0.9037 0.4200 0.8771 0.8589 0.8359
95 0.9060 0.4013 0.8814 0.8587 0.8365
96 0.9026 0.4257 0.8758 0.8515 0.8270
97 0.9033 0.4183 0.8757 0.8599 0.8347
98 0.9018 0.4239 0.8750 0.8626 0.8353
99 0.8890 0.4787 0.8600 0.8386 0.8112
100 0.8872 0.4680 0.8583 0.8608 0.8357
101 0.9015 0.4174 0.8737 0.8581 0.8344
102 0.9033 0.4049 0.8762 0.8591 0.8350
103 0.9101 0.3832 0.8840 0.8598 0.8335
104 0.9138 0.3620 0.8883 0.8603 0.8338
105 0.9120 0.3696 0.8842 0.8650 0.8406
106 0.9147 0.3576 0.8896 0.8644 0.8397
107 0.9106 0.3692 0.8841 0.8637 0.8393
108 0.9113 0.3709 0.8848 0.8588 0.8338
109 0.9028 0.3964 0.8775 0.8656 0.8409
110 0.9094 0.3882 0.8821 0.8558 0.8321
111 0.9050 0.4128 0.8783 0.8570 0.8322
112 0.9147 0.3722 0.8876 0.8585 0.8337
113 0.9143 0.3691 0.8895 0.8622 0.8373
114 0.9095 0.3732 0.8836 0.8639 0.8371
115 0.9193 0.3381 0.8947 0.8652 0.8399
116 0.9148 0.3555 0.8903 0.8644 0.8403
117 0.9176 0.3496 0.8936 0.8576 0.8293
118 0.9153 0.3558 0.8905 0.8632 0.8389
119 0.9103 0.3710 0.8866 0.8614 0.8331
120 0.9089 0.3806 0.8833 0.8587 0.8303
121 0.9085 0.3814 0.8803 0.8507 0.8240
122 0.9130 0.3663 0.8891 0.8605 0.8365
123 0.9145 0.3586 0.8891 0.8651 0.8373
124 0.9135 0.3486 0.8886 0.8615 0.8379
125 0.9127 0.3503 0.8880 0.8620 0.8376
126 0.9155 0.3466 0.8929 0.8587 0.8326
127 0.9181 0.3396 0.8948 0.8614 0.8349
128 0.9139 0.3495 0.8887 0.8513 0.8257
129 0.9112 0.3658 0.8868 0.8609 0.8361
130 0.9100 0.3774 0.8845 0.8680 0.8404
131 0.9138 0.3706 0.8887 0.8650 0.8398
132 0.9169 0.3463 0.8929 0.8611 0.8326
133 0.9158 0.3453 0.8919 0.8634 0.8381
134 0.9185 0.3361 0.8953 0.8645 0.8377
135 0.9194 0.3342 0.8936 0.8636 0.8379
136 0.9223 0.3135 0.8985 0.8650 0.8386
137 0.9207 0.3284 0.8978 0.8665 0.8381
138 0.9134 0.3546 0.8897 0.8522 0.8267
139 0.9124 0.3504 0.8893 0.8454 0.8210
140 0.9061 0.3926 0.8812 0.8459 0.8260
141 0.9108 0.3786 0.8891 0.8610 0.8340
142 0.9157 0.3488 0.8917 0.8597 0.8335
143 0.9201 0.3318 0.8980 0.8615 0.8333
144 0.9190 0.3261 0.8971 0.8566 0.8308
145 0.9169 0.3266 0.8939 0.8629 0.8358
146 0.9247 0.3119 0.9024 0.8624 0.8346
147 0.9236 0.3293 0.9011 0.8602 0.8323
148 0.9218 0.3179 0.9009 0.8645 0.8368
149 0.9122 0.3502 0.8866 0.8634 0.8375
150 0.9109 0.3792 0.8855 0.8643 0.8386
151 0.9116 0.3625 0.8902 0.8615 0.8361
152 0.9173 0.3489 0.8931 0.8614 0.8369
153 0.9180 0.3409 0.8974 0.8603 0.8335
154 0.9158 0.3342 0.8950 0.8683 0.8429
155 0.9184 0.3200 0.8962 0.8696 0.8433
156 0.9199 0.3141 0.8983 0.8690 0.8436
157 0.9210 0.3124 0.8988 0.8677 0.8418
158 0.9202 0.3235 0.8988 0.8569 0.8335
159 0.9185 0.3291 0.8956 0.8601 0.8345
160 0.9166 0.3395 0.8940 0.8662 0.8419
161 0.9218 0.3200 0.9005 0.8646 0.8400
162 0.9208 0.3130 0.8987 0.8677 0.8434
163 0.9259 0.2939 0.9056 0.8671 0.8419
164 0.9295 0.2906 0.9078 0.8665 0.8427
165 0.9246 0.3079 0.9025 0.8667 0.8431
166 0.9265 0.3058 0.9076 0.8680 0.8436
167 0.9208 0.3087 0.8984 0.8680 0.8431
168 0.9239 0.2999 0.9025 0.8678 0.8435
169 0.9230 0.3062 0.9026 0.8711 0.8459
170 0.9227 0.3123 0.8997 0.8711 0.8457
171 0.9266 0.2997 0.9052 0.8736 0.8477
172 0.9267 0.3016 0.9072 0.8695 0.8460
173 0.9251 0.2952 0.9046 0.8682 0.8429
174 0.9273 0.2933 0.9071 0.8686 0.8442
175 0.9241 0.3044 0.9037 0.8662 0.8411
176 0.9245 0.3059 0.9041 0.8679 0.8419
177 0.9284 0.2851 0.9081 0.8724 0.8470
178 0.9285 0.2869 0.9083 0.8715 0.8468
179 0.9248 0.2928 0.9045 0.8687 0.8456
180 0.9251 0.2986 0.9036 0.8678 0.8428
181 0.9259 0.2824 0.9063 0.8692 0.8454
182 0.9250 0.2960 0.9053 0.8717 0.8462
183 0.9270 0.2865 0.9068 0.8696 0.8436
184 0.9243 0.2927 0.9043 0.8712 0.8454
185 0.9272 0.2899 0.9073 0.8721 0.8475
186 0.9238 0.2981 0.9032 0.8720 0.8454
187 0.9270 0.2860 0.9074 0.8683 0.8423
188 0.9248 0.2961 0.9034 0.8702 0.8464
189 0.9319 0.2772 0.9134 0.8720 0.8478
190 0.9250 0.2954 0.9073 0.8717 0.8450
191 0.9291 0.2814 0.9086 0.8701 0.8471
192 0.9244 0.2914 0.9040 0.8707 0.8462
193 0.9266 0.2876 0.9054 0.8699 0.8442
194 0.9281 0.2912 0.9077 0.8718 0.8475
195 0.9256 0.2876 0.9049 0.8721 0.8483
196 0.9258 0.2893 0.9061 0.8728 0.8477
197 0.9253 0.2826 0.9052 0.8689 0.8433
198 0.9287 0.2890 0.9088 0.8700 0.8434
199 0.9255 0.2838 0.9059 0.8689 0.8417
