epoch train_iou train_loss train_mAP val_iou val_mAP
0 0.5722 0.1559 0.4988 0.7004 0.6349
1 0.6968 0.1501 0.6362 0.7172 0.6534
2 0.7330 0.1601 0.6797 0.7734 0.7255
3 0.7529 0.1710 0.7014 0.7679 0.7141
4 0.7732 0.1778 0.7263 0.7888 0.7389
5 0.7926 0.1881 0.7473 0.7894 0.7444
6 0.7899 0.2104 0.7444 0.7917 0.7501
7 0.7851 0.2375 0.7384 0.7830 0.7346
8 0.7819 0.2765 0.7317 0.7830 0.7351
9 0.7833 0.2919 0.7357 0.7481 0.7050
10 0.7793 0.3210 0.7345 0.7691 0.7150
11 0.7924 0.3269 0.7475 0.7740 0.7256
12 0.8110 0.3027 0.7708 0.8103 0.7696
13 0.8298 0.2881 0.7905 0.8233 0.7887
14 0.8333 0.2903 0.7947 0.8282 0.7934
15 0.8456 0.2807 0.8088 0.8307 0.7958
16 0.8423 0.3037 0.8035 0.8327 0.7982
17 0.8438 0.3233 0.8048 0.8208 0.7833
18 0.8290 0.3709 0.7904 0.8047 0.7694
19 0.8344 0.3966 0.7971 0.7942 0.7639
20 0.8248 0.4122 0.7832 0.7727 0.7362
21 0.8317 0.4189 0.7926 0.8201 0.7840
22 0.8407 0.4033 0.8060 0.8189 0.7805
23 0.8528 0.3891 0.8183 0.8344 0.7972
24 0.8626 0.3620 0.8294 0.8389 0.8043
25 0.8720 0.3420 0.8392 0.8416 0.8091
26 0.8664 0.3656 0.8318 0.8408 0.8067
27 0.8614 0.4027 0.8269 0.8294 0.7945
28 0.8528 0.4387 0.8157 0.8288 0.7990
29 0.8502 0.4620 0.8140 0.8194 0.7856
30 0.8315 0.5625 0.7957 0.8199 0.7821
31 0.8451 0.5409 0.8121 0.8223 0.7907
32 0.8594 0.4704 0.8265 0.8345 0.7995
33 0.8654 0.4484 0.8312 0.8435 0.8130
34 0.8763 0.4290 0.8449 0.8486 0.8208
35 0.8805 0.4227 0.8515 0.8436 0.8151
36 0.8863 0.4172 0.8524 0.8458 0.8167
37 0.8814 0.4582 0.8491 0.8388 0.8125
38 0.8703 0.5056 0.8365 0.8289 0.7934
39 0.8610 0.5577 0.8253 0.8264 0.7883
40 0.8551 0.5901 0.8214 0.8191 0.7838
41 0.8675 0.5617 0.8345 0.8417 0.8090
42 0.8711 0.5457 0.8373 0.8441 0.8109
43 0.8841 0.4970 0.8495 0.8519 0.8198
44 0.8902 0.4778 0.8568 0.8545 0.8234
45 0.8973 0.4606 0.8658 0.8548 0.8234
46 0.8930 0.4713 0.8628 0.8572 0.8257
47 0.8853 0.5165 0.8514 0.8538 0.8215
48 0.8867 0.5500 0.8561 0.8496 0.8183
49 0.8790 0.5937 0.8468 0.8538 0.8185
50 0.8736 0.6338 0.8408 0.8456 0.8169
51 0.8718 0.6503 0.8383 0.8432 0.8120
52 0.8831 0.5944 0.8497 0.8499 0.8181
53 0.8958 0.5409 0.8652 0.8547 0.8251
54 0.8947 0.5268 0.8639 0.8537 0.8200
55 0.8973 0.5223 0.8658 0.8573 0.8260
56 0.9010 0.5177 0.8714 0.8460 0.8165
57 0.8916 0.5652 0.8613 0.8556 0.8246
58 0.8943 0.5897 0.8657 0.8436 0.8076
59 0.8795 0.6878 0.8457 0.8359 0.7987
60 0.8714 0.7681 0.8385 0.8344 0.8019
61 0.8829 0.7025 0.8526 0.8505 0.8162
62 0.8847 0.6753 0.8545 0.8501 0.8179
63 0.8935 0.6261 0.8650 0.8631 0.8352
64 0.8995 0.5829 0.8720 0.8647 0.8347
65 0.9001 0.5887 0.8706 0.8619 0.8321
66 0.9061 0.5649 0.8757 0.8693 0.8386
67 0.9018 0.6097 0.8716 0.8527 0.8189
68 0.8917 0.6680 0.8640 0.8502 0.8171
69 0.8969 0.6696 0.8661 0.8341 0.8053
70 0.8759 0.8325 0.8425 0.8484 0.8112
71 0.8820 0.7862 0.8503 0.8440 0.8160
72 0.8941 0.7026 0.8621 0.8571 0.8237
73 0.8970 0.6756 0.8680 0.8525 0.8246
74 0.9056 0.6250 0.8769 0.8624 0.8292
75 0.9116 0.6106 0.8842 0.8632 0.8305
76 0.9107 0.6078 0.8830 0.8586 0.8275
77 0.9084 0.6325 0.8812 0.8510 0.8224
78 0.8997 0.7219 0.8701 0.8515 0.8214
79 0.8941 0.7656 0.8646 0.8443 0.8129
80 0.8781 0.9093 0.8470 0.8383 0.8004
81 0.8911 0.8028 0.8592 0.8368 0.8052
82 0.9011 0.7375 0.8711 0.8444 0.8123
83 0.9006 0.7521 0.8721 0.8528 0.8192
84 0.9077 0.6822 0.8814 0.8563 0.8267
85 0.9119 0.6623 0.8871 0.8576 0.8287
86 0.9122 0.6741 0.8854 0.8484 0.8209
87 0.9054 0.7209 0.8756 0.8615 0.8313
88 0.9044 0.7583 0.8769 0.8538 0.8237
89 0.9055 0.7941 0.8768 0.8534 0.8249
90 0.8928 0.8847 0.8607 0.8437 0.8180
91 0.8899 0.9019 0.8611 0.8399 0.8127
92 0.9047 0.8089 0.8765 0.8487 0.8168
93 0.9087 0.7691 0.8797 0.8552 0.8260
94 0.9114 0.7275 0.8855 0.8624 0.8356
95 0.9091 0.7253 0.8840 0.8628 0.8359
96 0.9160 0.6941 0.8877 0.8638 0.8332
97 0.9088 0.7755 0.8816 0.8619 0.8320
98 0.9078 0.7851 0.8822 0.8388 0.8124
99 0.8971 0.9289 0.8705 0.8264 0.7990
100 0.9028 0.8525 0.8755 0.8616 0.8321
101 0.9068 0.8281 0.8790 0.8483 0.8188
102 0.9111 0.7523 0.8828 0.8439 0.8156
103 0.9151 0.7169 0.8909 0.8514 0.8232
104 0.9144 0.7206 0.8889 0.8544 0.8246
105 0.9168 0.7136 0.8906 0.8525 0.8238
106 0.9153 0.7068 0.8900 0.8566 0.8296
107 0.9201 0.6929 0.8928 0.8561 0.8275
108 0.9170 0.7090 0.8926 0.8603 0.8308
109 0.9157 0.7251 0.8916 0.8615 0.8325
110 0.9106 0.7867 0.8850 0.8513 0.8257
111 0.9127 0.7456 0.8878 0.8625 0.8350
112 0.9141 0.7063 0.8886 0.8606 0.8335
113 0.9199 0.6857 0.8963 0.8613 0.8361
114 0.9184 0.6842 0.8948 0.8613 0.8343
115 0.9231 0.6463 0.8995 0.8606 0.8343
116 0.9226 0.6603 0.8989 0.8621 0.8327
117 0.9179 0.6736 0.8941 0.8652 0.8383
118 0.9252 0.6597 0.9002 0.8598 0.8319
119 0.9161 0.7037 0.8899 0.8553 0.8276
120 0.9143 0.7168 0.8893 0.8558 0.8248
121 0.9181 0.6913 0.8954 0.8615 0.8325
122 0.9157 0.6974 0.8910 0.8572 0.8284
123 0.9209 0.6723 0.8963 0.8602 0.8315
124 0.9237 0.6577 0.9002 0.8608 0.8327
125 0.9279 0.6037 0.9053 0.8624 0.8350
126 0.9224 0.6338 0.9008 0.8628 0.8350
127 0.9249 0.6435 0.9027 0.8662 0.8367
128 0.9198 0.6706 0.8952 0.8625 0.8327
129 0.9178 0.6969 0.8919 0.8657 0.8368
130 0.9158 0.7356 0.8895 0.8609 0.8315
131 0.9158 0.7254 0.8921 0.8641 0.8361
132 0.9155 0.7090 0.8920 0.8545 0.8279
133 0.9188 0.6716 0.8961 0.8621 0.8357
134 0.9236 0.6440 0.9014 0.8656 0.8385
135 0.9291 0.6088 0.9082 0.8604 0.8335
136 0.9275 0.6180 0.9052 0.8670 0.8388
137 0.9207 0.6701 0.8964 0.8647 0.8385
138 0.9224 0.6441 0.9008 0.8637 0.8358
139 0.9206 0.6888 0.8991 0.8569 0.8321
140 0.9207 0.6768 0.8973 0.8595 0.8297
141 0.9142 0.7167 0.8918 0.8572 0.8290
142 0.9236 0.6410 0.9007 0.8608 0.8329
143 0.9259 0.6160 0.9038 0.8616 0.8335
144 0.9262 0.6240 0.9038 0.8623 0.8329
145 0.9249 0.6251 0.9030 0.8617 0.8343
146 0.9278 0.5954 0.9055 0.8637 0.8358
147 0.9250 0.6143 0.9035 0.8649 0.8375
148 0.9264 0.6144 0.9040 0.8636 0.8364
149 0.9207 0.6592 0.8989 0.8653 0.8361
150 0.9211 0.6706 0.8965 0.8469 0.8144
151 0.9208 0.6722 0.8983 0.8565 0.8303
152 0.9203 0.6693 0.8994 0.8638 0.8361
153 0.9266 0.6099 0.9040 0.8650 0.8370
154 0.9216 0.6530 0.8992 0.8660 0.8389
155 0.9259 0.6167 0.9049 0.8667 0.8418
156 0.9287 0.6033 0.9076 0.8632 0.8364
157 0.9260 0.6125 0.9048 0.8686 0.8400
158 0.9269 0.5994 0.9047 0.8633 0.8326
159 0.9277 0.6177 0.9054 0.8684 0.8400
160 0.9254 0.6125 0.9055 0.8672 0.8387
161 0.9265 0.6075 0.9057 0.8663 0.8391
162 0.9289 0.5779 0.9078 0.8659 0.8389
163 0.9265 0.5944 0.9077 0.8695 0.8441
164 0.9310 0.5629 0.9110 0.8663 0.8400
165 0.9266 0.5844 0.9058 0.8696 0.8438
166 0.9257 0.5901 0.9047 0.8695 0.8411
167 0.9314 0.5557 0.9129 0.8643 0.8377
168 0.9321 0.5705 0.9113 0.8665 0.8397
169 0.9300 0.5809 0.9075 0.8686 0.8410
170 0.9299 0.5768 0.9081 0.8688 0.8406
171 0.9248 0.5912 0.9055 0.8672 0.8397
172 0.9299 0.5621 0.9099 0.8653 0.8362
173 0.9324 0.5664 0.9117 0.8676 0.8405
174 0.9325 0.5572 0.9123 0.8686 0.8423
175 0.9297 0.5660 0.9088 0.8676 0.8400
176 0.9322 0.5629 0.9111 0.8671 0.8400
177 0.9295 0.5616 0.9078 0.8687 0.8430
178 0.9314 0.5524 0.9117 0.8677 0.8400
179 0.9328 0.5538 0.9127 0.8666 0.8395
180 0.9281 0.5873 0.9080 0.8685 0.8430
181 0.9281 0.5770 0.9074 0.8672 0.8403
182 0.9309 0.5584 0.9123 0.8706 0.8445
183 0.9290 0.5678 0.9082 0.8718 0.8453
184 0.9264 0.5889 0.9063 0.8714 0.8451
185 0.9316 0.5528 0.9125 0.8705 0.8453
186 0.9324 0.5456 0.9136 0.8661 0.8388
187 0.9337 0.5527 0.9136 0.8684 0.8424
188 0.9351 0.5536 0.9144 0.8685 0.8419
189 0.9343 0.5327 0.9149 0.8681 0.8415
190 0.9271 0.5719 0.9070 0.8696 0.8425
191 0.9290 0.5637 0.9089 0.8685 0.8404
192 0.9326 0.5397 0.9135 0.8676 0.8391
193 0.9329 0.5392 0.9146 0.8676 0.8405
194 0.9325 0.5478 0.9122 0.8691 0.8421
195 0.9311 0.5545 0.9119 0.8678 0.8416
196 0.9331 0.5256 0.9145 0.8682 0.8407
197 0.9351 0.5371 0.9153 0.8686 0.8427
198 0.9333 0.5417 0.9131 0.8668 0.8409
199 0.9290 0.5656 0.9088 0.8694 0.8410
