epoch train_BCELoss train_SoftDiceLoss train_iou train_loss train_mAP val_BCELoss val_SoftDiceLoss val_iou val_loss val_mAP
0 0.3357 0.4447 0.6279 1.1494 0.5702 0.2750 0.6456 0.6986 0.9009 0.6407
1 0.2573 0.3510 0.7045 0.8702 0.6514 0.3336 0.6257 0.7171 1.0478 0.6501
2 0.2402 0.3334 0.7277 0.8183 0.6778 0.2351 0.6135 0.7716 0.7433 0.7249
3 0.2108 0.2941 0.7575 0.7178 0.7125 0.2123 0.6060 0.7432 0.7195 0.6924
4 0.1997 0.2835 0.7818 0.6552 0.7355 0.1887 0.5903 0.7782 0.6555 0.7397
5 0.1832 0.2672 0.7923 0.6146 0.7491 0.1812 0.5817 0.7856 0.6311 0.7471
6 0.1890 0.2669 0.7881 0.6319 0.7450 0.1787 0.5781 0.7935 0.6365 0.7571
7 0.1856 0.2581 0.7889 0.6308 0.7466 0.1763 0.5826 0.7715 0.6377 0.7328
8 0.1837 0.2610 0.7882 0.6319 0.7442 0.2192 0.6018 0.7786 0.6771 0.7413
9 0.1877 0.2610 0.7890 0.6395 0.7470 0.2680 0.6170 0.6923 0.8893 0.6311
10 0.1868 0.2635 0.7915 0.6327 0.7495 0.2451 0.5948 0.7734 0.7793 0.7327
11 0.1817 0.2568 0.8014 0.6144 0.7643 0.1772 0.5699 0.8056 0.5822 0.7713
12 0.1556 0.2204 0.8167 0.5368 0.7783 0.2431 0.6050 0.7091 0.8275 0.6397
13 0.1524 0.2197 0.8254 0.5144 0.7886 0.1501 0.5449 0.8133 0.5630 0.7820
14 0.1330 0.1932 0.8362 0.4745 0.8007 0.1572 0.5442 0.8249 0.5374 0.7913
15 0.1377 0.1968 0.8384 0.4632 0.8049 0.1534 0.5433 0.8336 0.5204 0.8005
16 0.1288 0.1867 0.8430 0.4496 0.8077 0.1410 0.5311 0.8366 0.5127 0.8025
17 0.1303 0.1876 0.8439 0.4611 0.8057 0.1832 0.5455 0.8025 0.6448 0.7597
18 0.1433 0.2048 0.8340 0.4908 0.7973 0.1430 0.5302 0.8305 0.5324 0.7951
19 0.1421 0.1980 0.8324 0.4962 0.7931 0.1491 0.5466 0.8177 0.5587 0.7894
20 0.1544 0.2162 0.8212 0.5297 0.7812 0.1727 0.5551 0.8066 0.5821 0.7679
21 0.1486 0.2113 0.8271 0.5107 0.7928 0.2035 0.5832 0.7602 0.7398 0.7183
22 0.1468 0.2067 0.8343 0.4991 0.7985 0.2333 0.5829 0.8048 0.6593 0.7696
23 0.1325 0.1909 0.8459 0.4508 0.8097 0.1442 0.5323 0.8421 0.5105 0.8089
24 0.1166 0.1707 0.8602 0.4049 0.8274 0.1348 0.5230 0.8411 0.4998 0.8123
25 0.1089 0.1587 0.8664 0.3859 0.8333 0.1360 0.5238 0.8432 0.4969 0.8150
26 0.1100 0.1578 0.8578 0.3978 0.8234 0.1362 0.5202 0.8393 0.5029 0.8096
27 0.1105 0.1587 0.8578 0.4035 0.8229 0.1414 0.5339 0.8364 0.5230 0.8022
28 0.1235 0.1759 0.8465 0.4373 0.8085 0.1779 0.5522 0.8252 0.6136 0.7912
29 0.1402 0.1937 0.8456 0.4773 0.8098 0.2289 0.5690 0.7774 0.7465 0.7431
30 0.1572 0.2178 0.8272 0.5215 0.7913 0.1439 0.5305 0.8258 0.5278 0.7986
31 0.1306 0.1853 0.8443 0.4564 0.8112 0.1854 0.5353 0.8136 0.6369 0.7707
32 0.1202 0.1706 0.8578 0.4186 0.8235 0.1564 0.5233 0.8318 0.5670 0.8019
33 0.1047 0.1504 0.8654 0.3824 0.8322 0.1410 0.5269 0.8336 0.5012 0.8056
34 0.0995 0.1458 0.8725 0.3590 0.8379 0.1343 0.5131 0.8504 0.5011 0.8212
35 0.0919 0.1365 0.8767 0.3467 0.8441 0.1350 0.5144 0.8526 0.4920 0.8222
36 0.0961 0.1371 0.8664 0.3625 0.8329 0.1356 0.5146 0.8449 0.5016 0.8167
37 0.1037 0.1474 0.8692 0.3697 0.8359 0.1419 0.5260 0.8467 0.5274 0.8133
38 0.1073 0.1528 0.8637 0.3969 0.8286 0.1683 0.5344 0.8266 0.6161 0.7923
39 0.1179 0.1662 0.8587 0.4246 0.8235 0.1688 0.5455 0.7999 0.5919 0.7632
40 0.1319 0.1852 0.8418 0.4661 0.8064 0.1661 0.5457 0.8231 0.5575 0.7892
41 0.1197 0.1686 0.8568 0.4253 0.8189 0.1412 0.5395 0.8424 0.4941 0.8085
42 0.1180 0.1693 0.8580 0.4121 0.8239 0.1411 0.5215 0.8425 0.5184 0.8139
43 0.0975 0.1414 0.8731 0.3663 0.8399 0.1470 0.5228 0.8414 0.5248 0.8132
44 0.0868 0.1266 0.8840 0.3234 0.8516 0.1312 0.5059 0.8501 0.4980 0.8226
45 0.0805 0.1163 0.8830 0.3167 0.8501 0.1331 0.5080 0.8499 0.5051 0.8230
46 0.0814 0.1186 0.8857 0.3161 0.8535 0.1348 0.5043 0.8535 0.5084 0.8248
47 0.0808 0.1157 0.8807 0.3255 0.8478 0.1235 0.5033 0.8568 0.4955 0.8284
48 0.0864 0.1215 0.8793 0.3373 0.8495 0.1413 0.5089 0.8435 0.5383 0.8143
49 0.0994 0.1407 0.8709 0.3700 0.8383 0.1410 0.5249 0.8354 0.5171 0.8066
50 0.1107 0.1563 0.8623 0.4046 0.8266 0.1356 0.5116 0.8344 0.5510 0.8018
51 0.0983 0.1388 0.8743 0.3653 0.8406 0.1469 0.5095 0.8435 0.5692 0.8138
52 0.0987 0.1414 0.8690 0.3694 0.8372 0.2151 0.5336 0.8073 0.7553 0.7815
53 0.0839 0.1202 0.8850 0.3232 0.8531 0.1341 0.4966 0.8548 0.5242 0.8250
54 0.0757 0.1093 0.8882 0.3045 0.8558 0.1395 0.5023 0.8536 0.5204 0.8263
55 0.0721 0.1017 0.8932 0.2814 0.8631 0.1415 0.5017 0.8523 0.5288 0.8261
56 0.0709 0.1008 0.8923 0.2895 0.8607 0.1370 0.5040 0.8596 0.5059 0.8323
57 0.0692 0.1003 0.8921 0.2901 0.8581 0.1871 0.4996 0.8431 0.6752 0.8159
58 0.0853 0.1203 0.8831 0.3290 0.8517 0.1325 0.5199 0.8363 0.5302 0.8001
59 0.0926 0.1309 0.8745 0.3535 0.8408 0.1221 0.5123 0.8465 0.4888 0.8179
60 0.0976 0.1397 0.8738 0.3696 0.8404 0.1532 0.5477 0.8041 0.5937 0.7792
61 0.1010 0.1445 0.8676 0.3776 0.8344 0.1359 0.5270 0.8347 0.5212 0.8013
62 0.0861 0.1267 0.8829 0.3302 0.8493 0.1263 0.5003 0.8391 0.5219 0.8082
63 0.0723 0.1033 0.8887 0.2975 0.8571 0.1348 0.5022 0.8557 0.5246 0.8270
64 0.0631 0.0920 0.8959 0.2742 0.8641 0.1378 0.4968 0.8569 0.5244 0.8267
65 0.0613 0.0919 0.8987 0.2572 0.8691 0.1368 0.4957 0.8545 0.5206 0.8260
66 0.0607 0.0869 0.8975 0.2670 0.8658 0.1342 0.5025 0.8612 0.5113 0.8341
67 0.0620 0.0912 0.8974 0.2709 0.8665 0.1610 0.5143 0.8457 0.5831 0.8150
68 0.0670 0.0940 0.8975 0.2828 0.8652 0.1354 0.5047 0.8410 0.5110 0.8101
69 0.0796 0.1125 0.8813 0.3219 0.8487 0.1834 0.5198 0.8163 0.6549 0.7835
70 0.1100 0.1565 0.8682 0.3933 0.8347 0.2841 0.5319 0.7803 0.9853 0.7425
71 0.0976 0.1361 0.8718 0.3704 0.8393 0.1297 0.5195 0.8488 0.4756 0.8198
72 0.0864 0.1247 0.8818 0.3331 0.8506 0.1336 0.5197 0.8476 0.4683 0.8197
73 0.0731 0.1068 0.8939 0.2893 0.8632 0.1251 0.5082 0.8525 0.4931 0.8209
74 0.0663 0.0963 0.8967 0.2752 0.8681 0.1287 0.4928 0.8547 0.4989 0.8285
75 0.0601 0.0878 0.8985 0.2612 0.8671 0.1257 0.4928 0.8593 0.4851 0.8317
76 0.0603 0.0873 0.9002 0.2655 0.8709 0.1140 0.4922 0.8645 0.4491 0.8352
77 0.0642 0.0922 0.8991 0.2659 0.8687 0.1650 0.4944 0.8630 0.5859 0.8362
78 0.0625 0.0892 0.9009 0.2647 0.8683 0.1395 0.5081 0.8546 0.5234 0.8210
79 0.0816 0.1164 0.8858 0.3188 0.8542 0.1339 0.5046 0.8510 0.5292 0.8188
80 0.0863 0.1157 0.8845 0.3343 0.8488 0.1877 0.5522 0.8253 0.5827 0.7889
81 0.0926 0.1359 0.8758 0.3541 0.8413 0.2026 0.5173 0.8323 0.6935 0.8024
82 0.0806 0.1169 0.8858 0.3125 0.8550 0.1689 0.5108 0.8394 0.6230 0.8138
83 0.0674 0.0972 0.8965 0.2799 0.8670 0.1432 0.4911 0.8596 0.5520 0.8306
84 0.0560 0.0829 0.9038 0.2468 0.8736 0.1416 0.4884 0.8584 0.5432 0.8314
85 0.0517 0.0752 0.9047 0.2392 0.8748 0.1417 0.4871 0.8577 0.5431 0.8285
86 0.0532 0.0768 0.9083 0.2347 0.8793 0.1437 0.4899 0.8566 0.5449 0.8267
87 0.0505 0.0750 0.9060 0.2362 0.8769 0.1571 0.4955 0.8481 0.5773 0.8168
88 0.0546 0.0790 0.8981 0.2625 0.8676 0.1791 0.5129 0.8358 0.6514 0.8101
89 0.0670 0.0949 0.8962 0.2785 0.8654 0.1635 0.5023 0.8494 0.5888 0.8189
90 0.0943 0.1319 0.8720 0.3681 0.8350 0.1978 0.5614 0.7991 0.6625 0.7577
91 0.0893 0.1277 0.8731 0.3482 0.8406 0.1470 0.5136 0.8477 0.5357 0.8155
92 0.0724 0.1054 0.8881 0.2942 0.8573 0.1312 0.5019 0.8456 0.5191 0.8172
93 0.0631 0.0900 0.8984 0.2705 0.8679 0.1490 0.4911 0.8544 0.5611 0.8246
94 0.0570 0.0820 0.8995 0.2550 0.8711 0.1382 0.4933 0.8542 0.5283 0.8234
95 0.0550 0.0832 0.9114 0.2316 0.8828 0.1401 0.4941 0.8535 0.5330 0.8242
96 0.0486 0.0699 0.9110 0.2263 0.8798 0.1405 0.4878 0.8564 0.5423 0.8256
97 0.0561 0.0785 0.9012 0.2510 0.8728 0.1445 0.4919 0.8496 0.5501 0.8209
98 0.0630 0.0907 0.8971 0.2691 0.8659 0.1880 0.4912 0.8456 0.6822 0.8106
99 0.0607 0.0870 0.8945 0.2686 0.8614 0.1941 0.5004 0.8357 0.6943 0.8072
100 0.0914 0.1265 0.8851 0.3391 0.8512 0.1383 0.5180 0.8366 0.5383 0.8032
101 0.0708 0.1025 0.8903 0.2995 0.8571 0.1236 0.5009 0.8550 0.4991 0.8261
102 0.0629 0.0898 0.9012 0.2620 0.8699 0.2188 0.5263 0.8179 0.7510 0.7862
103 0.0612 0.0868 0.9033 0.2579 0.8731 0.1654 0.4957 0.8536 0.6047 0.8250
104 0.0491 0.0703 0.9105 0.2277 0.8820 0.1710 0.4878 0.8596 0.6238 0.8325
105 0.0469 0.0678 0.9095 0.2232 0.8810 0.1703 0.4883 0.8606 0.6205 0.8332
106 0.0477 0.0677 0.9125 0.2211 0.8823 0.1565 0.4911 0.8574 0.5840 0.8290
107 0.0510 0.0731 0.9078 0.2314 0.8767 0.1716 0.4949 0.8527 0.6389 0.8249
108 0.0516 0.0736 0.9120 0.2307 0.8840 0.1414 0.5006 0.8457 0.5380 0.8135
109 0.0624 0.0909 0.9036 0.2639 0.8743 0.1684 0.5067 0.8514 0.6418 0.8216
110 0.0870 0.1196 0.8849 0.3327 0.8536 0.1609 0.5049 0.8331 0.5885 0.8047
111 0.0854 0.1177 0.8844 0.3239 0.8543 0.1441 0.5087 0.8351 0.5560 0.8056
112 0.0734 0.1043 0.8959 0.2848 0.8659 0.1469 0.4925 0.8514 0.5731 0.8187
113 0.0538 0.0763 0.9062 0.2439 0.8792 0.1616 0.4875 0.8531 0.6165 0.8282
114 0.0484 0.0713 0.9110 0.2269 0.8844 0.1465 0.4866 0.8605 0.5547 0.8327
115 0.0463 0.0692 0.9144 0.2105 0.8890 0.1500 0.4855 0.8603 0.5662 0.8331
116 0.0469 0.0679 0.9138 0.2136 0.8856 0.1681 0.4812 0.8529 0.6297 0.8270
117 0.0478 0.0681 0.9112 0.2194 0.8823 0.1593 0.4848 0.8580 0.6079 0.8304
118 0.0506 0.0708 0.9103 0.2266 0.8822 0.1664 0.4915 0.8399 0.6509 0.8127
119 0.0611 0.0856 0.9024 0.2594 0.8735 0.1496 0.4889 0.8514 0.6024 0.8210
120 0.0782 0.1101 0.8862 0.3109 0.8551 0.2784 0.5085 0.8287 0.9373 0.7998
121 0.0727 0.0998 0.8958 0.2908 0.8644 0.1601 0.5439 0.8251 0.5428 0.7963
122 0.0597 0.0865 0.9027 0.2577 0.8725 0.1454 0.4896 0.8492 0.5750 0.8178
123 0.0500 0.0735 0.9105 0.2258 0.8826 0.1574 0.4880 0.8582 0.6041 0.8269
124 0.0444 0.0637 0.9172 0.2117 0.8907 0.1611 0.4838 0.8602 0.6026 0.8329
125 0.0433 0.0622 0.9161 0.2078 0.8891 0.1626 0.4831 0.8576 0.6065 0.8314
126 0.0419 0.0605 0.9181 0.2018 0.8906 0.1787 0.4849 0.8558 0.6454 0.8294
127 0.0431 0.0621 0.9201 0.1991 0.8922 0.1751 0.4855 0.8579 0.6308 0.8309
128 0.0470 0.0677 0.9081 0.2287 0.8791 0.1634 0.4954 0.8534 0.5953 0.8250
129 0.0466 0.0690 0.9090 0.2287 0.8782 0.1909 0.5041 0.8324 0.6910 0.8059
130 0.0694 0.0946 0.8949 0.2872 0.8618 0.2787 0.5097 0.8134 1.0237 0.7856
131 0.0730 0.1046 0.8886 0.3042 0.8555 0.2146 0.5234 0.8351 0.7579 0.8103
132 0.0614 0.0895 0.9005 0.2568 0.8707 0.1693 0.4936 0.8464 0.6608 0.8168
133 0.0513 0.0732 0.9089 0.2304 0.8802 0.1676 0.4872 0.8470 0.6374 0.8218
134 0.0449 0.0644 0.9135 0.2112 0.8861 0.1661 0.4822 0.8561 0.6206 0.8314
135 0.0403 0.0583 0.9154 0.2020 0.8895 0.1644 0.4811 0.8574 0.6168 0.8319
136 0.0415 0.0585 0.9175 0.2029 0.8899 0.1580 0.4839 0.8542 0.5966 0.8281
137 0.0438 0.0611 0.9160 0.2092 0.8903 0.1630 0.4897 0.8549 0.5944 0.8264
138 0.0518 0.0715 0.9068 0.2365 0.8779 0.1477 0.4897 0.8490 0.5808 0.8207
139 0.0703 0.0985 0.8939 0.2866 0.8633 0.2159 0.4941 0.8306 0.7783 0.8032
140 0.0735 0.1027 0.8985 0.2851 0.8665 0.1757 0.5305 0.8183 0.6666 0.7882
141 0.0711 0.0998 0.8983 0.2853 0.8699 0.1425 0.5056 0.8288 0.5728 0.7953
142 0.0523 0.0748 0.9111 0.2329 0.8810 0.2069 0.4983 0.8410 0.7645 0.8147
143 0.0539 0.0728 0.9125 0.2303 0.8833 0.1370 0.4937 0.8473 0.5547 0.8186
144 0.0462 0.0663 0.9161 0.2061 0.8886 0.1290 0.4805 0.8518 0.5438 0.8238
145 0.0399 0.0575 0.9186 0.1913 0.8899 0.1295 0.4800 0.8535 0.5435 0.8246
146 0.0417 0.0596 0.9208 0.1977 0.8928 0.1361 0.4797 0.8525 0.5666 0.8256
147 0.0387 0.0548 0.9233 0.1930 0.8965 0.1415 0.4785 0.8524 0.5698 0.8234
148 0.0430 0.0598 0.9177 0.2075 0.8913 0.1814 0.4948 0.8418 0.6838 0.8085
149 0.0531 0.0757 0.9064 0.2402 0.8763 0.1825 0.4976 0.8470 0.7006 0.8179
150 0.0591 0.0785 0.9027 0.2573 0.8716 0.1855 0.5337 0.8143 0.7047 0.7790
151 0.0517 0.0739 0.9066 0.2382 0.8761 0.1660 0.4958 0.8417 0.6441 0.8118
152 0.0479 0.0687 0.9111 0.2257 0.8827 0.1735 0.4958 0.8482 0.6552 0.8213
153 0.0417 0.0604 0.9178 0.2051 0.8919 0.1799 0.4815 0.8533 0.6523 0.8290
154 0.0396 0.0554 0.9187 0.1982 0.8909 0.1700 0.4819 0.8552 0.6246 0.8321
155 0.0369 0.0541 0.9210 0.1862 0.8938 0.1692 0.4828 0.8573 0.6189 0.8343
156 0.0357 0.0512 0.9242 0.1839 0.8968 0.1792 0.4790 0.8583 0.6515 0.8323
157 0.0356 0.0498 0.9259 0.1781 0.9014 0.1796 0.4808 0.8567 0.6605 0.8316
158 0.0432 0.0610 0.9155 0.2036 0.8894 0.1731 0.4868 0.8566 0.6790 0.8299
159 0.0416 0.0601 0.9122 0.2124 0.8853 0.2901 0.5280 0.8329 0.9698 0.8058
160 0.0594 0.0821 0.9005 0.2622 0.8703 0.2804 0.5204 0.7921 0.9894 0.7561
161 0.0803 0.1108 0.8929 0.3031 0.8627 0.2087 0.5377 0.8212 0.7497 0.7895
162 0.0565 0.0831 0.9042 0.2470 0.8741 0.1375 0.4902 0.8587 0.5512 0.8332
163 0.0518 0.0728 0.9112 0.2292 0.8827 0.1638 0.4986 0.8546 0.6052 0.8284
164 0.0466 0.0673 0.9163 0.2094 0.8879 0.1508 0.4863 0.8528 0.5850 0.8276
165 0.0397 0.0566 0.9231 0.1907 0.8969 0.1528 0.4851 0.8547 0.5892 0.8305
166 0.0357 0.0520 0.9264 0.1814 0.9017 0.1586 0.4846 0.8589 0.5972 0.8334
167 0.0400 0.0549 0.9178 0.2005 0.8899 0.1559 0.4872 0.8569 0.5910 0.8305
168 0.0451 0.0641 0.9182 0.2041 0.8916 0.1344 0.4932 0.8523 0.5309 0.8248
169 0.0482 0.0690 0.9124 0.2234 0.8832 0.2138 0.5142 0.8337 0.8184 0.8079
170 0.0674 0.0928 0.8962 0.2786 0.8672 0.1448 0.5074 0.8539 0.5394 0.8273
171 0.0556 0.0788 0.9079 0.2392 0.8787 0.1696 0.5145 0.8207 0.6628 0.7922
172 0.0517 0.0742 0.9112 0.2307 0.8826 0.1584 0.4874 0.8512 0.6142 0.8218
173 0.0423 0.0597 0.9208 0.1988 0.8937 0.1663 0.4801 0.8555 0.6405 0.8305
174 0.0407 0.0575 0.9210 0.1925 0.8949 0.1652 0.4814 0.8622 0.6172 0.8386
175 0.0375 0.0530 0.9232 0.1861 0.8974 0.1594 0.4806 0.8630 0.6011 0.8368
176 0.0359 0.0526 0.9270 0.1777 0.9040 0.1791 0.4796 0.8605 0.6467 0.8368
177 0.0355 0.0491 0.9265 0.1768 0.9023 0.2062 0.4811 0.8613 0.7199 0.8343
178 0.0364 0.0513 0.9225 0.1885 0.8959 0.2090 0.4895 0.8485 0.7190 0.8222
179 0.0494 0.0681 0.9127 0.2202 0.8860 0.1769 0.4997 0.8392 0.6661 0.8113
180 0.0494 0.0694 0.9101 0.2277 0.8817 0.2031 0.5126 0.8122 0.7903 0.7756
181 0.0775 0.1044 0.9003 0.2951 0.8701 0.1396 0.4975 0.8423 0.5263 0.8097
182 0.0557 0.0798 0.9155 0.2310 0.8867 0.1512 0.4900 0.8514 0.5880 0.8232
183 0.0480 0.0668 0.9180 0.2104 0.8916 0.1309 0.4805 0.8584 0.5289 0.8331
184 0.0404 0.0591 0.9207 0.1965 0.8944 0.1459 0.4800 0.8610 0.5653 0.8361
185 0.0357 0.0529 0.9284 0.1706 0.9045 0.1493 0.4789 0.8604 0.5778 0.8356
186 0.0381 0.0530 0.9227 0.1878 0.8967 0.1561 0.4785 0.8581 0.5949 0.8331
187 0.0401 0.0552 0.9215 0.1925 0.8961 0.1453 0.4769 0.8512 0.6000 0.8254
188 0.0357 0.0504 0.9234 0.1847 0.8972 0.1470 0.4849 0.8604 0.5788 0.8314
189 0.0429 0.0612 0.9203 0.1989 0.8927 0.2112 0.4844 0.8435 0.7689 0.8115
190 0.0521 0.0707 0.9102 0.2371 0.8816 0.1671 0.4851 0.8472 0.6579 0.8174
191 0.0487 0.0682 0.9154 0.2209 0.8869 0.1783 0.5022 0.8402 0.6732 0.8136
192 0.0407 0.0579 0.9179 0.2012 0.8926 0.1545 0.4807 0.8585 0.5882 0.8306
193 0.0376 0.0532 0.9238 0.1868 0.8990 0.1961 0.4864 0.8506 0.7224 0.8269
194 0.0376 0.0512 0.9264 0.1793 0.9022 0.1574 0.4726 0.8616 0.6077 0.8356
195 0.0331 0.0469 0.9301 0.1645 0.9051 0.1559 0.4738 0.8611 0.6033 0.8355
196 0.0334 0.0483 0.9260 0.1741 0.9009 0.1603 0.4747 0.8579 0.6209 0.8308
197 0.0353 0.0495 0.9243 0.1764 0.9003 0.1851 0.4791 0.8604 0.6744 0.8343
198 0.0376 0.0539 0.9215 0.1882 0.8962 0.1656 0.4821 0.8542 0.6491 0.8246
199 0.0445 0.0602 0.9158 0.2131 0.8874 0.1690 0.4947 0.8357 0.6752 0.8053
200 0.0469 0.0646 0.9184 0.2148 0.8909 0.1451 0.5001 0.8520 0.5792 0.8279
201 0.0414 0.0596 0.9159 0.2032 0.8875 0.1859 0.4803 0.8516 0.7044 0.8269
202 0.0396 0.0540 0.9255 0.1906 0.8996 0.2348 0.5156 0.8130 0.8507 0.7825
203 0.0423 0.0602 0.9191 0.1994 0.8914 0.1592 0.4713 0.8594 0.6188 0.8346
204 0.0327 0.0464 0.9239 0.1747 0.8973 0.1453 0.4701 0.8614 0.5925 0.8362
205 0.0338 0.0477 0.9275 0.1746 0.9045 0.1401 0.4695 0.8641 0.5773 0.8392
206 0.0320 0.0446 0.9279 0.1694 0.9052 0.1503 0.4704 0.8646 0.5955 0.8397
207 0.0309 0.0441 0.9288 0.1718 0.9045 0.1714 0.4760 0.8621 0.6419 0.8371
208 0.0339 0.0456 0.9285 0.1715 0.9037 0.1424 0.4749 0.8639 0.5685 0.8362
209 0.0459 0.0629 0.9160 0.2127 0.8873 0.1437 0.4885 0.8522 0.5796 0.8206
210 0.0597 0.0840 0.9062 0.2516 0.8788 0.1831 0.4810 0.8515 0.7071 0.8185
211 0.0496 0.0688 0.9083 0.2319 0.8798 0.1268 0.4914 0.8551 0.5223 0.8268
212 0.0552 0.0763 0.9109 0.2317 0.8812 0.1768 0.4836 0.8528 0.6689 0.8230
213 0.0377 0.0540 0.9199 0.1907 0.8948 0.1453 0.4825 0.8663 0.5570 0.8389
214 0.0330 0.0472 0.9259 0.1733 0.9007 0.1597 0.4774 0.8693 0.6096 0.8447
215 0.0308 0.0441 0.9320 0.1606 0.9083 0.1585 0.4745 0.8664 0.6045 0.8401
216 0.0311 0.0446 0.9322 0.1582 0.9078 0.1761 0.4718 0.8652 0.6522 0.8363
217 0.0299 0.0415 0.9296 0.1620 0.9045 0.1613 0.4746 0.8634 0.6288 0.8374
218 0.0379 0.0539 0.9227 0.1884 0.8978 0.1543 0.4926 0.8513 0.5972 0.8204
219 0.0387 0.0541 0.9221 0.1905 0.8958 0.1929 0.5230 0.8163 0.7274 0.7889
220 0.0660 0.0905 0.9028 0.2650 0.8716 0.1398 0.5262 0.8341 0.5389 0.8097
221 0.0573 0.0820 0.9051 0.2518 0.8762 0.1780 0.5196 0.8084 0.7237 0.7802
222 0.0503 0.0711 0.9185 0.2210 0.8930 0.1349 0.4925 0.8557 0.5386 0.8327
223 0.0418 0.0600 0.9166 0.2023 0.8914 0.1473 0.4838 0.8556 0.5760 0.8290
224 0.0332 0.0462 0.9269 0.1719 0.9029 0.1544 0.4801 0.8573 0.5918 0.8296
225 0.0340 0.0485 0.9314 0.1702 0.9091 0.1466 0.4791 0.8587 0.5712 0.8302
226 0.0314 0.0467 0.9274 0.1698 0.9018 0.1574 0.4774 0.8595 0.5987 0.8339
227 0.0314 0.0431 0.9303 0.1619 0.9065 0.1687 0.4780 0.8574 0.6496 0.8297
228 0.0320 0.0448 0.9280 0.1702 0.9026 0.1796 0.4866 0.8534 0.6616 0.8258
229 0.0434 0.0589 0.9237 0.1981 0.8960 0.1543 0.4777 0.8510 0.6214 0.8264
230 0.0441 0.0580 0.9193 0.2079 0.8911 0.1434 0.4982 0.8498 0.5785 0.8227
231 0.0533 0.0740 0.9113 0.2310 0.8821 0.1529 0.4965 0.8497 0.6175 0.8210
232 0.0498 0.0704 0.9179 0.2154 0.8914 0.1645 0.4851 0.8529 0.6624 0.8246
233 0.0351 0.0509 0.9275 0.1771 0.9043 0.1878 0.4832 0.8502 0.6917 0.8288
234 0.0322 0.0450 0.9282 0.1678 0.9039 0.1611 0.4768 0.8585 0.6223 0.8331
235 0.0303 0.0423 0.9341 0.1587 0.9108 0.1629 0.4767 0.8592 0.6304 0.8344
236 0.0298 0.0411 0.9349 0.1563 0.9123 0.1702 0.4762 0.8607 0.6456 0.8377
237 0.0291 0.0400 0.9338 0.1557 0.9109 0.1683 0.4791 0.8633 0.6407 0.8380
238 0.0332 0.0445 0.9293 0.1711 0.9049 0.1717 0.4865 0.8545 0.6674 0.8233
239 0.0399 0.0550 0.9249 0.1885 0.8986 0.1555 0.4846 0.8478 0.6360 0.8173
240 0.0730 0.0965 0.8950 0.2932 0.8636 0.1521 0.4982 0.8290 0.6453 0.8017
241 0.0539 0.0763 0.9140 0.2322 0.8861 0.1539 0.5023 0.8466 0.5876 0.8203
242 0.0415 0.0589 0.9211 0.1964 0.8967 0.1562 0.4817 0.8494 0.6106 0.8208
243 0.0397 0.0553 0.9216 0.1916 0.8982 0.1681 0.4896 0.8540 0.6113 0.8261
244 0.0345 0.0492 0.9284 0.1717 0.9058 0.1960 0.4906 0.8568 0.6867 0.8287
245 0.0313 0.0434 0.9357 0.1567 0.9145 0.1943 0.4887 0.8577 0.6811 0.8284
246 0.0306 0.0436 0.9300 0.1656 0.9072 0.1835 0.4855 0.8564 0.6618 0.8288
247 0.0297 0.0416 0.9349 0.1559 0.9122 0.2055 0.4829 0.8489 0.7427 0.8224
248 0.0326 0.0457 0.9266 0.1711 0.9012 0.1800 0.4919 0.8564 0.6557 0.8290
249 0.0328 0.0463 0.9287 0.1718 0.9024 0.2066 0.4821 0.8497 0.7429 0.8214
