epoch train_iou train_loss train_mAP val_iou val_mAP
0 0.5887 1.2363 0.5135 0.7139 0.6553
1 0.7161 0.8988 0.6512 0.7524 0.7048
2 0.7477 0.7967 0.6861 0.7703 0.7115
3 0.7669 0.7244 0.7097 0.7921 0.7459
4 0.7868 0.6726 0.7346 0.7857 0.7458
5 0.7924 0.6464 0.7394 0.7992 0.7601
6 0.7931 0.6579 0.7396 0.8091 0.7674
7 0.7900 0.6687 0.7371 0.8032 0.7649
8 0.7889 0.6669 0.7378 0.8137 0.7738
9 0.7789 0.6999 0.7307 0.7942 0.7615
10 0.7848 0.6823 0.7385 0.8107 0.7714
11 0.8014 0.6404 0.7594 0.8184 0.7868
12 0.8087 0.5945 0.7620 0.7915 0.7565
13 0.8244 0.5471 0.7805 0.8189 0.7900
14 0.8328 0.5195 0.7891 0.8314 0.7999
15 0.8328 0.5119 0.7908 0.8322 0.8005
16 0.8347 0.5054 0.7943 0.8296 0.7988
17 0.8335 0.5201 0.7913 0.8179 0.7851
18 0.8314 0.5413 0.7908 0.8252 0.7963
19 0.8284 0.5492 0.7842 0.8174 0.7805
20 0.8137 0.5850 0.7720 0.8168 0.7805
21 0.8137 0.5991 0.7738 0.8229 0.7899
22 0.8274 0.5494 0.7863 0.8359 0.8020
23 0.8415 0.4923 0.8012 0.8396 0.8065
24 0.8483 0.4686 0.8084 0.8432 0.8165
25 0.8534 0.4500 0.8144 0.8450 0.8162
26 0.8491 0.4520 0.8103 0.8347 0.8059
27 0.8516 0.4660 0.8109 0.8172 0.7969
28 0.8408 0.4960 0.8025 0.8286 0.8020
29 0.8362 0.5183 0.7942 0.8191 0.7844
30 0.8389 0.5308 0.8002 0.8150 0.7773
31 0.8288 0.5468 0.7907 0.8203 0.7841
32 0.8471 0.4753 0.8105 0.8350 0.8050
33 0.8522 0.4570 0.8175 0.8402 0.8142
34 0.8580 0.4228 0.8224 0.8541 0.8272
35 0.8702 0.3987 0.8334 0.8524 0.8237
36 0.8647 0.4043 0.8283 0.8433 0.8180
37 0.8573 0.4258 0.8177 0.8514 0.8254
38 0.8605 0.4226 0.8223 0.8472 0.8175
39 0.8402 0.4971 0.8014 0.8416 0.8089
40 0.8318 0.5204 0.7926 0.8466 0.8148
41 0.8498 0.4779 0.8113 0.8218 0.7965
42 0.8567 0.4498 0.8181 0.8462 0.8244
43 0.8598 0.4228 0.8265 0.8568 0.8320
44 0.8727 0.3805 0.8372 0.8594 0.8323
45 0.8758 0.3763 0.8387 0.8585 0.8311
46 0.8778 0.3629 0.8442 0.8574 0.8303
47 0.8763 0.3806 0.8401 0.8548 0.8250
48 0.8684 0.3996 0.8286 0.8500 0.8214
49 0.8519 0.4757 0.8172 0.7752 0.7478
50 0.8387 0.5234 0.7991 0.8408 0.8149
51 0.8571 0.4606 0.8197 0.8319 0.8082
52 0.8615 0.4254 0.8243 0.8426 0.8171
53 0.8734 0.3911 0.8385 0.8563 0.8286
54 0.8688 0.3888 0.8345 0.8580 0.8322
55 0.8746 0.3721 0.8413 0.8589 0.8335
56 0.8785 0.3653 0.8433 0.8582 0.8300
57 0.8777 0.3602 0.8438 0.8407 0.8155
58 0.8695 0.3973 0.8321 0.8412 0.8114
59 0.8619 0.4253 0.8277 0.8449 0.8141
60 0.8651 0.4231 0.8301 0.8472 0.8218
61 0.8707 0.3967 0.8338 0.8625 0.8381
62 0.8736 0.3903 0.8395 0.8432 0.8163
63 0.8695 0.3872 0.8366 0.8534 0.8288
64 0.8862 0.3285 0.8516 0.8554 0.8297
65 0.8892 0.3236 0.8569 0.8576 0.8316
66 0.8900 0.3220 0.8572 0.8621 0.8359
67 0.8874 0.3339 0.8530 0.8510 0.8221
68 0.8861 0.3448 0.8525 0.8331 0.8096
69 0.8839 0.3459 0.8465 0.8567 0.8287
70 0.8635 0.4202 0.8287 0.8421 0.8168
71 0.8697 0.3891 0.8353 0.8487 0.8198
72 0.8792 0.3644 0.8442 0.8313 0.8094
73 0.8877 0.3330 0.8543 0.8603 0.8352
74 0.8883 0.3223 0.8586 0.8577 0.8306
75 0.8852 0.3172 0.8507 0.8627 0.8371
76 0.8943 0.2986 0.8622 0.8620 0.8377
77 0.8913 0.3080 0.8604 0.8621 0.8343
78 0.8829 0.3428 0.8491 0.8493 0.8231
79 0.8724 0.3877 0.8367 0.8437 0.8153
80 0.8690 0.3954 0.8310 0.8366 0.8058
81 0.8707 0.3878 0.8363 0.8544 0.8266
82 0.8786 0.3681 0.8454 0.8583 0.8315
83 0.8799 0.3388 0.8456 0.8599 0.8343
84 0.8965 0.2935 0.8652 0.8687 0.8418
85 0.8980 0.2838 0.8667 0.8695 0.8442
86 0.8955 0.2911 0.8624 0.8611 0.8374
87 0.8990 0.2932 0.8668 0.8667 0.8418
88 0.8901 0.3159 0.8560 0.8551 0.8291
89 0.8819 0.3402 0.8487 0.8610 0.8364
90 0.8808 0.3767 0.8447 0.8505 0.8194
91 0.8717 0.3946 0.8361 0.8602 0.8334
92 0.8812 0.3471 0.8462 0.8588 0.8323
93 0.8854 0.3394 0.8509 0.8590 0.8325
94 0.8983 0.2853 0.8674 0.8598 0.8335
95 0.9050 0.2695 0.8743 0.8638 0.8369
96 0.8995 0.2776 0.8685 0.8629 0.8377
97 0.9024 0.2813 0.8702 0.8680 0.8406
98 0.8915 0.3012 0.8611 0.8636 0.8403
99 0.8900 0.3171 0.8584 0.8361 0.8120
100 0.8923 0.3070 0.8602 0.8591 0.8335
101 0.9037 0.2752 0.8733 0.8689 0.8445
102 0.8999 0.2741 0.8681 0.8642 0.8370
103 0.9033 0.2727 0.8729 0.8680 0.8453
104 0.9114 0.2442 0.8797 0.8662 0.8425
105 0.9125 0.2373 0.8836 0.8673 0.8423
106 0.9100 0.2411 0.8802 0.8622 0.8368
107 0.9078 0.2452 0.8763 0.8640 0.8391
108 0.9066 0.2528 0.8744 0.8629 0.8369
109 0.9099 0.2521 0.8799 0.8575 0.8311
110 0.9021 0.2726 0.8710 0.8622 0.8382
111 0.9021 0.2701 0.8707 0.8651 0.8367
112 0.9083 0.2526 0.8781 0.8662 0.8428
113 0.9107 0.2409 0.8805 0.8689 0.8462
114 0.9111 0.2329 0.8822 0.8705 0.8471
115 0.9128 0.2317 0.8841 0.8723 0.8484
116 0.9120 0.2339 0.8826 0.8708 0.8481
117 0.9108 0.2392 0.8804 0.8630 0.8389
118 0.9093 0.2407 0.8779 0.8676 0.8421
119 0.9123 0.2403 0.8846 0.8641 0.8400
120 0.9016 0.2756 0.8702 0.8659 0.8401
121 0.9038 0.2655 0.8734 0.8533 0.8305
122 0.9091 0.2511 0.8805 0.8562 0.8341
123 0.9107 0.2396 0.8803 0.8659 0.8388
124 0.9112 0.2369 0.8825 0.8640 0.8405
125 0.9116 0.2263 0.8827 0.8652 0.8411
126 0.9141 0.2236 0.8849 0.8661 0.8380
127 0.9165 0.2258 0.8867 0.8575 0.8310
128 0.9116 0.2320 0.8809 0.8636 0.8406
129 0.9110 0.2424 0.8833 0.8537 0.8292
130 0.9020 0.2741 0.8721 0.8616 0.8373
131 0.9095 0.2524 0.8808 0.8588 0.8340
132 0.9073 0.2506 0.8756 0.8596 0.8333
133 0.9100 0.2451 0.8804 0.8664 0.8407
134 0.9143 0.2246 0.8852 0.8674 0.8419
135 0.9156 0.2254 0.8849 0.8662 0.8412
136 0.9152 0.2268 0.8864 0.8659 0.8425
137 0.9162 0.2247 0.8855 0.8619 0.8370
138 0.9138 0.2295 0.8849 0.8646 0.8383
139 0.9122 0.2339 0.8827 0.8590 0.8356
140 0.9154 0.2292 0.8858 0.8665 0.8405
141 0.9071 0.2583 0.8778 0.8620 0.8385
142 0.9113 0.2432 0.8814 0.8637 0.8334
143 0.9153 0.2173 0.8867 0.8656 0.8410
144 0.9177 0.2126 0.8895 0.8669 0.8405
145 0.9211 0.2075 0.8947 0.8660 0.8411
146 0.9168 0.2179 0.8884 0.8660 0.8405
147 0.9157 0.2113 0.8864 0.8624 0.8370
148 0.9202 0.2123 0.8912 0.8656 0.8412
149 0.9213 0.2123 0.8944 0.8483 0.8183
150 0.9112 0.2432 0.8798 0.8403 0.8142
151 0.9091 0.2601 0.8795 0.8617 0.8355
152 0.9136 0.2285 0.8839 0.8639 0.8419
153 0.9135 0.2274 0.8856 0.8599 0.8379
154 0.9187 0.2145 0.8909 0.8620 0.8383
155 0.9199 0.2119 0.8952 0.8605 0.8375
156 0.9171 0.2145 0.8903 0.8590 0.8363
157 0.9181 0.2104 0.8892 0.8573 0.8349
158 0.9193 0.2122 0.8922 0.8588 0.8352
159 0.9139 0.2245 0.8856 0.8625 0.8363
160 0.9177 0.2147 0.8887 0.8664 0.8425
161 0.9225 0.2004 0.8956 0.8653 0.8400
162 0.9189 0.2049 0.8923 0.8663 0.8421
163 0.9224 0.2007 0.8960 0.8670 0.8446
164 0.9223 0.1942 0.8963 0.8702 0.8471
165 0.9232 0.1998 0.8953 0.8681 0.8447
166 0.9200 0.1976 0.8912 0.8698 0.8472
167 0.9222 0.1969 0.8980 0.8664 0.8416
168 0.9248 0.1947 0.8997 0.8659 0.8417
169 0.9230 0.1959 0.8960 0.8647 0.8400
170 0.9277 0.1882 0.9014 0.8626 0.8410
171 0.9219 0.2014 0.8948 0.8645 0.8416
172 0.9245 0.1961 0.8985 0.8636 0.8398
173 0.9291 0.1830 0.9032 0.8639 0.8425
174 0.9243 0.1928 0.8992 0.8662 0.8434
175 0.9263 0.1839 0.9019 0.8661 0.8440
176 0.9201 0.1956 0.8945 0.8643 0.8413
177 0.9235 0.1948 0.8970 0.8639 0.8413
178 0.9234 0.1908 0.8975 0.8644 0.8410
179 0.9239 0.1910 0.8982 0.8618 0.8371
180 0.9189 0.1969 0.8931 0.8648 0.8409
181 0.9236 0.1902 0.8975 0.8612 0.8383
182 0.9270 0.1855 0.9012 0.8621 0.8393
183 0.9256 0.1867 0.9002 0.8639 0.8388
184 0.9250 0.1880 0.8985 0.8643 0.8389
185 0.9255 0.1866 0.8982 0.8656 0.8400
186 0.9246 0.1841 0.8978 0.8660 0.8410
187 0.9245 0.1877 0.8984 0.8688 0.8428
188 0.9296 0.1815 0.9035 0.8673 0.8430
189 0.9243 0.1905 0.8993 0.8707 0.8452
190 0.9236 0.1912 0.8951 0.8693 0.8441
191 0.9228 0.1934 0.8959 0.8689 0.8448
192 0.9273 0.1832 0.9025 0.8656 0.8421
193 0.9283 0.1819 0.9010 0.8634 0.8410
194 0.9248 0.1817 0.9004 0.8664 0.8418
195 0.9244 0.1880 0.8970 0.8651 0.8415
196 0.9278 0.1761 0.9009 0.8648 0.8430
197 0.9223 0.1918 0.8957 0.8670 0.8433
198 0.9257 0.1868 0.9005 0.8628 0.8403
199 0.9252 0.1852 0.8981 0.8622 0.8406
