epoch train_iou train_loss train_mAP val_iou val_loss val_mAP
0 0.6178 1.1749 0.5515 0.5706 1.2727 0.4978
1 0.7093 0.8913 0.6472 0.6196 1.1764 0.5261
2 0.7354 0.8151 0.6782 0.7159 0.8814 0.6529
3 0.7605 0.7352 0.7062 0.7525 0.7457 0.6957
4 0.7769 0.6857 0.7246 0.7706 0.6872 0.7155
5 0.7918 0.6375 0.7407 0.7768 0.6613 0.7274
6 0.7908 0.6391 0.7411 0.7890 0.6370 0.7450
7 0.7833 0.6632 0.7326 0.7561 0.7498 0.7037
8 0.7881 0.6607 0.7404 0.7798 0.6734 0.7234
9 0.7825 0.6775 0.7326 0.7434 0.8276 0.6837
10 0.7834 0.6733 0.7378 0.7836 0.6634 0.7319
11 0.8045 0.6122 0.7600 0.7866 0.6616 0.7438
12 0.8044 0.5871 0.7591 0.8046 0.5884 0.7511
13 0.8261 0.5181 0.7829 0.7983 0.6314 0.7590
14 0.8321 0.5010 0.7905 0.8242 0.5307 0.7827
15 0.8439 0.4645 0.8016 0.8237 0.5331 0.7816
16 0.8450 0.4607 0.8012 0.8192 0.5442 0.7784
17 0.8376 0.4938 0.7948 0.8301 0.5314 0.7881
18 0.8331 0.5018 0.7903 0.7932 0.6473 0.7380
19 0.8344 0.5106 0.7912 0.8099 0.6136 0.7734
20 0.8242 0.5538 0.7800 0.7974 0.6300 0.7483
21 0.8242 0.5390 0.7835 0.8127 0.5663 0.7731
22 0.8389 0.4801 0.8029 0.8094 0.6327 0.7715
23 0.8499 0.4423 0.8086 0.8066 0.6183 0.7701
24 0.8540 0.4228 0.8155 0.8382 0.5096 0.8000
25 0.8651 0.3877 0.8269 0.8348 0.5152 0.7994
26 0.8626 0.3874 0.8219 0.8336 0.5535 0.7982
27 0.8598 0.4077 0.8202 0.8257 0.5704 0.7846
28 0.8513 0.4414 0.8117 0.8189 0.5509 0.7796
29 0.8409 0.4667 0.8007 0.8028 0.6047 0.7618
30 0.8355 0.5002 0.7952 0.7872 0.6826 0.7472
31 0.8448 0.4800 0.8072 0.8249 0.5396 0.7831
32 0.8477 0.4502 0.8061 0.8079 0.6109 0.7639
33 0.8609 0.4142 0.8227 0.8329 0.5042 0.7964
34 0.8670 0.3779 0.8278 0.8385 0.4872 0.8049
35 0.8732 0.3572 0.8351 0.8453 0.4794 0.8085
36 0.8735 0.3534 0.8365 0.8468 0.4968 0.8094
37 0.8676 0.3831 0.8299 0.8123 0.6484 0.7756
38 0.8595 0.4158 0.8208 0.8232 0.5597 0.7869
39 0.8565 0.4277 0.8168 0.8138 0.6564 0.7785
40 0.8456 0.4662 0.8078 0.8253 0.5519 0.7838
41 0.8518 0.4299 0.8128 0.8248 0.5391 0.7819
42 0.8628 0.4030 0.8243 0.8309 0.5257 0.8010
43 0.8743 0.3626 0.8376 0.8417 0.5033 0.8060
44 0.8798 0.3261 0.8417 0.8392 0.5291 0.8044
45 0.8902 0.3061 0.8553 0.8467 0.5073 0.8106
46 0.8861 0.3153 0.8497 0.8482 0.5021 0.8153
47 0.8763 0.3378 0.8386 0.8327 0.5435 0.7946
48 0.8611 0.3954 0.8239 0.8263 0.6175 0.7844
49 0.8618 0.4024 0.8216 0.8121 0.6236 0.7707
50 0.8514 0.4305 0.8119 0.8159 0.6141 0.7758
51 0.8664 0.3904 0.8269 0.8228 0.5799 0.7893
52 0.8736 0.3719 0.8366 0.8284 0.5742 0.7918
53 0.8774 0.3445 0.8413 0.8345 0.5480 0.7980
54 0.8848 0.3059 0.8487 0.8471 0.5070 0.8119
55 0.8912 0.2907 0.8544 0.8483 0.4995 0.8121
56 0.8932 0.2878 0.8576 0.8407 0.5284 0.8091
57 0.8855 0.3051 0.8477 0.8398 0.5579 0.8002
58 0.8868 0.3165 0.8514 0.8019 0.7275 0.7669
59 0.8734 0.3537 0.8357 0.8272 0.6260 0.7891
60 0.8755 0.3672 0.8390 0.8045 0.6366 0.7563
61 0.8727 0.3695 0.8370 0.8277 0.5892 0.7861
62 0.8804 0.3348 0.8442 0.8353 0.6146 0.8035
63 0.8904 0.2921 0.8547 0.8460 0.5408 0.8115
64 0.8938 0.2820 0.8598 0.8425 0.5172 0.8061
65 0.8968 0.2679 0.8614 0.8519 0.5025 0.8168
66 0.8982 0.2623 0.8631 0.8545 0.5116 0.8174
67 0.8944 0.2706 0.8592 0.8581 0.6283 0.8238
68 0.8934 0.2855 0.8591 0.8364 0.6565 0.8013
69 0.8799 0.3345 0.8426 0.8279 0.5694 0.7861
70 0.8703 0.3752 0.8332 0.8226 0.6213 0.7816
71 0.8781 0.3507 0.8410 0.8371 0.5427 0.7998
72 0.8835 0.3101 0.8457 0.8523 0.5991 0.8221
73 0.8943 0.2834 0.8600 0.8444 0.5436 0.8115
74 0.8989 0.2656 0.8652 0.8531 0.5411 0.8216
75 0.9010 0.2620 0.8685 0.8493 0.5375 0.8181
76 0.9034 0.2464 0.8699 0.8486 0.5590 0.8162
77 0.8933 0.2820 0.8570 0.8483 0.4869 0.8136
78 0.8944 0.2860 0.8574 0.8429 0.5425 0.8042
79 0.8892 0.3032 0.8509 0.8331 0.6166 0.7960
80 0.8869 0.3005 0.8498 0.8448 0.5494 0.8121
81 0.8908 0.2930 0.8547 0.8460 0.5416 0.8144
82 0.9020 0.2529 0.8692 0.8469 0.5321 0.8102
83 0.9063 0.2507 0.8721 0.8456 0.5365 0.8150
84 0.9103 0.2245 0.8770 0.8525 0.5312 0.8186
85 0.9128 0.2204 0.8804 0.8506 0.5290 0.8166
86 0.9105 0.2207 0.8780 0.8538 0.5391 0.8185
87 0.9042 0.2334 0.8705 0.8513 0.5510 0.8195
88 0.9063 0.2367 0.8712 0.8493 0.5639 0.8161
89 0.9040 0.2432 0.8690 0.8432 0.5811 0.8067
90 0.9007 0.2546 0.8666 0.8422 0.6103 0.8030
91 0.9046 0.2526 0.8695 0.8459 0.5316 0.8097
92 0.9020 0.2463 0.8692 0.8530 0.5000 0.8159
93 0.9051 0.2371 0.8725 0.8599 0.5204 0.8276
94 0.9119 0.2103 0.8787 0.8605 0.5183 0.8263
95 0.9080 0.2166 0.8749 0.8623 0.5157 0.8293
96 0.9134 0.2094 0.8813 0.8607 0.5196 0.8284
97 0.9138 0.2141 0.8827 0.8544 0.5714 0.8208
98 0.9093 0.2165 0.8771 0.8592 0.5343 0.8261
99 0.9071 0.2282 0.8734 0.8553 0.5769 0.8175
100 0.9023 0.2429 0.8676 0.8470 0.5347 0.8088
101 0.9050 0.2429 0.8707 0.8495 0.5559 0.8148
102 0.9093 0.2172 0.8772 0.8440 0.5760 0.8109
103 0.9165 0.2027 0.8854 0.8504 0.5576 0.8163
104 0.9154 0.2085 0.8828 0.8564 0.5141 0.8240
105 0.9128 0.2055 0.8814 0.8576 0.5305 0.8261
106 0.9140 0.2090 0.8811 0.8588 0.5205 0.8245
107 0.9117 0.2066 0.8788 0.8629 0.5428 0.8320
108 0.9135 0.2138 0.8799 0.8506 0.6563 0.8165
109 0.9093 0.2234 0.8744 0.8580 0.5120 0.8213
110 0.9096 0.2227 0.8778 0.8494 0.5766 0.8119
111 0.9082 0.2371 0.8751 0.8361 0.6035 0.8020
112 0.9085 0.2284 0.8780 0.8630 0.4771 0.8306
113 0.9159 0.2077 0.8830 0.8574 0.5659 0.8222
114 0.9130 0.2060 0.8808 0.8581 0.5217 0.8237
115 0.9177 0.1943 0.8860 0.8581 0.5196 0.8254
116 0.9162 0.1965 0.8862 0.8628 0.5123 0.8302
117 0.9194 0.1902 0.8873 0.8617 0.5641 0.8297
118 0.9148 0.2051 0.8851 0.8667 0.5423 0.8373
119 0.9175 0.1966 0.8868 0.8593 0.6356 0.8276
120 0.9124 0.2187 0.8806 0.8403 0.5943 0.8016
121 0.9052 0.2608 0.8722 0.8439 0.5497 0.8058
122 0.9108 0.2233 0.8785 0.8490 0.5427 0.8180
123 0.9169 0.2064 0.8853 0.8571 0.5529 0.8272
124 0.9170 0.1958 0.8858 0.8617 0.5394 0.8296
125 0.9170 0.1946 0.8876 0.8628 0.5478 0.8297
126 0.9177 0.1916 0.8875 0.8655 0.5692 0.8332
127 0.9183 0.1942 0.8883 0.8558 0.5531 0.8218
128 0.9171 0.1995 0.8866 0.8553 0.5886 0.8249
129 0.9139 0.2062 0.8824 0.8545 0.5549 0.8234
130 0.9098 0.2280 0.8781 0.8541 0.5162 0.8167
131 0.9106 0.2283 0.8783 0.8521 0.5450 0.8216
132 0.9141 0.2148 0.8845 0.8565 0.5136 0.8251
133 0.9185 0.1981 0.8901 0.8621 0.5140 0.8309
134 0.9196 0.1850 0.8911 0.8643 0.5318 0.8325
135 0.9201 0.1871 0.8915 0.8639 0.5226 0.8341
136 0.9208 0.1854 0.8918 0.8595 0.5417 0.8276
137 0.9227 0.1884 0.8944 0.8623 0.5465 0.8299
138 0.9153 0.2008 0.8844 0.8495 0.6161 0.8173
139 0.9121 0.2123 0.8811 0.8530 0.5118 0.8174
140 0.9081 0.2249 0.8768 0.8404 0.6073 0.8026
141 0.9131 0.2075 0.8824 0.8392 0.6216 0.8066
142 0.9167 0.1931 0.8861 0.8510 0.6390 0.8202
143 0.9190 0.1858 0.8898 0.8576 0.6142 0.8267
144 0.9207 0.1825 0.8925 0.8549 0.5742 0.8210
145 0.9237 0.1734 0.8946 0.8580 0.5798 0.8240
146 0.9244 0.1751 0.8968 0.8540 0.5837 0.8228
147 0.9245 0.1804 0.8965 0.8548 0.6142 0.8256
148 0.9218 0.1865 0.8919 0.8517 0.5955 0.8196
149 0.9219 0.1822 0.8933 0.8506 0.6573 0.8175
150 0.9163 0.2006 0.8843 0.8470 0.6543 0.8145
151 0.9123 0.2194 0.8801 0.8484 0.6015 0.8143
152 0.9179 0.1891 0.8883 0.8628 0.5936 0.8290
153 0.9231 0.1757 0.8930 0.8579 0.5891 0.8246
154 0.9236 0.1703 0.8958 0.8607 0.6141 0.8272
155 0.9223 0.1750 0.8937 0.8641 0.6139 0.8314
156 0.9238 0.1739 0.8944 0.8567 0.6436 0.8232
157 0.9219 0.1769 0.8930 0.8620 0.6161 0.8279
158 0.9202 0.1847 0.8913 0.8464 0.6351 0.8129
159 0.9175 0.1899 0.8874 0.8519 0.6526 0.8192
160 0.9210 0.1828 0.8930 0.8563 0.6337 0.8249
161 0.9241 0.1733 0.8970 0.8578 0.6329 0.8266
162 0.9247 0.1676 0.8943 0.8584 0.6566 0.8274
163 0.9242 0.1630 0.8950 0.8596 0.6665 0.8261
164 0.9263 0.1623 0.8986 0.8573 0.6697 0.8269
165 0.9272 0.1590 0.9006 0.8577 0.6746 0.8264
166 0.9290 0.1588 0.9018 0.8588 0.6680 0.8285
167 0.9262 0.1617 0.8977 0.8606 0.6479 0.8281
168 0.9262 0.1631 0.8982 0.8598 0.6281 0.8258
169 0.9275 0.1600 0.8989 0.8599 0.6639 0.8256
170 0.9253 0.1629 0.8972 0.8583 0.6567 0.8242
171 0.9266 0.1632 0.8979 0.8611 0.6374 0.8270
172 0.9264 0.1614 0.8969 0.8609 0.6416 0.8257
173 0.9283 0.1600 0.9022 0.8615 0.6569 0.8292
174 0.9274 0.1581 0.9000 0.8598 0.6629 0.8275
175 0.9305 0.1530 0.9028 0.8617 0.6397 0.8285
176 0.9292 0.1571 0.9013 0.8614 0.6480 0.8273
177 0.9275 0.1565 0.8991 0.8615 0.6693 0.8285
178 0.9261 0.1618 0.8980 0.8604 0.6493 0.8269
179 0.9271 0.1573 0.9003 0.8626 0.6531 0.8306
180 0.9320 0.1510 0.9055 0.8621 0.6431 0.8299
181 0.9262 0.1572 0.8998 0.8637 0.6543 0.8326
182 0.9299 0.1522 0.9031 0.8611 0.6739 0.8291
183 0.9287 0.1538 0.9013 0.8613 0.6824 0.8293
184 0.9307 0.1536 0.9041 0.8607 0.6550 0.8292
185 0.9305 0.1513 0.9023 0.8617 0.6786 0.8299
186 0.9276 0.1552 0.8994 0.8613 0.6773 0.8302
187 0.9310 0.1468 0.9035 0.8610 0.6600 0.8280
188 0.9279 0.1521 0.9010 0.8635 0.6692 0.8316
189 0.9271 0.1590 0.8983 0.8595 0.6594 0.8268
190 0.9307 0.1530 0.9038 0.8641 0.6629 0.8321
191 0.9303 0.1518 0.9037 0.8625 0.6917 0.8293
192 0.9321 0.1467 0.9045 0.8636 0.6907 0.8310
193 0.9293 0.1522 0.9026 0.8627 0.6984 0.8319
194 0.9335 0.1443 0.9057 0.8624 0.6862 0.8298
195 0.9317 0.1452 0.9052 0.8643 0.6912 0.8329
196 0.9312 0.1453 0.9056 0.8623 0.6611 0.8297
197 0.9335 0.1439 0.9064 0.8626 0.7113 0.8299
198 0.9304 0.1497 0.9025 0.8623 0.7042 0.8316
199 0.9296 0.1491 0.9021 0.8605 0.7251 0.8292
