epoch train_BCELoss train_SoftDiceLoss train_iou train_loss train_mAP val_BCELoss val_SoftDiceLoss val_iou val_loss val_mAP
0 0.2988 0.2852 0.6330 0.5842 0.5662 0.2155 0.5716 0.6959 0.7876 0.6335
1 0.2272 0.2154 0.7031 0.4430 0.6433 0.1964 0.5455 0.6934 0.7426 0.6427
2 0.1900 0.1766 0.7258 0.3671 0.6708 0.2803 0.5695 0.6750 0.8506 0.6050
3 0.1721 0.1647 0.7528 0.3376 0.7019 0.1576 0.5317 0.7757 0.6903 0.7335
4 0.1385 0.1260 0.7876 0.2653 0.7398 0.1598 0.5217 0.7888 0.6825 0.7522
5 0.1175 0.1102 0.8067 0.2285 0.7611 0.1481 0.5108 0.7939 0.6600 0.7558
6 0.1111 0.1023 0.8135 0.2142 0.7705 0.1614 0.5095 0.7958 0.6721 0.7559
7 0.1191 0.1065 0.8068 0.2265 0.7633 0.2057 0.5106 0.7883 0.7175 0.7517
8 0.1337 0.1184 0.7996 0.2531 0.7523 0.3614 0.5596 0.6995 0.9220 0.6294
9 0.1239 0.1115 0.8002 0.2362 0.7552 0.2698 0.5343 0.7585 0.8052 0.7209
10 0.1530 0.1260 0.7916 0.2799 0.7429 0.1513 0.5217 0.7881 0.6742 0.7470
11 0.1243 0.1147 0.8042 0.2401 0.7593 0.1998 0.5302 0.7916 0.7312 0.7504
12 0.1011 0.0920 0.8279 0.1942 0.7893 0.2511 0.5378 0.7767 0.7901 0.7325
13 0.0827 0.0752 0.8462 0.1592 0.8118 0.1820 0.4964 0.8155 0.6798 0.7833
14 0.0605 0.0563 0.8651 0.1181 0.8318 0.1723 0.4855 0.8272 0.6592 0.7957
15 0.0546 0.0521 0.8729 0.1079 0.8405 0.1729 0.4835 0.8276 0.6579 0.7945
16 0.0524 0.0479 0.8728 0.1015 0.8418 0.1905 0.4813 0.8218 0.6733 0.7858
17 0.0560 0.0516 0.8661 0.1090 0.8339 0.1627 0.4920 0.8188 0.6561 0.7876
18 0.0653 0.0590 0.8587 0.1256 0.8241 0.2472 0.4861 0.8030 0.7348 0.7649
19 0.0994 0.0860 0.8379 0.1866 0.7982 0.2150 0.5087 0.7937 0.7251 0.7577
20 0.1103 0.0985 0.8221 0.2100 0.7818 0.1717 0.4984 0.8135 0.6716 0.7782
21 0.0803 0.0720 0.8505 0.1536 0.8144 0.1774 0.5058 0.8068 0.6846 0.7704
22 0.0677 0.0611 0.8614 0.1301 0.8275 0.1974 0.4820 0.8261 0.6811 0.7934
23 0.0552 0.0515 0.8745 0.1081 0.8453 0.1438 0.4751 0.8401 0.6205 0.8090
24 0.0451 0.0415 0.8882 0.0881 0.8597 0.1674 0.4726 0.8363 0.6418 0.8081
25 0.0403 0.0378 0.8905 0.0795 0.8656 0.1682 0.4717 0.8393 0.6417 0.8113
26 0.0408 0.0383 0.8905 0.0806 0.8633 0.1748 0.4694 0.8412 0.6460 0.8112
27 0.0417 0.0378 0.8920 0.0810 0.8652 0.1762 0.4723 0.8408 0.6504 0.8125
28 0.0412 0.0368 0.8895 0.0794 0.8633 0.1969 0.4725 0.8331 0.6712 0.8000
29 0.0508 0.0476 0.8791 0.0998 0.8490 0.2294 0.4822 0.8207 0.7134 0.7832
30 0.0693 0.0610 0.8569 0.1317 0.8218 0.3039 0.4862 0.7934 0.7918 0.7531
31 0.0665 0.0568 0.8612 0.1246 0.8272 0.2653 0.4893 0.8128 0.7562 0.7799
32 0.0645 0.0586 0.8630 0.1245 0.8314 0.2112 0.4823 0.8160 0.6952 0.7837
33 0.0440 0.0412 0.8854 0.0868 0.8572 0.2032 0.4747 0.8366 0.6798 0.8071
34 0.0367 0.0345 0.8963 0.0728 0.8721 0.1947 0.4695 0.8430 0.6660 0.8135
35 0.0351 0.0332 0.9025 0.0700 0.8783 0.1973 0.4703 0.8462 0.6694 0.8172
36 0.0338 0.0316 0.9038 0.0671 0.8804 0.2172 0.4694 0.8435 0.6884 0.8153
37 0.0400 0.0367 0.8944 0.0783 0.8691 0.2593 0.4783 0.8321 0.7395 0.8035
38 0.0458 0.0414 0.8898 0.0889 0.8628 0.2417 0.4754 0.8156 0.7190 0.7828
39 0.0509 0.0488 0.8793 0.1011 0.8501 0.3936 0.5242 0.7921 0.9193 0.7522
40 0.0988 0.0804 0.8391 0.1805 0.8027 0.3033 0.5326 0.7626 0.8374 0.7184
41 0.0822 0.0722 0.8532 0.1559 0.8187 0.2332 0.4820 0.8224 0.7170 0.7886
42 0.0634 0.0573 0.8728 0.1221 0.8407 0.1717 0.4874 0.8384 0.6610 0.8083
43 0.0470 0.0445 0.8845 0.0932 0.8582 0.1789 0.4704 0.8386 0.6512 0.8069
44 0.0367 0.0349 0.8983 0.0732 0.8733 0.1821 0.4736 0.8443 0.6578 0.8157
45 0.0334 0.0312 0.9025 0.0663 0.8796 0.1868 0.4689 0.8471 0.6577 0.8190
46 0.0343 0.0329 0.9032 0.0689 0.8792 0.1955 0.4682 0.8493 0.6657 0.8222
47 0.0329 0.0311 0.9018 0.0657 0.8788 0.2062 0.4680 0.8473 0.6761 0.8192
48 0.0328 0.0310 0.9021 0.0655 0.8785 0.2122 0.4654 0.8406 0.6797 0.8094
49 0.0377 0.0348 0.8964 0.0742 0.8713 0.2053 0.4769 0.8255 0.6840 0.7935
50 0.0541 0.0492 0.8729 0.1048 0.8427 0.5508 0.5669 0.6654 1.1191 0.6129
51 0.0689 0.0596 0.8629 0.1301 0.8306 0.2438 0.5026 0.8083 0.7481 0.7763
52 0.0423 0.0399 0.8871 0.0839 0.8604 0.2266 0.4733 0.8180 0.7018 0.7892
53 0.0359 0.0328 0.9024 0.0705 0.8791 0.2163 0.4646 0.8404 0.6829 0.8127
54 0.0289 0.0281 0.9113 0.0589 0.8893 0.2154 0.4647 0.8481 0.6820 0.8215
55 0.0279 0.0272 0.9114 0.0569 0.8908 0.2078 0.4634 0.8458 0.6732 0.8192
56 0.0282 0.0273 0.9102 0.0573 0.8900 0.2097 0.4636 0.8420 0.6753 0.8123
57 0.0273 0.0263 0.9133 0.0554 0.8923 0.2293 0.4638 0.8434 0.6951 0.8154
58 0.0348 0.0323 0.9028 0.0688 0.8801 0.2150 0.4749 0.8114 0.6918 0.7762
59 0.0543 0.0474 0.8773 0.1034 0.8490 0.2056 0.4761 0.8316 0.6835 0.8029
60 0.0773 0.0647 0.8536 0.1436 0.8205 0.1883 0.4941 0.8136 0.6841 0.7812
61 0.0581 0.0519 0.8725 0.1116 0.8437 0.1839 0.4760 0.8440 0.6617 0.8136
62 0.0380 0.0354 0.8983 0.0751 0.8733 0.2957 0.4857 0.8227 0.7831 0.7964
63 0.0311 0.0292 0.9080 0.0622 0.8854 0.2230 0.4664 0.8484 0.6914 0.8198
64 0.0269 0.0259 0.9145 0.0545 0.8950 0.2061 0.4646 0.8524 0.6727 0.8231
65 0.0250 0.0248 0.9154 0.0517 0.8957 0.2116 0.4643 0.8532 0.6779 0.8242
66 0.0254 0.0244 0.9175 0.0516 0.8991 0.2178 0.4638 0.8526 0.6836 0.8252
67 0.0258 0.0245 0.9140 0.0521 0.8943 0.2086 0.4645 0.8537 0.6751 0.8261
68 0.0280 0.0266 0.9079 0.0565 0.8876 0.2381 0.4651 0.8429 0.7052 0.8132
69 0.0950 0.0792 0.8449 0.1757 0.8060 0.2627 0.5271 0.7864 0.7914 0.7537
70 0.0706 0.0640 0.8601 0.1361 0.8259 0.2650 0.5258 0.8051 0.7923 0.7725
71 0.0471 0.0450 0.8904 0.0937 0.8627 0.1843 0.4787 0.8401 0.6649 0.8118
72 0.0358 0.0335 0.9014 0.0712 0.8785 0.1963 0.4965 0.8256 0.6946 0.7903
73 0.0320 0.0309 0.9076 0.0646 0.8848 0.2201 0.4642 0.8437 0.6864 0.8130
74 0.0265 0.0261 0.9143 0.0545 0.8939 0.2255 0.4622 0.8522 0.6898 0.8238
75 0.0251 0.0243 0.9193 0.0513 0.9005 0.2304 0.4615 0.8512 0.6940 0.8251
76 0.0244 0.0233 0.9192 0.0497 0.9014 0.2210 0.4600 0.8516 0.6832 0.8249
77 0.0285 0.0267 0.9173 0.0571 0.8988 0.2291 0.4689 0.8362 0.7000 0.8062
78 0.0283 0.0272 0.9128 0.0574 0.8915 0.2561 0.4696 0.8424 0.7275 0.8168
79 0.0388 0.0354 0.8976 0.0759 0.8737 0.2795 0.5515 0.7423 0.8325 0.6987
80 0.0529 0.0447 0.8830 0.0993 0.8547 0.2485 0.4840 0.7962 0.7342 0.7552
81 0.0429 0.0408 0.8930 0.0854 0.8663 0.1968 0.4744 0.8425 0.6731 0.8172
82 0.0309 0.0297 0.9029 0.0623 0.8827 0.1956 0.4648 0.8563 0.6624 0.8305
83 0.0246 0.0238 0.9167 0.0503 0.8988 0.1976 0.4580 0.8556 0.6577 0.8260
84 0.0239 0.0231 0.9225 0.0489 0.9061 0.2160 0.4589 0.8589 0.6770 0.8326
85 0.0217 0.0211 0.9227 0.0448 0.9062 0.2139 0.4587 0.8574 0.6747 0.8315
86 0.0235 0.0228 0.9220 0.0483 0.9052 0.2215 0.4587 0.8555 0.6823 0.8286
87 0.0217 0.0212 0.9248 0.0448 0.9082 0.2192 0.4637 0.8533 0.6850 0.8267
88 0.0218 0.0211 0.9247 0.0449 0.9085 0.2213 0.4600 0.8549 0.6834 0.8240
89 0.0228 0.0224 0.9201 0.0471 0.9020 0.2283 0.4691 0.8485 0.6993 0.8214
90 0.0251 0.0242 0.9183 0.0512 0.8991 0.2077 0.4696 0.8452 0.6793 0.8161
91 0.0255 0.0242 0.9160 0.0517 0.8966 0.1995 0.4641 0.8418 0.6656 0.8081
92 0.0223 0.0219 0.9214 0.0463 0.9033 0.2542 0.4650 0.8464 0.7212 0.8173
93 0.0200 0.0196 0.9301 0.0417 0.9144 0.2521 0.4613 0.8515 0.7156 0.8244
94 0.0183 0.0183 0.9296 0.0388 0.9159 0.2575 0.4599 0.8556 0.7195 0.8282
95 0.0175 0.0177 0.9340 0.0374 0.9210 0.2618 0.4594 0.8568 0.7234 0.8296
96 0.0174 0.0173 0.9327 0.0369 0.9183 0.2617 0.4580 0.8513 0.7219 0.8233
97 0.0187 0.0185 0.9295 0.0393 0.9147 0.2529 0.4626 0.8293 0.7177 0.8005
98 0.0211 0.0209 0.9213 0.0440 0.9045 0.2452 0.4600 0.8511 0.7073 0.8207
99 0.0250 0.0242 0.9165 0.0512 0.8962 0.2252 0.4666 0.8449 0.6937 0.8154
100 0.0955 0.0734 0.8470 0.1706 0.8164 0.2354 0.5137 0.7604 0.7509 0.7127
101 0.0860 0.0744 0.8527 0.1620 0.8193 0.2493 0.5075 0.8012 0.7585 0.7650
102 0.0401 0.0386 0.8947 0.0806 0.8695 0.2015 0.4682 0.8284 0.6717 0.7987
103 0.0281 0.0274 0.9121 0.0574 0.8923 0.1988 0.4626 0.8435 0.6635 0.8159
104 0.0244 0.0230 0.9224 0.0494 0.9050 0.2065 0.4583 0.8462 0.6670 0.8180
105 0.0211 0.0212 0.9237 0.0444 0.9077 0.2018 0.4579 0.8438 0.6620 0.8145
106 0.0214 0.0211 0.9246 0.0446 0.9086 0.1889 0.4578 0.8414 0.6490 0.8115
107 0.0231 0.0213 0.9224 0.0466 0.9065 0.1555 0.4722 0.8114 0.6297 0.7787
108 0.0270 0.0254 0.9171 0.0544 0.8995 0.1947 0.4767 0.8303 0.6734 0.7944
109 0.0370 0.0341 0.9012 0.0730 0.8776 0.3688 0.5322 0.7529 0.9023 0.7155
110 0.0536 0.0466 0.8810 0.1018 0.8526 0.3334 0.4971 0.7807 0.8324 0.7382
111 0.0453 0.0417 0.8919 0.0889 0.8664 0.1834 0.4736 0.8275 0.6588 0.7969
112 0.0303 0.0294 0.9122 0.0617 0.8919 0.2213 0.4653 0.8392 0.6887 0.8096
113 0.0246 0.0243 0.9206 0.0510 0.9037 0.2283 0.4633 0.8417 0.6937 0.8118
114 0.0236 0.0223 0.9243 0.0480 0.9096 0.2020 0.4592 0.8479 0.6634 0.8192
115 0.0198 0.0199 0.9261 0.0418 0.9117 0.1983 0.4598 0.8481 0.6603 0.8204
116 0.0195 0.0193 0.9264 0.0410 0.9106 0.2134 0.4583 0.8473 0.6739 0.8196
117 0.0207 0.0212 0.9238 0.0441 0.9081 0.2231 0.4760 0.8274 0.7012 0.7960
118 0.0204 0.0202 0.9229 0.0426 0.9068 0.2528 0.4603 0.8466 0.7151 0.8183
119 0.0194 0.0194 0.9266 0.0410 0.9116 0.2485 0.4716 0.8293 0.7221 0.7953
120 0.0539 0.0492 0.8780 0.1048 0.8492 0.2301 0.4924 0.7695 0.7243 0.7269
121 0.0470 0.0428 0.8933 0.0916 0.8678 0.2707 0.4732 0.8334 0.7457 0.8054
122 0.0310 0.0289 0.9128 0.0620 0.8929 0.2004 0.4678 0.8237 0.6702 0.7927
123 0.0233 0.0236 0.9203 0.0490 0.9032 0.2579 0.4616 0.8472 0.7215 0.8230
124 0.0192 0.0193 0.9282 0.0407 0.9131 0.2645 0.4581 0.8465 0.7248 0.8202
125 0.0172 0.0179 0.9334 0.0373 0.9193 0.2541 0.4581 0.8437 0.7144 0.8166
126 0.0176 0.0181 0.9317 0.0380 0.9175 0.2609 0.4581 0.8437 0.7213 0.8179
127 0.0174 0.0172 0.9318 0.0369 0.9176 0.2742 0.4587 0.8491 0.7352 0.8224
128 0.0186 0.0190 0.9292 0.0398 0.9138 0.2553 0.4600 0.8485 0.7175 0.8183
129 0.0238 0.0226 0.9214 0.0485 0.9040 0.2886 0.4838 0.8247 0.7744 0.7931
130 0.0712 0.0628 0.8616 0.1356 0.8316 0.2274 0.5003 0.8101 0.7295 0.7781
131 0.0457 0.0417 0.8967 0.0893 0.8713 0.2358 0.4753 0.8270 0.7131 0.7976
132 0.0335 0.0316 0.9091 0.0671 0.8893 0.2483 0.4627 0.8468 0.7133 0.8197
133 0.0205 0.0206 0.9245 0.0432 0.9082 0.2619 0.4630 0.8465 0.7272 0.8207
134 0.0184 0.0186 0.9282 0.0392 0.9133 0.2584 0.4590 0.8551 0.7197 0.8290
135 0.0171 0.0175 0.9344 0.0368 0.9210 0.2571 0.4581 0.8560 0.7175 0.8298
136 0.0186 0.0186 0.9321 0.0395 0.9176 0.2445 0.4581 0.8534 0.7050 0.8296
137 0.0168 0.0172 0.9328 0.0363 0.9185 0.2759 0.4588 0.8541 0.7370 0.8302
138 0.0167 0.0168 0.9345 0.0357 0.9203 0.2711 0.4558 0.8496 0.7292 0.8220
139 0.0284 0.0255 0.9196 0.0560 0.9023 0.2510 0.4632 0.8442 0.7162 0.8165
140 0.0239 0.0234 0.9173 0.0492 0.8976 0.2844 0.4718 0.8185 0.7583 0.7815
141 0.0316 0.0293 0.9142 0.0629 0.8935 0.3204 0.4691 0.8296 0.7916 0.7966
142 0.0222 0.0219 0.9253 0.0462 0.9096 0.2913 0.4643 0.8460 0.7578 0.8163
143 0.0204 0.0204 0.9274 0.0430 0.9114 0.2886 0.4625 0.8524 0.7533 0.8245
144 0.0186 0.0191 0.9317 0.0400 0.9163 0.2934 0.4604 0.8472 0.7561 0.8185
145 0.0162 0.0170 0.9373 0.0356 0.9243 0.2920 0.4598 0.8425 0.7541 0.8141
146 0.0156 0.0159 0.9375 0.0339 0.9245 0.2999 0.4578 0.8443 0.7601 0.8171
147 0.0153 0.0159 0.9384 0.0335 0.9245 0.3253 0.4594 0.8457 0.7871 0.8188
148 0.0176 0.0173 0.9357 0.0372 0.9215 0.7200 0.5094 0.7580 1.2315 0.7156
149 0.0217 0.0208 0.9237 0.0447 0.9067 0.2455 0.4758 0.8254 0.7233 0.7935
