epoch train_iou train_loss train_mAP val_iou val_mAP
0 0.6152 1.2202 0.5510 0.7094 0.6371
1 0.7231 0.8989 0.6635 0.7276 0.6600
2 0.7422 0.8167 0.6827 0.7510 0.6970
3 0.7619 0.7521 0.7096 0.7799 0.7327
4 0.7800 0.6967 0.7274 0.7922 0.7447
5 0.7971 0.6417 0.7464 0.7929 0.7487
6 0.7945 0.6514 0.7449 0.8067 0.7603
7 0.7921 0.6614 0.7427 0.8073 0.7603
8 0.7885 0.6717 0.7373 0.7621 0.7034
9 0.7898 0.6738 0.7424 0.7928 0.7488
10 0.7911 0.6730 0.7417 0.6934 0.6273
11 0.7998 0.6536 0.7541 0.8165 0.7809
12 0.8221 0.5653 0.7791 0.8157 0.7764
13 0.8295 0.5343 0.7860 0.8159 0.7751
14 0.8294 0.5119 0.7887 0.8341 0.8002
15 0.8444 0.4765 0.8022 0.8333 0.7988
16 0.8392 0.5071 0.7976 0.8242 0.7903
17 0.8391 0.4948 0.7978 0.8297 0.7939
18 0.8345 0.5163 0.7931 0.8201 0.7827
19 0.8190 0.6035 0.7773 0.8228 0.7882
20 0.8120 0.6076 0.7677 0.8186 0.7802
21 0.8289 0.5353 0.7903 0.8195 0.7876
22 0.8447 0.4889 0.8056 0.8130 0.7829
23 0.8525 0.4618 0.8153 0.8407 0.8101
24 0.8541 0.4403 0.8166 0.8345 0.8055
25 0.8556 0.4336 0.8161 0.8372 0.8095
26 0.8653 0.4064 0.8269 0.8414 0.8089
27 0.8617 0.4296 0.8229 0.8338 0.8049
28 0.8555 0.4471 0.8188 0.8325 0.8036
29 0.8455 0.4792 0.8074 0.8417 0.8085
30 0.8369 0.5242 0.7993 0.7970 0.7648
31 0.8594 0.4575 0.8211 0.8298 0.7992
32 0.8522 0.4501 0.8147 0.8432 0.8165
33 0.8714 0.3952 0.8365 0.8272 0.7971
34 0.8763 0.3669 0.8420 0.8392 0.8117
35 0.8780 0.3679 0.8458 0.8397 0.8112
36 0.8768 0.3705 0.8412 0.8462 0.8206
37 0.8791 0.3701 0.8439 0.8380 0.8120
38 0.8658 0.4025 0.8288 0.8408 0.8120
39 0.8606 0.4417 0.8225 0.8094 0.7814
40 0.8525 0.4546 0.8152 0.8191 0.7892
41 0.8520 0.4647 0.8165 0.8346 0.8034
42 0.8640 0.4130 0.8289 0.8385 0.8109
43 0.8782 0.3722 0.8440 0.8426 0.8166
44 0.8824 0.3504 0.8478 0.8417 0.8167
45 0.8844 0.3485 0.8509 0.8461 0.8202
46 0.8874 0.3301 0.8522 0.8464 0.8166
47 0.8829 0.3472 0.8487 0.8416 0.8147
48 0.8739 0.3897 0.8392 0.8329 0.8042
49 0.8591 0.4130 0.8249 0.8389 0.8118
50 0.8520 0.4544 0.8162 0.8310 0.7984
51 0.8666 0.4129 0.8307 0.8357 0.8071
52 0.8786 0.3723 0.8461 0.8410 0.8119
53 0.8901 0.3277 0.8551 0.8491 0.8218
54 0.8935 0.3137 0.8609 0.8433 0.8190
55 0.8947 0.2978 0.8632 0.8467 0.8228
56 0.8963 0.2949 0.8641 0.8491 0.8238
57 0.8924 0.3189 0.8586 0.8424 0.8136
58 0.8796 0.3499 0.8441 0.8467 0.8145
59 0.8761 0.3777 0.8412 0.8386 0.8075
60 0.8667 0.4069 0.8303 0.8304 0.7996
61 0.8758 0.3840 0.8410 0.8120 0.7835
62 0.8854 0.3379 0.8516 0.8371 0.8069
63 0.8906 0.3190 0.8590 0.8458 0.8196
64 0.8941 0.3079 0.8611 0.8560 0.8306
65 0.9010 0.2885 0.8706 0.8553 0.8292
66 0.8962 0.2912 0.8627 0.8524 0.8252
67 0.8999 0.2896 0.8681 0.8543 0.8285
68 0.8966 0.3000 0.8660 0.8493 0.8221
69 0.8869 0.3371 0.8544 0.8450 0.8188
70 0.8709 0.3922 0.8358 0.8235 0.7936
71 0.8680 0.4011 0.8374 0.8408 0.8111
72 0.8891 0.3343 0.8565 0.8440 0.8178
73 0.8930 0.3114 0.8619 0.8526 0.8279
74 0.8954 0.2919 0.8676 0.8530 0.8284
75 0.9000 0.2776 0.8688 0.8555 0.8294
76 0.9034 0.2674 0.8739 0.8493 0.8228
77 0.8981 0.2914 0.8679 0.8482 0.8222
78 0.8955 0.3039 0.8618 0.8418 0.8137
79 0.8914 0.3183 0.8612 0.8091 0.7772
80 0.8788 0.3637 0.8443 0.7702 0.7404
81 0.8698 0.3997 0.8382 0.8304 0.8070
82 0.8899 0.3262 0.8587 0.8433 0.8198
83 0.8971 0.3000 0.8651 0.8472 0.8230
84 0.9064 0.2704 0.8773 0.8475 0.8250
85 0.9120 0.2536 0.8820 0.8517 0.8276
86 0.9073 0.2622 0.8781 0.8534 0.8270
87 0.9056 0.2552 0.8734 0.8517 0.8266
88 0.8935 0.3036 0.8651 0.8539 0.8234
89 0.8890 0.3266 0.8574 0.8495 0.8233
90 0.8813 0.3522 0.8492 0.8381 0.8094
91 0.8865 0.3315 0.8556 0.8424 0.8133
92 0.8974 0.2963 0.8674 0.8488 0.8221
93 0.8986 0.2888 0.8670 0.8381 0.8087
94 0.9103 0.2547 0.8815 0.8501 0.8228
95 0.9102 0.2487 0.8801 0.8495 0.8214
96 0.9106 0.2468 0.8807 0.8460 0.8190
97 0.9107 0.2487 0.8804 0.8469 0.8212
98 0.9028 0.2917 0.8732 0.8510 0.8221
99 0.8946 0.2984 0.8619 0.8406 0.8114
100 0.9059 0.2741 0.8767 0.8601 0.8325
101 0.9051 0.2616 0.8753 0.8507 0.8240
102 0.9114 0.2468 0.8837 0.8522 0.8282
103 0.9138 0.2305 0.8867 0.8570 0.8309
104 0.9175 0.2230 0.8903 0.8550 0.8284
105 0.9209 0.2139 0.8954 0.8567 0.8293
106 0.9192 0.2243 0.8902 0.8538 0.8298
107 0.9184 0.2176 0.8910 0.8558 0.8270
108 0.9135 0.2318 0.8852 0.8515 0.8249
109 0.9141 0.2387 0.8833 0.8542 0.8255
110 0.9085 0.2453 0.8782 0.8485 0.8207
111 0.9140 0.2334 0.8845 0.8508 0.8240
112 0.9193 0.2245 0.8912 0.8522 0.8256
113 0.9140 0.2284 0.8868 0.8536 0.8268
114 0.9182 0.2183 0.8900 0.8521 0.8238
115 0.9206 0.2117 0.8948 0.8549 0.8254
116 0.9218 0.2080 0.8968 0.8509 0.8246
117 0.9183 0.2088 0.8904 0.8526 0.8258
118 0.9176 0.2201 0.8902 0.8521 0.8249
119 0.9152 0.2291 0.8876 0.8590 0.8325
120 0.9085 0.2651 0.8801 0.8574 0.8291
121 0.9109 0.2485 0.8814 0.8422 0.8174
122 0.9146 0.2300 0.8866 0.8548 0.8282
123 0.9167 0.2217 0.8887 0.8582 0.8310
124 0.9192 0.2223 0.8921 0.8583 0.8304
125 0.9250 0.1991 0.8998 0.8547 0.8268
126 0.9199 0.2074 0.8936 0.8593 0.8337
127 0.9210 0.2113 0.8948 0.8558 0.8293
128 0.9189 0.2191 0.8925 0.8561 0.8291
129 0.9224 0.2156 0.8944 0.8600 0.8326
130 0.9083 0.2555 0.8774 0.8372 0.8038
131 0.9115 0.2443 0.8842 0.8537 0.8294
132 0.9203 0.2098 0.8927 0.8591 0.8328
133 0.9229 0.2140 0.8979 0.8524 0.8255
134 0.9255 0.2020 0.8993 0.8604 0.8337
135 0.9246 0.2010 0.8983 0.8575 0.8319
136 0.9211 0.2015 0.8952 0.8636 0.8341
137 0.9201 0.2054 0.8938 0.8585 0.8340
138 0.9280 0.1924 0.9018 0.8629 0.8320
139 0.9160 0.2163 0.8892 0.8593 0.8312
140 0.9160 0.2267 0.8887 0.8519 0.8246
141 0.9107 0.2434 0.8827 0.8439 0.8172
142 0.9172 0.2253 0.8892 0.8599 0.8309
143 0.9223 0.2049 0.8960 0.8553 0.8262
144 0.9246 0.1952 0.8999 0.8561 0.8284
145 0.9284 0.1872 0.9043 0.8567 0.8274
146 0.9200 0.2090 0.8942 0.8559 0.8293
147 0.9254 0.1902 0.8991 0.8550 0.8279
148 0.9245 0.2019 0.8983 0.8515 0.8215
149 0.9217 0.2079 0.8964 0.8484 0.8245
150 0.9168 0.2224 0.8912 0.8558 0.8294
151 0.9179 0.2214 0.8911 0.8611 0.8300
152 0.9241 0.2070 0.8973 0.8615 0.8312
153 0.9241 0.2002 0.8979 0.8574 0.8302
154 0.9241 0.1960 0.9001 0.8582 0.8320
155 0.9302 0.1826 0.9078 0.8572 0.8304
156 0.9299 0.1871 0.9055 0.8552 0.8291
157 0.9262 0.1901 0.9020 0.8567 0.8275
158 0.9224 0.2023 0.8963 0.8605 0.8339
159 0.9221 0.1988 0.8954 0.8577 0.8332
160 0.9229 0.1992 0.8987 0.8624 0.8361
161 0.9250 0.1892 0.9015 0.8596 0.8315
162 0.9272 0.1856 0.9026 0.8594 0.8317
163 0.9311 0.1736 0.9061 0.8594 0.8311
164 0.9289 0.1810 0.9040 0.8601 0.8309
165 0.9344 0.1672 0.9123 0.8604 0.8323
166 0.9284 0.1825 0.9057 0.8597 0.8323
167 0.9301 0.1759 0.9077 0.8588 0.8325
168 0.9315 0.1747 0.9099 0.8580 0.8317
169 0.9323 0.1714 0.9092 0.8541 0.8261
170 0.9282 0.1764 0.9054 0.8554 0.8267
171 0.9347 0.1710 0.9122 0.8547 0.8267
172 0.9297 0.1753 0.9069 0.8540 0.8287
173 0.9337 0.1711 0.9115 0.8532 0.8263
174 0.9348 0.1681 0.9130 0.8562 0.8291
175 0.9340 0.1656 0.9109 0.8568 0.8299
176 0.9293 0.1781 0.9040 0.8557 0.8290
177 0.9298 0.1730 0.9058 0.8600 0.8316
178 0.9269 0.1797 0.9025 0.8604 0.8316
179 0.9320 0.1725 0.9093 0.8576 0.8296
180 0.9288 0.1735 0.9053 0.8596 0.8329
181 0.9326 0.1674 0.9103 0.8604 0.8321
182 0.9302 0.1761 0.9064 0.8552 0.8296
183 0.9305 0.1721 0.9057 0.8541 0.8281
184 0.9352 0.1615 0.9127 0.8557 0.8302
185 0.9324 0.1661 0.9099 0.8551 0.8292
186 0.9313 0.1722 0.9097 0.8559 0.8298
187 0.9337 0.1689 0.9094 0.8542 0.8270
188 0.9319 0.1703 0.9081 0.8576 0.8290
189 0.9326 0.1680 0.9090 0.8549 0.8293
190 0.9329 0.1707 0.9098 0.8542 0.8275
191 0.9305 0.1733 0.9055 0.8520 0.8257
192 0.9324 0.1695 0.9085 0.8545 0.8272
193 0.9352 0.1649 0.9135 0.8561 0.8292
194 0.9316 0.1682 0.9084 0.8570 0.8292
195 0.9293 0.1684 0.9063 0.8543 0.8275
196 0.9362 0.1593 0.9141 0.8576 0.8297
197 0.9358 0.1618 0.9151 0.8542 0.8290
198 0.9355 0.1612 0.9142 0.8561 0.8304
199 0.9315 0.1692 0.9098 0.8559 0.8279
