epoch train_BCELoss train_SoftDiceLoss train_iou train_loss train_mAP val_BCELoss val_SoftDiceLoss val_iou val_loss val_mAP
0 0.3182 0.3083 0.6430 0.6267 0.5789 0.2421 0.5875 0.7060 0.8300 0.6481
1 0.2386 0.2286 0.7107 0.4676 0.6533 0.1995 0.5628 0.7192 0.7629 0.6707
2 0.2317 0.2206 0.7106 0.4527 0.6595 0.1907 0.5582 0.7482 0.7496 0.7025
3 0.2034 0.1909 0.7447 0.3948 0.6949 0.1577 0.5420 0.7687 0.7004 0.7249
4 0.1871 0.1838 0.7520 0.3714 0.7031 0.1995 0.5446 0.7690 0.7449 0.7246
5 0.1610 0.1600 0.7671 0.3216 0.7232 0.1509 0.5298 0.7855 0.6815 0.7435
6 0.1705 0.1664 0.7649 0.3375 0.7179 0.1973 0.5350 0.7805 0.7333 0.7327
7 0.1756 0.1658 0.7653 0.3420 0.7183 0.1749 0.5363 0.7681 0.7121 0.7305
8 0.1875 0.1759 0.7563 0.3641 0.7065 0.1708 0.5473 0.7557 0.7190 0.7133
9 0.1753 0.1580 0.7710 0.3339 0.7260 0.1868 0.5418 0.7598 0.7294 0.7204
10 0.2171 0.1948 0.7479 0.4125 0.7004 0.3397 0.5643 0.7287 0.9046 0.6720
11 0.1786 0.1655 0.7759 0.3449 0.7311 0.1454 0.5186 0.7750 0.6650 0.7374
12 0.1590 0.1495 0.7912 0.3093 0.7501 0.1640 0.5279 0.7881 0.6930 0.7556
13 0.1377 0.1231 0.8075 0.2617 0.7676 0.1566 0.5168 0.7996 0.6745 0.7650
14 0.1234 0.1137 0.8199 0.2381 0.7837 0.1470 0.5060 0.8102 0.6542 0.7781
15 0.1081 0.1106 0.8311 0.2196 0.7937 0.1385 0.5015 0.8125 0.6413 0.7829
16 0.1124 0.1039 0.8290 0.2173 0.7923 0.1451 0.4991 0.8076 0.6454 0.7797
17 0.1281 0.1163 0.8205 0.2454 0.7798 0.1465 0.4995 0.8112 0.6473 0.7804
18 0.1293 0.1203 0.8167 0.2506 0.7756 0.1839 0.5137 0.7933 0.6989 0.7629
19 0.1453 0.1346 0.8042 0.2808 0.7642 0.2067 0.5128 0.7633 0.7208 0.7288
20 0.1560 0.1415 0.7950 0.2984 0.7528 0.2301 0.5413 0.7628 0.7725 0.7203
21 0.1515 0.1394 0.8071 0.2918 0.7663 0.1524 0.5066 0.7937 0.6602 0.7582
22 0.1241 0.1113 0.8221 0.2364 0.7856 0.1548 0.5260 0.7981 0.6818 0.7667
23 0.1077 0.1021 0.8341 0.2108 0.8007 0.1593 0.4913 0.8093 0.6519 0.7769
24 0.0946 0.0851 0.8446 0.1807 0.8094 0.1548 0.4841 0.8163 0.6404 0.7901
25 0.0883 0.0781 0.8533 0.1675 0.8192 0.1498 0.4823 0.8220 0.6335 0.7946
26 0.0907 0.0817 0.8520 0.1735 0.8170 0.1557 0.4833 0.8158 0.6404 0.7883
27 0.1043 0.0919 0.8435 0.1972 0.8101 0.1695 0.4996 0.8088 0.6705 0.7805
28 0.1106 0.0961 0.8347 0.2078 0.7966 0.1767 0.4985 0.8051 0.6765 0.7769
29 0.1250 0.1131 0.8233 0.2392 0.7855 0.2041 0.5066 0.7882 0.7121 0.7578
30 0.1482 0.1318 0.8049 0.2810 0.7658 0.2978 0.5517 0.7481 0.8507 0.7129
31 0.1321 0.1175 0.8172 0.2505 0.7778 0.1890 0.5064 0.7612 0.6966 0.7236
32 0.1134 0.1044 0.8272 0.2189 0.7888 0.1673 0.5039 0.8126 0.6727 0.7850
33 0.0916 0.0847 0.8488 0.1773 0.8149 0.1406 0.4918 0.8203 0.6338 0.7935
34 0.0780 0.0721 0.8547 0.1512 0.8216 0.1445 0.4808 0.8331 0.6268 0.8049
35 0.0759 0.0689 0.8647 0.1459 0.8294 0.1498 0.4827 0.8271 0.6339 0.8024
36 0.0731 0.0682 0.8631 0.1425 0.8292 0.1736 0.4923 0.8199 0.6674 0.7945
37 0.0854 0.0741 0.8562 0.1606 0.8215 0.1797 0.4908 0.8132 0.6720 0.7887
38 0.0907 0.0802 0.8490 0.1720 0.8146 0.1299 0.4823 0.8397 0.6136 0.8078
39 0.1156 0.0995 0.8360 0.2162 0.7978 0.1916 0.5017 0.7972 0.6948 0.7623
40 0.1471 0.1248 0.8005 0.2729 0.7599 0.1702 0.5191 0.7965 0.6904 0.7660
41 0.1198 0.1087 0.8266 0.2297 0.7892 0.2295 0.5315 0.7642 0.7622 0.7243
42 0.1065 0.1009 0.8347 0.2085 0.7981 0.2215 0.5193 0.8025 0.7420 0.7731
43 0.0913 0.0813 0.8500 0.1737 0.8153 0.1541 0.4842 0.8295 0.6399 0.7986
44 0.0781 0.0709 0.8586 0.1503 0.8273 0.1601 0.4829 0.8367 0.6446 0.8085
45 0.0730 0.0660 0.8670 0.1401 0.8337 0.1590 0.4781 0.8402 0.6387 0.8117
46 0.0706 0.0620 0.8697 0.1338 0.8361 0.1736 0.4843 0.8337 0.6595 0.8066
47 0.0812 0.0714 0.8624 0.1538 0.8291 0.1677 0.4878 0.8309 0.6571 0.8044
48 0.0814 0.0742 0.8522 0.1568 0.8160 0.1470 0.4799 0.8169 0.6284 0.7870
49 0.0883 0.0776 0.8491 0.1670 0.8145 0.1854 0.4891 0.7919 0.6760 0.7587
50 0.1209 0.1049 0.8311 0.2269 0.7937 0.4125 0.5004 0.7707 0.9145 0.7381
51 0.1249 0.1125 0.8289 0.2385 0.7907 0.1639 0.4844 0.8163 0.6497 0.7880
52 0.0982 0.0851 0.8483 0.1844 0.8140 0.1468 0.4806 0.8248 0.6290 0.7934
53 0.0798 0.0743 0.8611 0.1553 0.8273 0.1757 0.4797 0.8297 0.6571 0.8037
54 0.0688 0.0627 0.8659 0.1327 0.8344 0.1734 0.4759 0.8307 0.6511 0.8070
55 0.0612 0.0574 0.8711 0.1199 0.8426 0.1630 0.4724 0.8336 0.6372 0.8107
56 0.0645 0.0591 0.8747 0.1248 0.8428 0.1733 0.4735 0.8335 0.6485 0.8095
57 0.0710 0.0623 0.8692 0.1346 0.8372 0.1593 0.4727 0.8367 0.6337 0.8071
58 0.0777 0.0667 0.8694 0.1457 0.8366 0.1685 0.4814 0.8358 0.6517 0.8073
59 0.0971 0.0860 0.8462 0.1843 0.8100 0.1883 0.5047 0.8158 0.6945 0.7874
60 0.1099 0.0980 0.8316 0.2090 0.7950 0.2991 0.5040 0.7900 0.8045 0.7591
61 0.1071 0.0965 0.8435 0.2048 0.8079 0.1706 0.4845 0.8145 0.6568 0.7831
62 0.1115 0.0987 0.8441 0.2113 0.8070 0.1476 0.4899 0.8310 0.6392 0.8005
63 0.0868 0.0776 0.8556 0.1656 0.8208 0.1445 0.4928 0.8315 0.6388 0.8017
64 0.0707 0.0631 0.8765 0.1352 0.8449 0.1736 0.4739 0.8339 0.6493 0.8075
65 0.0670 0.0591 0.8699 0.1274 0.8402 0.1715 0.4737 0.8318 0.6470 0.8054
66 0.0653 0.0600 0.8744 0.1266 0.8433 0.1687 0.4714 0.8402 0.6419 0.8126
67 0.0639 0.0578 0.8747 0.1230 0.8451 0.1781 0.4730 0.8391 0.6527 0.8117
68 0.0738 0.0661 0.8692 0.1412 0.8349 0.1933 0.4874 0.8342 0.6823 0.8035
69 0.1006 0.0864 0.8436 0.1882 0.8094 0.1762 0.4959 0.8113 0.6734 0.7840
70 0.1060 0.0874 0.8503 0.1947 0.8132 0.1962 0.4797 0.8113 0.6776 0.7835
71 0.0764 0.0695 0.8642 0.1471 0.8288 0.1776 0.4781 0.8329 0.6574 0.8029
72 0.0643 0.0587 0.8731 0.1242 0.8414 0.1877 0.4737 0.8249 0.6633 0.7965
73 0.0656 0.0613 0.8711 0.1282 0.8382 0.2119 0.4886 0.8292 0.7021 0.8001
74 0.0584 0.0522 0.8793 0.1119 0.8504 0.1925 0.4743 0.8386 0.6686 0.8149
75 0.0576 0.0518 0.8929 0.1107 0.8628 0.1864 0.4735 0.8381 0.6617 0.8141
76 0.0589 0.0557 0.8826 0.1160 0.8509 0.1735 0.4728 0.8366 0.6481 0.8103
77 0.0537 0.0500 0.8849 0.1050 0.8546 0.1948 0.4687 0.8404 0.6653 0.8144
78 0.0632 0.0576 0.8753 0.1222 0.8438 0.1895 0.4789 0.8371 0.6702 0.8085
79 0.0687 0.0594 0.8709 0.1295 0.8381 0.1917 0.4929 0.8249 0.6861 0.7983
80 0.0984 0.0846 0.8488 0.1841 0.8144 0.2071 0.5256 0.7786 0.7340 0.7452
81 0.0942 0.0817 0.8482 0.1771 0.8127 0.1963 0.4995 0.8151 0.6972 0.7862
82 0.0846 0.0760 0.8589 0.1619 0.8253 0.1672 0.4823 0.8390 0.6512 0.8125
83 0.0703 0.0626 0.8734 0.1342 0.8434 0.1591 0.4767 0.8453 0.6376 0.8169
84 0.0542 0.0492 0.8833 0.1048 0.8540 0.1742 0.4692 0.8355 0.6453 0.8076
85 0.0532 0.0472 0.8848 0.1018 0.8558 0.1727 0.4708 0.8369 0.6454 0.8100
86 0.0528 0.0477 0.8869 0.1020 0.8584 0.1910 0.4716 0.8337 0.6644 0.8059
87 0.0580 0.0518 0.8795 0.1112 0.8512 0.1970 0.4724 0.8262 0.6714 0.8002
88 0.0680 0.0599 0.8764 0.1292 0.8442 0.2121 0.4851 0.8233 0.6990 0.7972
89 0.0757 0.0680 0.8646 0.1450 0.8326 0.2297 0.4883 0.8127 0.7197 0.7768
90 0.0846 0.0731 0.8608 0.1590 0.8275 0.2292 0.4994 0.8145 0.7303 0.7862
91 0.0956 0.0842 0.8479 0.1811 0.8130 0.1813 0.4808 0.8273 0.6639 0.7976
92 0.0814 0.0726 0.8616 0.1552 0.8290 0.1892 0.4809 0.8275 0.6719 0.8011
93 0.0653 0.0606 0.8735 0.1272 0.8425 0.1944 0.4731 0.8331 0.6695 0.8066
94 0.0610 0.0561 0.8813 0.1185 0.8492 0.1973 0.4747 0.8349 0.6738 0.8083
95 0.0549 0.0516 0.8780 0.1079 0.8483 0.1804 0.4675 0.8421 0.6498 0.8118
96 0.0512 0.0473 0.8858 0.0999 0.8561 0.2021 0.4702 0.8357 0.6743 0.8089
97 0.0550 0.0482 0.8837 0.1046 0.8544 0.1950 0.4662 0.8398 0.6632 0.8136
98 0.0592 0.0551 0.8772 0.1156 0.8477 0.1959 0.5001 0.8178 0.6975 0.7870
99 0.0774 0.0663 0.8607 0.1451 0.8273 0.1471 0.4786 0.8428 0.6275 0.8136
100 0.0807 0.0707 0.8643 0.1526 0.8303 0.2380 0.5150 0.8067 0.7544 0.7794
101 0.0817 0.0714 0.8656 0.1544 0.8327 0.2330 0.4988 0.8285 0.7335 0.8017
102 0.0790 0.0707 0.8625 0.1510 0.8290 0.2030 0.4900 0.8188 0.6947 0.7934
103 0.0651 0.0586 0.8823 0.1251 0.8510 0.2052 0.4835 0.8363 0.6904 0.8115
104 0.0546 0.0476 0.8844 0.1036 0.8551 0.2043 0.4729 0.8360 0.6791 0.8117
105 0.0509 0.0477 0.8920 0.1000 0.8628 0.1975 0.4711 0.8378 0.6705 0.8143
106 0.0524 0.0474 0.8901 0.1012 0.8605 0.1931 0.4711 0.8389 0.6661 0.8142
107 0.0520 0.0445 0.8864 0.0979 0.8586 0.1981 0.4717 0.8382 0.6716 0.8118
108 0.0572 0.0504 0.8802 0.1091 0.8495 0.2099 0.4819 0.8283 0.6935 0.8002
109 0.0568 0.0518 0.8796 0.1100 0.8485 0.1967 0.4899 0.8236 0.6883 0.7996
110 0.0730 0.0665 0.8643 0.1408 0.8298 0.2217 0.4885 0.7910 0.7120 0.7565
111 0.0853 0.0754 0.8573 0.1620 0.8228 0.2065 0.4821 0.8049 0.6905 0.7768
112 0.0815 0.0736 0.8568 0.1564 0.8241 0.1900 0.4770 0.8317 0.6688 0.8087
113 0.0593 0.0543 0.8754 0.1150 0.8451 0.2030 0.4874 0.8296 0.6921 0.8041
114 0.0499 0.0448 0.8868 0.0962 0.8597 0.1817 0.4642 0.8496 0.6478 0.8238
115 0.0486 0.0463 0.8882 0.0963 0.8593 0.1804 0.4640 0.8473 0.6463 0.8215
116 0.0484 0.0455 0.8915 0.0953 0.8619 0.2043 0.4659 0.8450 0.6720 0.8206
117 0.0587 0.0539 0.8769 0.1140 0.8452 0.1845 0.4717 0.8342 0.6580 0.8083
118 0.0568 0.0487 0.8863 0.1069 0.8574 0.1840 0.4687 0.8383 0.6545 0.8108
119 0.0705 0.0626 0.8759 0.1345 0.8454 0.2740 0.5047 0.7960 0.7802 0.7558
120 0.0752 0.0665 0.8717 0.1430 0.8394 0.1751 0.5063 0.8234 0.6828 0.7944
121 0.0695 0.0611 0.8734 0.1319 0.8411 0.2134 0.4760 0.8364 0.6912 0.8106
122 0.0580 0.0519 0.8813 0.1114 0.8511 0.3170 0.5069 0.7983 0.8256 0.7687
123 0.0637 0.0558 0.8770 0.1210 0.8476 0.1712 0.4718 0.8448 0.6448 0.8196
124 0.0468 0.0434 0.8911 0.0916 0.8655 0.1954 0.4653 0.8518 0.6626 0.8270
125 0.0492 0.0425 0.8954 0.0932 0.8665 0.1916 0.4641 0.8536 0.6577 0.8285
126 0.0476 0.0443 0.8898 0.0933 0.8608 0.1878 0.4647 0.8517 0.6544 0.8291
127 0.0458 0.0419 0.8917 0.0891 0.8633 0.1871 0.4645 0.8531 0.6536 0.8254
128 0.0604 0.0541 0.8831 0.1159 0.8522 0.1701 0.4700 0.8406 0.6419 0.8114
129 0.0577 0.0518 0.8785 0.1108 0.8485 0.2069 0.4819 0.8255 0.6904 0.7994
130 0.0882 0.0798 0.8588 0.1693 0.8236 0.2708 0.5134 0.7811 0.7859 0.7382
131 0.0796 0.0699 0.8612 0.1509 0.8273 0.2664 0.4906 0.8093 0.7587 0.7798
132 0.0610 0.0536 0.8746 0.1160 0.8438 0.1981 0.4740 0.8349 0.6739 0.8052
133 0.0560 0.0514 0.8837 0.1088 0.8547 0.1857 0.4814 0.8333 0.6689 0.8050
134 0.0479 0.0444 0.8914 0.0938 0.8629 0.1813 0.4658 0.8444 0.6491 0.8162
135 0.0430 0.0401 0.8930 0.0846 0.8632 0.1806 0.4675 0.8497 0.6501 0.8240
136 0.0448 0.0415 0.8962 0.0879 0.8695 0.1665 0.4683 0.8496 0.6368 0.8202
137 0.0455 0.0433 0.8920 0.0902 0.8632 0.1909 0.4817 0.8323 0.6745 0.8058
138 0.0553 0.0503 0.8811 0.1070 0.8507 0.1956 0.5005 0.8248 0.6978 0.7976
139 0.0566 0.0507 0.8789 0.1088 0.8517 0.2485 0.4889 0.8267 0.7391 0.8047
140 0.0887 0.0736 0.8634 0.1636 0.8316 0.2094 0.4925 0.8014 0.7035 0.7651
141 0.0858 0.0770 0.8576 0.1641 0.8247 0.1630 0.4834 0.8440 0.6481 0.8132
142 0.0678 0.0614 0.8723 0.1306 0.8407 0.2284 0.5058 0.8010 0.7357 0.7725
143 0.0575 0.0536 0.8772 0.1126 0.8484 0.2053 0.4652 0.8475 0.6723 0.8171
144 0.0466 0.0434 0.8909 0.0915 0.8620 0.2155 0.4737 0.8424 0.6910 0.8150
145 0.0462 0.0429 0.8926 0.0906 0.8659 0.2098 0.4678 0.8440 0.6796 0.8150
146 0.0483 0.0449 0.8967 0.0947 0.8664 0.2178 0.4647 0.8459 0.6846 0.8181
147 0.0499 0.0449 0.8846 0.0963 0.8551 0.2043 0.4675 0.8495 0.6738 0.8232
148 0.0481 0.0434 0.8918 0.0929 0.8632 0.1913 0.4799 0.8399 0.6730 0.8125
149 0.0532 0.0476 0.8848 0.1022 0.8556 0.2384 0.4869 0.8292 0.7271 0.7980
