epoch train_BCELoss train_SoftDiceLoss train_iou train_loss train_mAP val_BCELoss val_SoftDiceLoss val_iou val_loss val_mAP
0 0.3464 0.4462 0.6273 1.1600 0.5615 0.2926 0.6716 0.6558 0.9906 0.6099
1 0.2782 0.3752 0.7050 0.8816 0.6498 0.2750 0.6479 0.6694 0.8786 0.6198
2 0.2435 0.3356 0.7440 0.7675 0.6926 0.2615 0.6200 0.7389 0.8297 0.6981
3 0.2248 0.3122 0.7593 0.7260 0.7095 0.2104 0.5973 0.7513 0.7004 0.7120
4 0.2007 0.2790 0.7819 0.6491 0.7355 0.2070 0.5882 0.7785 0.6333 0.7379
5 0.1875 0.2726 0.7933 0.5935 0.7456 0.1922 0.5822 0.7799 0.6304 0.7403
6 0.1830 0.2593 0.7890 0.6091 0.7472 0.1891 0.5774 0.7771 0.6200 0.7430
7 0.1906 0.2628 0.7959 0.6262 0.7545 0.2084 0.5839 0.7735 0.6563 0.7370
8 0.2079 0.2906 0.7709 0.6957 0.7301 0.1982 0.5820 0.7782 0.6337 0.7399
9 0.1978 0.2726 0.7788 0.6579 0.7377 0.1936 0.5637 0.7862 0.6699 0.7517
10 0.1998 0.2742 0.7800 0.6550 0.7358 0.2301 0.5998 0.7182 0.8217 0.6668
11 0.2028 0.2757 0.7908 0.6481 0.7486 0.1916 0.5804 0.7797 0.6474 0.7460
12 0.1811 0.2514 0.8057 0.5934 0.7676 0.1779 0.5648 0.8037 0.5717 0.7722
13 0.1590 0.2243 0.8218 0.5215 0.7834 0.1700 0.5566 0.7956 0.5825 0.7614
14 0.1471 0.2101 0.8340 0.4882 0.7982 0.1556 0.5479 0.8181 0.5304 0.7881
15 0.1366 0.1961 0.8371 0.4707 0.8012 0.1495 0.5403 0.8225 0.5199 0.7911
16 0.1316 0.1927 0.8413 0.4522 0.8052 0.1515 0.5344 0.8337 0.5219 0.8020
17 0.1408 0.1988 0.8388 0.4835 0.8010 0.1806 0.5555 0.7859 0.6366 0.7572
18 0.1596 0.2250 0.8234 0.5340 0.7847 0.1774 0.5579 0.8082 0.5875 0.7767
19 0.1642 0.2276 0.8225 0.5481 0.7819 0.1766 0.5701 0.7920 0.6105 0.7620
20 0.1769 0.2426 0.8100 0.5937 0.7717 0.2143 0.5851 0.7676 0.6846 0.7404
21 0.1633 0.2281 0.8179 0.5452 0.7802 0.1808 0.5611 0.8076 0.5824 0.7779
22 0.1381 0.1922 0.8367 0.4834 0.8014 0.1830 0.5632 0.7946 0.6421 0.7644
23 0.1361 0.1976 0.8381 0.4664 0.8020 0.1552 0.5358 0.8133 0.5595 0.7826
24 0.1194 0.1729 0.8494 0.4219 0.8132 0.1419 0.5295 0.8311 0.5080 0.8042
25 0.1104 0.1629 0.8567 0.3907 0.8215 0.1434 0.5310 0.8310 0.5167 0.8050
26 0.1074 0.1539 0.8614 0.3903 0.8246 0.1502 0.5281 0.8333 0.5402 0.7998
27 0.1164 0.1667 0.8528 0.4136 0.8158 0.1628 0.5318 0.8270 0.5640 0.7964
28 0.1199 0.1696 0.8446 0.4362 0.8079 0.1761 0.5447 0.8158 0.5849 0.7822
29 0.1462 0.2019 0.8365 0.4936 0.7995 0.1619 0.5555 0.8007 0.5850 0.7698
30 0.1606 0.2226 0.8180 0.5467 0.7801 0.1962 0.5602 0.7926 0.6481 0.7519
31 0.1482 0.2081 0.8351 0.5019 0.7986 0.1714 0.5419 0.7954 0.6281 0.7648
32 0.1263 0.1801 0.8472 0.4388 0.8139 0.1759 0.5284 0.8332 0.5874 0.7978
33 0.1194 0.1686 0.8524 0.4209 0.8180 0.1535 0.5334 0.8285 0.5493 0.7998
34 0.1022 0.1477 0.8622 0.3823 0.8287 0.1451 0.5147 0.8381 0.5161 0.8085
35 0.0965 0.1406 0.8683 0.3556 0.8329 0.1422 0.5181 0.8451 0.5013 0.8144
36 0.0992 0.1439 0.8694 0.3600 0.8343 0.1366 0.5153 0.8506 0.4917 0.8203
37 0.1014 0.1465 0.8651 0.3736 0.8326 0.1713 0.5303 0.8286 0.6247 0.7956
38 0.1095 0.1557 0.8568 0.3969 0.8196 0.1562 0.5367 0.8273 0.5321 0.7947
39 0.1234 0.1731 0.8535 0.4336 0.8144 0.1721 0.5438 0.8258 0.5684 0.7805
40 0.1372 0.1912 0.8373 0.4814 0.7987 0.3631 0.6106 0.6728 1.2821 0.6319
41 0.1278 0.1779 0.8481 0.4449 0.8104 0.1565 0.5494 0.8215 0.5414 0.7929
42 0.1151 0.1642 0.8546 0.4133 0.8197 0.1522 0.5223 0.8316 0.5446 0.8031
43 0.0979 0.1405 0.8711 0.3623 0.8377 0.1508 0.5225 0.8467 0.5014 0.8129
44 0.0895 0.1326 0.8786 0.3311 0.8446 0.1305 0.5146 0.8406 0.4815 0.8102
45 0.0832 0.1244 0.8766 0.3234 0.8434 0.1334 0.5152 0.8385 0.4913 0.8094
46 0.0795 0.1161 0.8798 0.3218 0.8469 0.1409 0.5144 0.8394 0.5084 0.8112
47 0.0901 0.1291 0.8780 0.3383 0.8446 0.1398 0.5093 0.8445 0.5185 0.8172
48 0.0953 0.1359 0.8701 0.3616 0.8362 0.1586 0.5313 0.8377 0.5308 0.8031
49 0.1089 0.1531 0.8598 0.4031 0.8233 0.1780 0.5568 0.8034 0.6033 0.7718
50 0.1456 0.2027 0.8305 0.5030 0.7918 0.1770 0.5721 0.7674 0.6752 0.7377
51 0.1216 0.1734 0.8524 0.4347 0.8163 0.1510 0.5405 0.8198 0.5274 0.7928
52 0.1027 0.1493 0.8656 0.3802 0.8276 0.1672 0.5209 0.8321 0.6047 0.8018
53 0.0871 0.1293 0.8766 0.3388 0.8407 0.1530 0.5170 0.8377 0.5421 0.8066
54 0.0814 0.1169 0.8883 0.3068 0.8532 0.1470 0.5119 0.8439 0.5479 0.8142
55 0.0731 0.1070 0.8829 0.3039 0.8462 0.1404 0.5048 0.8516 0.5188 0.8213
56 0.0725 0.1068 0.8868 0.3006 0.8533 0.1550 0.5059 0.8520 0.5400 0.8215
57 0.0793 0.1115 0.8807 0.3192 0.8466 0.1823 0.5182 0.8407 0.5908 0.8090
58 0.0876 0.1265 0.8811 0.3340 0.8464 0.1578 0.5083 0.8393 0.5674 0.8085
59 0.1002 0.1409 0.8660 0.3735 0.8315 0.2794 0.5442 0.7868 0.9368 0.7454
60 0.1216 0.1734 0.8491 0.4398 0.8120 0.1730 0.5483 0.8209 0.5622 0.7895
61 0.1229 0.1725 0.8530 0.4277 0.8143 0.2035 0.5292 0.8269 0.6800 0.7934
62 0.1000 0.1431 0.8672 0.3719 0.8314 0.1677 0.5191 0.8317 0.5622 0.8038
63 0.0890 0.1271 0.8794 0.3292 0.8470 0.1756 0.5063 0.8435 0.5938 0.8120
64 0.0752 0.1079 0.8880 0.3011 0.8555 0.1702 0.5088 0.8432 0.5766 0.8161
65 0.0685 0.1008 0.8883 0.2847 0.8554 0.1677 0.5083 0.8495 0.5647 0.8195
66 0.0695 0.1046 0.8887 0.2884 0.8562 0.1816 0.5058 0.8495 0.6034 0.8212
67 0.0726 0.1043 0.8898 0.2912 0.8570 0.1839 0.5150 0.8441 0.6094 0.8145
68 0.0804 0.1158 0.8800 0.3246 0.8471 0.1851 0.5323 0.8295 0.6502 0.7972
69 0.1004 0.1412 0.8663 0.3748 0.8337 0.1821 0.5356 0.8328 0.6172 0.7999
70 0.1095 0.1546 0.8592 0.4009 0.8234 0.1612 0.5168 0.8152 0.6032 0.7837
71 0.1047 0.1463 0.8633 0.3889 0.8297 0.1581 0.5248 0.8224 0.5593 0.7871
72 0.0924 0.1376 0.8782 0.3458 0.8455 0.1555 0.5181 0.8312 0.5577 0.8031
73 0.0777 0.1120 0.8879 0.3057 0.8538 0.1713 0.5154 0.8407 0.5939 0.8114
74 0.0683 0.0996 0.8887 0.2844 0.8561 0.1558 0.5035 0.8514 0.5536 0.8209
75 0.0607 0.0872 0.9004 0.2629 0.8670 0.1567 0.5007 0.8504 0.5580 0.8227
76 0.0621 0.0908 0.8986 0.2627 0.8662 0.1554 0.4971 0.8485 0.5625 0.8216
77 0.0664 0.0952 0.8937 0.2788 0.8619 0.1628 0.5086 0.8414 0.5794 0.8129
78 0.0661 0.0954 0.8923 0.2761 0.8594 0.1647 0.5211 0.8202 0.5983 0.7922
79 0.0792 0.1139 0.8837 0.3169 0.8470 0.2111 0.5258 0.8325 0.7527 0.7957
80 0.0924 0.1313 0.8673 0.3684 0.8313 0.2223 0.5324 0.8142 0.7323 0.7792
81 0.1103 0.1531 0.8592 0.4029 0.8225 0.1725 0.5230 0.8321 0.5763 0.7962
82 0.0757 0.1092 0.8836 0.3088 0.8504 0.1836 0.5219 0.8311 0.6136 0.8016
83 0.0773 0.1117 0.8883 0.2987 0.8544 0.1808 0.5016 0.8386 0.6463 0.8094
84 0.0617 0.0896 0.8942 0.2707 0.8613 0.1675 0.4986 0.8502 0.5833 0.8191
85 0.0583 0.0871 0.8976 0.2509 0.8652 0.1705 0.5012 0.8479 0.5931 0.8186
86 0.0557 0.0807 0.9026 0.2473 0.8713 0.1726 0.4934 0.8470 0.5991 0.8225
87 0.0587 0.0847 0.8993 0.2524 0.8675 0.2158 0.4984 0.8513 0.6923 0.8188
88 0.0640 0.0910 0.8886 0.2814 0.8540 0.1487 0.5072 0.8325 0.5580 0.8070
89 0.0780 0.1093 0.8837 0.3126 0.8511 0.1681 0.5167 0.8378 0.5886 0.8061
90 0.1074 0.1502 0.8586 0.4023 0.8228 0.1699 0.5231 0.8374 0.5877 0.8050
91 0.0961 0.1364 0.8672 0.3694 0.8342 0.1582 0.5204 0.8232 0.5776 0.7894
92 0.0781 0.1113 0.8845 0.3118 0.8501 0.1519 0.5059 0.8444 0.5287 0.8155
93 0.0731 0.1077 0.8866 0.2925 0.8533 0.1716 0.5049 0.8541 0.5728 0.8232
94 0.0613 0.0884 0.8973 0.2619 0.8638 0.1864 0.4998 0.8603 0.6100 0.8339
95 0.0569 0.0827 0.9047 0.2484 0.8744 0.1789 0.4974 0.8622 0.5877 0.8358
96 0.0532 0.0766 0.9043 0.2393 0.8721 0.1946 0.4971 0.8536 0.6323 0.8261
97 0.0556 0.0784 0.8991 0.2526 0.8686 0.1943 0.4969 0.8587 0.6328 0.8281
98 0.0641 0.0918 0.8936 0.2735 0.8602 0.1443 0.5033 0.8400 0.5378 0.8112
99 0.0875 0.1269 0.8701 0.3473 0.8335 0.1794 0.5141 0.8397 0.6495 0.8013
100 0.0803 0.1130 0.8840 0.3179 0.8490 0.2239 0.5242 0.8222 0.7318 0.7960
101 0.0813 0.1184 0.8794 0.3262 0.8446 0.1792 0.5199 0.8162 0.6664 0.7875
102 0.0713 0.1021 0.8871 0.2921 0.8530 0.1930 0.5230 0.8338 0.6805 0.8022
103 0.0601 0.0873 0.8961 0.2617 0.8630 0.2210 0.5028 0.8370 0.7421 0.8083
104 0.0555 0.0785 0.9034 0.2424 0.8721 0.2077 0.4954 0.8524 0.6709 0.8222
105 0.0498 0.0716 0.9039 0.2273 0.8746 0.2136 0.4984 0.8510 0.6889 0.8201
106 0.0472 0.0677 0.9088 0.2238 0.8780 0.2172 0.4940 0.8549 0.6917 0.8240
107 0.0492 0.0706 0.9008 0.2364 0.8704 0.2321 0.4991 0.8490 0.7495 0.8210
108 0.0562 0.0802 0.8983 0.2633 0.8667 0.1709 0.5124 0.8328 0.6101 0.8028
109 0.0712 0.1003 0.8906 0.2939 0.8549 0.1978 0.5188 0.8229 0.6790 0.7936
110 0.0902 0.1262 0.8713 0.3503 0.8363 0.1770 0.5302 0.8234 0.6277 0.7887
111 0.0835 0.1197 0.8733 0.3422 0.8383 0.2035 0.5689 0.7602 0.7292 0.7082
112 0.0780 0.1093 0.8862 0.3110 0.8513 0.1797 0.5287 0.8282 0.6121 0.7906
113 0.0619 0.0929 0.8932 0.2664 0.8607 0.2070 0.4918 0.8462 0.6799 0.8169
114 0.0522 0.0752 0.8981 0.2431 0.8683 0.1948 0.4954 0.8529 0.6466 0.8243
115 0.0514 0.0728 0.9080 0.2344 0.8763 0.1899 0.4947 0.8536 0.6265 0.8250
116 0.0523 0.0739 0.9038 0.2342 0.8727 0.1863 0.4955 0.8482 0.6437 0.8255
117 0.0494 0.0684 0.9035 0.2312 0.8714 0.1767 0.4971 0.8430 0.6096 0.8166
118 0.0635 0.0896 0.8987 0.2657 0.8668 0.1898 0.5109 0.8354 0.6483 0.8018
119 0.0662 0.0959 0.8896 0.2864 0.8562 0.2151 0.4950 0.8387 0.7560 0.8089
120 0.0870 0.1201 0.8772 0.3394 0.8439 0.3254 0.5646 0.7736 1.0415 0.7343
121 0.0856 0.1227 0.8799 0.3272 0.8451 0.1606 0.5087 0.8380 0.5862 0.8063
122 0.0713 0.1015 0.8865 0.2938 0.8532 0.1772 0.4960 0.8509 0.6129 0.8234
123 0.0581 0.0833 0.8940 0.2647 0.8617 0.1867 0.4975 0.8575 0.6181 0.8268
124 0.0525 0.0746 0.9068 0.2344 0.8747 0.1857 0.4924 0.8542 0.6265 0.8263
125 0.0493 0.0707 0.9025 0.2346 0.8727 0.1873 0.4920 0.8558 0.6319 0.8276
126 0.0483 0.0682 0.9137 0.2168 0.8834 0.1971 0.4871 0.8578 0.6508 0.8321
127 0.0521 0.0753 0.9064 0.2339 0.8768 0.1952 0.4889 0.8518 0.6529 0.8236
128 0.0532 0.0725 0.9071 0.2369 0.8733 0.1656 0.4976 0.8517 0.5919 0.8220
129 0.0635 0.0908 0.8959 0.2711 0.8636 0.1706 0.5061 0.8447 0.6069 0.8215
130 0.0735 0.1050 0.8866 0.3008 0.8523 0.2417 0.5091 0.8127 0.8581 0.7844
131 0.0792 0.1103 0.8828 0.3200 0.8495 0.1583 0.5336 0.8352 0.5234 0.8071
132 0.0619 0.0899 0.8911 0.2715 0.8597 0.1900 0.5119 0.8384 0.6467 0.8091
133 0.0591 0.0823 0.9047 0.2415 0.8739 0.1521 0.4934 0.8537 0.5510 0.8285
134 0.0515 0.0724 0.9081 0.2249 0.8780 0.1876 0.4898 0.8553 0.6330 0.8275
135 0.0465 0.0668 0.9088 0.2242 0.8810 0.1842 0.4925 0.8538 0.6192 0.8279
136 0.0442 0.0622 0.9118 0.2129 0.8809 0.1862 0.4917 0.8573 0.6269 0.8325
137 0.0495 0.0669 0.9056 0.2253 0.8737 0.1565 0.4947 0.8534 0.5584 0.8279
138 0.0548 0.0779 0.9035 0.2437 0.8757 0.1820 0.5121 0.8204 0.6930 0.7959
139 0.0598 0.0863 0.8961 0.2649 0.8618 0.2153 0.5118 0.8435 0.7175 0.8131
140 0.0741 0.1019 0.8913 0.2930 0.8564 0.1966 0.5347 0.8257 0.6659 0.7946
141 0.0664 0.0953 0.8898 0.2814 0.8575 0.1756 0.5091 0.8366 0.6080 0.8077
142 0.0607 0.0850 0.9024 0.2552 0.8694 0.1536 0.5040 0.8431 0.5585 0.8147
143 0.0505 0.0719 0.9037 0.2329 0.8704 0.1772 0.4859 0.8557 0.5994 0.8230
144 0.0467 0.0654 0.9138 0.2102 0.8835 0.1983 0.4807 0.8594 0.6619 0.8302
145 0.0440 0.0620 0.9108 0.2111 0.8807 0.1989 0.4807 0.8613 0.6531 0.8332
146 0.0435 0.0618 0.9126 0.2084 0.8832 0.1907 0.4805 0.8655 0.6324 0.8351
147 0.0433 0.0610 0.9086 0.2102 0.8781 0.2110 0.4812 0.8594 0.6789 0.8321
148 0.0512 0.0715 0.9070 0.2313 0.8760 0.2656 0.5013 0.8349 0.8543 0.8026
149 0.0669 0.0929 0.8952 0.2785 0.8627 0.1592 0.5115 0.8329 0.5928 0.7998
150 0.0668 0.0935 0.8879 0.2885 0.8547 0.1680 0.5207 0.8293 0.5966 0.7941
151 0.0601 0.0842 0.8964 0.2702 0.8644 0.2079 0.5125 0.8154 0.8130 0.7894
152 0.0639 0.0897 0.8943 0.2696 0.8606 0.1608 0.4897 0.8509 0.5895 0.8213
153 0.0541 0.0774 0.9007 0.2446 0.8713 0.1672 0.5018 0.8460 0.6289 0.8178
154 0.0467 0.0670 0.9048 0.2232 0.8747 0.1796 0.4882 0.8520 0.6341 0.8248
155 0.0451 0.0635 0.9103 0.2109 0.8795 0.1746 0.4888 0.8495 0.6175 0.8204
156 0.0421 0.0597 0.9107 0.2061 0.8798 0.1945 0.4917 0.8499 0.6686 0.8204
157 0.0428 0.0601 0.9121 0.2065 0.8807 0.1818 0.4905 0.8532 0.6276 0.8268
158 0.0414 0.0580 0.9095 0.2075 0.8782 0.2505 0.4914 0.8418 0.8144 0.8123
159 0.0511 0.0694 0.9113 0.2272 0.8789 0.2307 0.5026 0.8193 0.7687 0.7909
160 0.0813 0.1090 0.8819 0.3236 0.8492 0.2024 0.5705 0.7767 0.7119 0.7333
161 0.0808 0.1120 0.8804 0.3265 0.8453 0.2206 0.5640 0.8053 0.7104 0.7607
162 0.0683 0.0952 0.8923 0.2816 0.8606 0.1522 0.5019 0.8517 0.5864 0.8244
163 0.0540 0.0758 0.9058 0.2359 0.8737 0.1424 0.4894 0.8575 0.5510 0.8291
164 0.0470 0.0675 0.9139 0.2111 0.8837 0.1932 0.4872 0.8577 0.6648 0.8303
165 0.0435 0.0620 0.9128 0.2086 0.8821 0.1816 0.4892 0.8588 0.6406 0.8299
166 0.0449 0.0651 0.9111 0.2141 0.8803 0.1594 0.4818 0.8596 0.5964 0.8308
167 0.0427 0.0596 0.9151 0.2012 0.8853 0.1666 0.4914 0.8625 0.6096 0.8314
168 0.0457 0.0641 0.9103 0.2194 0.8800 0.1625 0.4951 0.8547 0.5912 0.8215
169 0.0612 0.0835 0.8995 0.2575 0.8673 0.1503 0.4995 0.8415 0.6144 0.8138
170 0.0592 0.0838 0.8971 0.2633 0.8615 0.1865 0.5073 0.8337 0.6740 0.8038
171 0.0554 0.0822 0.9003 0.2514 0.8685 0.1735 0.5035 0.8533 0.6173 0.8216
172 0.0519 0.0744 0.9032 0.2340 0.8712 0.1795 0.4937 0.8580 0.6312 0.8284
173 0.0432 0.0626 0.9069 0.2176 0.8761 0.1991 0.4936 0.8571 0.6941 0.8310
174 0.0418 0.0604 0.9111 0.2075 0.8816 0.2149 0.4881 0.8590 0.7013 0.8302
175 0.0404 0.0588 0.9143 0.1945 0.8844 0.2175 0.4871 0.8579 0.7157 0.8300
176 0.0382 0.0558 0.9165 0.1886 0.8880 0.2348 0.4862 0.8522 0.7587 0.8261
177 0.0367 0.0516 0.9139 0.1928 0.8832 0.2517 0.4810 0.8618 0.8169 0.8364
178 0.0400 0.0563 0.9136 0.2013 0.8846 0.2134 0.4871 0.8528 0.7188 0.8236
179 0.0561 0.0801 0.8990 0.2536 0.8665 0.1699 0.5204 0.8338 0.6178 0.8002
180 0.0946 0.1308 0.8787 0.3521 0.8444 0.1757 0.5183 0.8297 0.6309 0.7970
181 0.0678 0.0947 0.8876 0.2968 0.8558 0.1691 0.5257 0.8271 0.5877 0.7996
182 0.0612 0.0887 0.8987 0.2556 0.8677 0.1912 0.4967 0.8494 0.6723 0.8221
183 0.0497 0.0707 0.9080 0.2261 0.8781 0.1898 0.4935 0.8563 0.6586 0.8257
184 0.0427 0.0627 0.9132 0.2008 0.8830 0.1951 0.4795 0.8598 0.6648 0.8359
185 0.0387 0.0553 0.9159 0.1968 0.8877 0.2005 0.4837 0.8567 0.6760 0.8311
186 0.0395 0.0562 0.9143 0.1962 0.8848 0.2107 0.4858 0.8558 0.7051 0.8325
187 0.0397 0.0560 0.9155 0.1952 0.8855 0.1957 0.4881 0.8486 0.6815 0.8255
188 0.0491 0.0696 0.9124 0.2184 0.8835 0.2481 0.4926 0.8229 0.8434 0.7957
189 0.0714 0.0960 0.8945 0.2822 0.8622 0.1705 0.4932 0.8450 0.6228 0.8172
190 0.0634 0.0884 0.8949 0.2712 0.8622 0.2211 0.5324 0.8107 0.7567 0.7858
191 0.0569 0.0800 0.9026 0.2482 0.8696 0.1574 0.5002 0.8489 0.5662 0.8194
192 0.0501 0.0702 0.9106 0.2232 0.8801 0.2335 0.5109 0.8303 0.8042 0.8047
193 0.0486 0.0694 0.9092 0.2220 0.8788 0.1830 0.5020 0.8424 0.6502 0.8138
194 0.0410 0.0584 0.9167 0.1933 0.8881 0.2348 0.4869 0.8504 0.7776 0.8224
195 0.0391 0.0548 0.9192 0.1902 0.8921 0.2172 0.4876 0.8510 0.7345 0.8232
196 0.0386 0.0548 0.9167 0.1922 0.8867 0.2262 0.4847 0.8499 0.7452 0.8219
197 0.0393 0.0541 0.9193 0.1874 0.8900 0.2212 0.4924 0.8493 0.7284 0.8231
198 0.0376 0.0527 0.9177 0.1892 0.8890 0.2399 0.4900 0.8381 0.8192 0.8133
199 0.0463 0.0674 0.9054 0.2282 0.8767 0.1993 0.5040 0.8375 0.6831 0.8090
200 0.0558 0.0782 0.8996 0.2519 0.8668 0.2389 0.5009 0.8419 0.8116 0.8117
201 0.0563 0.0807 0.8984 0.2554 0.8682 0.2684 0.4884 0.8379 0.8674 0.8089
202 0.0577 0.0801 0.8982 0.2516 0.8665 0.2185 0.4943 0.8429 0.7252 0.8149
203 0.0463 0.0641 0.9123 0.2179 0.8826 0.1892 0.5198 0.8262 0.6804 0.7954
204 0.0389 0.0552 0.9202 0.1923 0.8929 0.2056 0.4835 0.8531 0.6800 0.8280
205 0.0393 0.0568 0.9180 0.1869 0.8901 0.2195 0.4842 0.8528 0.7222 0.8285
206 0.0368 0.0523 0.9199 0.1870 0.8912 0.2254 0.4825 0.8537 0.7416 0.8278
207 0.0379 0.0515 0.9182 0.1892 0.8891 0.2428 0.4817 0.8567 0.8200 0.8290
208 0.0423 0.0574 0.9133 0.2038 0.8823 0.1967 0.4920 0.8491 0.6724 0.8201
209 0.0451 0.0642 0.9113 0.2117 0.8800 0.2366 0.4943 0.8523 0.7821 0.8228
210 0.0545 0.0758 0.9056 0.2433 0.8753 0.2496 0.5023 0.8363 0.8197 0.8034
211 0.0517 0.0722 0.9061 0.2363 0.8757 0.2192 0.5026 0.8404 0.7701 0.8125
212 0.0426 0.0612 0.9112 0.2083 0.8816 0.2419 0.4987 0.8527 0.7814 0.8220
213 0.0406 0.0567 0.9163 0.1954 0.8878 0.2371 0.4880 0.8587 0.7628 0.8300
214 0.0370 0.0520 0.9202 0.1872 0.8906 0.1967 0.4898 0.8579 0.6687 0.8293
215 0.0342 0.0486 0.9205 0.1758 0.8902 0.2149 0.4903 0.8575 0.7082 0.8298
216 0.0332 0.0476 0.9245 0.1727 0.8973 0.1868 0.4881 0.8578 0.6440 0.8293
217 0.0330 0.0460 0.9235 0.1703 0.8957 0.2337 0.4814 0.8596 0.7543 0.8315
218 0.0395 0.0534 0.9196 0.1922 0.8906 0.1640 0.4940 0.8609 0.6092 0.8309
219 0.0454 0.0623 0.9146 0.2088 0.8825 0.2006 0.4840 0.8508 0.7007 0.8191
220 0.0539 0.0745 0.8992 0.2507 0.8668 0.1568 0.5049 0.8449 0.5694 0.8161
221 0.0546 0.0787 0.8995 0.2461 0.8685 0.2204 0.5293 0.8290 0.7637 0.7912
222 0.0578 0.0811 0.9042 0.2411 0.8725 0.1661 0.4942 0.8362 0.6062 0.8066
223 0.0457 0.0630 0.9126 0.2110 0.8824 0.1844 0.4862 0.8530 0.6550 0.8244
224 0.0383 0.0534 0.9174 0.1898 0.8875 0.1832 0.4846 0.8590 0.6396 0.8284
225 0.0351 0.0511 0.9221 0.1744 0.8917 0.1934 0.4847 0.8577 0.6664 0.8285
226 0.0354 0.0508 0.9237 0.1732 0.8964 0.2110 0.4804 0.8615 0.7138 0.8328
227 0.0365 0.0514 0.9175 0.1839 0.8890 0.1858 0.4841 0.8575 0.6593 0.8299
228 0.0396 0.0544 0.9182 0.1941 0.8888 0.2262 0.4952 0.8531 0.7751 0.8230
229 0.0437 0.0601 0.9107 0.2168 0.8806 0.2091 0.5003 0.8410 0.6980 0.8112
230 0.0701 0.0945 0.8933 0.2826 0.8614 0.1870 0.5071 0.8311 0.6632 0.8002
231 0.0648 0.0904 0.8969 0.2690 0.8665 0.1747 0.4993 0.8462 0.5975 0.8192
232 0.0471 0.0663 0.9108 0.2162 0.8811 0.1802 0.4973 0.8444 0.6439 0.8200
233 0.0396 0.0551 0.9188 0.1921 0.8910 0.1967 0.4916 0.8460 0.6607 0.8218
234 0.0382 0.0539 0.9224 0.1828 0.8938 0.2081 0.4847 0.8538 0.6978 0.8291
235 0.0344 0.0498 0.9210 0.1732 0.8933 0.2185 0.4833 0.8541 0.7241 0.8302
236 0.0347 0.0493 0.9211 0.1771 0.8938 0.2159 0.4849 0.8560 0.7053 0.8294
237 0.0379 0.0524 0.9235 0.1778 0.8958 0.2206 0.4916 0.8544 0.7408 0.8291
238 0.0410 0.0560 0.9164 0.1958 0.8888 0.1942 0.4891 0.8460 0.6823 0.8174
239 0.0457 0.0633 0.9159 0.2118 0.8869 0.1730 0.4876 0.8457 0.6439 0.8131
240 0.0536 0.0760 0.8971 0.2535 0.8660 0.1826 0.5055 0.8348 0.6554 0.7960
241 0.0455 0.0649 0.9102 0.2211 0.8799 0.2376 0.5077 0.8365 0.7753 0.8067
242 0.0523 0.0742 0.9068 0.2322 0.8749 0.1982 0.4838 0.8476 0.6837 0.8191
243 0.0406 0.0595 0.9179 0.1919 0.8887 0.1990 0.4784 0.8620 0.6895 0.8322
244 0.0354 0.0504 0.9185 0.1831 0.8879 0.2009 0.4804 0.8605 0.6856 0.8334
245 0.0337 0.0461 0.9197 0.1762 0.8911 0.1993 0.4797 0.8615 0.6844 0.8343
246 0.0373 0.0504 0.9230 0.1776 0.8958 0.1944 0.4788 0.8614 0.6659 0.8327
247 0.0341 0.0468 0.9224 0.1743 0.8949 0.2125 0.4829 0.8563 0.7241 0.8279
248 0.0335 0.0472 0.9233 0.1748 0.8963 0.2364 0.4895 0.8573 0.7757 0.8320
249 0.0540 0.0767 0.9029 0.2402 0.8679 0.1740 0.5025 0.8370 0.6738 0.8121
