epoch train_BCELoss train_SoftDiceLoss train_iou train_loss train_mAP val_BCELoss val_SoftDiceLoss val_iou val_loss val_mAP
0 0.6022 0.6013 0.2569 1.2030 0.1827 0.4625 0.6896 0.5396 1.1517 0.4593
1 0.2651 0.2636 0.6546 0.5288 0.5889 0.2354 0.5715 0.7029 0.8072 0.6387
2 0.2218 0.2164 0.6906 0.4385 0.6313 0.1902 0.5631 0.7304 0.7538 0.6739
3 0.2093 0.1896 0.7084 0.3993 0.6501 0.3350 0.6308 0.6168 0.9663 0.5353
4 0.1793 0.1652 0.7368 0.3451 0.6825 0.2665 0.5685 0.7200 0.8358 0.6697
5 0.1709 0.1552 0.7492 0.3269 0.6975 0.3488 0.6109 0.6323 0.9605 0.5606
6 0.1529 0.1355 0.7745 0.2892 0.7277 0.5585 0.6189 0.6353 1.1783 0.5858
7 0.1379 0.1287 0.7790 0.2674 0.7345 0.1749 0.5244 0.7967 0.7003 0.7523
8 0.0998 0.0855 0.8245 0.1864 0.7839 0.1812 0.5043 0.8162 0.6866 0.7782
9 0.0771 0.0725 0.8404 0.1508 0.8033 0.1926 0.4972 0.8149 0.6910 0.7796
10 0.0714 0.0648 0.8478 0.1373 0.8138 0.1850 0.4960 0.8215 0.6822 0.7858
11 0.0722 0.0679 0.8465 0.1413 0.8098 0.1691 0.4937 0.8194 0.6640 0.7794
12 0.0814 0.0735 0.8357 0.1559 0.7959 0.1670 0.4954 0.8174 0.6636 0.7800
13 0.0842 0.0726 0.8373 0.1580 0.7991 0.1867 0.4997 0.8009 0.6877 0.7575
14 0.0824 0.0727 0.8355 0.1562 0.7958 0.2125 0.5036 0.7749 0.7173 0.7313
15 0.1056 0.0938 0.8131 0.2004 0.7688 0.3497 0.5511 0.7142 0.9018 0.6453
16 0.1287 0.1150 0.8026 0.2447 0.7615 0.2185 0.5153 0.7861 0.7351 0.7442
17 0.0818 0.0722 0.8437 0.1552 0.8089 0.2215 0.5003 0.7966 0.7230 0.7555
18 0.0633 0.0587 0.8605 0.1232 0.8269 0.1668 0.4932 0.8196 0.6613 0.7834
19 0.0572 0.0529 0.8696 0.1114 0.8384 0.1797 0.4830 0.8297 0.6641 0.7930
20 0.0504 0.0459 0.8762 0.0977 0.8467 0.1756 0.4824 0.8316 0.6594 0.7951
21 0.0500 0.0472 0.8773 0.0986 0.8480 0.1859 0.4833 0.8305 0.6707 0.7980
22 0.0490 0.0456 0.8742 0.0960 0.8446 0.1961 0.4826 0.8268 0.6802 0.7904
23 0.0474 0.0437 0.8745 0.0925 0.8441 0.2100 0.4887 0.7902 0.7001 0.7445
24 0.0609 0.0540 0.8600 0.1162 0.8264 0.1659 0.5054 0.8101 0.6726 0.7713
25 0.1100 0.0972 0.8102 0.2084 0.7671 0.2129 0.5231 0.6904 0.7371 0.6329
26 0.1175 0.1057 0.8091 0.2244 0.7664 0.2407 0.5060 0.7806 0.7482 0.7401
27 0.0783 0.0721 0.8468 0.1518 0.8111 0.2187 0.5021 0.8023 0.7222 0.7674
28 0.0622 0.0561 0.8631 0.1198 0.8318 0.2036 0.4854 0.8196 0.6905 0.7837
29 0.0488 0.0463 0.8801 0.0966 0.8506 0.2135 0.4847 0.8168 0.6997 0.7864
30 0.0420 0.0404 0.8831 0.0839 0.8550 0.2127 0.4835 0.8189 0.6977 0.7893
31 0.0434 0.0401 0.8823 0.0850 0.8541 0.2115 0.4829 0.8245 0.6961 0.7940
32 0.0438 0.0398 0.8830 0.0852 0.8557 0.2293 0.4881 0.8231 0.7189 0.7923
33 0.0549 0.0517 0.8683 0.1081 0.8383 0.3099 0.5284 0.8026 0.8396 0.7669
34 0.0738 0.0641 0.8555 0.1393 0.8211 0.2160 0.4908 0.8213 0.7083 0.7847
35 0.0676 0.0595 0.8498 0.1284 0.8158 0.2996 0.5169 0.7751 0.8179 0.7382
36 0.0722 0.0646 0.8512 0.1382 0.8161 0.3118 0.5046 0.7873 0.8179 0.7575
37 0.0558 0.0508 0.8642 0.1081 0.8337 0.2005 0.4907 0.8298 0.6926 0.7983
38 0.0401 0.0363 0.8883 0.0780 0.8621 0.2461 0.4765 0.8291 0.7241 0.7996
39 0.0367 0.0353 0.8955 0.0736 0.8708 0.2367 0.4729 0.8212 0.7112 0.7873
40 0.0351 0.0329 0.8970 0.0696 0.8734 0.2373 0.4729 0.8252 0.7119 0.7927
41 0.0333 0.0322 0.8988 0.0672 0.8743 0.2225 0.4748 0.8330 0.6989 0.8004
42 0.0373 0.0360 0.8902 0.0751 0.8642 0.2265 0.4785 0.8109 0.7066 0.7739
43 0.0363 0.0341 0.8926 0.0720 0.8649 0.2649 0.4827 0.8132 0.7492 0.7778
44 0.0615 0.0532 0.8655 0.1162 0.8358 0.3742 0.5092 0.7681 0.8850 0.7206
45 0.0989 0.0828 0.8268 0.1830 0.7864 0.3748 0.5390 0.7037 0.9152 0.6582
46 0.0772 0.0667 0.8523 0.1453 0.8188 0.2567 0.4886 0.8222 0.7469 0.7918
47 0.0463 0.0428 0.8805 0.0907 0.8523 0.2916 0.4803 0.8247 0.7735 0.7900
48 0.0392 0.0361 0.8903 0.0770 0.8640 0.2273 0.4722 0.8282 0.7010 0.7970
49 0.0340 0.0327 0.8961 0.0684 0.8708 0.2432 0.4711 0.8384 0.7159 0.8070
50 0.0301 0.0296 0.9026 0.0614 0.8793 0.2313 0.4712 0.8389 0.7042 0.8078
51 0.0311 0.0292 0.9024 0.0620 0.8800 0.2528 0.4679 0.8347 0.7224 0.8014
52 0.0305 0.0291 0.9008 0.0614 0.8775 0.2710 0.4753 0.8294 0.7480 0.7952
53 0.0324 0.0307 0.9010 0.0648 0.8759 0.2853 0.4740 0.8439 0.7609 0.8137
54 0.0399 0.0361 0.8831 0.0776 0.8572 0.1910 0.4821 0.8180 0.6746 0.7816
55 0.0394 0.0357 0.8876 0.0767 0.8610 0.4170 0.5268 0.6900 0.9451 0.6380
56 0.0516 0.0457 0.8746 0.0989 0.8443 0.2430 0.4841 0.8313 0.7288 0.8000
57 0.0380 0.0344 0.8937 0.0741 0.8691 0.2749 0.4815 0.8209 0.7579 0.7891
58 0.0332 0.0317 0.9011 0.0666 0.8764 0.2543 0.4785 0.8266 0.7344 0.7948
59 0.0282 0.0272 0.9115 0.0572 0.8893 0.2485 0.4714 0.8324 0.7216 0.8007
60 0.0251 0.0251 0.9139 0.0520 0.8939 0.2472 0.4728 0.8310 0.7217 0.7993
61 0.0255 0.0246 0.9138 0.0520 0.8938 0.2529 0.4721 0.8380 0.7267 0.8083
62 0.0267 0.0252 0.9113 0.0537 0.8913 0.2530 0.4707 0.8405 0.7254 0.8093
63 0.0539 0.0472 0.8784 0.1028 0.8494 0.2433 0.4858 0.8232 0.7308 0.7893
64 0.0400 0.0363 0.8922 0.0780 0.8664 0.2334 0.4872 0.8338 0.7223 0.7971
65 0.0773 0.0649 0.8462 0.1438 0.8147 0.2862 0.5191 0.7730 0.8067 0.7325
66 0.0712 0.0609 0.8643 0.1337 0.8337 0.2630 0.4833 0.8221 0.7480 0.7901
67 0.0499 0.0444 0.8864 0.0960 0.8622 0.2383 0.4958 0.7982 0.7357 0.7593
68 0.0366 0.0346 0.8955 0.0730 0.8704 0.2832 0.4778 0.8297 0.7628 0.7981
69 0.0326 0.0294 0.9078 0.0639 0.8868 0.2513 0.4755 0.8282 0.7286 0.7965
70 0.0276 0.0282 0.9106 0.0577 0.8903 0.2577 0.4733 0.8306 0.7329 0.7996
71 0.0258 0.0257 0.9140 0.0535 0.8933 0.2931 0.4725 0.8300 0.7674 0.8014
72 0.0267 0.0249 0.9122 0.0535 0.8936 0.2886 0.4776 0.8271 0.7680 0.7934
73 0.0311 0.0301 0.9033 0.0631 0.8806 0.2703 0.4747 0.8217 0.7467 0.7880
74 0.0450 0.0388 0.8875 0.0855 0.8611 0.2853 0.4914 0.8154 0.7782 0.7849
75 0.0711 0.0601 0.8588 0.1328 0.8288 0.6664 0.5642 0.6111 1.2319 0.5416
76 0.0503 0.0433 0.8809 0.0953 0.8525 0.2640 0.4885 0.8131 0.7541 0.7769
77 0.0384 0.0367 0.8971 0.0770 0.8709 0.3464 0.5111 0.8058 0.8591 0.7790
78 0.0329 0.0301 0.9051 0.0649 0.8830 0.2564 0.4785 0.8144 0.7367 0.7787
79 0.0252 0.0251 0.9144 0.0522 0.8942 0.2514 0.4788 0.8283 0.7320 0.7944
80 0.0257 0.0244 0.9159 0.0522 0.8974 0.2619 0.4799 0.8295 0.7436 0.7982
81 0.0253 0.0239 0.9182 0.0511 0.8995 0.2704 0.4755 0.8288 0.7478 0.7972
82 0.0236 0.0228 0.9203 0.0485 0.9016 0.2911 0.4714 0.8355 0.7643 0.8028
83 0.0251 0.0244 0.9141 0.0515 0.8950 0.2898 0.4707 0.8371 0.7622 0.8032
84 0.0318 0.0296 0.9029 0.0632 0.8818 0.2938 0.4790 0.8229 0.7745 0.7893
85 0.0325 0.0294 0.9023 0.0637 0.8784 0.2897 0.4850 0.8127 0.7764 0.7823
86 0.0446 0.0407 0.8876 0.0872 0.8617 0.3020 0.4955 0.7958 0.7990 0.7579
87 0.0358 0.0332 0.9018 0.0708 0.8774 0.2388 0.4798 0.8343 0.7204 0.8018
88 0.0250 0.0239 0.9172 0.0509 0.8967 0.2779 0.4715 0.8397 0.7512 0.8085
89 0.0232 0.0222 0.9242 0.0474 0.9057 0.2714 0.4690 0.8359 0.7422 0.8065
90 0.0201 0.0204 0.9274 0.0426 0.9125 0.2716 0.4707 0.8370 0.7442 0.8073
91 0.0205 0.0200 0.9258 0.0426 0.9091 0.2752 0.4690 0.8375 0.7460 0.8076
92 0.0204 0.0200 0.9258 0.0425 0.9092 0.2886 0.4718 0.8371 0.7621 0.8076
93 0.0277 0.0252 0.9194 0.0550 0.9014 0.2637 0.4856 0.8175 0.7510 0.7868
94 0.0348 0.0307 0.8974 0.0674 0.8758 0.2553 0.4850 0.8111 0.7419 0.7838
95 0.0705 0.0602 0.8582 0.1323 0.8239 0.2680 0.5382 0.7690 0.8074 0.7256
96 0.0514 0.0437 0.8794 0.0969 0.8555 0.2827 0.4883 0.8122 0.7729 0.7712
97 0.0356 0.0348 0.8985 0.0723 0.8760 0.2645 0.4745 0.8158 0.7408 0.7722
98 0.0269 0.0256 0.9142 0.0545 0.8935 0.2527 0.4652 0.8367 0.7198 0.8037
99 0.0244 0.0220 0.9207 0.0486 0.9043 0.2662 0.4699 0.8303 0.7379 0.7959
