epoch train_BCELoss train_SoftDiceLoss train_iou train_loss train_mAP val_BCELoss val_SoftDiceLoss val_iou val_loss val_mAP
0 0.3244 0.3085 0.6362 0.6330 0.5727 0.2767 0.6146 0.6869 0.8916 0.6363
1 0.2493 0.2326 0.7078 0.4823 0.6507 0.3047 0.5808 0.6997 0.8860 0.6519
2 0.2138 0.1986 0.7341 0.4128 0.6838 0.2358 0.5617 0.7345 0.7981 0.6892
3 0.1864 0.1754 0.7542 0.3624 0.7079 0.2021 0.5525 0.7656 0.7552 0.7184
4 0.1728 0.1634 0.7736 0.3369 0.7279 0.1822 0.5303 0.7796 0.7134 0.7388
5 0.1568 0.1486 0.7800 0.3061 0.7364 0.1804 0.5311 0.7811 0.7123 0.7423
6 0.1546 0.1437 0.7819 0.2989 0.7392 0.2074 0.5405 0.7694 0.7488 0.7288
7 0.1709 0.1546 0.7772 0.3262 0.7327 0.3031 0.5369 0.7503 0.8409 0.7043
8 0.1854 0.1657 0.7744 0.3518 0.7311 0.2270 0.5183 0.7889 0.7463 0.7487
9 0.1720 0.1568 0.7847 0.3295 0.7406 0.2136 0.5646 0.7588 0.7790 0.7261
10 0.1831 0.1645 0.7738 0.3484 0.7288 0.2237 0.5297 0.7704 0.7544 0.7349
11 0.1645 0.1451 0.7941 0.3104 0.7524 0.2183 0.5378 0.7843 0.7570 0.7472
12 0.1444 0.1320 0.8027 0.2773 0.7641 0.1877 0.5336 0.7963 0.7224 0.7621
13 0.1288 0.1214 0.8152 0.2511 0.7788 0.1889 0.5067 0.8031 0.6968 0.7663
14 0.1170 0.1066 0.8260 0.2246 0.7916 0.1690 0.5044 0.8146 0.6746 0.7786
15 0.1036 0.0994 0.8331 0.2040 0.7992 0.1729 0.5063 0.8140 0.6803 0.7809
16 0.1019 0.0972 0.8337 0.2001 0.7955 0.1964 0.5112 0.8056 0.7088 0.7710
17 0.1229 0.1076 0.8228 0.2315 0.7842 0.1628 0.5209 0.8083 0.6847 0.7732
18 0.1287 0.1187 0.8180 0.2484 0.7812 0.1848 0.5126 0.8053 0.6986 0.7767
19 0.1365 0.1224 0.8118 0.2599 0.7738 0.2103 0.5285 0.7893 0.7400 0.7512
20 0.1507 0.1389 0.8043 0.2906 0.7640 0.2118 0.5406 0.7809 0.7535 0.7510
21 0.1392 0.1283 0.8082 0.2685 0.7710 0.2399 0.5501 0.7745 0.7910 0.7429
22 0.1138 0.1045 0.8299 0.2193 0.7915 0.1823 0.5245 0.7972 0.7079 0.7659
23 0.1102 0.0999 0.8339 0.2111 0.8000 0.1857 0.5270 0.7988 0.7138 0.7704
24 0.0994 0.0923 0.8462 0.1928 0.8115 0.1919 0.4947 0.8199 0.6880 0.7898
25 0.0873 0.0821 0.8431 0.1705 0.8088 0.1890 0.4963 0.8256 0.6866 0.7960
26 0.0836 0.0759 0.8547 0.1607 0.8220 0.1820 0.4946 0.8210 0.6778 0.7922
27 0.0999 0.0866 0.8454 0.1876 0.8108 0.1894 0.4943 0.8206 0.6851 0.7892
28 0.1065 0.0972 0.8354 0.2047 0.7987 0.1928 0.5185 0.8097 0.7126 0.7773
29 0.1188 0.1067 0.8313 0.2266 0.7958 0.2254 0.5119 0.7975 0.7385 0.7661
30 0.1162 0.1050 0.8253 0.2223 0.7890 0.2564 0.5201 0.8054 0.7778 0.7746
31 0.1225 0.1055 0.8284 0.2291 0.7928 0.2172 0.5098 0.8071 0.7283 0.7790
32 0.1035 0.0930 0.8385 0.1976 0.8045 0.2471 0.5007 0.8194 0.7492 0.7891
33 0.1017 0.0920 0.8380 0.1949 0.8024 0.2156 0.4889 0.8270 0.7060 0.7891
34 0.0897 0.0778 0.8575 0.1687 0.8232 0.2005 0.4898 0.8334 0.6918 0.8034
35 0.0832 0.0751 0.8571 0.1595 0.8251 0.1999 0.4923 0.8303 0.6937 0.8029
36 0.0814 0.0728 0.8511 0.1554 0.8196 0.1951 0.4962 0.8343 0.6928 0.8040
37 0.0864 0.0782 0.8556 0.1658 0.8218 0.1903 0.4897 0.8311 0.6815 0.8018
38 0.1007 0.0877 0.8447 0.1895 0.8087 0.2573 0.5472 0.7654 0.8056 0.7290
39 0.1162 0.1018 0.8282 0.2191 0.7911 0.2013 0.4922 0.8158 0.6949 0.7826
40 0.1329 0.1182 0.8223 0.2522 0.7835 0.3105 0.5034 0.8124 0.8155 0.7852
41 0.0995 0.0929 0.8458 0.1935 0.8104 0.2369 0.5197 0.8047 0.7579 0.7722
42 0.0995 0.0878 0.8471 0.1885 0.8153 0.2106 0.5063 0.8148 0.7183 0.7870
43 0.0870 0.0760 0.8493 0.1642 0.8153 0.2048 0.4921 0.8265 0.6984 0.8005
44 0.0759 0.0679 0.8641 0.1451 0.8340 0.2026 0.4825 0.8393 0.6866 0.8112
45 0.0724 0.0660 0.8649 0.1397 0.8325 0.1986 0.4851 0.8349 0.6853 0.8069
46 0.0711 0.0630 0.8701 0.1353 0.8406 0.2140 0.4818 0.8390 0.6974 0.8103
47 0.0767 0.0670 0.8611 0.1449 0.8298 0.2138 0.4909 0.8273 0.7063 0.7989
48 0.0809 0.0730 0.8548 0.1551 0.8223 0.2052 0.4920 0.8266 0.6988 0.7968
49 0.0927 0.0801 0.8494 0.1740 0.8132 0.2425 0.5096 0.8129 0.7535 0.7820
50 0.1018 0.0918 0.8352 0.1948 0.7978 0.2926 0.5276 0.8001 0.8215 0.7637
51 0.1019 0.0920 0.8379 0.1950 0.8011 0.1921 0.4803 0.8205 0.6739 0.7868
52 0.0931 0.0874 0.8411 0.1817 0.8054 0.2240 0.4946 0.8169 0.7201 0.7826
53 0.0747 0.0680 0.8614 0.1439 0.8285 0.2146 0.4946 0.8264 0.7106 0.7965
54 0.0676 0.0614 0.8672 0.1302 0.8363 0.2169 0.4801 0.8359 0.6986 0.8071
55 0.0668 0.0572 0.8715 0.1253 0.8412 0.2159 0.4796 0.8415 0.6971 0.8119
56 0.0649 0.0571 0.8769 0.1233 0.8453 0.2003 0.4810 0.8395 0.6828 0.8105
57 0.0721 0.0652 0.8682 0.1386 0.8358 0.2104 0.4856 0.8377 0.6976 0.8061
58 0.0784 0.0667 0.8623 0.1463 0.8295 0.1942 0.4864 0.8335 0.6820 0.8002
59 0.0801 0.0694 0.8649 0.1508 0.8326 0.2125 0.4768 0.8190 0.6909 0.7869
60 0.1124 0.0961 0.8373 0.2097 0.7991 0.3053 0.5199 0.7730 0.8265 0.7389
61 0.0992 0.0868 0.8430 0.1873 0.8083 0.1900 0.4975 0.8238 0.6889 0.7903
62 0.0775 0.0694 0.8612 0.1481 0.8280 0.2394 0.4737 0.8414 0.7147 0.8103
63 0.0723 0.0608 0.8716 0.1344 0.8397 0.2026 0.4760 0.8361 0.6801 0.8043
64 0.0639 0.0573 0.8706 0.1224 0.8415 0.2296 0.4695 0.8459 0.7007 0.8171
65 0.0614 0.0546 0.8771 0.1174 0.8452 0.2301 0.4697 0.8448 0.7015 0.8181
66 0.0556 0.0517 0.8788 0.1087 0.8502 0.2446 0.4729 0.8419 0.7192 0.8154
67 0.0661 0.0582 0.8718 0.1257 0.8412 0.2269 0.4668 0.8421 0.6955 0.8111
68 0.0730 0.0667 0.8626 0.1410 0.8313 0.2271 0.4889 0.8254 0.7176 0.7983
69 0.0892 0.0770 0.8564 0.1675 0.8218 0.1956 0.5005 0.8214 0.6975 0.7853
70 0.0917 0.0805 0.8472 0.1734 0.8117 0.3273 0.5056 0.8094 0.8342 0.7808
71 0.0860 0.0772 0.8585 0.1645 0.8292 0.2590 0.4961 0.8251 0.7567 0.7974
72 0.0813 0.0730 0.8617 0.1555 0.8303 0.1990 0.4904 0.8228 0.6909 0.7889
73 0.0703 0.0629 0.8697 0.1345 0.8392 0.1912 0.4777 0.8446 0.6705 0.8175
74 0.0580 0.0567 0.8762 0.1161 0.8466 0.2423 0.4750 0.8435 0.7190 0.8123
75 0.0524 0.0493 0.8817 0.1031 0.8510 0.2459 0.4749 0.8433 0.7225 0.8138
76 0.0565 0.0501 0.8837 0.1081 0.8551 0.2223 0.4786 0.8415 0.7025 0.8133
77 0.0626 0.0593 0.8715 0.1233 0.8421 0.2674 0.4708 0.8427 0.7399 0.8163
78 0.0629 0.0567 0.8695 0.1209 0.8395 0.1975 0.4763 0.8383 0.6755 0.8061
79 0.0743 0.0658 0.8583 0.1414 0.8244 0.2010 0.4961 0.8219 0.6988 0.7825
80 0.0900 0.0763 0.8510 0.1675 0.8175 0.3240 0.5640 0.7487 0.8889 0.7121
81 0.0882 0.0780 0.8451 0.1675 0.8130 0.2803 0.4944 0.7960 0.7762 0.7618
82 0.0725 0.0648 0.8636 0.1386 0.8306 0.2559 0.4799 0.8315 0.7375 0.8007
83 0.0700 0.0613 0.8685 0.1327 0.8384 0.2424 0.4836 0.8332 0.7276 0.8043
84 0.0577 0.0527 0.8843 0.1117 0.8545 0.2665 0.4752 0.8416 0.7435 0.8117
85 0.0532 0.0471 0.8825 0.1017 0.8527 0.2633 0.4772 0.8431 0.7423 0.8145
86 0.0559 0.0530 0.8808 0.1104 0.8512 0.2652 0.4773 0.8441 0.7444 0.8169
87 0.0548 0.0485 0.8825 0.1047 0.8535 0.2575 0.4815 0.8406 0.7408 0.8117
88 0.0624 0.0553 0.8759 0.1190 0.8458 0.2121 0.4781 0.8343 0.6919 0.8026
89 0.0663 0.0585 0.8704 0.1261 0.8380 0.2326 0.4828 0.7875 0.7170 0.7501
90 0.0700 0.0618 0.8651 0.1331 0.8348 0.3273 0.5094 0.8156 0.8382 0.7812
91 0.0859 0.0758 0.8530 0.1630 0.8198 0.2282 0.4875 0.8315 0.7173 0.8018
92 0.0717 0.0650 0.8645 0.1381 0.8323 0.2474 0.5022 0.8264 0.7512 0.7980
93 0.0609 0.0581 0.8785 0.1203 0.8470 0.2822 0.4792 0.8385 0.7633 0.8107
94 0.0568 0.0501 0.8771 0.1084 0.8479 0.2498 0.4729 0.8448 0.7245 0.8171
95 0.0477 0.0451 0.8864 0.0942 0.8588 0.2455 0.4722 0.8460 0.7195 0.8183
96 0.0531 0.0482 0.8781 0.1028 0.8498 0.2417 0.4784 0.8405 0.7219 0.8107
97 0.0543 0.0481 0.8819 0.1038 0.8507 0.2450 0.4818 0.8358 0.7285 0.8066
98 0.0543 0.0504 0.8810 0.1061 0.8495 0.2609 0.4706 0.8353 0.7332 0.8047
99 0.0759 0.0666 0.8694 0.1438 0.8361 0.2748 0.4805 0.8188 0.7572 0.7910
100 0.1035 0.0917 0.8406 0.1965 0.8072 0.3824 0.5182 0.7979 0.9021 0.7714
101 0.0896 0.0794 0.8457 0.1703 0.8105 0.2098 0.5081 0.8160 0.7194 0.7792
102 0.0714 0.0631 0.8704 0.1358 0.8403 0.2630 0.4863 0.8379 0.7509 0.8067
103 0.0608 0.0531 0.8770 0.1153 0.8471 0.2427 0.4785 0.8457 0.7228 0.8186
104 0.0538 0.0487 0.8850 0.1040 0.8551 0.2559 0.4760 0.8472 0.7335 0.8213
105 0.0504 0.0477 0.8892 0.0996 0.8614 0.2452 0.4780 0.8469 0.7249 0.8218
106 0.0495 0.0458 0.8859 0.0968 0.8607 0.2506 0.4719 0.8497 0.7243 0.8240
107 0.0503 0.0449 0.8939 0.0967 0.8647 0.2467 0.4797 0.8391 0.7280 0.8111
108 0.0537 0.0475 0.8774 0.1026 0.8475 0.2758 0.4868 0.8384 0.7642 0.8081
109 0.0950 0.0818 0.8549 0.1781 0.8221 0.2563 0.4964 0.8252 0.7544 0.7923
110 0.0957 0.0833 0.8479 0.1803 0.8141 0.3010 0.4985 0.8201 0.8013 0.7814
111 0.0795 0.0715 0.8598 0.1523 0.8271 0.1901 0.4929 0.8235 0.6846 0.7962
112 0.0690 0.0640 0.8695 0.1343 0.8384 0.1909 0.5080 0.8188 0.7004 0.7915
113 0.0585 0.0560 0.8771 0.1159 0.8475 0.2513 0.4751 0.8410 0.7282 0.8113
114 0.0518 0.0469 0.8808 0.1001 0.8514 0.2303 0.4796 0.8466 0.7117 0.8178
115 0.0502 0.0472 0.8789 0.0989 0.8500 0.2278 0.4767 0.8478 0.7063 0.8212
116 0.0474 0.0435 0.8894 0.0924 0.8600 0.2351 0.4741 0.8464 0.7110 0.8191
117 0.0498 0.0449 0.8856 0.0962 0.8575 0.2501 0.4725 0.8529 0.7243 0.8243
118 0.0496 0.0450 0.8845 0.0960 0.8550 0.2383 0.4766 0.8382 0.7167 0.8105
119 0.0718 0.0616 0.8694 0.1348 0.8395 0.2569 0.5121 0.8041 0.7705 0.7666
120 0.0840 0.0711 0.8617 0.1564 0.8288 0.2760 0.4943 0.8054 0.7721 0.7703
121 0.0762 0.0691 0.8695 0.1467 0.8374 0.2424 0.4829 0.8174 0.7271 0.7833
122 0.0595 0.0545 0.8735 0.1154 0.8425 0.2554 0.4777 0.8381 0.7349 0.8042
123 0.0541 0.0521 0.8764 0.1075 0.8472 0.2375 0.4685 0.8373 0.7077 0.8076
124 0.0533 0.0451 0.8824 0.0999 0.8531 0.2196 0.4724 0.8419 0.6938 0.8120
125 0.0444 0.0435 0.8890 0.0893 0.8608 0.2223 0.4709 0.8420 0.6951 0.8130
126 0.0487 0.0447 0.8835 0.0950 0.8554 0.1981 0.4675 0.8462 0.6674 0.8149
127 0.0468 0.0443 0.8889 0.0925 0.8587 0.3045 0.4758 0.8386 0.7821 0.8124
128 0.0445 0.0407 0.8943 0.0867 0.8668 0.2633 0.4878 0.8332 0.7527 0.8025
129 0.0592 0.0533 0.8701 0.1138 0.8392 0.3175 0.4874 0.8259 0.8064 0.8007
130 0.0888 0.0770 0.8568 0.1672 0.8253 0.2236 0.4955 0.8196 0.7207 0.7911
131 0.0878 0.0768 0.8651 0.1660 0.8317 0.1669 0.4800 0.8281 0.6486 0.7925
132 0.0649 0.0588 0.8717 0.1251 0.8409 0.2500 0.4660 0.8424 0.7178 0.8149
133 0.0540 0.0490 0.8810 0.1044 0.8527 0.2608 0.4696 0.8348 0.7321 0.8079
134 0.0487 0.0437 0.8886 0.0940 0.8609 0.2440 0.4663 0.8475 0.7121 0.8221
135 0.0476 0.0428 0.8924 0.0920 0.8655 0.2401 0.4711 0.8457 0.7131 0.8186
136 0.0489 0.0439 0.8894 0.0943 0.8612 0.2538 0.4674 0.8452 0.7231 0.8175
137 0.0458 0.0408 0.8955 0.0881 0.8677 0.2307 0.4675 0.8407 0.6999 0.8120
138 0.0589 0.0520 0.8735 0.1123 0.8445 0.2649 0.4867 0.8299 0.7533 0.8019
139 0.0599 0.0524 0.8815 0.1137 0.8501 0.2385 0.5063 0.8219 0.7463 0.7950
140 0.0764 0.0684 0.8631 0.1460 0.8310 0.2550 0.5117 0.8171 0.7681 0.7828
141 0.0665 0.0584 0.8753 0.1264 0.8435 0.2393 0.4803 0.8301 0.7214 0.8017
142 0.0572 0.0498 0.8862 0.1084 0.8566 0.2280 0.4783 0.8464 0.7081 0.8167
143 0.0499 0.0441 0.8877 0.0955 0.8591 0.2198 0.4748 0.8444 0.6963 0.8124
144 0.0462 0.0419 0.8918 0.0896 0.8644 0.2256 0.4743 0.8512 0.7018 0.8236
145 0.0432 0.0389 0.8909 0.0836 0.8636 0.2309 0.4741 0.8506 0.7070 0.8228
146 0.0423 0.0386 0.8926 0.0825 0.8663 0.2233 0.4738 0.8521 0.6989 0.8246
147 0.0437 0.0409 0.8931 0.0861 0.8653 0.2200 0.4709 0.8511 0.6928 0.8227
148 0.0511 0.0456 0.8896 0.0982 0.8604 0.2541 0.4820 0.8390 0.7379 0.8112
149 0.0508 0.0453 0.8827 0.0975 0.8533 0.2129 0.4784 0.8207 0.6929 0.7849
