epoch train_BCELoss train_SoftDiceLoss train_iou train_loss train_mAP val_BCELoss val_SoftDiceLoss val_iou val_loss val_mAP
0 0.3409 0.4456 0.6271 1.1527 0.5710 0.3404 0.6292 0.6646 1.1625 0.6066
1 0.2627 0.3597 0.7133 0.8792 0.6590 0.2560 0.6222 0.7048 0.8929 0.6558
2 0.2401 0.3277 0.7380 0.7962 0.6900 0.2620 0.6372 0.7196 0.8126 0.6828
3 0.2124 0.2968 0.7683 0.7107 0.7207 0.3517 0.6179 0.7098 1.1038 0.6513
4 0.1945 0.2748 0.7868 0.6477 0.7443 0.1862 0.5862 0.7637 0.6712 0.7292
5 0.1717 0.2446 0.8063 0.5897 0.7620 0.1776 0.5798 0.7754 0.6357 0.7399
6 0.1766 0.2517 0.7957 0.6099 0.7538 0.2102 0.6029 0.7425 0.7195 0.6982
7 0.1838 0.2566 0.7941 0.6249 0.7508 0.1932 0.5816 0.7312 0.7585 0.6952
8 0.1917 0.2685 0.7935 0.6451 0.7486 0.3570 0.6037 0.7192 1.1955 0.6583
9 0.2048 0.2799 0.7769 0.6843 0.7323 0.2102 0.5890 0.7638 0.7145 0.7316
10 0.1935 0.2688 0.7845 0.6611 0.7387 0.2566 0.5924 0.7689 0.8733 0.7311
11 0.1837 0.2526 0.7983 0.6259 0.7578 0.1995 0.5772 0.7718 0.6876 0.7299
12 0.1705 0.2394 0.8141 0.5661 0.7729 0.1743 0.5663 0.7962 0.6378 0.7657
13 0.1566 0.2264 0.8221 0.5370 0.7823 0.1799 0.5632 0.8058 0.5919 0.7757
14 0.1382 0.1991 0.8382 0.4835 0.8006 0.1584 0.5547 0.8104 0.5372 0.7796
15 0.1353 0.2007 0.8417 0.4557 0.8048 0.1577 0.5523 0.8171 0.5337 0.7865
16 0.1360 0.1927 0.8388 0.4735 0.8022 0.1587 0.5459 0.8170 0.5476 0.7799
17 0.1407 0.1984 0.8360 0.4913 0.7983 0.1675 0.5609 0.8111 0.5726 0.7764
18 0.1522 0.2144 0.8262 0.5306 0.7889 0.1917 0.5864 0.7707 0.6288 0.7405
19 0.1546 0.2187 0.8220 0.5377 0.7817 0.2310 0.5711 0.7889 0.7337 0.7488
20 0.1577 0.2210 0.8184 0.5565 0.7770 0.2035 0.5847 0.7712 0.7214 0.7355
21 0.1575 0.2197 0.8203 0.5470 0.7804 0.1803 0.5526 0.8112 0.6029 0.7778
22 0.1426 0.2042 0.8312 0.4971 0.7926 0.1823 0.5649 0.8085 0.5866 0.7758
23 0.1281 0.1866 0.8478 0.4424 0.8123 0.1578 0.5373 0.8236 0.5374 0.7897
24 0.1198 0.1720 0.8557 0.4203 0.8197 0.1581 0.5404 0.8210 0.5318 0.7875
25 0.1126 0.1687 0.8633 0.3856 0.8301 0.1556 0.5364 0.8310 0.5266 0.7958
26 0.1078 0.1576 0.8624 0.3955 0.8284 0.1654 0.5291 0.8287 0.5595 0.7966
27 0.1133 0.1635 0.8576 0.4138 0.8222 0.1554 0.5485 0.8247 0.5481 0.7934
28 0.1232 0.1752 0.8481 0.4443 0.8124 0.1876 0.5469 0.7911 0.6778 0.7528
29 0.1364 0.1934 0.8355 0.4853 0.7946 0.2051 0.5637 0.7580 0.7739 0.7171
30 0.1499 0.2071 0.8303 0.5234 0.7938 0.1839 0.5480 0.8170 0.6473 0.7782
31 0.1323 0.1865 0.8404 0.4742 0.8037 0.1684 0.5559 0.8134 0.5886 0.7802
32 0.1224 0.1749 0.8548 0.4288 0.8202 0.1653 0.5183 0.8130 0.6226 0.7793
33 0.1127 0.1632 0.8591 0.4080 0.8246 0.1645 0.5275 0.8375 0.5371 0.8031
34 0.0990 0.1426 0.8679 0.3721 0.8345 0.1524 0.5251 0.8424 0.5184 0.8130
35 0.0932 0.1372 0.8797 0.3511 0.8457 0.1453 0.5203 0.8438 0.5046 0.8145
36 0.0904 0.1338 0.8787 0.3465 0.8447 0.1488 0.5142 0.8414 0.5323 0.8136
37 0.0992 0.1447 0.8711 0.3722 0.8366 0.1454 0.5194 0.8274 0.5193 0.7975
38 0.1096 0.1551 0.8612 0.4039 0.8260 0.1879 0.5204 0.8374 0.6052 0.8043
39 0.1206 0.1703 0.8519 0.4340 0.8145 0.2182 0.5548 0.7650 0.7375 0.7243
40 0.1245 0.1724 0.8542 0.4440 0.8177 0.1946 0.5272 0.8121 0.6671 0.7721
41 0.1254 0.1771 0.8524 0.4397 0.8172 0.1881 0.5421 0.8125 0.6629 0.7802
42 0.1201 0.1719 0.8486 0.4350 0.8156 0.1641 0.5209 0.8134 0.5906 0.7845
43 0.0893 0.1314 0.8741 0.3484 0.8416 0.1618 0.5258 0.8427 0.5446 0.8096
44 0.0846 0.1218 0.8807 0.3294 0.8497 0.1670 0.5186 0.8456 0.5515 0.8162
45 0.0798 0.1158 0.8861 0.3141 0.8549 0.1587 0.5139 0.8476 0.5302 0.8202
46 0.0806 0.1159 0.8878 0.3164 0.8556 0.1461 0.5119 0.8499 0.4949 0.8201
47 0.0817 0.1169 0.8831 0.3293 0.8489 0.1537 0.5183 0.8451 0.5209 0.8105
48 0.0887 0.1293 0.8739 0.3494 0.8396 0.1376 0.5124 0.8487 0.4897 0.8188
49 0.0964 0.1374 0.8697 0.3727 0.8366 0.1795 0.5146 0.8302 0.6216 0.7936
50 0.1212 0.1678 0.8546 0.4403 0.8147 0.2229 0.5781 0.7736 0.7639 0.7200
51 0.1270 0.1826 0.8496 0.4539 0.8148 0.1776 0.5281 0.8325 0.5962 0.8023
52 0.0961 0.1385 0.8685 0.3722 0.8346 0.1582 0.5241 0.8300 0.5876 0.8018
53 0.0877 0.1266 0.8784 0.3384 0.8450 0.1628 0.5182 0.8438 0.5533 0.8126
54 0.0796 0.1130 0.8872 0.3148 0.8558 0.1479 0.5146 0.8536 0.5036 0.8234
55 0.0757 0.1135 0.8964 0.2900 0.8633 0.1449 0.5132 0.8547 0.4947 0.8261
56 0.0704 0.1013 0.8952 0.2857 0.8628 0.1463 0.5047 0.8613 0.5179 0.8320
57 0.0768 0.1111 0.8880 0.3073 0.8557 0.1599 0.5101 0.8394 0.5630 0.8072
58 0.0842 0.1196 0.8801 0.3328 0.8467 0.1495 0.5069 0.8414 0.5442 0.8090
59 0.0968 0.1343 0.8771 0.3609 0.8426 0.2200 0.5306 0.8001 0.7466 0.7629
60 0.1148 0.1622 0.8614 0.4084 0.8265 0.2239 0.5699 0.8010 0.7173 0.7655
61 0.1180 0.1659 0.8572 0.4298 0.8225 0.1506 0.5160 0.8159 0.5894 0.7855
62 0.0946 0.1367 0.8689 0.3621 0.8366 0.1496 0.5271 0.8443 0.5073 0.8124
63 0.0768 0.1096 0.8834 0.3187 0.8529 0.1811 0.5184 0.8499 0.5877 0.8208
64 0.0726 0.1053 0.8955 0.2917 0.8640 0.1500 0.5020 0.8594 0.5176 0.8299
65 0.0633 0.0931 0.8934 0.2744 0.8605 0.1515 0.5001 0.8622 0.5178 0.8312
66 0.0641 0.0924 0.8964 0.2745 0.8675 0.1467 0.5085 0.8519 0.5214 0.8225
67 0.0659 0.0951 0.8941 0.2820 0.8631 0.1524 0.5094 0.8521 0.5284 0.8159
68 0.0691 0.0979 0.8931 0.2892 0.8624 0.1591 0.5080 0.8550 0.5396 0.8232
69 0.0860 0.1206 0.8812 0.3371 0.8476 0.1827 0.5384 0.8260 0.6018 0.7907
70 0.1088 0.1509 0.8582 0.4093 0.8218 0.2348 0.5544 0.8090 0.7938 0.7686
71 0.1028 0.1435 0.8728 0.3761 0.8380 0.2291 0.5356 0.7990 0.7859 0.7595
72 0.0855 0.1244 0.8814 0.3331 0.8474 0.1638 0.5026 0.8398 0.5884 0.8047
73 0.0766 0.1105 0.8856 0.3090 0.8542 0.1355 0.5185 0.8468 0.4970 0.8178
74 0.0618 0.0911 0.9004 0.2600 0.8698 0.1536 0.4996 0.8580 0.5486 0.8285
75 0.0599 0.0860 0.8967 0.2706 0.8647 0.1457 0.5001 0.8600 0.5207 0.8316
76 0.0589 0.0862 0.8992 0.2633 0.8683 0.1636 0.5053 0.8576 0.5526 0.8264
77 0.0712 0.1024 0.8912 0.2932 0.8599 0.1744 0.5136 0.8246 0.6246 0.7857
78 0.0779 0.1114 0.8850 0.3146 0.8514 0.1660 0.5266 0.8429 0.5841 0.8118
79 0.0803 0.1138 0.8833 0.3249 0.8502 0.2182 0.5205 0.8338 0.6894 0.7925
80 0.1093 0.1550 0.8571 0.4174 0.8231 0.1691 0.5232 0.8281 0.6143 0.7963
81 0.0969 0.1384 0.8739 0.3657 0.8384 0.1721 0.5197 0.8391 0.5897 0.8036
82 0.0834 0.1189 0.8843 0.3280 0.8521 0.1523 0.5212 0.8352 0.5521 0.8087
83 0.0670 0.0990 0.8972 0.2771 0.8666 0.1569 0.5082 0.8375 0.5722 0.8123
84 0.0646 0.0933 0.8995 0.2665 0.8700 0.1363 0.4985 0.8600 0.4816 0.8317
85 0.0630 0.0921 0.8990 0.2608 0.8691 0.1369 0.4959 0.8593 0.4818 0.8302
86 0.0592 0.0844 0.9037 0.2543 0.8744 0.1458 0.5030 0.8555 0.5033 0.8264
87 0.0590 0.0856 0.8955 0.2660 0.8659 0.1648 0.4970 0.8489 0.5695 0.8171
88 0.0683 0.0965 0.8959 0.2808 0.8649 0.1687 0.5020 0.8224 0.6622 0.7911
89 0.0820 0.1183 0.8826 0.3301 0.8518 0.1702 0.5184 0.8280 0.5802 0.7882
90 0.1143 0.1546 0.8601 0.4136 0.8255 0.1815 0.5551 0.8129 0.6545 0.7822
91 0.1057 0.1497 0.8711 0.3819 0.8374 0.1512 0.5281 0.8379 0.5188 0.8081
92 0.0820 0.1162 0.8864 0.3211 0.8542 0.2166 0.5220 0.8224 0.7050 0.7858
93 0.0658 0.0979 0.8918 0.2835 0.8601 0.1422 0.5139 0.8501 0.5042 0.8186
94 0.0613 0.0906 0.9024 0.2616 0.8730 0.1649 0.4977 0.8514 0.5618 0.8227
95 0.0570 0.0846 0.9027 0.2524 0.8745 0.1586 0.4966 0.8541 0.5468 0.8252
96 0.0521 0.0750 0.9039 0.2388 0.8752 0.1616 0.4997 0.8532 0.5609 0.8250
97 0.0543 0.0804 0.9041 0.2454 0.8723 0.1792 0.4953 0.8493 0.6107 0.8185
98 0.0618 0.0880 0.9009 0.2662 0.8699 0.1689 0.4932 0.8434 0.5980 0.8125
99 0.0759 0.1064 0.8847 0.3191 0.8521 0.1454 0.5152 0.8466 0.5135 0.8167
100 0.0921 0.1252 0.8809 0.3467 0.8488 0.7271 0.6437 0.6430 2.0775 0.5935
101 0.0851 0.1220 0.8798 0.3387 0.8453 0.1426 0.5096 0.8447 0.5105 0.8129
102 0.0661 0.0962 0.8952 0.2829 0.8643 0.1713 0.4998 0.8564 0.5758 0.8261
103 0.0603 0.0883 0.9009 0.2600 0.8725 0.1592 0.4948 0.8499 0.5505 0.8149
104 0.0530 0.0768 0.9074 0.2360 0.8795 0.1688 0.4979 0.8573 0.5708 0.8292
105 0.0502 0.0736 0.9037 0.2356 0.8755 0.1674 0.4959 0.8586 0.5643 0.8284
106 0.0486 0.0704 0.9090 0.2292 0.8815 0.1656 0.4998 0.8577 0.5653 0.8256
107 0.0559 0.0780 0.9041 0.2500 0.8748 0.1523 0.4940 0.8534 0.5277 0.8246
108 0.0595 0.0883 0.9001 0.2619 0.8718 0.1990 0.4961 0.8403 0.6748 0.8089
109 0.0660 0.0933 0.8935 0.2810 0.8602 0.2919 0.5132 0.7988 0.9750 0.7572
110 0.0793 0.1152 0.8867 0.3186 0.8548 0.1851 0.5307 0.8200 0.6578 0.7877
111 0.0671 0.0974 0.8955 0.2841 0.8640 0.2072 0.4985 0.8377 0.7337 0.8083
112 0.0652 0.0934 0.8951 0.2815 0.8647 0.1719 0.5011 0.8464 0.6172 0.8175
113 0.0557 0.0793 0.9050 0.2481 0.8778 0.1628 0.4915 0.8515 0.5737 0.8248
114 0.0543 0.0813 0.9064 0.2401 0.8780 0.1587 0.4902 0.8589 0.5581 0.8300
115 0.0489 0.0692 0.9097 0.2261 0.8823 0.1539 0.4880 0.8617 0.5337 0.8327
116 0.0497 0.0736 0.9076 0.2298 0.8807 0.1959 0.4913 0.8583 0.6336 0.8276
117 0.0490 0.0680 0.9101 0.2314 0.8812 0.1390 0.4987 0.8639 0.4852 0.8357
118 0.0514 0.0747 0.9036 0.2388 0.8727 0.1804 0.5130 0.8420 0.6310 0.8143
119 0.0655 0.0930 0.8933 0.2835 0.8651 0.2289 0.5460 0.7780 0.7593 0.7328
120 0.0819 0.1174 0.8803 0.3310 0.8486 0.1743 0.5055 0.8446 0.5922 0.8093
121 0.0732 0.1034 0.8876 0.3043 0.8569 0.1820 0.5066 0.8521 0.6171 0.8254
122 0.0705 0.1016 0.8933 0.2926 0.8642 0.1767 0.5158 0.8393 0.6151 0.8088
123 0.0566 0.0815 0.9057 0.2441 0.8788 0.1388 0.4942 0.8600 0.5124 0.8297
124 0.0516 0.0743 0.9134 0.2252 0.8822 0.1408 0.4913 0.8618 0.5080 0.8314
125 0.0460 0.0687 0.9142 0.2138 0.8866 0.1366 0.4931 0.8659 0.4988 0.8364
126 0.0454 0.0653 0.9102 0.2198 0.8821 0.1478 0.4921 0.8599 0.5297 0.8311
127 0.0485 0.0700 0.9113 0.2204 0.8816 0.1436 0.4850 0.8649 0.5320 0.8399
128 0.0550 0.0766 0.9124 0.2359 0.8829 0.1550 0.5102 0.8591 0.5337 0.8302
129 0.0640 0.0922 0.9018 0.2676 0.8698 0.2143 0.5103 0.8407 0.7048 0.8073
130 0.0776 0.1097 0.8869 0.3093 0.8539 1.6249 0.7557 0.5100 4.6444 0.4564
131 0.0729 0.1050 0.8917 0.2992 0.8579 0.1680 0.5025 0.8495 0.5901 0.8184
132 0.0573 0.0830 0.9030 0.2548 0.8751 0.1637 0.5159 0.8524 0.5732 0.8155
133 0.0615 0.0879 0.9018 0.2589 0.8730 0.1458 0.4969 0.8380 0.5613 0.8082
134 0.0496 0.0726 0.9119 0.2263 0.8854 0.1402 0.4995 0.8555 0.5098 0.8290
135 0.0481 0.0739 0.9154 0.2114 0.8891 0.1412 0.4926 0.8575 0.5144 0.8267
136 0.0463 0.0663 0.9108 0.2195 0.8845 0.1485 0.4840 0.8636 0.5374 0.8353
137 0.0441 0.0638 0.9162 0.2088 0.8862 0.1661 0.4954 0.8618 0.5811 0.8316
138 0.0450 0.0643 0.9098 0.2230 0.8802 0.1749 0.4971 0.8540 0.5979 0.8204
139 0.0594 0.0852 0.9039 0.2570 0.8713 0.2057 0.5211 0.8466 0.6714 0.8156
140 0.0658 0.0925 0.8987 0.2785 0.8672 0.2002 0.5173 0.8188 0.7133 0.7899
141 0.0761 0.1057 0.8922 0.2998 0.8619 0.1729 0.5032 0.8444 0.6017 0.8161
142 0.0623 0.0877 0.9018 0.2634 0.8733 0.1563 0.4977 0.8281 0.5933 0.7959
143 0.0516 0.0747 0.9074 0.2386 0.8798 0.1535 0.4896 0.8558 0.5470 0.8248
144 0.0469 0.0678 0.9134 0.2181 0.8839 0.1500 0.4890 0.8629 0.5301 0.8349
145 0.0446 0.0655 0.9236 0.1992 0.8981 0.1559 0.4882 0.8661 0.5396 0.8369
146 0.0459 0.0650 0.9193 0.2102 0.8931 0.1659 0.4920 0.8589 0.5868 0.8297
147 0.0471 0.0658 0.9146 0.2132 0.8850 0.1653 0.4747 0.8618 0.5951 0.8298
148 0.0485 0.0706 0.9138 0.2255 0.8857 0.1694 0.4887 0.8558 0.5912 0.8238
149 0.0595 0.0837 0.9073 0.2509 0.8803 0.1689 0.5301 0.8282 0.6445 0.7994
150 0.0674 0.0953 0.8980 0.2772 0.8641 0.2496 0.5342 0.8063 0.8820 0.7679
151 0.0734 0.1021 0.8939 0.3004 0.8628 0.1817 0.5043 0.8339 0.6404 0.7993
152 0.0611 0.0881 0.9047 0.2502 0.8762 0.1612 0.5101 0.8497 0.5860 0.8210
153 0.0495 0.0702 0.9154 0.2184 0.8882 0.1592 0.4815 0.8672 0.5600 0.8364
154 0.0438 0.0621 0.9198 0.1993 0.8927 0.1765 0.4905 0.8696 0.5811 0.8391
155 0.0446 0.0635 0.9185 0.2058 0.8916 0.1674 0.4861 0.8704 0.5643 0.8393
156 0.0430 0.0616 0.9195 0.2005 0.8930 0.1621 0.4799 0.8692 0.5656 0.8383
157 0.0412 0.0582 0.9168 0.2048 0.8891 0.1689 0.4953 0.8704 0.5725 0.8374
158 0.0450 0.0635 0.9144 0.2131 0.8853 0.1789 0.4765 0.8590 0.6265 0.8243
159 0.0548 0.0763 0.9074 0.2456 0.8776 0.2558 0.5231 0.8013 0.8753 0.7572
160 0.0689 0.0985 0.8936 0.2870 0.8633 0.1783 0.5060 0.8413 0.6681 0.8084
161 0.0589 0.0831 0.9024 0.2556 0.8742 0.1985 0.4842 0.8506 0.6668 0.8159
162 0.0566 0.0788 0.9101 0.2415 0.8829 0.1674 0.5051 0.8465 0.5870 0.8167
163 0.0468 0.0658 0.9177 0.2100 0.8907 0.1470 0.4871 0.8520 0.5526 0.8221
164 0.0417 0.0584 0.9209 0.1997 0.8947 0.1639 0.4841 0.8546 0.5636 0.8236
165 0.0408 0.0596 0.9250 0.1866 0.8992 0.1557 0.4813 0.8541 0.5479 0.8233
166 0.0383 0.0535 0.9264 0.1832 0.9014 0.1450 0.4814 0.8630 0.5336 0.8332
167 0.0410 0.0582 0.9224 0.1959 0.8954 0.1781 0.4750 0.8503 0.6257 0.8207
168 0.0403 0.0563 0.9160 0.2075 0.8894 0.1352 0.4937 0.8574 0.5315 0.8269
169 0.0412 0.0596 0.9165 0.2091 0.8910 0.2200 0.5121 0.8353 0.7783 0.8089
170 0.0480 0.0676 0.9077 0.2386 0.8788 0.2050 0.5074 0.8283 0.6989 0.7913
171 0.0508 0.0709 0.9070 0.2344 0.8792 1.0095 0.6209 0.6575 2.8701 0.6179
172 0.0488 0.0682 0.9109 0.2253 0.8841 0.1914 0.4985 0.8329 0.6450 0.8011
173 0.0423 0.0612 0.9155 0.2059 0.8893 0.1887 0.4793 0.8563 0.6470 0.8250
174 0.0380 0.0540 0.9209 0.1907 0.8952 0.1540 0.4754 0.8679 0.5479 0.8365
175 0.0364 0.0522 0.9242 0.1790 0.8975 0.1523 0.4754 0.8650 0.5453 0.8340
176 0.0359 0.0511 0.9252 0.1773 0.9006 0.1856 0.4758 0.8668 0.6302 0.8362
177 0.0348 0.0488 0.9271 0.1779 0.9008 0.1742 0.4857 0.8647 0.6011 0.8386
178 0.0556 0.0750 0.9094 0.2417 0.8799 0.2296 0.4967 0.8461 0.7528 0.8145
179 0.0672 0.0955 0.8953 0.2840 0.8653 0.1603 0.5097 0.8462 0.5766 0.8159
180 0.0699 0.0982 0.8957 0.2899 0.8643 0.1977 0.5346 0.8408 0.6727 0.8102
181 0.0571 0.0827 0.9032 0.2545 0.8745 0.1716 0.5054 0.8454 0.5910 0.8107
182 0.0469 0.0696 0.9114 0.2216 0.8819 0.1636 0.4889 0.8536 0.5778 0.8200
183 0.0436 0.0636 0.9186 0.2035 0.8927 0.1710 0.5032 0.8567 0.6112 0.8302
184 0.0405 0.0572 0.9218 0.1920 0.8971 0.1440 0.4857 0.8682 0.5203 0.8405
185 0.0379 0.0533 0.9269 0.1796 0.9032 0.1448 0.4839 0.8676 0.5261 0.8393
186 0.0367 0.0517 0.9267 0.1773 0.9017 0.1832 0.4823 0.8665 0.6290 0.8401
187 0.0347 0.0494 0.9265 0.1790 0.9003 0.2402 0.4985 0.8551 0.7771 0.8269
188 0.0460 0.0635 0.9214 0.2043 0.8939 0.1868 0.4897 0.8447 0.6660 0.8189
189 0.0553 0.0751 0.9082 0.2476 0.8806 0.1792 0.5113 0.8396 0.6412 0.8097
190 0.0598 0.0853 0.9021 0.2617 0.8707 0.3073 0.5486 0.7722 0.9992 0.7243
191 0.0572 0.0804 0.9057 0.2529 0.8776 0.1924 0.4958 0.8412 0.6660 0.8125
192 0.0515 0.0716 0.9106 0.2297 0.8814 0.1634 0.4810 0.8639 0.5967 0.8316
193 0.0449 0.0637 0.9137 0.2161 0.8864 0.1588 0.4842 0.8574 0.5596 0.8287
194 0.0366 0.0530 0.9252 0.1828 0.8994 0.1801 0.4832 0.8654 0.6222 0.8357
195 0.0351 0.0509 0.9281 0.1733 0.9050 0.1829 0.4828 0.8632 0.6269 0.8357
196 0.0352 0.0496 0.9265 0.1798 0.9020 0.1891 0.4791 0.8635 0.6526 0.8365
197 0.0365 0.0522 0.9275 0.1774 0.9020 0.1579 0.4750 0.8674 0.5827 0.8364
198 0.0417 0.0593 0.9178 0.2034 0.8921 0.2185 0.4841 0.8495 0.7485 0.8168
199 0.0446 0.0634 0.9152 0.2116 0.8882 0.2045 0.5011 0.8359 0.7308 0.8069
200 0.0507 0.0718 0.9105 0.2388 0.8819 0.1491 0.4995 0.8441 0.6014 0.8120
201 0.0463 0.0666 0.9125 0.2205 0.8862 0.1612 0.5187 0.8355 0.6253 0.8064
202 0.0450 0.0645 0.9163 0.2119 0.8899 0.1532 0.4850 0.8656 0.5613 0.8373
203 0.0388 0.0548 0.9236 0.1879 0.8986 0.1523 0.4842 0.8602 0.5593 0.8287
204 0.0379 0.0548 0.9239 0.1836 0.9002 0.1668 0.4751 0.8659 0.5970 0.8343
205 0.0337 0.0466 0.9307 0.1687 0.9064 0.1720 0.4756 0.8675 0.6070 0.8371
206 0.0321 0.0446 0.9301 0.1659 0.9066 0.1718 0.4787 0.8683 0.6066 0.8397
207 0.0341 0.0468 0.9302 0.1727 0.9073 0.1937 0.4832 0.8652 0.6538 0.8361
208 0.0387 0.0552 0.9205 0.1916 0.8939 0.1864 0.4859 0.8566 0.6362 0.8249
209 0.0437 0.0588 0.9204 0.2032 0.8922 0.1977 0.5059 0.8426 0.6781 0.8150
210 0.0686 0.0968 0.8977 0.2832 0.8679 0.1762 0.5004 0.8223 0.6561 0.7891
211 0.0607 0.0865 0.9063 0.2563 0.8761 0.1562 0.5070 0.8378 0.5995 0.8060
212 0.0503 0.0712 0.9125 0.2278 0.8849 0.2428 0.4892 0.8324 0.7987 0.7969
213 0.0420 0.0592 0.9196 0.2047 0.8932 0.1668 0.4867 0.8511 0.6031 0.8254
214 0.0366 0.0517 0.9297 0.1736 0.9054 0.1528 0.4792 0.8582 0.5606 0.8287
215 0.0333 0.0476 0.9302 0.1659 0.9041 0.1519 0.4769 0.8596 0.5579 0.8304
216 0.0327 0.0453 0.9339 0.1624 0.9099 0.1582 0.4790 0.8574 0.5754 0.8264
217 0.0339 0.0476 0.9277 0.1723 0.9024 0.1858 0.4816 0.8561 0.6257 0.8234
218 0.0383 0.0524 0.9226 0.1892 0.8963 0.1751 0.4868 0.8496 0.6297 0.8192
219 0.0351 0.0493 0.9234 0.1842 0.8970 0.2320 0.4909 0.8496 0.7667 0.8201
220 0.0490 0.0677 0.9099 0.2306 0.8822 0.2359 0.5005 0.8288 0.7774 0.7972
221 0.0587 0.0809 0.9066 0.2465 0.8770 0.1899 0.4972 0.8181 0.7151 0.7850
222 0.0552 0.0761 0.9106 0.2365 0.8823 0.1863 0.5073 0.8444 0.6489 0.8127
223 0.0438 0.0609 0.9242 0.1975 0.8981 0.1807 0.4871 0.8488 0.6402 0.8209
224 0.0381 0.0537 0.9217 0.1866 0.8972 0.1421 0.4784 0.8597 0.5315 0.8306
225 0.0372 0.0556 0.9331 0.1668 0.9104 0.1387 0.4794 0.8610 0.5195 0.8310
226 0.0353 0.0501 0.9303 0.1690 0.9062 0.1687 0.4778 0.8625 0.5997 0.8339
227 0.0333 0.0466 0.9322 0.1658 0.9101 0.1784 0.4718 0.8536 0.6401 0.8260
228 0.0548 0.0754 0.9142 0.2318 0.8859 0.1476 0.4945 0.8454 0.5954 0.8160
229 0.0471 0.0661 0.9133 0.2209 0.8859 0.1965 0.4989 0.8498 0.6540 0.8174
230 0.0468 0.0695 0.9155 0.2172 0.8899 0.2414 0.5188 0.8329 0.7794 0.8023
231 0.0548 0.0784 0.9038 0.2429 0.8748 0.1565 0.5053 0.8433 0.5837 0.8114
232 0.0459 0.0666 0.9161 0.2106 0.8895 0.1906 0.5031 0.8540 0.6760 0.8230
233 0.0380 0.0526 0.9230 0.1851 0.8984 0.1403 0.4811 0.8727 0.5447 0.8421
234 0.0358 0.0509 0.9277 0.1777 0.9041 0.1450 0.4838 0.8679 0.5428 0.8373
235 0.0312 0.0447 0.9309 0.1600 0.9087 0.1495 0.4822 0.8689 0.5573 0.8412
236 0.0316 0.0457 0.9291 0.1646 0.9063 0.1526 0.4821 0.8731 0.5576 0.8438
237 0.0339 0.0485 0.9313 0.1665 0.9076 0.1988 0.4802 0.8515 0.6892 0.8212
238 0.0356 0.0495 0.9313 0.1737 0.9068 0.1509 0.4810 0.8666 0.5399 0.8364
239 0.0388 0.0535 0.9231 0.1871 0.8970 0.1576 0.4865 0.8560 0.6071 0.8249
240 0.0457 0.0614 0.9171 0.2169 0.8877 0.1606 0.5324 0.8286 0.6212 0.8034
241 0.0502 0.0699 0.9168 0.2199 0.8910 0.2610 0.5227 0.8040 0.8818 0.7683
242 0.0413 0.0594 0.9207 0.1981 0.8951 0.2053 0.4872 0.8421 0.7389 0.8114
243 0.0362 0.0501 0.9251 0.1741 0.8998 0.1733 0.4788 0.8628 0.6285 0.8334
244 0.0319 0.0446 0.9313 0.1609 0.9082 0.1853 0.4753 0.8637 0.6498 0.8346
245 0.0290 0.0405 0.9337 0.1552 0.9129 0.1824 0.4742 0.8647 0.6431 0.8352
246 0.0298 0.0418 0.9343 0.1564 0.9104 0.1854 0.4801 0.8601 0.6487 0.8323
247 0.0315 0.0438 0.9268 0.1666 0.9024 0.1731 0.4754 0.8645 0.6317 0.8367
248 0.0295 0.0416 0.9335 0.1594 0.9107 0.1951 0.4808 0.8647 0.6645 0.8350
249 0.0334 0.0462 0.9253 0.1777 0.8990 0.1836 0.4873 0.8462 0.6751 0.8191
