epoch train_iou train_loss train_mAP val_iou val_mAP
0 0.6318 1.1401 0.5621 0.7383 0.6731
1 0.7602 0.7641 0.7023 0.7861 0.7322
2 0.7911 0.6611 0.7425 0.8039 0.7599
3 0.8215 0.5739 0.7756 0.8146 0.7821
4 0.8297 0.5327 0.7870 0.8239 0.7901
5 0.8426 0.4929 0.8008 0.8234 0.7895
6 0.8449 0.4834 0.8034 0.8174 0.7864
7 0.8334 0.5230 0.7912 0.8234 0.7904
8 0.8387 0.5208 0.7960 0.8179 0.7832
9 0.8334 0.5176 0.7953 0.8221 0.7820
10 0.8358 0.5239 0.7969 0.8251 0.7891
11 0.8395 0.5081 0.8015 0.8194 0.7726
12 0.8541 0.4507 0.8169 0.8383 0.8020
13 0.8676 0.3990 0.8321 0.8340 0.8061
14 0.8812 0.3603 0.8456 0.8467 0.8129
15 0.8852 0.3440 0.8507 0.8465 0.8134
16 0.8865 0.3333 0.8562 0.8414 0.8117
17 0.8778 0.3578 0.8443 0.8395 0.8105
18 0.8700 0.3822 0.8385 0.8454 0.8099
19 0.8622 0.4270 0.8244 0.8223 0.7796
20 0.8609 0.4263 0.8229 0.8223 0.7973
21 0.8668 0.4161 0.8320 0.8319 0.7996
22 0.8759 0.3747 0.8432 0.8312 0.8029
23 0.8898 0.3206 0.8581 0.8431 0.8129
24 0.9000 0.2896 0.8697 0.8521 0.8225
25 0.8949 0.2910 0.8641 0.8531 0.8239
26 0.9009 0.2680 0.8708 0.8477 0.8207
27 0.8980 0.2914 0.8670 0.8552 0.8269
28 0.8957 0.3020 0.8658 0.8375 0.8034
29 0.8779 0.3723 0.8450 0.8308 0.8007
30 0.8675 0.4061 0.8354 0.8322 0.8029
31 0.8820 0.3606 0.8482 0.8464 0.8160
32 0.8891 0.3282 0.8582 0.8403 0.8151
33 0.9001 0.2941 0.8702 0.8525 0.8251
34 0.9050 0.2671 0.8756 0.8532 0.8260
35 0.9057 0.2580 0.8771 0.8521 0.8259
36 0.9108 0.2446 0.8836 0.8520 0.8249
37 0.9089 0.2628 0.8819 0.8449 0.8146
38 0.9017 0.2762 0.8707 0.8512 0.8231
39 0.8918 0.3177 0.8605 0.8314 0.8051
40 0.8749 0.3725 0.8427 0.8466 0.8196
41 0.8965 0.3050 0.8662 0.8526 0.8211
42 0.8971 0.3095 0.8663 0.8586 0.8301
43 0.9077 0.2567 0.8782 0.8511 0.8234
44 0.9080 0.2517 0.8786 0.8500 0.8231
45 0.9165 0.2248 0.8898 0.8486 0.8228
46 0.9156 0.2264 0.8873 0.8514 0.8244
47 0.9127 0.2370 0.8836 0.8532 0.8269
48 0.9082 0.2458 0.8804 0.8615 0.8344
49 0.9029 0.2834 0.8741 0.8390 0.8139
50 0.8911 0.3176 0.8615 0.8383 0.8109
51 0.8897 0.3283 0.8587 0.8487 0.8191
52 0.9020 0.2821 0.8731 0.8532 0.8250
53 0.9070 0.2587 0.8786 0.8653 0.8382
54 0.9122 0.2340 0.8870 0.8610 0.8377
55 0.9228 0.2071 0.8972 0.8588 0.8350
56 0.9144 0.2279 0.8887 0.8593 0.8319
57 0.9164 0.2246 0.8903 0.8528 0.8276
58 0.9181 0.2268 0.8923 0.8574 0.8320
59 0.9087 0.2484 0.8821 0.8580 0.8306
60 0.8944 0.3055 0.8654 0.8537 0.8224
61 0.9017 0.2748 0.8742 0.8529 0.8265
62 0.9160 0.2295 0.8894 0.8578 0.8316
63 0.9224 0.2115 0.8993 0.8558 0.8320
64 0.9188 0.2101 0.8941 0.8583 0.8350
65 0.9271 0.1921 0.9028 0.8585 0.8357
66 0.9233 0.1960 0.8992 0.8592 0.8347
67 0.9258 0.1913 0.9030 0.8532 0.8275
68 0.9220 0.2069 0.8974 0.8608 0.8366
69 0.9137 0.2381 0.8869 0.8452 0.8200
70 0.9014 0.2894 0.8751 0.8416 0.8127
71 0.9025 0.2821 0.8744 0.8521 0.8260
72 0.9081 0.2573 0.8812 0.8478 0.8242
73 0.9188 0.2195 0.8931 0.8567 0.8319
74 0.9218 0.1991 0.8968 0.8591 0.8363
75 0.9243 0.1945 0.8999 0.8656 0.8421
76 0.9266 0.1855 0.9046 0.8603 0.8376
77 0.9238 0.1951 0.9013 0.8589 0.8350
78 0.9227 0.2048 0.8990 0.8525 0.8285
79 0.9167 0.2325 0.8907 0.8476 0.8204
80 0.8869 0.3477 0.8579 0.8417 0.8154
81 0.8988 0.2970 0.8727 0.8461 0.8227
82 0.9150 0.2403 0.8891 0.8577 0.8344
83 0.9198 0.2213 0.8959 0.8584 0.8355
84 0.9239 0.1964 0.9007 0.8621 0.8390
85 0.9287 0.1884 0.9071 0.8612 0.8389
86 0.9281 0.1850 0.9039 0.8622 0.8376
87 0.9271 0.1866 0.9050 0.8609 0.8386
88 0.9206 0.2102 0.8963 0.8581 0.8306
89 0.9181 0.2226 0.8944 0.8418 0.8196
90 0.9091 0.2601 0.8825 0.8481 0.8204
91 0.9170 0.2405 0.8922 0.8550 0.8286
92 0.9182 0.2177 0.8918 0.8555 0.8339
93 0.9234 0.2036 0.9017 0.8573 0.8345
94 0.9281 0.1794 0.9067 0.8584 0.8350
95 0.9311 0.1770 0.9096 0.8607 0.8365
96 0.9331 0.1723 0.9136 0.8575 0.8332
97 0.9319 0.1725 0.9113 0.8599 0.8364
98 0.9295 0.1817 0.9076 0.8564 0.8339
99 0.9161 0.2220 0.8923 0.8427 0.8146
100 0.9264 0.1999 0.9060 0.8550 0.8315
101 0.9280 0.1850 0.9068 0.8572 0.8299
102 0.9348 0.1703 0.9137 0.8549 0.8275
103 0.9330 0.1652 0.9129 0.8634 0.8407
104 0.9325 0.1691 0.9132 0.8589 0.8347
105 0.9401 0.1526 0.9208 0.8602 0.8370
106 0.9357 0.1605 0.9171 0.8569 0.8330
107 0.9357 0.1608 0.9157 0.8552 0.8304
108 0.9336 0.1619 0.9152 0.8578 0.8360
109 0.9335 0.1611 0.9139 0.8606 0.8390
110 0.9340 0.1699 0.9148 0.8511 0.8279
111 0.9333 0.1692 0.9129 0.8577 0.8346
112 0.9327 0.1653 0.9126 0.8614 0.8399
113 0.9386 0.1539 0.9199 0.8582 0.8361
114 0.9380 0.1479 0.9204 0.8590 0.8369
115 0.9373 0.1507 0.9178 0.8560 0.8344
116 0.9404 0.1457 0.9213 0.8612 0.8391
117 0.9391 0.1486 0.9216 0.8639 0.8426
118 0.9370 0.1515 0.9178 0.8642 0.8425
119 0.9304 0.1637 0.9094 0.8572 0.8325
120 0.9359 0.1712 0.9157 0.8568 0.8329
121 0.9326 0.1714 0.9122 0.8520 0.8300
122 0.9366 0.1610 0.9179 0.8583 0.8338
123 0.9374 0.1569 0.9193 0.8632 0.8407
124 0.9385 0.1538 0.9209 0.8598 0.8371
125 0.9439 0.1374 0.9277 0.8592 0.8363
126 0.9399 0.1467 0.9207 0.8614 0.8374
127 0.9406 0.1483 0.9230 0.8582 0.8361
128 0.9408 0.1424 0.9237 0.8575 0.8351
129 0.9387 0.1512 0.9196 0.8535 0.8311
130 0.9340 0.1645 0.9136 0.8599 0.8371
131 0.9342 0.1648 0.9138 0.8643 0.8419
132 0.9376 0.1621 0.9178 0.8614 0.8375
133 0.9433 0.1485 0.9269 0.8654 0.8425
134 0.9422 0.1425 0.9267 0.8589 0.8357
135 0.9444 0.1395 0.9268 0.8617 0.8385
136 0.9427 0.1380 0.9260 0.8653 0.8406
137 0.9418 0.1423 0.9248 0.8632 0.8387
138 0.9419 0.1422 0.9242 0.8651 0.8404
139 0.9364 0.1615 0.9180 0.8575 0.8356
140 0.9347 0.1687 0.9154 0.8557 0.8314
141 0.9329 0.1837 0.9144 0.8642 0.8401
142 0.9355 0.1650 0.9167 0.8613 0.8371
143 0.9354 0.1545 0.9170 0.8655 0.8405
144 0.9414 0.1472 0.9253 0.8611 0.8361
145 0.9428 0.1404 0.9267 0.8615 0.8364
146 0.9451 0.1357 0.9281 0.8623 0.8386
147 0.9419 0.1399 0.9257 0.8626 0.8410
148 0.9392 0.1456 0.9211 0.8609 0.8391
149 0.9402 0.1469 0.9224 0.8628 0.8375
150 0.9352 0.1580 0.9173 0.8599 0.8388
151 0.9396 0.1541 0.9209 0.8632 0.8419
152 0.9373 0.1526 0.9195 0.8625 0.8401
153 0.9425 0.1452 0.9245 0.8629 0.8404
154 0.9452 0.1295 0.9295 0.8650 0.8421
155 0.9438 0.1342 0.9278 0.8641 0.8414
156 0.9453 0.1320 0.9291 0.8643 0.8420
157 0.9447 0.1332 0.9275 0.8607 0.8366
158 0.9404 0.1416 0.9237 0.8629 0.8403
159 0.9440 0.1355 0.9273 0.8590 0.8367
160 0.9416 0.1398 0.9264 0.8573 0.8369
161 0.9455 0.1318 0.9297 0.8626 0.8413
162 0.9463 0.1312 0.9311 0.8636 0.8406
163 0.9474 0.1264 0.9336 0.8626 0.8390
164 0.9483 0.1264 0.9333 0.8663 0.8430
165 0.9490 0.1212 0.9339 0.8613 0.8385
166 0.9466 0.1247 0.9305 0.8634 0.8405
167 0.9434 0.1308 0.9265 0.8670 0.8454
168 0.9466 0.1263 0.9318 0.8628 0.8401
169 0.9463 0.1254 0.9308 0.8648 0.8432
170 0.9474 0.1292 0.9327 0.8648 0.8429
171 0.9489 0.1204 0.9341 0.8651 0.8436
172 0.9490 0.1232 0.9354 0.8642 0.8419
173 0.9524 0.1163 0.9392 0.8647 0.8421
174 0.9495 0.1217 0.9347 0.8643 0.8420
175 0.9491 0.1208 0.9351 0.8641 0.8419
176 0.9511 0.1183 0.9375 0.8650 0.8424
177 0.9482 0.1227 0.9335 0.8639 0.8407
178 0.9486 0.1249 0.9331 0.8613 0.8400
179 0.9474 0.1229 0.9317 0.8647 0.8432
180 0.9459 0.1236 0.9304 0.8618 0.8401
181 0.9498 0.1210 0.9342 0.8653 0.8440
182 0.9495 0.1203 0.9350 0.8655 0.8429
183 0.9508 0.1163 0.9362 0.8649 0.8423
184 0.9471 0.1255 0.9325 0.8633 0.8408
185 0.9519 0.1167 0.9384 0.8638 0.8419
186 0.9505 0.1205 0.9365 0.8635 0.8416
187 0.9478 0.1241 0.9327 0.8648 0.8419
188 0.9533 0.1164 0.9397 0.8646 0.8427
189 0.9453 0.1262 0.9328 0.8617 0.8391
190 0.9502 0.1167 0.9354 0.8646 0.8432
191 0.9495 0.1191 0.9343 0.8632 0.8401
192 0.9527 0.1130 0.9397 0.8613 0.8379
193 0.9478 0.1219 0.9330 0.8627 0.8401
194 0.9502 0.1153 0.9376 0.8633 0.8407
195 0.9480 0.1201 0.9345 0.8653 0.8423
196 0.9513 0.1152 0.9372 0.8633 0.8413
197 0.9504 0.1181 0.9359 0.8620 0.8391
198 0.9507 0.1157 0.9372 0.8653 0.8420
199 0.9470 0.1220 0.9320 0.8657 0.8422
