epoch BCELoss SoftDiceLoss iou loss mAP
0 0.3736 0.2877 0.6155 0.6611 0.5263
1 0.2615 0.2665 0.6754 0.5279 0.6165
2 0.2241 0.2047 0.7309 0.4290 0.6834
3 0.2498 0.2029 0.7198 0.4528 0.6764
4 0.1616 0.2029 0.7382 0.3651 0.6763
5 0.1618 0.1701 0.7720 0.3324 0.7287
6 0.2060 0.1551 0.7656 0.3615 0.7151
7 0.3045 0.1822 0.7472 0.4869 0.6996
8 0.1562 0.1568 0.7778 0.3137 0.7291
9 0.1732 0.1599 0.7792 0.3338 0.7343
10 0.1897 0.1497 0.7701 0.3398 0.7275
11 0.2919 0.1874 0.7480 0.4798 0.6993
12 0.2058 0.1750 0.7471 0.3814 0.7060
13 0.3739 0.2215 0.7036 0.5958 0.6629
14 0.1949 0.1515 0.7840 0.3471 0.7445
15 0.1839 0.1357 0.7858 0.3203 0.7445
16 0.1741 0.1501 0.7796 0.3251 0.7379
17 0.2343 0.1616 0.7590 0.3965 0.7135
18 0.1420 0.1303 0.7970 0.2733 0.7582
19 0.1716 0.1389 0.7860 0.3115 0.7430
20 0.3284 0.1918 0.7648 0.5207 0.7243
21 0.1891 0.1189 0.8022 0.3087 0.7595
22 0.2237 0.1389 0.7967 0.3634 0.7569
23 0.2225 0.1426 0.7888 0.3660 0.7490
24 0.2239 0.1491 0.7642 0.3735 0.7221
25 0.1491 0.1122 0.8042 0.2622 0.7683
26 0.1566 0.1087 0.8066 0.2662 0.7688
27 0.1589 0.1049 0.8118 0.2648 0.7760
28 0.1582 0.1036 0.8193 0.2627 0.7822
29 0.1605 0.1056 0.8133 0.2670 0.7763
30 0.1555 0.0983 0.8223 0.2547 0.7838
31 0.1567 0.0986 0.8225 0.2562 0.7833
32 0.1627 0.1041 0.8158 0.2677 0.7748
33 0.1624 0.0946 0.8207 0.2578 0.7821
34 0.1607 0.0973 0.8223 0.2588 0.7834
35 0.1587 0.0953 0.8250 0.2549 0.7857
36 0.1609 0.0953 0.8271 0.2571 0.7883
37 0.1637 0.0939 0.8228 0.2585 0.7849
38 0.1632 0.0938 0.8242 0.2578 0.7859
39 0.1619 0.0926 0.8260 0.2554 0.7867
40 0.1660 0.0948 0.8235 0.2617 0.7841
41 0.1681 0.0934 0.8213 0.2623 0.7823
42 0.1642 0.0923 0.8218 0.2573 0.7822
43 0.1683 0.0926 0.8214 0.2619 0.7825
44 0.1684 0.0938 0.8256 0.2631 0.7870
45 0.1681 0.0926 0.8238 0.2616 0.7844
46 0.1691 0.0922 0.8235 0.2622 0.7838
47 0.1729 0.0923 0.8250 0.2661 0.7862
48 0.1744 0.0937 0.8231 0.2689 0.7846
49 0.1796 0.0934 0.8268 0.2739 0.7863
50 0.1788 0.0928 0.8244 0.2725 0.7863
51 0.1769 0.0939 0.8241 0.2716 0.7846
52 0.1766 0.0941 0.8260 0.2716 0.7849
53 0.1779 0.0926 0.8278 0.2713 0.7889
54 0.1765 0.0931 0.8268 0.2704 0.7871
55 0.1778 0.0954 0.8243 0.2740 0.7835
56 0.1757 0.0933 0.8252 0.2699 0.7849
57 0.1760 0.0929 0.8253 0.2698 0.7869
58 0.1751 0.0921 0.8285 0.2681 0.7877
59 0.1757 0.0928 0.8275 0.2694 0.7882
60 0.1754 0.0928 0.8259 0.2690 0.7869
61 0.1813 0.0959 0.8225 0.2781 0.7826
62 0.1759 0.0921 0.8265 0.2688 0.7868
63 0.1789 0.0940 0.8271 0.2738 0.7881
64 0.1754 0.0932 0.8269 0.2694 0.7863
65 0.1755 0.0952 0.8244 0.2716 0.7828
66 0.1776 0.0943 0.8248 0.2728 0.7846
67 0.1734 0.0925 0.8241 0.2667 0.7833
68 0.1768 0.0923 0.8280 0.2700 0.7873
69 0.1782 0.0934 0.8254 0.2724 0.7850
70 0.1775 0.0933 0.8269 0.2717 0.7871
71 0.1788 0.0925 0.8270 0.2721 0.7865
72 0.1782 0.0920 0.8272 0.2711 0.7871
73 0.1789 0.0947 0.8276 0.2745 0.7861
74 0.1784 0.0925 0.8258 0.2718 0.7862
75 0.1769 0.0928 0.8275 0.2706 0.7868
76 0.1795 0.0938 0.8236 0.2741 0.7823
77 0.1778 0.0929 0.8275 0.2715 0.7874
78 0.1745 0.0928 0.8230 0.2681 0.7814
79 0.1780 0.0960 0.8265 0.2748 0.7847
80 0.1773 0.0930 0.8255 0.2712 0.7851
81 0.1782 0.0932 0.8260 0.2723 0.7845
82 0.1782 0.0921 0.8264 0.2711 0.7858
83 0.1780 0.0935 0.8225 0.2723 0.7839
84 0.1752 0.0928 0.8269 0.2688 0.7864
85 0.1801 0.0932 0.8267 0.2741 0.7852
86 0.1782 0.0936 0.8232 0.2727 0.7834
87 0.1797 0.0919 0.8282 0.2725 0.7880
88 0.1801 0.0945 0.8268 0.2754 0.7852
89 0.1793 0.0945 0.8242 0.2747 0.7855
90 0.1755 0.0935 0.8247 0.2699 0.7823
91 0.1787 0.0949 0.8252 0.2744 0.7838
92 0.1769 0.0936 0.8261 0.2714 0.7865
93 0.1771 0.0936 0.8260 0.2715 0.7847
94 0.1769 0.0920 0.8248 0.2697 0.7844
95 0.1795 0.0929 0.8249 0.2732 0.7847
96 0.1769 0.0934 0.8267 0.2712 0.7869
97 0.1769 0.0925 0.8281 0.2703 0.7880
98 0.1791 0.0926 0.8236 0.2726 0.7826
99 0.1785 0.0945 0.8257 0.2738 0.7850
