epoch train_iou train_loss train_mAP val_iou val_mAP
0 0.6244 1.1484 0.5473 0.6791 0.5868
1 0.7148 0.9041 0.6523 0.7150 0.6572
2 0.7403 0.8229 0.6758 0.7487 0.6960
3 0.7596 0.7739 0.7003 0.7589 0.7077
4 0.7771 0.7096 0.7256 0.7793 0.7288
5 0.7856 0.6679 0.7328 0.7804 0.7331
6 0.7848 0.6734 0.7333 0.7769 0.7310
7 0.7736 0.7200 0.7193 0.7904 0.7412
8 0.7723 0.7186 0.7146 0.7889 0.7452
9 0.7785 0.7040 0.7270 0.7903 0.7548
10 0.7951 0.6504 0.7477 0.7976 0.7614
11 0.8025 0.6267 0.7573 0.7984 0.7514
12 0.8138 0.5762 0.7674 0.8204 0.7827
13 0.8266 0.5443 0.7848 0.8235 0.7889
14 0.8322 0.5198 0.7914 0.8160 0.7820
15 0.8401 0.4899 0.8005 0.8204 0.7859
16 0.8416 0.4967 0.8016 0.8225 0.7875
17 0.8358 0.5012 0.7938 0.8214 0.7862
18 0.8250 0.5468 0.7833 0.8143 0.7839
19 0.8263 0.5529 0.7838 0.8303 0.7940
20 0.8209 0.5713 0.7752 0.7829 0.7292
21 0.8231 0.5701 0.7808 0.8164 0.7817
22 0.8369 0.5116 0.7969 0.8316 0.7953
23 0.8467 0.4757 0.8068 0.8428 0.8065
24 0.8532 0.4410 0.8159 0.8412 0.8088
25 0.8639 0.4113 0.8273 0.8411 0.8085
26 0.8563 0.4349 0.8171 0.8381 0.8079
27 0.8581 0.4322 0.8193 0.8410 0.8055
28 0.8557 0.4480 0.8179 0.8052 0.7679
29 0.8473 0.4726 0.8075 0.8245 0.7844
30 0.8336 0.5325 0.7959 0.8379 0.7980
31 0.8374 0.5064 0.7972 0.8029 0.7736
32 0.8411 0.4888 0.8018 0.8393 0.8041
33 0.8603 0.4246 0.8241 0.8310 0.7947
34 0.8655 0.3958 0.8289 0.8482 0.8160
35 0.8716 0.3669 0.8350 0.8473 0.8139
36 0.8695 0.3767 0.8319 0.8405 0.8123
37 0.8695 0.3892 0.8325 0.8316 0.7990
38 0.8612 0.4252 0.8269 0.8398 0.8099
39 0.8520 0.4443 0.8143 0.8378 0.8020
40 0.8462 0.4851 0.8081 0.8228 0.7940
41 0.8472 0.4589 0.8081 0.8328 0.8054
42 0.8624 0.4264 0.8270 0.8374 0.8058
43 0.8639 0.4074 0.8281 0.8516 0.8188
44 0.8744 0.3656 0.8363 0.8489 0.8171
45 0.8837 0.3431 0.8505 0.8519 0.8214
46 0.8844 0.3398 0.8495 0.8526 0.8220
47 0.8823 0.3584 0.8487 0.8529 0.8225
48 0.8741 0.3820 0.8383 0.8498 0.8133
49 0.8636 0.4077 0.8262 0.8395 0.8083
50 0.8628 0.4271 0.8252 0.8382 0.8052
51 0.8622 0.4182 0.8263 0.8468 0.8111
52 0.8716 0.3871 0.8359 0.8550 0.8239
53 0.8848 0.3564 0.8503 0.8538 0.8254
54 0.8843 0.3313 0.8494 0.8567 0.8282
55 0.8928 0.3129 0.8599 0.8605 0.8305
56 0.8869 0.3189 0.8532 0.8627 0.8319
57 0.8847 0.3303 0.8502 0.8487 0.8169
58 0.8780 0.3517 0.8444 0.8522 0.8212
59 0.8679 0.3846 0.8312 0.8456 0.8124
60 0.8573 0.4362 0.8217 0.8285 0.7990
61 0.8664 0.4001 0.8311 0.8467 0.8167
62 0.8712 0.3777 0.8373 0.8495 0.8215
63 0.8805 0.3470 0.8468 0.8565 0.8256
64 0.8889 0.3188 0.8565 0.8636 0.8328
65 0.8882 0.3109 0.8548 0.8618 0.8325
66 0.8941 0.2972 0.8601 0.8568 0.8313
67 0.8923 0.3145 0.8599 0.8510 0.8224
68 0.8835 0.3370 0.8482 0.8494 0.8180
69 0.8765 0.3612 0.8432 0.8597 0.8267
70 0.8740 0.3820 0.8375 0.8468 0.8081
71 0.8769 0.3680 0.8418 0.8336 0.7981
72 0.8808 0.3461 0.8473 0.8549 0.8227
73 0.8937 0.3012 0.8609 0.8545 0.8268
74 0.8968 0.2886 0.8662 0.8550 0.8282
75 0.8963 0.2824 0.8655 0.8616 0.8349
76 0.9003 0.2803 0.8682 0.8572 0.8275
77 0.8993 0.2810 0.8654 0.8522 0.8240
78 0.8865 0.3149 0.8505 0.8437 0.8082
79 0.8855 0.3361 0.8523 0.8401 0.7971
80 0.8723 0.3872 0.8367 0.8295 0.7945
81 0.8832 0.3439 0.8524 0.8500 0.8202
82 0.8897 0.3237 0.8574 0.8453 0.8189
83 0.8948 0.2953 0.8606 0.8577 0.8292
84 0.9047 0.2676 0.8737 0.8599 0.8298
85 0.8984 0.2741 0.8657 0.8565 0.8258
86 0.9044 0.2623 0.8714 0.8588 0.8290
87 0.9020 0.2678 0.8693 0.8496 0.8224
88 0.8976 0.2879 0.8662 0.8584 0.8314
89 0.8860 0.3359 0.8521 0.8419 0.8121
90 0.8794 0.3614 0.8457 0.8419 0.8126
91 0.8800 0.3580 0.8467 0.8260 0.8000
92 0.8924 0.3184 0.8582 0.8495 0.8178
93 0.8953 0.2916 0.8632 0.8675 0.8362
94 0.9007 0.2728 0.8683 0.8643 0.8353
95 0.9090 0.2546 0.8783 0.8634 0.8364
96 0.9058 0.2538 0.8743 0.8637 0.8365
97 0.9022 0.2728 0.8709 0.8483 0.8221
98 0.8995 0.2810 0.8681 0.8230 0.7945
99 0.8940 0.3013 0.8625 0.8404 0.8075
100 0.8902 0.3088 0.8581 0.8629 0.8340
101 0.9023 0.2772 0.8723 0.8582 0.8255
102 0.9063 0.2590 0.8754 0.8537 0.8246
103 0.9081 0.2501 0.8785 0.8618 0.8321
104 0.9096 0.2411 0.8793 0.8580 0.8252
105 0.9126 0.2339 0.8846 0.8569 0.8254
106 0.9146 0.2289 0.8853 0.8595 0.8304
107 0.9106 0.2415 0.8806 0.8571 0.8264
108 0.9113 0.2299 0.8813 0.8574 0.8261
109 0.9091 0.2514 0.8781 0.8545 0.8260
110 0.9012 0.2773 0.8702 0.8436 0.8165
111 0.9066 0.2567 0.8776 0.8589 0.8309
112 0.9066 0.2439 0.8754 0.8527 0.8184
113 0.9134 0.2356 0.8834 0.8647 0.8338
114 0.9126 0.2265 0.8844 0.8654 0.8356
115 0.9143 0.2258 0.8852 0.8649 0.8357
116 0.9157 0.2266 0.8863 0.8662 0.8373
117 0.9194 0.2140 0.8922 0.8643 0.8343
118 0.9146 0.2240 0.8845 0.8590 0.8310
119 0.9116 0.2306 0.8811 0.8558 0.8299
120 0.9134 0.2315 0.8852 0.8637 0.8327
121 0.9115 0.2369 0.8831 0.8651 0.8346
122 0.9136 0.2309 0.8850 0.8628 0.8325
123 0.9164 0.2216 0.8892 0.8548 0.8261
124 0.9144 0.2246 0.8855 0.8646 0.8325
125 0.9132 0.2178 0.8840 0.8691 0.8357
126 0.9166 0.2089 0.8874 0.8663 0.8351
127 0.9167 0.2108 0.8889 0.8629 0.8327
128 0.9184 0.2168 0.8902 0.8583 0.8298
129 0.9152 0.2278 0.8875 0.8631 0.8338
130 0.9152 0.2273 0.8870 0.8518 0.8263
131 0.9105 0.2358 0.8813 0.8615 0.8317
132 0.9167 0.2193 0.8895 0.8604 0.8321
133 0.9160 0.2173 0.8885 0.8615 0.8332
134 0.9188 0.2103 0.8914 0.8667 0.8361
135 0.9196 0.2029 0.8911 0.8648 0.8352
136 0.9248 0.1948 0.8986 0.8665 0.8359
137 0.9213 0.2148 0.8945 0.8620 0.8325
138 0.9155 0.2200 0.8902 0.8637 0.8338
139 0.9146 0.2221 0.8852 0.8642 0.8338
140 0.9138 0.2333 0.8850 0.8608 0.8332
141 0.9143 0.2338 0.8838 0.8580 0.8269
142 0.9183 0.2147 0.8913 0.8639 0.8340
143 0.9163 0.2206 0.8875 0.8582 0.8278
144 0.9164 0.2106 0.8887 0.8623 0.8309
145 0.9223 0.2016 0.8946 0.8602 0.8305
146 0.9228 0.1973 0.8964 0.8674 0.8369
147 0.9227 0.1998 0.8943 0.8678 0.8377
148 0.9186 0.2095 0.8885 0.8619 0.8305
149 0.9138 0.2243 0.8890 0.8582 0.8296
150 0.9142 0.2210 0.8861 0.8521 0.8225
151 0.9163 0.2217 0.8885 0.8509 0.8212
152 0.9145 0.2290 0.8861 0.8714 0.8416
153 0.9182 0.2098 0.8907 0.8587 0.8291
154 0.9190 0.2077 0.8923 0.8667 0.8407
155 0.9231 0.1991 0.8965 0.8643 0.8376
156 0.9228 0.1979 0.8967 0.8688 0.8429
157 0.9239 0.1948 0.8960 0.8644 0.8375
158 0.9197 0.2149 0.8922 0.8685 0.8371
159 0.9194 0.2112 0.8905 0.8606 0.8333
160 0.9159 0.2131 0.8876 0.8687 0.8424
161 0.9259 0.1992 0.9004 0.8702 0.8398
162 0.9208 0.1949 0.8942 0.8713 0.8418
163 0.9242 0.1923 0.8977 0.8665 0.8394
164 0.9243 0.1879 0.8998 0.8670 0.8379
165 0.9252 0.1953 0.9000 0.8715 0.8434
166 0.9215 0.1945 0.8941 0.8679 0.8397
167 0.9228 0.1945 0.8966 0.8729 0.8435
168 0.9264 0.1851 0.9011 0.8723 0.8429
169 0.9279 0.1815 0.9032 0.8738 0.8433
170 0.9275 0.1814 0.9017 0.8719 0.8433
171 0.9288 0.1802 0.9037 0.8727 0.8442
172 0.9247 0.1866 0.8987 0.8727 0.8445
173 0.9260 0.1822 0.9014 0.8674 0.8377
174 0.9245 0.1826 0.8996 0.8661 0.8364
175 0.9267 0.1790 0.9010 0.8689 0.8399
176 0.9277 0.1789 0.9012 0.8650 0.8375
177 0.9241 0.1902 0.8980 0.8666 0.8371
178 0.9243 0.1848 0.8993 0.8673 0.8365
179 0.9259 0.1826 0.8997 0.8733 0.8434
180 0.9256 0.1833 0.9002 0.8701 0.8410
181 0.9241 0.1863 0.8967 0.8704 0.8403
182 0.9233 0.1845 0.8979 0.8744 0.8435
183 0.9265 0.1802 0.9025 0.8688 0.8377
184 0.9283 0.1758 0.9031 0.8711 0.8413
185 0.9260 0.1793 0.8998 0.8685 0.8395
186 0.9244 0.1805 0.8982 0.8715 0.8427
187 0.9246 0.1802 0.8991 0.8699 0.8409
188 0.9249 0.1835 0.8997 0.8689 0.8413
189 0.9272 0.1740 0.9014 0.8723 0.8428
190 0.9252 0.1808 0.8983 0.8748 0.8440
191 0.9267 0.1798 0.9018 0.8731 0.8416
192 0.9288 0.1773 0.9023 0.8747 0.8453
193 0.9299 0.1781 0.9063 0.8755 0.8456
194 0.9284 0.1744 0.9030 0.8712 0.8427
195 0.9304 0.1756 0.9045 0.8712 0.8421
196 0.9238 0.1782 0.8987 0.8743 0.8433
197 0.9283 0.1750 0.9037 0.8682 0.8406
198 0.9281 0.1801 0.9031 0.8725 0.8444
199 0.9293 0.1753 0.9047 0.8713 0.8421
