epoch train_iou train_loss train_mAP val_iou val_loss val_mAP
0 0.6326 1.1343 0.5670 0.7066 0.9164 0.6468
1 0.7182 0.8597 0.6569 0.7375 0.7961 0.6816
2 0.7512 0.7649 0.6928 0.7686 0.7111 0.7254
3 0.7765 0.6737 0.7239 0.7512 0.8206 0.7060
4 0.7887 0.6363 0.7363 0.7993 0.6244 0.7638
5 0.7965 0.6005 0.7495 0.7998 0.5982 0.7590
6 0.7913 0.6185 0.7410 0.7990 0.6165 0.7554
7 0.7905 0.6398 0.7399 0.7922 0.6239 0.7505
8 0.7920 0.6427 0.7387 0.7844 0.6443 0.7418
9 0.7865 0.6653 0.7338 0.7752 0.6625 0.7245
10 0.7893 0.6395 0.7387 0.7873 0.6833 0.7434
11 0.8061 0.5893 0.7590 0.8038 0.5797 0.7570
12 0.8151 0.5571 0.7679 0.7985 0.6241 0.7570
13 0.8199 0.5144 0.7716 0.8264 0.5562 0.7915
14 0.8310 0.4838 0.7871 0.8247 0.5293 0.7927
15 0.8444 0.4494 0.8021 0.8312 0.5232 0.7976
16 0.8407 0.4602 0.7933 0.8305 0.5906 0.7950
17 0.8335 0.4830 0.7846 0.8210 0.5437 0.7874
18 0.8273 0.5038 0.7819 0.8236 0.5439 0.7881
19 0.8234 0.5259 0.7743 0.8075 0.6790 0.7724
20 0.8183 0.5536 0.7723 0.7648 0.7752 0.7196
21 0.8293 0.5147 0.7833 0.8090 0.6452 0.7605
22 0.8297 0.4936 0.7872 0.8379 0.5337 0.8038
23 0.8363 0.4587 0.7936 0.8342 0.5109 0.7953
24 0.8454 0.4359 0.8008 0.8390 0.4801 0.8041
25 0.8546 0.3938 0.8097 0.8415 0.4848 0.8073
26 0.8537 0.4072 0.8078 0.8442 0.4886 0.8095
27 0.8523 0.4181 0.8059 0.8414 0.5107 0.8060
28 0.8447 0.4482 0.7980 0.8275 0.5211 0.7873
29 0.8391 0.4678 0.7942 0.8393 0.5827 0.8071
30 0.8304 0.4999 0.7822 0.8189 0.5557 0.7862
31 0.8341 0.4785 0.7875 0.8391 0.5633 0.8069
32 0.8431 0.4420 0.7972 0.8203 0.5425 0.7758
33 0.8548 0.3996 0.8118 0.8453 0.5376 0.8075
34 0.8672 0.3596 0.8251 0.8417 0.5386 0.8082
35 0.8666 0.3607 0.8237 0.8468 0.5201 0.8144
36 0.8679 0.3474 0.8236 0.8403 0.5039 0.8048
37 0.8609 0.3766 0.8175 0.8419 0.5044 0.8031
38 0.8621 0.3899 0.8186 0.8285 0.5539 0.7918
39 0.8540 0.4208 0.8096 0.8116 0.6047 0.7663
40 0.8499 0.4408 0.8047 0.8132 0.6041 0.7742
41 0.8426 0.4456 0.7979 0.8181 0.5824 0.7800
42 0.8542 0.4055 0.8103 0.8339 0.5266 0.8004
43 0.8574 0.3886 0.8141 0.8439 0.5333 0.8129
44 0.8693 0.3513 0.8269 0.8422 0.5145 0.8085
45 0.8691 0.3408 0.8273 0.8438 0.5142 0.8117
46 0.8764 0.3356 0.8342 0.8524 0.4903 0.8220
47 0.8699 0.3384 0.8284 0.8399 0.4972 0.8050
48 0.8610 0.3723 0.8195 0.8270 0.6254 0.7849
49 0.8545 0.4080 0.8109 0.8238 0.5324 0.7880
50 0.8434 0.4539 0.7994 0.7952 0.6441 0.7524
51 0.8524 0.4151 0.8112 0.8122 0.5595 0.7757
52 0.8633 0.3794 0.8219 0.8251 0.5421 0.7918
53 0.8686 0.3542 0.8244 0.8386 0.5093 0.8079
54 0.8762 0.3221 0.8346 0.8438 0.5524 0.8097
55 0.8808 0.3082 0.8404 0.8461 0.5455 0.8133
56 0.8810 0.2991 0.8392 0.8497 0.5705 0.8167
57 0.8746 0.3362 0.8332 0.7852 1.0848 0.7400
58 0.8745 0.3389 0.8317 0.8365 0.5421 0.7962
59 0.8712 0.3406 0.8284 0.8421 0.5619 0.8029
60 0.8653 0.3797 0.8213 0.8167 0.6532 0.7831
61 0.8596 0.3785 0.8183 0.8363 0.5412 0.8079
62 0.8698 0.3497 0.8286 0.8435 0.5734 0.8069
63 0.8804 0.3197 0.8396 0.8525 0.5298 0.8204
64 0.8833 0.2871 0.8428 0.8502 0.6046 0.8155
65 0.8869 0.2710 0.8421 0.8480 0.5990 0.8147
66 0.8864 0.2926 0.8464 0.8575 0.5068 0.8242
67 0.8838 0.2855 0.8430 0.8487 0.6034 0.8113
68 0.8852 0.2926 0.8448 0.8451 0.7186 0.8142
69 0.8687 0.3680 0.8277 0.8285 0.6025 0.7879
70 0.8630 0.3722 0.8225 0.8140 0.6095 0.7700
71 0.8672 0.3777 0.8217 0.8170 0.5897 0.7774
72 0.8658 0.3571 0.8233 0.8269 0.5564 0.7887
73 0.8806 0.3136 0.8403 0.8560 0.4846 0.8237
74 0.8865 0.2767 0.8444 0.8530 0.5275 0.8192
75 0.8913 0.2645 0.8503 0.8521 0.5225 0.8201
76 0.8882 0.2607 0.8471 0.8485 0.5791 0.8138
77 0.8906 0.2688 0.8505 0.8509 0.5241 0.8159
78 0.8864 0.2817 0.8442 0.8521 0.4853 0.8144
79 0.8802 0.3069 0.8369 0.8198 0.6511 0.7806
80 0.8683 0.3473 0.8268 0.8116 0.5912 0.7797
81 0.8714 0.3559 0.8282 0.8368 0.5548 0.7953
82 0.8841 0.3058 0.8445 0.8505 0.4704 0.8202
83 0.8827 0.2895 0.8414 0.8453 0.4800 0.8097
84 0.8902 0.2715 0.8507 0.8547 0.4717 0.8220
85 0.8946 0.2505 0.8551 0.8557 0.4645 0.8226
86 0.8883 0.2595 0.8470 0.8590 0.4710 0.8263
87 0.8926 0.2570 0.8518 0.8538 0.5024 0.8201
88 0.8849 0.2847 0.8442 0.8512 0.5959 0.8144
89 0.8826 0.3040 0.8408 0.7696 0.9272 0.7240
90 0.8676 0.3760 0.8252 0.8490 0.5728 0.8150
91 0.8701 0.3405 0.8272 0.8306 0.5986 0.8016
92 0.8841 0.3119 0.8431 0.8485 0.5064 0.8150
93 0.8901 0.2676 0.8485 0.8547 0.4921 0.8204
94 0.8934 0.2555 0.8533 0.8411 0.5693 0.8060
95 0.8936 0.2531 0.8509 0.8490 0.5578 0.8150
96 0.8948 0.2408 0.8522 0.8540 0.4956 0.8186
97 0.8981 0.2409 0.8595 0.8522 0.5200 0.8154
98 0.8929 0.2582 0.8529 0.8605 0.5181 0.8282
99 0.8906 0.2630 0.8483 0.8513 0.5250 0.8148
100 0.8744 0.3161 0.8300 0.8363 0.5607 0.7999
101 0.8787 0.3243 0.8370 0.8435 0.6314 0.8085
102 0.8872 0.2797 0.8463 0.8342 0.6480 0.7981
103 0.8957 0.2597 0.8564 0.8532 0.5240 0.8181
104 0.8944 0.2416 0.8533 0.8474 0.5408 0.8100
105 0.8972 0.2267 0.8569 0.8493 0.5502 0.8151
106 0.8941 0.2334 0.8542 0.8579 0.5284 0.8233
107 0.8980 0.2284 0.8581 0.8593 0.5718 0.8254
108 0.8993 0.2420 0.8580 0.8377 0.4993 0.8001
109 0.8849 0.2753 0.8450 0.8333 0.6026 0.7988
110 0.8725 0.3340 0.8308 0.8103 0.7462 0.7781
111 0.8832 0.3068 0.8406 0.8369 0.5165 0.7990
112 0.8871 0.2796 0.8463 0.8550 0.5893 0.8239
113 0.8940 0.2523 0.8546 0.8492 0.5490 0.8144
114 0.8988 0.2326 0.8594 0.8540 0.5145 0.8208
115 0.9025 0.2254 0.8633 0.8538 0.5282 0.8213
116 0.9028 0.2142 0.8648 0.8552 0.5601 0.8214
117 0.8979 0.2279 0.8580 0.8538 0.5030 0.8206
118 0.8935 0.2542 0.8562 0.8366 0.6067 0.7987
119 0.8877 0.2822 0.8482 0.5223 1.6202 0.4400
120 0.8677 0.3656 0.8238 0.8456 0.5266 0.8125
121 0.8834 0.3044 0.8423 0.8355 0.5544 0.7993
122 0.8831 0.2967 0.8447 0.8599 0.5480 0.8273
123 0.8965 0.2439 0.8561 0.8481 0.5327 0.8154
124 0.8959 0.2348 0.8565 0.8533 0.5065 0.8183
125 0.9013 0.2163 0.8619 0.8557 0.5072 0.8202
126 0.9031 0.2139 0.8645 0.8590 0.5436 0.8230
127 0.8993 0.2244 0.8598 0.8512 0.5515 0.8169
128 0.8950 0.2380 0.8565 0.8336 0.5863 0.7927
129 0.8935 0.2402 0.8532 0.8494 0.5603 0.8153
130 0.8756 0.3249 0.8341 0.8321 0.5886 0.7910
131 0.8851 0.2857 0.8442 0.8170 0.6851 0.7779
132 0.8910 0.2697 0.8486 0.8518 0.4661 0.8168
133 0.8975 0.2339 0.8569 0.8560 0.5214 0.8225
134 0.8980 0.2211 0.8593 0.8553 0.5152 0.8181
135 0.9058 0.1995 0.8661 0.8519 0.5151 0.8180
136 0.9064 0.2038 0.8696 0.8622 0.5027 0.8254
137 0.9032 0.2052 0.8624 0.8474 0.5719 0.8168
138 0.9032 0.2145 0.8649 0.8544 0.5895 0.8184
139 0.8997 0.2334 0.8590 0.8447 0.5421 0.8028
140 0.8895 0.2713 0.8499 0.8368 0.5384 0.8028
141 0.8897 0.2679 0.8503 0.8517 0.5858 0.8180
142 0.8945 0.2541 0.8533 0.8622 0.4610 0.8275
143 0.8977 0.2303 0.8579 0.8538 0.4640 0.8165
144 0.9035 0.1987 0.8650 0.8602 0.4744 0.8256
145 0.9068 0.1963 0.8707 0.8596 0.4810 0.8256
146 0.9095 0.1917 0.8725 0.8623 0.4893 0.8294
147 0.9061 0.2023 0.8693 0.8586 0.5491 0.8234
148 0.9026 0.2148 0.8650 0.8563 0.5366 0.8171
149 0.8972 0.2475 0.8593 0.8189 0.7970 0.7805
150 0.8890 0.2741 0.8491 0.7792 0.9612 0.7517
151 0.8876 0.2692 0.8444 0.8429 0.5408 0.8111
152 0.8947 0.2511 0.8559 0.8417 0.5390 0.8050
153 0.9037 0.2101 0.8653 0.8503 0.6621 0.8162
154 0.9048 0.2090 0.8682 0.8510 0.6138 0.8142
155 0.9060 0.1958 0.8658 0.8515 0.5930 0.8157
156 0.9070 0.1997 0.8675 0.8519 0.5924 0.8179
157 0.9081 0.1910 0.8718 0.8636 0.5621 0.8308
158 0.9045 0.2025 0.8661 0.8502 0.6069 0.8155
159 0.8993 0.2332 0.8593 0.8312 0.6717 0.7947
160 0.8804 0.3063 0.8395 0.8335 0.6097 0.7903
161 0.8851 0.3074 0.8438 0.8428 0.5367 0.8108
162 0.8907 0.2730 0.8527 0.8518 0.5336 0.8186
163 0.8937 0.2413 0.8542 0.8574 0.5353 0.8272
164 0.9068 0.2010 0.8693 0.8547 0.5469 0.8221
165 0.9043 0.1964 0.8679 0.8551 0.5459 0.8214
166 0.9053 0.2003 0.8687 0.8535 0.5674 0.8230
167 0.9043 0.2012 0.8658 0.8551 0.5660 0.8175
168 0.9019 0.2152 0.8615 0.8528 0.6459 0.8215
169 0.8922 0.2489 0.8529 0.8493 0.5318 0.8153
170 0.8842 0.2888 0.8424 0.8473 0.5913 0.8150
171 0.8921 0.2584 0.8520 0.8412 0.5874 0.8090
172 0.8988 0.2253 0.8619 0.8503 0.5327 0.8133
173 0.9060 0.2041 0.8678 0.8534 0.5657 0.8172
174 0.9084 0.1920 0.8721 0.8577 0.5801 0.8255
175 0.9083 0.1923 0.8716 0.8554 0.5859 0.8225
176 0.9129 0.1844 0.8769 0.8582 0.5816 0.8238
177 0.9098 0.1862 0.8713 0.8584 0.5555 0.8282
178 0.9043 0.1986 0.8669 0.8545 0.6427 0.8237
179 0.8973 0.2292 0.8587 0.8444 0.5585 0.8056
180 0.8853 0.2974 0.8462 0.8401 0.5631 0.8081
181 0.8870 0.2819 0.8477 0.8443 0.5098 0.8100
182 0.8955 0.2575 0.8566 0.8518 0.5358 0.8149
183 0.9046 0.2118 0.8685 0.8560 0.5529 0.8210
184 0.9113 0.1895 0.8734 0.8541 0.6001 0.8165
185 0.9073 0.1863 0.8682 0.8565 0.5917 0.8196
186 0.9107 0.1869 0.8750 0.8561 0.5913 0.8209
187 0.9093 0.1866 0.8729 0.8495 0.6252 0.8141
188 0.9028 0.2175 0.8637 0.8472 0.5621 0.8138
189 0.8949 0.2333 0.8541 0.8489 0.5467 0.8113
190 0.8980 0.2412 0.8586 0.8396 0.6852 0.8077
191 0.8977 0.2312 0.8567 0.8303 0.6821 0.7976
192 0.9042 0.2027 0.8660 0.8378 0.7422 0.7993
193 0.9067 0.1953 0.8692 0.8488 0.5448 0.8141
194 0.9088 0.1803 0.8725 0.8515 0.5962 0.8177
195 0.9112 0.1775 0.8752 0.8583 0.5888 0.8249
196 0.9113 0.1711 0.8749 0.8505 0.5976 0.8151
197 0.9043 0.1939 0.8662 0.8514 0.6499 0.8184
198 0.9061 0.1926 0.8675 0.8519 0.6085 0.8169
199 0.9005 0.2197 0.8627 0.8393 0.6896 0.8079
