epoch train_BCELoss train_SoftDiceLoss train_iou train_loss train_mAP val_BCELoss val_SoftDiceLoss val_iou val_loss val_mAP
0 0.3700 0.3863 0.5847 0.7562 0.5173 0.2579 0.2282 0.6809 0.4862 0.6188
1 0.2620 0.2424 0.6830 0.5046 0.6205 0.3024 0.3154 0.6505 0.6180 0.5963
2 0.1994 0.1883 0.7160 0.3879 0.6598 0.2445 0.1937 0.7238 0.4386 0.6719
3 0.1774 0.1626 0.7456 0.3404 0.6951 0.1774 0.1613 0.7579 0.3392 0.7155
4 0.1550 0.1411 0.7738 0.2965 0.7239 0.2061 0.1428 0.7662 0.3496 0.7300
5 0.1340 0.1152 0.7920 0.2498 0.7477 0.1639 0.1396 0.7725 0.3042 0.7294
6 0.1210 0.1067 0.8063 0.2284 0.7609 0.1630 0.1634 0.7669 0.3271 0.7180
7 0.1060 0.0930 0.8164 0.1997 0.7728 0.1821 0.1414 0.7822 0.3241 0.7398
8 0.1058 0.0934 0.8236 0.1999 0.7820 0.1793 0.1261 0.7822 0.3061 0.7442
9 0.1094 0.0928 0.8092 0.2029 0.7687 0.1883 0.1313 0.7914 0.3204 0.7503
10 0.1051 0.0954 0.8175 0.2013 0.7765 0.2536 0.1620 0.7573 0.4164 0.7171
11 0.0926 0.0795 0.8394 0.1730 0.7992 0.2360 0.1527 0.7635 0.3896 0.7196
12 0.0779 0.0688 0.8487 0.1477 0.8106 0.1854 0.1161 0.7917 0.3023 0.7538
13 0.0921 0.0809 0.8404 0.1740 0.7994 0.2178 0.1304 0.7840 0.3488 0.7347
14 0.0747 0.0672 0.8535 0.1430 0.8174 0.1851 0.1093 0.8141 0.2956 0.7768
15 0.0574 0.0504 0.8673 0.1091 0.8336 0.2213 0.1041 0.8179 0.3267 0.7842
16 0.0711 0.0637 0.8604 0.1358 0.8229 0.2071 0.1039 0.8216 0.3122 0.7829
17 0.0629 0.0546 0.8643 0.1187 0.8304 0.2152 0.1060 0.8109 0.3220 0.7652
18 0.0574 0.0511 0.8727 0.1098 0.8391 0.1897 0.1093 0.8205 0.3001 0.7886
19 0.0473 0.0414 0.8807 0.0901 0.8503 0.2057 0.1203 0.8071 0.3273 0.7661
20 0.0434 0.0391 0.8808 0.0838 0.8509 0.1942 0.0944 0.8256 0.2899 0.7876
21 0.0437 0.0405 0.8835 0.0855 0.8515 0.2509 0.1036 0.8240 0.3559 0.7896
22 0.0429 0.0405 0.8815 0.0847 0.8513 0.1990 0.1021 0.8190 0.3022 0.7834
23 0.0537 0.0472 0.8706 0.1020 0.8378 0.3393 0.1582 0.7781 0.4986 0.7378
24 0.0520 0.0455 0.8814 0.0988 0.8501 0.1762 0.1056 0.8167 0.2831 0.7829
25 0.0434 0.0376 0.8871 0.0824 0.8578 0.2128 0.0951 0.8297 0.3092 0.7982
26 0.0352 0.0322 0.8945 0.0688 0.8677 0.2401 0.1093 0.8240 0.3508 0.7888
27 0.0657 0.0555 0.8723 0.1225 0.8416 0.2469 0.1416 0.7572 0.3886 0.7002
28 0.0580 0.0500 0.8741 0.1093 0.8419 0.2118 0.1020 0.8173 0.3149 0.7855
29 0.0515 0.0438 0.8728 0.0967 0.8426 0.2503 0.1327 0.8081 0.3841 0.7669
30 0.0400 0.0363 0.8906 0.0779 0.8631 0.1889 0.0954 0.8325 0.2858 0.8008
31 0.0336 0.0311 0.8984 0.0663 0.8728 0.1840 0.0919 0.8368 0.2774 0.8032
32 0.0319 0.0295 0.9001 0.0631 0.8756 0.1720 0.0891 0.8338 0.2626 0.8025
33 0.0297 0.0277 0.9028 0.0592 0.8783 0.1773 0.0879 0.8380 0.2666 0.8039
34 0.0292 0.0266 0.9056 0.0575 0.8825 0.1819 0.0881 0.8391 0.2715 0.8067
35 0.0282 0.0260 0.9076 0.0560 0.8840 0.1868 0.0875 0.8367 0.2757 0.8056
36 0.0355 0.0311 0.8060 0.0683 0.7876 0.1719 0.0872 0.8385 0.2606 0.8081
37 0.0326 0.0293 0.8082 0.0636 0.7891 0.1991 0.0884 0.8408 0.2889 0.8109
38 0.0304 0.0278 0.8097 0.0599 0.7915 0.1987 0.0876 0.8391 0.2878 0.8076
39 0.0295 0.0263 0.8098 0.0575 0.7922 0.1854 0.0877 0.8393 0.2745 0.8090
40 0.0294 0.0264 0.8086 0.0575 0.7907 0.1926 0.0882 0.8390 0.2821 0.8060
41 0.0294 0.0259 0.8129 0.0571 0.7959 0.1955 0.0891 0.8345 0.2860 0.8017
42 0.0268 0.0243 0.8121 0.0529 0.7955 0.2035 0.0877 0.8422 0.2926 0.8118
43 0.0268 0.0242 0.8125 0.0528 0.7953 0.1945 0.0877 0.8360 0.2836 0.8023
44 0.0266 0.0238 0.8133 0.0522 0.7962 0.2056 0.0886 0.8366 0.2955 0.8054
45 0.0259 0.0233 0.8144 0.0510 0.7976 0.1914 0.0902 0.8324 0.2829 0.8006
46 0.0258 0.0231 0.8110 0.0507 0.7939 0.2045 0.0896 0.8301 0.2954 0.8003
47 0.0255 0.0230 0.8160 0.0503 0.7987 0.2152 0.0897 0.8327 0.3062 0.8037
48 0.0244 0.0220 0.8157 0.0483 0.7995 0.2187 0.0893 0.8357 0.3093 0.8068
49 0.0247 0.0226 0.8161 0.0492 0.8005 0.2186 0.0869 0.8386 0.3068 0.8052
50 0.0230 0.0212 0.8167 0.0461 0.8006 0.2175 0.0874 0.8331 0.3062 0.8022
51 0.0233 0.0213 0.8154 0.0465 0.7995 0.2211 0.0874 0.8355 0.3097 0.8050
52 0.0231 0.0211 0.8145 0.0461 0.7986 0.2236 0.0874 0.8346 0.3123 0.8049
53 0.0230 0.0209 0.8162 0.0458 0.8000 0.2242 0.0870 0.8368 0.3125 0.8042
54 0.0227 0.0207 0.8167 0.0454 0.8002 0.2198 0.0872 0.8361 0.3083 0.8056
55 0.0230 0.0208 0.8178 0.0458 0.8018 0.2229 0.0877 0.8377 0.3119 0.8069
56 0.0228 0.0207 0.8182 0.0454 0.8021 0.2261 0.0867 0.8406 0.3141 0.8096
57 0.0227 0.0207 0.8179 0.0453 0.8008 0.2274 0.0872 0.8382 0.3158 0.8075
58 0.0226 0.0205 0.8181 0.0451 0.8027 0.2216 0.0872 0.8369 0.3100 0.8061
59 0.0224 0.0206 0.8164 0.0449 0.8001 0.2293 0.0875 0.8367 0.3181 0.8055
60 0.0227 0.0210 0.8186 0.0456 0.8028 0.2252 0.0880 0.8348 0.3144 0.8050
61 0.0225 0.0203 0.8177 0.0446 0.8017 0.2249 0.0875 0.8356 0.3137 0.8044
62 0.0224 0.0207 0.8194 0.0450 0.8032 0.2344 0.0873 0.8404 0.3229 0.8104
63 0.0222 0.0202 0.8195 0.0443 0.8040 0.2284 0.0871 0.8385 0.3168 0.8085
64 0.0221 0.0201 0.8205 0.0442 0.8053 0.2288 0.0878 0.8369 0.3179 0.8059
65 0.0222 0.0202 0.8199 0.0443 0.8041 0.2328 0.0872 0.8401 0.3213 0.8089
66 0.0218 0.0198 0.8201 0.0435 0.8041 0.2319 0.0874 0.8388 0.3205 0.8088
67 0.0218 0.0201 0.8191 0.0438 0.8036 0.2336 0.0873 0.8358 0.3222 0.8055
68 0.0221 0.0200 0.8176 0.0441 0.8023 0.2358 0.0872 0.8376 0.3242 0.8052
69 0.0222 0.0202 0.8202 0.0443 0.8041 0.2317 0.0881 0.8338 0.3210 0.8028
70 0.0218 0.0199 0.8203 0.0436 0.8043 0.2353 0.0875 0.8360 0.3240 0.8059
71 0.0221 0.0201 0.8175 0.0441 0.8019 0.2342 0.0876 0.8366 0.3230 0.8048
72 0.0218 0.0200 0.8208 0.0437 0.8046 0.2400 0.0878 0.8353 0.3290 0.8056
73 0.0217 0.0198 0.8192 0.0434 0.8043 0.2334 0.0871 0.8362 0.3218 0.8052
74 0.0219 0.0199 0.8184 0.0437 0.8030 0.2377 0.0873 0.8409 0.3262 0.8093
