epoch train_iou train_loss train_mAP val_iou val_mAP
0 0.6458 1.1447 0.5753 0.6807 0.6020
1 0.7329 0.8660 0.6740 0.7466 0.6935
2 0.7637 0.7501 0.7106 0.7633 0.6919
3 0.7866 0.6907 0.7327 0.7796 0.7248
4 0.7943 0.6468 0.7472 0.8071 0.7650
5 0.8076 0.5980 0.7647 0.8125 0.7713
6 0.8081 0.6125 0.7647 0.8139 0.7690
7 0.7998 0.6380 0.7503 0.8063 0.7596
8 0.7916 0.6564 0.7453 0.8018 0.7549
9 0.7994 0.6499 0.7555 0.8131 0.7721
10 0.8024 0.6419 0.7607 0.8064 0.7596
11 0.8173 0.5930 0.7749 0.7475 0.6761
12 0.8195 0.5571 0.7774 0.8262 0.7946
13 0.8412 0.4965 0.8051 0.8290 0.7915
14 0.8453 0.4797 0.8090 0.8279 0.7959
15 0.8560 0.4514 0.8213 0.8372 0.8030
16 0.8515 0.4564 0.8155 0.8321 0.7993
17 0.8476 0.4784 0.8118 0.8366 0.8049
18 0.8446 0.4905 0.8053 0.8358 0.7980
19 0.8311 0.5255 0.7926 0.8256 0.7856
20 0.8317 0.5346 0.7961 0.8159 0.7772
21 0.8374 0.5256 0.8013 0.8281 0.7928
22 0.8456 0.4973 0.8120 0.8159 0.7700
23 0.8667 0.4238 0.8319 0.8428 0.8066
24 0.8727 0.3930 0.8389 0.8439 0.8081
25 0.8760 0.3768 0.8435 0.8475 0.8121
26 0.8763 0.3810 0.8433 0.8385 0.8056
27 0.8743 0.3904 0.8403 0.8323 0.7996
28 0.8613 0.4308 0.8272 0.8415 0.8071
29 0.8593 0.4554 0.8231 0.7466 0.7175
30 0.8432 0.5046 0.8062 0.7780 0.7304
31 0.8489 0.4788 0.8123 0.8255 0.7869
32 0.8611 0.4290 0.8226 0.8349 0.8026
33 0.8687 0.4045 0.8369 0.8397 0.8106
34 0.8818 0.3589 0.8506 0.8460 0.8147
35 0.8854 0.3417 0.8510 0.8473 0.8165
36 0.8833 0.3446 0.8510 0.8499 0.8198
37 0.8765 0.3796 0.8443 0.8452 0.8157
38 0.8752 0.3840 0.8402 0.8369 0.8012
39 0.8620 0.4279 0.8260 0.8170 0.7775
40 0.8574 0.4552 0.8230 0.8082 0.7754
41 0.8580 0.4433 0.8203 0.8339 0.8023
42 0.8692 0.4063 0.8357 0.8463 0.8177
43 0.8782 0.3647 0.8465 0.8482 0.8160
44 0.8922 0.3225 0.8622 0.8543 0.8238
45 0.8923 0.3148 0.8614 0.8532 0.8240
46 0.8947 0.3099 0.8641 0.8538 0.8207
47 0.8866 0.3318 0.8543 0.8466 0.8142
48 0.8847 0.3496 0.8517 0.8429 0.8105
49 0.8775 0.3849 0.8423 0.8356 0.7963
50 0.8677 0.4089 0.8317 0.8281 0.7939
51 0.8732 0.3959 0.8406 0.8270 0.8010
52 0.8775 0.3750 0.8429 0.8489 0.8123
53 0.8857 0.3291 0.8548 0.8529 0.8181
54 0.8923 0.3086 0.8617 0.8553 0.8218
55 0.9003 0.2844 0.8696 0.8565 0.8234
56 0.9022 0.2808 0.8708 0.8500 0.8181
57 0.8982 0.2979 0.8672 0.8535 0.8206
58 0.8876 0.3456 0.8544 0.8568 0.8231
59 0.8866 0.3424 0.8541 0.8547 0.8180
60 0.8773 0.3880 0.8445 0.8320 0.7996
61 0.8758 0.3764 0.8462 0.8458 0.8151
62 0.8850 0.3422 0.8550 0.8511 0.8174
63 0.8946 0.3059 0.8638 0.8545 0.8213
64 0.8994 0.2829 0.8689 0.8627 0.8304
65 0.9059 0.2654 0.8752 0.8637 0.8304
66 0.9085 0.2593 0.8807 0.8632 0.8321
67 0.9033 0.2791 0.8743 0.8527 0.8210
68 0.8919 0.3137 0.8621 0.8517 0.8232
69 0.8911 0.3260 0.8610 0.8516 0.8181
70 0.8862 0.3540 0.8532 0.8411 0.8037
71 0.8853 0.3409 0.8529 0.8449 0.8151
72 0.8887 0.3386 0.8601 0.8492 0.8194
73 0.8969 0.2972 0.8656 0.8578 0.8285
74 0.9110 0.2528 0.8846 0.8536 0.8260
75 0.9074 0.2576 0.8802 0.8544 0.8270
76 0.9120 0.2466 0.8855 0.8557 0.8304
77 0.9097 0.2518 0.8809 0.8541 0.8267
78 0.9085 0.2624 0.8815 0.8200 0.7929
79 0.8962 0.3028 0.8662 0.8301 0.8016
80 0.8812 0.3632 0.8505 0.8450 0.8118
81 0.8899 0.3439 0.8566 0.8316 0.7969
82 0.8904 0.3229 0.8611 0.8404 0.8111
83 0.8994 0.2863 0.8702 0.8547 0.8298
84 0.9045 0.2653 0.8753 0.8583 0.8317
85 0.9140 0.2354 0.8862 0.8613 0.8326
86 0.9145 0.2383 0.8870 0.8629 0.8317
87 0.9095 0.2491 0.8821 0.8578 0.8285
88 0.9064 0.2647 0.8763 0.8568 0.8279
89 0.9016 0.2886 0.8722 0.8343 0.8059
90 0.8848 0.3507 0.8523 0.8365 0.8013
91 0.8862 0.3489 0.8524 0.8452 0.8124
92 0.8970 0.3057 0.8677 0.8550 0.8255
93 0.9047 0.2741 0.8783 0.8605 0.8310
94 0.9150 0.2325 0.8864 0.8589 0.8319
95 0.9174 0.2231 0.8915 0.8634 0.8347
96 0.9144 0.2279 0.8878 0.8666 0.8368
97 0.9165 0.2310 0.8903 0.8594 0.8331
98 0.9086 0.2646 0.8807 0.8547 0.8240
99 0.8996 0.2988 0.8718 0.8522 0.8135
100 0.9099 0.2598 0.8818 0.8527 0.8228
101 0.9098 0.2516 0.8825 0.8638 0.8359
102 0.9149 0.2316 0.8877 0.8636 0.8352
103 0.9186 0.2296 0.8920 0.8663 0.8382
104 0.9230 0.2065 0.8988 0.8683 0.8393
105 0.9200 0.2109 0.8957 0.8688 0.8395
106 0.9203 0.2091 0.8965 0.8641 0.8351
107 0.9253 0.1999 0.9016 0.8658 0.8362
108 0.9169 0.2213 0.8904 0.8585 0.8302
109 0.9208 0.2168 0.8931 0.8650 0.8339
110 0.9156 0.2292 0.8905 0.8554 0.8239
111 0.9137 0.2385 0.8877 0.8564 0.8288
112 0.9200 0.2150 0.8928 0.8604 0.8328
113 0.9202 0.2139 0.8946 0.8613 0.8329
114 0.9273 0.1980 0.9043 0.8629 0.8347
115 0.9298 0.1907 0.9076 0.8633 0.8355
116 0.9243 0.1918 0.9005 0.8653 0.8345
117 0.9276 0.1856 0.9045 0.8643 0.8357
118 0.9281 0.2022 0.9045 0.8691 0.8403
119 0.9231 0.2073 0.8989 0.8582 0.8300
120 0.9203 0.2114 0.8953 0.8612 0.8338
121 0.9220 0.2148 0.8969 0.8587 0.8292
122 0.9223 0.2113 0.8984 0.8577 0.8284
123 0.9254 0.2011 0.9024 0.8658 0.8380
124 0.9303 0.1851 0.9064 0.8634 0.8363
125 0.9310 0.1798 0.9093 0.8615 0.8361
126 0.9300 0.1918 0.9071 0.8609 0.8314
127 0.9277 0.1913 0.9036 0.8632 0.8337
128 0.9241 0.1989 0.8991 0.8619 0.8346
129 0.9273 0.1970 0.9006 0.8598 0.8315
130 0.9167 0.2350 0.8908 0.8624 0.8308
131 0.9246 0.2123 0.9007 0.8567 0.8236
132 0.9230 0.2050 0.8965 0.8613 0.8320
133 0.9265 0.1951 0.9038 0.8573 0.8310
134 0.9295 0.1848 0.9072 0.8630 0.8331
135 0.9327 0.1735 0.9099 0.8634 0.8335
136 0.9298 0.1817 0.9075 0.8604 0.8335
137 0.9322 0.1759 0.9098 0.8615 0.8349
138 0.9279 0.1897 0.9036 0.8613 0.8278
139 0.9259 0.1977 0.9012 0.8532 0.8242
140 0.9204 0.2069 0.8952 0.8558 0.8276
141 0.9239 0.2048 0.9005 0.8542 0.8273
142 0.9270 0.1965 0.9018 0.8628 0.8327
143 0.9288 0.1920 0.9070 0.8607 0.8331
144 0.9308 0.1799 0.9067 0.8642 0.8356
145 0.9323 0.1742 0.9112 0.8635 0.8365
146 0.9328 0.1735 0.9097 0.8651 0.8371
147 0.9332 0.1744 0.9112 0.8612 0.8339
148 0.9284 0.1870 0.9060 0.8579 0.8269
149 0.9291 0.1963 0.9050 0.8560 0.8222
150 0.9196 0.2150 0.8950 0.8590 0.8298
151 0.9225 0.2122 0.8995 0.8595 0.8256
152 0.9241 0.2114 0.9009 0.8618 0.8317
153 0.9305 0.1870 0.9069 0.8660 0.8369
154 0.9323 0.1770 0.9120 0.8629 0.8349
155 0.9369 0.1623 0.9156 0.8644 0.8364
156 0.9308 0.1783 0.9088 0.8637 0.8369
157 0.9326 0.1694 0.9116 0.8639 0.8352
158 0.9332 0.1790 0.9095 0.8678 0.8412
159 0.9272 0.2017 0.9028 0.8593 0.8308
160 0.9330 0.1780 0.9125 0.8664 0.8367
161 0.9356 0.1678 0.9155 0.8677 0.8395
162 0.9338 0.1693 0.9121 0.8676 0.8421
163 0.9343 0.1716 0.9122 0.8679 0.8393
164 0.9352 0.1660 0.9133 0.8686 0.8415
165 0.9348 0.1635 0.9160 0.8687 0.8418
166 0.9367 0.1645 0.9162 0.8699 0.8446
167 0.9400 0.1523 0.9216 0.8694 0.8434
168 0.9340 0.1664 0.9141 0.8698 0.8417
169 0.9377 0.1580 0.9169 0.8663 0.8377
170 0.9386 0.1614 0.9180 0.8699 0.8433
171 0.9355 0.1593 0.9155 0.8675 0.8363
172 0.9422 0.1510 0.9227 0.8690 0.8374
173 0.9441 0.1518 0.9248 0.8664 0.8367
174 0.9399 0.1497 0.9215 0.8683 0.8393
175 0.9403 0.1521 0.9199 0.8674 0.8379
176 0.9393 0.1533 0.9205 0.8682 0.8391
177 0.9368 0.1551 0.9170 0.8676 0.8371
178 0.9389 0.1545 0.9196 0.8693 0.8395
179 0.9397 0.1551 0.9192 0.8676 0.8371
180 0.9404 0.1523 0.9210 0.8648 0.8361
181 0.9385 0.1544 0.9182 0.8675 0.8383
182 0.9408 0.1512 0.9208 0.8675 0.8401
183 0.9398 0.1506 0.9212 0.8685 0.8406
184 0.9406 0.1527 0.9218 0.8690 0.8422
185 0.9423 0.1460 0.9237 0.8697 0.8431
186 0.9389 0.1548 0.9191 0.8671 0.8393
187 0.9429 0.1430 0.9237 0.8664 0.8381
188 0.9409 0.1500 0.9226 0.8671 0.8381
189 0.9375 0.1554 0.9160 0.8656 0.8370
190 0.9369 0.1568 0.9152 0.8638 0.8352
191 0.9417 0.1508 0.9217 0.8677 0.8397
192 0.9379 0.1518 0.9175 0.8654 0.8381
193 0.9426 0.1431 0.9253 0.8661 0.8376
194 0.9392 0.1470 0.9196 0.8691 0.8406
195 0.9380 0.1495 0.9184 0.8676 0.8380
196 0.9386 0.1485 0.9193 0.8671 0.8385
197 0.9405 0.1469 0.9210 0.8704 0.8424
198 0.9433 0.1431 0.9249 0.8701 0.8407
199 0.9388 0.1520 0.9199 0.8712 0.8429
