epoch train_BCELoss train_SoftDiceLoss train_iou train_loss train_mAP val_BCELoss val_SoftDiceLoss val_iou val_loss val_mAP
0 0.5036 0.6152 0.3458 1.1182 0.3008 0.3939 0.7037 0.5066 1.0972 0.4142
1 0.2819 0.2753 0.6507 0.5572 0.5839 0.2179 0.5903 0.7028 0.8085 0.6383
2 0.2341 0.2211 0.7065 0.4555 0.6509 0.3033 0.5825 0.6760 0.8862 0.6052
3 0.2176 0.2002 0.7263 0.4183 0.6751 0.1900 0.5508 0.7375 0.7413 0.6728
4 0.1970 0.1824 0.7441 0.3801 0.6955 0.1897 0.5351 0.7751 0.7255 0.7344
5 0.1764 0.1634 0.7700 0.3405 0.7230 0.2662 0.5356 0.7200 0.8027 0.6645
6 0.1812 0.1658 0.7672 0.3478 0.7218 0.1889 0.5231 0.7865 0.7129 0.7477
7 0.1509 0.1383 0.8020 0.2901 0.7593 0.1573 0.5138 0.7908 0.6721 0.7495
8 0.1384 0.1262 0.8077 0.2656 0.7713 0.1551 0.5092 0.8027 0.6652 0.7621
9 0.1269 0.1179 0.8197 0.2458 0.7818 0.1538 0.5067 0.8038 0.6615 0.7662
10 0.1105 0.1084 0.8335 0.2199 0.7967 0.1486 0.5061 0.8101 0.6558 0.7740
11 0.1148 0.1057 0.8263 0.2214 0.7902 0.1573 0.5055 0.8061 0.6639 0.7675
12 0.1198 0.1094 0.8255 0.2301 0.7864 0.1857 0.5085 0.8076 0.6953 0.7649
13 0.1289 0.1205 0.8138 0.2504 0.7733 0.2626 0.5173 0.7911 0.7811 0.7490
14 0.1385 0.1238 0.8124 0.2632 0.7706 0.1702 0.5094 0.7932 0.6807 0.7531
15 0.1428 0.1269 0.8089 0.2707 0.7723 0.1686 0.5108 0.7827 0.6804 0.7367
16 0.1394 0.1291 0.8087 0.2695 0.7691 0.1484 0.5116 0.8014 0.6612 0.7633
17 0.1060 0.0965 0.8365 0.2037 0.7995 0.1447 0.4906 0.8128 0.6365 0.7766
18 0.0944 0.0852 0.8459 0.1808 0.8136 0.1637 0.4890 0.8272 0.6539 0.7868
19 0.0892 0.0811 0.8540 0.1714 0.8232 0.1719 0.5017 0.8161 0.6749 0.7817
20 0.0775 0.0703 0.8593 0.1490 0.8273 0.1703 0.4957 0.8205 0.6673 0.7869
21 0.0799 0.0749 0.8630 0.1560 0.8310 0.1685 0.4906 0.8253 0.6603 0.7892
22 0.0822 0.0753 0.8587 0.1588 0.8243 0.1698 0.4949 0.8138 0.6660 0.7791
23 0.0857 0.0775 0.8537 0.1645 0.8206 0.1988 0.4951 0.8221 0.6952 0.7885
24 0.0990 0.0886 0.8474 0.1888 0.8116 0.1715 0.5001 0.8170 0.6728 0.7794
25 0.1186 0.1023 0.8338 0.2221 0.7980 0.1636 0.5072 0.8116 0.6718 0.7769
26 0.1050 0.0956 0.8403 0.2018 0.8032 0.1402 0.4948 0.8269 0.6362 0.7903
27 0.0815 0.0729 0.8566 0.1556 0.8247 0.1900 0.4840 0.8279 0.6755 0.7966
28 0.0755 0.0674 0.8701 0.1442 0.8394 0.1616 0.4921 0.8181 0.6550 0.7869
29 0.0622 0.0586 0.8711 0.1221 0.8419 0.1884 0.4874 0.8233 0.6772 0.7916
30 0.0611 0.0550 0.8830 0.1175 0.8551 0.1843 0.4879 0.8227 0.6736 0.7910
31 0.0601 0.0551 0.8790 0.1166 0.8488 0.1879 0.4809 0.8316 0.6702 0.7993
32 0.0704 0.0628 0.8746 0.1346 0.8442 0.1684 0.4866 0.8302 0.6565 0.7968
33 0.0748 0.0679 0.8653 0.1440 0.8350 0.1869 0.4943 0.8168 0.6825 0.7834
34 0.0894 0.0797 0.8528 0.1704 0.8182 0.2096 0.5032 0.8066 0.7142 0.7660
35 0.0962 0.0866 0.8411 0.1840 0.8064 0.2365 0.5017 0.8027 0.7397 0.7654
36 0.0885 0.0759 0.8573 0.1657 0.8222 0.2098 0.5064 0.8102 0.7176 0.7734
37 0.0703 0.0656 0.8642 0.1372 0.8321 0.2422 0.4963 0.8220 0.7400 0.7879
38 0.0659 0.0580 0.8791 0.1254 0.8516 0.1792 0.4918 0.8296 0.6724 0.7978
39 0.0536 0.0510 0.8874 0.1061 0.8591 0.1991 0.4901 0.8261 0.6907 0.7963
40 0.0593 0.0529 0.8856 0.1137 0.8595 0.1921 0.4907 0.8240 0.6844 0.7934
41 0.0509 0.0472 0.8881 0.0995 0.8601 0.1928 0.4905 0.8356 0.6848 0.8055
42 0.0564 0.0497 0.8854 0.1075 0.8564 0.2022 0.4911 0.8399 0.6947 0.8082
43 0.0610 0.0538 0.8754 0.1162 0.8462 0.2423 0.4877 0.8303 0.7314 0.8006
44 0.0803 0.0706 0.8603 0.1522 0.8269 0.1870 0.4896 0.8258 0.6781 0.7862
45 0.0878 0.0746 0.8590 0.1637 0.8278 0.1793 0.4981 0.8255 0.6790 0.7904
46 0.0820 0.0682 0.8638 0.1515 0.8322 0.1851 0.4903 0.8376 0.6769 0.7987
47 0.0661 0.0593 0.8693 0.1268 0.8402 0.1971 0.4851 0.8409 0.6836 0.8040
48 0.0521 0.0478 0.8860 0.1014 0.8589 0.2219 0.4899 0.8353 0.7134 0.8028
49 0.0499 0.0441 0.8943 0.0955 0.8671 0.1918 0.4893 0.8432 0.6826 0.8121
50 0.0440 0.0424 0.8957 0.0880 0.8689 0.1887 0.4910 0.8433 0.6812 0.8109
51 0.0460 0.0416 0.8989 0.0891 0.8717 0.1977 0.4835 0.8414 0.6828 0.8090
52 0.0546 0.0495 0.8877 0.1056 0.8578 0.2174 0.4824 0.8245 0.7012 0.7863
53 0.0611 0.0537 0.8830 0.1162 0.8560 0.1836 0.4874 0.8242 0.6725 0.7900
54 0.0725 0.0640 0.8606 0.1379 0.8287 0.1856 0.4872 0.8244 0.6743 0.7823
55 0.0638 0.0555 0.8741 0.1206 0.8449 0.2037 0.4941 0.8196 0.6992 0.7803
56 0.0691 0.0618 0.8719 0.1323 0.8399 0.1988 0.4847 0.8402 0.6849 0.8112
57 0.0580 0.0547 0.8815 0.1142 0.8520 0.1985 0.4872 0.8320 0.6872 0.8029
58 0.0543 0.0502 0.8861 0.1060 0.8572 0.1949 0.4839 0.8389 0.6803 0.8097
59 0.0445 0.0422 0.8989 0.0883 0.8738 0.1954 0.4742 0.8381 0.6711 0.8078
60 0.0411 0.0389 0.9003 0.0815 0.8740 0.1958 0.4775 0.8404 0.6749 0.8100
61 0.0408 0.0391 0.8956 0.0815 0.8697 0.1928 0.4788 0.8440 0.6732 0.8126
62 0.0433 0.0398 0.8980 0.0846 0.8719 0.2167 0.4781 0.8341 0.6964 0.8026
63 0.0543 0.0493 0.8847 0.1051 0.8561 0.2020 0.4818 0.8323 0.6854 0.7950
64 0.0563 0.0519 0.8786 0.1097 0.8482 0.2197 0.4958 0.8310 0.7170 0.7963
65 0.0650 0.0580 0.8718 0.1244 0.8428 0.2097 0.4806 0.8353 0.6917 0.8037
66 0.0626 0.0556 0.8765 0.1197 0.8476 0.1745 0.4834 0.8261 0.6593 0.7874
67 0.0545 0.0501 0.8873 0.1061 0.8579 0.2075 0.4835 0.8372 0.6927 0.8042
68 0.0437 0.0408 0.8957 0.0861 0.8700 0.1740 0.4708 0.8410 0.6464 0.8034
69 0.0420 0.0390 0.8966 0.0827 0.8702 0.1830 0.4689 0.8436 0.6537 0.8087
70 0.0419 0.0396 0.8946 0.0831 0.8689 0.1782 0.4666 0.8410 0.6466 0.8044
71 0.0385 0.0359 0.9070 0.0761 0.8829 0.1850 0.4706 0.8411 0.6572 0.8095
72 0.0399 0.0370 0.9062 0.0785 0.8795 0.1846 0.4696 0.8422 0.6558 0.8088
73 0.0476 0.0434 0.8873 0.0926 0.8593 0.1948 0.4715 0.8430 0.6680 0.8053
74 0.0534 0.0487 0.8866 0.1037 0.8577 0.2068 0.4762 0.8391 0.6847 0.8041
75 0.0572 0.0485 0.8899 0.1071 0.8619 0.2099 0.4918 0.8247 0.7031 0.7904
76 0.0682 0.0591 0.8734 0.1289 0.8407 0.1907 0.4767 0.8299 0.6688 0.7921
77 0.0584 0.0509 0.8759 0.1108 0.8483 0.1997 0.4793 0.8273 0.6807 0.7938
78 0.0514 0.0467 0.8964 0.0998 0.8692 0.1952 0.4796 0.8510 0.6765 0.8216
79 0.0429 0.0384 0.9000 0.0829 0.8749 0.1790 0.4676 0.8462 0.6483 0.8136
80 0.0382 0.0358 0.8974 0.0756 0.8726 0.1784 0.4676 0.8470 0.6478 0.8144
81 0.0383 0.0366 0.8970 0.0765 0.8743 0.1800 0.4666 0.8461 0.6483 0.8130
82 0.0405 0.0372 0.9000 0.0793 0.8759 0.1755 0.4760 0.8456 0.6531 0.8126
83 0.0402 0.0359 0.8970 0.0776 0.8710 0.2012 0.4691 0.8262 0.6719 0.7907
84 0.0399 0.0365 0.9031 0.0780 0.8781 0.2156 0.4796 0.8339 0.6967 0.8001
85 0.0459 0.0407 0.8911 0.0881 0.8644 0.2000 0.4785 0.8312 0.6801 0.7935
86 0.0555 0.0503 0.8787 0.1073 0.8481 0.2355 0.4844 0.8283 0.7216 0.7944
87 0.0529 0.0481 0.8932 0.1026 0.8667 0.2045 0.4672 0.8410 0.6734 0.8067
88 0.0400 0.0371 0.9074 0.0787 0.8838 0.2043 0.4680 0.8450 0.6739 0.8141
89 0.0375 0.0351 0.9038 0.0743 0.8799 0.1925 0.4662 0.8481 0.6604 0.8150
90 0.0334 0.0321 0.9063 0.0672 0.8824 0.1959 0.4665 0.8484 0.6641 0.8151
91 0.0347 0.0315 0.9090 0.0679 0.8872 0.1974 0.4670 0.8470 0.6661 0.8148
92 0.0368 0.0332 0.9069 0.0717 0.8835 0.2174 0.4687 0.8408 0.6878 0.8072
93 0.0394 0.0359 0.9011 0.0769 0.8749 0.2507 0.4684 0.8464 0.7205 0.8138
94 0.0611 0.0551 0.8873 0.1178 0.8578 0.2639 0.4824 0.8264 0.7479 0.7877
95 0.0657 0.0591 0.8735 0.1262 0.8407 0.2065 0.4860 0.8430 0.6941 0.8029
96 0.0514 0.0457 0.8906 0.0987 0.8644 0.1942 0.4673 0.8371 0.6632 0.8036
97 0.0459 0.0412 0.8954 0.0888 0.8696 0.2216 0.4780 0.8412 0.7013 0.8064
98 0.0392 0.0366 0.9050 0.0775 0.8813 0.2412 0.4679 0.8404 0.7110 0.8085
99 0.0354 0.0330 0.9081 0.0701 0.8836 0.2148 0.4664 0.8486 0.6831 0.8168
