epoch train_iou train_loss train_mAP val_iou val_loss val_mAP
0 0.6140 1.1612 0.5489 0.7155 0.8983 0.6537
1 0.7166 0.8802 0.6541 0.6980 0.9132 0.6077
2 0.7516 0.7753 0.6942 0.7554 0.7530 0.6865
3 0.7700 0.7117 0.7161 0.7853 0.6681 0.7388
4 0.7873 0.6462 0.7368 0.7984 0.6140 0.7493
5 0.7923 0.6113 0.7440 0.8003 0.6144 0.7535
6 0.7999 0.6102 0.7485 0.8097 0.5792 0.7637
7 0.7981 0.6078 0.7484 0.7975 0.6465 0.7442
8 0.7876 0.6550 0.7378 0.7875 0.6359 0.7393
9 0.7874 0.6479 0.7382 0.7781 0.6716 0.7292
10 0.7963 0.6371 0.7497 0.6663 1.1157 0.6195
11 0.8039 0.5926 0.7554 0.7680 0.7775 0.7236
12 0.8145 0.5422 0.7696 0.8205 0.5581 0.7790
13 0.8312 0.4963 0.7865 0.8235 0.5272 0.7821
14 0.8437 0.4580 0.7988 0.8252 0.5164 0.7794
15 0.8428 0.4329 0.7957 0.8306 0.5079 0.7858
16 0.8453 0.4393 0.7991 0.8273 0.5343 0.7864
17 0.8297 0.4885 0.7821 0.8197 0.5851 0.7811
18 0.8253 0.5144 0.7792 0.8177 0.5774 0.7816
19 0.8283 0.5073 0.7797 0.8000 0.6530 0.7543
20 0.8242 0.5190 0.7769 0.7760 0.7720 0.7323
21 0.8212 0.5294 0.7745 0.8058 0.5938 0.7624
22 0.8316 0.4868 0.7865 0.8317 0.5356 0.7936
23 0.8474 0.4423 0.8057 0.8306 0.5294 0.7916
24 0.8499 0.4071 0.8057 0.8249 0.5229 0.7853
25 0.8552 0.3891 0.8094 0.8364 0.4938 0.7976
26 0.8544 0.3860 0.8099 0.8345 0.5071 0.7989
27 0.8547 0.4033 0.8088 0.8425 0.4827 0.8001
28 0.8544 0.4108 0.8108 0.8232 0.5327 0.7886
29 0.8389 0.4579 0.7943 0.8224 0.5532 0.7803
30 0.8424 0.4625 0.7990 0.6903 1.1961 0.6382
31 0.8341 0.4803 0.7878 0.8280 0.5240 0.7852
32 0.8556 0.4092 0.8105 0.8282 0.5513 0.7934
33 0.8580 0.3831 0.8159 0.8329 0.5559 0.7962
34 0.8707 0.3451 0.8283 0.8318 0.5386 0.7924
35 0.8701 0.3339 0.8247 0.8323 0.5326 0.7947
36 0.8707 0.3346 0.8266 0.8416 0.5322 0.8066
37 0.8708 0.3455 0.8279 0.8206 0.5955 0.7798
38 0.8549 0.3992 0.8100 0.8365 0.5460 0.8013
39 0.8524 0.4059 0.8087 0.8026 0.6127 0.7540
40 0.8408 0.4629 0.7943 0.7900 0.6826 0.7392
41 0.8498 0.4187 0.8040 0.8349 0.5679 0.8004
42 0.8614 0.3717 0.8160 0.8330 0.5728 0.7981
43 0.8710 0.3424 0.8297 0.8332 0.5281 0.7909
44 0.8733 0.3347 0.8306 0.8368 0.5115 0.7970
45 0.8781 0.3023 0.8346 0.8403 0.5103 0.8019
46 0.8824 0.2921 0.8376 0.8440 0.5228 0.8102
47 0.8743 0.3234 0.8314 0.8381 0.5442 0.7957
48 0.8720 0.3338 0.8289 0.8319 0.5897 0.7972
49 0.8667 0.3616 0.8245 0.8302 0.5483 0.7882
50 0.8552 0.4045 0.8112 0.8198 0.5820 0.7798
51 0.8625 0.3824 0.8176 0.8290 0.5549 0.7907
52 0.8739 0.3397 0.8313 0.8336 0.6226 0.7911
53 0.8744 0.3258 0.8319 0.8376 0.5083 0.7970
54 0.8791 0.3005 0.8360 0.8288 0.5503 0.7904
55 0.8843 0.2960 0.8436 0.8271 0.5498 0.7913
56 0.8818 0.2889 0.8385 0.8338 0.5254 0.7962
57 0.8864 0.2803 0.8432 0.8172 0.5900 0.7778
58 0.8770 0.3230 0.8353 0.8263 0.5783 0.7877
59 0.8679 0.3478 0.8252 0.8293 0.6393 0.7904
60 0.8638 0.3807 0.8185 0.7952 0.6537 0.7614
61 0.8642 0.3787 0.8209 0.8238 0.5547 0.7863
62 0.8718 0.3402 0.8315 0.8372 0.5157 0.7988
63 0.8824 0.3000 0.8411 0.8362 0.5309 0.8011
64 0.8885 0.2734 0.8483 0.8374 0.5440 0.8008
65 0.8872 0.2668 0.8446 0.8364 0.5513 0.7999
66 0.8940 0.2538 0.8541 0.8323 0.5800 0.7940
67 0.8887 0.2725 0.8460 0.8344 0.6155 0.8000
68 0.8799 0.3114 0.8368 0.8218 0.6498 0.7835
69 0.8751 0.3353 0.8327 0.8306 0.5570 0.7918
70 0.8565 0.3876 0.8143 0.7919 0.8662 0.7576
71 0.8669 0.3563 0.8231 0.8337 0.5820 0.7995
72 0.8773 0.3199 0.8353 0.8328 0.6009 0.7922
73 0.8814 0.2904 0.8397 0.8475 0.4973 0.8153
74 0.8901 0.2647 0.8489 0.8384 0.5712 0.8038
75 0.8991 0.2420 0.8589 0.8406 0.5723 0.8056
76 0.8962 0.2498 0.8574 0.8384 0.5778 0.8006
77 0.8901 0.2636 0.8490 0.8507 0.5220 0.8172
78 0.8818 0.3005 0.8400 0.8197 0.7010 0.7772
79 0.8799 0.3158 0.8382 0.8173 0.6019 0.7740
80 0.8675 0.3561 0.8232 0.8284 0.5993 0.7925
81 0.8691 0.3500 0.8265 0.8466 0.5493 0.8079
82 0.8843 0.2953 0.8442 0.8404 0.5736 0.8076
83 0.8896 0.2764 0.8511 0.8445 0.5158 0.8066
84 0.8945 0.2444 0.8555 0.8461 0.6049 0.8118
85 0.8936 0.2387 0.8527 0.8435 0.6029 0.8079
86 0.8950 0.2425 0.8557 0.8510 0.5400 0.8179
87 0.8949 0.2509 0.8536 0.8387 0.5777 0.8005
88 0.8907 0.2539 0.8499 0.8395 0.6015 0.7996
89 0.8848 0.2980 0.8440 0.8370 0.5184 0.7951
90 0.8770 0.3148 0.8340 0.8479 0.6847 0.8142
91 0.8830 0.2950 0.8425 0.8333 0.5809 0.7940
92 0.8921 0.2684 0.8499 0.8451 0.5265 0.8055
93 0.8889 0.2558 0.8489 0.8583 0.5373 0.8212
94 0.8967 0.2326 0.8568 0.8579 0.5344 0.8201
95 0.8945 0.2283 0.8536 0.8596 0.5306 0.8225
96 0.8992 0.2225 0.8584 0.8595 0.5534 0.8249
97 0.9000 0.2250 0.8595 0.8480 0.6107 0.8108
98 0.8965 0.2417 0.8585 0.8461 0.5572 0.8112
99 0.8822 0.2899 0.8397 0.8333 0.6246 0.7964
100 0.8931 0.2592 0.8516 0.8401 0.6507 0.8026
101 0.8939 0.2409 0.8545 0.8446 0.6019 0.8108
102 0.8969 0.2360 0.8567 0.8518 0.6320 0.8144
103 0.9067 0.2058 0.8687 0.8495 0.6119 0.8105
104 0.9047 0.2033 0.8658 0.8527 0.5834 0.8154
105 0.9042 0.1998 0.8646 0.8518 0.5958 0.8154
106 0.9093 0.1955 0.8707 0.8497 0.5906 0.8130
107 0.9029 0.2071 0.8629 0.8536 0.5883 0.8159
108 0.9015 0.2114 0.8632 0.8606 0.6292 0.8266
109 0.9042 0.2047 0.8636 0.8413 0.6348 0.8054
110 0.8986 0.2247 0.8594 0.8500 0.6304 0.8129
111 0.8993 0.2204 0.8610 0.8498 0.6031 0.8132
112 0.9007 0.2202 0.8630 0.8456 0.6182 0.8114
113 0.9025 0.2055 0.8651 0.8514 0.6402 0.8162
114 0.9045 0.2012 0.8636 0.8537 0.6395 0.8201
115 0.9089 0.1906 0.8707 0.8532 0.6251 0.8179
116 0.9086 0.1893 0.8707 0.8518 0.6468 0.8179
117 0.9085 0.1878 0.8702 0.8572 0.6790 0.8236
118 0.9040 0.1942 0.8644 0.8474 0.6983 0.8109
119 0.9065 0.2041 0.8665 0.8386 0.5931 0.8011
120 0.9026 0.2011 0.8608 0.8563 0.7459 0.8222
121 0.9058 0.2054 0.8652 0.8493 0.6853 0.8173
122 0.9054 0.2012 0.8649 0.8473 0.6489 0.8108
123 0.9062 0.1931 0.8697 0.8439 0.6699 0.8124
124 0.9054 0.1960 0.8681 0.8524 0.7012 0.8204
125 0.9116 0.1822 0.8760 0.8520 0.7015 0.8202
126 0.9051 0.1871 0.8652 0.8521 0.7420 0.8195
127 0.9083 0.1850 0.8700 0.8536 0.7479 0.8219
128 0.9058 0.1988 0.8677 0.8508 0.7237 0.8135
129 0.9065 0.1934 0.8650 0.8432 0.6703 0.8078
130 0.9068 0.2016 0.8693 0.8425 0.7067 0.8109
131 0.9005 0.2126 0.8640 0.8264 0.8599 0.7910
132 0.9003 0.2139 0.8611 0.8472 0.6198 0.8101
133 0.9098 0.1862 0.8732 0.8525 0.6360 0.8186
134 0.9089 0.1892 0.8695 0.8499 0.6306 0.8160
135 0.9104 0.1787 0.8746 0.8487 0.6338 0.8130
136 0.9128 0.1773 0.8769 0.8445 0.6697 0.8065
137 0.9127 0.1725 0.8753 0.8489 0.7166 0.8167
138 0.9060 0.1864 0.8665 0.8488 0.7048 0.8119
139 0.9099 0.1859 0.8722 0.8459 0.6718 0.8081
140 0.9029 0.2070 0.8635 0.8116 0.7591 0.7772
141 0.9077 0.1884 0.8703 0.8451 0.6667 0.8042
142 0.9075 0.1902 0.8698 0.8396 0.6519 0.8038
143 0.9074 0.1834 0.8698 0.8512 0.6896 0.8151
144 0.9077 0.1808 0.8703 0.8506 0.6462 0.8143
145 0.9110 0.1688 0.8730 0.8478 0.6497 0.8126
146 0.9143 0.1656 0.8777 0.8472 0.6506 0.8125
147 0.9130 0.1750 0.8751 0.8433 0.6567 0.8040
148 0.9125 0.1744 0.8753 0.8390 0.7111 0.8038
149 0.9105 0.1856 0.8738 0.8491 0.6873 0.8131
150 0.9073 0.1948 0.8698 0.8381 0.6525 0.8026
151 0.9072 0.2092 0.8678 0.8374 0.6068 0.7998
152 0.9106 0.1855 0.8721 0.8376 0.6451 0.7975
153 0.9072 0.1826 0.8691 0.8326 0.6351 0.7951
154 0.9115 0.1725 0.8734 0.8476 0.6382 0.8124
155 0.9176 0.1562 0.8818 0.8468 0.6418 0.8101
156 0.9127 0.1661 0.8743 0.8469 0.6651 0.8115
157 0.9118 0.1712 0.8749 0.8516 0.6641 0.8155
158 0.9108 0.1751 0.8704 0.8470 0.6674 0.8097
159 0.9096 0.1839 0.8703 0.8389 0.7644 0.8041
160 0.9154 0.1704 0.8805 0.8403 0.6908 0.8037
161 0.9192 0.1556 0.8848 0.8432 0.6720 0.8082
162 0.9141 0.1673 0.8775 0.8381 0.6764 0.8043
163 0.9139 0.1610 0.8778 0.8432 0.6808 0.8095
164 0.9155 0.1603 0.8802 0.8363 0.6842 0.8014
165 0.9193 0.1534 0.8842 0.8439 0.6768 0.8090
166 0.9124 0.1627 0.8733 0.8465 0.6796 0.8113
167 0.9163 0.1569 0.8810 0.8424 0.7082 0.8083
168 0.9167 0.1547 0.8804 0.8415 0.7071 0.8075
169 0.9146 0.1597 0.8765 0.8404 0.7141 0.8062
170 0.9157 0.1584 0.8784 0.8423 0.7336 0.8105
171 0.9163 0.1559 0.8819 0.8453 0.6989 0.8109
172 0.9187 0.1544 0.8813 0.8465 0.7077 0.8123
173 0.9170 0.1577 0.8821 0.8470 0.7023 0.8125
174 0.9146 0.1570 0.8782 0.8449 0.6924 0.8109
175 0.9195 0.1506 0.8847 0.8454 0.7028 0.8105
176 0.9178 0.1509 0.8816 0.8464 0.7123 0.8131
177 0.9173 0.1558 0.8808 0.8473 0.7237 0.8129
178 0.9173 0.1536 0.8782 0.8434 0.7300 0.8083
179 0.9178 0.1489 0.8808 0.8416 0.7260 0.8079
180 0.9207 0.1469 0.8832 0.8417 0.7295 0.8079
181 0.9194 0.1475 0.8820 0.8432 0.7484 0.8084
182 0.9172 0.1503 0.8816 0.8473 0.7487 0.8145
183 0.9176 0.1471 0.8818 0.8429 0.7532 0.8085
184 0.9182 0.1500 0.8838 0.8429 0.7484 0.8097
185 0.9207 0.1518 0.8865 0.8457 0.7471 0.8121
186 0.9180 0.1499 0.8817 0.8464 0.7367 0.8133
187 0.9164 0.1477 0.8794 0.8449 0.7302 0.8124
188 0.9203 0.1441 0.8836 0.8483 0.7465 0.8137
189 0.9180 0.1478 0.8804 0.8448 0.7543 0.8096
190 0.9173 0.1491 0.8816 0.8412 0.7486 0.8075
191 0.9167 0.1490 0.8808 0.8394 0.7559 0.8046
192 0.9167 0.1498 0.8797 0.8435 0.7843 0.8091
193 0.9176 0.1487 0.8807 0.8486 0.7581 0.8133
194 0.9192 0.1469 0.8832 0.8476 0.7594 0.8142
195 0.9191 0.1418 0.8846 0.8463 0.7680 0.8132
196 0.9187 0.1447 0.8824 0.8485 0.7675 0.8159
197 0.9169 0.1453 0.8800 0.8450 0.7825 0.8115
198 0.9183 0.1469 0.8817 0.8509 0.7296 0.8160
199 0.9203 0.1416 0.8842 0.8443 0.7592 0.8113
