epoch train_iou train_loss train_mAP val_iou val_loss val_mAP
0 0.6254 1.1698 0.5598 0.6754 0.9887 0.6233
1 0.7238 0.8650 0.6621 0.7110 0.9097 0.6387
2 0.7537 0.7574 0.7002 0.7469 0.7451 0.6983
3 0.7716 0.6886 0.7198 0.7786 0.6727 0.7294
4 0.7975 0.6222 0.7460 0.7811 0.6580 0.7424
5 0.7989 0.5997 0.7521 0.7839 0.6349 0.7397
6 0.8043 0.5920 0.7533 0.7845 0.6596 0.7385
7 0.7931 0.6292 0.7451 0.7445 0.7275 0.6877
8 0.7826 0.6623 0.7323 0.7745 0.7157 0.7298
9 0.7944 0.6405 0.7434 0.7707 0.7437 0.7204
10 0.7870 0.6781 0.7361 0.7009 1.1709 0.6386
11 0.8021 0.6063 0.7516 0.8023 0.6544 0.7660
12 0.8112 0.5651 0.7644 0.7996 0.6117 0.7550
13 0.8247 0.5242 0.7769 0.7951 0.6461 0.7481
14 0.8370 0.4709 0.7883 0.8161 0.5793 0.7744
15 0.8419 0.4543 0.7946 0.8193 0.5604 0.7791
16 0.8384 0.4591 0.7942 0.8177 0.5881 0.7764
17 0.8337 0.4853 0.7866 0.8186 0.5573 0.7755
18 0.8319 0.4921 0.7859 0.7971 0.6422 0.7519
19 0.8196 0.5423 0.7701 0.7837 0.6936 0.7422
20 0.8187 0.5444 0.7714 0.7834 0.6481 0.7303
21 0.8265 0.5169 0.7806 0.8102 0.6038 0.7707
22 0.8408 0.4671 0.7969 0.8193 0.7403 0.7803
23 0.8526 0.4352 0.8053 0.8084 0.6142 0.7720
24 0.8524 0.4106 0.8069 0.8192 0.5626 0.7810
25 0.8607 0.3783 0.8152 0.8270 0.5376 0.7894
26 0.8628 0.3789 0.8192 0.8180 0.5980 0.7821
27 0.8586 0.4007 0.8155 0.8106 0.5629 0.7751
28 0.8453 0.4394 0.7985 0.8050 0.7730 0.7714
29 0.8370 0.4965 0.7905 0.7808 0.7020 0.7382
30 0.8292 0.5095 0.7824 0.6572 1.9078 0.5933
31 0.8312 0.4832 0.7883 0.8160 0.5679 0.7835
32 0.8469 0.4467 0.8012 0.8133 0.5494 0.7756
33 0.8590 0.3893 0.8153 0.8134 0.5536 0.7821
34 0.8644 0.3601 0.8204 0.8300 0.5630 0.7944
35 0.8660 0.3662 0.8255 0.8350 0.5281 0.7982
36 0.8677 0.3516 0.8265 0.8227 0.5267 0.7826
37 0.8715 0.3457 0.8274 0.8149 0.6358 0.7796
38 0.8653 0.3726 0.8205 0.8205 0.5948 0.7768
39 0.8591 0.4005 0.8135 0.8240 0.6318 0.7910
40 0.8446 0.4528 0.7995 0.7595 0.7361 0.7041
41 0.8424 0.4446 0.7965 0.8202 0.6999 0.7782
42 0.8565 0.3850 0.8128 0.7567 0.8669 0.7018
43 0.8684 0.3573 0.8256 0.8258 0.5316 0.7827
44 0.8766 0.3231 0.8327 0.8167 0.6046 0.7797
45 0.8792 0.3023 0.8356 0.8234 0.5776 0.7871
46 0.8827 0.2963 0.8409 0.8270 0.6028 0.7870
47 0.8766 0.3171 0.8332 0.8217 0.6600 0.7870
48 0.8740 0.3365 0.8308 0.8243 0.5916 0.7883
49 0.8702 0.3647 0.8274 0.7710 0.7760 0.7049
50 0.8445 0.4469 0.8006 0.8073 0.7023 0.7631
51 0.8559 0.3950 0.8088 0.8196 0.6155 0.7883
52 0.8696 0.3491 0.8269 0.8048 0.7175 0.7636
53 0.8778 0.3179 0.8352 0.8374 0.6222 0.8058
54 0.8825 0.2896 0.8411 0.8332 0.6399 0.7976
55 0.8871 0.2833 0.8469 0.8378 0.6299 0.8022
56 0.8867 0.2795 0.8460 0.8373 0.6255 0.8013
57 0.8846 0.2810 0.8415 0.8385 0.6955 0.8014
58 0.8770 0.3256 0.8333 0.8302 0.5313 0.7933
59 0.8635 0.3738 0.8198 0.8130 0.6594 0.7726
60 0.8601 0.4005 0.8158 0.7994 0.7646 0.7617
61 0.8660 0.3693 0.8227 0.8071 0.7113 0.7662
62 0.8772 0.3283 0.8355 0.8366 0.6515 0.7977
63 0.8807 0.3073 0.8384 0.8215 0.5804 0.7847
64 0.8924 0.2643 0.8526 0.8410 0.6327 0.8041
65 0.8906 0.2615 0.8492 0.8432 0.6366 0.8091
66 0.8909 0.2569 0.8525 0.8354 0.6439 0.7978
67 0.8890 0.2693 0.8483 0.8366 0.6635 0.8050
68 0.8887 0.2797 0.8477 0.8199 0.6783 0.7873
69 0.8703 0.3356 0.8253 0.7838 0.8340 0.7303
70 0.8725 0.3559 0.8321 0.7996 0.7076 0.7572
71 0.8645 0.3574 0.8191 0.8331 0.6435 0.7981
72 0.8775 0.3113 0.8317 0.8223 0.8949 0.7856
73 0.8869 0.2834 0.8459 0.8366 0.6279 0.8016
74 0.8934 0.2563 0.8558 0.8432 0.6774 0.8091
75 0.8973 0.2404 0.8556 0.8472 0.6648 0.8137
76 0.8917 0.2578 0.8514 0.8394 0.6965 0.8028
77 0.8958 0.2535 0.8571 0.8450 0.7374 0.8138
78 0.8858 0.2758 0.8473 0.8375 0.8313 0.8029
79 0.8732 0.3340 0.8312 0.8248 0.5892 0.7893
80 0.8736 0.3333 0.8302 0.7234 0.9529 0.6688
81 0.8748 0.3398 0.8327 0.8221 0.6123 0.7844
82 0.8818 0.3090 0.8405 0.8282 0.6305 0.7900
83 0.8914 0.2696 0.8491 0.8400 0.6546 0.8040
84 0.8950 0.2421 0.8552 0.8354 0.6413 0.7999
85 0.8999 0.2280 0.8592 0.8379 0.6642 0.8019
86 0.8968 0.2375 0.8562 0.8432 0.5987 0.8087
87 0.8942 0.2526 0.8526 0.8424 0.5078 0.8067
88 0.8902 0.2648 0.8501 0.8366 0.6113 0.8017
89 0.8849 0.2809 0.8451 0.8268 0.7385 0.7928
90 0.8843 0.2909 0.8418 0.8215 0.8201 0.7917
91 0.8813 0.3204 0.8397 0.8289 0.6457 0.7954
92 0.8821 0.2985 0.8407 0.8277 0.6565 0.7927
93 0.8943 0.2561 0.8537 0.8416 0.6464 0.8079
94 0.9006 0.2295 0.8606 0.8374 0.6844 0.8053
95 0.9019 0.2265 0.8628 0.8366 0.7025 0.8031
96 0.8970 0.2246 0.8564 0.8383 0.6749 0.8004
97 0.8979 0.2275 0.8591 0.8309 0.6568 0.7935
98 0.8979 0.2503 0.8569 0.8353 0.6174 0.7948
99 0.8885 0.2791 0.8460 0.8156 0.7751 0.7804
100 0.8922 0.2563 0.8523 0.8480 0.6832 0.8123
101 0.8953 0.2381 0.8548 0.8460 0.5844 0.8063
102 0.8998 0.2332 0.8598 0.8523 0.6253 0.8147
103 0.8993 0.2219 0.8610 0.8473 0.6491 0.8150
104 0.9073 0.1986 0.8687 0.8461 0.6410 0.8117
105 0.9047 0.2016 0.8665 0.8482 0.6478 0.8136
106 0.9104 0.1943 0.8725 0.8445 0.6639 0.8089
107 0.9055 0.2001 0.8669 0.8506 0.6825 0.8159
108 0.9061 0.2044 0.8689 0.8535 0.6313 0.8188
109 0.9023 0.2184 0.8617 0.8440 0.7006 0.8081
110 0.9070 0.2206 0.8679 0.8312 0.7736 0.8012
111 0.9012 0.2191 0.8617 0.8336 0.7397 0.7984
112 0.9059 0.2034 0.8678 0.8274 0.8358 0.7919
113 0.9066 0.1959 0.8657 0.8390 0.8021 0.8065
114 0.9099 0.1847 0.8721 0.8417 0.8059 0.8069
115 0.9062 0.1906 0.8687 0.8423 0.8132 0.8067
116 0.9114 0.1800 0.8728 0.8419 0.8237 0.8071
117 0.9108 0.1863 0.8741 0.8425 0.8251 0.8082
118 0.9072 0.1895 0.8685 0.8306 0.9173 0.7933
119 0.9048 0.2091 0.8658 0.8441 0.6837 0.8061
120 0.9004 0.2211 0.8616 0.8368 0.6170 0.8019
121 0.9087 0.2113 0.8711 0.8341 0.6632 0.7963
122 0.9033 0.2042 0.8641 0.8409 0.7822 0.8071
123 0.9091 0.1911 0.8724 0.8392 0.7834 0.8044
124 0.9143 0.1754 0.8784 0.8420 0.8214 0.8067
125 0.9105 0.1741 0.8721 0.8402 0.8069 0.8044
126 0.9131 0.1746 0.8769 0.8416 0.7472 0.8064
127 0.9131 0.1819 0.8785 0.8436 0.7397 0.8090
128 0.9118 0.1851 0.8726 0.8387 0.8419 0.8025
129 0.9082 0.1984 0.8703 0.8259 0.7249 0.7895
130 0.9069 0.1957 0.8679 0.8354 0.8394 0.8038
131 0.9077 0.2022 0.8697 0.8177 0.8872 0.7815
132 0.9078 0.1952 0.8693 0.8433 0.6311 0.8095
133 0.9116 0.1808 0.8735 0.8480 0.7058 0.8125
134 0.9161 0.1709 0.8798 0.8441 0.7345 0.8115
135 0.9137 0.1717 0.8781 0.8481 0.7387 0.8148
136 0.9107 0.1786 0.8740 0.8498 0.7203 0.8153
137 0.9127 0.1730 0.8766 0.8403 0.6833 0.8042
138 0.9137 0.1708 0.8760 0.8361 0.8115 0.7999
139 0.9080 0.1978 0.8689 0.8313 0.8503 0.7953
140 0.9072 0.2049 0.8689 0.8361 1.0041 0.7988
141 0.9070 0.1954 0.8702 0.8432 0.8042 0.8090
142 0.9074 0.1928 0.8691 0.8469 0.8226 0.8161
143 0.9132 0.1721 0.8736 0.8394 0.7900 0.8079
144 0.9152 0.1666 0.8773 0.8469 0.7383 0.8151
145 0.9152 0.1665 0.8784 0.8456 0.7556 0.8118
146 0.9133 0.1658 0.8776 0.8429 0.7160 0.8099
147 0.9140 0.1677 0.8779 0.8471 0.8175 0.8142
148 0.9147 0.1801 0.8791 0.8442 0.7146 0.8083
149 0.9079 0.1989 0.8682 0.8239 0.7693 0.7796
150 0.9073 0.2098 0.8715 0.8286 0.7946 0.7935
151 0.9075 0.2060 0.8687 0.8354 0.8278 0.7994
152 0.9126 0.1835 0.8756 0.8380 0.7244 0.7980
153 0.9149 0.1701 0.8800 0.8418 0.7587 0.8053
154 0.9138 0.1684 0.8774 0.8450 0.7840 0.8101
155 0.9141 0.1637 0.8775 0.8451 0.7777 0.8120
156 0.9162 0.1636 0.8810 0.8523 0.7693 0.8171
157 0.9128 0.1698 0.8757 0.8444 0.8071 0.8108
158 0.9154 0.1648 0.8804 0.8418 0.7914 0.8091
159 0.9115 0.1834 0.8750 0.8331 0.8262 0.7952
160 0.9153 0.1653 0.8774 0.8466 0.7451 0.8131
161 0.9133 0.1616 0.8751 0.8488 0.7651 0.8165
162 0.9172 0.1548 0.8828 0.8462 0.7698 0.8148
163 0.9238 0.1456 0.8902 0.8481 0.7989 0.8139
164 0.9207 0.1491 0.8855 0.8485 0.7835 0.8148
165 0.9167 0.1547 0.8819 0.8499 0.7959 0.8174
166 0.9173 0.1581 0.8837 0.8465 0.7564 0.8126
167 0.9217 0.1455 0.8878 0.8443 0.7862 0.8102
168 0.9195 0.1523 0.8852 0.8426 0.7994 0.8100
169 0.9210 0.1450 0.8856 0.8444 0.7934 0.8107
170 0.9172 0.1531 0.8796 0.8517 0.8092 0.8175
171 0.9151 0.1533 0.8782 0.8488 0.7818 0.8143
172 0.9168 0.1522 0.8817 0.8490 0.8289 0.8150
173 0.9166 0.1503 0.8815 0.8510 0.8088 0.8178
174 0.9237 0.1446 0.8893 0.8511 0.8257 0.8172
175 0.9188 0.1448 0.8824 0.8505 0.8647 0.8179
176 0.9186 0.1461 0.8831 0.8491 0.8209 0.8156
177 0.9183 0.1469 0.8828 0.8500 0.8099 0.8163
178 0.9193 0.1475 0.8837 0.8492 0.8361 0.8150
179 0.9176 0.1478 0.8836 0.8491 0.8035 0.8149
180 0.9196 0.1433 0.8843 0.8495 0.8840 0.8169
181 0.9186 0.1437 0.8836 0.8492 0.8548 0.8162
182 0.9210 0.1410 0.8856 0.8454 0.8286 0.8138
183 0.9208 0.1426 0.8851 0.8465 0.8392 0.8131
184 0.9210 0.1389 0.8847 0.8482 0.8199 0.8156
185 0.9183 0.1460 0.8812 0.8465 0.8293 0.8141
186 0.9230 0.1385 0.8872 0.8495 0.8683 0.8189
187 0.9228 0.1403 0.8896 0.8485 0.8549 0.8156
188 0.9211 0.1426 0.8878 0.8498 0.8394 0.8156
189 0.9228 0.1380 0.8885 0.8490 0.8190 0.8165
190 0.9180 0.1429 0.8813 0.8500 0.8472 0.8171
191 0.9173 0.1432 0.8813 0.8492 0.8450 0.8157
192 0.9205 0.1393 0.8872 0.8517 0.8517 0.8192
193 0.9208 0.1362 0.8857 0.8466 0.8358 0.8143
194 0.9208 0.1366 0.8861 0.8526 0.8470 0.8198
195 0.9261 0.1342 0.8921 0.8496 0.8645 0.8160
196 0.9199 0.1383 0.8859 0.8519 0.8796 0.8180
197 0.9227 0.1354 0.8882 0.8485 0.8774 0.8165
198 0.9207 0.1374 0.8866 0.8483 0.9024 0.8148
199 0.9223 0.1353 0.8875 0.8487 0.8306 0.8169
