epoch train_iou train_loss train_mAP val_iou val_mAP
0 0.6365 1.9155 0.5648 0.6947 0.5980
1 0.7356 1.4447 0.6717 0.7602 0.7096
2 0.7677 1.2631 0.7110 0.8021 0.7556
3 0.7922 1.1075 0.7426 0.8177 0.7752
4 0.8105 0.9981 0.7647 0.8198 0.7811
5 0.8229 0.9410 0.7775 0.8274 0.7898
6 0.8213 0.9535 0.7750 0.8209 0.7865
7 0.8202 0.9688 0.7728 0.8269 0.7918
8 0.8080 1.0527 0.7594 0.8240 0.7857
9 0.8085 1.0364 0.7657 0.8122 0.7708
10 0.8182 1.0123 0.7790 0.8008 0.7721
11 0.8116 0.9773 0.7722 0.8227 0.7856
12 0.8355 0.8737 0.7965 0.8486 0.8184
13 0.8487 0.8059 0.8082 0.8373 0.8078
14 0.8549 0.7509 0.8169 0.8521 0.8225
15 0.8639 0.6986 0.8261 0.8498 0.8198
16 0.8653 0.6993 0.8268 0.8528 0.8237
17 0.8587 0.7284 0.8201 0.8481 0.8179
18 0.8502 0.7806 0.8125 0.8167 0.7816
19 0.8459 0.8203 0.8067 0.8286 0.7994
20 0.8300 0.9388 0.7896 0.8439 0.8105
21 0.8374 0.8753 0.7976 0.8413 0.8107
22 0.8573 0.7543 0.8208 0.8448 0.8137
23 0.8665 0.6937 0.8284 0.8498 0.8222
24 0.8769 0.6407 0.8391 0.8602 0.8333
25 0.8833 0.5939 0.8494 0.8570 0.8297
26 0.8766 0.6168 0.8404 0.8556 0.8290
27 0.8718 0.6486 0.8364 0.8476 0.8198
28 0.8677 0.6821 0.8303 0.8504 0.8165
29 0.8627 0.7710 0.8244 0.8396 0.8076
30 0.8481 0.8128 0.8100 0.8425 0.8084
31 0.8559 0.7445 0.8183 0.8469 0.8203
32 0.8643 0.7156 0.8273 0.8544 0.8264
33 0.8838 0.5891 0.8522 0.8531 0.8251
34 0.8887 0.5639 0.8552 0.8617 0.8345
35 0.8960 0.5081 0.8630 0.8636 0.8369
36 0.8900 0.5400 0.8583 0.8568 0.8298
37 0.8863 0.5643 0.8544 0.8355 0.8071
38 0.8786 0.6349 0.8439 0.8395 0.8137
39 0.8794 0.6351 0.8455 0.8414 0.8119
40 0.8571 0.7612 0.8226 0.8385 0.8141
41 0.8665 0.6824 0.8326 0.8357 0.8075
42 0.8808 0.6087 0.8472 0.8513 0.8233
43 0.8894 0.5523 0.8556 0.8659 0.8377
44 0.8949 0.5175 0.8609 0.8551 0.8298
45 0.8978 0.5036 0.8686 0.8609 0.8365
46 0.8934 0.5008 0.8621 0.8589 0.8334
47 0.8988 0.5029 0.8665 0.8600 0.8368
48 0.8932 0.5290 0.8598 0.8590 0.8329
49 0.8870 0.5625 0.8527 0.8494 0.8198
50 0.8687 0.7015 0.8333 0.7962 0.7599
51 0.8657 0.7152 0.8315 0.8490 0.8258
52 0.8804 0.6338 0.8481 0.8567 0.8273
53 0.8912 0.5560 0.8574 0.8566 0.8332
54 0.8994 0.4917 0.8693 0.8606 0.8358
55 0.9018 0.4801 0.8715 0.8622 0.8385
56 0.9035 0.4669 0.8742 0.8678 0.8412
57 0.9060 0.4576 0.8769 0.8585 0.8351
58 0.8996 0.5088 0.8693 0.8593 0.8293
59 0.8864 0.5754 0.8540 0.8624 0.8361
60 0.8783 0.6423 0.8452 0.8243 0.7888
61 0.8793 0.6440 0.8447 0.8511 0.8206
62 0.8975 0.5114 0.8656 0.8625 0.8368
63 0.9006 0.4892 0.8699 0.8597 0.8362
64 0.9065 0.4679 0.8779 0.8636 0.8406
65 0.9110 0.4345 0.8811 0.8652 0.8419
66 0.9115 0.4313 0.8821 0.8716 0.8468
67 0.9074 0.4736 0.8788 0.8678 0.8423
68 0.9026 0.4898 0.8720 0.8528 0.8309
69 0.8922 0.5533 0.8580 0.8493 0.8216
70 0.8877 0.5956 0.8547 0.8447 0.8149
71 0.8901 0.5567 0.8580 0.8609 0.8364
72 0.9010 0.4991 0.8728 0.8651 0.8413
73 0.9054 0.4673 0.8762 0.8673 0.8427
74 0.9107 0.4281 0.8815 0.8651 0.8419
75 0.9095 0.4220 0.8794 0.8659 0.8427
76 0.9106 0.4209 0.8848 0.8679 0.8457
77 0.9091 0.4202 0.8821 0.8662 0.8409
78 0.9036 0.4590 0.8733 0.8590 0.8357
79 0.9017 0.4863 0.8721 0.8638 0.8403
80 0.8881 0.5735 0.8564 0.8540 0.8281
81 0.8958 0.5225 0.8617 0.8504 0.8298
82 0.9015 0.5094 0.8721 0.8600 0.8371
83 0.9070 0.4538 0.8775 0.8692 0.8444
84 0.9106 0.4231 0.8801 0.8695 0.8451
85 0.9162 0.4072 0.8881 0.8703 0.8468
86 0.9164 0.3916 0.8901 0.8620 0.8392
87 0.9132 0.4224 0.8852 0.8677 0.8457
88 0.9102 0.4315 0.8792 0.8570 0.8334
89 0.8966 0.5187 0.8661 0.8674 0.8405
90 0.9004 0.5153 0.8710 0.8447 0.8112
91 0.8890 0.5660 0.8560 0.8502 0.8254
92 0.8985 0.5035 0.8687 0.8584 0.8351
93 0.9096 0.4342 0.8829 0.8673 0.8428
94 0.9140 0.4066 0.8882 0.8690 0.8453
95 0.9153 0.3966 0.8911 0.8691 0.8469
96 0.9172 0.3875 0.8916 0.8650 0.8425
97 0.9159 0.4036 0.8891 0.8647 0.8431
98 0.9105 0.4187 0.8830 0.8605 0.8343
99 0.9110 0.4435 0.8833 0.8648 0.8383
100 0.9118 0.4232 0.8863 0.8668 0.8442
101 0.9189 0.3940 0.8927 0.8649 0.8415
102 0.9147 0.3906 0.8869 0.8677 0.8430
103 0.9214 0.3638 0.8957 0.8659 0.8441
104 0.9261 0.3494 0.9017 0.8672 0.8456
105 0.9247 0.3476 0.8998 0.8666 0.8425
106 0.9251 0.3491 0.9000 0.8652 0.8431
107 0.9239 0.3580 0.8994 0.8660 0.8424
108 0.9201 0.3647 0.8935 0.8629 0.8413
109 0.9181 0.3731 0.8925 0.8691 0.8446
110 0.9140 0.3860 0.8862 0.8668 0.8399
111 0.9123 0.4205 0.8847 0.8456 0.8228
112 0.9228 0.3613 0.8983 0.8604 0.8382
113 0.9208 0.3639 0.8951 0.8695 0.8421
114 0.9272 0.3376 0.9033 0.8694 0.8428
115 0.9264 0.3299 0.9016 0.8722 0.8466
116 0.9262 0.3409 0.9014 0.8682 0.8431
117 0.9262 0.3491 0.9026 0.8595 0.8376
118 0.9217 0.3460 0.8975 0.8636 0.8387
119 0.9287 0.3354 0.9040 0.8671 0.8460
120 0.9214 0.3720 0.8946 0.8591 0.8357
121 0.9223 0.3644 0.8978 0.8648 0.8416
122 0.9209 0.3651 0.8945 0.8653 0.8446
123 0.9221 0.3499 0.8971 0.8633 0.8404
124 0.9273 0.3216 0.9042 0.8637 0.8438
125 0.9309 0.3115 0.9085 0.8658 0.8448
126 0.9261 0.3278 0.9024 0.8653 0.8454
127 0.9284 0.3247 0.9055 0.8667 0.8471
128 0.9230 0.3608 0.8995 0.8594 0.8364
129 0.9237 0.3573 0.8988 0.8583 0.8355
130 0.9251 0.3541 0.8997 0.8649 0.8404
131 0.9226 0.3672 0.8972 0.8636 0.8389
132 0.9242 0.3441 0.8999 0.8649 0.8406
133 0.9293 0.3326 0.9068 0.8638 0.8416
134 0.9289 0.3231 0.9058 0.8684 0.8436
135 0.9303 0.3154 0.9096 0.8686 0.8436
136 0.9303 0.3197 0.9084 0.8676 0.8438
137 0.9279 0.3281 0.9044 0.8694 0.8470
138 0.9247 0.3315 0.9004 0.8676 0.8441
139 0.9264 0.3426 0.9019 0.8648 0.8399
140 0.9214 0.3497 0.8951 0.8626 0.8377
141 0.9252 0.3521 0.9025 0.8686 0.8450
142 0.9309 0.3206 0.9066 0.8693 0.8459
143 0.9269 0.3327 0.9037 0.8700 0.8476
144 0.9289 0.3217 0.9060 0.8685 0.8453
145 0.9332 0.2995 0.9122 0.8684 0.8451
146 0.9326 0.3065 0.9095 0.8656 0.8418
147 0.9329 0.3080 0.9098 0.8681 0.8451
148 0.9284 0.3441 0.9039 0.8642 0.8398
149 0.9190 0.3712 0.8971 0.8547 0.8341
150 0.9215 0.3795 0.8971 0.8651 0.8416
151 0.9223 0.3634 0.8980 0.8683 0.8450
152 0.9287 0.3360 0.9059 0.8722 0.8505
153 0.9298 0.3308 0.9064 0.8659 0.8436
154 0.9276 0.3260 0.9046 0.8717 0.8501
155 0.9313 0.3164 0.9106 0.8736 0.8510
156 0.9295 0.3103 0.9083 0.8700 0.8452
157 0.9316 0.2998 0.9092 0.8669 0.8442
158 0.9254 0.3307 0.9024 0.8647 0.8428
159 0.9243 0.3403 0.9015 0.8665 0.8435
160 0.9286 0.3177 0.9046 0.8715 0.8483
161 0.9321 0.3084 0.9083 0.8733 0.8498
162 0.9339 0.2959 0.9133 0.8726 0.8501
163 0.9330 0.2949 0.9117 0.8746 0.8518
164 0.9357 0.2928 0.9142 0.8709 0.8476
165 0.9327 0.2958 0.9118 0.8722 0.8498
166 0.9329 0.2962 0.9122 0.8737 0.8496
167 0.9323 0.2965 0.9100 0.8737 0.8496
168 0.9349 0.2963 0.9146 0.8707 0.8478
169 0.9290 0.3014 0.9092 0.8707 0.8484
170 0.9349 0.2895 0.9146 0.8725 0.8500
171 0.9359 0.2882 0.9150 0.8688 0.8471
172 0.9347 0.2976 0.9120 0.8695 0.8463
173 0.9365 0.2802 0.9165 0.8694 0.8468
174 0.9348 0.2812 0.9145 0.8695 0.8459
175 0.9332 0.2981 0.9108 0.8700 0.8452
176 0.9401 0.2773 0.9197 0.8695 0.8460
177 0.9385 0.2715 0.9182 0.8712 0.8480
178 0.9344 0.2858 0.9139 0.8686 0.8451
179 0.9334 0.2929 0.9126 0.8694 0.8472
180 0.9346 0.2849 0.9142 0.8709 0.8464
181 0.9368 0.2774 0.9191 0.8734 0.8490
182 0.9335 0.2970 0.9130 0.8717 0.8483
183 0.9381 0.2776 0.9185 0.8717 0.8480
184 0.9347 0.2832 0.9130 0.8736 0.8500
185 0.9376 0.2818 0.9158 0.8716 0.8477
186 0.9346 0.2805 0.9145 0.8712 0.8477
187 0.9353 0.2817 0.9148 0.8711 0.8468
188 0.9386 0.2766 0.9192 0.8697 0.8462
189 0.9367 0.2783 0.9157 0.8691 0.8465
190 0.9367 0.2813 0.9167 0.8697 0.8468
191 0.9352 0.2826 0.9154 0.8711 0.8471
192 0.9386 0.2733 0.9187 0.8681 0.8476
193 0.9358 0.2727 0.9163 0.8695 0.8474
194 0.9364 0.2789 0.9163 0.8724 0.8494
195 0.9388 0.2776 0.9178 0.8699 0.8460
196 0.9384 0.2761 0.9182 0.8709 0.8483
197 0.9377 0.2661 0.9196 0.8670 0.8442
198 0.9325 0.2837 0.9144 0.8702 0.8457
199 0.9376 0.2662 0.9179 0.8696 0.8480
