epoch train_iou train_loss train_mAP val_iou val_loss val_mAP
0 0.6313 1.1719 0.5693 0.6951 0.9322 0.6126
1 0.7248 0.8836 0.6681 0.7378 0.8547 0.6891
2 0.7583 0.7626 0.7025 0.7584 0.7742 0.6963
3 0.7748 0.6946 0.7201 0.7819 0.6809 0.7337
4 0.7885 0.6363 0.7358 0.7873 0.6534 0.7483
5 0.8018 0.5934 0.7509 0.8010 0.6019 0.7511
6 0.7949 0.6213 0.7466 0.8044 0.6007 0.7600
7 0.7937 0.6216 0.7447 0.8020 0.6576 0.7613
8 0.7978 0.6411 0.7489 0.7807 0.6631 0.7175
9 0.7837 0.6747 0.7347 0.7947 0.6510 0.7500
10 0.7733 0.6943 0.7264 0.7664 0.7713 0.7188
11 0.7879 0.6530 0.7451 0.7998 0.6078 0.7542
12 0.8064 0.5891 0.7646 0.8203 0.5744 0.7808
13 0.8227 0.5230 0.7799 0.8077 0.6007 0.7755
14 0.8300 0.4954 0.7870 0.8292 0.5122 0.7847
15 0.8367 0.4757 0.7908 0.8333 0.5128 0.7906
16 0.8319 0.4849 0.7892 0.8264 0.5294 0.7864
17 0.8312 0.4976 0.7864 0.7999 0.6447 0.7535
18 0.8207 0.5467 0.7766 0.8125 0.5845 0.7764
19 0.8183 0.5557 0.7724 0.8076 0.5824 0.7603
20 0.8134 0.5722 0.7663 0.7830 0.6771 0.7499
21 0.8216 0.5382 0.7786 0.8074 0.6306 0.7655
22 0.8340 0.4843 0.7905 0.8329 0.5433 0.7960
23 0.8332 0.4795 0.7936 0.8316 0.5041 0.7957
24 0.8407 0.4493 0.7995 0.8335 0.4978 0.7956
25 0.8509 0.4207 0.8061 0.8392 0.4947 0.8024
26 0.8476 0.4351 0.8062 0.8279 0.5275 0.7947
27 0.8479 0.4385 0.8062 0.8235 0.5349 0.7847
28 0.8358 0.4838 0.7933 0.8048 0.6078 0.7608
29 0.8191 0.5338 0.7787 0.8068 0.5976 0.7635
30 0.8292 0.5170 0.7895 0.8079 0.6088 0.7602
31 0.8263 0.5206 0.7846 0.8269 0.5286 0.7812
32 0.8317 0.4926 0.7885 0.8268 0.5190 0.7903
33 0.8521 0.4241 0.8096 0.8331 0.5024 0.7934
34 0.8516 0.4085 0.8108 0.8322 0.4933 0.7933
35 0.8537 0.3912 0.8113 0.8379 0.4814 0.8011
36 0.8580 0.3920 0.8165 0.8333 0.4960 0.7925
37 0.8580 0.4009 0.8179 0.8429 0.4848 0.8050
38 0.8503 0.4331 0.8090 0.8311 0.5208 0.7911
39 0.8438 0.4571 0.8020 0.8152 0.5778 0.7862
40 0.8310 0.5116 0.7905 0.8245 0.5760 0.7881
41 0.8359 0.4845 0.7922 0.8269 0.5216 0.7939
42 0.8525 0.4256 0.8127 0.8144 0.5950 0.7869
43 0.8636 0.3862 0.8229 0.8342 0.4872 0.7994
44 0.8639 0.3739 0.8251 0.8425 0.4805 0.8065
45 0.8591 0.3695 0.8178 0.8407 0.4733 0.8049
46 0.8637 0.3621 0.8242 0.8426 0.4531 0.8049
47 0.8593 0.3764 0.8188 0.8219 0.5284 0.7803
48 0.8560 0.4100 0.8149 0.8363 0.5442 0.7994
49 0.8478 0.4369 0.8058 0.8166 0.5563 0.7696
50 0.8435 0.4553 0.7983 0.8092 0.5654 0.7653
51 0.8450 0.4509 0.8017 0.6790 1.6978 0.6460
52 0.8493 0.4401 0.8088 0.8352 0.5100 0.8006
53 0.8650 0.3787 0.8233 0.8329 0.4912 0.7923
54 0.8623 0.3634 0.8194 0.8406 0.4620 0.8047
55 0.8757 0.3316 0.8372 0.8410 0.4661 0.8043
56 0.8730 0.3288 0.8317 0.8474 0.4498 0.8091
57 0.8714 0.3435 0.8297 0.8471 0.4561 0.8083
58 0.8664 0.3626 0.8261 0.8024 0.6801 0.7637
59 0.8497 0.4376 0.8063 0.8089 0.6302 0.7641
60 0.8452 0.4605 0.8028 0.7613 0.8928 0.7299
61 0.8507 0.4303 0.8103 0.8293 0.5298 0.7965
62 0.8594 0.3869 0.8201 0.8412 0.4965 0.8082
63 0.8676 0.3585 0.8253 0.8361 0.4931 0.7980
64 0.8762 0.3283 0.8368 0.8415 0.4978 0.8062
65 0.8770 0.3157 0.8383 0.8393 0.4855 0.8048
66 0.8775 0.3126 0.8373 0.8400 0.4862 0.8046
67 0.8755 0.3270 0.8362 0.8328 0.5171 0.7935
68 0.8616 0.3637 0.8213 0.8407 0.4727 0.8056
69 0.8603 0.3884 0.8197 0.8366 0.5094 0.8022
70 0.8488 0.4339 0.8080 0.8160 0.6327 0.7813
71 0.8578 0.4126 0.8168 0.8283 0.5303 0.7978
72 0.8645 0.3700 0.8255 0.8378 0.5158 0.8024
73 0.8705 0.3410 0.8298 0.8454 0.4475 0.8069
74 0.8829 0.2970 0.8401 0.8477 0.4798 0.8097
75 0.8826 0.2999 0.8448 0.8499 0.4642 0.8114
76 0.8873 0.2858 0.8475 0.8541 0.4655 0.8172
77 0.8811 0.3076 0.8434 0.8480 0.4942 0.8133
78 0.8808 0.3148 0.8439 0.8394 0.4826 0.7987
79 0.8694 0.3541 0.8255 0.7865 0.6838 0.7434
80 0.8484 0.4234 0.8062 0.8411 0.4681 0.8052
81 0.8548 0.4143 0.8160 0.7880 0.7142 0.7489
82 0.8678 0.3522 0.8297 0.8395 0.5094 0.8076
83 0.8751 0.3283 0.8357 0.8432 0.4529 0.8052
84 0.8827 0.2866 0.8407 0.8472 0.4982 0.8102
85 0.8830 0.2853 0.8440 0.8465 0.4738 0.8105
86 0.8886 0.2721 0.8489 0.8441 0.4706 0.8061
87 0.8843 0.2907 0.8432 0.8360 0.4861 0.7986
88 0.8706 0.3373 0.8298 0.8496 0.4810 0.8186
89 0.8633 0.3884 0.8224 0.8084 0.6855 0.7721
90 0.8594 0.3833 0.8172 0.8253 0.5666 0.7827
91 0.8673 0.3574 0.8263 0.8125 0.5755 0.7708
92 0.8675 0.3574 0.8269 0.8484 0.4781 0.8153
93 0.8816 0.2980 0.8401 0.8430 0.5379 0.8056
94 0.8881 0.2762 0.8485 0.8478 0.4758 0.8131
95 0.8861 0.2779 0.8457 0.8465 0.4830 0.8090
96 0.8836 0.2852 0.8430 0.8430 0.4869 0.8052
97 0.8910 0.2727 0.8509 0.8371 0.5339 0.8011
98 0.8798 0.3118 0.8382 0.8413 0.4936 0.8055
99 0.8727 0.3355 0.8306 0.8223 0.5755 0.7840
100 0.8799 0.3091 0.8381 0.8327 0.5351 0.7965
101 0.8842 0.2854 0.8456 0.8445 0.5344 0.8111
102 0.8920 0.2598 0.8518 0.8496 0.5141 0.8148
103 0.8969 0.2485 0.8572 0.8493 0.4844 0.8150
104 0.8948 0.2387 0.8534 0.8474 0.5189 0.8071
105 0.9011 0.2251 0.8605 0.8470 0.5186 0.8077
106 0.8992 0.2300 0.8593 0.8502 0.5233 0.8138
107 0.8938 0.2368 0.8547 0.8517 0.5610 0.8166
108 0.8946 0.2366 0.8561 0.8509 0.5500 0.8169
109 0.8875 0.2611 0.8462 0.8433 0.5534 0.8070
110 0.8952 0.2481 0.8550 0.8463 0.5635 0.8102
111 0.8923 0.2553 0.8516 0.8486 0.5218 0.8141
112 0.8935 0.2430 0.8544 0.8484 0.5345 0.8082
113 0.8997 0.2300 0.8603 0.8494 0.5480 0.8129
114 0.9038 0.2106 0.8643 0.8472 0.5013 0.8099
115 0.9013 0.2109 0.8617 0.8479 0.5000 0.8102
116 0.9023 0.2123 0.8607 0.8568 0.4995 0.8184
117 0.9033 0.2109 0.8634 0.8569 0.5135 0.8222
118 0.8928 0.2468 0.8541 0.8420 0.5180 0.7994
119 0.8946 0.2413 0.8552 0.8422 0.5181 0.8055
120 0.8892 0.2616 0.8476 0.8388 0.5425 0.8024
121 0.8958 0.2474 0.8578 0.8477 0.5367 0.8133
122 0.8971 0.2331 0.8572 0.8279 0.5154 0.7887
123 0.9058 0.2102 0.8668 0.8467 0.5053 0.8119
124 0.9020 0.2104 0.8625 0.8537 0.5141 0.8194
125 0.9034 0.2093 0.8659 0.8559 0.5133 0.8222
126 0.8998 0.2123 0.8598 0.8550 0.4887 0.8192
127 0.8990 0.2123 0.8591 0.8477 0.5120 0.8111
128 0.9042 0.2123 0.8655 0.8310 0.5467 0.7927
129 0.9025 0.2218 0.8607 0.8568 0.5849 0.8237
130 0.8972 0.2425 0.8578 0.8247 0.6694 0.7885
131 0.8929 0.2538 0.8526 0.8404 0.5428 0.8038
132 0.9007 0.2198 0.8621 0.8293 0.5539 0.7942
133 0.9034 0.2078 0.8636 0.8559 0.5091 0.8194
134 0.9051 0.2065 0.8649 0.8476 0.5126 0.8103
135 0.8992 0.2089 0.8584 0.8492 0.5041 0.8133
136 0.9041 0.2021 0.8652 0.8522 0.5295 0.8172
137 0.9012 0.2009 0.8615 0.8442 0.5523 0.8084
138 0.9042 0.1999 0.8641 0.8487 0.5761 0.8144
139 0.9002 0.2182 0.8586 0.8424 0.6344 0.8073
140 0.8986 0.2335 0.8589 0.8409 0.8375 0.8102
141 0.8996 0.2330 0.8584 0.8498 0.4835 0.8119
142 0.9025 0.2097 0.8652 0.8526 0.5162 0.8202
143 0.9061 0.2005 0.8676 0.8456 0.5361 0.8111
144 0.9077 0.1932 0.8700 0.8532 0.5588 0.8187
145 0.9050 0.1928 0.8682 0.8508 0.5527 0.8156
146 0.9060 0.1944 0.8675 0.8506 0.5255 0.8169
147 0.9031 0.2065 0.8642 0.8420 0.5442 0.8063
148 0.9054 0.1961 0.8680 0.8503 0.5656 0.8151
149 0.9089 0.1948 0.8697 0.8349 0.6161 0.7945
150 0.9031 0.2091 0.8614 0.8452 0.5792 0.8107
151 0.9057 0.2072 0.8659 0.8061 0.9513 0.7700
152 0.8988 0.2298 0.8618 0.8615 0.4926 0.8300
153 0.9080 0.1919 0.8685 0.8628 0.5159 0.8304
154 0.9057 0.1956 0.8670 0.8552 0.4905 0.8206
155 0.9100 0.1844 0.8721 0.8542 0.4874 0.8194
156 0.9093 0.1823 0.8720 0.8589 0.5335 0.8278
157 0.9101 0.1865 0.8730 0.8635 0.5190 0.8294
158 0.9094 0.1875 0.8716 0.8545 0.6404 0.8190
159 0.8999 0.2262 0.8607 0.8513 0.5871 0.8185
160 0.9051 0.2029 0.8678 0.8528 0.5479 0.8181
161 0.9080 0.1850 0.8719 0.8599 0.5479 0.8276
162 0.9121 0.1817 0.8755 0.8571 0.5580 0.8250
163 0.9092 0.1869 0.8722 0.8599 0.5482 0.8274
164 0.9083 0.1833 0.8692 0.8573 0.5426 0.8250
165 0.9130 0.1766 0.8764 0.8566 0.5495 0.8232
166 0.9124 0.1776 0.8747 0.8590 0.5322 0.8257
167 0.9158 0.1663 0.8789 0.8587 0.5481 0.8254
168 0.9113 0.1793 0.8754 0.8560 0.5414 0.8231
169 0.9124 0.1772 0.8753 0.8610 0.5525 0.8275
170 0.9096 0.1775 0.8706 0.8571 0.5708 0.8226
171 0.9151 0.1709 0.8776 0.8629 0.5633 0.8303
172 0.9104 0.1703 0.8715 0.8593 0.5713 0.8252
173 0.9131 0.1700 0.8746 0.8589 0.5715 0.8246
174 0.9159 0.1607 0.8801 0.8561 0.5823 0.8210
175 0.9129 0.1649 0.8740 0.8568 0.5994 0.8239
176 0.9151 0.1595 0.8782 0.8562 0.6034 0.8219
177 0.9167 0.1617 0.8795 0.8495 0.6073 0.8138
178 0.9138 0.1658 0.8757 0.8531 0.5928 0.8178
179 0.9121 0.1691 0.8737 0.8508 0.6459 0.8163
180 0.9114 0.1675 0.8738 0.8480 0.6651 0.8121
181 0.9152 0.1651 0.8789 0.8528 0.6023 0.8200
182 0.9119 0.1673 0.8747 0.8569 0.6000 0.8224
183 0.9072 0.1702 0.8689 0.8567 0.6145 0.8216
184 0.9152 0.1651 0.8779 0.8566 0.5908 0.8220
185 0.9113 0.1666 0.8743 0.8559 0.5906 0.8212
186 0.9151 0.1573 0.8758 0.8564 0.5977 0.8236
187 0.9170 0.1591 0.8812 0.8536 0.6509 0.8215
188 0.9145 0.1626 0.8756 0.8522 0.6264 0.8171
189 0.9141 0.1626 0.8776 0.8549 0.6249 0.8215
190 0.9154 0.1627 0.8796 0.8531 0.6334 0.8200
191 0.9128 0.1622 0.8750 0.8524 0.6287 0.8191
192 0.9154 0.1585 0.8786 0.8505 0.6132 0.8154
193 0.9182 0.1567 0.8819 0.8514 0.6490 0.8173
194 0.9161 0.1585 0.8794 0.8523 0.6298 0.8189
195 0.9143 0.1567 0.8789 0.8528 0.6399 0.8185
196 0.9150 0.1554 0.8776 0.8489 0.6366 0.8136
197 0.9143 0.1614 0.8784 0.8519 0.6466 0.8196
198 0.9173 0.1530 0.8805 0.8472 0.6665 0.8143
199 0.9172 0.1584 0.8805 0.8512 0.6607 0.8178
