epoch train_iou train_loss train_mAP val_iou val_mAP
0 0.6150 1.1731 0.5498 0.7210 0.6450
1 0.7688 0.7508 0.7107 0.7711 0.7125
2 0.7869 0.6806 0.7327 0.7897 0.7347
3 0.8110 0.6057 0.7643 0.8071 0.7667
4 0.8229 0.5389 0.7790 0.8252 0.7843
5 0.8375 0.4992 0.7973 0.8292 0.7887
6 0.8429 0.4880 0.8008 0.8299 0.7882
7 0.8310 0.5170 0.7903 0.8299 0.7866
8 0.8250 0.5432 0.7829 0.8130 0.7592
9 0.8316 0.5242 0.7893 0.8176 0.7776
10 0.8218 0.5686 0.7826 0.8180 0.7812
11 0.8317 0.5370 0.7927 0.8303 0.7952
12 0.8416 0.4909 0.8037 0.8366 0.8009
13 0.8623 0.4265 0.8271 0.8432 0.8089
14 0.8693 0.3942 0.8345 0.8418 0.8127
15 0.8724 0.3647 0.8396 0.8443 0.8141
16 0.8764 0.3585 0.8421 0.8459 0.8149
17 0.8732 0.3778 0.8403 0.8346 0.8032
18 0.8652 0.4048 0.8323 0.8284 0.7989
19 0.8517 0.4645 0.8157 0.8217 0.7832
20 0.8509 0.4703 0.8145 0.8253 0.7911
21 0.8566 0.4501 0.8216 0.8434 0.8111
22 0.8710 0.3877 0.8378 0.8463 0.8199
23 0.8833 0.3477 0.8512 0.8498 0.8160
24 0.8959 0.3062 0.8644 0.8523 0.8194
25 0.8935 0.3008 0.8605 0.8563 0.8260
26 0.8966 0.3053 0.8652 0.8600 0.8316
27 0.8895 0.3170 0.8593 0.8490 0.8180
28 0.8882 0.3279 0.8569 0.8472 0.8223
29 0.8853 0.3375 0.8515 0.8442 0.8179
30 0.8686 0.4203 0.8363 0.8269 0.7870
31 0.8703 0.3958 0.8373 0.8514 0.8235
32 0.8827 0.3437 0.8497 0.8502 0.8192
33 0.8969 0.3038 0.8673 0.8474 0.8174
34 0.9016 0.2756 0.8706 0.8543 0.8263
35 0.8972 0.2746 0.8675 0.8565 0.8302
36 0.9058 0.2627 0.8752 0.8586 0.8299
37 0.9055 0.2594 0.8743 0.8585 0.8337
38 0.9016 0.2771 0.8725 0.8568 0.8310
39 0.8781 0.3764 0.8451 0.8520 0.8210
40 0.8717 0.3864 0.8368 0.8435 0.8189
41 0.8816 0.3353 0.8508 0.8433 0.8123
42 0.8900 0.3220 0.8620 0.8608 0.8296
43 0.9010 0.2745 0.8734 0.8587 0.8314
44 0.9087 0.2539 0.8812 0.8667 0.8397
45 0.9146 0.2329 0.8885 0.8664 0.8403
46 0.9117 0.2409 0.8829 0.8604 0.8356
47 0.9115 0.2430 0.8811 0.8653 0.8375
48 0.9049 0.2705 0.8762 0.8618 0.8331
49 0.9018 0.2941 0.8710 0.8132 0.7829
50 0.8858 0.3437 0.8546 0.8430 0.8116
51 0.8896 0.3180 0.8566 0.8560 0.8314
52 0.8977 0.2869 0.8707 0.8554 0.8293
53 0.9024 0.2598 0.8743 0.8554 0.8310
54 0.9105 0.2380 0.8831 0.8597 0.8365
55 0.9212 0.2123 0.8958 0.8604 0.8370
56 0.9168 0.2196 0.8914 0.8642 0.8379
57 0.9137 0.2343 0.8862 0.8604 0.8356
58 0.9118 0.2516 0.8851 0.8613 0.8321
59 0.9039 0.2720 0.8756 0.8503 0.8251
60 0.9004 0.2869 0.8706 0.8517 0.8248
61 0.8958 0.3063 0.8689 0.8439 0.8159
62 0.9039 0.2826 0.8760 0.8548 0.8290
63 0.9098 0.2506 0.8798 0.8594 0.8290
64 0.9159 0.2268 0.8908 0.8641 0.8347
65 0.9205 0.2155 0.8944 0.8663 0.8387
66 0.9199 0.2141 0.8948 0.8636 0.8316
67 0.9135 0.2277 0.8854 0.8650 0.8354
68 0.9102 0.2435 0.8827 0.8584 0.8334
69 0.8948 0.3099 0.8659 0.8535 0.8236
70 0.8920 0.3206 0.8592 0.8596 0.8292
71 0.8934 0.3087 0.8636 0.8557 0.8254
72 0.9123 0.2420 0.8828 0.8498 0.8221
73 0.9159 0.2355 0.8885 0.8657 0.8383
74 0.9164 0.2281 0.8892 0.8625 0.8362
75 0.9208 0.2053 0.8980 0.8662 0.8404
76 0.9186 0.2094 0.8947 0.8653 0.8416
77 0.9259 0.1952 0.9025 0.8642 0.8391
78 0.9188 0.2182 0.8939 0.8681 0.8403
79 0.9111 0.2424 0.8849 0.8638 0.8352
80 0.8976 0.2998 0.8678 0.8611 0.8299
81 0.8977 0.3066 0.8684 0.8604 0.8345
82 0.9107 0.2572 0.8839 0.8673 0.8405
83 0.9103 0.2422 0.8840 0.8686 0.8446
84 0.9217 0.2110 0.8965 0.8684 0.8442
85 0.9180 0.2172 0.8905 0.8701 0.8468
86 0.9213 0.2000 0.8970 0.8711 0.8476
87 0.9249 0.1994 0.9003 0.8694 0.8440
88 0.9179 0.2116 0.8927 0.8705 0.8453
89 0.9167 0.2301 0.8922 0.8575 0.8300
90 0.9043 0.2794 0.8796 0.8609 0.8307
91 0.9003 0.2888 0.8701 0.8456 0.8065
92 0.9110 0.2452 0.8859 0.8621 0.8359
93 0.9154 0.2306 0.8900 0.8558 0.8335
94 0.9237 0.2014 0.8980 0.8673 0.8413
95 0.9257 0.1937 0.9010 0.8676 0.8416
96 0.9291 0.1871 0.9050 0.8705 0.8454
97 0.9259 0.1891 0.9020 0.8625 0.8380
98 0.9217 0.2113 0.8955 0.8512 0.8238
99 0.9145 0.2391 0.8880 0.8441 0.8230
100 0.9151 0.2343 0.8882 0.8575 0.8344
101 0.9256 0.1991 0.9023 0.8548 0.8319
102 0.9265 0.1893 0.9040 0.8667 0.8427
103 0.9267 0.1844 0.9052 0.8681 0.8425
104 0.9318 0.1732 0.9101 0.8634 0.8410
105 0.9309 0.1709 0.9091 0.8650 0.8422
106 0.9331 0.1650 0.9131 0.8666 0.8435
107 0.9286 0.1772 0.9077 0.8648 0.8395
108 0.9263 0.1844 0.9026 0.8619 0.8380
109 0.9270 0.1885 0.9028 0.8647 0.8415
110 0.9267 0.1920 0.9046 0.8517 0.8301
111 0.9258 0.1916 0.9021 0.8656 0.8426
112 0.9314 0.1774 0.9082 0.8712 0.8482
113 0.9325 0.1702 0.9115 0.8642 0.8446
114 0.9323 0.1689 0.9099 0.8702 0.8481
115 0.9353 0.1592 0.9142 0.8698 0.8483
116 0.9355 0.1650 0.9124 0.8675 0.8464
117 0.9357 0.1642 0.9151 0.8638 0.8390
118 0.9284 0.1728 0.9060 0.8721 0.8455
119 0.9270 0.1797 0.9027 0.8727 0.8481
120 0.9298 0.1866 0.9082 0.8659 0.8404
121 0.9282 0.1946 0.9071 0.8608 0.8379
122 0.9278 0.1835 0.9058 0.8688 0.8436
123 0.9340 0.1651 0.9136 0.8673 0.8424
124 0.9325 0.1736 0.9084 0.8678 0.8431
125 0.9378 0.1540 0.9176 0.8684 0.8450
126 0.9359 0.1577 0.9163 0.8684 0.8440
127 0.9343 0.1633 0.9136 0.8696 0.8476
128 0.9311 0.1701 0.9103 0.8668 0.8421
129 0.9320 0.1687 0.9089 0.8660 0.8408
130 0.9316 0.1712 0.9112 0.8659 0.8384
131 0.9296 0.1749 0.9077 0.8711 0.8432
132 0.9322 0.1719 0.9119 0.8718 0.8469
133 0.9355 0.1661 0.9168 0.8736 0.8510
134 0.9354 0.1616 0.9137 0.8717 0.8482
135 0.9378 0.1507 0.9202 0.8717 0.8489
136 0.9373 0.1545 0.9178 0.8725 0.8489
137 0.9381 0.1521 0.9168 0.8689 0.8441
138 0.9350 0.1618 0.9143 0.8658 0.8396
139 0.9353 0.1638 0.9148 0.8675 0.8421
140 0.9268 0.1851 0.9050 0.8668 0.8401
141 0.9321 0.1747 0.9124 0.8719 0.8467
142 0.9349 0.1628 0.9160 0.8628 0.8407
143 0.9353 0.1630 0.9170 0.8713 0.8461
144 0.9368 0.1549 0.9185 0.8753 0.8505
145 0.9376 0.1498 0.9183 0.8768 0.8524
146 0.9384 0.1467 0.9195 0.8757 0.8495
147 0.9373 0.1531 0.9172 0.8758 0.8532
148 0.9363 0.1630 0.9185 0.8685 0.8433
149 0.9362 0.1612 0.9175 0.8725 0.8478
150 0.9348 0.1639 0.9148 0.8708 0.8454
151 0.9335 0.1724 0.9124 0.8657 0.8426
152 0.9350 0.1585 0.9153 0.8671 0.8421
153 0.9421 0.1471 0.9235 0.8689 0.8447
154 0.9391 0.1486 0.9198 0.8714 0.8454
155 0.9428 0.1431 0.9239 0.8740 0.8486
156 0.9412 0.1467 0.9230 0.8697 0.8460
157 0.9415 0.1457 0.9234 0.8713 0.8470
158 0.9379 0.1523 0.9189 0.8642 0.8419
159 0.9343 0.1627 0.9138 0.8704 0.8459
160 0.9379 0.1528 0.9188 0.8675 0.8422
161 0.9367 0.1538 0.9185 0.8749 0.8503
162 0.9438 0.1385 0.9262 0.8735 0.8496
163 0.9452 0.1360 0.9284 0.8739 0.8505
164 0.9434 0.1406 0.9262 0.8751 0.8506
165 0.9406 0.1430 0.9219 0.8743 0.8510
166 0.9442 0.1343 0.9274 0.8758 0.8515
167 0.9378 0.1452 0.9215 0.8747 0.8497
168 0.9420 0.1390 0.9244 0.8749 0.8506
169 0.9422 0.1364 0.9254 0.8733 0.8495
170 0.9429 0.1409 0.9247 0.8728 0.8481
171 0.9429 0.1383 0.9262 0.8737 0.8486
172 0.9430 0.1371 0.9244 0.8742 0.8504
173 0.9425 0.1398 0.9251 0.8753 0.8509
174 0.9406 0.1420 0.9217 0.8735 0.8489
175 0.9451 0.1317 0.9286 0.8755 0.8509
176 0.9440 0.1310 0.9277 0.8744 0.8501
177 0.9461 0.1292 0.9290 0.8747 0.8496
178 0.9457 0.1294 0.9297 0.8758 0.8522
179 0.9394 0.1404 0.9212 0.8721 0.8471
180 0.9450 0.1309 0.9302 0.8767 0.8535
181 0.9449 0.1324 0.9276 0.8761 0.8529
182 0.9430 0.1341 0.9258 0.8747 0.8503
183 0.9479 0.1277 0.9324 0.8724 0.8490
184 0.9464 0.1265 0.9305 0.8733 0.8484
185 0.9445 0.1297 0.9287 0.8747 0.8511
186 0.9461 0.1298 0.9291 0.8751 0.8506
187 0.9440 0.1330 0.9272 0.8734 0.8491
188 0.9450 0.1317 0.9279 0.8747 0.8508
189 0.9449 0.1341 0.9269 0.8742 0.8499
190 0.9415 0.1374 0.9248 0.8697 0.8456
191 0.9429 0.1350 0.9273 0.8735 0.8483
192 0.9450 0.1317 0.9272 0.8749 0.8500
193 0.9461 0.1315 0.9311 0.8753 0.8503
194 0.9438 0.1348 0.9259 0.8772 0.8520
195 0.9460 0.1328 0.9298 0.8751 0.8496
196 0.9468 0.1278 0.9302 0.8755 0.8503
197 0.9449 0.1297 0.9301 0.8741 0.8499
198 0.9458 0.1290 0.9304 0.8751 0.8509
199 0.9467 0.1276 0.9332 0.8754 0.8507
