epoch train_iou train_loss train_mAP val_iou val_mAP
0 0.5818 1.6972 0.5034 0.7002 0.6335
1 0.7174 1.2884 0.6509 0.7335 0.6745
2 0.7534 1.1334 0.6933 0.7748 0.7221
3 0.7672 1.0418 0.7089 0.7692 0.7138
4 0.7918 0.9535 0.7395 0.7920 0.7456
5 0.7983 0.9148 0.7458 0.7922 0.7465
6 0.7967 0.9175 0.7458 0.7966 0.7548
7 0.7918 0.9235 0.7397 0.7930 0.7468
8 0.7957 0.9354 0.7483 0.7870 0.7403
9 0.7945 0.9483 0.7442 0.7775 0.7446
10 0.7918 0.9522 0.7487 0.7551 0.7038
11 0.8122 0.8840 0.7695 0.8105 0.7763
12 0.8140 0.8369 0.7715 0.8158 0.7792
13 0.8265 0.7741 0.7858 0.8238 0.7895
14 0.8328 0.7227 0.7917 0.8276 0.7975
15 0.8464 0.6783 0.8058 0.8287 0.7972
16 0.8391 0.7031 0.7992 0.8268 0.7966
17 0.8401 0.7190 0.7992 0.8330 0.8002
18 0.8340 0.7479 0.7930 0.8106 0.7791
19 0.8276 0.7943 0.7880 0.8130 0.7799
20 0.8268 0.7992 0.7860 0.8176 0.7787
21 0.8314 0.7650 0.7920 0.8207 0.7911
22 0.8447 0.7040 0.8055 0.8274 0.7954
23 0.8533 0.6639 0.8142 0.8209 0.7928
24 0.8585 0.6195 0.8209 0.8309 0.8052
25 0.8637 0.6176 0.8286 0.8290 0.8008
26 0.8672 0.5914 0.8294 0.8391 0.8075
27 0.8591 0.6231 0.8193 0.8294 0.8000
28 0.8486 0.6776 0.8118 0.7800 0.7314
29 0.8481 0.6745 0.8106 0.8221 0.7906
30 0.8337 0.7520 0.7960 0.7456 0.7169
31 0.8464 0.6996 0.8095 0.8292 0.7948
32 0.8587 0.6384 0.8219 0.8378 0.8079
33 0.8686 0.5813 0.8336 0.8313 0.8038
34 0.8789 0.5483 0.8439 0.8378 0.8115
35 0.8783 0.5282 0.8456 0.8361 0.8108
36 0.8772 0.5355 0.8409 0.8345 0.8028
37 0.8663 0.5703 0.8306 0.8413 0.8096
38 0.8687 0.5934 0.8353 0.8363 0.8100
39 0.8660 0.6067 0.8346 0.8221 0.7969
40 0.8619 0.6416 0.8262 0.8298 0.8014
41 0.8568 0.6584 0.8223 0.8140 0.7912
42 0.8673 0.5879 0.8333 0.8197 0.7971
43 0.8842 0.5136 0.8513 0.8412 0.8139
44 0.8852 0.5021 0.8528 0.8417 0.8127
45 0.8847 0.5014 0.8509 0.8348 0.8073
46 0.8910 0.4799 0.8598 0.8434 0.8185
47 0.8789 0.5302 0.8453 0.8321 0.8052
48 0.8726 0.5589 0.8399 0.8441 0.8153
49 0.8703 0.5765 0.8363 0.8320 0.8082
50 0.8733 0.5848 0.8372 0.8317 0.8010
51 0.8657 0.5854 0.8311 0.8234 0.7969
52 0.8782 0.5436 0.8461 0.8386 0.8125
53 0.8878 0.4945 0.8557 0.8431 0.8167
54 0.8884 0.4940 0.8568 0.8502 0.8190
55 0.8963 0.4649 0.8632 0.8505 0.8227
56 0.8946 0.4679 0.8613 0.8412 0.8126
57 0.8922 0.4694 0.8602 0.8357 0.8136
58 0.8830 0.5132 0.8475 0.8335 0.8075
59 0.8779 0.5498 0.8454 0.8352 0.8119
60 0.8654 0.6028 0.8350 0.8194 0.7900
61 0.8742 0.5624 0.8412 0.8401 0.8069
62 0.8868 0.5048 0.8564 0.8457 0.8204
63 0.8901 0.4839 0.8591 0.8455 0.8157
64 0.8946 0.4545 0.8616 0.8467 0.8212
65 0.9014 0.4371 0.8710 0.8448 0.8183
66 0.9003 0.4286 0.8732 0.8478 0.8203
67 0.8964 0.4461 0.8662 0.8405 0.8166
68 0.8897 0.4948 0.8589 0.8484 0.8226
69 0.8896 0.4987 0.8591 0.8250 0.7970
70 0.8746 0.5702 0.8406 0.8414 0.8144
71 0.8784 0.5436 0.8479 0.8261 0.7954
72 0.8841 0.5119 0.8514 0.8482 0.8233
73 0.8988 0.4522 0.8690 0.8487 0.8222
74 0.9029 0.4148 0.8744 0.8485 0.8218
75 0.9046 0.4116 0.8761 0.8472 0.8228
76 0.9065 0.3980 0.8771 0.8462 0.8216
77 0.9002 0.4292 0.8708 0.8491 0.8239
78 0.8945 0.4460 0.8662 0.8387 0.8102
79 0.8874 0.4887 0.8566 0.8433 0.8178
80 0.8789 0.5422 0.8456 0.8513 0.8238
81 0.8827 0.5559 0.8493 0.7992 0.7639
82 0.8790 0.5445 0.8495 0.8541 0.8272
83 0.8925 0.4711 0.8635 0.8545 0.8279
84 0.9037 0.4153 0.8726 0.8615 0.8338
85 0.9056 0.4016 0.8777 0.8606 0.8333
86 0.9029 0.4158 0.8750 0.8583 0.8319
87 0.9000 0.4176 0.8697 0.8564 0.8268
88 0.8986 0.4407 0.8722 0.8466 0.8228
89 0.8866 0.5226 0.8555 0.8366 0.8106
90 0.8814 0.5332 0.8501 0.8119 0.7834
91 0.8873 0.5064 0.8567 0.8441 0.8174
92 0.8996 0.4524 0.8703 0.8478 0.8222
93 0.8976 0.4387 0.8711 0.8507 0.8257
94 0.9088 0.3945 0.8836 0.8540 0.8294
95 0.9106 0.3721 0.8829 0.8544 0.8310
96 0.9074 0.3855 0.8816 0.8513 0.8278
97 0.9105 0.3777 0.8839 0.8535 0.8256
98 0.9010 0.4332 0.8731 0.8459 0.8196
99 0.8959 0.4638 0.8674 0.8527 0.8286
100 0.9013 0.4201 0.8749 0.8495 0.8249
101 0.9092 0.3933 0.8828 0.8506 0.8267
102 0.9073 0.3895 0.8806 0.8557 0.8311
103 0.9076 0.3719 0.8821 0.8538 0.8290
104 0.9132 0.3660 0.8885 0.8568 0.8335
105 0.9142 0.3542 0.8892 0.8579 0.8351
106 0.9118 0.3665 0.8858 0.8576 0.8327
107 0.9154 0.3574 0.8910 0.8473 0.8261
108 0.9146 0.3604 0.8884 0.8547 0.8262
109 0.9068 0.3976 0.8786 0.8417 0.8131
110 0.9090 0.3804 0.8848 0.8498 0.8242
111 0.9079 0.3921 0.8825 0.8554 0.8292
112 0.9112 0.3646 0.8858 0.8535 0.8248
113 0.9143 0.3503 0.8894 0.8545 0.8297
114 0.9185 0.3468 0.8934 0.8578 0.8311
115 0.9172 0.3444 0.8930 0.8586 0.8313
116 0.9138 0.3496 0.8887 0.8583 0.8323
117 0.9141 0.3532 0.8896 0.8615 0.8375
118 0.9125 0.3659 0.8869 0.8553 0.8299
119 0.9104 0.3725 0.8860 0.8469 0.8252
120 0.9104 0.3782 0.8837 0.8598 0.8326
121 0.9110 0.3672 0.8862 0.8471 0.8201
122 0.9142 0.3593 0.8892 0.8563 0.8314
123 0.9160 0.3461 0.8921 0.8557 0.8333
124 0.9159 0.3319 0.8926 0.8564 0.8329
125 0.9208 0.3177 0.8978 0.8584 0.8361
126 0.9186 0.3318 0.8954 0.8547 0.8327
127 0.9224 0.3301 0.8998 0.8562 0.8344
128 0.9157 0.3457 0.8917 0.8588 0.8355
129 0.9192 0.3353 0.8973 0.8585 0.8345
130 0.9121 0.3510 0.8900 0.8548 0.8319
131 0.9108 0.3573 0.8869 0.8581 0.8325
132 0.9145 0.3565 0.8908 0.8472 0.8226
133 0.9208 0.3390 0.8975 0.8574 0.8302
134 0.9190 0.3307 0.8977 0.8612 0.8338
135 0.9202 0.3240 0.8961 0.8595 0.8325
136 0.9237 0.3141 0.9001 0.8591 0.8320
137 0.9217 0.3183 0.8994 0.8567 0.8302
138 0.9150 0.3381 0.8919 0.8508 0.8258
139 0.9116 0.3549 0.8881 0.8463 0.8227
140 0.9141 0.3597 0.8916 0.8537 0.8287
141 0.9131 0.3710 0.8895 0.8555 0.8302
142 0.9177 0.3364 0.8952 0.8547 0.8309
143 0.9217 0.3270 0.8979 0.8589 0.8340
144 0.9229 0.3081 0.9015 0.8580 0.8339
145 0.9202 0.3115 0.8986 0.8593 0.8347
146 0.9227 0.3104 0.8990 0.8613 0.8383
147 0.9225 0.3131 0.8990 0.8630 0.8395
148 0.9237 0.3126 0.9025 0.8621 0.8406
149 0.9180 0.3305 0.8956 0.8564 0.8325
150 0.9194 0.3373 0.8975 0.8555 0.8306
151 0.9203 0.3396 0.8966 0.8566 0.8332
152 0.9249 0.3132 0.9012 0.8501 0.8269
153 0.9198 0.3221 0.8982 0.8539 0.8296
154 0.9195 0.3185 0.8995 0.8608 0.8381
155 0.9205 0.3227 0.8977 0.8587 0.8353
156 0.9276 0.2920 0.9070 0.8597 0.8364
157 0.9192 0.3120 0.8979 0.8566 0.8329
158 0.9223 0.3077 0.9016 0.8614 0.8353
159 0.9176 0.3379 0.8943 0.8522 0.8262
160 0.9262 0.3102 0.9042 0.8597 0.8355
161 0.9279 0.2921 0.9082 0.8626 0.8383
162 0.9225 0.3058 0.8999 0.8635 0.8386
163 0.9266 0.3025 0.9047 0.8605 0.8382
164 0.9313 0.2795 0.9107 0.8620 0.8391
165 0.9259 0.2940 0.9067 0.8611 0.8376
166 0.9272 0.2861 0.9081 0.8597 0.8362
167 0.9236 0.2996 0.9026 0.8622 0.8376
168 0.9221 0.3018 0.8998 0.8597 0.8377
169 0.9246 0.2991 0.9035 0.8640 0.8410
170 0.9258 0.3020 0.9059 0.8587 0.8347
171 0.9284 0.2889 0.9075 0.8594 0.8364
172 0.9289 0.2892 0.9086 0.8592 0.8351
173 0.9273 0.2927 0.9062 0.8606 0.8370
174 0.9316 0.2680 0.9109 0.8575 0.8338
175 0.9306 0.2725 0.9116 0.8609 0.8377
176 0.9277 0.2864 0.9058 0.8600 0.8367
177 0.9237 0.2991 0.9014 0.8639 0.8379
178 0.9276 0.2864 0.9074 0.8583 0.8339
179 0.9256 0.2991 0.9054 0.8574 0.8337
180 0.9225 0.2998 0.9006 0.8599 0.8331
181 0.9300 0.2823 0.9098 0.8564 0.8343
182 0.9307 0.2750 0.9122 0.8586 0.8359
183 0.9274 0.2872 0.9070 0.8573 0.8345
184 0.9323 0.2745 0.9128 0.8573 0.8337
185 0.9284 0.2886 0.9081 0.8581 0.8349
186 0.9281 0.2805 0.9085 0.8581 0.8345
187 0.9253 0.2829 0.9065 0.8588 0.8373
188 0.9288 0.2849 0.9097 0.8598 0.8367
189 0.9248 0.2884 0.9055 0.8606 0.8379
190 0.9295 0.2811 0.9098 0.8631 0.8405
191 0.9260 0.2806 0.9070 0.8608 0.8369
192 0.9249 0.2828 0.9049 0.8611 0.8394
193 0.9288 0.2807 0.9086 0.8620 0.8395
194 0.9288 0.2796 0.9098 0.8601 0.8368
195 0.9268 0.2763 0.9078 0.8615 0.8367
196 0.9290 0.2745 0.9096 0.8618 0.8380
197 0.9283 0.2824 0.9089 0.8618 0.8387
198 0.9343 0.2651 0.9159 0.8617 0.8393
199 0.9296 0.2804 0.9098 0.8615 0.8395
