epoch train_iou train_loss train_mAP val_iou val_loss val_mAP
0 0.6235 1.2153 0.5607 0.7018 0.9211 0.6474
1 0.7072 0.9020 0.6449 0.7349 0.8248 0.6841
2 0.7387 0.8189 0.6806 0.7442 0.8092 0.6915
3 0.7631 0.7227 0.7095 0.7736 0.6888 0.7212
4 0.7855 0.6631 0.7340 0.7882 0.6577 0.7429
5 0.7930 0.6313 0.7444 0.7981 0.6274 0.7528
6 0.7923 0.6310 0.7418 0.7868 0.6479 0.7337
7 0.7867 0.6410 0.7331 0.7811 0.6955 0.7071
8 0.7791 0.6869 0.7270 0.7058 1.0346 0.6381
9 0.7810 0.6805 0.7274 0.7856 0.6471 0.7280
10 0.7852 0.6661 0.7318 0.7745 0.7247 0.7284
11 0.7985 0.6174 0.7497 0.7896 0.6990 0.7412
12 0.8054 0.5804 0.7578 0.7819 0.6689 0.7346
13 0.8190 0.5340 0.7741 0.8310 0.5365 0.7947
14 0.8310 0.4863 0.7844 0.8283 0.5058 0.7859
15 0.8354 0.4612 0.7893 0.8318 0.4979 0.7899
16 0.8372 0.4654 0.7921 0.8294 0.5175 0.7874
17 0.8273 0.4982 0.7806 0.8126 0.5840 0.7692
18 0.8175 0.5341 0.7718 0.8285 0.5669 0.7905
19 0.8187 0.5391 0.7714 0.7856 0.7029 0.7476
20 0.8091 0.5895 0.7629 0.7947 0.6212 0.7482
21 0.8186 0.5570 0.7728 0.7888 0.6635 0.7327
22 0.8397 0.4711 0.7947 0.7902 0.6854 0.7332
23 0.8443 0.4487 0.8005 0.8300 0.5174 0.7939
24 0.8465 0.4211 0.8032 0.8384 0.5018 0.7970
25 0.8527 0.4034 0.8078 0.8381 0.4997 0.7965
26 0.8558 0.3996 0.8110 0.8382 0.5075 0.8013
27 0.8525 0.4168 0.8067 0.8161 0.5620 0.7730
28 0.8428 0.4492 0.7972 0.8241 0.5933 0.7840
29 0.8327 0.4792 0.7893 0.8132 0.6461 0.7690
30 0.8188 0.5502 0.7709 0.8114 0.7582 0.7619
31 0.8328 0.5002 0.7876 0.8231 0.5593 0.7886
32 0.8466 0.4473 0.8016 0.8110 0.5860 0.7696
33 0.8544 0.4098 0.8114 0.8338 0.5164 0.7933
34 0.8642 0.3707 0.8174 0.8372 0.5063 0.8005
35 0.8649 0.3609 0.8241 0.8377 0.4971 0.8011
36 0.8611 0.3740 0.8197 0.8378 0.5047 0.8036
37 0.8661 0.3623 0.8221 0.8330 0.5378 0.7942
38 0.8523 0.4117 0.8076 0.8250 0.5653 0.7887
39 0.8460 0.4424 0.8010 0.7416 0.9870 0.6968
40 0.8357 0.4757 0.7901 0.6728 1.4970 0.6151
41 0.8416 0.4616 0.7970 0.8270 0.5549 0.7873
42 0.8507 0.4141 0.8082 0.8332 0.5405 0.7947
43 0.8661 0.3594 0.8212 0.8411 0.5202 0.8042
44 0.8739 0.3315 0.8312 0.8422 0.4891 0.8073
45 0.8713 0.3235 0.8302 0.8490 0.4840 0.8133
46 0.8736 0.3279 0.8314 0.8469 0.5196 0.8108
47 0.8712 0.3403 0.8278 0.8472 0.5571 0.8112
48 0.8702 0.3517 0.8278 0.8213 0.5751 0.7869
49 0.8483 0.4252 0.8060 0.8195 0.5580 0.7776
50 0.8581 0.4124 0.8155 0.8298 0.5698 0.7919
51 0.8467 0.4330 0.8048 0.7280 0.9660 0.6573
52 0.8597 0.3918 0.8166 0.8403 0.4906 0.8050
53 0.8728 0.3399 0.8313 0.8480 0.5019 0.8136
54 0.8824 0.3026 0.8413 0.8391 0.5344 0.8056
55 0.8803 0.3036 0.8405 0.8437 0.5069 0.8113
56 0.8819 0.2974 0.8408 0.8425 0.5091 0.8107
57 0.8744 0.3203 0.8309 0.8365 0.5082 0.8008
58 0.8694 0.3469 0.8269 0.8394 0.5327 0.8002
59 0.8674 0.3624 0.8237 0.8312 0.5302 0.7859
60 0.8566 0.4000 0.8124 0.7874 0.7978 0.7481
61 0.8632 0.3710 0.8182 0.7968 0.6377 0.7506
62 0.8675 0.3562 0.8232 0.8213 0.5280 0.7874
63 0.8755 0.3200 0.8298 0.8482 0.5014 0.8083
64 0.8870 0.2798 0.8457 0.8432 0.5262 0.8070
65 0.8877 0.2686 0.8455 0.8463 0.5135 0.8103
66 0.8832 0.2892 0.8412 0.8469 0.4894 0.8099
67 0.8877 0.2796 0.8446 0.8476 0.5905 0.8112
68 0.8749 0.3242 0.8297 0.8345 0.5847 0.7951
69 0.8752 0.3161 0.8343 0.8158 0.5804 0.7797
70 0.8616 0.3802 0.8181 0.8219 0.5949 0.7816
71 0.8646 0.3604 0.8205 0.8357 0.5278 0.7969
72 0.8754 0.3172 0.8321 0.8389 0.5130 0.8052
73 0.8840 0.2933 0.8444 0.8393 0.5023 0.8012
74 0.8909 0.2641 0.8497 0.8414 0.5404 0.8105
75 0.8903 0.2574 0.8483 0.8414 0.5059 0.8085
76 0.8941 0.2538 0.8536 0.8456 0.4766 0.8097
77 0.8848 0.2726 0.8427 0.8301 0.6229 0.7935
78 0.8870 0.2728 0.8453 0.8451 0.6404 0.8050
79 0.8752 0.3225 0.8336 0.8231 0.6234 0.7852
80 0.8682 0.3537 0.8265 0.8274 0.6160 0.7919
81 0.8653 0.3558 0.8207 0.7851 0.8663 0.7566
82 0.8771 0.3143 0.8358 0.8599 0.5648 0.8270
83 0.8894 0.2733 0.8481 0.8396 0.5713 0.8019
84 0.8927 0.2493 0.8515 0.8468 0.6049 0.8127
85 0.8931 0.2453 0.8522 0.8453 0.6105 0.8111
86 0.8962 0.2441 0.8548 0.8457 0.5855 0.8117
87 0.8970 0.2431 0.8562 0.8577 0.6379 0.8237
88 0.8948 0.2602 0.8543 0.8342 0.6321 0.7975
89 0.8753 0.3160 0.8317 0.7604 1.0879 0.7059
90 0.8732 0.3388 0.8294 0.7984 0.7959 0.7678
91 0.8795 0.3223 0.8394 0.8246 0.7582 0.7925
92 0.8797 0.2999 0.8374 0.8363 0.5755 0.7994
93 0.8903 0.2613 0.8479 0.8392 0.5996 0.8004
94 0.8950 0.2465 0.8533 0.8445 0.5842 0.8119
95 0.8973 0.2323 0.8586 0.8468 0.5805 0.8150
96 0.8982 0.2294 0.8589 0.8475 0.6287 0.8125
97 0.8982 0.2363 0.8602 0.8446 0.6286 0.8102
98 0.8939 0.2470 0.8528 0.7855 0.7450 0.7409
99 0.8809 0.2987 0.8412 0.8228 0.5744 0.7780
100 0.8843 0.2824 0.8428 0.8418 0.7365 0.8048
101 0.8934 0.2518 0.8525 0.8394 0.5791 0.8044
102 0.8999 0.2255 0.8588 0.8513 0.6158 0.8157
103 0.9033 0.2198 0.8654 0.8415 0.6339 0.8050
104 0.9036 0.2056 0.8637 0.8410 0.6772 0.8072
105 0.9016 0.2140 0.8642 0.8462 0.6508 0.8130
106 0.9006 0.2152 0.8607 0.8402 0.6850 0.8044
107 0.9031 0.2126 0.8645 0.8416 0.6729 0.8071
108 0.9052 0.2158 0.8668 0.8384 0.6666 0.8044
109 0.8991 0.2268 0.8584 0.8371 0.6259 0.7995
110 0.9005 0.2317 0.8619 0.8366 0.6027 0.8025
111 0.8952 0.2405 0.8522 0.8305 0.7137 0.7918
112 0.9000 0.2208 0.8613 0.8444 0.6576 0.8079
113 0.9039 0.2083 0.8655 0.8474 0.6662 0.8099
114 0.9035 0.2025 0.8629 0.8542 0.6683 0.8204
115 0.9089 0.1906 0.8697 0.8542 0.6693 0.8212
116 0.9063 0.1999 0.8665 0.8517 0.6896 0.8183
117 0.9083 0.1912 0.8699 0.8464 0.7004 0.8127
118 0.9045 0.2033 0.8634 0.8466 0.7376 0.8166
119 0.8999 0.2144 0.8606 0.8382 0.6868 0.8034
120 0.9007 0.2271 0.8594 0.8476 0.6522 0.8101
121 0.9036 0.2164 0.8633 0.8304 0.6283 0.7856
122 0.9059 0.2050 0.8672 0.8533 0.6783 0.8181
123 0.9027 0.2074 0.8637 0.8453 0.6282 0.8075
124 0.9074 0.1897 0.8687 0.8522 0.7056 0.8191
125 0.9092 0.1870 0.8725 0.8479 0.7046 0.8124
126 0.9103 0.1874 0.8737 0.8469 0.6906 0.8115
127 0.9077 0.1900 0.8691 0.8492 0.7414 0.8133
128 0.9073 0.1945 0.8674 0.8519 0.7950 0.8208
129 0.9053 0.1951 0.8651 0.8356 0.7738 0.7897
130 0.8997 0.2158 0.8603 0.8392 0.7810 0.8016
131 0.9018 0.2156 0.8616 0.8349 0.7052 0.7948
132 0.9054 0.2097 0.8665 0.8374 0.7360 0.7974
133 0.9064 0.1965 0.8670 0.8397 0.6655 0.8030
134 0.9088 0.1861 0.8702 0.8462 0.6565 0.8094
135 0.9102 0.1781 0.8735 0.8477 0.6801 0.8113
136 0.9117 0.1786 0.8755 0.8392 0.6812 0.8062
137 0.9097 0.1791 0.8723 0.8419 0.7070 0.8037
138 0.9087 0.1921 0.8693 0.8387 0.6186 0.8031
139 0.9066 0.1988 0.8700 0.8350 0.6812 0.7994
140 0.9024 0.2186 0.8649 0.8424 0.5859 0.8046
141 0.8978 0.2220 0.8591 0.8482 0.7502 0.8139
142 0.9019 0.2047 0.8618 0.8327 0.7385 0.7974
143 0.9090 0.1852 0.8714 0.8476 0.7007 0.8119
144 0.9107 0.1775 0.8728 0.8513 0.6769 0.8161
145 0.9112 0.1707 0.8740 0.8479 0.6769 0.8145
146 0.9153 0.1668 0.8784 0.8504 0.7476 0.8166
147 0.9073 0.1859 0.8693 0.8454 0.6912 0.8085
148 0.9110 0.1781 0.8748 0.8463 0.7867 0.8103
149 0.9056 0.2098 0.8678 0.8411 0.7101 0.8088
150 0.9022 0.2032 0.8611 0.8393 0.8943 0.8077
151 0.9083 0.2046 0.8701 0.8308 0.6844 0.7953
152 0.9098 0.1923 0.8731 0.8387 0.6660 0.8004
153 0.9096 0.1768 0.8719 0.8406 0.7032 0.8050
154 0.9119 0.1673 0.8739 0.8456 0.7504 0.8096
155 0.9104 0.1657 0.8728 0.8462 0.7044 0.8113
156 0.9143 0.1634 0.8772 0.8490 0.7145 0.8132
157 0.9137 0.1680 0.8772 0.8455 0.7185 0.8107
158 0.9109 0.1732 0.8709 0.8422 0.7082 0.8058
159 0.9077 0.1925 0.8710 0.8337 0.8123 0.7922
160 0.9102 0.1845 0.8734 0.8476 0.6504 0.8125
161 0.9162 0.1646 0.8796 0.8536 0.6331 0.8200
162 0.9116 0.1679 0.8733 0.8477 0.6587 0.8143
163 0.9122 0.1644 0.8759 0.8527 0.6651 0.8173
164 0.9183 0.1550 0.8829 0.8526 0.6731 0.8169
165 0.9199 0.1558 0.8847 0.8520 0.6723 0.8155
166 0.9150 0.1578 0.8766 0.8531 0.6756 0.8187
167 0.9125 0.1597 0.8768 0.8485 0.6747 0.8120
168 0.9151 0.1622 0.8794 0.8519 0.6880 0.8183
169 0.9153 0.1643 0.8776 0.8535 0.7390 0.8198
170 0.9150 0.1580 0.8768 0.8485 0.6854 0.8137
171 0.9177 0.1519 0.8828 0.8512 0.7389 0.8171
172 0.9140 0.1575 0.8781 0.8529 0.7556 0.8173
173 0.9170 0.1513 0.8811 0.8505 0.7227 0.8161
174 0.9186 0.1497 0.8843 0.8478 0.7606 0.8127
175 0.9151 0.1555 0.8793 0.8507 0.7314 0.8165
176 0.9161 0.1544 0.8806 0.8508 0.7433 0.8159
177 0.9177 0.1481 0.8805 0.8496 0.7416 0.8151
178 0.9165 0.1496 0.8801 0.8555 0.7436 0.8216
179 0.9166 0.1513 0.8794 0.8519 0.7576 0.8188
180 0.9194 0.1493 0.8844 0.8513 0.7294 0.8156
181 0.9135 0.1537 0.8763 0.8518 0.7338 0.8185
182 0.9158 0.1509 0.8789 0.8422 0.7736 0.8070
183 0.9169 0.1484 0.8809 0.8481 0.7686 0.8143
184 0.9194 0.1508 0.8832 0.8503 0.7368 0.8161
185 0.9188 0.1461 0.8841 0.8497 0.7424 0.8162
186 0.9185 0.1454 0.8828 0.8521 0.6965 0.8168
187 0.9184 0.1444 0.8822 0.8535 0.7213 0.8202
188 0.9197 0.1460 0.8841 0.8479 0.7362 0.8129
189 0.9170 0.1478 0.8806 0.8437 0.7198 0.8059
190 0.9145 0.1586 0.8788 0.8475 0.7251 0.8149
191 0.9175 0.1493 0.8813 0.8514 0.7588 0.8168
192 0.9164 0.1460 0.8804 0.8487 0.7687 0.8142
193 0.9150 0.1517 0.8791 0.8550 0.7600 0.8231
194 0.9206 0.1409 0.8854 0.8531 0.7614 0.8208
195 0.9206 0.1386 0.8855 0.8536 0.7989 0.8204
196 0.9192 0.1446 0.8820 0.8550 0.8254 0.8215
197 0.9215 0.1420 0.8870 0.8554 0.8048 0.8210
198 0.9189 0.1410 0.8843 0.8510 0.8057 0.8163
199 0.9176 0.1462 0.8835 0.8499 0.7746 0.8137
