epoch train_iou train_loss train_mAP val_iou val_mAP
0 0.6302 1.1689 0.5591 0.7212 0.6583
1 0.7155 0.9008 0.6507 0.7493 0.6913
2 0.7498 0.7966 0.6917 0.7017 0.6279
3 0.7664 0.7379 0.7112 0.7893 0.7419
4 0.7824 0.6794 0.7308 0.8016 0.7547
5 0.7888 0.6529 0.7380 0.8007 0.7573
6 0.7871 0.6550 0.7358 0.8010 0.7591
7 0.7854 0.6762 0.7362 0.8036 0.7654
8 0.7863 0.6838 0.7341 0.8014 0.7565
9 0.7883 0.6605 0.7393 0.8066 0.7667
10 0.7850 0.6905 0.7345 0.7420 0.6962
11 0.8029 0.6443 0.7574 0.8089 0.7677
12 0.8110 0.5923 0.7678 0.8183 0.7838
13 0.8228 0.5630 0.7803 0.8322 0.7927
14 0.8344 0.5094 0.7921 0.8375 0.8025
15 0.8427 0.4842 0.8017 0.8396 0.8047
16 0.8352 0.5069 0.7939 0.8477 0.8107
17 0.8305 0.5326 0.7901 0.8381 0.8054
18 0.8241 0.5495 0.7807 0.8316 0.7939
19 0.8229 0.5600 0.7831 0.8321 0.7969
20 0.8092 0.5930 0.7667 0.8069 0.7707
21 0.8270 0.5654 0.7858 0.8341 0.7998
22 0.8229 0.5528 0.7835 0.8125 0.7718
23 0.8344 0.5098 0.7947 0.8291 0.7917
24 0.8468 0.4758 0.8084 0.8477 0.8184
25 0.8570 0.4445 0.8185 0.8484 0.8181
26 0.8509 0.4547 0.8111 0.8363 0.8055
27 0.8487 0.4640 0.8092 0.8259 0.7945
28 0.8475 0.4755 0.8080 0.8456 0.8160
29 0.8463 0.4886 0.8090 0.8368 0.8061
30 0.8358 0.5165 0.7974 0.8122 0.7721
31 0.8372 0.5106 0.7971 0.8307 0.7983
32 0.8436 0.4782 0.8059 0.8440 0.8148
33 0.8609 0.4302 0.8253 0.8423 0.8095
34 0.8648 0.4088 0.8293 0.8457 0.8174
35 0.8690 0.3934 0.8330 0.8471 0.8180
36 0.8714 0.3930 0.8371 0.8583 0.8284
37 0.8621 0.4259 0.8259 0.8482 0.8123
38 0.8638 0.4164 0.8271 0.8396 0.8041
39 0.8521 0.4668 0.8135 0.8452 0.8132
40 0.8545 0.4652 0.8171 0.8374 0.8077
41 0.8513 0.4644 0.8143 0.8371 0.8069
42 0.8607 0.4334 0.8257 0.8258 0.7930
43 0.8722 0.4009 0.8374 0.8483 0.8186
44 0.8715 0.3845 0.8368 0.8557 0.8273
45 0.8790 0.3631 0.8438 0.8560 0.8278
46 0.8776 0.3615 0.8420 0.8506 0.8230
47 0.8776 0.3748 0.8429 0.8375 0.8109
48 0.8632 0.4177 0.8252 0.8516 0.8222
49 0.8640 0.4180 0.8266 0.8275 0.7946
50 0.8498 0.4706 0.8118 0.8421 0.8090
51 0.8689 0.4103 0.8327 0.8456 0.8159
52 0.8699 0.3990 0.8371 0.8300 0.8023
53 0.8765 0.3848 0.8417 0.8507 0.8237
54 0.8835 0.3575 0.8501 0.8585 0.8325
55 0.8915 0.3281 0.8581 0.8587 0.8331
56 0.8803 0.3454 0.8477 0.8566 0.8282
57 0.8810 0.3555 0.8511 0.8523 0.8246
58 0.8792 0.3627 0.8450 0.8458 0.8206
59 0.8783 0.3823 0.8447 0.8287 0.7956
60 0.8599 0.4283 0.8225 0.8448 0.8174
61 0.8613 0.4165 0.8257 0.8447 0.8142
62 0.8768 0.3710 0.8403 0.8519 0.8258
63 0.8802 0.3673 0.8461 0.8577 0.8296
64 0.8840 0.3354 0.8503 0.8599 0.8328
65 0.8914 0.3144 0.8600 0.8553 0.8308
66 0.8867 0.3213 0.8558 0.8544 0.8285
67 0.8926 0.3123 0.8614 0.8561 0.8288
68 0.8817 0.3479 0.8473 0.8466 0.8177
69 0.8682 0.4058 0.8324 0.8198 0.7780
70 0.8642 0.4302 0.8265 0.8319 0.7990
71 0.8687 0.4052 0.8325 0.8403 0.8113
72 0.8822 0.3564 0.8498 0.8487 0.8231
73 0.8831 0.3465 0.8504 0.8542 0.8279
74 0.8900 0.3064 0.8587 0.8516 0.8273
75 0.8921 0.3068 0.8609 0.8532 0.8298
76 0.8956 0.2944 0.8643 0.8500 0.8250
77 0.8974 0.3001 0.8678 0.8480 0.8228
78 0.8869 0.3379 0.8529 0.8497 0.8256
79 0.8832 0.3537 0.8485 0.8484 0.8213
80 0.8696 0.3950 0.8370 0.8217 0.7931
81 0.8738 0.3872 0.8413 0.8190 0.7877
82 0.8795 0.3613 0.8429 0.8510 0.8208
83 0.8837 0.3384 0.8515 0.8492 0.8234
84 0.8928 0.3084 0.8614 0.8524 0.8256
85 0.8977 0.2888 0.8673 0.8490 0.8225
86 0.8956 0.2965 0.8637 0.8524 0.8239
87 0.8932 0.3066 0.8611 0.8601 0.8343
88 0.8952 0.3125 0.8630 0.8539 0.8269
89 0.8872 0.3357 0.8565 0.8471 0.8196
90 0.8762 0.3633 0.8433 0.8385 0.8061
91 0.8830 0.3574 0.8501 0.8494 0.8266
92 0.8747 0.3678 0.8397 0.8443 0.8195
93 0.8931 0.3219 0.8634 0.8565 0.8290
94 0.8942 0.3009 0.8633 0.8604 0.8358
95 0.9057 0.2675 0.8738 0.8598 0.8365
96 0.8961 0.2804 0.8657 0.8602 0.8359
97 0.8996 0.2909 0.8697 0.8527 0.8276
98 0.8959 0.3020 0.8653 0.8514 0.8262
99 0.8939 0.3210 0.8631 0.8413 0.8132
100 0.8975 0.2944 0.8646 0.8568 0.8316
101 0.8941 0.3033 0.8625 0.8551 0.8320
102 0.9033 0.2730 0.8728 0.8602 0.8376
103 0.9025 0.2709 0.8726 0.8544 0.8298
104 0.9088 0.2474 0.8801 0.8608 0.8355
105 0.9089 0.2467 0.8783 0.8588 0.8339
106 0.9038 0.2537 0.8750 0.8594 0.8364
107 0.9038 0.2626 0.8736 0.8575 0.8347
108 0.9088 0.2476 0.8781 0.8547 0.8300
109 0.9070 0.2563 0.8766 0.8576 0.8339
110 0.9053 0.2600 0.8754 0.8509 0.8263
111 0.9038 0.2668 0.8725 0.8613 0.8344
112 0.9081 0.2568 0.8802 0.8580 0.8325
113 0.9108 0.2462 0.8825 0.8612 0.8362
114 0.9104 0.2381 0.8816 0.8589 0.8346
115 0.9118 0.2321 0.8828 0.8598 0.8350
116 0.9166 0.2227 0.8889 0.8558 0.8296
117 0.9150 0.2281 0.8870 0.8600 0.8338
118 0.9146 0.2364 0.8850 0.8593 0.8365
119 0.9036 0.2650 0.8728 0.8571 0.8317
120 0.9076 0.2570 0.8776 0.8544 0.8294
121 0.9039 0.2605 0.8726 0.8543 0.8297
122 0.9125 0.2422 0.8835 0.8364 0.8123
123 0.9122 0.2351 0.8852 0.8562 0.8312
124 0.9162 0.2197 0.8889 0.8602 0.8315
125 0.9157 0.2283 0.8869 0.8575 0.8298
126 0.9174 0.2189 0.8911 0.8551 0.8304
127 0.9128 0.2293 0.8831 0.8553 0.8323
128 0.9137 0.2300 0.8833 0.8505 0.8254
129 0.9109 0.2353 0.8819 0.8567 0.8274
130 0.9069 0.2555 0.8753 0.8526 0.8297
131 0.9044 0.2500 0.8745 0.8548 0.8221
132 0.9104 0.2289 0.8823 0.8572 0.8339
133 0.9161 0.2269 0.8885 0.8586 0.8322
134 0.9191 0.2199 0.8906 0.8573 0.8332
135 0.9178 0.2181 0.8922 0.8592 0.8362
136 0.9165 0.2178 0.8876 0.8627 0.8371
137 0.9208 0.2119 0.8943 0.8596 0.8335
138 0.9149 0.2241 0.8870 0.8542 0.8280
139 0.9125 0.2372 0.8846 0.8555 0.8319
140 0.9110 0.2461 0.8817 0.8638 0.8355
141 0.9127 0.2409 0.8831 0.8577 0.8335
142 0.9142 0.2287 0.8861 0.8592 0.8351
143 0.9158 0.2236 0.8882 0.8602 0.8362
144 0.9176 0.2185 0.8913 0.8640 0.8399
145 0.9171 0.2159 0.8912 0.8645 0.8393
146 0.9191 0.2093 0.8938 0.8586 0.8344
147 0.9196 0.2121 0.8923 0.8621 0.8363
148 0.9189 0.2082 0.8924 0.8578 0.8351
149 0.9167 0.2212 0.8891 0.8580 0.8344
150 0.9107 0.2501 0.8804 0.8604 0.8323
151 0.9106 0.2428 0.8823 0.8524 0.8244
152 0.9108 0.2388 0.8818 0.8622 0.8385
153 0.9173 0.2230 0.8908 0.8617 0.8368
154 0.9198 0.2072 0.8935 0.8597 0.8337
155 0.9225 0.2036 0.8964 0.8593 0.8337
156 0.9213 0.2087 0.8936 0.8599 0.8333
157 0.9176 0.2239 0.8906 0.8551 0.8311
158 0.9156 0.2191 0.8889 0.8588 0.8332
159 0.9137 0.2303 0.8863 0.8537 0.8274
160 0.9178 0.2177 0.8894 0.8580 0.8344
161 0.9233 0.1974 0.8968 0.8580 0.8329
162 0.9226 0.2015 0.8972 0.8584 0.8347
163 0.9232 0.1968 0.8957 0.8610 0.8364
164 0.9223 0.2019 0.8946 0.8608 0.8363
165 0.9222 0.1975 0.8972 0.8650 0.8398
166 0.9238 0.1914 0.8979 0.8638 0.8391
167 0.9266 0.1940 0.9009 0.8644 0.8388
168 0.9201 0.2018 0.8960 0.8648 0.8399
169 0.9260 0.1904 0.9007 0.8664 0.8418
170 0.9244 0.1936 0.8972 0.8639 0.8382
171 0.9240 0.1971 0.8969 0.8619 0.8363
172 0.9224 0.1958 0.8959 0.8635 0.8371
173 0.9264 0.1921 0.8993 0.8637 0.8376
174 0.9252 0.1961 0.8996 0.8645 0.8381
175 0.9264 0.1864 0.9013 0.8622 0.8351
176 0.9267 0.1896 0.9010 0.8616 0.8347
177 0.9270 0.1847 0.9000 0.8655 0.8398
178 0.9285 0.1865 0.9039 0.8629 0.8383
179 0.9248 0.1894 0.8999 0.8603 0.8338
180 0.9265 0.1892 0.9014 0.8619 0.8382
181 0.9241 0.1916 0.8970 0.8658 0.8401
182 0.9225 0.1900 0.8969 0.8637 0.8393
183 0.9259 0.1877 0.8999 0.8624 0.8382
184 0.9252 0.1864 0.9001 0.8637 0.8388
185 0.9304 0.1791 0.9053 0.8647 0.8385
186 0.9323 0.1712 0.9082 0.8632 0.8391
187 0.9259 0.1873 0.8997 0.8644 0.8399
188 0.9282 0.1834 0.9029 0.8654 0.8399
189 0.9237 0.1933 0.8978 0.8645 0.8404
190 0.9221 0.1931 0.8954 0.8624 0.8363
191 0.9276 0.1847 0.9025 0.8634 0.8387
192 0.9240 0.1886 0.8977 0.8635 0.8382
193 0.9306 0.1798 0.9057 0.8640 0.8379
194 0.9293 0.1782 0.9033 0.8654 0.8406
195 0.9264 0.1815 0.9035 0.8646 0.8397
196 0.9269 0.1784 0.9010 0.8611 0.8367
197 0.9268 0.1809 0.9031 0.8650 0.8401
198 0.9309 0.1760 0.9068 0.8639 0.8376
199 0.9270 0.1832 0.9025 0.8641 0.8379
