epoch train_BCELoss train_SoftDiceLoss train_iou train_loss train_mAP val_BCELoss val_SoftDiceLoss val_iou val_loss val_mAP
0 0.3228 0.3057 0.6448 0.6286 0.5827 0.4436 0.6018 0.6604 1.0457 0.5936
1 0.2609 0.2417 0.6890 0.5028 0.6314 0.3119 0.6022 0.7028 0.9146 0.6528
2 0.2339 0.2257 0.7049 0.4599 0.6517 0.2338 0.5762 0.7260 0.8105 0.6734
3 0.2148 0.2002 0.7306 0.4154 0.6812 0.1646 0.5420 0.7763 0.7073 0.7257
4 0.1823 0.1753 0.7533 0.3582 0.7062 0.1867 0.5488 0.7703 0.7362 0.7239
5 0.1917 0.1656 0.7559 0.3580 0.7094 0.1765 0.5375 0.7696 0.7148 0.7252
6 0.1690 0.1571 0.7700 0.3268 0.7250 0.1900 0.5458 0.7781 0.7366 0.7328
7 0.1779 0.1686 0.7614 0.3471 0.7148 0.1728 0.5324 0.7833 0.7061 0.7447
8 0.1800 0.1642 0.7718 0.3449 0.7259 0.1819 0.5579 0.7481 0.7406 0.7011
9 0.1938 0.1798 0.7535 0.3744 0.7089 0.1892 0.5458 0.7461 0.7358 0.6988
10 0.1984 0.1810 0.7555 0.3802 0.7092 0.2182 0.5450 0.7536 0.7640 0.7090
11 0.1765 0.1651 0.7735 0.3425 0.7325 0.2093 0.5444 0.7631 0.7545 0.7157
12 0.1524 0.1425 0.7947 0.2957 0.7542 0.1520 0.5288 0.7844 0.6817 0.7489
13 0.1426 0.1321 0.8025 0.2756 0.7619 0.1592 0.5109 0.8113 0.6712 0.7774
14 0.1270 0.1197 0.8135 0.2476 0.7764 0.1474 0.5115 0.8083 0.6600 0.7726
15 0.1143 0.1084 0.8243 0.2236 0.7879 0.1413 0.5018 0.8149 0.6442 0.7799
16 0.1183 0.1087 0.8247 0.2279 0.7889 0.1600 0.4983 0.8226 0.6594 0.7882
17 0.1251 0.1126 0.8252 0.2386 0.7868 0.1834 0.5138 0.8034 0.6982 0.7660
18 0.1488 0.1332 0.8049 0.2830 0.7668 0.1550 0.5213 0.8009 0.6774 0.7694
19 0.1537 0.1361 0.8002 0.2907 0.7558 0.1951 0.5100 0.8048 0.7062 0.7654
20 0.1681 0.1510 0.7870 0.3200 0.7446 0.1831 0.5323 0.7645 0.7163 0.7141
21 0.1478 0.1355 0.8055 0.2843 0.7669 0.1813 0.5109 0.8007 0.6935 0.7651
22 0.1356 0.1228 0.8126 0.2593 0.7739 0.1616 0.5142 0.8157 0.6769 0.7745
23 0.1191 0.1074 0.8186 0.2275 0.7815 0.1964 0.5201 0.8028 0.7176 0.7697
24 0.1105 0.1040 0.8273 0.2156 0.7914 0.1647 0.5005 0.8182 0.6664 0.7812
25 0.0912 0.0886 0.8469 0.1809 0.8161 0.1679 0.5024 0.8161 0.6715 0.7799
26 0.1021 0.0907 0.8432 0.1938 0.8091 0.1670 0.5015 0.8266 0.6696 0.7919
27 0.1010 0.0929 0.8423 0.1950 0.8058 0.1812 0.4930 0.8244 0.6753 0.7946
28 0.1158 0.1057 0.8262 0.2226 0.7893 0.1515 0.5003 0.8134 0.6529 0.7790
29 0.1156 0.1074 0.8223 0.2240 0.7867 0.1787 0.5279 0.8032 0.7075 0.7688
30 0.1520 0.1342 0.8070 0.2872 0.7679 0.2279 0.5321 0.7764 0.7611 0.7425
31 0.1275 0.1159 0.8224 0.2444 0.7841 0.1580 0.5153 0.8005 0.6744 0.7687
32 0.1071 0.0988 0.8324 0.2069 0.7981 0.1518 0.4942 0.8179 0.6472 0.7856
33 0.0913 0.0835 0.8445 0.1759 0.8098 0.1836 0.4913 0.8201 0.6762 0.7859
34 0.0888 0.0783 0.8526 0.1683 0.8204 0.1466 0.4940 0.8330 0.6419 0.8026
35 0.0790 0.0772 0.8608 0.1574 0.8300 0.1505 0.4930 0.8294 0.6448 0.7992
36 0.0791 0.0711 0.8566 0.1512 0.8237 0.1712 0.4901 0.8309 0.6625 0.8014
37 0.0871 0.0792 0.8516 0.1674 0.8163 0.1573 0.4887 0.8423 0.6473 0.8089
38 0.1148 0.1003 0.8357 0.2163 0.7969 0.1587 0.5355 0.7947 0.6953 0.7553
39 0.1291 0.1162 0.8236 0.2463 0.7831 0.2022 0.5307 0.7919 0.7339 0.7495
40 0.1344 0.1196 0.8169 0.2550 0.7783 0.2404 0.5238 0.7758 0.7653 0.7433
41 0.1203 0.1059 0.8263 0.2272 0.7900 0.1761 0.5297 0.8008 0.7068 0.7660
42 0.1118 0.1014 0.8320 0.2144 0.7947 0.1386 0.4988 0.8265 0.6386 0.7959
43 0.0932 0.0870 0.8440 0.1813 0.8106 0.1734 0.4776 0.8316 0.6523 0.7990
44 0.0775 0.0709 0.8624 0.1496 0.8289 0.1919 0.4807 0.8275 0.6739 0.7975
45 0.0825 0.0755 0.8635 0.1591 0.8309 0.1809 0.4811 0.8296 0.6633 0.7999
46 0.0780 0.0728 0.8620 0.1520 0.8286 0.1528 0.4943 0.8326 0.6484 0.8037
47 0.0812 0.0745 0.8619 0.1569 0.8293 0.1856 0.4782 0.8346 0.6651 0.8022
48 0.0930 0.0812 0.8536 0.1754 0.8186 0.1491 0.4991 0.8332 0.6494 0.8036
49 0.0963 0.0827 0.8472 0.1802 0.8144 0.1779 0.5018 0.8092 0.6809 0.7743
50 0.1076 0.0953 0.8376 0.2041 0.8026 0.2217 0.4840 0.8147 0.7070 0.7864
51 0.1132 0.1009 0.8352 0.2152 0.7988 0.5735 0.5966 0.6895 1.1711 0.6608
52 0.0939 0.0862 0.8435 0.1813 0.8102 0.1924 0.4893 0.8312 0.6830 0.7939
53 0.0773 0.0715 0.8619 0.1499 0.8285 0.1874 0.4891 0.8421 0.6779 0.8103
54 0.0702 0.0627 0.8621 0.1341 0.8324 0.1868 0.4898 0.8403 0.6780 0.8107
55 0.0639 0.0609 0.8732 0.1260 0.8411 0.1715 0.4821 0.8464 0.6550 0.8147
56 0.0679 0.0589 0.8706 0.1281 0.8396 0.1738 0.4741 0.8472 0.6493 0.8177
57 0.0696 0.0628 0.8623 0.1336 0.8303 0.1762 0.4829 0.8435 0.6605 0.8132
58 0.0802 0.0723 0.8568 0.1537 0.8233 0.2219 0.5006 0.7846 0.7236 0.7517
59 0.1059 0.0937 0.8378 0.2007 0.8040 0.1789 0.4971 0.8052 0.6772 0.7643
60 0.1049 0.0933 0.8353 0.1994 0.7968 0.3497 0.5698 0.7458 0.9203 0.7048
61 0.1166 0.1036 0.8363 0.2213 0.8013 0.2255 0.5146 0.8045 0.7413 0.7668
62 0.0853 0.0779 0.8541 0.1644 0.8200 0.2243 0.4918 0.8143 0.7175 0.7838
63 0.0722 0.0647 0.8637 0.1380 0.8298 0.1678 0.4854 0.8340 0.6547 0.8070
64 0.0671 0.0584 0.8759 0.1268 0.8452 0.2080 0.4821 0.8347 0.6916 0.8083
65 0.0657 0.0583 0.8730 0.1253 0.8423 0.2011 0.4812 0.8365 0.6838 0.8105
66 0.0605 0.0549 0.8723 0.1167 0.8411 0.2122 0.4827 0.8258 0.6963 0.7982
67 0.0782 0.0710 0.8613 0.1504 0.8306 0.1758 0.4875 0.8380 0.6647 0.8077
68 0.0778 0.0664 0.8644 0.1454 0.8349 0.1761 0.4928 0.8292 0.6703 0.8026
69 0.0886 0.0785 0.8538 0.1683 0.8204 0.2043 0.5075 0.7948 0.7130 0.7609
70 0.1057 0.0924 0.8452 0.1993 0.8097 0.1637 0.4880 0.8071 0.6532 0.7743
71 0.0873 0.0783 0.8530 0.1668 0.8188 0.1803 0.4852 0.8324 0.6669 0.7994
72 0.0753 0.0688 0.8609 0.1454 0.8281 0.1984 0.4927 0.8424 0.6924 0.8124
73 0.0684 0.0601 0.8707 0.1297 0.8392 0.1848 0.4792 0.8492 0.6656 0.8196
74 0.0603 0.0534 0.8727 0.1150 0.8445 0.1665 0.4717 0.8557 0.6397 0.8310
75 0.0578 0.0536 0.8803 0.1127 0.8525 0.1645 0.4718 0.8556 0.6377 0.8292
76 0.0564 0.0501 0.8776 0.1079 0.8470 0.1863 0.4749 0.8494 0.6627 0.8230
77 0.0655 0.0603 0.8721 0.1272 0.8397 0.2003 0.4762 0.8449 0.6780 0.8141
78 0.0749 0.0661 0.8703 0.1423 0.8370 0.1589 0.4868 0.8308 0.6472 0.7996
79 0.0959 0.0830 0.8439 0.1800 0.8095 0.2112 0.4925 0.8066 0.7051 0.7769
80 0.1051 0.0904 0.8383 0.1967 0.8047 0.1829 0.4841 0.8261 0.6685 0.7921
81 0.0949 0.0841 0.8409 0.1803 0.8046 0.1801 0.4919 0.8267 0.6734 0.7944
82 0.0886 0.0848 0.8460 0.1747 0.8118 0.2399 0.4848 0.8277 0.7262 0.7968
83 0.0716 0.0639 0.8626 0.1368 0.8303 0.1755 0.4823 0.8451 0.6592 0.8151
84 0.0596 0.0532 0.8729 0.1141 0.8417 0.1689 0.4812 0.8507 0.6516 0.8258
85 0.0555 0.0534 0.8777 0.1103 0.8486 0.1724 0.4810 0.8516 0.6549 0.8275
86 0.0518 0.0480 0.8760 0.1011 0.8466 0.1919 0.4801 0.8499 0.6734 0.8207
87 0.0586 0.0530 0.8779 0.1130 0.8499 0.1758 0.4807 0.8372 0.6580 0.8114
88 0.0723 0.0639 0.8669 0.1374 0.8350 0.2017 0.4933 0.8318 0.6965 0.7996
89 0.0797 0.0682 0.8571 0.1492 0.8246 0.2057 0.4936 0.8247 0.7006 0.7936
90 0.0956 0.0839 0.8466 0.1807 0.8134 0.1788 0.4873 0.8041 0.6676 0.7695
91 0.0958 0.0878 0.8501 0.1849 0.8142 0.2195 0.4850 0.8243 0.7060 0.7969
92 0.0778 0.0707 0.8601 0.1499 0.8274 0.1964 0.4800 0.8246 0.6778 0.7966
93 0.0656 0.0585 0.8743 0.1255 0.8437 0.2139 0.4752 0.8295 0.6906 0.7988
94 0.0568 0.0501 0.8844 0.1083 0.8560 0.2069 0.4709 0.8477 0.6793 0.8197
95 0.0580 0.0514 0.8853 0.1107 0.8569 0.2012 0.4701 0.8496 0.6728 0.8207
96 0.0598 0.0538 0.8765 0.1150 0.8471 0.1980 0.4694 0.8490 0.6690 0.8207
97 0.0625 0.0554 0.8780 0.1193 0.8479 0.2096 0.4730 0.8445 0.6841 0.8163
98 0.0613 0.0538 0.8785 0.1164 0.8480 0.2728 0.5249 0.8161 0.7989 0.7889
99 0.0712 0.0638 0.8652 0.1363 0.8319 0.2941 0.5093 0.7776 0.8047 0.7488
100 0.1145 0.1006 0.8337 0.2163 0.7981 0.1924 0.5036 0.8142 0.6974 0.7845
101 0.0934 0.0812 0.8557 0.1758 0.8219 0.2037 0.5057 0.8030 0.7108 0.7649
102 0.0739 0.0662 0.8617 0.1414 0.8286 0.1796 0.4813 0.8438 0.6622 0.8125
103 0.0569 0.0518 0.8815 0.1100 0.8536 0.1897 0.4804 0.8412 0.6716 0.8094
104 0.0563 0.0506 0.8858 0.1083 0.8568 0.1984 0.4772 0.8423 0.6772 0.8127
105 0.0513 0.0458 0.8849 0.0985 0.8565 0.1960 0.4782 0.8432 0.6758 0.8124
106 0.0521 0.0465 0.8889 0.1001 0.8610 0.2030 0.4797 0.8398 0.6841 0.8107
107 0.0558 0.0521 0.8810 0.1093 0.8491 0.2761 0.4909 0.8224 0.7686 0.7927
108 0.0687 0.0613 0.8742 0.1313 0.8417 0.2194 0.4878 0.8232 0.7087 0.7891
109 0.0670 0.0598 0.8719 0.1282 0.8388 0.1909 0.4922 0.8279 0.6844 0.7976
110 0.0811 0.0700 0.8631 0.1524 0.8299 0.1870 0.5202 0.7943 0.7083 0.7589
111 0.0813 0.0692 0.8595 0.1518 0.8284 0.1506 0.4800 0.8314 0.6320 0.8005
112 0.0592 0.0557 0.8757 0.1163 0.8441 0.2020 0.4943 0.8371 0.6977 0.8036
113 0.0589 0.0526 0.8779 0.1129 0.8469 0.2056 0.4728 0.8452 0.6799 0.8171
114 0.0522 0.0455 0.8874 0.0992 0.8590 0.2018 0.4714 0.8400 0.6748 0.8113
115 0.0525 0.0482 0.8838 0.1021 0.8540 0.2106 0.4723 0.8455 0.6845 0.8162
116 0.0498 0.0458 0.8874 0.0970 0.8598 0.2011 0.4680 0.8519 0.6706 0.8219
117 0.0505 0.0478 0.8829 0.0997 0.8540 0.2228 0.4790 0.8463 0.7033 0.8168
118 0.0504 0.0461 0.8895 0.0979 0.8576 0.2751 0.4909 0.8125 0.7675 0.7802
119 0.0792 0.0703 0.8629 0.1508 0.8314 0.2030 0.4892 0.8205 0.6937 0.7904
120 0.0891 0.0758 0.8509 0.1660 0.8173 0.2758 0.5127 0.7862 0.7898 0.7504
121 0.0659 0.0586 0.8684 0.1258 0.8370 0.1929 0.4876 0.8358 0.6818 0.8047
122 0.0642 0.0567 0.8765 0.1223 0.8451 0.2464 0.4884 0.8070 0.7364 0.7722
123 0.0625 0.0545 0.8807 0.1183 0.8495 0.1668 0.4697 0.8477 0.6380 0.8175
124 0.0530 0.0479 0.8821 0.1023 0.8531 0.1842 0.4705 0.8418 0.6564 0.8113
125 0.0484 0.0451 0.8891 0.0949 0.8613 0.1950 0.4719 0.8406 0.6685 0.8108
126 0.0473 0.0440 0.8871 0.0928 0.8585 0.1730 0.4697 0.8447 0.6442 0.8118
127 0.0486 0.0418 0.8863 0.0919 0.8580 0.1792 0.4693 0.8472 0.6500 0.8171
128 0.0530 0.0485 0.8819 0.1030 0.8505 0.2256 0.4844 0.8007 0.7115 0.7698
129 0.0811 0.0732 0.8653 0.1556 0.8324 0.1504 0.4954 0.8261 0.6474 0.7933
130 0.0809 0.0717 0.8599 0.1539 0.8257 0.1634 0.5083 0.7939 0.6730 0.7543
131 0.0741 0.0663 0.8659 0.1418 0.8347 0.1931 0.5090 0.8032 0.7033 0.7714
132 0.0656 0.0572 0.8674 0.1242 0.8361 0.1779 0.4728 0.8423 0.6523 0.8119
133 0.0565 0.0522 0.8783 0.1102 0.8493 0.1615 0.4776 0.8577 0.6406 0.8268
134 0.0472 0.0432 0.8914 0.0919 0.8631 0.1577 0.4645 0.8578 0.6237 0.8282
135 0.0454 0.0428 0.8898 0.0897 0.8636 0.1578 0.4643 0.8587 0.6238 0.8273
136 0.0474 0.0431 0.8928 0.0920 0.8660 0.1697 0.4682 0.8541 0.6395 0.8244
137 0.0446 0.0411 0.8868 0.0871 0.8608 0.1844 0.4635 0.8552 0.6496 0.8273
138 0.0505 0.0440 0.8860 0.0960 0.8603 0.1515 0.4731 0.8448 0.6261 0.8149
139 0.0640 0.0563 0.8727 0.1217 0.8412 0.2460 0.4948 0.8241 0.7423 0.7958
140 0.1037 0.0939 0.8459 0.1989 0.8107 0.2176 0.4984 0.7981 0.7175 0.7558
141 0.0833 0.0772 0.8582 0.1619 0.8240 0.2003 0.5002 0.8302 0.7019 0.7957
142 0.0669 0.0571 0.8800 0.1253 0.8493 0.1966 0.4774 0.8431 0.6755 0.8096
143 0.0531 0.0476 0.8836 0.1021 0.8553 0.1751 0.4692 0.8462 0.6460 0.8162
144 0.0485 0.0430 0.8895 0.0930 0.8604 0.1805 0.4673 0.8502 0.6494 0.8189
145 0.0471 0.0411 0.8946 0.0898 0.8670 0.1821 0.4671 0.8515 0.6508 0.8212
146 0.0470 0.0433 0.8945 0.0918 0.8658 0.1910 0.4672 0.8514 0.6598 0.8238
147 0.0474 0.0447 0.8884 0.0936 0.8604 0.2402 0.4765 0.8373 0.7183 0.8066
148 0.0597 0.0530 0.8834 0.1140 0.8511 0.1768 0.4680 0.8466 0.6465 0.8174
149 0.0813 0.0722 0.8707 0.1549 0.8386 0.2369 0.5056 0.7976 0.7439 0.7621
