epoch train_BCELoss train_SoftDiceLoss train_iou train_loss train_mAP val_BCELoss val_SoftDiceLoss val_iou val_loss val_mAP
0 0.5907 0.6608 0.2308 1.9317 0.2200 0.5349 0.7538 0.3561 1.7659 0.3221
1 0.3477 0.4618 0.6086 1.2285 0.5405 0.2941 0.6646 0.6590 1.0011 0.6030
2 0.2852 0.3817 0.6795 0.9772 0.6222 0.2321 0.6211 0.7249 0.8341 0.6713
3 0.2485 0.3408 0.7277 0.8352 0.6716 0.2331 0.6327 0.7135 0.8262 0.6685
4 0.2354 0.3268 0.7324 0.8103 0.6808 0.2642 0.6163 0.7527 0.8604 0.6904
5 0.2196 0.3055 0.7569 0.7420 0.7077 0.2468 0.6376 0.6948 0.8178 0.6344
6 0.2082 0.2899 0.7720 0.6931 0.7256 0.2466 0.5887 0.7485 0.8614 0.6840
7 0.1919 0.2696 0.7854 0.6493 0.7412 0.1907 0.5889 0.7786 0.6591 0.7410
8 0.1660 0.2358 0.8041 0.5809 0.7613 0.1712 0.5699 0.8051 0.5980 0.7675
9 0.1600 0.2261 0.8100 0.5494 0.7703 0.1705 0.5585 0.8105 0.5804 0.7770
10 0.1541 0.2214 0.8217 0.5222 0.7819 0.1752 0.5596 0.8062 0.5943 0.7719
11 0.1527 0.2182 0.8204 0.5285 0.7822 0.1522 0.5524 0.8119 0.5485 0.7769
12 0.1568 0.2235 0.8183 0.5394 0.7805 0.1653 0.5502 0.8100 0.5969 0.7743
13 0.1669 0.2343 0.7996 0.5896 0.7598 0.1695 0.5645 0.7881 0.6108 0.7520
14 0.1756 0.2454 0.7969 0.6151 0.7552 0.1927 0.5784 0.7465 0.7385 0.6988
15 0.1778 0.2494 0.7974 0.6166 0.7553 0.2299 0.6023 0.7703 0.7320 0.7329
16 0.1711 0.2449 0.8063 0.5899 0.7671 0.1805 0.5634 0.8070 0.6263 0.7750
17 0.1523 0.2178 0.8200 0.5346 0.7846 0.2144 0.5778 0.7434 0.7561 0.6946
18 0.1413 0.2035 0.8357 0.4848 0.8004 0.1485 0.5490 0.8261 0.5162 0.7965
19 0.1341 0.1923 0.8383 0.4712 0.8061 0.1451 0.5369 0.8298 0.5237 0.8005
20 0.1247 0.1798 0.8459 0.4379 0.8103 0.1405 0.5328 0.8318 0.5084 0.8034
21 0.1214 0.1756 0.8469 0.4371 0.8116 0.1603 0.5341 0.8320 0.5605 0.8028
22 0.1269 0.1807 0.8394 0.4569 0.8013 0.1932 0.5564 0.8157 0.6358 0.7838
23 0.1459 0.2063 0.8291 0.5035 0.7918 0.1516 0.5344 0.8142 0.5913 0.7810
24 0.1517 0.2142 0.8297 0.5275 0.7920 0.2011 0.5686 0.7637 0.7125 0.7276
25 0.1549 0.2174 0.8168 0.5384 0.7782 0.1685 0.5670 0.7871 0.5936 0.7518
26 0.1537 0.2178 0.8256 0.5220 0.7903 0.1703 0.5385 0.8230 0.6188 0.7873
27 0.1464 0.2054 0.8344 0.5013 0.7991 0.1414 0.5229 0.8378 0.5300 0.8083
28 0.1226 0.1736 0.8483 0.4416 0.8164 0.1511 0.5441 0.8325 0.5063 0.8041
29 0.1126 0.1620 0.8628 0.3992 0.8313 0.1443 0.5283 0.8265 0.5324 0.7958
30 0.1079 0.1554 0.8645 0.3868 0.8332 0.1381 0.5223 0.8365 0.5175 0.8084
31 0.1063 0.1536 0.8616 0.3910 0.8279 0.1491 0.5303 0.8357 0.5203 0.8073
32 0.1178 0.1682 0.8578 0.4214 0.8231 0.1486 0.5351 0.8349 0.5245 0.8034
33 0.1276 0.1796 0.8445 0.4572 0.8090 0.1516 0.5414 0.8217 0.5285 0.7941
34 0.1337 0.1913 0.8417 0.4696 0.8059 0.1528 0.5344 0.8184 0.5642 0.7901
35 0.1434 0.2027 0.8328 0.5020 0.7925 0.1858 0.5543 0.8196 0.6065 0.7846
36 0.1356 0.1939 0.8398 0.4745 0.8015 0.1570 0.5389 0.8306 0.5523 0.8010
37 0.1191 0.1665 0.8564 0.4220 0.8234 0.1584 0.5545 0.8281 0.5211 0.7975
38 0.1089 0.1600 0.8611 0.3952 0.8276 0.1356 0.5119 0.8487 0.5063 0.8200
39 0.0970 0.1390 0.8716 0.3634 0.8374 0.1362 0.5229 0.8417 0.5040 0.8130
40 0.0878 0.1290 0.8730 0.3386 0.8404 0.1284 0.5138 0.8476 0.4837 0.8186
41 0.0873 0.1279 0.8759 0.3386 0.8433 0.1309 0.5125 0.8440 0.4970 0.8180
42 0.0910 0.1317 0.8773 0.3440 0.8438 0.1245 0.5126 0.8449 0.4995 0.8157
43 0.1028 0.1473 0.8651 0.3853 0.8281 0.1377 0.5322 0.8285 0.5326 0.7999
44 0.1182 0.1672 0.8528 0.4326 0.8160 0.1641 0.5439 0.8173 0.6110 0.7880
45 0.1313 0.1853 0.8392 0.4742 0.7999 0.1527 0.5255 0.8223 0.6256 0.7888
46 0.1306 0.1858 0.8427 0.4660 0.8065 0.1659 0.5389 0.8244 0.5785 0.7886
47 0.1113 0.1628 0.8573 0.4094 0.8235 0.1273 0.5244 0.8287 0.4970 0.8008
48 0.0897 0.1287 0.8769 0.3474 0.8443 0.1462 0.5175 0.8379 0.5235 0.8073
49 0.0845 0.1236 0.8812 0.3253 0.8481 0.1235 0.5033 0.8474 0.4944 0.8174
50 0.0724 0.1058 0.8870 0.2997 0.8542 0.1260 0.5043 0.8522 0.4922 0.8239
51 0.0790 0.1135 0.8852 0.3131 0.8527 0.1309 0.5071 0.8479 0.4965 0.8233
52 0.0855 0.1242 0.8781 0.3339 0.8447 0.1283 0.5152 0.8472 0.4950 0.8207
53 0.1043 0.1461 0.8696 0.3836 0.8332 0.1778 0.5303 0.8254 0.6193 0.7962
54 0.1161 0.1665 0.8599 0.4188 0.8244 0.1468 0.5259 0.8327 0.5513 0.7970
55 0.1192 0.1644 0.8569 0.4282 0.8205 0.2857 0.5919 0.7040 1.0697 0.6322
56 0.1080 0.1528 0.8667 0.3891 0.8334 0.1543 0.5315 0.8457 0.5426 0.8132
57 0.1031 0.1460 0.8629 0.3812 0.8303 0.1504 0.5313 0.8455 0.5164 0.8142
58 0.0870 0.1262 0.8800 0.3351 0.8470 0.1499 0.5152 0.8452 0.5425 0.8142
59 0.0700 0.1038 0.8916 0.2859 0.8603 0.1705 0.5078 0.8458 0.6086 0.8178
60 0.0673 0.0914 0.8962 0.2796 0.8671 0.1611 0.5127 0.8478 0.5642 0.8197
61 0.0744 0.1053 0.8935 0.2948 0.8627 0.1277 0.5115 0.8566 0.4702 0.8303
62 0.0712 0.1028 0.8903 0.2942 0.8597 0.1451 0.5183 0.8478 0.5282 0.8178
63 0.0823 0.1151 0.8824 0.3228 0.8494 0.1554 0.5186 0.8482 0.5495 0.8202
64 0.0976 0.1406 0.8706 0.3690 0.8361 0.2571 0.5675 0.7854 0.8638 0.7529
65 0.1212 0.1663 0.8501 0.4409 0.8122 0.1620 0.5563 0.8039 0.5803 0.7714
66 0.1041 0.1509 0.8626 0.3933 0.8280 0.1497 0.5431 0.8208 0.5625 0.7945
67 0.0871 0.1216 0.8779 0.3415 0.8439 0.1314 0.5111 0.8397 0.4982 0.8114
68 0.0798 0.1186 0.8875 0.3069 0.8552 0.1405 0.4981 0.8505 0.5284 0.8220
69 0.0673 0.0984 0.8957 0.2776 0.8664 0.1366 0.4978 0.8613 0.5246 0.8357
70 0.0601 0.0907 0.9017 0.2543 0.8728 0.1306 0.4983 0.8583 0.5031 0.8287
71 0.0592 0.0855 0.9011 0.2553 0.8715 0.1516 0.5050 0.8486 0.5543 0.8200
72 0.0636 0.0918 0.8960 0.2713 0.8656 0.1737 0.5072 0.8310 0.6301 0.8052
73 0.0788 0.1115 0.8885 0.3142 0.8541 0.1646 0.5275 0.8277 0.6051 0.7944
74 0.0989 0.1394 0.8708 0.3713 0.8366 0.1662 0.5377 0.8115 0.5801 0.7716
75 0.1292 0.1743 0.8536 0.4455 0.8195 0.2502 0.6092 0.7136 0.8519 0.6814
76 0.1126 0.1550 0.8644 0.4088 0.8295 0.2077 0.5481 0.7941 0.7525 0.7609
77 0.0901 0.1289 0.8782 0.3453 0.8425 0.1335 0.5085 0.8551 0.5093 0.8251
78 0.0722 0.1032 0.8982 0.2819 0.8682 0.1456 0.5116 0.8376 0.5553 0.8084
79 0.0633 0.0918 0.9000 0.2616 0.8700 0.1304 0.4948 0.8665 0.5065 0.8359
80 0.0592 0.0853 0.9044 0.2545 0.8745 0.1360 0.4984 0.8598 0.5131 0.8311
81 0.0579 0.0829 0.9038 0.2568 0.8739 0.1434 0.5006 0.8561 0.5315 0.8269
82 0.0662 0.0952 0.8959 0.2759 0.8658 0.1871 0.5115 0.8406 0.6672 0.8142
83 0.0699 0.1012 0.8927 0.2861 0.8616 0.1389 0.5047 0.8528 0.5277 0.8244
84 0.0782 0.1106 0.8806 0.3254 0.8464 0.1600 0.5173 0.8271 0.6076 0.7881
85 0.0907 0.1291 0.8765 0.3551 0.8421 0.1916 0.5110 0.8191 0.7262 0.7825
86 0.0914 0.1294 0.8788 0.3443 0.8458 0.2618 0.5703 0.7657 0.9650 0.7387
87 0.0817 0.1161 0.8847 0.3213 0.8532 0.1532 0.5070 0.8364 0.5807 0.8107
88 0.0708 0.1020 0.8934 0.2922 0.8605 0.1319 0.4977 0.8423 0.5331 0.8147
89 0.0577 0.0819 0.9023 0.2552 0.8718 0.1262 0.4960 0.8508 0.4996 0.8242
90 0.0551 0.0822 0.9103 0.2360 0.8812 0.1292 0.4935 0.8564 0.5039 0.8296
91 0.0523 0.0766 0.9103 0.2312 0.8807 0.1425 0.4913 0.8559 0.5492 0.8294
92 0.0537 0.0762 0.9041 0.2422 0.8729 0.1386 0.4969 0.8564 0.5233 0.8256
93 0.0713 0.1000 0.8943 0.2817 0.8593 0.1194 0.5069 0.8590 0.4915 0.8284
94 0.0800 0.1145 0.8861 0.3188 0.8517 0.1407 0.5145 0.8373 0.5219 0.8115
95 0.0867 0.1213 0.8840 0.3365 0.8493 0.2349 0.5664 0.7315 0.8694 0.6867
96 0.1006 0.1421 0.8715 0.3763 0.8378 0.1869 0.5062 0.8362 0.7081 0.8084
97 0.0791 0.1120 0.8889 0.3147 0.8571 0.1327 0.5057 0.8459 0.5126 0.8179
98 0.0640 0.0914 0.9015 0.2678 0.8713 0.1368 0.5053 0.8569 0.5012 0.8292
99 0.0563 0.0829 0.9045 0.2430 0.8748 0.1438 0.4883 0.8612 0.5435 0.8331
100 0.0532 0.0778 0.9090 0.2346 0.8792 0.1432 0.4930 0.8625 0.5348 0.8355
101 0.0506 0.0739 0.9085 0.2288 0.8812 0.1482 0.4915 0.8596 0.5576 0.8328
102 0.0529 0.0762 0.9063 0.2446 0.8775 0.1304 0.5015 0.8532 0.4899 0.8272
103 0.0637 0.0889 0.8970 0.2723 0.8682 0.1441 0.5062 0.8471 0.5238 0.8142
104 0.0672 0.0925 0.8981 0.2835 0.8658 0.1394 0.4976 0.8468 0.5380 0.8202
105 0.0757 0.1076 0.8856 0.3171 0.8516 0.2142 0.5181 0.8389 0.7681 0.8090
106 0.0704 0.1000 0.8860 0.3016 0.8540 0.1995 0.5181 0.8281 0.6716 0.7981
107 0.0649 0.0939 0.8954 0.2746 0.8653 0.1453 0.5149 0.8441 0.5304 0.8169
108 0.0557 0.0781 0.9058 0.2451 0.8770 0.1371 0.4886 0.8612 0.5311 0.8344
109 0.0502 0.0727 0.9098 0.2282 0.8810 0.1422 0.4859 0.8636 0.5361 0.8364
110 0.0473 0.0682 0.9078 0.2239 0.8790 0.1437 0.4870 0.8646 0.5367 0.8381
111 0.0467 0.0696 0.9175 0.2140 0.8878 0.1456 0.4830 0.8626 0.5488 0.8345
112 0.0553 0.0814 0.9068 0.2409 0.8797 0.1697 0.4875 0.8594 0.6237 0.8309
113 0.0600 0.0852 0.8991 0.2603 0.8672 0.1538 0.5012 0.8449 0.6058 0.8166
114 0.0563 0.0816 0.9021 0.2542 0.8706 0.1490 0.4970 0.8440 0.5919 0.8150
115 0.0751 0.1066 0.8900 0.3068 0.8564 0.1470 0.5327 0.8215 0.5622 0.7800
116 0.0726 0.1019 0.8932 0.2948 0.8604 0.1431 0.5262 0.8330 0.5460 0.8020
117 0.0573 0.0852 0.9036 0.2515 0.8727 0.1308 0.4977 0.8511 0.5106 0.8207
118 0.0491 0.0718 0.9089 0.2273 0.8797 0.1345 0.4894 0.8513 0.5258 0.8243
119 0.0453 0.0649 0.9130 0.2151 0.8862 0.1351 0.4927 0.8595 0.5244 0.8300
120 0.0428 0.0624 0.9177 0.2037 0.8914 0.1297 0.4878 0.8605 0.5145 0.8309
121 0.0419 0.0613 0.9192 0.2033 0.8904 0.1382 0.4859 0.8596 0.5312 0.8325
122 0.0415 0.0593 0.9149 0.2065 0.8855 0.1279 0.4953 0.8590 0.5064 0.8305
123 0.0518 0.0737 0.9071 0.2365 0.8772 0.1697 0.4954 0.8569 0.6275 0.8305
124 0.0537 0.0775 0.9039 0.2489 0.8752 0.1472 0.4945 0.8387 0.5942 0.8101
125 0.0698 0.0996 0.8909 0.2989 0.8598 0.2941 0.5511 0.7477 1.0483 0.6940
126 0.0931 0.1273 0.8842 0.3397 0.8522 0.1525 0.5159 0.8236 0.5919 0.7861
127 0.0587 0.0841 0.9056 0.2509 0.8777 0.1555 0.4948 0.8601 0.5822 0.8326
128 0.0536 0.0749 0.9078 0.2383 0.8788 0.1356 0.4895 0.8520 0.5328 0.8198
129 0.0493 0.0705 0.9179 0.2140 0.8903 0.1202 0.4849 0.8657 0.4779 0.8352
130 0.0466 0.0687 0.9193 0.2017 0.8921 0.1200 0.4865 0.8657 0.4766 0.8368
131 0.0410 0.0588 0.9221 0.1971 0.8970 0.1231 0.4829 0.8707 0.4980 0.8407
132 0.0468 0.0659 0.9128 0.2217 0.8866 0.1500 0.5125 0.8496 0.5693 0.8213
133 0.0415 0.0592 0.9182 0.2030 0.8908 0.2014 0.4917 0.8554 0.7056 0.8275
134 0.0780 0.1098 0.8853 0.3176 0.8518 0.1448 0.5283 0.8508 0.5454 0.8208
135 0.0727 0.1042 0.8869 0.3054 0.8551 0.1478 0.5317 0.8118 0.6043 0.7829
136 0.0609 0.0893 0.8988 0.2650 0.8689 0.1402 0.5024 0.8426 0.5806 0.8142
137 0.0578 0.0806 0.9040 0.2497 0.8746 0.1293 0.4944 0.8570 0.5164 0.8280
138 0.0434 0.0626 0.9171 0.2069 0.8898 0.1524 0.4950 0.8537 0.6062 0.8275
139 0.0397 0.0586 0.9206 0.1918 0.8950 0.1456 0.4860 0.8611 0.5876 0.8340
140 0.0370 0.0514 0.9239 0.1816 0.8981 0.1498 0.4877 0.8598 0.5982 0.8328
141 0.0377 0.0547 0.9234 0.1879 0.8965 0.1411 0.4858 0.8611 0.5544 0.8325
142 0.0399 0.0557 0.9213 0.1957 0.8942 0.1300 0.4964 0.8512 0.5254 0.8222
143 0.0448 0.0636 0.9175 0.2068 0.8888 0.1728 0.5137 0.8220 0.6872 0.7907
144 0.0555 0.0768 0.8981 0.2557 0.8676 0.1668 0.5158 0.8263 0.6550 0.7918
145 0.0747 0.1057 0.8945 0.3017 0.8641 0.1562 0.5080 0.8453 0.6037 0.8153
146 0.0665 0.0956 0.8918 0.2836 0.8608 0.1543 0.5090 0.8258 0.6065 0.7916
147 0.0582 0.0832 0.9044 0.2526 0.8758 0.1240 0.4977 0.8435 0.5255 0.8133
148 0.0449 0.0649 0.9174 0.2094 0.8909 0.1411 0.4954 0.8612 0.5454 0.8313
149 0.0396 0.0587 0.9206 0.1926 0.8950 0.1498 0.4899 0.8614 0.5754 0.8350
150 0.0376 0.0538 0.9230 0.1856 0.8961 0.1353 0.4880 0.8604 0.5421 0.8333
151 0.0359 0.0520 0.9213 0.1871 0.8957 0.1427 0.4863 0.8682 0.5707 0.8417
152 0.0381 0.0544 0.9212 0.1888 0.8927 0.1453 0.4937 0.8552 0.5785 0.8260
153 0.0402 0.0582 0.9154 0.2054 0.8875 0.1731 0.5024 0.8512 0.6664 0.8232
154 0.0593 0.0812 0.9033 0.2583 0.8722 0.1434 0.5235 0.8295 0.5717 0.7947
155 0.0779 0.1063 0.8942 0.3016 0.8626 0.1625 0.5441 0.8120 0.5946 0.7657
156 0.0686 0.0983 0.8999 0.2779 0.8705 0.2259 0.5282 0.8054 0.7789 0.7688
157 0.0648 0.0925 0.8987 0.2708 0.8706 0.1547 0.4985 0.8437 0.5783 0.8129
158 0.0492 0.0706 0.9136 0.2205 0.8852 0.1427 0.4903 0.8512 0.5602 0.8196
159 0.0425 0.0628 0.9201 0.1976 0.8926 0.1574 0.4850 0.8542 0.6036 0.8250
160 0.0386 0.0550 0.9197 0.1997 0.8948 0.1583 0.4834 0.8573 0.6013 0.8284
161 0.0359 0.0523 0.9197 0.1886 0.8935 0.1669 0.4803 0.8570 0.6177 0.8273
162 0.0402 0.0548 0.9219 0.1909 0.8952 0.1358 0.4853 0.8608 0.5471 0.8320
163 0.0409 0.0576 0.9207 0.1959 0.8940 0.1784 0.4907 0.8477 0.6495 0.8175
164 0.0530 0.0730 0.9110 0.2336 0.8826 0.1494 0.5244 0.8395 0.5764 0.8120
165 0.0725 0.1028 0.8918 0.2944 0.8589 0.3267 0.5725 0.7515 1.1481 0.7071
166 0.0718 0.0996 0.8873 0.3073 0.8568 0.1450 0.5136 0.8458 0.5316 0.8188
167 0.0674 0.0956 0.9039 0.2663 0.8758 0.1197 0.4790 0.8638 0.4950 0.8345
168 0.0469 0.0670 0.9156 0.2136 0.8897 0.1225 0.4968 0.8568 0.5036 0.8302
169 0.0393 0.0566 0.9241 0.1881 0.8993 0.1242 0.4799 0.8642 0.5194 0.8375
170 0.0355 0.0519 0.9243 0.1848 0.8995 0.1178 0.4785 0.8646 0.4989 0.8385
171 0.0371 0.0512 0.9227 0.1842 0.8979 0.1329 0.4805 0.8629 0.5391 0.8356
172 0.0372 0.0531 0.9211 0.1896 0.8936 0.1259 0.4885 0.8590 0.5096 0.8288
173 0.0414 0.0590 0.9181 0.2043 0.8917 0.1164 0.4872 0.8634 0.4983 0.8364
174 0.0471 0.0660 0.9132 0.2172 0.8839 0.1628 0.4867 0.8434 0.6540 0.8142
175 0.0569 0.0776 0.9090 0.2483 0.8810 0.1501 0.5066 0.8457 0.5873 0.8141
176 0.0531 0.0755 0.9106 0.2408 0.8828 0.1737 0.5139 0.8430 0.6348 0.8125
177 0.0426 0.0615 0.9163 0.2082 0.8892 0.1315 0.4890 0.8552 0.5375 0.8242
178 0.0397 0.0566 0.9214 0.1951 0.8959 0.1457 0.4895 0.8463 0.5805 0.8181
179 0.0375 0.0543 0.9259 0.1838 0.9011 0.1400 0.4868 0.8596 0.5465 0.8275
180 0.0358 0.0527 0.9256 0.1755 0.9018 0.1350 0.4854 0.8619 0.5353 0.8302
181 0.0380 0.0528 0.9229 0.1863 0.8975 0.1372 0.4819 0.8631 0.5434 0.8329
182 0.0360 0.0497 0.9293 0.1734 0.9042 0.1403 0.4956 0.8536 0.5694 0.8268
183 0.0379 0.0534 0.9226 0.1910 0.8977 0.1670 0.4812 0.8562 0.6389 0.8258
184 0.0448 0.0630 0.9152 0.2129 0.8864 0.1574 0.4798 0.8584 0.6237 0.8278
185 0.0432 0.0602 0.9136 0.2123 0.8859 0.1558 0.5041 0.8438 0.6393 0.8189
186 0.0660 0.0925 0.9011 0.2743 0.8703 0.2120 0.5218 0.8055 0.7833 0.7722
187 0.0619 0.0868 0.9114 0.2465 0.8822 0.1469 0.4994 0.8428 0.5795 0.8109
188 0.0445 0.0639 0.9142 0.2117 0.8866 0.1477 0.4826 0.8555 0.5809 0.8279
189 0.0341 0.0493 0.9249 0.1774 0.8987 0.1738 0.4817 0.8544 0.6584 0.8252
190 0.0336 0.0476 0.9296 0.1694 0.9055 0.1612 0.4862 0.8538 0.6205 0.8250
191 0.0357 0.0492 0.9256 0.1771 0.9014 0.1436 0.4836 0.8606 0.5930 0.8303
192 0.0316 0.0458 0.9266 0.1714 0.9017 0.1640 0.4756 0.8582 0.6384 0.8249
193 0.0346 0.0496 0.9206 0.1856 0.8932 0.1841 0.4845 0.8510 0.6937 0.8230
194 0.0400 0.0554 0.9192 0.2003 0.8907 0.1720 0.4949 0.8525 0.6482 0.8232
195 0.0573 0.0789 0.9103 0.2446 0.8820 0.1649 0.4843 0.8441 0.6261 0.8147
196 0.0544 0.0750 0.9114 0.2330 0.8807 0.1588 0.4936 0.8423 0.6055 0.8093
197 0.0481 0.0667 0.9150 0.2178 0.8862 0.1324 0.4989 0.8474 0.5289 0.8188
198 0.0439 0.0619 0.9217 0.2000 0.8956 0.1641 0.4785 0.8582 0.6313 0.8306
199 0.0368 0.0522 0.9207 0.1883 0.8962 0.1549 0.4779 0.8657 0.5767 0.8365
