epoch train_BCELoss train_SoftDiceLoss train_iou train_loss train_mAP val_BCELoss val_SoftDiceLoss val_iou val_loss val_mAP
0 0.3977 0.4513 0.5157 0.8489 0.4542 0.2935 0.2912 0.6704 0.5847 0.5934
1 0.2438 0.2359 0.6856 0.4799 0.6165 0.2028 0.2501 0.6956 0.4530 0.6335
2 0.1823 0.1700 0.7297 0.3525 0.6689 0.1955 0.1805 0.7239 0.3763 0.6665
3 0.1630 0.1516 0.7518 0.3149 0.6963 0.1974 0.1878 0.7412 0.3855 0.6825
4 0.1488 0.1356 0.7661 0.2847 0.7139 0.2017 0.1944 0.7397 0.3964 0.6886
5 0.1372 0.1211 0.7753 0.2587 0.7232 0.2217 0.1794 0.7448 0.4016 0.6958
6 0.1136 0.1040 0.7981 0.2181 0.7510 0.2179 0.1602 0.7596 0.3786 0.7155
7 0.1150 0.0994 0.8036 0.2149 0.7565 0.2044 0.1700 0.7598 0.3749 0.7080
8 0.0976 0.0852 0.8184 0.1834 0.7720 0.1554 0.1370 0.7724 0.2928 0.7238
9 0.0834 0.0742 0.8278 0.1583 0.7850 0.1600 0.1258 0.7894 0.2864 0.7458
10 0.0890 0.0773 0.8288 0.1669 0.7876 0.1747 0.1443 0.7792 0.3196 0.7374
11 0.0832 0.0725 0.8343 0.1564 0.7918 0.1725 0.1346 0.7731 0.3077 0.7286
12 0.0782 0.0673 0.8397 0.1462 0.7989 0.1775 0.1110 0.7933 0.2891 0.7481
13 0.0824 0.0724 0.8388 0.1556 0.7974 0.1953 0.1451 0.7702 0.3410 0.7246
14 0.0653 0.0561 0.8519 0.1222 0.8137 0.1793 0.1291 0.7934 0.3091 0.7493
15 0.0567 0.0508 0.8613 0.1085 0.8273 0.1804 0.1195 0.8009 0.3007 0.7631
16 0.0532 0.0468 0.8639 0.1008 0.8301 0.1828 0.1159 0.8008 0.2995 0.7631
17 0.0504 0.0451 0.8675 0.0964 0.8346 0.1776 0.1137 0.8038 0.2921 0.7628
18 0.0520 0.0454 0.8659 0.0984 0.8327 0.1755 0.1181 0.7980 0.2944 0.7587
19 0.0490 0.0433 0.8700 0.0933 0.8380 0.1792 0.1135 0.8037 0.2935 0.7646
20 0.0482 0.0430 0.8706 0.0922 0.8382 0.1790 0.1151 0.7986 0.2949 0.7599
21 0.0474 0.0428 0.8724 0.0912 0.8408 0.1800 0.1156 0.7981 0.2964 0.7588
22 0.0466 0.0415 0.8738 0.0891 0.8427 0.1793 0.1139 0.7982 0.2940 0.7593
23 0.0477 0.0432 0.8696 0.0920 0.8379 0.1791 0.1110 0.8039 0.2908 0.7650
24 0.0465 0.0415 0.8717 0.0889 0.8400 0.1815 0.1117 0.8037 0.2939 0.7644
25 0.0515 0.0459 0.8655 0.0983 0.8305 0.1877 0.1234 0.7906 0.3117 0.7491
26 0.0541 0.0466 0.8677 0.1017 0.8313 0.1592 0.1046 0.8092 0.2646 0.7643
27 0.0497 0.0442 0.8718 0.0950 0.8384 0.1912 0.1208 0.7944 0.3126 0.7483
28 0.0562 0.0498 0.8634 0.1070 0.8260 0.2071 0.1159 0.7910 0.3235 0.7508
29 0.0554 0.0504 0.8664 0.1068 0.8315 0.2125 0.1359 0.7885 0.3490 0.7492
30 0.0532 0.0467 0.8716 0.1011 0.8377 0.2004 0.1286 0.8002 0.3298 0.7609
31 0.0449 0.0412 0.8814 0.0873 0.8490 0.2101 0.1248 0.8030 0.3357 0.7617
32 0.0410 0.0375 0.8845 0.0797 0.8530 0.2086 0.1200 0.8064 0.3295 0.7664
33 0.0406 0.0369 0.8862 0.0787 0.8553 0.2093 0.1188 0.8112 0.3289 0.7711
34 0.0393 0.0356 0.8895 0.0761 0.8597 0.2062 0.1165 0.8130 0.3235 0.7720
35 0.0375 0.0344 0.8896 0.0731 0.8595 0.2091 0.1184 0.8111 0.3283 0.7700
36 0.0371 0.0344 0.8899 0.0728 0.8597 0.2136 0.1196 0.8119 0.3341 0.7717
37 0.0372 0.0338 0.8897 0.0722 0.8600 0.2139 0.1183 0.8128 0.3329 0.7720
38 0.0370 0.0342 0.8904 0.0724 0.8611 0.2096 0.1164 0.8130 0.3268 0.7720
39 0.0371 0.0344 0.8915 0.0728 0.8611 0.2082 0.1151 0.8109 0.3240 0.7703
40 0.0416 0.0376 0.8816 0.0803 0.8489 0.2153 0.1120 0.8107 0.3281 0.7735
41 0.0431 0.0386 0.8854 0.0828 0.8532 0.2084 0.0978 0.8193 0.3070 0.7823
42 0.0431 0.0392 0.8855 0.0836 0.8529 0.3051 0.1634 0.7752 0.4692 0.7355
43 0.0564 0.0483 0.8661 0.1057 0.8303 0.1776 0.1214 0.7889 0.2999 0.7480
44 0.0530 0.0477 0.8723 0.1018 0.8379 0.2041 0.1194 0.7848 0.3241 0.7445
45 0.0516 0.0448 0.8759 0.0976 0.8445 0.1704 0.1000 0.8139 0.2714 0.7732
46 0.0394 0.0355 0.8904 0.0762 0.8606 0.1747 0.0945 0.8227 0.2701 0.7852
47 0.0383 0.0334 0.8906 0.0729 0.8622 0.1741 0.0952 0.8205 0.2701 0.7820
48 0.0356 0.0328 0.8929 0.0697 0.8640 0.1733 0.0925 0.8188 0.2666 0.7809
49 0.0361 0.0320 0.8950 0.0694 0.8674 0.1742 0.0971 0.8195 0.2721 0.7815
50 0.0331 0.0306 0.8977 0.0651 0.8691 0.1738 0.0958 0.8210 0.2705 0.7831
51 0.0335 0.0303 0.8988 0.0652 0.8714 0.1734 0.0944 0.8215 0.2687 0.7845
52 0.0326 0.0299 0.8983 0.0640 0.8712 0.1722 0.0936 0.8182 0.2667 0.7811
53 0.0332 0.0305 0.8989 0.0651 0.8716 0.1757 0.0946 0.8198 0.2711 0.7816
54 0.0332 0.0303 0.8982 0.0649 0.8716 0.1732 0.0951 0.8176 0.2692 0.7799
55 0.0328 0.0299 0.8959 0.0641 0.8697 0.1767 0.0955 0.8202 0.2730 0.7819
56 0.0332 0.0303 0.8978 0.0649 0.8700 0.1812 0.0993 0.8186 0.2813 0.7789
57 0.0336 0.0309 0.8990 0.0659 0.8714 0.1767 0.0961 0.8182 0.2736 0.7791
58 0.0330 0.0298 0.8987 0.0641 0.8718 0.1784 0.0983 0.8180 0.2775 0.7783
59 0.0325 0.0296 0.9004 0.0635 0.8735 0.1747 0.0932 0.8210 0.2687 0.7846
