epoch train_BCELoss train_SoftDiceLoss train_iou train_loss train_mAP val_BCELoss val_SoftDiceLoss val_iou val_loss val_mAP
0 0.2869 0.2703 0.6361 0.5574 0.5715 0.4447 0.5984 0.6045 1.0434 0.5267
1 0.2110 0.1973 0.7112 0.4088 0.6535 0.2947 0.5875 0.6845 0.8827 0.6069
2 0.1753 0.1599 0.7386 0.3359 0.6885 0.2027 0.5394 0.7644 0.7428 0.7144
3 0.1400 0.1289 0.7748 0.2697 0.7293 0.1975 0.5197 0.7657 0.7180 0.7215
4 0.1189 0.1062 0.7982 0.2260 0.7566 0.1798 0.5209 0.7757 0.7015 0.7300
5 0.1005 0.0921 0.8132 0.1935 0.7749 0.1732 0.5166 0.7851 0.6907 0.7425
6 0.1016 0.0909 0.8218 0.1935 0.7812 0.1877 0.5093 0.7817 0.6979 0.7325
7 0.1074 0.0970 0.8052 0.2054 0.7617 0.2062 0.5143 0.7808 0.7215 0.7332
8 0.1152 0.0997 0.8096 0.2160 0.7675 0.2074 0.5228 0.7808 0.7312 0.7355
9 0.1158 0.1031 0.8044 0.2200 0.7594 0.2300 0.5174 0.7785 0.7485 0.7364
10 0.1423 0.1219 0.7890 0.2652 0.7433 0.2044 0.5167 0.7712 0.7223 0.7261
11 0.1306 0.1192 0.7996 0.2510 0.7563 0.2428 0.5022 0.7999 0.7462 0.7567
12 0.0962 0.0867 0.8314 0.1842 0.7941 0.2254 0.5001 0.7993 0.7267 0.7624
13 0.0767 0.0679 0.8496 0.1460 0.8150 0.1734 0.4929 0.8118 0.6676 0.7768
14 0.0636 0.0581 0.8650 0.1230 0.8336 0.1995 0.4907 0.8160 0.6915 0.7808
15 0.0557 0.0526 0.8717 0.1098 0.8406 0.1858 0.4845 0.8150 0.6717 0.7814
16 0.0586 0.0544 0.8710 0.1144 0.8399 0.1886 0.4811 0.8183 0.6711 0.7809
17 0.0586 0.0549 0.8643 0.1149 0.8345 0.1789 0.4928 0.8079 0.6731 0.7687
18 0.0692 0.0610 0.8587 0.1316 0.8257 0.2323 0.5040 0.7918 0.7377 0.7524
19 0.0880 0.0775 0.8389 0.1667 0.8009 0.2275 0.4864 0.8084 0.7154 0.7727
20 0.0841 0.0739 0.8366 0.1593 0.8000 0.2652 0.5642 0.7388 0.8303 0.6940
21 0.0777 0.0691 0.8442 0.1483 0.8092 0.2409 0.5018 0.8109 0.7439 0.7690
22 0.0616 0.0567 0.8619 0.1197 0.8299 0.2334 0.4898 0.8126 0.7247 0.7734
23 0.0540 0.0474 0.8791 0.1030 0.8512 0.2050 0.4872 0.8207 0.6937 0.7856
24 0.0431 0.0396 0.8888 0.0843 0.8606 0.2111 0.4770 0.8261 0.6897 0.7927
25 0.0407 0.0383 0.8917 0.0806 0.8656 0.2118 0.4761 0.8271 0.6894 0.7942
26 0.0410 0.0379 0.8898 0.0805 0.8658 0.2069 0.4765 0.8300 0.6850 0.7948
27 0.0404 0.0375 0.8889 0.0796 0.8627 0.2253 0.4769 0.8250 0.7037 0.7879
28 0.0418 0.0390 0.8856 0.0824 0.8591 0.2376 0.4790 0.8280 0.7181 0.7893
29 0.0595 0.0516 0.8656 0.1126 0.8334 0.2549 0.5032 0.7933 0.7594 0.7552
30 0.1109 0.0943 0.8231 0.2065 0.7847 0.2032 0.5132 0.7562 0.7176 0.7093
31 0.0914 0.0781 0.8429 0.1709 0.8051 0.2168 0.5070 0.8054 0.7251 0.7665
32 0.0678 0.0585 0.8621 0.1279 0.8313 0.2257 0.4896 0.8153 0.7168 0.7809
33 0.0539 0.0474 0.8794 0.1029 0.8509 0.2228 0.4852 0.8181 0.7095 0.7808
34 0.0430 0.0404 0.8887 0.0851 0.8635 0.2116 0.4803 0.8357 0.6935 0.8007
35 0.0402 0.0387 0.8907 0.0806 0.8654 0.2002 0.4782 0.8369 0.6801 0.8030
36 0.0397 0.0359 0.8923 0.0774 0.8690 0.1981 0.4784 0.8271 0.6782 0.7905
37 0.0369 0.0351 0.8947 0.0737 0.8702 0.2279 0.4830 0.8340 0.7125 0.8002
38 0.0374 0.0346 0.8933 0.0737 0.8678 0.2280 0.4844 0.8254 0.7140 0.7888
39 0.0480 0.0435 0.8794 0.0932 0.8495 0.2516 0.4966 0.7964 0.7497 0.7481
40 0.1003 0.0824 0.8369 0.1841 0.8009 0.3378 0.5067 0.7348 0.8459 0.6832
41 0.0870 0.0742 0.8465 0.1627 0.8119 0.2520 0.5275 0.7812 0.7808 0.7339
42 0.0650 0.0587 0.8712 0.1254 0.8403 0.1892 0.4903 0.8181 0.6809 0.7800
43 0.0470 0.0449 0.8861 0.0936 0.8590 0.2062 0.4780 0.8289 0.6857 0.7930
44 0.0390 0.0358 0.8990 0.0765 0.8737 0.2141 0.4811 0.8293 0.6969 0.7911
45 0.0344 0.0335 0.9009 0.0697 0.8779 0.2070 0.4763 0.8314 0.6850 0.7930
46 0.0355 0.0327 0.9031 0.0700 0.8780 0.2062 0.4762 0.8293 0.6840 0.7907
47 0.0337 0.0315 0.9003 0.0669 0.8760 0.2236 0.4703 0.8288 0.6956 0.7923
48 0.0342 0.0323 0.9006 0.0684 0.8767 0.2400 0.4741 0.8189 0.7160 0.7800
49 0.0405 0.0359 0.8912 0.0781 0.8665 0.4071 0.5161 0.7564 0.9246 0.7061
50 0.0732 0.0628 0.8578 0.1375 0.8240 0.2493 0.5177 0.7435 0.7685 0.6923
51 0.0658 0.0554 0.8702 0.1228 0.8386 0.5643 0.5709 0.6942 1.1369 0.6339
52 0.0628 0.0553 0.8749 0.1198 0.8471 0.2013 0.4881 0.8131 0.6910 0.7690
53 0.0409 0.0374 0.8939 0.0800 0.8692 0.2081 0.4785 0.8363 0.6883 0.7982
54 0.0300 0.0296 0.9056 0.0614 0.8834 0.2207 0.4770 0.8386 0.6994 0.8048
55 0.0302 0.0278 0.9118 0.0599 0.8904 0.2108 0.4760 0.8421 0.6885 0.8072
56 0.0286 0.0274 0.9104 0.0579 0.8892 0.2209 0.4748 0.8404 0.6974 0.8059
57 0.0284 0.0270 0.9090 0.0572 0.8884 0.2160 0.4748 0.8298 0.6925 0.7921
58 0.0297 0.0281 0.9083 0.0596 0.8859 0.2273 0.4724 0.8428 0.7014 0.8069
59 0.0323 0.0296 0.9049 0.0638 0.8811 0.2833 0.4792 0.8095 0.7641 0.7690
60 0.0667 0.0566 0.8665 0.1250 0.8339 0.2620 0.5207 0.7687 0.7840 0.7249
61 0.0605 0.0520 0.8654 0.1141 0.8343 0.2568 0.5035 0.8153 0.7619 0.7826
62 0.0433 0.0395 0.8888 0.0846 0.8622 0.3048 0.4784 0.8217 0.7849 0.7858
63 0.0341 0.0316 0.9003 0.0675 0.8775 0.2452 0.4828 0.8354 0.7297 0.8001
64 0.0275 0.0270 0.9124 0.0565 0.8926 0.2415 0.4703 0.8360 0.7136 0.8024
65 0.0250 0.0243 0.9180 0.0513 0.8986 0.2368 0.4702 0.8340 0.7088 0.7994
66 0.0254 0.0246 0.9177 0.0520 0.8983 0.2539 0.4724 0.8338 0.7282 0.8018
67 0.0272 0.0257 0.9151 0.0548 0.8941 0.2365 0.4702 0.8323 0.7085 0.7970
68 0.0265 0.0255 0.9155 0.0540 0.8942 0.2487 0.4839 0.8314 0.7343 0.7944
69 0.0316 0.0299 0.9047 0.0633 0.8805 0.3868 0.4947 0.7927 0.8833 0.7525
70 0.0465 0.0397 0.8876 0.0879 0.8606 0.2484 0.4985 0.7917 0.7485 0.7522
71 0.0605 0.0510 0.8758 0.1133 0.8462 0.2688 0.4901 0.7910 0.7605 0.7469
72 0.0402 0.0367 0.8985 0.0787 0.8739 0.2250 0.4868 0.8342 0.7134 0.7989
73 0.0356 0.0335 0.9014 0.0710 0.8778 0.1901 0.4807 0.8363 0.6725 0.7998
74 0.0278 0.0266 0.9173 0.0564 0.8987 0.1907 0.4805 0.8364 0.6730 0.7990
75 0.0248 0.0240 0.9167 0.0509 0.8981 0.2055 0.4752 0.8360 0.6825 0.8016
76 0.0238 0.0231 0.9205 0.0490 0.9024 0.2196 0.4772 0.8366 0.6986 0.8014
77 0.0246 0.0231 0.9207 0.0497 0.9006 0.2698 0.4766 0.8372 0.7483 0.8034
78 0.0242 0.0232 0.9187 0.0494 0.8993 0.2173 0.4771 0.8363 0.6961 0.8032
79 0.0348 0.0318 0.9025 0.0685 0.8799 0.3403 0.4915 0.7981 0.8332 0.7563
80 0.0598 0.0512 0.8735 0.1127 0.8439 0.3543 0.5198 0.7862 0.8756 0.7456
81 0.0490 0.0444 0.8824 0.0952 0.8532 0.2122 0.4797 0.8210 0.6934 0.7827
82 0.0337 0.0319 0.9060 0.0675 0.8834 0.1896 0.4767 0.8391 0.6681 0.8061
83 0.0310 0.0300 0.9116 0.0631 0.8911 0.2046 0.4854 0.8408 0.6917 0.8050
84 0.0242 0.0235 0.9195 0.0497 0.9013 0.2254 0.4751 0.8425 0.7023 0.8073
85 0.0254 0.0235 0.9224 0.0510 0.9048 0.2195 0.4774 0.8463 0.6986 0.8129
86 0.0215 0.0212 0.9266 0.0448 0.9095 0.2181 0.4804 0.8475 0.7002 0.8123
87 0.0227 0.0219 0.9207 0.0467 0.9050 0.2435 0.4753 0.8432 0.7206 0.8082
88 0.0382 0.0326 0.9085 0.0727 0.8852 0.2714 0.4927 0.8146 0.7656 0.7749
89 0.0328 0.0297 0.9024 0.0644 0.8801 0.2386 0.5067 0.7883 0.7467 0.7451
90 0.0622 0.0516 0.8714 0.1155 0.8438 0.2280 0.5014 0.8070 0.7309 0.7712
91 0.0448 0.0411 0.8878 0.0878 0.8624 0.3312 0.4928 0.8058 0.8255 0.7718
92 0.0337 0.0323 0.9056 0.0679 0.8822 0.2171 0.4827 0.8372 0.7016 0.8044
93 0.0257 0.0243 0.9187 0.0521 0.8998 0.2050 0.4863 0.8439 0.6930 0.8130
94 0.0211 0.0208 0.9249 0.0441 0.9086 0.2137 0.4812 0.8443 0.6967 0.8108
95 0.0203 0.0206 0.9281 0.0431 0.9109 0.2097 0.4803 0.8414 0.6918 0.8081
96 0.0204 0.0202 0.9276 0.0428 0.9106 0.2324 0.4790 0.8445 0.7132 0.8124
97 0.0265 0.0230 0.9233 0.0516 0.9061 0.1779 0.4938 0.8267 0.6732 0.7903
98 0.0258 0.0241 0.9175 0.0519 0.8977 0.2344 0.4866 0.8319 0.7228 0.7978
99 0.0307 0.0289 0.9092 0.0617 0.8878 0.2384 0.4880 0.8249 0.7281 0.7901
100 0.0407 0.0369 0.8918 0.0795 0.8668 0.2476 0.4919 0.8178 0.7410 0.7746
101 0.0330 0.0313 0.9043 0.0662 0.8811 0.2724 0.5035 0.8227 0.7773 0.7803
102 0.0272 0.0254 0.9137 0.0546 0.8932 0.2655 0.4720 0.8312 0.7392 0.7984
103 0.0215 0.0211 0.9238 0.0448 0.9061 0.2449 0.4694 0.8515 0.7161 0.8147
104 0.0183 0.0181 0.9325 0.0387 0.9181 0.2464 0.4678 0.8509 0.7159 0.8179
105 0.0176 0.0178 0.9329 0.0377 0.9192 0.2522 0.4666 0.8518 0.7206 0.8168
106 0.0178 0.0176 0.9339 0.0377 0.9200 0.2544 0.4658 0.8479 0.7221 0.8145
107 0.0176 0.0174 0.9340 0.0373 0.9198 0.2535 0.4671 0.8461 0.7224 0.8127
108 0.0181 0.0179 0.9331 0.0382 0.9174 0.2553 0.4736 0.8355 0.7305 0.8037
109 0.0309 0.0283 0.9087 0.0612 0.8865 0.2609 0.4870 0.8230 0.7494 0.7875
110 0.0781 0.0681 0.8577 0.1478 0.8265 0.1966 0.5099 0.8074 0.7078 0.7689
111 0.0494 0.0470 0.8829 0.0983 0.8572 0.3419 0.5103 0.7856 0.8539 0.7489
112 0.0381 0.0361 0.8986 0.0762 0.8742 0.2359 0.4854 0.8285 0.7230 0.7864
113 0.0283 0.0280 0.9155 0.0583 0.8955 0.2916 0.4814 0.8303 0.7749 0.7975
114 0.0205 0.0204 0.9291 0.0432 0.9130 0.2258 0.4784 0.8393 0.7060 0.8064
115 0.0203 0.0198 0.9315 0.0424 0.9162 0.2209 0.4770 0.8380 0.6997 0.8044
116 0.0191 0.0193 0.9314 0.0408 0.9159 0.2386 0.4763 0.8408 0.7167 0.8069
117 0.0179 0.0180 0.9309 0.0382 0.9167 0.2371 0.4727 0.8378 0.7116 0.8026
118 0.0179 0.0180 0.9307 0.0382 0.9168 0.2532 0.4738 0.8402 0.7287 0.8077
119 0.0186 0.0182 0.9270 0.0391 0.9106 0.2531 0.4768 0.8411 0.7315 0.8059
120 0.0247 0.0236 0.9227 0.0504 0.9052 0.2997 0.5011 0.7662 0.8025 0.7216
121 0.0312 0.0299 0.9058 0.0631 0.8849 0.4066 0.5021 0.7875 0.9101 0.7505
122 0.0393 0.0363 0.8984 0.0776 0.8746 0.4585 0.5245 0.7569 0.9845 0.7149
123 0.0244 0.0237 0.9204 0.0503 0.9027 0.2739 0.4782 0.8243 0.7538 0.7910
124 0.0178 0.0184 0.9339 0.0385 0.9200 0.2488 0.4765 0.8410 0.7270 0.8087
125 0.0165 0.0168 0.9373 0.0357 0.9238 0.2582 0.4762 0.8405 0.7363 0.8065
126 0.0162 0.0166 0.9353 0.0353 0.9216 0.2631 0.4734 0.8378 0.7383 0.8046
127 0.0164 0.0164 0.9357 0.0352 0.9214 0.2876 0.4713 0.8296 0.7606 0.7951
128 0.0165 0.0165 0.9366 0.0353 0.9225 0.2989 0.4679 0.8320 0.7685 0.7969
129 0.0170 0.0170 0.9340 0.0364 0.9192 0.2969 0.4760 0.8348 0.7745 0.8011
130 0.0201 0.0198 0.9288 0.0421 0.9129 0.3283 0.4720 0.8371 0.8021 0.8049
131 0.0213 0.0211 0.9229 0.0446 0.9058 0.3427 0.4784 0.8127 0.8228 0.7768
132 0.0177 0.0179 0.9335 0.0379 0.9192 0.3067 0.4728 0.8322 0.7814 0.7969
133 0.0151 0.0155 0.9388 0.0331 0.9267 0.2971 0.4734 0.8330 0.7724 0.8016
134 0.0139 0.0143 0.9439 0.0308 0.9325 0.3153 0.4732 0.8401 0.7904 0.8064
135 0.0137 0.0141 0.9441 0.0304 0.9324 0.3193 0.4731 0.8381 0.7943 0.8043
136 0.0133 0.0138 0.9459 0.0297 0.9348 0.3200 0.4712 0.8372 0.7930 0.8054
137 0.0135 0.0139 0.9450 0.0300 0.9331 0.3258 0.4710 0.8379 0.7986 0.8058
138 0.0138 0.0141 0.9412 0.0305 0.9287 0.3228 0.4773 0.8336 0.8018 0.8008
139 0.0151 0.0155 0.9400 0.0331 0.9265 0.2802 0.4780 0.8371 0.7598 0.8008
140 0.0865 0.0702 0.8589 0.1586 0.8289 0.3172 0.5230 0.7172 0.8415 0.6714
141 0.0809 0.0678 0.8523 0.1505 0.8190 0.3349 0.5176 0.7737 0.8540 0.7250
142 0.0428 0.0403 0.8951 0.0851 0.8708 0.2028 0.4949 0.8189 0.6994 0.7838
143 0.0266 0.0259 0.9222 0.0548 0.9045 0.2183 0.4777 0.8279 0.6979 0.7976
144 0.0210 0.0212 0.9271 0.0446 0.9125 0.2019 0.4775 0.8343 0.6812 0.8005
145 0.0174 0.0177 0.9350 0.0376 0.9212 0.2002 0.4770 0.8340 0.6791 0.8010
146 0.0165 0.0168 0.9348 0.0358 0.9216 0.2390 0.4740 0.8365 0.7149 0.8036
147 0.0183 0.0176 0.9334 0.0384 0.9201 0.2318 0.4669 0.8295 0.7006 0.7940
148 0.0156 0.0159 0.9370 0.0340 0.9247 0.2662 0.4658 0.8373 0.7339 0.8040
149 0.0203 0.0200 0.9263 0.0427 0.9101 0.2838 0.4665 0.8336 0.7521 0.7999
