epoch train_iou train_loss train_mAP val_iou val_mAP
0 0.6196 1.1471 0.5505 0.6825 0.6316
1 0.7448 0.8352 0.6847 0.7548 0.6770
2 0.7862 0.6878 0.7347 0.8036 0.7464
3 0.8042 0.6174 0.7568 0.8019 0.7614
4 0.8282 0.5492 0.7852 0.8175 0.7771
5 0.8319 0.5147 0.7886 0.8160 0.7740
6 0.8330 0.5098 0.7923 0.8126 0.7775
7 0.8268 0.5449 0.7842 0.8169 0.7741
8 0.8286 0.5441 0.7890 0.8134 0.7750
9 0.8240 0.5656 0.7812 0.8199 0.7842
10 0.8316 0.5388 0.7943 0.8223 0.7842
11 0.8406 0.4971 0.8006 0.8250 0.7916
12 0.8479 0.4671 0.8094 0.8381 0.8021
13 0.8662 0.4204 0.8303 0.8450 0.8090
14 0.8760 0.3711 0.8432 0.8475 0.8147
15 0.8728 0.3701 0.8388 0.8527 0.8179
16 0.8773 0.3656 0.8425 0.8499 0.8147
17 0.8743 0.3836 0.8404 0.8500 0.8115
18 0.8625 0.4210 0.8268 0.8231 0.7917
19 0.8549 0.4617 0.8167 0.8403 0.8041
20 0.8557 0.4635 0.8195 0.8290 0.7857
21 0.8565 0.4496 0.8252 0.8447 0.8124
22 0.8679 0.4006 0.8350 0.8511 0.8151
23 0.8804 0.3540 0.8487 0.8498 0.8170
24 0.8874 0.3313 0.8575 0.8574 0.8259
25 0.8961 0.3028 0.8661 0.8603 0.8280
26 0.8944 0.3077 0.8659 0.8637 0.8304
27 0.8930 0.3092 0.8601 0.8458 0.8117
28 0.8881 0.3340 0.8580 0.8313 0.8000
29 0.8721 0.3873 0.8390 0.8570 0.8241
30 0.8638 0.4214 0.8302 0.8253 0.7835
31 0.8772 0.3697 0.8434 0.8390 0.8021
32 0.8819 0.3491 0.8508 0.8493 0.8197
33 0.8944 0.3092 0.8642 0.8646 0.8301
34 0.9025 0.2775 0.8725 0.8601 0.8282
35 0.9004 0.2692 0.8725 0.8608 0.8274
36 0.9055 0.2708 0.8755 0.8604 0.8253
37 0.8991 0.2728 0.8698 0.8609 0.8296
38 0.8959 0.2842 0.8659 0.8475 0.8145
39 0.8877 0.3379 0.8574 0.8464 0.8106
40 0.8875 0.3342 0.8571 0.8477 0.8115
41 0.8834 0.3485 0.8525 0.8496 0.8205
42 0.8974 0.3072 0.8681 0.8581 0.8267
43 0.8983 0.2855 0.8685 0.8476 0.8180
44 0.9106 0.2511 0.8833 0.8688 0.8347
45 0.9116 0.2405 0.8854 0.8698 0.8353
46 0.9068 0.2487 0.8793 0.8623 0.8260
47 0.9086 0.2538 0.8816 0.8647 0.8352
48 0.9074 0.2649 0.8787 0.8549 0.8265
49 0.8895 0.3370 0.8609 0.8534 0.8166
50 0.8842 0.3530 0.8533 0.8513 0.8245
51 0.8931 0.3151 0.8624 0.8487 0.8181
52 0.9035 0.2765 0.8741 0.8615 0.8304
53 0.9067 0.2641 0.8792 0.8642 0.8339
54 0.9143 0.2276 0.8861 0.8670 0.8358
55 0.9144 0.2309 0.8886 0.8673 0.8370
56 0.9182 0.2216 0.8910 0.8644 0.8330
57 0.9157 0.2292 0.8909 0.8635 0.8307
58 0.9099 0.2580 0.8822 0.8603 0.8244
59 0.8966 0.3076 0.8672 0.8417 0.8022
60 0.8936 0.3200 0.8639 0.8301 0.8012
61 0.8972 0.2959 0.8668 0.8587 0.8253
62 0.9049 0.2701 0.8758 0.8539 0.8260
63 0.9121 0.2533 0.8847 0.8646 0.8350
64 0.9115 0.2327 0.8834 0.8664 0.8368
65 0.9158 0.2237 0.8888 0.8664 0.8367
66 0.9199 0.2190 0.8951 0.8658 0.8352
67 0.9186 0.2228 0.8922 0.8655 0.8337
68 0.9119 0.2391 0.8854 0.8609 0.8265
69 0.9120 0.2530 0.8833 0.8559 0.8229
70 0.8997 0.3056 0.8702 0.8368 0.8034
71 0.8943 0.3022 0.8652 0.8470 0.8205
72 0.9037 0.2683 0.8762 0.8638 0.8325
73 0.9164 0.2419 0.8906 0.8662 0.8350
74 0.9209 0.2207 0.8954 0.8648 0.8347
75 0.9214 0.2081 0.8964 0.8668 0.8359
76 0.9253 0.2022 0.9006 0.8697 0.8403
77 0.9217 0.2104 0.8962 0.8644 0.8356
78 0.9191 0.2141 0.8942 0.8668 0.8391
79 0.9171 0.2226 0.8897 0.8636 0.8329
80 0.8933 0.3216 0.8621 0.8410 0.8125
81 0.8965 0.2973 0.8676 0.8650 0.8330
82 0.9107 0.2541 0.8853 0.8577 0.8279
83 0.9192 0.2256 0.8952 0.8645 0.8351
84 0.9204 0.2140 0.8953 0.8624 0.8340
85 0.9265 0.1924 0.9047 0.8649 0.8353
86 0.9233 0.1965 0.9012 0.8641 0.8354
87 0.9229 0.2041 0.8991 0.8610 0.8315
88 0.9198 0.2122 0.8945 0.8572 0.8299
89 0.9037 0.2725 0.8768 0.8450 0.8191
90 0.9117 0.2643 0.8826 0.8099 0.7851
91 0.9076 0.2767 0.8790 0.8649 0.8341
92 0.9144 0.2373 0.8886 0.8568 0.8268
93 0.9200 0.2205 0.8952 0.8622 0.8349
94 0.9193 0.2163 0.8957 0.8647 0.8374
95 0.9220 0.2010 0.8974 0.8643 0.8364
96 0.9230 0.1961 0.8994 0.8683 0.8366
97 0.9257 0.1987 0.9037 0.8612 0.8320
98 0.9206 0.2108 0.8952 0.8659 0.8358
99 0.9151 0.2477 0.8873 0.8511 0.8201
100 0.9204 0.2151 0.8946 0.8695 0.8389
101 0.9205 0.2054 0.8943 0.8639 0.8357
102 0.9275 0.1999 0.9057 0.8692 0.8395
103 0.9274 0.1934 0.9041 0.8661 0.8382
104 0.9323 0.1756 0.9091 0.8673 0.8397
105 0.9340 0.1701 0.9130 0.8690 0.8406
106 0.9309 0.1769 0.9099 0.8684 0.8399
107 0.9302 0.1768 0.9076 0.8667 0.8372
108 0.9284 0.1831 0.9056 0.8672 0.8406
109 0.9287 0.1825 0.9080 0.8689 0.8400
110 0.9260 0.1905 0.9026 0.8664 0.8383
111 0.9273 0.1911 0.9040 0.8685 0.8369
112 0.9337 0.1720 0.9106 0.8685 0.8392
113 0.9293 0.1795 0.9077 0.8622 0.8360
114 0.9311 0.1707 0.9111 0.8669 0.8392
115 0.9351 0.1645 0.9153 0.8672 0.8395
116 0.9355 0.1611 0.9159 0.8680 0.8391
117 0.9330 0.1690 0.9105 0.8709 0.8420
118 0.9316 0.1697 0.9086 0.8719 0.8405
119 0.9310 0.1717 0.9082 0.8722 0.8452
120 0.9300 0.1805 0.9083 0.8651 0.8319
121 0.9264 0.1936 0.9030 0.8639 0.8320
122 0.9322 0.1794 0.9112 0.8626 0.8330
123 0.9372 0.1670 0.9163 0.8670 0.8340
124 0.9389 0.1582 0.9203 0.8699 0.8388
125 0.9374 0.1562 0.9185 0.8691 0.8390
126 0.9338 0.1648 0.9143 0.8700 0.8401
127 0.9398 0.1508 0.9212 0.8684 0.8388
128 0.9357 0.1637 0.9152 0.8673 0.8374
129 0.9322 0.1702 0.9123 0.8634 0.8366
130 0.9329 0.1741 0.9098 0.8616 0.8305
131 0.9315 0.1749 0.9095 0.8483 0.8242
132 0.9314 0.1770 0.9117 0.8673 0.8401
133 0.9337 0.1684 0.9128 0.8685 0.8408
134 0.9391 0.1519 0.9207 0.8700 0.8435
135 0.9335 0.1567 0.9134 0.8707 0.8440
136 0.9411 0.1467 0.9226 0.8683 0.8436
137 0.9403 0.1537 0.9208 0.8650 0.8405
138 0.9406 0.1490 0.9217 0.8670 0.8375
139 0.9386 0.1544 0.9200 0.8712 0.8431
140 0.9318 0.1926 0.9126 0.8574 0.8254
141 0.9327 0.1777 0.9121 0.8663 0.8363
142 0.9309 0.1757 0.9089 0.8719 0.8425
143 0.9376 0.1568 0.9165 0.8567 0.8312
144 0.9371 0.1536 0.9184 0.8694 0.8404
145 0.9450 0.1445 0.9276 0.8709 0.8420
146 0.9402 0.1514 0.9221 0.8671 0.8392
147 0.9405 0.1478 0.9223 0.8705 0.8428
148 0.9390 0.1524 0.9202 0.8695 0.8393
149 0.9363 0.1572 0.9168 0.8635 0.8322
150 0.9302 0.1769 0.9085 0.8592 0.8261
151 0.9322 0.1765 0.9111 0.8679 0.8395
152 0.9342 0.1653 0.9150 0.8669 0.8375
153 0.9412 0.1495 0.9236 0.8632 0.8329
154 0.9347 0.1559 0.9143 0.8695 0.8413
155 0.9397 0.1470 0.9208 0.8697 0.8396
156 0.9400 0.1467 0.9216 0.8717 0.8434
157 0.9395 0.1472 0.9220 0.8676 0.8400
158 0.9404 0.1490 0.9209 0.8629 0.8364
159 0.9424 0.1523 0.9233 0.8657 0.8379
160 0.9398 0.1553 0.9214 0.8662 0.8390
161 0.9390 0.1497 0.9221 0.8702 0.8411
162 0.9410 0.1449 0.9234 0.8677 0.8397
163 0.9465 0.1404 0.9277 0.8681 0.8399
164 0.9437 0.1397 0.9276 0.8685 0.8396
165 0.9438 0.1413 0.9266 0.8708 0.8414
166 0.9435 0.1374 0.9283 0.8690 0.8404
167 0.9446 0.1406 0.9278 0.8684 0.8395
168 0.9465 0.1323 0.9312 0.8693 0.8407
169 0.9434 0.1372 0.9265 0.8703 0.8404
170 0.9456 0.1358 0.9275 0.8706 0.8429
171 0.9419 0.1414 0.9231 0.8701 0.8421
172 0.9457 0.1366 0.9307 0.8697 0.8406
173 0.9461 0.1334 0.9292 0.8686 0.8391
174 0.9442 0.1362 0.9285 0.8704 0.8420
175 0.9423 0.1349 0.9263 0.8709 0.8424
176 0.9477 0.1317 0.9316 0.8704 0.8416
177 0.9452 0.1340 0.9301 0.8691 0.8400
178 0.9449 0.1344 0.9280 0.8690 0.8407
179 0.9478 0.1279 0.9319 0.8685 0.8383
180 0.9434 0.1373 0.9261 0.8698 0.8400
181 0.9434 0.1383 0.9261 0.8735 0.8426
182 0.9464 0.1291 0.9300 0.8723 0.8425
183 0.9468 0.1288 0.9306 0.8700 0.8410
184 0.9463 0.1296 0.9305 0.8691 0.8397
185 0.9451 0.1324 0.9279 0.8716 0.8415
186 0.9468 0.1315 0.9304 0.8707 0.8420
187 0.9466 0.1270 0.9313 0.8714 0.8428
188 0.9476 0.1303 0.9313 0.8724 0.8432
189 0.9473 0.1278 0.9317 0.8710 0.8424
190 0.9454 0.1304 0.9294 0.8708 0.8413
191 0.9472 0.1358 0.9302 0.8697 0.8401
192 0.9477 0.1257 0.9333 0.8685 0.8407
193 0.9469 0.1287 0.9317 0.8710 0.8419
194 0.9478 0.1284 0.9319 0.8710 0.8426
195 0.9477 0.1273 0.9326 0.8723 0.8437
196 0.9454 0.1287 0.9289 0.8737 0.8447
197 0.9471 0.1283 0.9307 0.8727 0.8419
198 0.9487 0.1264 0.9326 0.8746 0.8439
199 0.9498 0.1253 0.9365 0.8725 0.8430
