epoch train_iou train_loss train_mAP val_iou val_mAP
0 0.6216 1.1821 0.5469 0.7009 0.6328
1 0.7116 0.9078 0.6458 0.7223 0.6665
2 0.7361 0.8338 0.6735 0.7246 0.6745
3 0.7604 0.7590 0.7032 0.7825 0.7377
4 0.7758 0.6959 0.7212 0.7934 0.7481
5 0.7923 0.6584 0.7403 0.7969 0.7530
6 0.7883 0.6724 0.7372 0.7934 0.7468
7 0.7853 0.6743 0.7348 0.7750 0.7202
8 0.7875 0.6821 0.7403 0.7679 0.7222
9 0.7872 0.6873 0.7371 0.8034 0.7642
10 0.7874 0.6916 0.7378 0.7886 0.7489
11 0.8004 0.6455 0.7517 0.8009 0.7669
12 0.8077 0.6015 0.7627 0.7882 0.7407
13 0.8206 0.5773 0.7752 0.8089 0.7710
14 0.8323 0.5166 0.7895 0.8327 0.7984
15 0.8354 0.5102 0.7933 0.8319 0.7970
16 0.8327 0.5108 0.7919 0.8257 0.7904
17 0.8224 0.5503 0.7787 0.8232 0.7864
18 0.8255 0.5548 0.7819 0.8206 0.7851
19 0.8257 0.5464 0.7857 0.8234 0.7930
20 0.8164 0.5884 0.7743 0.8228 0.7887
21 0.8194 0.5789 0.7785 0.8248 0.7892
22 0.8325 0.5314 0.7934 0.8307 0.7971
23 0.8370 0.5082 0.7957 0.8285 0.7952
24 0.8465 0.4738 0.8067 0.8400 0.8103
25 0.8475 0.4565 0.8102 0.8385 0.8084
26 0.8559 0.4448 0.8169 0.8433 0.8131
27 0.8472 0.4664 0.8067 0.8337 0.8056
28 0.8446 0.4884 0.8063 0.8185 0.7817
29 0.8383 0.5073 0.7990 0.8224 0.7834
30 0.8274 0.5548 0.7840 0.8174 0.7897
31 0.8406 0.4961 0.8022 0.8223 0.7894
32 0.8415 0.4854 0.8017 0.8343 0.8014
33 0.8602 0.4351 0.8198 0.8214 0.7918
34 0.8634 0.4220 0.8262 0.8369 0.8053
35 0.8705 0.3990 0.8347 0.8373 0.8058
36 0.8641 0.4116 0.8274 0.8334 0.8025
37 0.8646 0.4180 0.8280 0.8286 0.7965
38 0.8564 0.4375 0.8185 0.8298 0.7964
39 0.8502 0.4649 0.8110 0.8253 0.8004
40 0.8537 0.4677 0.8139 0.7797 0.7536
41 0.8447 0.4849 0.8064 0.8246 0.7940
42 0.8580 0.4435 0.8212 0.8395 0.8120
43 0.8638 0.4199 0.8282 0.8408 0.8125
44 0.8722 0.3860 0.8360 0.8440 0.8177
45 0.8756 0.3615 0.8391 0.8445 0.8200
46 0.8767 0.3677 0.8408 0.8373 0.8117
47 0.8757 0.3765 0.8397 0.8363 0.8060
48 0.8702 0.3912 0.8342 0.8323 0.8058
49 0.8531 0.4573 0.8177 0.8232 0.7828
50 0.8535 0.4589 0.8168 0.8197 0.7953
51 0.8538 0.4426 0.8168 0.8243 0.8001
52 0.8670 0.3976 0.8298 0.8423 0.8107
53 0.8711 0.3782 0.8361 0.8417 0.8129
54 0.8824 0.3484 0.8460 0.8533 0.8255
55 0.8849 0.3209 0.8519 0.8478 0.8221
56 0.8868 0.3293 0.8526 0.8499 0.8220
57 0.8780 0.3606 0.8406 0.8400 0.8111
58 0.8741 0.3789 0.8368 0.8267 0.7990
59 0.8640 0.4192 0.8280 0.8337 0.8056
60 0.8628 0.4260 0.8267 0.8230 0.7915
61 0.8714 0.3973 0.8320 0.8379 0.8105
62 0.8758 0.3750 0.8409 0.8466 0.8186
63 0.8812 0.3422 0.8467 0.8495 0.8215
64 0.8898 0.3243 0.8548 0.8533 0.8261
65 0.8967 0.2983 0.8647 0.8509 0.8239
66 0.8904 0.3177 0.8553 0.8448 0.8166
67 0.8850 0.3318 0.8512 0.8478 0.8222
68 0.8821 0.3548 0.8464 0.8411 0.8155
69 0.8791 0.3796 0.8426 0.8286 0.7986
70 0.8743 0.3802 0.8378 0.8086 0.7743
71 0.8755 0.3811 0.8396 0.8392 0.8147
72 0.8831 0.3646 0.8508 0.8467 0.8201
73 0.8908 0.3218 0.8575 0.8511 0.8228
74 0.8914 0.3087 0.8590 0.8518 0.8249
75 0.8953 0.2924 0.8631 0.8539 0.8267
76 0.8945 0.2995 0.8630 0.8406 0.8150
77 0.8977 0.2948 0.8647 0.8451 0.8157
78 0.8885 0.3318 0.8566 0.8365 0.8118
79 0.8766 0.3815 0.8419 0.8368 0.8079
80 0.8724 0.3909 0.8390 0.8356 0.8052
81 0.8747 0.3844 0.8381 0.8292 0.8007
82 0.8852 0.3364 0.8524 0.8496 0.8231
83 0.8866 0.3287 0.8555 0.8447 0.8198
84 0.8969 0.2882 0.8648 0.8523 0.8249
85 0.9002 0.2728 0.8689 0.8541 0.8269
86 0.9026 0.2738 0.8711 0.8519 0.8262
87 0.8965 0.2928 0.8652 0.8395 0.8139
88 0.8911 0.3188 0.8604 0.8414 0.8184
89 0.8853 0.3348 0.8506 0.8051 0.7746
90 0.8810 0.3546 0.8460 0.7773 0.7393
91 0.8833 0.3533 0.8497 0.8399 0.8163
92 0.8864 0.3329 0.8544 0.8495 0.8218
93 0.8989 0.2928 0.8657 0.8486 0.8225
94 0.9058 0.2684 0.8757 0.8518 0.8242
95 0.9057 0.2631 0.8762 0.8507 0.8216
96 0.9054 0.2625 0.8745 0.8511 0.8234
97 0.9000 0.2809 0.8689 0.8517 0.8246
98 0.8980 0.2869 0.8643 0.8399 0.8091
99 0.8880 0.3352 0.8549 0.8443 0.8167
100 0.8963 0.2954 0.8665 0.8488 0.8218
101 0.9015 0.2805 0.8702 0.8561 0.8281
102 0.9034 0.2647 0.8731 0.8621 0.8340
103 0.9114 0.2450 0.8807 0.8631 0.8369
104 0.9118 0.2424 0.8826 0.8575 0.8294
105 0.9112 0.2352 0.8820 0.8606 0.8337
106 0.9104 0.2356 0.8823 0.8594 0.8329
107 0.9091 0.2492 0.8802 0.8614 0.8347
108 0.9084 0.2432 0.8772 0.8602 0.8340
109 0.9101 0.2489 0.8798 0.8579 0.8328
110 0.9041 0.2730 0.8747 0.8436 0.8178
111 0.9073 0.2621 0.8773 0.8503 0.8222
112 0.9118 0.2422 0.8821 0.8511 0.8267
113 0.9133 0.2350 0.8839 0.8617 0.8349
114 0.9159 0.2259 0.8857 0.8596 0.8302
115 0.9176 0.2244 0.8903 0.8560 0.8286
116 0.9121 0.2317 0.8843 0.8572 0.8300
117 0.9144 0.2277 0.8848 0.8552 0.8298
118 0.9130 0.2343 0.8843 0.8596 0.8287
119 0.9101 0.2449 0.8800 0.8512 0.8222
120 0.9078 0.2526 0.8784 0.8467 0.8200
121 0.9125 0.2498 0.8838 0.8471 0.8233
122 0.9105 0.2440 0.8813 0.8503 0.8231
123 0.9191 0.2236 0.8910 0.8542 0.8288
124 0.9170 0.2179 0.8902 0.8562 0.8297
125 0.9154 0.2201 0.8883 0.8540 0.8291
126 0.9190 0.2149 0.8908 0.8572 0.8319
127 0.9169 0.2224 0.8906 0.8572 0.8308
128 0.9129 0.2286 0.8838 0.8534 0.8290
129 0.9135 0.2323 0.8835 0.8532 0.8261
130 0.9055 0.2770 0.8754 0.8426 0.8163
131 0.9110 0.2512 0.8823 0.8468 0.8206
132 0.9116 0.2371 0.8804 0.8570 0.8290
133 0.9160 0.2213 0.8863 0.8576 0.8315
134 0.9222 0.2101 0.8956 0.8563 0.8299
135 0.9210 0.2098 0.8929 0.8591 0.8317
136 0.9210 0.2074 0.8943 0.8588 0.8325
137 0.9198 0.2127 0.8933 0.8524 0.8254
138 0.9215 0.2183 0.8936 0.8559 0.8292
139 0.9163 0.2343 0.8886 0.8561 0.8305
140 0.9042 0.2735 0.8730 0.8570 0.8278
141 0.9085 0.2505 0.8796 0.8542 0.8254
142 0.9153 0.2332 0.8863 0.8600 0.8329
143 0.9133 0.2266 0.8856 0.8625 0.8351
144 0.9173 0.2172 0.8890 0.8607 0.8365
145 0.9211 0.2074 0.8949 0.8615 0.8375
146 0.9153 0.2213 0.8872 0.8591 0.8338
147 0.9194 0.2094 0.8929 0.8575 0.8338
148 0.9181 0.2236 0.8918 0.8561 0.8276
149 0.9189 0.2217 0.8915 0.8588 0.8321
150 0.9162 0.2316 0.8884 0.8507 0.8246
151 0.9114 0.2344 0.8821 0.8460 0.8179
152 0.9174 0.2186 0.8909 0.8593 0.8335
153 0.9205 0.2139 0.8954 0.8587 0.8306
154 0.9214 0.2062 0.8965 0.8623 0.8353
155 0.9236 0.1975 0.8980 0.8606 0.8331
156 0.9224 0.1985 0.8966 0.8605 0.8321
157 0.9277 0.1941 0.9012 0.8617 0.8353
158 0.9231 0.2146 0.8962 0.8527 0.8243
159 0.9171 0.2168 0.8892 0.8622 0.8381
160 0.9204 0.2109 0.8949 0.8564 0.8319
161 0.9234 0.2059 0.8967 0.8571 0.8320
162 0.9260 0.1955 0.9001 0.8575 0.8337
163 0.9262 0.1921 0.8996 0.8605 0.8361
164 0.9236 0.1919 0.8998 0.8595 0.8357
165 0.9234 0.1953 0.8994 0.8595 0.8350
166 0.9303 0.1853 0.9037 0.8615 0.8368
167 0.9261 0.1907 0.9012 0.8597 0.8345
168 0.9251 0.1966 0.8987 0.8601 0.8356
169 0.9253 0.1956 0.8997 0.8625 0.8371
170 0.9240 0.1938 0.9004 0.8579 0.8344
171 0.9231 0.1938 0.8963 0.8618 0.8375
172 0.9269 0.1887 0.9008 0.8578 0.8317
173 0.9290 0.1841 0.9038 0.8578 0.8340
174 0.9236 0.1910 0.8981 0.8588 0.8334
175 0.9329 0.1764 0.9076 0.8594 0.8350
176 0.9300 0.1822 0.9059 0.8588 0.8347
177 0.9289 0.1856 0.9044 0.8598 0.8341
178 0.9293 0.1832 0.9037 0.8594 0.8335
179 0.9280 0.1845 0.9007 0.8608 0.8351
180 0.9273 0.1877 0.9019 0.8615 0.8359
181 0.9272 0.1848 0.9022 0.8599 0.8356
182 0.9268 0.1894 0.9017 0.8606 0.8333
183 0.9266 0.1866 0.8997 0.8594 0.8331
184 0.9294 0.1794 0.9062 0.8585 0.8323
185 0.9299 0.1782 0.9054 0.8588 0.8333
186 0.9305 0.1785 0.9072 0.8585 0.8333
187 0.9296 0.1794 0.9043 0.8600 0.8341
188 0.9285 0.1784 0.9055 0.8586 0.8338
189 0.9300 0.1805 0.9059 0.8594 0.8355
190 0.9276 0.1842 0.9036 0.8605 0.8365
191 0.9267 0.1838 0.9023 0.8610 0.8333
192 0.9314 0.1758 0.9072 0.8585 0.8334
193 0.9314 0.1754 0.9088 0.8576 0.8304
194 0.9305 0.1782 0.9065 0.8582 0.8317
195 0.9279 0.1783 0.9036 0.8583 0.8309
196 0.9287 0.1828 0.9041 0.8573 0.8331
197 0.9280 0.1816 0.9047 0.8602 0.8333
198 0.9270 0.1819 0.9028 0.8588 0.8353
199 0.9248 0.1846 0.8993 0.8614 0.8341
