epoch train_BCELoss train_SoftDiceLoss train_iou train_loss train_mAP val_BCELoss val_SoftDiceLoss val_iou val_loss val_mAP
0 0.3018 0.2898 0.6314 0.5917 0.5682 0.3288 0.6468 0.6235 0.9760 0.5478
1 0.2148 0.2068 0.6979 0.4220 0.6401 0.2394 0.5735 0.7199 0.8135 0.6495
2 0.1843 0.1708 0.7384 0.3558 0.6846 0.2248 0.5597 0.7325 0.7851 0.6767
3 0.1529 0.1430 0.7704 0.2967 0.7218 0.1855 0.5336 0.7203 0.7198 0.6602
4 0.1109 0.1038 0.8063 0.2155 0.7630 0.1957 0.5168 0.7904 0.7133 0.7457
5 0.1048 0.0884 0.8183 0.1940 0.7763 0.1923 0.5117 0.7954 0.7049 0.7523
6 0.1049 0.0969 0.8153 0.2027 0.7735 0.2039 0.5182 0.7926 0.7231 0.7510
7 0.1078 0.0967 0.8132 0.2054 0.7706 0.1699 0.5177 0.7922 0.6884 0.7451
8 0.1123 0.0992 0.8088 0.2124 0.7644 0.2177 0.5294 0.7790 0.7479 0.7270
9 0.1344 0.1194 0.7941 0.2547 0.7478 0.4530 0.5556 0.7468 1.0094 0.6944
10 0.1715 0.1469 0.7695 0.3193 0.7215 0.2578 0.5270 0.7674 0.7857 0.7234
11 0.1392 0.1263 0.7991 0.2666 0.7570 0.1960 0.5199 0.7913 0.7169 0.7484
12 0.1072 0.0981 0.8246 0.2065 0.7853 0.1949 0.5063 0.8033 0.7024 0.7636
13 0.0829 0.0768 0.8414 0.1609 0.8058 0.1993 0.5123 0.8011 0.7127 0.7631
14 0.0658 0.0633 0.8544 0.1304 0.8208 0.2025 0.5023 0.8112 0.7060 0.7758
15 0.0596 0.0546 0.8640 0.1156 0.8340 0.1967 0.4989 0.8113 0.6968 0.7733
16 0.0636 0.0596 0.8606 0.1246 0.8295 0.2016 0.4968 0.8161 0.6997 0.7784
17 0.0634 0.0573 0.8678 0.1220 0.8346 0.2051 0.5138 0.8024 0.7200 0.7630
18 0.0790 0.0698 0.8459 0.1501 0.8114 0.2143 0.5315 0.7878 0.7469 0.7512
19 0.0819 0.0737 0.8441 0.1568 0.8075 0.2414 0.5097 0.8076 0.7522 0.7707
20 0.1188 0.1028 0.8100 0.2227 0.7683 0.2211 0.5382 0.7508 0.7605 0.7050
21 0.0976 0.0828 0.8364 0.1816 0.8003 0.2385 0.5203 0.7543 0.7600 0.7143
22 0.0779 0.0693 0.8511 0.1486 0.8192 0.2405 0.4976 0.8094 0.7394 0.7681
23 0.0623 0.0561 0.8668 0.1198 0.8363 0.2168 0.4899 0.8262 0.7081 0.7894
24 0.0492 0.0459 0.8777 0.0967 0.8501 0.2047 0.4852 0.8284 0.6913 0.7947
25 0.0459 0.0417 0.8828 0.0891 0.8563 0.2044 0.4847 0.8298 0.6906 0.7954
26 0.0456 0.0425 0.8850 0.0895 0.8562 0.1997 0.4870 0.8276 0.6881 0.7909
27 0.0505 0.0474 0.8779 0.0993 0.8490 0.1982 0.4975 0.8203 0.6972 0.7820
28 0.0492 0.0452 0.8747 0.0960 0.8447 0.2166 0.4939 0.8217 0.7118 0.7828
29 0.0724 0.0641 0.8611 0.1380 0.8286 0.1897 0.5138 0.7985 0.7047 0.7582
30 0.0830 0.0704 0.8472 0.1548 0.8129 0.3038 0.5499 0.7413 0.8547 0.6972
31 0.0873 0.0784 0.8351 0.1670 0.7987 0.2223 0.5165 0.7909 0.7401 0.7453
32 0.0667 0.0600 0.8590 0.1281 0.8286 0.2275 0.4921 0.8300 0.7210 0.7923
33 0.0481 0.0435 0.8793 0.0932 0.8536 0.2280 0.4921 0.8301 0.7214 0.7952
34 0.0433 0.0391 0.8902 0.0839 0.8643 0.2207 0.4803 0.8398 0.7024 0.8067
35 0.0390 0.0354 0.8949 0.0761 0.8704 0.2179 0.4803 0.8403 0.6997 0.8073
36 0.0397 0.0357 0.8971 0.0771 0.8710 0.2265 0.4861 0.8403 0.7140 0.8076
37 0.0437 0.0403 0.8873 0.0856 0.8625 0.2260 0.4911 0.8181 0.7186 0.7825
38 0.0513 0.0472 0.8820 0.1000 0.8536 0.2433 0.4931 0.8092 0.7377 0.7669
39 0.0547 0.0480 0.8748 0.1042 0.8452 0.2650 0.4976 0.8175 0.7640 0.7837
40 0.1247 0.1055 0.8074 0.2315 0.7672 0.2425 0.5213 0.7810 0.7650 0.7441
41 0.0824 0.0755 0.8483 0.1593 0.8149 0.1896 0.5015 0.8033 0.6923 0.7668
42 0.0617 0.0565 0.8671 0.1197 0.8357 0.2175 0.5107 0.8044 0.7297 0.7636
43 0.0529 0.0499 0.8777 0.1044 0.8487 0.2220 0.4955 0.8234 0.7190 0.7898
44 0.0397 0.0377 0.8916 0.0791 0.8640 0.2296 0.4851 0.8254 0.7163 0.7909
45 0.0349 0.0342 0.8931 0.0708 0.8663 0.2253 0.4876 0.8262 0.7144 0.7909
46 0.0355 0.0333 0.8955 0.0705 0.8705 0.2386 0.4864 0.8259 0.7265 0.7905
47 0.0359 0.0341 0.8925 0.0717 0.8674 0.2340 0.4893 0.8281 0.7247 0.7904
48 0.0374 0.0341 0.8929 0.0731 0.8680 0.2318 0.4874 0.8249 0.7207 0.7919
49 0.0402 0.0366 0.8891 0.0784 0.8611 0.2286 0.4837 0.8048 0.7136 0.7584
50 0.0543 0.0483 0.8685 0.1041 0.8390 0.3531 0.5081 0.8031 0.8625 0.7689
51 0.0630 0.0555 0.8630 0.1200 0.8326 0.2032 0.5035 0.7908 0.7082 0.7516
52 0.0612 0.0563 0.8738 0.1191 0.8448 0.1876 0.4885 0.7922 0.6775 0.7535
53 0.0416 0.0411 0.8834 0.0843 0.8569 0.1937 0.4838 0.8324 0.6791 0.7995
54 0.0341 0.0317 0.8986 0.0676 0.8758 0.2047 0.4746 0.8377 0.6810 0.8006
55 0.0318 0.0298 0.9084 0.0634 0.8862 0.2082 0.4753 0.8411 0.6851 0.8058
56 0.0294 0.0289 0.9062 0.0601 0.8842 0.2178 0.4830 0.8351 0.7025 0.8040
57 0.0329 0.0302 0.9034 0.0648 0.8811 0.2414 0.4811 0.8216 0.7240 0.7861
58 0.0369 0.0340 0.8959 0.0727 0.8717 0.2240 0.4881 0.8218 0.7136 0.7882
59 0.0482 0.0436 0.8887 0.0935 0.8629 0.1839 0.4994 0.8139 0.6848 0.7758
60 0.0585 0.0535 0.8674 0.1137 0.8366 0.3149 0.5027 0.7972 0.8191 0.7575
61 0.0640 0.0549 0.8675 0.1205 0.8369 0.2063 0.5036 0.8170 0.7114 0.7840
62 0.0438 0.0402 0.8893 0.0856 0.8623 0.2265 0.4904 0.8239 0.7185 0.7948
63 0.0327 0.0314 0.9038 0.0659 0.8810 0.2247 0.4882 0.8266 0.7146 0.7930
64 0.0277 0.0268 0.9104 0.0564 0.8893 0.2424 0.4794 0.8302 0.7235 0.7994
65 0.0262 0.0258 0.9135 0.0538 0.8919 0.2443 0.4769 0.8328 0.7229 0.8020
66 0.0266 0.0259 0.9119 0.0544 0.8897 0.2448 0.4842 0.8310 0.7306 0.8022
67 0.0261 0.0256 0.9150 0.0536 0.8940 0.2661 0.4830 0.8378 0.7508 0.8088
68 0.0276 0.0257 0.9117 0.0551 0.8902 0.2370 0.4803 0.8413 0.7189 0.8096
69 0.0278 0.0263 0.9121 0.0559 0.8903 0.2635 0.4849 0.8318 0.7500 0.7993
70 0.0341 0.0317 0.9026 0.0676 0.8780 0.2913 0.4959 0.8130 0.7887 0.7709
71 0.0500 0.0459 0.8861 0.0976 0.8592 0.3265 0.4994 0.7982 0.8275 0.7636
72 0.0516 0.0459 0.8823 0.0993 0.8534 0.2145 0.4924 0.8151 0.7085 0.7810
73 0.0382 0.0351 0.9018 0.0752 0.8782 0.2225 0.4930 0.8235 0.7171 0.7928
74 0.0289 0.0277 0.9139 0.0585 0.8928 0.2343 0.4836 0.8321 0.7197 0.8025
75 0.0252 0.0250 0.9187 0.0522 0.8989 0.2496 0.4787 0.8325 0.7301 0.8012
76 0.0242 0.0233 0.9181 0.0495 0.8992 0.2745 0.4788 0.8342 0.7550 0.8019
77 0.0279 0.0272 0.9113 0.0570 0.8909 0.2444 0.4906 0.8301 0.7367 0.8001
78 0.0254 0.0241 0.9143 0.0514 0.8947 0.2754 0.4853 0.8322 0.7622 0.8002
79 0.0408 0.0378 0.8925 0.0803 0.8672 0.3197 0.4953 0.8229 0.8167 0.7916
80 0.1415 0.1045 0.8257 0.2477 0.7846 0.4912 0.5485 0.7366 1.0410 0.6776
81 0.1304 0.1058 0.8144 0.2376 0.7761 0.2405 0.5013 0.8037 0.7432 0.7674
82 0.0644 0.0577 0.8707 0.1238 0.8394 0.2616 0.4896 0.8168 0.7529 0.7803
83 0.0416 0.0395 0.8891 0.0829 0.8637 0.2173 0.4950 0.8159 0.7138 0.7831
84 0.0347 0.0332 0.9030 0.0697 0.8789 0.2163 0.4882 0.8280 0.7061 0.7937
85 0.0300 0.0290 0.9060 0.0610 0.8847 0.2223 0.4855 0.8287 0.7094 0.7952
86 0.0289 0.0285 0.9060 0.0593 0.8840 0.2438 0.4875 0.8295 0.7330 0.7978
87 0.0293 0.0288 0.9064 0.0600 0.8848 0.2388 0.4847 0.8268 0.7251 0.7919
88 0.0294 0.0286 0.9051 0.0599 0.8839 0.3164 0.5014 0.8090 0.8193 0.7733
89 0.0492 0.0453 0.8831 0.0963 0.8550 0.2482 0.4944 0.8008 0.7441 0.7674
90 0.0847 0.0725 0.8544 0.1588 0.8214 0.2304 0.5241 0.8073 0.7558 0.7710
91 0.0500 0.0469 0.8827 0.0987 0.8556 0.2481 0.4933 0.8195 0.7430 0.7837
92 0.0529 0.0475 0.8867 0.1022 0.8606 0.2154 0.4998 0.8147 0.7168 0.7806
93 0.0424 0.0389 0.9020 0.0831 0.8787 0.2150 0.4864 0.8347 0.7032 0.8029
94 0.0277 0.0270 0.9129 0.0567 0.8930 0.2124 0.4823 0.8317 0.6965 0.8002
95 0.0267 0.0259 0.9166 0.0546 0.8978 0.2157 0.4809 0.8368 0.6985 0.8050
96 0.0246 0.0245 0.9173 0.0511 0.8992 0.2310 0.4772 0.8329 0.7100 0.8035
97 0.0239 0.0233 0.9197 0.0492 0.9014 0.2508 0.4800 0.8339 0.7325 0.8040
98 0.0235 0.0230 0.9174 0.0484 0.8996 0.2634 0.4796 0.8362 0.7447 0.8046
99 0.0277 0.0253 0.9146 0.0549 0.8951 0.2212 0.4833 0.8179 0.7061 0.7776
100 0.0265 0.0250 0.9102 0.0534 0.8904 0.2652 0.4870 0.8331 0.7539 0.8044
101 0.0349 0.0319 0.8991 0.0686 0.8775 0.2355 0.5031 0.8175 0.7400 0.7826
102 0.0339 0.0310 0.9038 0.0668 0.8820 0.2165 0.4765 0.8229 0.6947 0.7857
103 0.0230 0.0225 0.9190 0.0474 0.9009 0.2701 0.4714 0.8363 0.7432 0.8059
104 0.0204 0.0200 0.9241 0.0425 0.9077 0.2648 0.4692 0.8364 0.7357 0.8038
105 0.0191 0.0193 0.9295 0.0405 0.9137 0.2636 0.4725 0.8366 0.7378 0.8036
106 0.0195 0.0192 0.9277 0.0408 0.9127 0.2529 0.4770 0.8343 0.7316 0.8010
107 0.0198 0.0196 0.9282 0.0415 0.9114 0.2832 0.4765 0.8379 0.7615 0.8046
108 0.0215 0.0215 0.9244 0.0451 0.9067 0.3060 0.4854 0.8284 0.7931 0.7923
109 0.0361 0.0334 0.8994 0.0713 0.8753 0.2795 0.5032 0.8093 0.7841 0.7745
110 0.0790 0.0678 0.8553 0.1484 0.8229 0.2368 0.5007 0.7866 0.7391 0.7460
111 0.0583 0.0513 0.8796 0.1113 0.8514 0.2489 0.4858 0.8096 0.7363 0.7734
112 0.0419 0.0386 0.8987 0.0824 0.8748 0.2651 0.4917 0.8146 0.7584 0.7838
113 0.0282 0.0274 0.9088 0.0576 0.8898 0.2658 0.4946 0.8247 0.7622 0.7936
114 0.0248 0.0246 0.9212 0.0516 0.9031 0.2889 0.4876 0.8227 0.7784 0.7929
115 0.0212 0.0210 0.9243 0.0442 0.9079 0.2942 0.4880 0.8209 0.7841 0.7921
116 0.0208 0.0207 0.9241 0.0437 0.9068 0.3137 0.4867 0.8299 0.8023 0.8008
117 0.0228 0.0216 0.9231 0.0465 0.9065 0.3525 0.4858 0.8230 0.8401 0.7928
118 0.0217 0.0212 0.9226 0.0450 0.9052 0.2829 0.4799 0.8134 0.7645 0.7815
119 0.0223 0.0217 0.9221 0.0461 0.9038 0.2800 0.4821 0.8254 0.7638 0.7913
120 0.0554 0.0495 0.8790 0.1067 0.8517 0.3425 0.5032 0.7274 0.8472 0.6827
121 0.0515 0.0478 0.8777 0.1011 0.8499 0.2925 0.5062 0.8080 0.8005 0.7708
122 0.0341 0.0306 0.9052 0.0666 0.8835 0.3162 0.4766 0.8125 0.7944 0.7763
123 0.0242 0.0234 0.9179 0.0496 0.8992 0.2701 0.4753 0.8327 0.7471 0.8019
124 0.0216 0.0210 0.9251 0.0447 0.9094 0.2756 0.4738 0.8305 0.7511 0.8001
125 0.0187 0.0194 0.9319 0.0402 0.9158 0.2736 0.4726 0.8329 0.7480 0.8020
126 0.0217 0.0199 0.9281 0.0438 0.9124 0.2996 0.4715 0.8280 0.7729 0.7992
127 0.0185 0.0183 0.9309 0.0389 0.9170 0.3069 0.4736 0.8276 0.7822 0.7960
128 0.0259 0.0239 0.9223 0.0519 0.9042 0.5271 0.4979 0.7954 1.0265 0.7478
129 0.0371 0.0333 0.8997 0.0723 0.8751 0.3514 0.5057 0.8143 0.8584 0.7794
130 0.0509 0.0434 0.8828 0.0961 0.8567 0.3128 0.5450 0.7605 0.8591 0.7209
131 0.0584 0.0496 0.8846 0.1099 0.8594 0.2222 0.4947 0.8025 0.7185 0.7656
132 0.0410 0.0368 0.9024 0.0798 0.8808 0.2617 0.4891 0.8033 0.7525 0.7621
133 0.0281 0.0260 0.9182 0.0561 0.9000 0.2356 0.4823 0.8239 0.7197 0.7918
134 0.0200 0.0202 0.9270 0.0424 0.9119 0.2754 0.4717 0.8272 0.7490 0.7969
135 0.0192 0.0193 0.9297 0.0407 0.9149 0.2740 0.4743 0.8286 0.7501 0.7986
136 0.0187 0.0187 0.9305 0.0396 0.9158 0.2840 0.4695 0.8266 0.7553 0.7970
137 0.0185 0.0183 0.9300 0.0390 0.9149 0.3069 0.4759 0.8295 0.7847 0.7999
138 0.0210 0.0199 0.9289 0.0431 0.9134 0.2839 0.4798 0.8189 0.7656 0.7844
139 0.0248 0.0246 0.9169 0.0515 0.8987 0.2607 0.4888 0.8046 0.7512 0.7679
140 0.0225 0.0214 0.9184 0.0459 0.9004 0.3145 0.4781 0.8200 0.7943 0.7868
141 0.0216 0.0202 0.9263 0.0440 0.9100 0.3323 0.4898 0.8194 0.8239 0.7897
142 0.0201 0.0197 0.9268 0.0420 0.9114 0.3284 0.4775 0.8341 0.8077 0.8053
143 0.0172 0.0173 0.9356 0.0368 0.9218 0.3464 0.4765 0.8294 0.8247 0.7988
144 0.0160 0.0162 0.9380 0.0345 0.9253 0.3419 0.4755 0.8330 0.8192 0.8035
145 0.0153 0.0156 0.9388 0.0333 0.9257 0.3441 0.4759 0.8350 0.8219 0.8059
146 0.0154 0.0156 0.9394 0.0334 0.9260 0.3452 0.4752 0.8282 0.8222 0.7994
147 0.0155 0.0160 0.9370 0.0339 0.9238 0.3470 0.4729 0.8242 0.8217 0.7959
148 0.0159 0.0162 0.9372 0.0345 0.9237 0.3529 0.4741 0.8303 0.8287 0.8025
149 0.0190 0.0184 0.9296 0.0396 0.9151 0.3423 0.4836 0.8174 0.8275 0.7865
