epoch train_BCELoss train_SoftDiceLoss train_iou train_loss train_mAP val_BCELoss val_SoftDiceLoss val_iou val_loss val_mAP
0 0.6237 0.6639 0.1385 1.9960 0.1306 0.6370 0.7283 0.3429 1.8120 0.3426
1 0.3648 0.4767 0.5872 1.2639 0.5182 0.3369 0.6058 0.6666 1.1256 0.5961
2 0.2792 0.3778 0.6846 0.9551 0.6258 0.2643 0.5826 0.7296 0.8842 0.6647
3 0.2569 0.3478 0.7069 0.8812 0.6511 0.2962 0.6051 0.7119 0.9152 0.6473
4 0.2389 0.3289 0.7247 0.8277 0.6700 0.2285 0.5682 0.7414 0.7988 0.6958
5 0.2203 0.3016 0.7538 0.7387 0.7036 0.2309 0.5644 0.7259 0.7815 0.6805
6 0.2045 0.2845 0.7651 0.6984 0.7163 0.2129 0.5469 0.7529 0.7652 0.7004
7 0.1782 0.2474 0.7891 0.6222 0.7426 0.1907 0.5342 0.7874 0.6606 0.7501
8 0.1664 0.2315 0.8074 0.5648 0.7637 0.1915 0.5239 0.7965 0.6595 0.7626
9 0.1583 0.2212 0.8132 0.5494 0.7710 0.1781 0.5227 0.8047 0.5978 0.7722
10 0.1486 0.2149 0.8221 0.5055 0.7815 0.1795 0.5196 0.8124 0.5939 0.7816
11 0.1489 0.2107 0.8182 0.5254 0.7764 0.1823 0.5233 0.8106 0.5860 0.7805
12 0.1512 0.2113 0.8178 0.5288 0.7736 0.1906 0.5298 0.7890 0.6466 0.7500
13 0.1581 0.2194 0.8129 0.5519 0.7718 0.2193 0.5266 0.7710 0.7494 0.7369
14 0.1605 0.2249 0.8093 0.5567 0.7665 0.2301 0.5242 0.7949 0.7708 0.7565
15 0.1635 0.2230 0.8111 0.5683 0.7645 0.2704 0.5376 0.7713 0.9032 0.7103
16 0.1560 0.2154 0.8141 0.5494 0.7716 0.1985 0.5219 0.7925 0.6705 0.7530
17 0.1503 0.2083 0.8292 0.5175 0.7875 0.2060 0.5300 0.8032 0.6510 0.7589
18 0.1311 0.1823 0.8475 0.4514 0.8073 0.1651 0.4987 0.8332 0.5711 0.7992
19 0.1194 0.1708 0.8506 0.4265 0.8099 0.1577 0.4989 0.8268 0.5581 0.7930
20 0.1155 0.1676 0.8555 0.4075 0.8196 0.1487 0.4948 0.8357 0.5264 0.8016
21 0.1096 0.1548 0.8531 0.4084 0.8142 0.1752 0.4968 0.8317 0.5892 0.8011
22 0.1173 0.1666 0.8505 0.4238 0.8111 0.1656 0.4941 0.8282 0.5807 0.7958
23 0.1265 0.1778 0.8437 0.4514 0.8038 0.1695 0.5148 0.8245 0.5606 0.7930
24 0.1425 0.1976 0.8357 0.4951 0.7943 0.1903 0.5301 0.7735 0.6485 0.7355
25 0.1332 0.1870 0.8309 0.4871 0.7882 0.1783 0.5034 0.8045 0.6516 0.7700
26 0.1350 0.1868 0.8362 0.4773 0.7960 0.1705 0.5206 0.8202 0.5391 0.7849
27 0.1280 0.1782 0.8466 0.4507 0.8080 0.2193 0.5443 0.7870 0.6617 0.7547
28 0.1131 0.1580 0.8620 0.4015 0.8245 0.1392 0.4844 0.8391 0.5049 0.8059
29 0.1013 0.1439 0.8684 0.3774 0.8304 0.1389 0.4851 0.8433 0.5041 0.8131
30 0.1004 0.1452 0.8671 0.3600 0.8311 0.1423 0.4806 0.8479 0.5069 0.8193
31 0.0914 0.1294 0.8737 0.3477 0.8388 0.1533 0.4836 0.8444 0.5238 0.8122
32 0.0963 0.1359 0.8687 0.3696 0.8313 0.1526 0.4824 0.8389 0.5363 0.8078
33 0.0977 0.1375 0.8703 0.3656 0.8316 0.1870 0.4828 0.8152 0.6539 0.7768
34 0.1276 0.1756 0.8541 0.4434 0.8149 0.1840 0.5089 0.8172 0.6112 0.7834
35 0.1426 0.2001 0.8382 0.4943 0.7973 0.1657 0.5172 0.8141 0.5666 0.7809
36 0.1207 0.1712 0.8501 0.4316 0.8108 0.1915 0.5103 0.8179 0.6510 0.7840
37 0.1006 0.1423 0.8693 0.3741 0.8338 0.1643 0.4903 0.8228 0.5928 0.7898
38 0.0980 0.1385 0.8710 0.3655 0.8351 0.1549 0.4767 0.8538 0.5352 0.8233
39 0.0834 0.1173 0.8836 0.3191 0.8492 0.1534 0.4753 0.8483 0.5384 0.8184
40 0.0798 0.1172 0.8873 0.3047 0.8535 0.1550 0.4720 0.8495 0.5428 0.8199
41 0.0775 0.1107 0.8872 0.3066 0.8547 0.1675 0.4713 0.8462 0.5875 0.8173
42 0.0796 0.1091 0.8809 0.3181 0.8482 0.1646 0.4758 0.8366 0.5726 0.8083
43 0.0906 0.1287 0.8761 0.3458 0.8398 0.1761 0.4813 0.8251 0.6335 0.7956
44 0.0959 0.1349 0.8662 0.3736 0.8269 0.1866 0.5037 0.8343 0.6178 0.8003
45 0.1016 0.1412 0.8649 0.3918 0.8280 0.2380 0.5442 0.7646 0.7196 0.7225
46 0.1087 0.1514 0.8670 0.3903 0.8295 0.1772 0.4855 0.8213 0.6368 0.7907
47 0.0881 0.1254 0.8702 0.3534 0.8347 0.1674 0.4836 0.8406 0.5808 0.8097
48 0.0853 0.1224 0.8794 0.3340 0.8440 0.1568 0.4756 0.8474 0.5441 0.8203
49 0.0750 0.1075 0.8822 0.3071 0.8495 0.1892 0.4674 0.8416 0.6454 0.8165
50 0.0686 0.1008 0.8890 0.2822 0.8570 0.1766 0.4696 0.8454 0.6030 0.8199
51 0.0699 0.0978 0.8940 0.2881 0.8604 0.1471 0.4718 0.8554 0.5200 0.8269
52 0.0700 0.1005 0.8873 0.2976 0.8545 0.1974 0.4801 0.8387 0.6563 0.8107
53 0.0800 0.1098 0.8838 0.3206 0.8487 0.1922 0.4804 0.8320 0.6495 0.8033
54 0.0947 0.1330 0.8701 0.3717 0.8296 0.2160 0.4981 0.8123 0.7162 0.7787
55 0.1075 0.1468 0.8640 0.3997 0.8273 0.2198 0.4941 0.8195 0.7513 0.7921
56 0.0927 0.1301 0.8749 0.3604 0.8393 0.2417 0.5004 0.8010 0.7745 0.7665
57 0.0879 0.1255 0.8811 0.3311 0.8454 0.1851 0.4795 0.8348 0.6186 0.8074
58 0.0746 0.1058 0.8917 0.2965 0.8590 0.1703 0.4666 0.8540 0.5710 0.8230
59 0.0736 0.1051 0.8966 0.2829 0.8635 0.1864 0.4651 0.8524 0.6182 0.8252
60 0.0677 0.0971 0.8998 0.2734 0.8702 0.1812 0.4656 0.8576 0.6060 0.8327
61 0.0646 0.0926 0.9012 0.2613 0.8705 0.2175 0.4605 0.8485 0.7112 0.8212
62 0.0632 0.0891 0.9006 0.2694 0.8669 0.1575 0.4633 0.8541 0.5543 0.8232
63 0.0707 0.0966 0.8974 0.2810 0.8646 0.1633 0.4747 0.8484 0.5663 0.8227
64 0.0853 0.1199 0.8810 0.3349 0.8461 0.1826 0.4780 0.8409 0.6361 0.8169
65 0.0924 0.1269 0.8754 0.3563 0.8380 0.2295 0.5252 0.7775 0.7912 0.7366
66 0.0832 0.1163 0.8821 0.3317 0.8471 0.1782 0.4802 0.8270 0.6342 0.7942
67 0.0709 0.1026 0.8892 0.2964 0.8564 0.1566 0.4665 0.8527 0.5566 0.8243
68 0.0645 0.0936 0.8992 0.2668 0.8669 0.1793 0.4591 0.8547 0.6163 0.8291
69 0.0553 0.0781 0.9015 0.2500 0.8694 0.2114 0.4597 0.8550 0.6959 0.8304
70 0.0553 0.0796 0.9093 0.2399 0.8794 0.2042 0.4578 0.8545 0.6779 0.8292
71 0.0505 0.0733 0.9063 0.2354 0.8763 0.2138 0.4577 0.8523 0.7104 0.8239
72 0.0561 0.0777 0.9044 0.2474 0.8731 0.1638 0.4663 0.8471 0.5997 0.8214
73 0.0536 0.0770 0.9032 0.2459 0.8700 0.2412 0.4471 0.8515 0.7970 0.8194
74 0.0588 0.0837 0.9014 0.2599 0.8684 0.2286 0.4732 0.8282 0.7633 0.7974
75 0.0776 0.1074 0.8842 0.3143 0.8482 0.4350 0.4801 0.7962 1.3303 0.7564
76 0.0783 0.1088 0.8841 0.3178 0.8489 0.1786 0.4682 0.8474 0.6377 0.8187
77 0.0718 0.0977 0.8921 0.2957 0.8587 0.1913 0.4845 0.8264 0.6683 0.7975
78 0.0795 0.1135 0.8912 0.3010 0.8593 0.1632 0.4603 0.8537 0.5986 0.8290
79 0.0589 0.0845 0.9011 0.2589 0.8713 0.1518 0.4569 0.8592 0.5621 0.8326
80 0.0541 0.0775 0.9080 0.2336 0.8789 0.1674 0.4541 0.8575 0.6017 0.8314
81 0.0525 0.0745 0.9077 0.2336 0.8795 0.1741 0.4470 0.8605 0.6140 0.8326
82 0.0553 0.0789 0.9040 0.2463 0.8730 0.1470 0.4533 0.8565 0.5656 0.8298
83 0.0589 0.0803 0.9054 0.2498 0.8736 0.1975 0.4547 0.8494 0.6868 0.8205
84 0.0642 0.0907 0.8959 0.2826 0.8634 0.2538 0.4912 0.8025 0.8385 0.7542
85 0.0719 0.0999 0.8891 0.3024 0.8536 0.1589 0.4804 0.8352 0.5997 0.7996
86 0.0759 0.1059 0.8862 0.3039 0.8522 0.1971 0.4983 0.8254 0.6572 0.7977
87 0.0615 0.0879 0.8976 0.2713 0.8662 0.1608 0.4595 0.8515 0.5809 0.8195
88 0.0545 0.0767 0.9070 0.2448 0.8750 0.1973 0.4553 0.8519 0.7172 0.8254
89 0.0479 0.0676 0.9099 0.2212 0.8822 0.1491 0.4513 0.8578 0.5529 0.8310
90 0.0463 0.0676 0.9137 0.2163 0.8827 0.1562 0.4480 0.8602 0.5780 0.8333
91 0.0454 0.0634 0.9167 0.2144 0.8885 0.1861 0.4503 0.8547 0.6384 0.8270
92 0.0467 0.0643 0.9149 0.2156 0.8876 0.1639 0.4536 0.8569 0.5905 0.8279
93 0.0564 0.0765 0.9047 0.2474 0.8747 0.1696 0.4545 0.8414 0.6493 0.8147
94 0.0594 0.0828 0.9032 0.2616 0.8703 0.1774 0.4804 0.8251 0.6157 0.7965
95 0.0661 0.0942 0.8868 0.3004 0.8517 0.1779 0.4665 0.8504 0.6409 0.8225
96 0.0703 0.0997 0.8919 0.2963 0.8605 0.1788 0.4788 0.8400 0.6005 0.8115
97 0.0578 0.0828 0.9011 0.2527 0.8692 0.2135 0.4580 0.8522 0.7171 0.8265
98 0.0539 0.0749 0.9059 0.2437 0.8779 0.1641 0.4655 0.8493 0.5729 0.8232
99 0.0484 0.0717 0.9113 0.2226 0.8825 0.2005 0.4512 0.8564 0.6748 0.8320
