epoch train_BCELoss train_SoftDiceLoss train_iou train_loss train_mAP val_BCELoss val_SoftDiceLoss val_iou val_loss val_mAP
0 0.3647 0.3607 0.6039 0.7253 0.5386 0.3223 0.2961 0.6220 0.6185 0.5425
1 0.2552 0.2376 0.6813 0.4930 0.6229 0.2002 0.1861 0.7233 0.3865 0.6648
2 0.2119 0.2000 0.7123 0.4123 0.6580 0.1858 0.1602 0.7353 0.3467 0.6895
3 0.1933 0.1792 0.7288 0.3730 0.6793 0.2041 0.2063 0.7153 0.4109 0.6650
4 0.1673 0.1526 0.7561 0.3204 0.7089 0.3157 0.2376 0.7043 0.5539 0.6514
5 0.1682 0.1562 0.7605 0.3249 0.7108 0.1595 0.1451 0.7805 0.3055 0.7352
6 0.1552 0.1369 0.7806 0.2929 0.7357 0.2169 0.1660 0.7633 0.3837 0.7157
7 0.1334 0.1160 0.8007 0.2502 0.7591 0.1835 0.1461 0.7700 0.3306 0.7293
8 0.1273 0.1161 0.8060 0.2442 0.7627 0.1552 0.1325 0.7830 0.2885 0.7381
9 0.1123 0.0959 0.8248 0.2091 0.7863 0.1830 0.1247 0.7969 0.3086 0.7594
10 0.1245 0.1081 0.8095 0.2334 0.7663 0.1665 0.1397 0.7711 0.3072 0.7284
11 0.1062 0.0903 0.8280 0.1975 0.7908 0.1701 0.1350 0.7894 0.3057 0.7477
12 4.7872 0.7963 0.4581 5.5825 0.4419 6.3576 1.0000 0.4159 7.3573 0.4159
13 6.9534 1.0000 0.3959 7.9533 0.3959 6.3576 1.0000 0.4159 7.3573 0.4159
14 6.9534 1.0000 0.3959 7.9533 0.3959 6.3576 1.0000 0.4159 7.3573 0.4159
15 6.9534 1.0000 0.3959 7.9533 0.3959 6.3576 1.0000 0.4159 7.3573 0.4159
16 6.9534 1.0000 0.3959 7.9533 0.3959 6.3576 1.0000 0.4159 7.3573 0.4159
17 6.9534 1.0000 0.3959 7.9533 0.3959 6.3576 1.0000 0.4159 7.3573 0.4159
18 6.9534 1.0000 0.3959 7.9533 0.3959 6.3576 1.0000 0.4159 7.3573 0.4159
19 6.9534 1.0000 0.3959 7.9533 0.3959 6.3576 1.0000 0.4159 7.3573 0.4159
20 6.9534 1.0000 0.3959 7.9533 0.3959 6.3576 1.0000 0.4159 7.3573 0.4159
21 6.9534 1.0000 0.3959 7.9533 0.3959 6.3576 1.0000 0.4159 7.3573 0.4159
22 6.9534 1.0000 0.3959 7.9533 0.3959 6.3576 1.0000 0.4159 7.3573 0.4159
23 6.9534 1.0000 0.3959 7.9533 0.3959 6.3576 1.0000 0.4159 7.3573 0.4159
24 6.9534 1.0000 0.3959 7.9533 0.3959 6.3576 1.0000 0.4159 7.3573 0.4159
25 6.9534 1.0000 0.3959 7.9533 0.3959 6.3576 1.0000 0.4159 7.3573 0.4159
26 6.9534 1.0000 0.3959 7.9533 0.3959 6.3576 1.0000 0.4159 7.3573 0.4159
27 6.9534 1.0000 0.3959 7.9533 0.3959 6.3576 1.0000 0.4159 7.3573 0.4159
28 6.9534 1.0000 0.3959 7.9533 0.3959 6.3576 1.0000 0.4159 7.3573 0.4159
29 6.9534 1.0000 0.3959 7.9533 0.3959 6.3576 1.0000 0.4159 7.3573 0.4159
30 6.9534 1.0000 0.3959 7.9533 0.3959 6.3576 1.0000 0.4159 7.3573 0.4159
31 6.9534 1.0000 0.3959 7.9533 0.3959 6.3576 1.0000 0.4159 7.3573 0.4159
32 6.9534 1.0000 0.3959 7.9533 0.3959 6.3576 1.0000 0.4159 7.3573 0.4159
33 6.9534 1.0000 0.3959 7.9533 0.3959 6.3576 1.0000 0.4159 7.3573 0.4159
34 6.9534 1.0000 0.3959 7.9533 0.3959 6.3576 1.0000 0.4159 7.3573 0.4159
35 6.9534 1.0000 0.3959 7.9533 0.3959 6.3576 1.0000 0.4159 7.3573 0.4159
36 6.9534 1.0000 0.3959 7.9533 0.3959 6.3576 1.0000 0.4159 7.3573 0.4159
37 6.9534 1.0000 0.3959 7.9533 0.3959 6.3576 1.0000 0.4159 7.3573 0.4159
38 6.9534 1.0000 0.3959 7.9533 0.3959 6.3576 1.0000 0.4159 7.3573 0.4159
39 6.9534 1.0000 0.3959 7.9533 0.3959 6.3576 1.0000 0.4159 7.3573 0.4159
40 6.9534 1.0000 0.3959 7.9533 0.3959 6.3576 1.0000 0.4159 7.3573 0.4159
41 6.9534 1.0000 0.3959 7.9533 0.3959 6.3576 1.0000 0.4159 7.3573 0.4159
42 6.9534 1.0000 0.3959 7.9533 0.3959 6.3576 1.0000 0.4159 7.3573 0.4159
43 6.9534 1.0000 0.3959 7.9533 0.3959 6.3576 1.0000 0.4159 7.3573 0.4159
44 6.9534 1.0000 0.3959 7.9533 0.3959 6.3576 1.0000 0.4159 7.3573 0.4159
45 6.9534 1.0000 0.3959 7.9533 0.3959 6.3576 1.0000 0.4159 7.3573 0.4159
46 6.9534 1.0000 0.3959 7.9533 0.3959 6.3576 1.0000 0.4159 7.3573 0.4159
47 6.9534 1.0000 0.3959 7.9533 0.3959 6.3576 1.0000 0.4159 7.3573 0.4159
48 6.9534 1.0000 0.3959 7.9533 0.3959 6.3576 1.0000 0.4159 7.3573 0.4159
49 6.9534 1.0000 0.3959 7.9533 0.3959 6.3576 1.0000 0.4159 7.3573 0.4159
50 6.9534 1.0000 0.3959 7.9533 0.3959 6.3576 1.0000 0.4159 7.3573 0.4159
51 6.9534 1.0000 0.3959 7.9533 0.3959 6.3576 1.0000 0.4159 7.3573 0.4159
52 6.9534 1.0000 0.3959 7.9533 0.3959 6.3576 1.0000 0.4159 7.3573 0.4159
53 6.9534 1.0000 0.3959 7.9533 0.3959 6.3576 1.0000 0.4159 7.3573 0.4159
54 6.9534 1.0000 0.3959 7.9533 0.3959 6.3576 1.0000 0.4159 7.3573 0.4159
55 6.9534 1.0000 0.3959 7.9533 0.3959 6.3576 1.0000 0.4159 7.3573 0.4159
56 6.9534 1.0000 0.3959 7.9533 0.3959 6.3576 1.0000 0.4159 7.3573 0.4159
57 6.9534 1.0000 0.3959 7.9533 0.3959 6.3576 1.0000 0.4159 7.3573 0.4159
58 6.9534 1.0000 0.3959 7.9533 0.3959 6.3576 1.0000 0.4159 7.3573 0.4159
59 6.9534 1.0000 0.3959 7.9533 0.3959 6.3576 1.0000 0.4159 7.3573 0.4159
