epoch train_BCELoss train_SoftDiceLoss train_iou train_loss train_mAP val_BCELoss val_SoftDiceLoss val_iou val_loss val_mAP
0 0.3295 0.3172 0.6366 0.6467 0.5718 0.2726 0.6173 0.6626 0.8901 0.5964
1 0.2698 0.2518 0.6908 0.5220 0.6337 0.2583 0.6040 0.6706 0.8627 0.5929
2 0.2321 0.2181 0.7138 0.4505 0.6571 0.2729 0.5651 0.6928 0.8386 0.6251
3 0.2037 0.1941 0.7345 0.3983 0.6812 0.2044 0.5498 0.7510 0.7548 0.7032
4 0.1833 0.1711 0.7676 0.3551 0.7207 0.1947 0.5354 0.7635 0.7309 0.7165
5 0.1762 0.1591 0.7712 0.3359 0.7247 0.1755 0.5367 0.7678 0.7130 0.7202
6 0.1787 0.1708 0.7567 0.3502 0.7107 0.1736 0.5292 0.7690 0.7035 0.7228
7 0.1837 0.1708 0.7601 0.3551 0.7110 0.2019 0.5510 0.7136 0.7535 0.6526
8 0.1989 0.1842 0.7516 0.3837 0.7049 0.1969 0.5559 0.7426 0.7534 0.6923
9 0.1896 0.1715 0.7603 0.3618 0.7148 0.2073 0.5571 0.7529 0.7651 0.7062
10 0.1981 0.1812 0.7558 0.3801 0.7106 0.2102 0.5684 0.7337 0.7793 0.6893
11 0.1795 0.1669 0.7737 0.3472 0.7281 0.1997 0.5681 0.7573 0.7686 0.7141
12 0.1586 0.1472 0.7973 0.3066 0.7545 0.2243 0.5654 0.7354 0.7906 0.6931
13 0.1471 0.1357 0.8003 0.2836 0.7568 0.1781 0.5200 0.7863 0.6991 0.7416
14 0.1310 0.1227 0.8160 0.2545 0.7796 0.1698 0.5137 0.7993 0.6846 0.7590
15 0.1300 0.1154 0.8121 0.2463 0.7731 0.1666 0.5090 0.7992 0.6766 0.7601
16 0.1143 0.1052 0.8216 0.2204 0.7817 0.1754 0.5265 0.8002 0.7028 0.7641
17 0.1297 0.1186 0.8117 0.2493 0.7739 0.1657 0.5167 0.7932 0.6835 0.7510
18 0.1565 0.1419 0.7982 0.2994 0.7586 0.1677 0.5361 0.7729 0.7046 0.7272
19 0.1592 0.1445 0.7870 0.3046 0.7454 0.1731 0.5298 0.7919 0.7037 0.7559
20 0.1591 0.1478 0.7854 0.3078 0.7405 0.2784 0.5621 0.7342 0.8415 0.6775
21 0.1510 0.1391 0.7947 0.2911 0.7554 0.2288 0.5151 0.7814 0.7450 0.7395
22 0.1308 0.1165 0.8119 0.2482 0.7749 0.1827 0.5399 0.7745 0.7235 0.7370
23 0.1130 0.1029 0.8328 0.2169 0.7958 0.1764 0.5059 0.8057 0.6835 0.7701
24 0.1044 0.0951 0.8305 0.2005 0.7952 0.1857 0.5058 0.8080 0.6926 0.7718
25 0.0975 0.0916 0.8420 0.1901 0.8060 0.1746 0.5101 0.8119 0.6858 0.7748
26 0.1024 0.0941 0.8364 0.1976 0.8016 0.1800 0.5107 0.8109 0.6918 0.7732
27 0.1008 0.0899 0.8400 0.1917 0.8036 0.1919 0.5080 0.8101 0.7010 0.7766
28 0.1209 0.1093 0.8223 0.2312 0.7826 0.2181 0.5485 0.7792 0.7674 0.7364
29 0.1258 0.1123 0.8197 0.2391 0.7821 0.2867 0.5601 0.7466 0.8476 0.7077
30 0.1665 0.1484 0.7916 0.3158 0.7487 0.2193 0.5533 0.7661 0.7735 0.7233
31 0.1342 0.1217 0.8130 0.2569 0.7757 0.2094 0.5062 0.7947 0.7167 0.7488
32 0.1198 0.1052 0.8292 0.2260 0.7906 0.1762 0.5201 0.7990 0.6975 0.7654
33 0.1048 0.0982 0.8366 0.2041 0.8008 0.1658 0.5025 0.8083 0.6695 0.7731
34 0.0916 0.0847 0.8450 0.1774 0.8104 0.1697 0.5037 0.8109 0.6746 0.7750
35 0.0832 0.0763 0.8485 0.1607 0.8152 0.1701 0.5006 0.8117 0.6720 0.7785
36 0.0809 0.0757 0.8521 0.1577 0.8184 0.2031 0.4961 0.8144 0.7005 0.7817
37 0.0941 0.0834 0.8476 0.1786 0.8147 0.1706 0.5086 0.8082 0.6804 0.7762
38 0.1076 0.0972 0.8355 0.2058 0.7985 0.1943 0.5066 0.8052 0.7020 0.7700
39 0.1067 0.0909 0.8339 0.1986 0.7976 0.3108 0.5399 0.7755 0.8517 0.7404
40 0.1358 0.1201 0.8146 0.2569 0.7758 0.1960 0.5217 0.7946 0.7188 0.7553
41 0.1216 0.1096 0.8192 0.2322 0.7805 0.1571 0.5115 0.7896 0.6695 0.7550
42 0.1012 0.0932 0.8415 0.1955 0.8066 0.1939 0.5007 0.8081 0.6959 0.7720
43 0.0919 0.0822 0.8465 0.1752 0.8133 0.1885 0.5027 0.8066 0.6925 0.7748
44 0.0776 0.0730 0.8602 0.1518 0.8277 0.2182 0.4990 0.8127 0.7185 0.7794
45 0.0727 0.0671 0.8633 0.1411 0.8317 0.2191 0.4968 0.8181 0.7172 0.7843
46 0.0757 0.0678 0.8616 0.1447 0.8312 0.1869 0.4973 0.8165 0.6855 0.7849
47 0.0723 0.0661 0.8580 0.1396 0.8242 0.2236 0.5042 0.8070 0.7289 0.7715
48 0.0915 0.0818 0.8473 0.1745 0.8153 0.1897 0.4998 0.8120 0.6908 0.7767
49 0.1178 0.1042 0.8311 0.2230 0.7956 0.1806 0.5209 0.8083 0.7027 0.7715
50 0.1170 0.1055 0.8323 0.2236 0.7974 0.2561 0.5061 0.7967 0.7634 0.7655
51 0.1099 0.0985 0.8277 0.2095 0.7899 0.2481 0.5291 0.8012 0.7783 0.7707
52 0.0942 0.0847 0.8427 0.1801 0.8066 0.2181 0.5105 0.8007 0.7299 0.7696
53 0.0850 0.0732 0.8549 0.1595 0.8225 0.1684 0.4936 0.8192 0.6633 0.7858
54 0.0716 0.0664 0.8636 0.1392 0.8328 0.1964 0.5012 0.8228 0.6990 0.7916
55 0.0711 0.0645 0.8664 0.1368 0.8377 0.1976 0.5002 0.8259 0.6992 0.7947
56 0.0663 0.0619 0.8683 0.1295 0.8377 0.2001 0.4970 0.8250 0.6985 0.7944
57 0.0713 0.0644 0.8600 0.1369 0.8302 0.2124 0.5114 0.8153 0.7252 0.7831
58 0.0785 0.0701 0.8571 0.1499 0.8239 0.2434 0.4950 0.8127 0.7398 0.7767
59 0.0977 0.0860 0.8408 0.1850 0.8053 0.2515 0.5100 0.7697 0.7627 0.7280
60 0.1135 0.1017 0.8298 0.2163 0.7930 0.2348 0.5364 0.7852 0.7723 0.7430
61 0.1265 0.1054 0.8277 0.2330 0.7899 0.1742 0.5086 0.8051 0.6840 0.7698
62 0.1032 0.0936 0.8446 0.1980 0.8088 0.1900 0.4871 0.8138 0.6784 0.7792
63 0.0739 0.0678 0.8625 0.1430 0.8298 0.2177 0.4932 0.8241 0.7123 0.7935
64 0.0677 0.0617 0.8679 0.1307 0.8388 0.2095 0.4939 0.8242 0.7049 0.7953
65 0.0602 0.0578 0.8799 0.1192 0.8503 0.2118 0.4931 0.8218 0.7063 0.7947
66 0.0605 0.0566 0.8709 0.1184 0.8424 0.2419 0.4950 0.8254 0.7385 0.7954
67 0.0679 0.0610 0.8724 0.1301 0.8407 0.2053 0.4953 0.8144 0.7020 0.7804
68 0.0696 0.0640 0.8607 0.1349 0.8302 0.2525 0.5085 0.8053 0.7624 0.7696
69 0.1006 0.0860 0.8469 0.1878 0.8120 0.2001 0.5183 0.8052 0.7196 0.7713
70 0.1152 0.1025 0.8287 0.2190 0.7917 0.2010 0.5111 0.7969 0.7133 0.7576
71 0.0972 0.0887 0.8386 0.1871 0.8031 0.1903 0.4955 0.8121 0.6872 0.7749
72 0.0784 0.0684 0.8632 0.1481 0.8312 0.1974 0.4914 0.8305 0.6902 0.7970
73 0.0735 0.0649 0.8618 0.1397 0.8316 0.2309 0.4974 0.8239 0.7297 0.7925
74 0.0674 0.0596 0.8629 0.1284 0.8342 0.1846 0.4855 0.8374 0.6715 0.8056
75 0.0595 0.0564 0.8815 0.1172 0.8501 0.1886 0.4905 0.8361 0.6806 0.8047
76 0.0586 0.0549 0.8703 0.1148 0.8407 0.2031 0.4846 0.8263 0.6891 0.7942
77 0.0645 0.0589 0.8702 0.1248 0.8383 0.2119 0.4910 0.8340 0.7043 0.8018
78 0.0711 0.0628 0.8675 0.1352 0.8361 0.2526 0.4867 0.8164 0.7407 0.7810
79 0.0852 0.0748 0.8564 0.1613 0.8219 0.2336 0.4999 0.8063 0.7348 0.7740
80 0.1105 0.0981 0.8373 0.2097 0.8002 0.2407 0.5107 0.7937 0.7529 0.7560
81 0.1208 0.1074 0.8316 0.2294 0.7965 0.1487 0.4921 0.8255 0.6421 0.7863
82 0.0923 0.0824 0.8489 0.1759 0.8147 0.1829 0.5125 0.8158 0.6968 0.7844
83 0.0820 0.0768 0.8529 0.1601 0.8222 0.1800 0.4923 0.8186 0.6736 0.7820
84 0.0616 0.0571 0.8719 0.1200 0.8406 0.1723 0.4833 0.8299 0.6571 0.7970
85 0.0648 0.0578 0.8772 0.1240 0.8482 0.1773 0.4897 0.8274 0.6685 0.7930
86 0.0633 0.0600 0.8738 0.1247 0.8440 0.1824 0.4780 0.8240 0.6619 0.7877
87 0.0745 0.0656 0.8661 0.1414 0.8342 0.1556 0.4905 0.8236 0.6476 0.7935
88 0.0688 0.0628 0.8701 0.1329 0.8386 0.2242 0.4890 0.8124 0.7146 0.7796
89 0.0847 0.0736 0.8628 0.1595 0.8291 0.1950 0.5181 0.8052 0.7143 0.7702
90 0.0991 0.0846 0.8505 0.1850 0.8174 0.2480 0.5033 0.7823 0.7527 0.7475
91 0.1033 0.0914 0.8421 0.1959 0.8073 0.2391 0.5149 0.7866 0.7553 0.7500
92 0.0860 0.0780 0.8480 0.1652 0.8123 0.2422 0.4970 0.8054 0.7405 0.7726
93 0.0856 0.0763 0.8581 0.1632 0.8258 0.1966 0.4998 0.8152 0.6978 0.7846
94 0.0729 0.0671 0.8657 0.1413 0.8345 0.1895 0.4919 0.8266 0.6829 0.7965
95 0.0604 0.0630 0.8757 0.1247 0.8457 0.1938 0.4932 0.8271 0.6885 0.7970
96 0.0620 0.0578 0.8783 0.1213 0.8505 0.2201 0.4836 0.8284 0.7052 0.7972
97 0.0642 0.0594 0.8741 0.1250 0.8438 0.2473 0.4915 0.8093 0.7402 0.7762
98 0.0670 0.0620 0.8679 0.1303 0.8352 0.2051 0.4931 0.8158 0.6997 0.7833
99 0.0832 0.0720 0.8564 0.1565 0.8255 0.3459 0.5157 0.7736 0.8629 0.7308
100 0.0930 0.0789 0.8560 0.1731 0.8194 0.1835 0.5211 0.8136 0.7059 0.7825
101 0.0764 0.0698 0.8601 0.1475 0.8283 0.2074 0.5051 0.8168 0.7139 0.7852
102 0.0692 0.0628 0.8710 0.1334 0.8401 0.2195 0.5207 0.8143 0.7415 0.7812
103 0.0663 0.0600 0.8699 0.1276 0.8396 0.1990 0.5062 0.8291 0.7066 0.7998
104 0.0606 0.0544 0.8811 0.1164 0.8520 0.2102 0.4790 0.8297 0.6908 0.7978
105 0.0528 0.0521 0.8765 0.1063 0.8483 0.1996 0.4856 0.8328 0.6869 0.8022
106 0.0541 0.0487 0.8864 0.1042 0.8578 0.2091 0.4829 0.8290 0.6936 0.7974
107 0.0582 0.0527 0.8769 0.1124 0.8481 0.2465 0.5103 0.8193 0.7582 0.7867
108 0.0628 0.0583 0.8658 0.1224 0.8344 0.1998 0.4897 0.8161 0.6910 0.7750
109 0.0820 0.0717 0.8541 0.1550 0.8208 0.2457 0.4993 0.7860 0.7462 0.7474
110 0.0893 0.0814 0.8528 0.1720 0.8192 0.2391 0.4975 0.7768 0.7379 0.7334
111 0.0805 0.0724 0.8552 0.1542 0.8208 0.2424 0.4764 0.8308 0.7203 0.7925
112 0.0728 0.0658 0.8709 0.1399 0.8400 0.1984 0.4946 0.8224 0.6944 0.7939
113 0.0604 0.0563 0.8760 0.1181 0.8452 0.2178 0.4952 0.8234 0.7144 0.7941
114 0.0507 0.0468 0.8775 0.0990 0.8494 0.2254 0.4861 0.8309 0.7129 0.8017
115 0.0529 0.0490 0.8860 0.1033 0.8560 0.2206 0.4818 0.8358 0.7040 0.8065
116 0.0494 0.0456 0.8805 0.0963 0.8515 0.2255 0.4819 0.8318 0.7090 0.8037
117 0.0545 0.0501 0.8803 0.1060 0.8513 0.2303 0.4981 0.8167 0.7297 0.7885
118 0.0575 0.0523 0.8776 0.1112 0.8463 0.2114 0.4791 0.8280 0.6919 0.7995
119 0.0809 0.0718 0.8647 0.1540 0.8333 0.3151 0.4996 0.7999 0.8162 0.7619
120 0.1032 0.0920 0.8417 0.1965 0.8072 0.3228 0.5038 0.7756 0.8280 0.7329
121 0.1059 0.0983 0.8349 0.2054 0.7996 0.2238 0.4938 0.8201 0.7190 0.7889
122 0.0684 0.0633 0.8710 0.1330 0.8411 0.2133 0.4807 0.8302 0.6954 0.7978
123 0.0603 0.0565 0.8754 0.1183 0.8453 0.1959 0.4843 0.8308 0.6818 0.7992
124 0.0542 0.0509 0.8783 0.1066 0.8480 0.2260 0.4789 0.8368 0.7064 0.8053
125 0.0497 0.0496 0.8819 0.1007 0.8529 0.2227 0.4796 0.8369 0.7039 0.8066
126 0.0484 0.0454 0.8811 0.0953 0.8535 0.2523 0.4755 0.8388 0.7293 0.8088
127 0.0546 0.0500 0.8814 0.1061 0.8535 0.2696 0.4916 0.8215 0.7626 0.7928
128 0.0631 0.0565 0.8758 0.1210 0.8452 0.2170 0.4902 0.8250 0.7087 0.7893
129 0.0709 0.0621 0.8673 0.1344 0.8334 0.2513 0.5171 0.8018 0.7696 0.7684
130 0.0920 0.0797 0.8534 0.1730 0.8188 0.2087 0.5141 0.7984 0.7240 0.7649
131 0.0747 0.0709 0.8609 0.1469 0.8293 0.3378 0.5018 0.8046 0.8410 0.7680
132 0.0644 0.0578 0.8742 0.1238 0.8449 0.2632 0.4985 0.8268 0.7632 0.7969
133 0.0549 0.0505 0.8846 0.1068 0.8573 0.2495 0.4913 0.8203 0.7423 0.7912
134 0.0480 0.0459 0.8870 0.0954 0.8577 0.2330 0.4969 0.8344 0.7315 0.8032
135 0.0492 0.0457 0.8818 0.0963 0.8533 0.2238 0.4877 0.8389 0.7131 0.8087
136 0.0476 0.0431 0.8951 0.0922 0.8685 0.2527 0.4883 0.8265 0.7425 0.8005
137 0.0515 0.0452 0.8920 0.0982 0.8640 0.2136 0.4939 0.8237 0.7090 0.7940
138 0.0515 0.0474 0.8868 0.1003 0.8559 0.2312 0.5093 0.8112 0.7418 0.7819
139 0.0606 0.0541 0.8730 0.1161 0.8411 0.2289 0.4979 0.8190 0.7282 0.7886
140 0.0919 0.0797 0.8392 0.1728 0.8031 0.3006 0.4951 0.8074 0.7971 0.7746
141 0.0863 0.0750 0.8592 0.1626 0.8286 0.2042 0.5144 0.8071 0.7199 0.7685
142 0.0709 0.0645 0.8678 0.1368 0.8382 0.2795 0.4956 0.8016 0.7766 0.7668
143 0.0596 0.0546 0.8768 0.1156 0.8454 0.2304 0.4816 0.8249 0.7136 0.7968
144 0.0503 0.0467 0.8887 0.0985 0.8615 0.2414 0.4893 0.8212 0.7323 0.7892
145 0.0508 0.0460 0.8871 0.0984 0.8593 0.2409 0.4769 0.8309 0.7195 0.8004
146 0.0513 0.0451 0.8834 0.0979 0.8551 0.2205 0.4836 0.8378 0.7058 0.8081
147 0.0500 0.0441 0.8854 0.0955 0.8577 0.2717 0.4914 0.8249 0.7647 0.7968
148 0.0496 0.0446 0.8842 0.0957 0.8531 0.2664 0.4948 0.8323 0.7626 0.8017
149 0.0863 0.0756 0.8601 0.1632 0.8281 0.2450 0.5129 0.7957 0.7594 0.7582
