epoch train_iou train_loss train_mAP val_iou val_mAP
0 0.6487 1.1198 0.5803 0.7095 0.6327
1 0.7206 0.8777 0.6585 0.7425 0.6811
2 0.7437 0.8201 0.6877 0.7684 0.7167
3 0.7710 0.7317 0.7156 0.7787 0.7290
4 0.7840 0.6741 0.7338 0.7954 0.7534
5 0.7934 0.6438 0.7463 0.8009 0.7588
6 0.7934 0.6444 0.7464 0.8072 0.7677
7 0.7878 0.6690 0.7367 0.7920 0.7522
8 0.7805 0.6919 0.7306 0.7871 0.7458
9 0.7873 0.6808 0.7368 0.8103 0.7632
10 0.7730 0.7438 0.7221 0.7882 0.7543
11 0.7991 0.6477 0.7525 0.7996 0.7588
12 0.8013 0.6143 0.7564 0.8295 0.7958
13 0.8119 0.5718 0.7701 0.8262 0.7901
14 0.8293 0.5189 0.7858 0.8328 0.7965
15 0.8384 0.4886 0.7963 0.8334 0.7989
16 0.8310 0.5147 0.7895 0.8377 0.8018
17 0.8284 0.5268 0.7877 0.8367 0.8028
18 0.8203 0.5550 0.7763 0.8232 0.7797
19 0.8138 0.5782 0.7706 0.8211 0.7876
20 0.8227 0.5677 0.7784 0.8126 0.7808
21 0.8245 0.5451 0.7831 0.8379 0.8010
22 0.8363 0.5160 0.7944 0.8354 0.8059
23 0.8410 0.4833 0.8022 0.8398 0.8084
24 0.8416 0.4655 0.8049 0.8395 0.8117
25 0.8555 0.4292 0.8203 0.8398 0.8131
26 0.8551 0.4247 0.8157 0.8462 0.8165
27 0.8457 0.4579 0.8041 0.8481 0.8174
28 0.8435 0.4855 0.8028 0.8211 0.7917
29 0.8396 0.5190 0.7985 0.8281 0.7951
30 0.8341 0.5219 0.7898 0.8095 0.7715
31 0.8271 0.5329 0.7844 0.8005 0.7697
32 0.8361 0.5008 0.7952 0.8237 0.7946
33 0.8525 0.4391 0.8118 0.8360 0.8061
34 0.8641 0.4072 0.8261 0.8374 0.8066
35 0.8642 0.3878 0.8285 0.8415 0.8114
36 0.8696 0.3891 0.8303 0.8409 0.8081
37 0.8626 0.4061 0.8283 0.8427 0.8120
38 0.8516 0.4420 0.8130 0.8348 0.8073
39 0.8513 0.4434 0.8119 0.8201 0.7823
40 0.8319 0.5218 0.7916 0.7054 0.6488
41 0.8421 0.4873 0.8023 0.8264 0.8010
42 0.8580 0.4340 0.8167 0.8363 0.8046
43 0.8599 0.4311 0.8199 0.8438 0.8160
44 0.8688 0.3848 0.8311 0.8531 0.8267
45 0.8785 0.3508 0.8422 0.8530 0.8272
46 0.8722 0.3602 0.8367 0.8405 0.8143
47 0.8677 0.3841 0.8320 0.8412 0.8126
48 0.8629 0.4072 0.8236 0.8311 0.8030
49 0.8553 0.4349 0.8183 0.8435 0.8160
50 0.8516 0.4688 0.8124 0.8345 0.7993
51 0.8501 0.4625 0.8082 0.8315 0.8004
52 0.8593 0.4281 0.8196 0.8337 0.8075
53 0.8655 0.4056 0.8266 0.8427 0.8141
54 0.8805 0.3527 0.8469 0.8491 0.8214
55 0.8792 0.3453 0.8422 0.8512 0.8245
56 0.8823 0.3450 0.8459 0.8584 0.8328
57 0.8734 0.3671 0.8354 0.8436 0.8163
58 0.8702 0.3891 0.8327 0.8457 0.8177
59 0.8602 0.4167 0.8194 0.8407 0.8121
60 0.8499 0.4724 0.8103 0.8260 0.7956
61 0.8624 0.4183 0.8251 0.8412 0.8097
62 0.8756 0.3810 0.8373 0.8455 0.8167
63 0.8824 0.3383 0.8465 0.8376 0.8109
64 0.8861 0.3316 0.8517 0.8522 0.8269
65 0.8849 0.3230 0.8488 0.8575 0.8312
66 0.8876 0.3214 0.8531 0.8516 0.8246
67 0.8854 0.3261 0.8509 0.8522 0.8250
68 0.8783 0.3461 0.8425 0.8386 0.8066
69 0.8611 0.4248 0.8222 0.8257 0.7873
70 0.8664 0.4099 0.8296 0.8035 0.7649
71 0.8702 0.3867 0.8325 0.8366 0.8036
72 0.8774 0.3486 0.8423 0.8476 0.8180
73 0.8810 0.3441 0.8461 0.8543 0.8280
74 0.8897 0.3108 0.8545 0.8568 0.8320
75 0.8987 0.2820 0.8662 0.8534 0.8312
76 0.8982 0.2871 0.8634 0.8563 0.8331
77 0.8880 0.3096 0.8527 0.8543 0.8287
78 0.8871 0.3212 0.8497 0.8549 0.8299
79 0.8727 0.3611 0.8368 0.8321 0.8016
80 0.8697 0.4051 0.8300 0.8326 0.7971
81 0.8669 0.4016 0.8289 0.8415 0.8127
82 0.8760 0.3658 0.8399 0.8571 0.8299
83 0.8843 0.3360 0.8506 0.8481 0.8214
84 0.8986 0.2876 0.8647 0.8583 0.8320
85 0.8950 0.2901 0.8612 0.8574 0.8310
86 0.8931 0.2910 0.8611 0.8533 0.8276
87 0.8903 0.2939 0.8564 0.8596 0.8308
88 0.8915 0.3114 0.8558 0.8495 0.8210
89 0.8799 0.3521 0.8425 0.8091 0.7737
90 0.8743 0.3754 0.8353 0.8346 0.8079
91 0.8798 0.3586 0.8419 0.8504 0.8228
92 0.8834 0.3392 0.8478 0.8359 0.8107
93 0.8921 0.2967 0.8544 0.8479 0.8228
94 0.8969 0.2876 0.8635 0.8586 0.8308
95 0.9001 0.2685 0.8660 0.8597 0.8328
96 0.9004 0.2602 0.8681 0.8457 0.8214
97 0.8946 0.2808 0.8597 0.8561 0.8252
98 0.8926 0.3032 0.8568 0.8440 0.8124
99 0.8845 0.3490 0.8508 0.8530 0.8262
100 0.8882 0.3106 0.8529 0.8372 0.8070
101 0.8894 0.3038 0.8539 0.8552 0.8321
102 0.9007 0.2723 0.8679 0.8537 0.8310
103 0.9067 0.2511 0.8734 0.8504 0.8245
104 0.9083 0.2439 0.8747 0.8555 0.8297
105 0.9103 0.2352 0.8776 0.8556 0.8314
106 0.9069 0.2449 0.8750 0.8560 0.8314
107 0.9128 0.2330 0.8803 0.8528 0.8281
108 0.9061 0.2516 0.8737 0.8562 0.8326
109 0.8999 0.2567 0.8672 0.8524 0.8280
110 0.9014 0.2679 0.8675 0.8410 0.8139
111 0.9009 0.2695 0.8679 0.8465 0.8181
112 0.9009 0.2636 0.8664 0.8522 0.8262
113 0.9034 0.2470 0.8697 0.8579 0.8310
114 0.9113 0.2297 0.8791 0.8584 0.8333
115 0.9102 0.2259 0.8796 0.8598 0.8345
116 0.9091 0.2364 0.8757 0.8561 0.8293
117 0.9108 0.2301 0.8807 0.8638 0.8362
118 0.9098 0.2321 0.8750 0.8562 0.8287
119 0.9065 0.2473 0.8729 0.8538 0.8257
120 0.8957 0.2750 0.8627 0.8511 0.8173
121 0.9003 0.2647 0.8664 0.8510 0.8240
122 0.9089 0.2501 0.8776 0.8561 0.8306
123 0.9108 0.2314 0.8810 0.8575 0.8350
124 0.9115 0.2235 0.8821 0.8622 0.8367
125 0.9106 0.2272 0.8791 0.8616 0.8365
126 0.9107 0.2212 0.8791 0.8624 0.8343
127 0.9109 0.2319 0.8804 0.8632 0.8380
128 0.9112 0.2322 0.8799 0.8511 0.8276
129 0.9041 0.2475 0.8710 0.8576 0.8296
130 0.9057 0.2479 0.8732 0.8577 0.8325
131 0.9068 0.2462 0.8758 0.8502 0.8214
132 0.9060 0.2418 0.8733 0.8573 0.8338
133 0.9091 0.2321 0.8789 0.8538 0.8291
134 0.9157 0.2139 0.8859 0.8632 0.8391
135 0.9150 0.2143 0.8851 0.8581 0.8331
136 0.9145 0.2164 0.8838 0.8602 0.8345
137 0.9136 0.2131 0.8818 0.8509 0.8236
138 0.9102 0.2287 0.8798 0.8510 0.8269
139 0.9116 0.2272 0.8797 0.8513 0.8244
140 0.9098 0.2369 0.8788 0.8578 0.8335
141 0.9013 0.2554 0.8699 0.8421 0.8141
142 0.9112 0.2335 0.8818 0.8575 0.8319
143 0.9150 0.2169 0.8849 0.8586 0.8321
144 0.9181 0.2091 0.8889 0.8553 0.8303
145 0.9142 0.2078 0.8846 0.8526 0.8290
146 0.9204 0.2009 0.8929 0.8549 0.8319
147 0.9144 0.2113 0.8840 0.8577 0.8327
148 0.9163 0.2130 0.8872 0.8580 0.8356
149 0.9125 0.2221 0.8806 0.8620 0.8388
150 0.9086 0.2379 0.8768 0.8549 0.8273
151 0.9109 0.2313 0.8814 0.8499 0.8272
152 0.9138 0.2365 0.8835 0.8586 0.8353
153 0.9146 0.2126 0.8837 0.8651 0.8411
154 0.9216 0.2025 0.8926 0.8637 0.8401
155 0.9171 0.2071 0.8886 0.8638 0.8423
156 0.9193 0.1984 0.8892 0.8623 0.8388
157 0.9227 0.1938 0.8945 0.8577 0.8345
158 0.9145 0.2126 0.8861 0.8665 0.8413
159 0.9102 0.2217 0.8767 0.8582 0.8291
160 0.9152 0.2188 0.8838 0.8637 0.8409
161 0.9169 0.2088 0.8876 0.8610 0.8363
162 0.9211 0.1964 0.8943 0.8618 0.8376
163 0.9243 0.1873 0.8957 0.8604 0.8358
164 0.9186 0.2044 0.8895 0.8602 0.8355
165 0.9190 0.1969 0.8898 0.8592 0.8361
166 0.9249 0.1906 0.8970 0.8629 0.8393
167 0.9212 0.1902 0.8915 0.8574 0.8341
168 0.9197 0.1944 0.8897 0.8543 0.8298
169 0.9239 0.1897 0.8936 0.8612 0.8374
170 0.9237 0.1839 0.8947 0.8627 0.8397
171 0.9244 0.1819 0.8956 0.8595 0.8365
172 0.9242 0.1862 0.8961 0.8577 0.8337
173 0.9256 0.1804 0.8993 0.8561 0.8321
174 0.9254 0.1799 0.8989 0.8559 0.8329
175 0.9225 0.1812 0.8949 0.8580 0.8346
176 0.9244 0.1824 0.8968 0.8564 0.8331
177 0.9242 0.1818 0.8976 0.8568 0.8339
178 0.9198 0.1922 0.8912 0.8560 0.8308
179 0.9198 0.1861 0.8919 0.8587 0.8358
180 0.9221 0.1843 0.8941 0.8565 0.8320
181 0.9224 0.1873 0.8948 0.8544 0.8297
182 0.9214 0.1840 0.8926 0.8567 0.8328
183 0.9211 0.1846 0.8935 0.8569 0.8326
184 0.9266 0.1766 0.9003 0.8566 0.8333
185 0.9247 0.1807 0.8970 0.8570 0.8339
186 0.9288 0.1683 0.9025 0.8586 0.8352
187 0.9249 0.1722 0.8978 0.8606 0.8371
188 0.9222 0.1808 0.8949 0.8648 0.8410
189 0.9233 0.1784 0.8948 0.8626 0.8393
190 0.9195 0.1863 0.8909 0.8559 0.8280
191 0.9290 0.1714 0.9010 0.8590 0.8370
192 0.9232 0.1825 0.8961 0.8614 0.8375
193 0.9239 0.1781 0.8968 0.8598 0.8367
194 0.9266 0.1755 0.8984 0.8598 0.8352
195 0.9284 0.1724 0.9022 0.8599 0.8363
196 0.9276 0.1701 0.9016 0.8592 0.8351
197 0.9253 0.1739 0.8998 0.8551 0.8310
198 0.9246 0.1761 0.8980 0.8573 0.8333
199 0.9274 0.1762 0.8988 0.8571 0.8343
