epoch train_BCELoss train_SoftDiceLoss train_iou train_loss train_mAP val_BCELoss val_SoftDiceLoss val_iou val_loss val_mAP
0 0.5699 0.5833 0.2750 1.1527 0.1731 0.3950 0.6820 0.5245 1.0767 0.4379
1 0.2590 0.2526 0.6574 0.5117 0.5906 0.2078 0.5713 0.7282 0.7795 0.6659
2 0.2069 0.1980 0.7019 0.4054 0.6422 0.2310 0.5555 0.7285 0.7873 0.6660
3 0.1822 0.1678 0.7358 0.3507 0.6822 0.1909 0.5407 0.7595 0.7322 0.7073
4 0.1708 0.1537 0.7557 0.3253 0.7011 0.1887 0.5164 0.7565 0.7060 0.7088
5 0.1453 0.1317 0.7789 0.2780 0.7304 0.2221 0.5213 0.7601 0.7444 0.7102
6 0.1194 0.1050 0.8093 0.2255 0.7676 0.1918 0.5043 0.8022 0.6972 0.7677
7 0.1108 0.0995 0.8160 0.2113 0.7735 0.1927 0.5089 0.7907 0.7026 0.7506
8 0.0969 0.0871 0.8338 0.1852 0.7966 0.1771 0.4910 0.8254 0.6692 0.7901
9 0.0730 0.0641 0.8538 0.1383 0.8203 0.1949 0.4871 0.8243 0.6833 0.7888
10 0.0665 0.0627 0.8599 0.1305 0.8282 0.1790 0.4862 0.8282 0.6665 0.7935
11 0.0713 0.0648 0.8566 0.1374 0.8251 0.1863 0.4890 0.8314 0.6766 0.7965
12 0.0681 0.0627 0.8576 0.1321 0.8237 0.2115 0.4936 0.8119 0.7064 0.7780
13 0.0850 0.0732 0.8450 0.1595 0.8077 0.2070 0.4975 0.8145 0.7058 0.7779
14 0.0872 0.0775 0.8356 0.1660 0.7972 0.1988 0.5072 0.7958 0.7072 0.7548
15 0.0893 0.0779 0.8385 0.1684 0.8000 0.2410 0.5015 0.8065 0.7438 0.7629
16 0.0967 0.0860 0.8366 0.1840 0.7956 0.1824 0.4991 0.7980 0.6827 0.7547
17 0.0803 0.0704 0.8510 0.1520 0.8149 0.1631 0.4918 0.8260 0.6564 0.7888
18 0.0599 0.0507 0.8720 0.1122 0.8423 0.1543 0.4847 0.8346 0.6405 0.7994
19 0.0509 0.0480 0.8821 0.1003 0.8540 0.1650 0.4768 0.8395 0.6433 0.8022
20 0.0502 0.0424 0.8839 0.0941 0.8578 0.1705 0.4753 0.8405 0.6473 0.8044
21 0.0464 0.0422 0.8860 0.0901 0.8594 0.1788 0.4765 0.8322 0.6568 0.7992
22 0.0494 0.0451 0.8847 0.0960 0.8562 0.1822 0.4760 0.8264 0.6597 0.7886
23 0.0523 0.0455 0.8768 0.0993 0.8474 0.1965 0.4797 0.8255 0.6778 0.7895
24 0.0613 0.0550 0.8675 0.1177 0.8342 0.2013 0.4985 0.8170 0.7011 0.7802
25 0.0906 0.0783 0.8435 0.1703 0.8059 0.2117 0.5079 0.7916 0.7209 0.7554
26 0.1055 0.0958 0.8331 0.2026 0.7936 0.1987 0.4924 0.7905 0.6925 0.7550
27 0.0737 0.0654 0.8619 0.1405 0.8261 0.2077 0.4827 0.8124 0.6919 0.7804
28 0.0504 0.0472 0.8779 0.0991 0.8508 0.2182 0.4770 0.8251 0.6967 0.7930
29 0.0437 0.0410 0.8897 0.0863 0.8633 0.2174 0.4758 0.8281 0.6949 0.7931
30 0.0371 0.0372 0.8954 0.0760 0.8683 0.2186 0.4742 0.8297 0.6944 0.7978
31 0.0374 0.0361 0.8940 0.0752 0.8682 0.2303 0.4711 0.8342 0.7030 0.7978
32 0.0391 0.0367 0.8926 0.0774 0.8683 0.2112 0.4746 0.8348 0.6873 0.8024
33 0.0379 0.0353 0.8940 0.0748 0.8682 0.2303 0.4874 0.8022 0.7192 0.7633
34 0.0627 0.0534 0.8680 0.1175 0.8359 0.2209 0.5065 0.8029 0.7288 0.7602
35 0.0941 0.0810 0.8385 0.1764 0.7992 0.2340 0.4882 0.8247 0.7236 0.7865
36 0.0707 0.0636 0.8626 0.1358 0.8297 0.1967 0.4811 0.8276 0.6794 0.7982
37 0.0539 0.0498 0.8745 0.1053 0.8450 0.2548 0.4809 0.8150 0.7373 0.7800
38 0.0488 0.0440 0.8868 0.0945 0.8592 0.2056 0.4764 0.8267 0.6836 0.7945
39 0.0356 0.0341 0.8976 0.0713 0.8733 0.2339 0.4702 0.8314 0.7058 0.8011
40 0.0345 0.0323 0.9002 0.0686 0.8773 0.2282 0.4695 0.8306 0.6994 0.7990
41 0.0330 0.0314 0.9035 0.0662 0.8793 0.2269 0.4685 0.8363 0.6970 0.8043
42 0.0341 0.0314 0.9035 0.0673 0.8798 0.2704 0.4707 0.8304 0.7427 0.7993
43 0.0371 0.0335 0.8957 0.0723 0.8718 0.2314 0.4767 0.8345 0.7096 0.8031
44 0.0434 0.0417 0.8855 0.0867 0.8582 0.2985 0.4810 0.8231 0.7810 0.7889
45 0.0794 0.0642 0.8602 0.1451 0.8268 0.1592 0.5035 0.8211 0.6641 0.7856
46 0.0716 0.0630 0.8643 0.1362 0.8330 0.2433 0.4937 0.8265 0.7386 0.7957
47 0.0453 0.0411 0.8875 0.0881 0.8600 0.2469 0.4730 0.8267 0.7215 0.7962
48 0.0339 0.0327 0.9015 0.0684 0.8765 0.2331 0.4692 0.8307 0.7040 0.7983
49 0.0322 0.0305 0.9076 0.0646 0.8863 0.2713 0.4690 0.8323 0.7419 0.8012
50 0.0290 0.0274 0.9114 0.0583 0.8911 0.2591 0.4688 0.8279 0.7295 0.7974
51 0.0278 0.0266 0.9117 0.0563 0.8908 0.2558 0.4671 0.8306 0.7246 0.7982
52 0.0338 0.0294 0.9071 0.0651 0.8864 0.1984 0.4704 0.8297 0.6705 0.7953
53 0.0312 0.0294 0.9041 0.0624 0.8812 0.2465 0.4714 0.8299 0.7196 0.7974
54 0.0349 0.0340 0.8987 0.0707 0.8729 0.2636 0.4787 0.8186 0.7440 0.7808
55 0.0478 0.0427 0.8839 0.0922 0.8557 0.2297 0.4842 0.7993 0.7154 0.7665
56 0.0554 0.0487 0.8776 0.1057 0.8482 0.2753 0.4904 0.8173 0.7673 0.7855
57 0.0404 0.0375 0.8934 0.0796 0.8683 0.2352 0.4656 0.8348 0.7024 0.8036
58 0.0345 0.0325 0.9020 0.0688 0.8799 0.2362 0.4695 0.8411 0.7074 0.8103
59 0.0245 0.0237 0.9185 0.0501 0.9003 0.2428 0.4637 0.8421 0.7084 0.8114
60 0.0233 0.0234 0.9199 0.0486 0.9012 0.2396 0.4626 0.8388 0.7039 0.8084
61 0.0240 0.0232 0.9174 0.0492 0.8988 0.2207 0.4648 0.8391 0.6872 0.8077
62 0.0235 0.0226 0.9182 0.0481 0.8997 0.2766 0.4619 0.8414 0.7403 0.8099
63 0.0253 0.0241 0.9154 0.0514 0.8953 0.2733 0.4734 0.8391 0.7484 0.8089
64 0.0552 0.0493 0.8832 0.1062 0.8522 0.2012 0.4758 0.8271 0.6787 0.7869
65 0.0623 0.0550 0.8694 0.1189 0.8384 0.2285 0.4841 0.8083 0.7141 0.7712
66 0.0500 0.0452 0.8890 0.0968 0.8600 0.2046 0.4785 0.8219 0.6848 0.7861
67 0.0375 0.0353 0.8990 0.0746 0.8751 0.2166 0.4746 0.8160 0.6930 0.7817
68 0.0284 0.0279 0.9099 0.0582 0.8878 0.2557 0.4667 0.8347 0.7244 0.8035
69 0.0238 0.0226 0.9211 0.0485 0.9032 0.2395 0.4610 0.8364 0.7024 0.8047
70 0.0224 0.0220 0.9227 0.0465 0.9063 0.2405 0.4606 0.8376 0.7030 0.8067
71 0.0219 0.0214 0.9241 0.0454 0.9074 0.2452 0.4614 0.8362 0.7085 0.8069
72 0.0234 0.0227 0.9171 0.0481 0.8987 0.2357 0.4627 0.8355 0.7002 0.8049
73 0.0313 0.0293 0.9066 0.0625 0.8841 0.2434 0.4663 0.8434 0.7114 0.8132
74 0.0308 0.0283 0.9096 0.0610 0.8883 0.2538 0.4871 0.7980 0.7426 0.7572
75 0.0837 0.0692 0.8559 0.1544 0.8212 0.2328 0.5119 0.7839 0.7461 0.7471
76 0.0623 0.0557 0.8723 0.1197 0.8411 0.2446 0.4827 0.8193 0.7289 0.7869
77 0.0387 0.0352 0.9003 0.0758 0.8769 0.2027 0.4742 0.8306 0.6784 0.8004
78 0.0280 0.0273 0.9130 0.0572 0.8935 0.2518 0.4687 0.8360 0.7223 0.8064
79 0.0231 0.0230 0.9205 0.0482 0.9019 0.2590 0.4650 0.8383 0.7258 0.8075
80 0.0219 0.0216 0.9209 0.0456 0.9044 0.2554 0.4644 0.8394 0.7216 0.8097
81 0.0220 0.0215 0.9217 0.0457 0.9037 0.2824 0.4638 0.8345 0.7480 0.8040
82 0.0230 0.0227 0.9191 0.0477 0.9008 0.2701 0.4662 0.8268 0.7381 0.7962
83 0.0236 0.0227 0.9185 0.0483 0.9013 0.3175 0.4703 0.8258 0.7896 0.7931
84 0.0244 0.0239 0.9183 0.0504 0.8976 0.2928 0.4743 0.8257 0.7688 0.7944
85 0.0336 0.0307 0.9066 0.0663 0.8846 0.2554 0.4869 0.7988 0.7441 0.7558
86 0.0564 0.0500 0.8792 0.1082 0.8509 0.3037 0.4825 0.8259 0.7877 0.7911
87 0.0404 0.0366 0.9016 0.0789 0.8787 0.2678 0.4754 0.8392 0.7450 0.8088
88 0.0253 0.0243 0.9184 0.0517 0.9003 0.2502 0.4661 0.8385 0.7182 0.8066
89 0.0207 0.0202 0.9277 0.0430 0.9100 0.2411 0.4643 0.8320 0.7072 0.8011
90 0.0186 0.0195 0.9283 0.0403 0.9129 0.2587 0.4651 0.8337 0.7256 0.8018
91 0.0192 0.0192 0.9280 0.0405 0.9112 0.2745 0.4665 0.8380 0.7429 0.8078
92 0.0187 0.0184 0.9314 0.0393 0.9155 0.2822 0.4639 0.8382 0.7479 0.8073
93 0.0188 0.0189 0.9302 0.0399 0.9136 0.3094 0.4661 0.8351 0.7773 0.8041
94 0.0304 0.0283 0.9121 0.0606 0.8906 0.2282 0.4742 0.8299 0.7042 0.7944
95 0.0708 0.0582 0.8698 0.1308 0.8388 0.2154 0.4987 0.7735 0.7159 0.7314
96 0.0552 0.0513 0.8812 0.1083 0.8531 0.2296 0.4850 0.8216 0.7162 0.7880
97 0.0318 0.0317 0.9041 0.0654 0.8834 0.2489 0.4687 0.8350 0.7194 0.8053
98 0.0255 0.0259 0.9195 0.0535 0.9011 0.2415 0.4718 0.8189 0.7151 0.7858
99 0.0206 0.0203 0.9251 0.0430 0.9092 0.2537 0.4648 0.8322 0.7205 0.8011
