epoch train_iou train_loss train_mAP val_iou val_mAP
0 0.6671 1.0542 0.5952 0.7141 0.6544
1 0.7635 0.7636 0.7027 0.7814 0.7288
2 0.7941 0.6629 0.7446 0.7661 0.7163
3 0.8084 0.6147 0.7631 0.8118 0.7714
4 0.8269 0.5466 0.7852 0.8255 0.7864
5 0.8349 0.5315 0.7935 0.8261 0.7892
6 0.8344 0.5163 0.7933 0.8280 0.7910
7 0.8295 0.5336 0.7882 0.8319 0.7953
8 0.8239 0.5568 0.7844 0.8244 0.7879
9 0.8317 0.5476 0.7911 0.8091 0.7732
10 0.8248 0.5679 0.7861 0.8097 0.7721
11 0.8274 0.5556 0.7905 0.7965 0.7554
12 0.8441 0.4948 0.8114 0.8428 0.8108
13 0.8562 0.4531 0.8226 0.8393 0.8082
14 0.8682 0.4123 0.8371 0.8473 0.8181
15 0.8716 0.4051 0.8405 0.8494 0.8212
16 0.8715 0.4029 0.8380 0.8512 0.8224
17 0.8676 0.4121 0.8355 0.8434 0.8155
18 0.8643 0.4305 0.8308 0.8423 0.8141
19 0.8581 0.4613 0.8229 0.8440 0.8114
20 0.8548 0.4699 0.8200 0.8361 0.8046
21 0.8596 0.4526 0.8276 0.8401 0.8103
22 0.8688 0.4147 0.8366 0.8353 0.8077
23 0.8776 0.3779 0.8479 0.8491 0.8257
24 0.8832 0.3589 0.8543 0.8562 0.8302
25 0.8891 0.3350 0.8602 0.8563 0.8290
26 0.8867 0.3398 0.8581 0.8547 0.8287
27 0.8805 0.3695 0.8503 0.8534 0.8264
28 0.8770 0.3861 0.8456 0.8520 0.8230
29 0.8720 0.4115 0.8401 0.8199 0.7850
30 0.8598 0.4477 0.8280 0.8515 0.8232
31 0.8738 0.4075 0.8424 0.8415 0.8124
32 0.8809 0.3827 0.8519 0.8513 0.8243
33 0.8833 0.3627 0.8554 0.8595 0.8316
34 0.8972 0.3085 0.8706 0.8622 0.8388
35 0.8961 0.3134 0.8689 0.8621 0.8386
36 0.8999 0.3068 0.8729 0.8630 0.8374
37 0.8955 0.3200 0.8686 0.8633 0.8393
38 0.8903 0.3423 0.8629 0.8549 0.8279
39 0.8840 0.3701 0.8539 0.8368 0.8082
40 0.8757 0.3911 0.8471 0.8311 0.8036
41 0.8819 0.3786 0.8521 0.8389 0.8153
42 0.8944 0.3281 0.8673 0.8664 0.8393
43 0.8939 0.3170 0.8660 0.8619 0.8367
44 0.9007 0.2918 0.8743 0.8606 0.8386
45 0.9062 0.2711 0.8807 0.8654 0.8418
46 0.9034 0.2778 0.8783 0.8646 0.8371
47 0.9009 0.2921 0.8728 0.8594 0.8305
48 0.8936 0.3209 0.8665 0.8628 0.8382
49 0.8913 0.3365 0.8631 0.8426 0.8168
50 0.8832 0.3689 0.8527 0.8536 0.8243
51 0.8928 0.3337 0.8652 0.8486 0.8222
52 0.9013 0.3036 0.8736 0.8589 0.8355
53 0.9030 0.2870 0.8781 0.8586 0.8340
54 0.9095 0.2667 0.8853 0.8656 0.8419
55 0.9149 0.2470 0.8900 0.8676 0.8429
56 0.9133 0.2555 0.8896 0.8699 0.8447
57 0.9059 0.2751 0.8799 0.8633 0.8351
58 0.9060 0.2809 0.8796 0.8620 0.8333
59 0.8917 0.3349 0.8630 0.8468 0.8191
60 0.8911 0.3404 0.8645 0.8352 0.8103
61 0.8951 0.3254 0.8689 0.8539 0.8257
62 0.9033 0.2926 0.8774 0.8541 0.8280
63 0.9063 0.2769 0.8817 0.8636 0.8393
64 0.9153 0.2439 0.8919 0.8615 0.8361
65 0.9148 0.2371 0.8904 0.8641 0.8398
66 0.9130 0.2453 0.8880 0.8685 0.8423
67 0.9141 0.2458 0.8890 0.8690 0.8440
68 0.9049 0.2800 0.8800 0.8664 0.8412
69 0.9059 0.2846 0.8782 0.8224 0.7989
70 0.8964 0.3249 0.8678 0.8515 0.8257
71 0.9016 0.3104 0.8753 0.8580 0.8340
72 0.9068 0.2753 0.8816 0.8550 0.8266
73 0.9118 0.2616 0.8864 0.8611 0.8383
74 0.9231 0.2232 0.9005 0.8679 0.8427
75 0.9210 0.2282 0.8983 0.8662 0.8425
76 0.9195 0.2275 0.8973 0.8649 0.8400
77 0.9199 0.2289 0.8960 0.8691 0.8429
78 0.9152 0.2471 0.8904 0.8661 0.8406
79 0.9086 0.2736 0.8833 0.8541 0.8270
80 0.8962 0.3273 0.8703 0.8315 0.8059
81 0.9054 0.2926 0.8802 0.8555 0.8310
82 0.9094 0.2639 0.8841 0.8595 0.8373
83 0.9156 0.2423 0.8922 0.8659 0.8425
84 0.9159 0.2414 0.8935 0.8684 0.8452
85 0.9238 0.2169 0.9022 0.8685 0.8447
86 0.9252 0.2118 0.9040 0.8673 0.8431
87 0.9214 0.2224 0.8974 0.8656 0.8399
88 0.9101 0.2594 0.8865 0.8561 0.8314
89 0.9070 0.2802 0.8812 0.8610 0.8370
90 0.8969 0.3105 0.8702 0.8355 0.8085
91 0.9066 0.2755 0.8813 0.8605 0.8345
92 0.9100 0.2620 0.8869 0.8598 0.8321
93 0.9174 0.2377 0.8945 0.8624 0.8401
94 0.9225 0.2173 0.8995 0.8665 0.8423
95 0.9273 0.2052 0.9064 0.8656 0.8424
96 0.9261 0.2043 0.9049 0.8571 0.8331
97 0.9173 0.2278 0.8951 0.8611 0.8364
98 0.9161 0.2374 0.8916 0.8639 0.8368
99 0.9108 0.2616 0.8861 0.7996 0.7675
100 0.9152 0.2449 0.8910 0.8547 0.8304
101 0.9234 0.2117 0.8997 0.8602 0.8337
102 0.9251 0.2215 0.9027 0.8633 0.8409
103 0.9262 0.2065 0.9057 0.8647 0.8409
104 0.9299 0.1901 0.9098 0.8683 0.8442
105 0.9324 0.1838 0.9131 0.8675 0.8444
106 0.9315 0.1873 0.9101 0.8680 0.8453
107 0.9310 0.1884 0.9104 0.8653 0.8423
108 0.9305 0.1965 0.9068 0.8654 0.8410
109 0.9262 0.1996 0.9047 0.8616 0.8376
110 0.9279 0.1988 0.9057 0.8682 0.8424
111 0.9271 0.2049 0.9044 0.8661 0.8393
112 0.9252 0.2015 0.9027 0.8706 0.8475
113 0.9324 0.1869 0.9125 0.8734 0.8496
114 0.9328 0.1857 0.9106 0.8782 0.8542
115 0.9322 0.1817 0.9120 0.8775 0.8541
116 0.9344 0.1782 0.9140 0.8749 0.8511
117 0.9320 0.1812 0.9105 0.8738 0.8523
118 0.9341 0.1777 0.9131 0.8707 0.8434
119 0.9312 0.1899 0.9101 0.8710 0.8475
120 0.9247 0.2068 0.9025 0.8670 0.8413
121 0.9289 0.1956 0.9079 0.8630 0.8405
122 0.9307 0.1868 0.9106 0.8663 0.8428
123 0.9318 0.1855 0.9119 0.8686 0.8470
124 0.9326 0.1749 0.9121 0.8688 0.8477
125 0.9353 0.1689 0.9154 0.8703 0.8496
126 0.9344 0.1706 0.9140 0.8731 0.8510
127 0.9360 0.1709 0.9154 0.8695 0.8446
128 0.9357 0.1754 0.9143 0.8748 0.8520
129 0.9319 0.1846 0.9098 0.8670 0.8411
130 0.9273 0.2043 0.9052 0.8612 0.8395
131 0.9277 0.2002 0.9061 0.8723 0.8488
132 0.9312 0.1904 0.9102 0.8684 0.8452
133 0.9321 0.1831 0.9115 0.8727 0.8477
134 0.9355 0.1725 0.9154 0.8704 0.8480
135 0.9379 0.1627 0.9180 0.8716 0.8477
136 0.9317 0.1801 0.9126 0.8751 0.8519
137 0.9371 0.1662 0.9170 0.8705 0.8493
138 0.9359 0.1736 0.9157 0.8709 0.8488
139 0.9321 0.1849 0.9120 0.8705 0.8463
140 0.9316 0.1879 0.9111 0.8624 0.8389
141 0.9284 0.1900 0.9078 0.8689 0.8438
142 0.9344 0.1746 0.9145 0.8737 0.8505
143 0.9349 0.1712 0.9151 0.8714 0.8460
144 0.9366 0.1679 0.9178 0.8740 0.8504
145 0.9379 0.1600 0.9195 0.8741 0.8522
146 0.9373 0.1640 0.9173 0.8726 0.8484
147 0.9368 0.1685 0.9172 0.8722 0.8487
148 0.9393 0.1613 0.9203 0.8699 0.8480
149 0.9364 0.1745 0.9164 0.8650 0.8425
150 0.9308 0.1868 0.9098 0.8667 0.8399
151 0.9337 0.1788 0.9146 0.8684 0.8466
152 0.9355 0.1770 0.9160 0.8727 0.8471
153 0.9365 0.1644 0.9178 0.8690 0.8474
154 0.9392 0.1604 0.9208 0.8717 0.8481
155 0.9380 0.1589 0.9190 0.8735 0.8496
156 0.9396 0.1611 0.9206 0.8757 0.8512
157 0.9370 0.1630 0.9177 0.8728 0.8475
158 0.9353 0.1676 0.9158 0.8757 0.8518
159 0.9358 0.1724 0.9164 0.8677 0.8439
160 0.9350 0.1700 0.9148 0.8703 0.8464
161 0.9402 0.1569 0.9216 0.8716 0.8471
162 0.9390 0.1562 0.9200 0.8723 0.8484
163 0.9423 0.1504 0.9253 0.8743 0.8500
164 0.9402 0.1544 0.9220 0.8713 0.8477
165 0.9414 0.1513 0.9229 0.8730 0.8496
166 0.9442 0.1445 0.9270 0.8732 0.8496
167 0.9405 0.1492 0.9229 0.8751 0.8512
168 0.9400 0.1524 0.9222 0.8748 0.8507
169 0.9401 0.1534 0.9218 0.8738 0.8510
170 0.9451 0.1454 0.9277 0.8748 0.8511
171 0.9426 0.1497 0.9247 0.8754 0.8520
172 0.9414 0.1477 0.9233 0.8728 0.8495
173 0.9460 0.1380 0.9296 0.8728 0.8494
174 0.9414 0.1478 0.9244 0.8719 0.8483
175 0.9410 0.1504 0.9236 0.8730 0.8489
176 0.9419 0.1464 0.9234 0.8724 0.8493
177 0.9431 0.1445 0.9268 0.8720 0.8488
178 0.9412 0.1476 0.9221 0.8711 0.8490
179 0.9450 0.1400 0.9280 0.8705 0.8480
180 0.9407 0.1518 0.9231 0.8705 0.8459
181 0.9441 0.1415 0.9271 0.8713 0.8470
182 0.9425 0.1443 0.9252 0.8720 0.8472
183 0.9407 0.1474 0.9233 0.8778 0.8541
184 0.9429 0.1413 0.9253 0.8741 0.8500
185 0.9449 0.1415 0.9288 0.8767 0.8530
186 0.9437 0.1424 0.9262 0.8747 0.8502
187 0.9452 0.1376 0.9282 0.8761 0.8518
188 0.9432 0.1448 0.9255 0.8733 0.8487
189 0.9420 0.1447 0.9247 0.8731 0.8496
190 0.9450 0.1417 0.9282 0.8719 0.8478
191 0.9409 0.1475 0.9219 0.8719 0.8469
192 0.9433 0.1414 0.9265 0.8718 0.8481
193 0.9432 0.1431 0.9255 0.8699 0.8469
194 0.9441 0.1394 0.9272 0.8710 0.8464
195 0.9414 0.1436 0.9220 0.8745 0.8507
196 0.9457 0.1373 0.9283 0.8726 0.8487
197 0.9452 0.1384 0.9290 0.8721 0.8478
198 0.9459 0.1372 0.9298 0.8693 0.8466
199 0.9443 0.1414 0.9271 0.8681 0.8429
