epoch train_iou train_loss train_mAP val_iou val_mAP
0 0.6175 2.0079 0.5506 0.6949 0.6018
1 0.7206 1.5470 0.6544 0.7417 0.6706
2 0.7593 1.3455 0.7010 0.7824 0.7410
3 0.7712 1.2559 0.7172 0.7926 0.7530
4 0.7965 1.1361 0.7484 0.8143 0.7706
5 0.8011 1.0781 0.7512 0.8176 0.7743
6 0.7976 1.0981 0.7466 0.8235 0.7832
7 0.8041 1.0883 0.7563 0.7881 0.7458
8 0.8022 1.0922 0.7531 0.8032 0.7476
9 0.7921 1.1414 0.7440 0.7792 0.7194
10 0.8047 1.0708 0.7589 0.8254 0.7891
11 0.8165 1.0374 0.7714 0.7996 0.7516
12 0.8257 0.9699 0.7837 0.8248 0.7960
13 0.8367 0.8887 0.7953 0.8414 0.8113
14 0.8475 0.8310 0.8062 0.8465 0.8151
15 0.8496 0.8099 0.8106 0.8469 0.8153
16 0.8544 0.7964 0.8156 0.8488 0.8178
17 0.8473 0.8132 0.8072 0.8452 0.8126
18 0.8418 0.8614 0.7999 0.8301 0.7959
19 0.8400 0.8659 0.7987 0.8065 0.7702
20 0.8302 0.9170 0.7899 0.8351 0.8034
21 0.8390 0.8727 0.8002 0.8411 0.8123
22 0.8527 0.8047 0.8146 0.8376 0.8107
23 0.8573 0.7726 0.8177 0.8418 0.8147
24 0.8746 0.6739 0.8393 0.8459 0.8177
25 0.8742 0.6668 0.8368 0.8497 0.8216
26 0.8735 0.6685 0.8375 0.8482 0.8233
27 0.8677 0.7031 0.8304 0.8492 0.8202
28 0.8638 0.7363 0.8256 0.8293 0.7989
29 0.8537 0.8077 0.8153 0.8333 0.8049
30 0.8444 0.8520 0.8026 0.8232 0.7909
31 0.8605 0.7714 0.8222 0.8351 0.7986
32 0.8618 0.7375 0.8280 0.8392 0.8059
33 0.8705 0.6780 0.8334 0.8499 0.8232
34 0.8813 0.6212 0.8478 0.8563 0.8305
35 0.8861 0.5882 0.8542 0.8565 0.8287
36 0.8843 0.5911 0.8517 0.8545 0.8302
37 0.8835 0.6008 0.8502 0.8531 0.8275
38 0.8769 0.6594 0.8410 0.8327 0.8013
39 0.8665 0.6952 0.8301 0.8515 0.8214
40 0.8618 0.7580 0.8248 0.8471 0.8184
41 0.8691 0.7029 0.8359 0.8411 0.8137
42 0.8758 0.6576 0.8417 0.8360 0.8089
43 0.8839 0.5946 0.8514 0.8566 0.8335
44 0.8902 0.5625 0.8558 0.8593 0.8332
45 0.8970 0.5305 0.8636 0.8547 0.8290
46 0.8965 0.5289 0.8657 0.8571 0.8311
47 0.8936 0.5605 0.8598 0.8577 0.8323
48 0.8910 0.5715 0.8587 0.8350 0.8133
49 0.8790 0.6557 0.8455 0.8525 0.8245
50 0.8688 0.7156 0.8342 0.8420 0.8081
51 0.8745 0.6673 0.8399 0.8390 0.8105
52 0.8818 0.6270 0.8493 0.8517 0.8267
53 0.8930 0.5635 0.8613 0.8588 0.8328
54 0.8982 0.5084 0.8685 0.8562 0.8297
55 0.8991 0.5112 0.8695 0.8556 0.8278
56 0.9000 0.5019 0.8686 0.8570 0.8316
57 0.9010 0.4997 0.8689 0.8589 0.8331
58 0.8946 0.5442 0.8628 0.8506 0.8219
59 0.8800 0.6289 0.8454 0.8382 0.8127
60 0.8840 0.6531 0.8493 0.8482 0.8213
61 0.8802 0.6157 0.8481 0.8456 0.8181
62 0.8915 0.5575 0.8589 0.8546 0.8263
63 0.8934 0.5411 0.8619 0.8577 0.8310
64 0.8998 0.5046 0.8689 0.8601 0.8346
65 0.9046 0.4790 0.8757 0.8585 0.8329
66 0.9088 0.4639 0.8785 0.8586 0.8339
67 0.9033 0.4879 0.8733 0.8569 0.8294
68 0.9036 0.4925 0.8729 0.8364 0.8093
69 0.8878 0.5898 0.8567 0.8493 0.8215
70 0.8848 0.6345 0.8504 0.8450 0.8240
71 0.8773 0.6487 0.8453 0.8422 0.8119
72 0.8944 0.5382 0.8657 0.8578 0.8294
73 0.9026 0.4981 0.8717 0.8543 0.8268
74 0.9083 0.4534 0.8799 0.8547 0.8310
75 0.9103 0.4492 0.8835 0.8580 0.8325
76 0.9093 0.4638 0.8823 0.8546 0.8299
77 0.9083 0.4567 0.8790 0.8431 0.8137
78 0.9053 0.4881 0.8735 0.8506 0.8234
79 0.8870 0.6033 0.8554 0.8528 0.8258
80 0.8856 0.5963 0.8524 0.8505 0.8191
81 0.8887 0.5753 0.8576 0.8409 0.8102
82 0.8990 0.5224 0.8707 0.8507 0.8224
83 0.8999 0.4952 0.8736 0.8549 0.8288
84 0.9131 0.4420 0.8855 0.8605 0.8355
85 0.9139 0.4276 0.8874 0.8611 0.8355
86 0.9096 0.4452 0.8795 0.8588 0.8325
87 0.9101 0.4473 0.8828 0.8592 0.8326
88 0.9075 0.4830 0.8778 0.8501 0.8220
89 0.8958 0.5392 0.8653 0.8506 0.8226
90 0.8924 0.5615 0.8615 0.8459 0.8154
91 0.8960 0.5462 0.8662 0.8639 0.8346
92 0.9086 0.4820 0.8810 0.8689 0.8429
93 0.9095 0.4570 0.8811 0.8600 0.8306
94 0.9128 0.4237 0.8850 0.8656 0.8375
95 0.9116 0.4224 0.8830 0.8648 0.8371
96 0.9168 0.4059 0.8900 0.8660 0.8375
97 0.9183 0.4163 0.8911 0.8622 0.8335
98 0.9087 0.4622 0.8795 0.8593 0.8299
99 0.9045 0.4868 0.8756 0.8538 0.8297
100 0.9122 0.4539 0.8845 0.8569 0.8291
101 0.9137 0.4340 0.8862 0.8565 0.8309
102 0.9176 0.4079 0.8907 0.8624 0.8355
103 0.9182 0.4045 0.8902 0.8657 0.8386
104 0.9202 0.3908 0.8942 0.8587 0.8350
105 0.9229 0.3759 0.8977 0.8614 0.8355
106 0.9208 0.3902 0.8945 0.8609 0.8339
107 0.9161 0.3921 0.8887 0.8620 0.8338
108 0.9216 0.3854 0.8956 0.8632 0.8392
109 0.9140 0.4293 0.8892 0.8582 0.8335
110 0.9168 0.4161 0.8902 0.8530 0.8234
111 0.9170 0.4020 0.8913 0.8652 0.8406
112 0.9204 0.3955 0.8944 0.8668 0.8383
113 0.9221 0.3751 0.8977 0.8612 0.8382
114 0.9191 0.3842 0.8923 0.8686 0.8425
115 0.9215 0.3723 0.8972 0.8718 0.8460
116 0.9233 0.3688 0.8988 0.8667 0.8404
117 0.9247 0.3643 0.9004 0.8674 0.8441
118 0.9219 0.3688 0.8962 0.8682 0.8368
119 0.9174 0.4027 0.8931 0.8598 0.8322
120 0.9129 0.4299 0.8870 0.8605 0.8338
121 0.9174 0.4075 0.8932 0.8663 0.8419
122 0.9180 0.3843 0.8951 0.8683 0.8386
123 0.9216 0.3892 0.8965 0.8619 0.8363
124 0.9259 0.3511 0.9033 0.8615 0.8359
125 0.9231 0.3585 0.8999 0.8649 0.8391
126 0.9248 0.3592 0.8993 0.8667 0.8411
127 0.9239 0.3716 0.9014 0.8685 0.8424
128 0.9292 0.3453 0.9046 0.8609 0.8339
129 0.9232 0.3744 0.8993 0.8620 0.8373
130 0.9188 0.4015 0.8925 0.8574 0.8291
131 0.9220 0.3940 0.8978 0.8620 0.8344
132 0.9198 0.3910 0.8949 0.8567 0.8308
133 0.9280 0.3432 0.9069 0.8604 0.8364
134 0.9287 0.3464 0.9068 0.8596 0.8380
135 0.9255 0.3516 0.9024 0.8626 0.8407
136 0.9279 0.3424 0.9062 0.8619 0.8380
137 0.9265 0.3556 0.9045 0.8632 0.8379
138 0.9234 0.3611 0.9003 0.8591 0.8375
139 0.9198 0.3655 0.8957 0.8603 0.8346
140 0.9164 0.4113 0.8912 0.8595 0.8326
141 0.9232 0.3809 0.8987 0.8643 0.8352
142 0.9245 0.3637 0.9021 0.8614 0.8368
143 0.9216 0.3741 0.8977 0.8608 0.8364
144 0.9293 0.3310 0.9078 0.8648 0.8394
145 0.9283 0.3462 0.9068 0.8666 0.8409
146 0.9291 0.3390 0.9055 0.8631 0.8376
147 0.9290 0.3425 0.9059 0.8668 0.8422
148 0.9241 0.3607 0.9016 0.8635 0.8405
149 0.9260 0.3526 0.9022 0.8659 0.8404
150 0.9263 0.3661 0.9035 0.8585 0.8343
151 0.9252 0.3640 0.9023 0.8564 0.8315
152 0.9255 0.3511 0.9042 0.8698 0.8448
153 0.9250 0.3455 0.9029 0.8659 0.8435
154 0.9303 0.3377 0.9099 0.8688 0.8434
155 0.9343 0.3175 0.9129 0.8673 0.8419
156 0.9319 0.3219 0.9113 0.8704 0.8464
157 0.9307 0.3290 0.9104 0.8704 0.8475
158 0.9272 0.3316 0.9051 0.8671 0.8423
159 0.9265 0.3457 0.9056 0.8661 0.8406
160 0.9304 0.3271 0.9097 0.8678 0.8444
161 0.9305 0.3327 0.9080 0.8703 0.8463
162 0.9305 0.3171 0.9101 0.8676 0.8433
163 0.9319 0.3154 0.9108 0.8709 0.8471
164 0.9321 0.3187 0.9116 0.8716 0.8478
165 0.9368 0.3078 0.9166 0.8682 0.8439
166 0.9362 0.3078 0.9153 0.8691 0.8444
167 0.9332 0.3113 0.9132 0.8714 0.8464
168 0.9341 0.3049 0.9130 0.8724 0.8468
169 0.9348 0.3054 0.9143 0.8691 0.8451
170 0.9335 0.3135 0.9132 0.8715 0.8468
171 0.9338 0.3101 0.9115 0.8697 0.8457
172 0.9309 0.3202 0.9121 0.8690 0.8441
173 0.9352 0.3022 0.9139 0.8718 0.8462
174 0.9329 0.3053 0.9121 0.8728 0.8475
175 0.9343 0.3011 0.9150 0.8715 0.8464
176 0.9381 0.3000 0.9195 0.8718 0.8481
177 0.9341 0.3026 0.9151 0.8718 0.8465
178 0.9323 0.3049 0.9120 0.8700 0.8434
179 0.9376 0.2965 0.9164 0.8745 0.8507
180 0.9332 0.3066 0.9134 0.8747 0.8501
181 0.9354 0.2989 0.9151 0.8724 0.8474
182 0.9365 0.2960 0.9169 0.8722 0.8482
183 0.9352 0.2994 0.9150 0.8703 0.8457
184 0.9350 0.3003 0.9157 0.8726 0.8477
185 0.9364 0.2952 0.9165 0.8720 0.8474
186 0.9322 0.3083 0.9110 0.8723 0.8475
187 0.9350 0.2999 0.9147 0.8723 0.8470
188 0.9343 0.2945 0.9149 0.8692 0.8454
189 0.9336 0.3022 0.9137 0.8702 0.8466
190 0.9353 0.3010 0.9165 0.8706 0.8469
191 0.9345 0.2910 0.9154 0.8648 0.8406
192 0.9315 0.3098 0.9113 0.8677 0.8444
193 0.9342 0.3038 0.9131 0.8639 0.8393
194 0.9354 0.2958 0.9148 0.8633 0.8406
195 0.9355 0.2941 0.9159 0.8618 0.8386
196 0.9354 0.2927 0.9154 0.8655 0.8433
197 0.9355 0.2888 0.9162 0.8669 0.8431
198 0.9365 0.2896 0.9182 0.8709 0.8458
199 0.9398 0.2770 0.9227 0.8616 0.8376
