epoch train_BCELoss train_SoftDiceLoss train_iou train_loss train_mAP val_BCELoss val_SoftDiceLoss val_iou val_loss val_mAP
0 0.2995 0.2854 0.6273 0.5849 0.5612 0.3497 0.5938 0.6505 0.9438 0.5707
1 0.2171 0.2042 0.7026 0.4217 0.6451 0.2265 0.5822 0.7155 0.8093 0.6612
2 0.1920 0.1798 0.7270 0.3723 0.6721 0.2277 0.5487 0.7424 0.7771 0.6882
3 0.1535 0.1413 0.7658 0.2955 0.7176 0.1729 0.5323 0.7624 0.7060 0.7090
4 0.1250 0.1176 0.7863 0.2434 0.7392 0.1954 0.5118 0.7740 0.7082 0.7207
5 0.1031 0.0999 0.8056 0.2040 0.7594 0.1741 0.5098 0.7866 0.6848 0.7367
6 0.0984 0.0931 0.8131 0.1924 0.7677 0.1963 0.5109 0.7950 0.7082 0.7505
7 0.1093 0.0995 0.8048 0.2097 0.7592 0.2027 0.5100 0.7785 0.7137 0.7296
8 0.1108 0.0997 0.8054 0.2114 0.7607 0.2002 0.5092 0.7699 0.7104 0.7236
9 0.1312 0.1172 0.7887 0.2493 0.7428 0.2106 0.5220 0.7551 0.7335 0.6939
10 0.1490 0.1350 0.7811 0.2849 0.7332 0.2996 0.5637 0.6785 0.8642 0.6139
11 0.1324 0.1186 0.7962 0.2520 0.7520 0.3209 0.5287 0.7566 0.8508 0.7008
12 0.1154 0.1048 0.8178 0.2213 0.7748 0.1685 0.5052 0.8073 0.6747 0.7620
13 0.0818 0.0736 0.8418 0.1566 0.8026 0.2013 0.4897 0.8160 0.6922 0.7833
14 0.0684 0.0629 0.8565 0.1326 0.8218 0.1768 0.4882 0.8283 0.6663 0.7899
15 0.0625 0.0548 0.8642 0.1186 0.8298 0.1711 0.4815 0.8282 0.6539 0.7921
16 0.0604 0.0567 0.8648 0.1184 0.8306 0.2147 0.4808 0.8163 0.6968 0.7790
17 0.0593 0.0532 0.8623 0.1138 0.8294 0.2105 0.4828 0.8204 0.6946 0.7829
18 0.0694 0.0622 0.8578 0.1330 0.8225 0.2490 0.4894 0.8162 0.7399 0.7811
19 0.0996 0.0854 0.8289 0.1862 0.7906 0.1513 0.5114 0.7990 0.6639 0.7583
20 0.0955 0.0816 0.8330 0.1783 0.7916 0.3256 0.5199 0.7575 0.8467 0.7114
21 0.1054 0.0932 0.8304 0.1998 0.7932 0.1745 0.5276 0.8060 0.7033 0.7715
22 0.0832 0.0722 0.8489 0.1566 0.8132 0.1978 0.4984 0.8130 0.6975 0.7756
23 0.0573 0.0528 0.8700 0.1114 0.8373 0.1841 0.4891 0.8226 0.6745 0.7885
24 0.0462 0.0447 0.8800 0.0923 0.8502 0.2187 0.4753 0.8229 0.6956 0.7895
25 0.0441 0.0420 0.8839 0.0876 0.8554 0.1939 0.4740 0.8360 0.6694 0.8052
26 0.0433 0.0408 0.8852 0.0856 0.8555 0.2156 0.4748 0.8280 0.6918 0.7976
27 0.0440 0.0408 0.8861 0.0863 0.8568 0.2173 0.4740 0.8314 0.6927 0.7951
28 0.0571 0.0477 0.8734 0.1062 0.8436 0.2546 0.4958 0.8198 0.7518 0.7865
29 0.0824 0.0716 0.8483 0.1553 0.8098 0.8095 0.6537 0.5871 1.4647 0.5097
30 0.0900 0.0812 0.8291 0.1725 0.7932 0.2058 0.5226 0.8014 0.7297 0.7643
31 0.0788 0.0690 0.8567 0.1492 0.8229 0.1757 0.4882 0.8187 0.6653 0.7855
32 0.0661 0.0598 0.8606 0.1274 0.8292 0.1915 0.5181 0.7950 0.7109 0.7559
33 0.0607 0.0566 0.8721 0.1188 0.8409 0.1854 0.4999 0.8041 0.6868 0.7668
34 0.0435 0.0391 0.8914 0.0842 0.8634 0.1828 0.4809 0.8320 0.6653 0.7987
35 0.0393 0.0376 0.8908 0.0784 0.8651 0.1792 0.4787 0.8351 0.6594 0.8023
36 0.0392 0.0360 0.8932 0.0769 0.8684 0.2201 0.4747 0.8305 0.6964 0.7978
37 0.0376 0.0353 0.8907 0.0745 0.8643 0.2305 0.4800 0.8258 0.7120 0.7922
38 0.0460 0.0421 0.8866 0.0897 0.8582 0.2195 0.4851 0.8268 0.7061 0.7941
39 0.0420 0.0379 0.8872 0.0815 0.8604 0.2275 0.4755 0.8233 0.7044 0.7898
40 0.0445 0.0404 0.8827 0.0865 0.8527 0.2571 0.5032 0.7927 0.7616 0.7483
41 0.0560 0.0494 0.8724 0.1068 0.8408 0.2014 0.4835 0.8303 0.6865 0.7959
42 0.0438 0.0399 0.8834 0.0853 0.8560 0.2316 0.4708 0.8263 0.7040 0.7919
43 0.0363 0.0349 0.8965 0.0729 0.8709 0.2137 0.4702 0.8306 0.6855 0.7984
44 0.0335 0.0317 0.9025 0.0669 0.8782 0.1946 0.4657 0.8417 0.6620 0.8109
45 0.0289 0.0278 0.9069 0.0585 0.8852 0.1936 0.4652 0.8400 0.6605 0.8091
46 0.0296 0.0283 0.9059 0.0598 0.8827 0.2182 0.4660 0.8397 0.6859 0.8107
47 0.0306 0.0283 0.9029 0.0606 0.8807 0.2125 0.4677 0.8337 0.6818 0.8014
48 0.0298 0.0283 0.9070 0.0599 0.8833 0.2447 0.4653 0.8373 0.7117 0.8035
49 0.0332 0.0307 0.9005 0.0655 0.8766 0.2671 0.5017 0.8197 0.7701 0.7883
50 0.0527 0.0462 0.8739 0.1004 0.8444 0.2264 0.4790 0.8281 0.7068 0.7933
51 0.0656 0.0518 0.8717 0.1190 0.8415 0.5921 0.5682 0.6820 1.1617 0.6084
52 0.0587 0.0537 0.8712 0.1141 0.8404 0.1893 0.4890 0.8117 0.6797 0.7730
53 0.0501 0.0457 0.8857 0.0975 0.8592 0.2649 0.4831 0.8120 0.7497 0.7779
54 0.0310 0.0301 0.9041 0.0629 0.8811 0.2052 0.4691 0.8276 0.6760 0.7963
55 0.0284 0.0277 0.9102 0.0579 0.8883 0.2038 0.4698 0.8291 0.6752 0.7964
56 0.0281 0.0270 0.9092 0.0569 0.8878 0.2290 0.4709 0.8325 0.7015 0.7975
57 0.0273 0.0262 0.9113 0.0553 0.8904 0.2093 0.4676 0.8399 0.6785 0.8073
58 0.0285 0.0272 0.9054 0.0575 0.8856 0.2305 0.4685 0.8292 0.7006 0.7971
59 0.0504 0.0416 0.8838 0.0937 0.8557 0.2374 0.5025 0.8062 0.7414 0.7720
60 0.1128 0.0941 0.8154 0.2082 0.7767 0.3517 0.5768 0.4293 0.9287 0.3488
61 0.1154 0.0969 0.8253 0.2137 0.7845 0.1995 0.4881 0.8047 0.6891 0.7638
62 0.0658 0.0604 0.8665 0.1277 0.8344 0.2173 0.4761 0.8356 0.6950 0.8028
63 0.0461 0.0437 0.8873 0.0916 0.8593 0.2034 0.4775 0.8277 0.6824 0.7919
64 0.0372 0.0352 0.8978 0.0742 0.8734 0.2222 0.4723 0.8299 0.6961 0.7946
65 0.0311 0.0306 0.9033 0.0636 0.8797 0.2163 0.4701 0.8349 0.6881 0.8014
66 0.0329 0.0320 0.9004 0.0668 0.8768 0.2069 0.4660 0.8283 0.6747 0.7954
67 0.0310 0.0299 0.9049 0.0627 0.8821 0.2574 0.4686 0.8307 0.7278 0.7960
68 0.0378 0.0334 0.8967 0.0730 0.8731 0.2570 0.4740 0.8212 0.7327 0.7880
69 0.0418 0.0394 0.8898 0.0829 0.8635 0.2330 0.5048 0.7220 0.7393 0.6704
70 0.0763 0.0682 0.8512 0.1461 0.8165 0.2407 0.5312 0.7646 0.7733 0.7076
71 0.0519 0.0469 0.8763 0.1004 0.8475 0.2326 0.4833 0.8260 0.7174 0.7939
72 0.0380 0.0350 0.8937 0.0748 0.8701 0.2147 0.4772 0.8362 0.6935 0.8013
73 0.0283 0.0276 0.9095 0.0577 0.8885 0.2906 0.4692 0.8403 0.7616 0.8069
74 0.0261 0.0251 0.9144 0.0531 0.8937 0.2813 0.4695 0.8373 0.7529 0.8058
75 0.0242 0.0239 0.9167 0.0501 0.8977 0.2813 0.4680 0.8383 0.7513 0.8058
76 0.0266 0.0246 0.9139 0.0531 0.8931 0.2333 0.4640 0.8342 0.6991 0.8005
77 0.0252 0.0241 0.9150 0.0513 0.8969 0.2460 0.4707 0.8268 0.7184 0.7950
78 0.0299 0.0285 0.9105 0.0602 0.8881 0.2926 0.4738 0.8284 0.7683 0.7977
79 0.0286 0.0271 0.9088 0.0575 0.8868 0.2727 0.4697 0.8295 0.7442 0.7970
80 0.0478 0.0436 0.8822 0.0930 0.8561 0.2699 0.5239 0.7847 0.7951 0.7478
81 0.0579 0.0504 0.8793 0.1100 0.8493 0.2545 0.4847 0.8008 0.7407 0.7556
82 0.0383 0.0371 0.8955 0.0772 0.8686 0.2392 0.4840 0.8267 0.7249 0.7947
83 0.0274 0.0269 0.9121 0.0562 0.8899 0.2314 0.4681 0.8314 0.7012 0.7978
84 0.0234 0.0233 0.9201 0.0487 0.8995 0.2197 0.4659 0.8332 0.6873 0.7999
85 0.0216 0.0224 0.9208 0.0460 0.9021 0.2301 0.4681 0.8360 0.7000 0.8032
86 0.0215 0.0214 0.9230 0.0450 0.9056 0.2393 0.4664 0.8355 0.7075 0.8024
87 0.0217 0.0217 0.9203 0.0454 0.9033 0.2831 0.4670 0.8414 0.7518 0.8076
88 0.0350 0.0300 0.9114 0.0669 0.8895 0.1852 0.4856 0.8317 0.6725 0.8010
89 0.0445 0.0415 0.8901 0.0878 0.8634 0.2473 0.4818 0.8287 0.7308 0.7922
90 0.0595 0.0519 0.8756 0.1130 0.8451 0.5321 0.5971 0.5468 1.1302 0.4520
91 0.0901 0.0753 0.8466 0.1671 0.8129 0.1585 0.4929 0.7973 0.6527 0.7560
92 0.0482 0.0450 0.8867 0.0950 0.8608 0.1912 0.4890 0.8276 0.6817 0.7935
93 0.0330 0.0306 0.9071 0.0655 0.8852 0.2433 0.4808 0.8301 0.7257 0.7954
94 0.0260 0.0261 0.9131 0.0540 0.8931 0.2027 0.4712 0.8354 0.6755 0.8011
95 0.0233 0.0234 0.9182 0.0487 0.9002 0.2040 0.4712 0.8331 0.6769 0.7987
96 0.0233 0.0228 0.9177 0.0481 0.8992 0.2331 0.4735 0.8330 0.7083 0.8013
97 0.0230 0.0225 0.9179 0.0474 0.8988 0.2403 0.4716 0.8327 0.7136 0.7990
98 0.0229 0.0224 0.9174 0.0473 0.8988 0.2904 0.4712 0.8325 0.7633 0.8017
99 0.0324 0.0294 0.9087 0.0637 0.8873 0.3041 0.4926 0.8030 0.7983 0.7615
100 0.0536 0.0455 0.8809 0.1009 0.8536 0.2512 0.4818 0.7989 0.7346 0.7612
101 0.0359 0.0334 0.9014 0.0713 0.8774 0.2714 0.4771 0.8333 0.7502 0.8007
102 0.0353 0.0303 0.9018 0.0676 0.8793 0.2175 0.4723 0.8396 0.6915 0.8079
103 0.0280 0.0275 0.9127 0.0575 0.8927 0.3034 0.4756 0.8199 0.7807 0.7846
104 0.0227 0.0227 0.9188 0.0475 0.9009 0.2501 0.4708 0.8347 0.7226 0.8034
105 0.0207 0.0210 0.9235 0.0438 0.9060 0.2476 0.4699 0.8329 0.7193 0.7986
106 0.0203 0.0199 0.9235 0.0424 0.9062 0.2672 0.4700 0.8341 0.7390 0.8014
107 0.0203 0.0201 0.9253 0.0425 0.9076 0.2777 0.4718 0.8312 0.7513 0.7971
108 0.0218 0.0212 0.9208 0.0450 0.9037 0.2638 0.4729 0.8365 0.7385 0.8017
109 0.0212 0.0210 0.9233 0.0442 0.9046 0.2859 0.4682 0.8393 0.7559 0.8061
110 0.0219 0.0214 0.9206 0.0454 0.9026 0.2771 0.4712 0.8299 0.7500 0.7963
111 0.0226 0.0220 0.9208 0.0466 0.9015 0.2816 0.4711 0.8303 0.7544 0.7957
112 0.0222 0.0216 0.9220 0.0459 0.9050 0.2755 0.4789 0.8365 0.7562 0.8024
113 0.0210 0.0217 0.9259 0.0448 0.9083 0.2900 0.4805 0.8377 0.7723 0.8090
114 0.0177 0.0181 0.9306 0.0380 0.9162 0.2803 0.4840 0.8431 0.7662 0.8114
115 0.0173 0.0179 0.9346 0.0375 0.9204 0.2942 0.4720 0.8448 0.7681 0.8145
116 0.0178 0.0179 0.9327 0.0379 0.9175 0.2826 0.4668 0.8415 0.7514 0.8105
117 0.0175 0.0177 0.9335 0.0375 0.9181 0.3703 0.4720 0.8338 0.8444 0.8036
118 0.0220 0.0213 0.9249 0.0455 0.9068 0.2476 0.4666 0.8377 0.7161 0.8043
119 0.0190 0.0186 0.9292 0.0398 0.9126 0.2697 0.4848 0.8293 0.7562 0.7946
120 0.0206 0.0200 0.9238 0.0427 0.9065 0.2687 0.4737 0.8309 0.7442 0.7980
121 0.0211 0.0207 0.9244 0.0440 0.9057 0.3373 0.4745 0.8436 0.8136 0.8125
122 0.0177 0.0179 0.9319 0.0378 0.9168 0.3139 0.4711 0.8299 0.7868 0.7983
123 0.0165 0.0167 0.9339 0.0356 0.9196 0.3099 0.4656 0.8488 0.7776 0.8177
124 0.0149 0.0156 0.9379 0.0330 0.9240 0.3302 0.4664 0.8391 0.7988 0.8069
125 0.0146 0.0150 0.9395 0.0321 0.9259 0.3271 0.4653 0.8407 0.7946 0.8077
126 0.0144 0.0150 0.9400 0.0319 0.9265 0.3318 0.4627 0.8414 0.7968 0.8100
127 0.0147 0.0153 0.9395 0.0324 0.9260 0.3210 0.4666 0.8403 0.7900 0.8079
128 0.0160 0.0163 0.9368 0.0347 0.9217 0.3132 0.5139 0.8214 0.8287 0.7858
129 0.0989 0.0739 0.8467 0.1745 0.8155 1.2613 0.6670 0.5879 1.9297 0.5418
130 0.1042 0.0884 0.8294 0.1941 0.7907 0.2079 0.4988 0.8040 0.7085 0.7674
131 0.0700 0.0657 0.8584 0.1373 0.8280 0.2025 0.4882 0.8204 0.6924 0.7876
132 0.0390 0.0390 0.8924 0.0800 0.8675 0.2031 0.4976 0.8269 0.7023 0.7936
133 0.0317 0.0315 0.9070 0.0653 0.8871 0.2224 0.4635 0.8440 0.6875 0.8119
134 0.0228 0.0222 0.9216 0.0472 0.9037 0.2185 0.4613 0.8490 0.6816 0.8191
135 0.0201 0.0211 0.9246 0.0434 0.9071 0.2222 0.4595 0.8480 0.6835 0.8155
136 0.0193 0.0199 0.9258 0.0413 0.9088 0.2475 0.4595 0.8446 0.7088 0.8143
137 0.0194 0.0194 0.9244 0.0411 0.9081 0.2584 0.4610 0.8480 0.7211 0.8162
138 0.0185 0.0184 0.9270 0.0392 0.9117 0.2649 0.4604 0.8463 0.7272 0.8153
139 0.0210 0.0207 0.9237 0.0439 0.9067 0.2651 0.4687 0.8448 0.7356 0.8154
140 0.0256 0.0251 0.9106 0.0527 0.8888 0.3735 0.4834 0.8047 0.8588 0.7692
141 0.0239 0.0232 0.9174 0.0493 0.8978 0.2790 0.4662 0.8446 0.7469 0.8159
142 0.0228 0.0219 0.9237 0.0468 0.9060 0.2395 0.4609 0.8576 0.7024 0.8272
143 0.0189 0.0194 0.9268 0.0406 0.9109 0.2305 0.4550 0.8533 0.6874 0.8230
144 0.0172 0.0176 0.9336 0.0372 0.9172 0.2526 0.4577 0.8510 0.7123 0.8200
145 0.0156 0.0163 0.9350 0.0343 0.9215 0.2549 0.4557 0.8527 0.7127 0.8239
146 0.0154 0.0165 0.9367 0.0344 0.9228 0.2646 0.4584 0.8543 0.7249 0.8239
147 0.0161 0.0165 0.9356 0.0350 0.9210 0.3387 0.4664 0.8437 0.8070 0.8137
148 0.0157 0.0162 0.9364 0.0342 0.9226 0.2963 0.4588 0.8556 0.7569 0.8240
149 0.0157 0.0161 0.9348 0.0341 0.9207 0.2997 0.4628 0.8468 0.7644 0.8147
