epoch train_iou train_loss train_mAP val_iou val_mAP
0 0.5863 1.7105 0.5127 0.7016 0.6382
1 0.7162 1.2843 0.6506 0.7449 0.6725
2 0.7516 1.1455 0.6892 0.7590 0.7006
3 0.7654 1.0445 0.7073 0.7714 0.7226
4 0.7895 0.9560 0.7375 0.8053 0.7569
5 0.8048 0.8859 0.7539 0.8082 0.7615
6 0.7937 0.9195 0.7464 0.7984 0.7525
7 0.7968 0.9233 0.7465 0.8059 0.7609
8 0.7930 0.9344 0.7428 0.7509 0.6784
9 0.7911 0.9554 0.7434 0.7695 0.7046
10 0.7937 0.9521 0.7482 0.7504 0.7043
11 0.8016 0.8622 0.7581 0.8182 0.7758
12 0.8182 0.8242 0.7776 0.8061 0.7643
13 0.8273 0.7518 0.7876 0.8099 0.7716
14 0.8391 0.7171 0.7988 0.8277 0.7958
15 0.8433 0.6887 0.8055 0.8287 0.7977
16 0.8412 0.6987 0.8047 0.8385 0.8061
17 0.8380 0.7184 0.7988 0.8184 0.7874
18 0.8335 0.7368 0.7964 0.8131 0.7781
19 0.8324 0.7515 0.7952 0.8210 0.7800
20 0.8263 0.7887 0.7887 0.8184 0.7820
21 0.8246 0.7688 0.7885 0.7967 0.7626
22 0.8472 0.7062 0.8122 0.8396 0.8084
23 0.8546 0.6379 0.8189 0.8325 0.8030
24 0.8582 0.6090 0.8193 0.8397 0.8109
25 0.8638 0.5782 0.8290 0.8419 0.8135
26 0.8600 0.5953 0.8247 0.8300 0.8022
27 0.8538 0.6217 0.8187 0.8435 0.8169
28 0.8507 0.6457 0.8139 0.8239 0.7822
29 0.8438 0.6900 0.8087 0.8037 0.7543
30 0.8357 0.7328 0.8022 0.8112 0.7811
31 0.8468 0.6824 0.8119 0.8379 0.8102
32 0.8625 0.6243 0.8270 0.8432 0.8100
33 0.8629 0.5974 0.8309 0.8517 0.8257
34 0.8731 0.5453 0.8407 0.8483 0.8214
35 0.8788 0.5153 0.8478 0.8490 0.8225
36 0.8772 0.5205 0.8452 0.8485 0.8186
37 0.8693 0.5550 0.8362 0.8493 0.8201
38 0.8670 0.5679 0.8326 0.8461 0.8183
39 0.8567 0.6272 0.8201 0.8401 0.8048
40 0.8458 0.6973 0.8096 0.7852 0.7393
41 0.8516 0.6619 0.8142 0.8397 0.8132
42 0.8656 0.5954 0.8333 0.8464 0.8184
43 0.8690 0.5478 0.8377 0.8464 0.8173
44 0.8789 0.5251 0.8470 0.8526 0.8242
45 0.8796 0.4836 0.8478 0.8541 0.8261
46 0.8809 0.4941 0.8500 0.8528 0.8266
47 0.8835 0.5085 0.8504 0.8512 0.8248
48 0.8754 0.5350 0.8439 0.8542 0.8278
49 0.8654 0.5776 0.8342 0.8222 0.7941
50 0.8525 0.6499 0.8193 0.8416 0.8156
51 0.8632 0.5897 0.8326 0.8323 0.8040
52 0.8706 0.5519 0.8402 0.8507 0.8194
53 0.8763 0.5173 0.8449 0.8440 0.8163
54 0.8866 0.4900 0.8570 0.8480 0.8219
55 0.8822 0.4864 0.8527 0.8512 0.8252
56 0.8835 0.4805 0.8514 0.8498 0.8202
57 0.8884 0.4690 0.8581 0.8501 0.8214
58 0.8805 0.5076 0.8496 0.8534 0.8269
59 0.8644 0.5839 0.8331 0.8334 0.8056
60 0.8617 0.6129 0.8290 0.8520 0.8209
61 0.8717 0.5628 0.8423 0.8242 0.7989
62 0.8753 0.5252 0.8444 0.8458 0.8166
63 0.8841 0.4758 0.8531 0.8519 0.8225
64 0.8901 0.4596 0.8597 0.8550 0.8293
65 0.8925 0.4602 0.8620 0.8537 0.8278
66 0.8977 0.4341 0.8678 0.8511 0.8239
67 0.8923 0.4473 0.8630 0.8493 0.8214
68 0.8857 0.4904 0.8563 0.8498 0.8239
69 0.8771 0.5210 0.8459 0.8465 0.8191
70 0.8787 0.5271 0.8491 0.8380 0.8061
71 0.8748 0.5543 0.8459 0.8425 0.8162
72 0.8721 0.5329 0.8424 0.8501 0.8215
73 0.8903 0.4720 0.8633 0.8437 0.8181
74 0.8938 0.4366 0.8666 0.8503 0.8251
75 0.8989 0.4248 0.8715 0.8524 0.8263
76 0.9005 0.4090 0.8720 0.8473 0.8226
77 0.8959 0.4423 0.8691 0.8450 0.8172
78 0.8895 0.4521 0.8598 0.8443 0.8201
79 0.8843 0.4910 0.8551 0.8495 0.8203
80 0.8618 0.6125 0.8276 0.8383 0.8126
81 0.8734 0.5504 0.8424 0.8464 0.8186
82 0.8857 0.5068 0.8586 0.8475 0.8208
83 0.8916 0.4610 0.8621 0.8500 0.8243
84 0.9041 0.4089 0.8764 0.8559 0.8310
85 0.8985 0.4170 0.8712 0.8551 0.8302
86 0.9028 0.4066 0.8762 0.8533 0.8276
87 0.8925 0.4467 0.8679 0.8498 0.8243
88 0.8900 0.4629 0.8630 0.8420 0.8136
89 0.8920 0.4821 0.8607 0.8350 0.8044
90 0.8815 0.5187 0.8517 0.8539 0.8237
91 0.8883 0.4785 0.8592 0.8499 0.8185
92 0.8953 0.4411 0.8670 0.8535 0.8279
93 0.8980 0.4201 0.8688 0.8580 0.8347
94 0.9020 0.3972 0.8750 0.8604 0.8345
95 0.9099 0.3712 0.8868 0.8583 0.8331
96 0.9090 0.3784 0.8823 0.8585 0.8331
97 0.9018 0.4006 0.8769 0.8561 0.8296
98 0.8978 0.4320 0.8727 0.8545 0.8328
99 0.8920 0.4727 0.8659 0.8489 0.8252
100 0.8967 0.4177 0.8697 0.8503 0.8288
101 0.9028 0.4138 0.8745 0.8536 0.8260
102 0.9082 0.3727 0.8830 0.8556 0.8311
103 0.9069 0.3743 0.8799 0.8596 0.8368
104 0.9129 0.3583 0.8891 0.8591 0.8362
105 0.9130 0.3525 0.8877 0.8582 0.8346
106 0.9100 0.3497 0.8861 0.8609 0.8361
107 0.9122 0.3466 0.8882 0.8588 0.8369
108 0.9130 0.3493 0.8891 0.8527 0.8300
109 0.9072 0.3785 0.8807 0.8563 0.8332
110 0.8994 0.4112 0.8760 0.8538 0.8274
111 0.9016 0.4020 0.8763 0.8578 0.8298
112 0.9079 0.3797 0.8833 0.8605 0.8344
113 0.9090 0.3641 0.8850 0.8616 0.8376
114 0.9150 0.3446 0.8907 0.8607 0.8365
115 0.9150 0.3384 0.8933 0.8611 0.8369
116 0.9142 0.3433 0.8887 0.8615 0.8380
117 0.9159 0.3354 0.8900 0.8635 0.8376
118 0.9160 0.3410 0.8918 0.8587 0.8347
119 0.9092 0.3696 0.8843 0.8554 0.8275
120 0.9092 0.3882 0.8856 0.8482 0.8218
121 0.9007 0.4042 0.8748 0.8562 0.8305
122 0.9068 0.3700 0.8824 0.8603 0.8355
123 0.9147 0.3540 0.8923 0.8609 0.8376
124 0.9154 0.3361 0.8918 0.8617 0.8377
125 0.9166 0.3328 0.8931 0.8621 0.8376
126 0.9136 0.3300 0.8897 0.8576 0.8320
127 0.9135 0.3473 0.8912 0.8598 0.8359
128 0.9146 0.3375 0.8927 0.8586 0.8338
129 0.9156 0.3435 0.8941 0.8587 0.8341
130 0.9089 0.3666 0.8857 0.8556 0.8293
131 0.9136 0.3448 0.8892 0.8539 0.8308
132 0.9127 0.3552 0.8898 0.8523 0.8273
133 0.9131 0.3452 0.8909 0.8528 0.8278
134 0.9197 0.3200 0.8984 0.8494 0.8258
135 0.9188 0.3261 0.8969 0.8515 0.8274
136 0.9180 0.3251 0.8944 0.8590 0.8351
137 0.9185 0.3305 0.8968 0.8553 0.8309
138 0.9172 0.3274 0.8953 0.8560 0.8327
139 0.9103 0.3523 0.8884 0.8590 0.8338
140 0.9144 0.3434 0.8910 0.8486 0.8198
141 0.9114 0.3684 0.8883 0.8531 0.8287
142 0.9101 0.3545 0.8875 0.8638 0.8361
143 0.9168 0.3401 0.8947 0.8662 0.8406
144 0.9156 0.3178 0.8930 0.8620 0.8368
145 0.9212 0.3130 0.8988 0.8635 0.8368
146 0.9207 0.3114 0.9003 0.8604 0.8356
147 0.9207 0.3137 0.8991 0.8614 0.8371
148 0.9223 0.3118 0.9013 0.8555 0.8339
149 0.9166 0.3401 0.8927 0.8517 0.8281
150 0.9131 0.3468 0.8897 0.8509 0.8262
151 0.9117 0.3528 0.8905 0.8535 0.8281
152 0.9146 0.3337 0.8933 0.8530 0.8267
153 0.9194 0.3132 0.8970 0.8522 0.8273
154 0.9145 0.3391 0.8932 0.8510 0.8251
155 0.9161 0.3201 0.8956 0.8549 0.8286
156 0.9204 0.3001 0.9010 0.8586 0.8320
157 0.9207 0.3075 0.9017 0.8576 0.8332
158 0.9183 0.3098 0.8985 0.8632 0.8361
159 0.9170 0.3385 0.8929 0.8610 0.8339
160 0.9175 0.3255 0.8976 0.8616 0.8349
161 0.9236 0.3118 0.9039 0.8638 0.8398
162 0.9227 0.3010 0.9017 0.8609 0.8346
163 0.9269 0.2884 0.9072 0.8612 0.8350
164 0.9207 0.2991 0.9014 0.8600 0.8351
165 0.9225 0.3009 0.9025 0.8597 0.8335
166 0.9236 0.3004 0.9036 0.8608 0.8349
167 0.9238 0.2913 0.9056 0.8582 0.8343
168 0.9231 0.2956 0.9046 0.8602 0.8357
169 0.9254 0.2825 0.9047 0.8572 0.8298
170 0.9232 0.2980 0.9036 0.8607 0.8331
171 0.9270 0.2783 0.9096 0.8591 0.8350
172 0.9231 0.2927 0.9044 0.8626 0.8357
173 0.9252 0.2809 0.9058 0.8590 0.8327
174 0.9225 0.2938 0.9044 0.8610 0.8357
175 0.9232 0.2885 0.9037 0.8616 0.8352
176 0.9266 0.2745 0.9103 0.8604 0.8367
177 0.9216 0.2990 0.9019 0.8642 0.8374
178 0.9247 0.2906 0.9052 0.8614 0.8371
179 0.9222 0.2922 0.9039 0.8611 0.8371
180 0.9207 0.2939 0.9013 0.8615 0.8365
181 0.9260 0.2815 0.9078 0.8629 0.8353
182 0.9254 0.2819 0.9050 0.8625 0.8377
183 0.9250 0.2898 0.9056 0.8608 0.8346
184 0.9246 0.2842 0.9058 0.8587 0.8344
185 0.9243 0.2871 0.9051 0.8612 0.8349
186 0.9270 0.2818 0.9071 0.8587 0.8346
187 0.9222 0.2910 0.9024 0.8631 0.8381
188 0.9261 0.2854 0.9086 0.8596 0.8369
189 0.9228 0.2900 0.9038 0.8612 0.8369
190 0.9270 0.2787 0.9081 0.8577 0.8320
191 0.9275 0.2801 0.9101 0.8587 0.8325
192 0.9268 0.2809 0.9082 0.8608 0.8346
193 0.9236 0.2833 0.9052 0.8589 0.8335
194 0.9245 0.2882 0.9054 0.8593 0.8331
195 0.9283 0.2773 0.9090 0.8595 0.8332
196 0.9230 0.2895 0.9036 0.8598 0.8344
197 0.9266 0.2748 0.9071 0.8605 0.8345
198 0.9233 0.2908 0.9049 0.8616 0.8370
199 0.9227 0.2933 0.9024 0.8603 0.8347
