epoch train_BCELoss train_SoftDiceLoss train_iou train_loss train_mAP val_BCELoss val_SoftDiceLoss val_iou val_loss val_mAP
0 0.3204 0.3027 0.6432 0.6232 0.5852 0.2548 0.6102 0.6917 0.8652 0.6305
1 0.2461 0.2208 0.7109 0.4672 0.6597 0.2574 0.6009 0.6783 0.8587 0.6178
2 0.2238 0.2067 0.7256 0.4308 0.6773 0.2073 0.5663 0.7372 0.7740 0.6871
3 0.2006 0.1888 0.7460 0.3900 0.6998 0.2013 0.5598 0.7581 0.7617 0.7125
4 0.1791 0.1656 0.7708 0.3453 0.7252 0.1983 0.5450 0.7603 0.7440 0.7175
5 0.1668 0.1538 0.7818 0.3212 0.7407 0.1765 0.5376 0.7750 0.7149 0.7316
6 0.1728 0.1637 0.7706 0.3372 0.7275 0.1643 0.5321 0.7701 0.6972 0.7298
7 0.1802 0.1655 0.7618 0.3464 0.7178 0.1908 0.5327 0.7652 0.7242 0.7251
8 0.1945 0.1760 0.7566 0.3711 0.7121 0.1862 0.5374 0.7744 0.7243 0.7325
9 0.1883 0.1726 0.7743 0.3616 0.7318 0.3403 0.5612 0.7222 0.9020 0.6748
10 0.2005 0.1873 0.7547 0.3885 0.7090 0.2053 0.5266 0.7704 0.7329 0.7294
11 0.1826 0.1674 0.7665 0.3507 0.7247 0.1907 0.5652 0.7582 0.7565 0.7133
12 0.1646 0.1553 0.7786 0.3208 0.7383 0.1662 0.5346 0.7766 0.7016 0.7385
13 0.1465 0.1381 0.8048 0.2854 0.7643 0.1589 0.5115 0.7950 0.6714 0.7591
14 0.1276 0.1185 0.8224 0.2470 0.7859 0.1654 0.5171 0.8007 0.6835 0.7654
15 0.1225 0.1135 0.8207 0.2370 0.7849 0.1645 0.5177 0.8041 0.6831 0.7689
16 0.1266 0.1152 0.8189 0.2428 0.7844 0.1561 0.5139 0.8023 0.6710 0.7674
17 0.1318 0.1193 0.8162 0.2521 0.7799 0.1544 0.5174 0.7970 0.6727 0.7540
18 0.1445 0.1335 0.8074 0.2790 0.7669 0.1588 0.5083 0.7927 0.6683 0.7492
19 0.1606 0.1471 0.7924 0.3086 0.7525 0.3055 0.5486 0.7562 0.8549 0.7115
20 0.1631 0.1438 0.7965 0.3079 0.7582 0.2158 0.5864 0.7339 0.8028 0.6898
21 0.1513 0.1402 0.8076 0.2925 0.7713 0.1848 0.5194 0.7903 0.7052 0.7548
22 0.1426 0.1273 0.8115 0.2709 0.7727 0.1736 0.5043 0.8043 0.6790 0.7716
23 0.1348 0.1259 0.8111 0.2616 0.7744 0.1623 0.5021 0.8021 0.6655 0.7687
24 0.1210 0.1149 0.8267 0.2370 0.7924 0.1398 0.4960 0.8152 0.6370 0.7814
25 0.1080 0.1024 0.8329 0.2116 0.7973 0.1421 0.4929 0.8180 0.6361 0.7863
26 0.1170 0.1035 0.8310 0.2216 0.7971 0.1644 0.4991 0.8051 0.6646 0.7740
27 0.1146 0.1077 0.8338 0.2233 0.7977 0.1555 0.4942 0.8157 0.6509 0.7770
28 0.1301 0.1151 0.8208 0.2463 0.7836 0.1765 0.4967 0.8063 0.6743 0.7701
29 0.1341 0.1233 0.8198 0.2584 0.7844 0.1753 0.5016 0.7985 0.6780 0.7620
30 0.1450 0.1260 0.8178 0.2721 0.7799 0.1828 0.5063 0.7996 0.6902 0.7614
31 0.1301 0.1157 0.8246 0.2469 0.7876 0.1782 0.5063 0.7885 0.6855 0.7456
32 0.1267 0.1107 0.8301 0.2384 0.7950 0.1706 0.4993 0.8108 0.6710 0.7740
33 0.1168 0.1066 0.8313 0.2245 0.7971 0.1695 0.5159 0.8072 0.6866 0.7724
34 0.1033 0.0952 0.8436 0.1997 0.8102 0.1713 0.5133 0.8020 0.6858 0.7666
35 0.0918 0.0880 0.8466 0.1810 0.8137 0.1690 0.4999 0.8101 0.6701 0.7769
36 0.0953 0.0869 0.8433 0.1834 0.8103 0.1780 0.4958 0.8157 0.6750 0.7835
37 0.1034 0.0961 0.8449 0.2007 0.8112 0.1560 0.4918 0.8189 0.6490 0.7883
38 0.1100 0.0980 0.8407 0.2092 0.8077 0.1846 0.5142 0.8066 0.6999 0.7730
39 0.1265 0.1169 0.8140 0.2444 0.7780 0.2585 0.5488 0.7004 0.8082 0.6494
40 0.1573 0.1417 0.8007 0.3000 0.7593 0.2491 0.5161 0.7757 0.7665 0.7369
41 0.1285 0.1131 0.8282 0.2427 0.7924 0.3004 0.5239 0.7725 0.8255 0.7399
42 0.1172 0.1068 0.8325 0.2253 0.7966 0.1684 0.5155 0.8043 0.6850 0.7666
43 0.1026 0.0948 0.8381 0.1986 0.8031 0.2036 0.5042 0.8104 0.7091 0.7754
44 0.0923 0.0836 0.8543 0.1772 0.8200 0.1626 0.4908 0.8186 0.6548 0.7837
45 0.0883 0.0790 0.8543 0.1686 0.8216 0.1671 0.4889 0.8209 0.6574 0.7887
46 0.0896 0.0808 0.8543 0.1716 0.8194 0.1951 0.4823 0.8194 0.6787 0.7823
47 0.0973 0.0827 0.8525 0.1812 0.8182 0.1720 0.4909 0.8334 0.6642 0.7971
48 0.1074 0.0970 0.8352 0.2056 0.8001 0.1999 0.5103 0.8032 0.7114 0.7685
49 0.1214 0.1111 0.8316 0.2336 0.7962 0.2022 0.5281 0.8074 0.7315 0.7689
50 0.1408 0.1204 0.8160 0.2623 0.7783 0.1904 0.5044 0.7966 0.6960 0.7555
51 0.1233 0.1118 0.8226 0.2362 0.7853 0.2328 0.5341 0.8061 0.7679 0.7631
52 0.1063 0.1001 0.8439 0.2075 0.8064 0.2056 0.5016 0.8026 0.7086 0.7645
53 0.0992 0.0883 0.8446 0.1888 0.8108 0.1743 0.5050 0.8178 0.6805 0.7838
54 0.0777 0.0725 0.8577 0.1515 0.8245 0.2055 0.4921 0.8210 0.6989 0.7904
55 0.0792 0.0697 0.8660 0.1502 0.8337 0.1944 0.4844 0.8237 0.6801 0.7912
56 0.0796 0.0695 0.8555 0.1503 0.8237 0.1861 0.4887 0.8263 0.6761 0.7925
57 0.0880 0.0857 0.8500 0.1749 0.8154 0.1770 0.5196 0.8082 0.6979 0.7715
58 0.0909 0.0799 0.8542 0.1720 0.8215 0.2027 0.4925 0.8169 0.6965 0.7794
59 0.1000 0.0917 0.8416 0.1929 0.8059 0.2707 0.5506 0.7749 0.8222 0.7375
60 0.1131 0.0971 0.8342 0.2114 0.8004 0.2209 0.5095 0.7938 0.7317 0.7602
61 0.1019 0.0901 0.8440 0.1933 0.8107 0.1916 0.5264 0.8044 0.7191 0.7657
62 0.0962 0.0926 0.8463 0.1901 0.8127 0.2048 0.5335 0.8025 0.7394 0.7662
63 0.0931 0.0863 0.8475 0.1806 0.8138 0.1784 0.4952 0.8241 0.6750 0.7877
64 0.0722 0.0661 0.8680 0.1396 0.8345 0.1994 0.4916 0.8209 0.6924 0.7905
65 0.0752 0.0661 0.8711 0.1427 0.8406 0.1949 0.4962 0.8198 0.6924 0.7889
66 0.0685 0.0619 0.8708 0.1316 0.8374 0.1846 0.4868 0.8253 0.6729 0.7927
67 0.0765 0.0696 0.8678 0.1475 0.8348 0.1686 0.4913 0.8214 0.6612 0.7845
68 0.0790 0.0733 0.8556 0.1536 0.8225 0.1660 0.4925 0.8119 0.6600 0.7740
69 0.0935 0.0849 0.8494 0.1797 0.8150 0.1763 0.4884 0.8173 0.6661 0.7838
70 0.1346 0.1118 0.8189 0.2475 0.7822 0.1878 0.5132 0.7919 0.7021 0.7523
71 0.1114 0.1004 0.8267 0.2130 0.7902 0.2518 0.4897 0.8011 0.7430 0.7620
72 0.0902 0.0820 0.8510 0.1736 0.8171 0.1596 0.4873 0.8270 0.6483 0.7911
73 0.0767 0.0692 0.8645 0.1473 0.8334 0.1542 0.4947 0.8218 0.6502 0.7900
74 0.0730 0.0674 0.8658 0.1416 0.8359 0.1741 0.4890 0.8224 0.6644 0.7874
75 0.0630 0.0614 0.8749 0.1256 0.8426 0.1705 0.4844 0.8264 0.6563 0.7928
76 0.0691 0.0627 0.8652 0.1331 0.8342 0.1645 0.4763 0.8312 0.6423 0.7988
77 0.0727 0.0640 0.8647 0.1380 0.8333 0.1699 0.4820 0.8238 0.6534 0.7903
78 0.0768 0.0681 0.8642 0.1462 0.8316 0.1654 0.4919 0.8200 0.6587 0.7883
79 0.0910 0.0833 0.8562 0.1756 0.8201 0.2162 0.4944 0.8020 0.7119 0.7654
80 0.0987 0.0869 0.8467 0.1867 0.8129 0.2039 0.4892 0.8181 0.6946 0.7847
81 0.0944 0.0864 0.8401 0.1820 0.8053 0.2132 0.5355 0.7851 0.7498 0.7489
82 0.0831 0.0749 0.8553 0.1593 0.8223 0.2006 0.4992 0.8052 0.7010 0.7730
83 0.0749 0.0678 0.8689 0.1440 0.8366 0.1941 0.4909 0.8277 0.6863 0.7983
84 0.0630 0.0568 0.8678 0.1212 0.8372 0.1682 0.4890 0.8328 0.6586 0.8013
85 0.0647 0.0597 0.8720 0.1258 0.8424 0.1697 0.4857 0.8333 0.6568 0.8020
86 0.0657 0.0582 0.8701 0.1252 0.8409 0.1711 0.4891 0.8329 0.6616 0.8010
87 0.0630 0.0574 0.8715 0.1218 0.8399 0.1955 0.4821 0.8218 0.6791 0.7863
88 0.0803 0.0712 0.8547 0.1528 0.8223 0.1733 0.5039 0.8213 0.6786 0.7924
89 0.0940 0.0858 0.8465 0.1811 0.8122 0.1779 0.5156 0.8023 0.6947 0.7666
90 0.1063 0.0938 0.8328 0.2013 0.7983 0.2557 0.5219 0.8005 0.7788 0.7668
91 0.0888 0.0776 0.8541 0.1677 0.8214 0.2653 0.4979 0.8013 0.7646 0.7681
92 0.0834 0.0749 0.8574 0.1595 0.8262 0.1762 0.5019 0.8259 0.6795 0.7923
93 0.0674 0.0639 0.8604 0.1327 0.8287 0.2097 0.4977 0.8283 0.7088 0.7956
94 0.0695 0.0633 0.8773 0.1342 0.8448 0.1739 0.4970 0.8331 0.6724 0.8019
95 0.0582 0.0545 0.8791 0.1142 0.8477 0.1791 0.4852 0.8332 0.6657 0.8031
96 0.0602 0.0552 0.8747 0.1168 0.8430 0.2125 0.4793 0.8342 0.6934 0.8046
97 0.0623 0.0591 0.8775 0.1227 0.8492 0.2354 0.4850 0.8242 0.7218 0.7921
98 0.0700 0.0624 0.8747 0.1337 0.8427 0.2818 0.4921 0.8101 0.7754 0.7798
99 0.0815 0.0723 0.8551 0.1551 0.8224 0.1779 0.4895 0.8211 0.6688 0.7861
100 0.1019 0.0906 0.8392 0.1937 0.8028 0.2896 0.5322 0.7897 0.8230 0.7525
101 0.0929 0.0859 0.8465 0.1801 0.8133 0.1652 0.5042 0.8201 0.6708 0.7886
102 0.0719 0.0640 0.8661 0.1372 0.8351 0.1899 0.4864 0.8281 0.6778 0.8005
103 0.0715 0.0664 0.8699 0.1392 0.8385 0.1598 0.4929 0.8304 0.6541 0.8022
104 0.0619 0.0587 0.8757 0.1219 0.8456 0.1712 0.4865 0.8313 0.6592 0.8028
105 0.0557 0.0522 0.8728 0.1093 0.8431 0.1743 0.4898 0.8360 0.6656 0.8083
106 0.0575 0.0535 0.8833 0.1124 0.8538 0.1788 0.4782 0.8360 0.6585 0.8059
107 0.0619 0.0562 0.8783 0.1194 0.8473 0.1879 0.4802 0.8307 0.6696 0.7994
108 0.0697 0.0638 0.8673 0.1348 0.8349 0.2472 0.4874 0.8268 0.7359 0.7950
109 0.0917 0.0799 0.8494 0.1729 0.8156 0.1729 0.5008 0.8153 0.6750 0.7855
110 0.0914 0.0803 0.8514 0.1730 0.8167 0.2112 0.4931 0.7930 0.7057 0.7573
111 0.0842 0.0776 0.8565 0.1632 0.8231 0.3078 0.4951 0.8043 0.8043 0.7752
112 0.0758 0.0698 0.8635 0.1469 0.8310 0.2017 0.4839 0.8259 0.6871 0.7951
113 0.0648 0.0601 0.8709 0.1263 0.8402 0.1768 0.4992 0.8266 0.6774 0.7982
114 0.0566 0.0522 0.8841 0.1103 0.8522 0.1706 0.4824 0.8322 0.6544 0.8029
115 0.0544 0.0521 0.8818 0.1080 0.8537 0.1659 0.4818 0.8337 0.6493 0.8055
116 0.0546 0.0511 0.8812 0.1072 0.8511 0.1838 0.4819 0.8384 0.6672 0.8083
117 0.0644 0.0561 0.8772 0.1219 0.8459 0.1640 0.4801 0.8353 0.6456 0.8050
118 0.0704 0.0626 0.8744 0.1344 0.8438 0.1862 0.4843 0.8272 0.6719 0.7950
119 0.0726 0.0662 0.8610 0.1401 0.8279 0.2445 0.4923 0.8096 0.7382 0.7755
120 0.0815 0.0703 0.8613 0.1531 0.8286 0.2242 0.4876 0.8207 0.7132 0.7895
121 0.0844 0.0766 0.8573 0.1623 0.8261 0.2535 0.4898 0.8224 0.7447 0.7938
122 0.0693 0.0624 0.8679 0.1330 0.8359 0.2129 0.5083 0.8103 0.7224 0.7734
123 0.0679 0.0632 0.8659 0.1325 0.8343 0.1706 0.4865 0.8296 0.6586 0.7981
124 0.0565 0.0515 0.8803 0.1095 0.8501 0.1682 0.4781 0.8351 0.6480 0.8073
125 0.0520 0.0488 0.8847 0.1023 0.8561 0.1670 0.4773 0.8345 0.6459 0.8066
126 0.0537 0.0495 0.8801 0.1047 0.8511 0.1647 0.4793 0.8385 0.6456 0.8109
127 0.0572 0.0502 0.8807 0.1088 0.8500 0.1691 0.4772 0.8366 0.6479 0.8056
128 0.0647 0.0589 0.8717 0.1249 0.8388 0.2095 0.4874 0.8266 0.6983 0.7977
129 0.0667 0.0614 0.8622 0.1295 0.8296 0.2503 0.5235 0.8033 0.7750 0.7662
130 0.0865 0.0768 0.8554 0.1646 0.8228 0.2359 0.5278 0.7702 0.7649 0.7290
131 0.0869 0.0775 0.8596 0.1658 0.8267 0.1897 0.5117 0.7947 0.7025 0.7540
132 0.0681 0.0669 0.8674 0.1364 0.8359 0.1937 0.4906 0.8194 0.6859 0.7869
133 0.0672 0.0591 0.8777 0.1278 0.8461 0.1665 0.4844 0.8441 0.6524 0.8141
134 0.0540 0.0501 0.8784 0.1056 0.8480 0.1727 0.4749 0.8399 0.6492 0.8112
135 0.0536 0.0492 0.8859 0.1042 0.8578 0.1678 0.4749 0.8439 0.6442 0.8149
136 0.0532 0.0492 0.8889 0.1039 0.8608 0.1680 0.4785 0.8419 0.6480 0.8096
137 0.0551 0.0518 0.8831 0.1083 0.8522 0.1984 0.4777 0.8350 0.6777 0.8078
138 0.0583 0.0520 0.8857 0.1118 0.8554 0.2192 0.5208 0.7961 0.7410 0.7603
139 0.0763 0.0717 0.8595 0.1494 0.8283 0.2420 0.5265 0.7942 0.7696 0.7524
140 0.0803 0.0711 0.8637 0.1528 0.8287 0.2605 0.5409 0.7657 0.8024 0.7254
141 0.0752 0.0680 0.8620 0.1446 0.8315 0.2374 0.5000 0.8144 0.7388 0.7779
142 0.0747 0.0682 0.8657 0.1442 0.8340 0.1948 0.5071 0.8217 0.7032 0.7898
143 0.0594 0.0544 0.8777 0.1153 0.8468 0.2201 0.4868 0.8323 0.7085 0.8028
144 0.0510 0.0492 0.8889 0.1017 0.8606 0.1895 0.4760 0.8389 0.6670 0.8105
145 0.0471 0.0447 0.8908 0.0933 0.8624 0.1873 0.4798 0.8397 0.6686 0.8111
146 0.0471 0.0439 0.8942 0.0924 0.8673 0.2049 0.4896 0.8427 0.6960 0.8127
147 0.0513 0.0457 0.8836 0.0984 0.8558 0.1796 0.4816 0.8326 0.6628 0.8052
148 0.0577 0.0538 0.8798 0.1129 0.8493 0.2042 0.4921 0.8216 0.6978 0.7877
149 0.0718 0.0664 0.8614 0.1396 0.8282 0.1764 0.5038 0.8181 0.6815 0.7811
