epoch train_BCELoss train_SoftDiceLoss train_iou train_loss train_mAP val_BCELoss val_SoftDiceLoss val_iou val_loss val_mAP
0 0.3334 0.4384 0.6263 1.1293 0.5639 0.3206 0.6917 0.6165 1.0411 0.5647
1 0.2536 0.3498 0.7159 0.8514 0.6572 0.2615 0.6524 0.7053 0.8468 0.6612
2 0.2314 0.3239 0.7436 0.7705 0.6907 0.3217 0.6875 0.5705 1.1464 0.5252
3 0.2113 0.2972 0.7652 0.7050 0.7140 0.2261 0.6113 0.7203 0.8067 0.6679
4 0.1921 0.2741 0.7835 0.6419 0.7364 0.1977 0.5923 0.7644 0.6942 0.7220
5 0.1771 0.2503 0.8022 0.6025 0.7561 0.1950 0.5884 0.7715 0.6670 0.7322
6 0.1784 0.2555 0.7959 0.6025 0.7492 0.1962 0.5864 0.7715 0.6786 0.7332
7 0.1890 0.2622 0.7906 0.6344 0.7462 0.2321 0.6078 0.7329 0.7695 0.6816
8 0.1800 0.2548 0.7915 0.6158 0.7472 0.2049 0.5827 0.7716 0.6905 0.7254
9 0.1899 0.2653 0.7847 0.6492 0.7410 0.2663 0.6293 0.6649 0.9305 0.6147
10 0.1890 0.2632 0.7938 0.6316 0.7511 0.2026 0.5901 0.7684 0.6685 0.7299
11 0.1736 0.2461 0.8115 0.5745 0.7726 0.1984 0.5811 0.7920 0.6288 0.7566
12 0.1598 0.2267 0.8189 0.5504 0.7797 0.1714 0.5574 0.8001 0.5914 0.7661
13 0.1483 0.2138 0.8293 0.5019 0.7930 0.1727 0.5524 0.8028 0.5866 0.7731
14 0.1309 0.1884 0.8407 0.4633 0.8038 0.1553 0.5480 0.8063 0.5574 0.7782
15 0.1283 0.1888 0.8443 0.4430 0.8102 0.1524 0.5430 0.8199 0.5333 0.7876
16 0.1249 0.1825 0.8468 0.4363 0.8114 0.1654 0.5377 0.8108 0.6001 0.7806
17 0.1340 0.1898 0.8472 0.4623 0.8097 0.1708 0.5486 0.8043 0.5822 0.7702
18 0.1405 0.1999 0.8361 0.4911 0.7993 0.1757 0.5591 0.8070 0.5862 0.7746
19 0.1443 0.1994 0.8301 0.5113 0.7935 0.2117 0.5693 0.8096 0.6100 0.7712
20 0.1610 0.2232 0.8254 0.5414 0.7852 0.2556 0.5745 0.7530 0.8509 0.7020
21 0.1589 0.2201 0.8224 0.5399 0.7867 0.1819 0.5774 0.7796 0.6153 0.7513
22 0.1274 0.1831 0.8409 0.4633 0.8041 0.1623 0.5434 0.8223 0.5686 0.7918
23 0.1270 0.1814 0.8532 0.4393 0.8164 0.1526 0.5332 0.8252 0.5639 0.7934
24 0.1119 0.1614 0.8598 0.4042 0.8247 0.1608 0.5281 0.8340 0.5549 0.8020
25 0.1081 0.1520 0.8645 0.3960 0.8295 0.1465 0.5270 0.8397 0.5058 0.8075
26 0.1044 0.1549 0.8637 0.3837 0.8302 0.1526 0.5303 0.8349 0.5240 0.8050
27 0.1114 0.1617 0.8621 0.4069 0.8266 0.1630 0.5312 0.8241 0.5622 0.7918
28 0.1119 0.1581 0.8608 0.4044 0.8240 0.1637 0.5354 0.8092 0.5934 0.7761
29 0.1256 0.1800 0.8423 0.4582 0.8073 0.1905 0.5461 0.8182 0.6144 0.7733
30 0.1330 0.1872 0.8474 0.4600 0.8118 0.1822 0.5496 0.8132 0.6090 0.7745
31 0.1299 0.1847 0.8484 0.4604 0.8115 0.1828 0.5472 0.8036 0.6136 0.7724
32 0.1162 0.1642 0.8600 0.4094 0.8260 0.1623 0.5290 0.8266 0.5726 0.7980
33 0.1053 0.1523 0.8618 0.3943 0.8286 0.1375 0.5221 0.8309 0.5086 0.8007
34 0.0961 0.1416 0.8790 0.3472 0.8454 0.1397 0.5228 0.8492 0.4794 0.8183
35 0.0885 0.1311 0.8833 0.3269 0.8495 0.1368 0.5146 0.8473 0.4800 0.8160
36 0.0879 0.1286 0.8755 0.3415 0.8424 0.1489 0.5183 0.8452 0.5145 0.8165
37 0.0917 0.1322 0.8739 0.3496 0.8402 0.1558 0.5133 0.8348 0.5418 0.8040
38 0.1024 0.1467 0.8712 0.3732 0.8349 0.1564 0.5139 0.8267 0.5603 0.7930
39 0.1192 0.1688 0.8528 0.4284 0.8159 0.1446 0.5261 0.8358 0.5227 0.8043
40 0.1273 0.1816 0.8513 0.4424 0.8136 0.1741 0.5597 0.8030 0.5966 0.7683
41 0.1249 0.1777 0.8539 0.4356 0.8186 0.2472 0.5866 0.7269 0.8702 0.6897
42 0.1110 0.1635 0.8584 0.4036 0.8242 0.1737 0.5193 0.8317 0.5839 0.7966
43 0.0952 0.1364 0.8706 0.3648 0.8383 0.1477 0.5192 0.8369 0.5371 0.8102
44 0.0851 0.1237 0.8774 0.3316 0.8445 0.1454 0.5103 0.8454 0.5092 0.8149
45 0.0798 0.1183 0.8878 0.3028 0.8565 0.1455 0.5085 0.8474 0.5136 0.8168
46 0.0772 0.1135 0.8892 0.3055 0.8574 0.1495 0.5045 0.8420 0.5391 0.8125
47 0.0830 0.1204 0.8805 0.3255 0.8475 0.1452 0.5112 0.8414 0.5136 0.8103
48 0.0814 0.1150 0.8837 0.3237 0.8522 0.1586 0.5193 0.8248 0.5502 0.7924
49 0.1026 0.1443 0.8611 0.3901 0.8269 0.1796 0.5316 0.8058 0.6577 0.7752
50 0.1384 0.1938 0.8397 0.4843 0.8035 0.1950 0.5516 0.8000 0.6613 0.7581
51 0.1208 0.1690 0.8574 0.4288 0.8242 0.1778 0.5434 0.8064 0.6068 0.7750
52 0.1003 0.1428 0.8724 0.3698 0.8380 0.2179 0.5323 0.8072 0.7075 0.7611
53 0.1018 0.1427 0.8715 0.3681 0.8390 0.1460 0.5144 0.8265 0.5241 0.7954
54 0.0821 0.1198 0.8870 0.3138 0.8568 0.1373 0.5103 0.8436 0.4951 0.8155
55 0.0773 0.1161 0.8849 0.3034 0.8547 0.1383 0.5084 0.8489 0.4939 0.8191
56 0.0737 0.1068 0.8875 0.2959 0.8571 0.1482 0.5074 0.8443 0.5141 0.8143
57 0.0843 0.1207 0.8779 0.3314 0.8469 0.1638 0.5125 0.8398 0.5708 0.8103
58 0.0843 0.1216 0.8862 0.3212 0.8547 0.1524 0.5330 0.8367 0.5265 0.8054
59 0.1020 0.1442 0.8712 0.3751 0.8367 0.1601 0.5133 0.8344 0.5782 0.8010
60 0.1216 0.1717 0.8602 0.4235 0.8238 0.2047 0.5286 0.8119 0.6836 0.7762
61 0.1026 0.1471 0.8676 0.3795 0.8335 0.1716 0.5255 0.8251 0.5850 0.7876
62 0.0918 0.1316 0.8793 0.3445 0.8474 0.1643 0.5058 0.8340 0.5833 0.8028
63 0.0716 0.1038 0.8935 0.2927 0.8619 0.1873 0.5263 0.8452 0.5983 0.8179
64 0.0691 0.1000 0.8965 0.2762 0.8666 0.1492 0.5048 0.8543 0.5179 0.8256
65 0.0651 0.0958 0.8953 0.2752 0.8629 0.1467 0.5022 0.8545 0.5098 0.8239
66 0.0661 0.0938 0.8982 0.2721 0.8689 0.1507 0.5021 0.8549 0.5205 0.8260
67 0.0634 0.0927 0.8974 0.2696 0.8660 0.1513 0.5058 0.8449 0.5328 0.8175
68 0.0681 0.0972 0.8912 0.2894 0.8583 0.1434 0.5102 0.8489 0.4869 0.8153
69 0.0805 0.1180 0.8837 0.3227 0.8483 0.1570 0.5115 0.8345 0.5658 0.8025
70 0.0881 0.1260 0.8721 0.3553 0.8409 0.1846 0.5594 0.7839 0.6653 0.7499
71 0.1066 0.1496 0.8619 0.3951 0.8284 0.1756 0.5298 0.8408 0.5819 0.8084
72 0.0923 0.1316 0.8764 0.3500 0.8441 0.1704 0.5144 0.8403 0.5812 0.8121
73 0.0711 0.1014 0.8863 0.2978 0.8568 0.1645 0.5083 0.8498 0.5529 0.8185
74 0.0667 0.0968 0.8965 0.2743 0.8641 0.1591 0.5023 0.8464 0.5527 0.8162
75 0.0619 0.0907 0.8985 0.2639 0.8697 0.1597 0.5020 0.8473 0.5501 0.8173
76 0.0584 0.0857 0.8986 0.2540 0.8675 0.1624 0.4988 0.8522 0.5664 0.8230
77 0.0618 0.0886 0.8951 0.2728 0.8650 0.1426 0.5003 0.8492 0.5329 0.8220
78 0.0699 0.1002 0.8965 0.2859 0.8649 0.1687 0.5121 0.8344 0.6076 0.8000
79 0.0839 0.1188 0.8814 0.3263 0.8476 0.1623 0.5109 0.8422 0.5687 0.8137
80 0.0944 0.1344 0.8732 0.3578 0.8393 0.1639 0.5255 0.8268 0.5558 0.7936
81 0.0889 0.1287 0.8776 0.3446 0.8462 0.1640 0.5090 0.8429 0.5686 0.8095
82 0.0792 0.1152 0.8890 0.3074 0.8553 0.1505 0.4955 0.8490 0.5550 0.8198
83 0.0671 0.0983 0.8929 0.2850 0.8633 0.1505 0.5043 0.8575 0.5289 0.8282
84 0.0592 0.0890 0.9052 0.2491 0.8763 0.1532 0.4939 0.8590 0.5401 0.8274
85 0.0564 0.0823 0.9052 0.2420 0.8748 0.1442 0.4945 0.8623 0.5148 0.8334
86 0.0548 0.0782 0.9031 0.2407 0.8748 0.1503 0.4910 0.8624 0.5409 0.8322
87 0.0633 0.0886 0.8983 0.2649 0.8682 0.1395 0.5017 0.8492 0.5082 0.8194
88 0.0572 0.0861 0.8991 0.2569 0.8700 0.1446 0.4970 0.8580 0.5178 0.8261
89 0.0689 0.0988 0.8942 0.2858 0.8613 0.1758 0.5133 0.8308 0.6284 0.7925
90 0.0841 0.1179 0.8809 0.3322 0.8487 0.1653 0.5339 0.8125 0.6047 0.7846
91 0.0721 0.1033 0.8910 0.2955 0.8610 0.1627 0.5074 0.8426 0.5855 0.8125
92 0.0609 0.0878 0.8944 0.2669 0.8620 0.2126 0.5111 0.8355 0.6881 0.8071
93 0.0547 0.0792 0.9014 0.2527 0.8721 0.1810 0.4952 0.8593 0.5944 0.8281
94 0.0496 0.0729 0.9129 0.2259 0.8849 0.1816 0.4884 0.8570 0.6245 0.8291
95 0.0462 0.0644 0.9090 0.2241 0.8800 0.1845 0.4906 0.8599 0.6204 0.8311
96 0.0482 0.0690 0.9091 0.2273 0.8808 0.1842 0.4939 0.8563 0.6174 0.8266
97 0.0505 0.0738 0.9066 0.2326 0.8773 0.1585 0.5030 0.8466 0.5775 0.8183
98 0.0613 0.0854 0.8973 0.2679 0.8673 0.1358 0.5115 0.8464 0.4949 0.8189
99 0.0697 0.0969 0.9020 0.2754 0.8706 0.2167 0.5300 0.8291 0.7207 0.8001
100 0.0755 0.1078 0.8912 0.3081 0.8591 0.1864 0.5075 0.8326 0.6312 0.7996
101 0.0722 0.1033 0.8913 0.2996 0.8612 0.1648 0.5176 0.8391 0.5848 0.8126
102 0.0667 0.0954 0.8959 0.2778 0.8674 0.1907 0.4990 0.8409 0.6444 0.8091
103 0.0540 0.0808 0.9109 0.2333 0.8821 0.2233 0.4948 0.8522 0.7171 0.8251
104 0.0467 0.0671 0.9097 0.2256 0.8812 0.1812 0.4972 0.8508 0.6183 0.8243
105 0.0484 0.0686 0.9117 0.2252 0.8843 0.1840 0.4918 0.8543 0.6132 0.8275
106 0.0494 0.0697 0.9092 0.2297 0.8789 0.1778 0.4956 0.8583 0.5909 0.8284
107 0.0467 0.0662 0.9118 0.2228 0.8822 0.1755 0.4885 0.8609 0.5922 0.8333
108 0.0469 0.0673 0.9121 0.2266 0.8826 0.2078 0.4917 0.8484 0.6674 0.8206
109 0.0611 0.0844 0.8980 0.2671 0.8660 0.2007 0.5015 0.8331 0.7098 0.8056
110 0.0879 0.1207 0.8852 0.3296 0.8543 0.1863 0.5184 0.8196 0.7022 0.7936
111 0.0875 0.1280 0.8794 0.3437 0.8494 0.1773 0.5115 0.8437 0.6123 0.8119
112 0.0747 0.1086 0.8882 0.3065 0.8574 0.1445 0.4979 0.8467 0.5409 0.8167
113 0.0616 0.0898 0.9012 0.2653 0.8723 0.1750 0.4977 0.8573 0.5896 0.8296
114 0.0538 0.0781 0.9100 0.2327 0.8840 0.1805 0.4983 0.8566 0.6123 0.8296
115 0.0491 0.0681 0.9151 0.2251 0.8887 0.1808 0.4973 0.8555 0.6099 0.8290
116 0.0492 0.0728 0.9112 0.2252 0.8823 0.1689 0.4989 0.8617 0.5700 0.8345
117 0.0503 0.0735 0.9080 0.2281 0.8782 0.1729 0.4937 0.8559 0.5818 0.8262
118 0.0536 0.0786 0.9039 0.2479 0.8764 0.1772 0.5057 0.8573 0.5720 0.8246
119 0.0563 0.0792 0.9061 0.2545 0.8772 0.1926 0.5042 0.8483 0.6413 0.8173
120 0.0700 0.0984 0.8953 0.2866 0.8661 0.5637 0.5858 0.7082 1.6472 0.6685
121 0.0750 0.1035 0.8916 0.3017 0.8609 0.2073 0.5233 0.8136 0.7057 0.7791
122 0.0695 0.1004 0.8990 0.2802 0.8695 0.1627 0.5046 0.8462 0.5765 0.8189
123 0.0600 0.0831 0.9063 0.2536 0.8780 0.1638 0.5098 0.8425 0.5601 0.8139
124 0.0520 0.0787 0.9096 0.2301 0.8792 0.1837 0.5043 0.8530 0.6176 0.8249
125 0.0488 0.0700 0.9129 0.2236 0.8852 0.1846 0.4989 0.8571 0.6100 0.8286
126 0.0454 0.0648 0.9178 0.2102 0.8906 0.1883 0.4938 0.8592 0.6142 0.8314
127 0.0452 0.0639 0.9151 0.2098 0.8870 0.1953 0.4930 0.8611 0.6364 0.8333
128 0.0481 0.0690 0.9116 0.2237 0.8835 0.1785 0.4937 0.8464 0.6193 0.8096
129 0.0591 0.0824 0.9041 0.2539 0.8740 0.1751 0.5184 0.8446 0.6084 0.8131
130 0.0578 0.0829 0.9067 0.2502 0.8768 0.2331 0.5073 0.8390 0.7534 0.8067
131 0.0749 0.1053 0.8886 0.3106 0.8554 0.1831 0.5237 0.8412 0.6262 0.8099
132 0.0650 0.0914 0.9005 0.2669 0.8701 0.2350 0.5089 0.8163 0.7822 0.7775
133 0.0514 0.0754 0.9115 0.2320 0.8813 0.1707 0.4946 0.8578 0.5882 0.8284
134 0.0461 0.0660 0.9144 0.2131 0.8891 0.1734 0.4924 0.8597 0.5993 0.8329
135 0.0422 0.0607 0.9187 0.2055 0.8935 0.1727 0.4934 0.8584 0.5983 0.8305
136 0.0415 0.0600 0.9158 0.2039 0.8891 0.1589 0.4922 0.8648 0.5446 0.8369
137 0.0438 0.0631 0.9162 0.2075 0.8891 0.1729 0.4913 0.8630 0.5878 0.8335
138 0.0468 0.0675 0.9126 0.2215 0.8847 0.2116 0.4905 0.8408 0.7311 0.8097
139 0.0581 0.0837 0.8997 0.2629 0.8707 0.2181 0.5102 0.8165 0.7739 0.7769
140 0.0633 0.0886 0.9027 0.2680 0.8715 0.2341 0.5354 0.8115 0.8279 0.7786
141 0.0595 0.0846 0.9010 0.2627 0.8711 0.1746 0.4954 0.8520 0.6065 0.8191
142 0.0624 0.0869 0.9004 0.2641 0.8716 0.1690 0.5158 0.8442 0.5989 0.8156
143 0.0536 0.0786 0.9088 0.2342 0.8816 0.1883 0.4933 0.8542 0.6278 0.8226
144 0.0463 0.0660 0.9170 0.2125 0.8895 0.1623 0.4842 0.8549 0.5676 0.8260
145 0.0424 0.0618 0.9175 0.2028 0.8909 0.1654 0.4853 0.8619 0.5723 0.8316
146 0.0427 0.0607 0.9195 0.2031 0.8926 0.1633 0.4824 0.8624 0.5746 0.8333
147 0.0451 0.0633 0.9213 0.2037 0.8957 0.1822 0.4867 0.8536 0.6185 0.8246
148 0.0437 0.0622 0.9185 0.2057 0.8915 0.1791 0.4783 0.8518 0.6317 0.8201
149 0.0509 0.0724 0.9122 0.2320 0.8835 0.1422 0.5023 0.8485 0.5278 0.8228
150 0.0538 0.0766 0.9086 0.2393 0.8788 0.1903 0.5014 0.8386 0.6608 0.8023
151 0.0634 0.0891 0.9021 0.2694 0.8722 0.2041 0.5269 0.8117 0.7495 0.7832
152 0.0505 0.0752 0.9065 0.2382 0.8793 0.1627 0.4948 0.8592 0.5654 0.8288
153 0.0428 0.0617 0.9149 0.2098 0.8872 0.1825 0.5002 0.8586 0.6160 0.8338
154 0.0400 0.0573 0.9175 0.1968 0.8916 0.1474 0.4853 0.8627 0.5301 0.8350
155 0.0412 0.0589 0.9222 0.1907 0.8970 0.1480 0.4837 0.8641 0.5317 0.8346
156 0.0390 0.0555 0.9202 0.1907 0.8943 0.1785 0.4887 0.8638 0.5997 0.8344
157 0.0408 0.0561 0.9214 0.1952 0.8939 0.1522 0.4869 0.8669 0.5401 0.8347
158 0.0396 0.0572 0.9195 0.1962 0.8930 0.1918 0.4916 0.8552 0.6824 0.8256
159 0.0470 0.0672 0.9113 0.2220 0.8831 0.1680 0.5048 0.8407 0.5979 0.8090
160 0.0528 0.0748 0.9103 0.2348 0.8818 0.1460 0.4992 0.8572 0.5397 0.8286
161 0.0480 0.0693 0.9117 0.2222 0.8834 0.2327 0.5144 0.8336 0.7748 0.8023
162 0.0535 0.0709 0.9129 0.2301 0.8832 0.1766 0.4886 0.8402 0.6300 0.8050
163 0.0502 0.0723 0.9121 0.2238 0.8875 0.1526 0.4873 0.8490 0.5660 0.8213
164 0.0400 0.0560 0.9192 0.1964 0.8936 0.1625 0.4873 0.8616 0.5765 0.8335
165 0.0375 0.0538 0.9208 0.1913 0.8957 0.1636 0.4867 0.8628 0.5808 0.8365
166 0.0391 0.0544 0.9266 0.1830 0.9020 0.1429 0.4825 0.8588 0.5424 0.8334
167 0.0382 0.0547 0.9203 0.1958 0.8955 0.2090 0.4862 0.8501 0.6996 0.8225
168 0.0402 0.0556 0.9215 0.1953 0.8952 0.1783 0.4995 0.8468 0.6344 0.8195
169 0.0599 0.0862 0.9027 0.2530 0.8714 0.3387 0.5433 0.7783 1.0396 0.7252
170 0.0775 0.1087 0.8857 0.3165 0.8543 0.1953 0.5203 0.8361 0.7036 0.8048
171 0.0591 0.0862 0.9049 0.2562 0.8764 0.1483 0.5039 0.8404 0.5758 0.8090
172 0.0579 0.0811 0.9147 0.2349 0.8876 0.1546 0.4946 0.8498 0.5729 0.8203
173 0.0414 0.0598 0.9185 0.2009 0.8927 0.1762 0.4843 0.8576 0.6097 0.8248
174 0.0413 0.0578 0.9171 0.2021 0.8900 0.1331 0.4850 0.8665 0.5019 0.8377
175 0.0390 0.0573 0.9247 0.1885 0.8993 0.1286 0.4847 0.8661 0.4925 0.8355
176 0.0372 0.0526 0.9231 0.1892 0.8991 0.1447 0.4848 0.8626 0.5363 0.8335
177 0.0381 0.0532 0.9226 0.1882 0.8953 0.1298 0.4815 0.8615 0.5071 0.8308
178 0.0392 0.0561 0.9168 0.2017 0.8888 0.1815 0.4925 0.8532 0.6180 0.8255
179 0.0440 0.0605 0.9166 0.2061 0.8889 0.2142 0.4920 0.8559 0.7167 0.8201
180 0.0473 0.0674 0.9116 0.2260 0.8823 0.2099 0.4965 0.8421 0.7368 0.8097
181 0.0515 0.0738 0.9052 0.2384 0.8754 0.2146 0.4966 0.8443 0.7069 0.8145
182 0.0521 0.0704 0.9104 0.2358 0.8829 0.1649 0.5008 0.8483 0.5995 0.8208
183 0.0420 0.0607 0.9165 0.2043 0.8913 0.1677 0.4939 0.8600 0.5761 0.8281
184 0.0356 0.0510 0.9226 0.1846 0.8977 0.1919 0.4836 0.8624 0.6464 0.8355
185 0.0345 0.0474 0.9271 0.1775 0.9041 0.1955 0.4836 0.8631 0.6539 0.8347
186 0.0340 0.0485 0.9251 0.1784 0.8985 0.1957 0.4833 0.8696 0.6411 0.8382
187 0.0349 0.0487 0.9256 0.1817 0.9005 0.1651 0.4822 0.8625 0.5817 0.8320
188 0.0404 0.0567 0.9227 0.1962 0.8957 0.1498 0.4734 0.8562 0.5521 0.8274
189 0.0430 0.0594 0.9220 0.2035 0.8945 0.2086 0.4970 0.8443 0.6960 0.8149
190 0.0692 0.0939 0.8959 0.2868 0.8664 0.1963 0.5107 0.8181 0.6858 0.7833
191 0.0759 0.1076 0.8918 0.3021 0.8638 0.1515 0.5093 0.8431 0.5412 0.8142
192 0.0544 0.0778 0.9078 0.2369 0.8805 0.2062 0.4861 0.8509 0.6920 0.8200
193 0.0448 0.0639 0.9150 0.2099 0.8891 0.1843 0.4897 0.8541 0.6117 0.8255
194 0.0430 0.0597 0.9187 0.2007 0.8942 0.1758 0.4822 0.8609 0.6096 0.8333
195 0.0360 0.0521 0.9248 0.1805 0.9022 0.1766 0.4809 0.8627 0.6106 0.8355
196 0.0357 0.0505 0.9276 0.1757 0.9024 0.1835 0.4821 0.8619 0.6163 0.8343
197 0.0340 0.0477 0.9272 0.1761 0.9031 0.2088 0.4815 0.8524 0.7100 0.8252
198 0.0377 0.0532 0.9244 0.1863 0.8989 0.2354 0.4803 0.8487 0.7701 0.8189
199 0.0486 0.0654 0.9152 0.2179 0.8892 0.1885 0.5013 0.8212 0.6770 0.7877
200 0.0696 0.0950 0.9035 0.2754 0.8732 0.3047 0.5905 0.7587 1.0266 0.7239
201 0.0645 0.0904 0.9015 0.2690 0.8723 0.1557 0.4869 0.8542 0.5840 0.8263
202 0.0503 0.0720 0.9136 0.2212 0.8868 0.1453 0.4759 0.8606 0.5929 0.8317
203 0.0431 0.0595 0.9171 0.2054 0.8898 0.1370 0.4832 0.8610 0.5156 0.8308
204 0.0363 0.0527 0.9270 0.1794 0.9010 0.1510 0.4733 0.8613 0.5738 0.8343
205 0.0341 0.0484 0.9290 0.1696 0.9049 0.1445 0.4754 0.8678 0.5459 0.8400
206 0.0327 0.0459 0.9283 0.1684 0.9020 0.1620 0.4719 0.8585 0.6046 0.8293
207 0.0396 0.0549 0.9261 0.1889 0.9035 0.1693 0.4817 0.8499 0.6103 0.8236
208 0.0367 0.0520 0.9246 0.1851 0.8994 0.1635 0.4843 0.8621 0.6078 0.8333
209 0.0432 0.0614 0.9185 0.2033 0.8928 0.1896 0.4977 0.8449 0.7084 0.8149
210 0.0683 0.0952 0.8996 0.2796 0.8694 0.1805 0.5122 0.8373 0.6331 0.8062
211 0.0542 0.0759 0.9083 0.2402 0.8809 0.1453 0.4899 0.8490 0.5567 0.8161
212 0.0436 0.0624 0.9193 0.2057 0.8948 0.1574 0.4881 0.8610 0.5450 0.8311
213 0.0396 0.0540 0.9242 0.1873 0.8987 0.1293 0.4824 0.8720 0.4884 0.8424
214 0.0341 0.0476 0.9261 0.1751 0.9045 0.1303 0.4780 0.8719 0.4962 0.8446
215 0.0339 0.0485 0.9269 0.1708 0.9044 0.1291 0.4792 0.8723 0.4933 0.8457
216 0.0337 0.0471 0.9265 0.1727 0.9028 0.1593 0.4738 0.8653 0.5848 0.8370
217 0.0331 0.0451 0.9275 0.1725 0.9024 0.1601 0.4825 0.8573 0.5966 0.8260
218 0.0327 0.0464 0.9261 0.1736 0.9003 0.1609 0.4722 0.8559 0.5908 0.8258
219 0.0344 0.0482 0.9217 0.1841 0.8955 0.1672 0.4919 0.8534 0.6100 0.8233
220 0.0421 0.0603 0.9162 0.2097 0.8893 0.1632 0.4852 0.8508 0.6037 0.8144
221 0.0657 0.0888 0.9025 0.2706 0.8746 0.1784 0.5016 0.8216 0.6521 0.7810
222 0.0549 0.0779 0.9121 0.2324 0.8836 0.1755 0.4804 0.8522 0.6374 0.8198
223 0.0412 0.0592 0.9187 0.2030 0.8922 0.1530 0.4856 0.8534 0.5612 0.8260
224 0.0328 0.0475 0.9285 0.1682 0.9037 0.1736 0.4771 0.8614 0.6167 0.8334
225 0.0329 0.0455 0.9272 0.1727 0.9033 0.1654 0.4760 0.8653 0.5930 0.8358
226 0.0324 0.0453 0.9318 0.1664 0.9082 0.1645 0.4800 0.8607 0.5965 0.8319
227 0.0315 0.0442 0.9258 0.1734 0.9012 0.1742 0.4805 0.8504 0.6217 0.8237
228 0.0341 0.0473 0.9277 0.1754 0.9041 0.1693 0.4832 0.8371 0.6432 0.8065
229 0.0414 0.0572 0.9198 0.2009 0.8949 0.1970 0.4792 0.8575 0.6837 0.8296
230 0.0543 0.0770 0.9069 0.2416 0.8786 0.1770 0.5012 0.8406 0.6277 0.8103
231 0.0588 0.0851 0.9091 0.2489 0.8814 0.1728 0.4844 0.8512 0.6143 0.8240
232 0.0404 0.0584 0.9175 0.1977 0.8918 0.1766 0.4858 0.8714 0.5936 0.8400
233 0.0371 0.0505 0.9256 0.1837 0.8999 0.1855 0.4811 0.8562 0.6318 0.8321
234 0.0323 0.0455 0.9319 0.1621 0.9094 0.1864 0.4800 0.8603 0.6399 0.8359
235 0.0301 0.0431 0.9298 0.1597 0.9058 0.1853 0.4816 0.8595 0.6408 0.8363
236 0.0322 0.0453 0.9312 0.1618 0.9074 0.2126 0.4855 0.8597 0.7056 0.8340
237 0.0328 0.0457 0.9297 0.1680 0.9049 0.2380 0.4855 0.8561 0.7694 0.8291
238 0.0404 0.0559 0.9225 0.1903 0.8982 0.1940 0.4843 0.8533 0.6748 0.8225
239 0.0375 0.0524 0.9214 0.1898 0.8947 0.1585 0.4877 0.8609 0.5795 0.8296
240 0.0468 0.0654 0.9079 0.2335 0.8798 0.2309 0.5051 0.8391 0.7733 0.8070
241 0.0541 0.0740 0.9123 0.2280 0.8882 0.2241 0.4957 0.8298 0.7468 0.8007
242 0.0506 0.0695 0.9175 0.2199 0.8936 0.1802 0.4977 0.8517 0.6103 0.8231
243 0.0351 0.0507 0.9239 0.1813 0.8981 0.2105 0.4906 0.8615 0.7080 0.8314
244 0.0343 0.0479 0.9288 0.1748 0.9047 0.1839 0.4816 0.8602 0.6376 0.8314
245 0.0321 0.0465 0.9319 0.1604 0.9084 0.1825 0.4821 0.8590 0.6309 0.8294
246 0.0313 0.0436 0.9321 0.1601 0.9083 0.1939 0.4801 0.8532 0.6751 0.8228
247 0.0287 0.0394 0.9330 0.1543 0.9100 0.2068 0.4777 0.8572 0.7080 0.8273
248 0.0339 0.0474 0.9290 0.1698 0.9045 0.1736 0.4788 0.8547 0.6415 0.8252
249 0.0438 0.0600 0.9204 0.2061 0.8940 0.1846 0.5020 0.8472 0.6493 0.8202
