epoch train_iou train_loss train_mAP val_iou val_mAP
0 0.6452 1.1128 0.5698 0.6479 0.5867
1 0.7521 0.8123 0.6931 0.7287 0.6599
2 0.7699 0.7477 0.7173 0.7390 0.6999
3 0.7792 0.7071 0.7305 0.7823 0.7363
4 0.7897 0.6598 0.7450 0.8006 0.7579
5 0.7992 0.6414 0.7529 0.8014 0.7606
6 0.8099 0.6059 0.7643 0.7966 0.7582
7 0.8112 0.6045 0.7673 0.7691 0.7250
8 0.8033 0.6403 0.7608 0.7965 0.7487
9 0.8109 0.6195 0.7673 0.7561 0.7201
10 0.8090 0.6225 0.7663 0.7920 0.7548
11 0.8070 0.6151 0.7661 0.8038 0.7601
12 0.8323 0.5426 0.7997 0.8083 0.7788
13 0.8333 0.5183 0.7933 0.8095 0.7821
14 0.8420 0.4903 0.8064 0.8345 0.8026
15 0.8537 0.4511 0.8173 0.8345 0.8017
16 0.8424 0.4927 0.8053 0.8298 0.7939
17 0.8419 0.5004 0.8033 0.8351 0.7998
18 0.8349 0.5291 0.8012 0.8045 0.7709
19 0.8244 0.5584 0.7896 0.8086 0.7663
20 0.8291 0.5589 0.7943 0.7895 0.7685
21 0.8357 0.5253 0.8011 0.8096 0.7804
22 0.8411 0.5141 0.8099 0.8199 0.7882
23 0.8534 0.4679 0.8224 0.8417 0.8047
24 0.8598 0.4440 0.8280 0.8331 0.7998
25 0.8656 0.4173 0.8331 0.8419 0.8058
26 0.8642 0.4149 0.8337 0.8437 0.8115
27 0.8587 0.4392 0.8284 0.8426 0.8078
28 0.8500 0.4731 0.8199 0.8325 0.8013
29 0.8469 0.4869 0.8117 0.8274 0.7945
30 0.8440 0.5160 0.8080 0.8302 0.7965
31 0.8476 0.4895 0.8161 0.8193 0.7951
32 0.8622 0.4359 0.8306 0.8361 0.8046
33 0.8579 0.4519 0.8257 0.8448 0.8150
34 0.8586 0.4298 0.8300 0.8486 0.8183
35 0.8705 0.4060 0.8389 0.8499 0.8206
36 0.8743 0.3864 0.8458 0.8478 0.8160
37 0.8695 0.4048 0.8408 0.8460 0.8150
38 0.8715 0.4008 0.8416 0.8382 0.8065
39 0.8605 0.4408 0.8291 0.8323 0.7957
40 0.8569 0.4596 0.8239 0.8466 0.8112
41 0.8590 0.4559 0.8273 0.8223 0.7986
42 0.8508 0.4553 0.8193 0.8558 0.8230
43 0.8698 0.4008 0.8394 0.8473 0.8180
44 0.8731 0.4005 0.8447 0.8552 0.8246
45 0.8667 0.3999 0.8358 0.8574 0.8264
46 0.8843 0.3682 0.8568 0.8561 0.8270
47 0.8741 0.3855 0.8442 0.8616 0.8298
48 0.8675 0.4035 0.8393 0.8469 0.8200
49 0.8788 0.3848 0.8510 0.7908 0.7605
50 0.8569 0.4642 0.8241 0.8417 0.8123
51 0.8715 0.4171 0.8429 0.8407 0.8085
52 0.8653 0.4243 0.8376 0.8532 0.8202
53 0.8724 0.3973 0.8452 0.8508 0.8226
54 0.8803 0.3657 0.8531 0.8622 0.8329
55 0.8866 0.3527 0.8583 0.8591 0.8297
56 0.8766 0.3706 0.8467 0.8593 0.8315
57 0.8852 0.3554 0.8582 0.8616 0.8332
58 0.8732 0.3893 0.8444 0.8544 0.8252
59 0.8570 0.4516 0.8255 0.8544 0.8250
60 0.8693 0.4129 0.8394 0.8449 0.8095
61 0.8659 0.4161 0.8370 0.8476 0.8214
62 0.8762 0.3764 0.8460 0.8617 0.8322
63 0.8857 0.3538 0.8577 0.8570 0.8291
64 0.8893 0.3284 0.8639 0.8620 0.8364
65 0.8837 0.3399 0.8559 0.8618 0.8349
66 0.8858 0.3364 0.8578 0.8672 0.8386
67 0.8890 0.3341 0.8619 0.8636 0.8364
68 0.8810 0.3606 0.8534 0.8546 0.8236
69 0.8827 0.3779 0.8510 0.8405 0.8129
70 0.8645 0.4240 0.8333 0.8457 0.8155
71 0.8759 0.3948 0.8481 0.8357 0.8050
72 0.8734 0.3867 0.8460 0.8525 0.8208
73 0.8834 0.3589 0.8556 0.8565 0.8276
74 0.8881 0.3432 0.8616 0.8579 0.8298
75 0.8995 0.2979 0.8761 0.8649 0.8361
76 0.8933 0.3134 0.8681 0.8669 0.8364
77 0.8891 0.3349 0.8620 0.8593 0.8303
78 0.8882 0.3481 0.8611 0.8504 0.8250
79 0.8861 0.3538 0.8603 0.8529 0.8203
80 0.8643 0.4317 0.8354 0.8366 0.8020
81 0.8759 0.3933 0.8488 0.8109 0.7781
82 0.8707 0.4061 0.8418 0.8528 0.8256
83 0.8892 0.3379 0.8652 0.8599 0.8290
84 0.8906 0.3265 0.8630 0.8585 0.8320
85 0.8929 0.3211 0.8679 0.8621 0.8345
86 0.8942 0.3182 0.8687 0.8639 0.8362
87 0.8916 0.3319 0.8695 0.8652 0.8387
88 0.8867 0.3454 0.8559 0.8550 0.8323
89 0.8834 0.3549 0.8557 0.8616 0.8339
90 0.8749 0.3993 0.8471 0.8264 0.7916
91 0.8697 0.4187 0.8412 0.8310 0.8016
92 0.8844 0.3641 0.8578 0.8647 0.8388
93 0.8831 0.3516 0.8560 0.8658 0.8411
94 0.9004 0.3011 0.8739 0.8708 0.8454
95 0.9024 0.2915 0.8782 0.8712 0.8451
96 0.9002 0.2924 0.8734 0.8730 0.8471
97 0.9016 0.2982 0.8783 0.8609 0.8376
98 0.9008 0.2998 0.8763 0.8606 0.8331
99 0.8865 0.3504 0.8600 0.8560 0.8249
100 0.8910 0.3331 0.8647 0.8639 0.8365
101 0.8974 0.3137 0.8724 0.8652 0.8379
102 0.8987 0.2941 0.8738 0.8672 0.8425
103 0.9030 0.2845 0.8777 0.8759 0.8476
104 0.8990 0.2870 0.8737 0.8750 0.8495
105 0.9028 0.2852 0.8764 0.8766 0.8501
106 0.9017 0.2846 0.8765 0.8736 0.8484
107 0.9040 0.2738 0.8795 0.8733 0.8458
108 0.9043 0.2769 0.8779 0.8713 0.8427
109 0.9021 0.2914 0.8760 0.8735 0.8454
110 0.8976 0.2897 0.8698 0.8660 0.8388
111 0.8994 0.2998 0.8789 0.8751 0.8450
112 0.9056 0.2791 0.8816 0.8720 0.8478
113 0.9076 0.2685 0.8831 0.8681 0.8415
114 0.9057 0.2654 0.8819 0.8723 0.8482
115 0.9066 0.2745 0.8839 0.8734 0.8486
116 0.9071 0.2726 0.8843 0.8696 0.8439
117 0.9103 0.2628 0.8860 0.8696 0.8458
118 0.9029 0.2812 0.8771 0.8756 0.8525
119 0.9038 0.2863 0.8808 0.8707 0.8444
120 0.9022 0.2861 0.8775 0.8643 0.8333
121 0.9031 0.2832 0.8802 0.8714 0.8470
122 0.9091 0.2651 0.8857 0.8691 0.8434
123 0.9039 0.2719 0.8806 0.8698 0.8430
124 0.9096 0.2568 0.8874 0.8739 0.8495
125 0.9108 0.2545 0.8874 0.8781 0.8526
126 0.9102 0.2510 0.8869 0.8729 0.8480
127 0.9093 0.2601 0.8869 0.8740 0.8463
128 0.9053 0.2718 0.8800 0.8655 0.8417
129 0.9035 0.2828 0.8773 0.8675 0.8401
130 0.9032 0.2749 0.8776 0.8515 0.8224
131 0.9045 0.2767 0.8801 0.8738 0.8480
132 0.9105 0.2702 0.8855 0.8641 0.8385
133 0.9132 0.2445 0.8903 0.8701 0.8441
134 0.9100 0.2582 0.8890 0.8779 0.8519
135 0.9131 0.2570 0.8911 0.8782 0.8518
136 0.9195 0.2286 0.8954 0.8795 0.8543
137 0.9162 0.2448 0.8940 0.8727 0.8484
138 0.9083 0.2619 0.8856 0.8697 0.8428
139 0.9071 0.2813 0.8830 0.8733 0.8447
140 0.9082 0.2619 0.8852 0.8610 0.8361
141 0.9049 0.2730 0.8793 0.8709 0.8468
142 0.9069 0.2722 0.8841 0.8686 0.8405
143 0.9129 0.2523 0.8899 0.8729 0.8460
144 0.9202 0.2315 0.8981 0.8737 0.8490
145 0.9196 0.2319 0.8968 0.8719 0.8472
146 0.9198 0.2244 0.8989 0.8778 0.8529
147 0.9133 0.2440 0.8913 0.8693 0.8453
148 0.9084 0.2523 0.8875 0.8756 0.8498
149 0.9161 0.2483 0.8919 0.8710 0.8438
150 0.9077 0.2752 0.8859 0.8569 0.8291
151 0.9042 0.2862 0.8803 0.8625 0.8382
152 0.9009 0.2792 0.8769 0.8695 0.8438
153 0.9091 0.2561 0.8859 0.8664 0.8416
154 0.9149 0.2343 0.8926 0.8730 0.8456
155 0.9208 0.2227 0.8967 0.8725 0.8463
156 0.9208 0.2269 0.8991 0.8817 0.8554
157 0.9128 0.2399 0.8891 0.8798 0.8535
158 0.9132 0.2460 0.8900 0.8651 0.8399
159 0.9058 0.2732 0.8825 0.8717 0.8466
160 0.9079 0.2657 0.8843 0.8764 0.8517
161 0.9171 0.2492 0.8934 0.8738 0.8486
162 0.9164 0.2294 0.8943 0.8783 0.8525
163 0.9208 0.2250 0.9000 0.8750 0.8504
164 0.9114 0.2401 0.8898 0.8741 0.8484
165 0.9218 0.2284 0.8977 0.8749 0.8493
166 0.9204 0.2243 0.8976 0.8748 0.8496
167 0.9190 0.2255 0.8972 0.8740 0.8492
168 0.9239 0.2123 0.9032 0.8761 0.8499
169 0.9125 0.2367 0.8868 0.8805 0.8541
170 0.9168 0.2315 0.8939 0.8778 0.8549
171 0.9159 0.2345 0.8945 0.8770 0.8493
172 0.9151 0.2368 0.8928 0.8740 0.8499
173 0.9235 0.2171 0.9036 0.8755 0.8496
174 0.9236 0.2133 0.9026 0.8816 0.8547
175 0.9170 0.2277 0.8949 0.8767 0.8510
176 0.9242 0.2084 0.9054 0.8745 0.8498
177 0.9196 0.2200 0.8976 0.8762 0.8510
178 0.9227 0.2087 0.9022 0.8785 0.8531
179 0.9199 0.2217 0.8969 0.8753 0.8518
180 0.9197 0.2156 0.8984 0.8756 0.8516
181 0.9191 0.2234 0.8962 0.8775 0.8534
182 0.9240 0.2199 0.9053 0.8778 0.8547
183 0.9221 0.2143 0.9018 0.8753 0.8523
184 0.9212 0.2206 0.9007 0.8754 0.8535
185 0.9244 0.2124 0.9040 0.8771 0.8541
186 0.9235 0.2127 0.9024 0.8790 0.8537
187 0.9244 0.2086 0.9024 0.8777 0.8540
188 0.9243 0.2061 0.9061 0.8788 0.8548
189 0.9220 0.2118 0.8997 0.8779 0.8522
190 0.9219 0.2207 0.8985 0.8746 0.8513
191 0.9244 0.2065 0.9030 0.8821 0.8571
192 0.9200 0.2140 0.8981 0.8806 0.8546
193 0.9237 0.2128 0.9046 0.8811 0.8550
194 0.9260 0.2130 0.9072 0.8787 0.8534
195 0.9223 0.2135 0.8992 0.8784 0.8550
196 0.9237 0.2075 0.9007 0.8769 0.8535
197 0.9246 0.2090 0.9045 0.8836 0.8596
198 0.9281 0.1926 0.9091 0.8766 0.8517
199 0.9206 0.2107 0.8979 0.8806 0.8549
