epoch train_BCELoss train_SoftDiceLoss train_iou train_loss train_mAP val_BCELoss val_SoftDiceLoss val_iou val_loss val_mAP
0 0.3452 0.4578 0.6121 1.1732 0.5556 0.3889 0.6420 0.6615 1.2585 0.5762
1 0.2605 0.3561 0.7114 0.8607 0.6546 0.2478 0.6313 0.6946 0.8414 0.6423
2 0.2315 0.3222 0.7306 0.7863 0.6787 0.2668 0.6377 0.6812 0.8952 0.6249
3 0.2075 0.2902 0.7706 0.6852 0.7210 0.2122 0.6014 0.7258 0.7598 0.6724
4 0.1807 0.2570 0.7952 0.6069 0.7494 0.1949 0.5828 0.7678 0.6763 0.7303
5 0.1772 0.2564 0.7893 0.6046 0.7461 0.1895 0.5793 0.7635 0.6797 0.7268
6 0.1720 0.2417 0.8065 0.5783 0.7649 0.1969 0.5858 0.7652 0.6873 0.7242
7 0.1771 0.2512 0.7975 0.6050 0.7512 0.1781 0.5740 0.7760 0.6404 0.7407
8 0.1737 0.2459 0.7900 0.6099 0.7431 0.2466 0.5865 0.7544 0.9052 0.7156
9 0.1800 0.2547 0.7864 0.6317 0.7453 0.2044 0.5877 0.7739 0.6822 0.7294
10 0.1785 0.2481 0.7869 0.6281 0.7426 0.2065 0.5842 0.7804 0.7078 0.7380
11 0.1698 0.2378 0.8087 0.5789 0.7677 0.2044 0.5790 0.7720 0.6608 0.7441
12 0.1595 0.2275 0.8160 0.5419 0.7756 0.1831 0.5573 0.8037 0.6244 0.7697
13 0.1403 0.1997 0.8338 0.4931 0.7945 0.1579 0.5433 0.8044 0.5894 0.7734
14 0.1273 0.1826 0.8368 0.4596 0.7960 0.1590 0.5494 0.8043 0.5677 0.7740
15 0.1216 0.1786 0.8509 0.4221 0.8129 0.1576 0.5439 0.8166 0.5708 0.7867
16 0.1211 0.1738 0.8511 0.4306 0.8142 0.1643 0.5434 0.8060 0.6123 0.7778
17 0.1229 0.1757 0.8384 0.4544 0.8004 0.1574 0.5404 0.8165 0.5744 0.7837
18 0.1337 0.1914 0.8393 0.4723 0.8010 0.1676 0.5574 0.8045 0.6117 0.7768
19 0.1386 0.1950 0.8385 0.4852 0.8033 0.2553 0.6049 0.7491 0.8277 0.7114
20 0.1521 0.2148 0.8284 0.5198 0.7903 0.1657 0.5264 0.8093 0.6469 0.7697
21 0.1427 0.2018 0.8345 0.4901 0.7968 0.1720 0.5482 0.8087 0.5928 0.7734
22 0.1339 0.1900 0.8462 0.4617 0.8101 0.1593 0.5405 0.8285 0.5513 0.7921
23 0.1180 0.1716 0.8508 0.4313 0.8153 0.1623 0.5366 0.8348 0.5551 0.8032
24 0.1041 0.1515 0.8619 0.3857 0.8263 0.1547 0.5226 0.8258 0.5634 0.7980
25 0.0964 0.1459 0.8720 0.3537 0.8391 0.1556 0.5198 0.8340 0.5640 0.8048
26 0.0959 0.1390 0.8672 0.3648 0.8342 0.1585 0.5302 0.8212 0.5732 0.7946
27 0.1068 0.1540 0.8560 0.4055 0.8197 0.1597 0.5339 0.8241 0.5437 0.7934
28 0.1125 0.1604 0.8588 0.4102 0.8211 0.1595 0.5309 0.8229 0.5803 0.7910
29 0.1251 0.1783 0.8440 0.4559 0.8059 0.1983 0.5517 0.7863 0.7321 0.7523
30 0.1355 0.1902 0.8394 0.4752 0.8025 0.1903 0.5392 0.7918 0.6777 0.7427
31 0.1309 0.1834 0.8383 0.4737 0.8004 0.1527 0.5332 0.8145 0.5604 0.7804
32 0.1085 0.1559 0.8576 0.4033 0.8222 0.1504 0.5239 0.8263 0.5702 0.8007
33 0.1002 0.1458 0.8671 0.3738 0.8344 0.1566 0.5212 0.8321 0.5857 0.8060
34 0.0918 0.1340 0.8732 0.3531 0.8396 0.1476 0.5131 0.8310 0.5401 0.8018
35 0.0894 0.1338 0.8803 0.3344 0.8449 0.1469 0.5117 0.8342 0.5469 0.8053
36 0.0837 0.1253 0.8748 0.3380 0.8422 0.1634 0.5188 0.8350 0.5801 0.8081
37 0.0842 0.1227 0.8822 0.3320 0.8493 0.1619 0.5148 0.8138 0.5893 0.7766
38 0.1003 0.1455 0.8663 0.3770 0.8311 0.1570 0.5232 0.8233 0.5585 0.7894
39 0.1233 0.1731 0.8521 0.4381 0.8175 0.1883 0.5712 0.8006 0.6204 0.7710
40 0.1243 0.1742 0.8544 0.4380 0.8151 0.1682 0.5345 0.8037 0.6369 0.7745
41 0.1250 0.1779 0.8535 0.4358 0.8222 0.1524 0.5267 0.8214 0.5562 0.7921
42 0.1084 0.1577 0.8637 0.3894 0.8302 0.1710 0.5284 0.8224 0.6325 0.7909
43 0.0971 0.1409 0.8755 0.3579 0.8397 0.1573 0.5127 0.8322 0.5788 0.8019
44 0.0825 0.1203 0.8822 0.3242 0.8484 0.1509 0.5071 0.8334 0.5826 0.8073
45 0.0764 0.1153 0.8880 0.3107 0.8544 0.1476 0.5030 0.8397 0.5505 0.8138
46 0.0745 0.1102 0.8890 0.3045 0.8539 0.1635 0.5066 0.8399 0.5803 0.8129
47 0.0868 0.1224 0.8814 0.3308 0.8472 0.1442 0.5071 0.8375 0.5360 0.8081
48 0.0875 0.1232 0.8796 0.3347 0.8474 0.1548 0.5192 0.8257 0.5900 0.7947
49 0.0888 0.1258 0.8778 0.3473 0.8432 0.1687 0.5414 0.8255 0.5794 0.7916
50 0.1355 0.1875 0.8420 0.4780 0.8033 0.2019 0.5755 0.7663 0.6823 0.7281
51 0.1125 0.1613 0.8597 0.4110 0.8218 0.1757 0.5229 0.8249 0.6348 0.7957
52 0.0943 0.1369 0.8742 0.3559 0.8429 0.1681 0.5166 0.8321 0.6112 0.8026
53 0.0795 0.1160 0.8813 0.3192 0.8501 0.1360 0.5141 0.8405 0.5157 0.8138
54 0.0716 0.1052 0.8908 0.2943 0.8573 0.1855 0.5164 0.8342 0.6471 0.8050
55 0.0655 0.0981 0.8923 0.2832 0.8607 0.1904 0.5091 0.8369 0.6591 0.8103
56 0.0665 0.0968 0.8935 0.2829 0.8621 0.1441 0.4981 0.8456 0.5574 0.8194
57 0.0773 0.1116 0.8855 0.3144 0.8552 0.1603 0.5108 0.8402 0.5892 0.8105
58 0.0806 0.1167 0.8833 0.3247 0.8485 0.1927 0.5069 0.8298 0.6774 0.7978
59 0.0953 0.1331 0.8721 0.3677 0.8384 0.2073 0.5461 0.7944 0.7102 0.7537
60 0.1190 0.1686 0.8550 0.4261 0.8196 0.2146 0.5457 0.7625 0.8307 0.7111
61 0.0975 0.1398 0.8712 0.3720 0.8348 0.1529 0.5326 0.8375 0.5227 0.8090
62 0.0853 0.1240 0.8748 0.3428 0.8433 0.2108 0.5141 0.8325 0.7142 0.8031
63 0.0836 0.1224 0.8827 0.3273 0.8522 0.1502 0.5047 0.8422 0.5546 0.8159
64 0.0641 0.0952 0.8905 0.2810 0.8582 0.1652 0.5018 0.8467 0.5901 0.8209
65 0.0633 0.0949 0.9012 0.2649 0.8708 0.1659 0.4979 0.8460 0.5932 0.8197
66 0.0608 0.0890 0.9002 0.2636 0.8689 0.1698 0.4975 0.8453 0.6128 0.8213
67 0.0642 0.0922 0.8999 0.2674 0.8680 0.1642 0.4960 0.8446 0.6000 0.8142
68 0.0749 0.1077 0.8901 0.3046 0.8589 0.1608 0.5093 0.8451 0.5962 0.8136
69 0.0774 0.1108 0.8797 0.3222 0.8467 0.1597 0.5078 0.8241 0.5995 0.7880
70 0.0862 0.1217 0.8802 0.3383 0.8471 0.1605 0.5207 0.8061 0.6314 0.7603
71 0.0950 0.1354 0.8682 0.3690 0.8352 0.3597 0.5846 0.7000 1.2386 0.6484
72 0.0787 0.1175 0.8840 0.3164 0.8503 0.1778 0.5220 0.8304 0.6277 0.8032
73 0.0675 0.0996 0.8975 0.2799 0.8660 0.1583 0.5043 0.8375 0.5986 0.8096
74 0.0591 0.0855 0.9012 0.2558 0.8723 0.1597 0.4941 0.8487 0.5976 0.8224
75 0.0557 0.0826 0.9028 0.2495 0.8709 0.1560 0.4949 0.8528 0.5770 0.8261
76 0.0561 0.0825 0.9028 0.2493 0.8727 0.1674 0.5014 0.8417 0.6211 0.8172
77 0.0577 0.0807 0.9055 0.2528 0.8752 0.1503 0.4950 0.8470 0.5656 0.8186
78 0.0633 0.0931 0.8945 0.2689 0.8652 0.2048 0.5029 0.8506 0.7195 0.8197
79 0.0702 0.1021 0.8914 0.2991 0.8578 0.2267 0.5137 0.8077 0.8037 0.7733
80 0.1008 0.1407 0.8684 0.3743 0.8321 0.1586 0.5237 0.8318 0.6192 0.8041
81 0.0821 0.1177 0.8852 0.3234 0.8538 0.2230 0.5039 0.8215 0.8275 0.7933
82 0.0648 0.0948 0.8918 0.2833 0.8591 0.1871 0.5016 0.8460 0.6543 0.8185
83 0.0556 0.0829 0.9025 0.2532 0.8744 0.1647 0.4916 0.8495 0.5816 0.8221
84 0.0539 0.0782 0.9063 0.2430 0.8756 0.1711 0.4939 0.8465 0.6082 0.8191
85 0.0513 0.0767 0.9121 0.2284 0.8832 0.1762 0.4912 0.8482 0.6227 0.8214
86 0.0499 0.0721 0.9076 0.2340 0.8794 0.1845 0.4921 0.8522 0.6390 0.8260
87 0.0537 0.0760 0.9066 0.2422 0.8772 0.1521 0.4911 0.8517 0.5664 0.8251
88 0.0610 0.0873 0.8981 0.2663 0.8660 0.1778 0.4896 0.8537 0.6190 0.8248
89 0.0652 0.0937 0.8937 0.2830 0.8620 0.1881 0.5111 0.8157 0.7103 0.7827
90 0.0795 0.1129 0.8850 0.3219 0.8524 0.1683 0.5297 0.8002 0.6326 0.7678
91 0.0786 0.1130 0.8831 0.3223 0.8510 0.2074 0.5156 0.8171 0.7353 0.7887
92 0.0692 0.1005 0.8968 0.2856 0.8662 0.2049 0.5030 0.8289 0.7031 0.7983
93 0.0631 0.0905 0.9008 0.2612 0.8724 0.2082 0.4987 0.8469 0.7115 0.8188
94 0.0539 0.0768 0.9077 0.2388 0.8802 0.1766 0.4943 0.8526 0.6387 0.8270
95 0.0467 0.0671 0.9095 0.2281 0.8795 0.1785 0.4900 0.8546 0.6432 0.8286
96 0.0509 0.0757 0.9081 0.2337 0.8795 0.1641 0.4939 0.8529 0.5896 0.8263
97 0.0491 0.0704 0.9131 0.2221 0.8845 0.1698 0.4866 0.8474 0.6268 0.8224
98 0.0480 0.0682 0.9132 0.2263 0.8839 0.1761 0.4963 0.8422 0.6334 0.8161
99 0.0684 0.0971 0.8914 0.2918 0.8596 0.1618 0.5196 0.8333 0.6018 0.8034
100 0.1002 0.1436 0.8733 0.3736 0.8413 0.8028 0.6227 0.6298 2.4409 0.5845
101 0.0918 0.1307 0.8814 0.3402 0.8465 0.2182 0.5152 0.8167 0.7502 0.7780
102 0.0725 0.1040 0.8927 0.2899 0.8626 0.1567 0.5034 0.8480 0.5755 0.8198
103 0.0602 0.0880 0.9068 0.2541 0.8777 0.1630 0.4966 0.8458 0.5995 0.8202
104 0.0519 0.0750 0.9130 0.2308 0.8849 0.1579 0.4846 0.8509 0.5808 0.8234
105 0.0497 0.0701 0.9115 0.2240 0.8822 0.1623 0.4885 0.8503 0.5968 0.8239
106 0.0458 0.0664 0.9112 0.2207 0.8849 0.1941 0.4933 0.8492 0.6819 0.8224
107 0.0462 0.0682 0.9156 0.2180 0.8867 0.1916 0.4903 0.8530 0.6602 0.8219
108 0.0495 0.0708 0.9084 0.2375 0.8806 0.1437 0.4885 0.8486 0.5561 0.8236
109 0.0583 0.0829 0.9044 0.2594 0.8743 0.1821 0.5257 0.8340 0.6488 0.8044
110 0.0666 0.0950 0.8945 0.2805 0.8621 0.1441 0.5020 0.8431 0.5670 0.8111
111 0.0815 0.1150 0.8901 0.3114 0.8593 0.1392 0.5091 0.8310 0.5208 0.7993
112 0.0673 0.0979 0.8993 0.2746 0.8674 0.1599 0.4950 0.8538 0.6037 0.8280
113 0.0537 0.0780 0.9087 0.2378 0.8792 0.1742 0.4898 0.8541 0.6216 0.8285
114 0.0509 0.0760 0.9151 0.2233 0.8861 0.1587 0.4849 0.8519 0.5941 0.8246
115 0.0458 0.0662 0.9153 0.2122 0.8879 0.1573 0.4876 0.8549 0.5894 0.8284
116 0.0489 0.0687 0.9137 0.2153 0.8846 0.1609 0.4887 0.8549 0.5983 0.8298
117 0.0453 0.0659 0.9154 0.2147 0.8866 0.1679 0.4997 0.8474 0.6455 0.8219
118 0.0547 0.0780 0.9036 0.2459 0.8760 0.1842 0.5161 0.8257 0.7200 0.8025
119 0.0705 0.1009 0.8989 0.2838 0.8671 0.1519 0.4876 0.8531 0.5894 0.8226
120 0.0834 0.1166 0.8848 0.3332 0.8531 0.3016 0.5238 0.8041 0.9616 0.7629
121 0.0650 0.0958 0.8976 0.2794 0.8657 0.1752 0.5129 0.8400 0.6335 0.8105
122 0.0552 0.0793 0.9071 0.2443 0.8777 0.1626 0.4976 0.8455 0.6110 0.8183
123 0.0525 0.0749 0.9096 0.2322 0.8801 0.1594 0.4822 0.8475 0.6305 0.8178
124 0.0411 0.0597 0.9176 0.2024 0.8901 0.1780 0.4791 0.8551 0.6668 0.8292
125 0.0418 0.0604 0.9177 0.2063 0.8888 0.1739 0.4795 0.8548 0.6526 0.8303
126 0.0391 0.0560 0.9183 0.1979 0.8908 0.1573 0.4766 0.8522 0.6169 0.8273
127 0.0443 0.0629 0.9156 0.2119 0.8870 0.1503 0.4846 0.8580 0.5772 0.8329
128 0.0446 0.0642 0.9122 0.2183 0.8830 0.1765 0.4842 0.8472 0.6659 0.8196
129 0.0537 0.0742 0.9090 0.2420 0.8790 0.2525 0.5587 0.7980 0.8779 0.7714
130 0.0689 0.0950 0.8960 0.2852 0.8662 0.1384 0.4996 0.8443 0.5242 0.8065
131 0.0727 0.1025 0.8931 0.2910 0.8626 0.1672 0.5024 0.8424 0.6318 0.8127
132 0.0537 0.0782 0.9036 0.2436 0.8746 0.1880 0.4901 0.8364 0.7016 0.8099
133 0.0466 0.0655 0.9148 0.2137 0.8893 0.1593 0.4863 0.8482 0.6119 0.8246
134 0.0427 0.0599 0.9166 0.2074 0.8898 0.1572 0.4866 0.8497 0.6110 0.8231
135 0.0425 0.0616 0.9152 0.2063 0.8889 0.1631 0.4841 0.8499 0.6223 0.8242
136 0.0392 0.0559 0.9218 0.1930 0.8954 0.1736 0.4835 0.8490 0.6415 0.8246
137 0.0406 0.0581 0.9203 0.1995 0.8950 0.1807 0.4972 0.8478 0.6494 0.8224
138 0.0484 0.0682 0.9123 0.2244 0.8826 0.1582 0.4957 0.8464 0.6086 0.8179
139 0.0556 0.0801 0.9046 0.2458 0.8743 0.1713 0.5043 0.8459 0.6386 0.8192
140 0.0611 0.0877 0.9010 0.2639 0.8691 0.1767 0.4925 0.8322 0.6851 0.7971
141 0.0608 0.0864 0.9024 0.2580 0.8721 0.1557 0.4933 0.8427 0.6135 0.8151
142 0.0588 0.0836 0.9087 0.2480 0.8807 0.1560 0.4869 0.8455 0.6185 0.8191
143 0.0482 0.0685 0.9172 0.2145 0.8892 0.1709 0.4960 0.8424 0.6593 0.8157
144 0.0398 0.0582 0.9234 0.1889 0.8976 0.1646 0.4818 0.8546 0.6232 0.8287
145 0.0383 0.0555 0.9231 0.1920 0.8977 0.1620 0.4834 0.8569 0.6107 0.8302
146 0.0400 0.0568 0.9216 0.1926 0.8959 0.1689 0.4822 0.8546 0.6352 0.8275
147 0.0365 0.0518 0.9201 0.1929 0.8944 0.2097 0.4828 0.8560 0.7289 0.8293
148 0.0402 0.0584 0.9209 0.1938 0.8938 0.2094 0.4916 0.8440 0.7312 0.8102
149 0.0587 0.0787 0.9041 0.2530 0.8748 0.1745 0.5119 0.8000 0.7209 0.7672
150 0.0743 0.1065 0.8903 0.3027 0.8584 0.2028 0.5023 0.8354 0.7161 0.8012
151 0.0638 0.0925 0.9011 0.2649 0.8693 0.3185 0.5506 0.7227 1.1746 0.6832
152 0.0576 0.0843 0.9013 0.2571 0.8738 0.1675 0.5021 0.8480 0.5932 0.8263
153 0.0464 0.0679 0.9168 0.2129 0.8905 0.1674 0.4765 0.8570 0.6321 0.8291
154 0.0388 0.0565 0.9196 0.2006 0.8936 0.1742 0.4933 0.8533 0.6301 0.8252
155 0.0385 0.0556 0.9198 0.1892 0.8948 0.1685 0.4817 0.8562 0.6166 0.8288
156 0.0387 0.0546 0.9220 0.1907 0.8967 0.1771 0.4807 0.8572 0.6391 0.8305
157 0.0365 0.0527 0.9208 0.1876 0.8940 0.2029 0.4825 0.8590 0.7052 0.8310
158 0.0470 0.0667 0.9142 0.2186 0.8865 0.1726 0.5066 0.8447 0.6594 0.8171
159 0.0510 0.0730 0.9088 0.2345 0.8801 0.1791 0.5203 0.8284 0.6763 0.7972
160 0.0596 0.0857 0.9047 0.2531 0.8753 0.2154 0.5062 0.8274 0.7924 0.7974
161 0.0678 0.0935 0.9013 0.2776 0.8742 0.1743 0.4935 0.8411 0.6459 0.8144
162 0.0538 0.0776 0.9073 0.2406 0.8787 0.1750 0.4853 0.8400 0.6587 0.8138
163 0.0452 0.0660 0.9145 0.2189 0.8866 0.1793 0.4873 0.8429 0.6734 0.8174
164 0.0379 0.0543 0.9258 0.1838 0.9011 0.1873 0.4774 0.8502 0.6897 0.8230
165 0.0359 0.0506 0.9251 0.1834 0.8994 0.1827 0.4770 0.8523 0.6723 0.8254
166 0.0385 0.0546 0.9226 0.1910 0.8961 0.1615 0.4781 0.8522 0.6232 0.8251
167 0.0397 0.0562 0.9178 0.1982 0.8935 0.1799 0.4871 0.8535 0.6600 0.8263
168 0.0447 0.0623 0.9173 0.2099 0.8909 0.2364 0.4886 0.8413 0.8239 0.8172
169 0.0469 0.0648 0.9126 0.2296 0.8861 0.1455 0.4974 0.8386 0.5721 0.8064
170 0.0800 0.1080 0.8883 0.3170 0.8552 0.1816 0.5215 0.8289 0.6535 0.7975
171 0.0726 0.1048 0.8966 0.2896 0.8680 0.1891 0.5192 0.8147 0.6999 0.7825
172 0.0510 0.0733 0.9122 0.2245 0.8841 0.1794 0.4922 0.8403 0.6540 0.8094
173 0.0502 0.0686 0.9108 0.2250 0.8854 0.1414 0.4860 0.8584 0.5336 0.8333
174 0.0417 0.0593 0.9222 0.1925 0.8997 0.1649 0.4758 0.8553 0.6065 0.8306
175 0.0371 0.0527 0.9248 0.1827 0.8992 0.1648 0.4754 0.8577 0.6066 0.8322
176 0.0381 0.0522 0.9219 0.1906 0.8967 0.1536 0.4807 0.8564 0.5770 0.8320
177 0.0392 0.0564 0.9262 0.1848 0.9017 0.2115 0.4729 0.8548 0.7409 0.8284
178 0.0409 0.0595 0.9221 0.1992 0.8950 0.1983 0.4826 0.8438 0.6991 0.8132
179 0.0369 0.0517 0.9193 0.1942 0.8922 0.2269 0.4799 0.8482 0.7801 0.8159
180 0.0497 0.0706 0.9115 0.2280 0.8833 0.2159 0.5168 0.8181 0.7973 0.7839
181 0.0623 0.0844 0.9054 0.2570 0.8747 0.2317 0.5093 0.8214 0.8181 0.7933
182 0.0497 0.0710 0.9123 0.2237 0.8861 0.2066 0.4911 0.8502 0.7155 0.8227
183 0.0415 0.0581 0.9182 0.2023 0.8920 0.1651 0.4913 0.8513 0.6057 0.8216
184 0.0382 0.0551 0.9235 0.1879 0.8990 0.1725 0.4780 0.8541 0.6300 0.8257
185 0.0353 0.0519 0.9273 0.1759 0.9013 0.1826 0.4811 0.8535 0.6515 0.8261
186 0.0342 0.0478 0.9272 0.1714 0.9020 0.2052 0.4743 0.8562 0.7098 0.8293
187 0.0333 0.0476 0.9268 0.1753 0.9009 0.2155 0.4740 0.8485 0.7628 0.8212
188 0.0386 0.0543 0.9183 0.1945 0.8916 0.2299 0.4858 0.8512 0.7756 0.8257
189 0.0563 0.0789 0.9066 0.2449 0.8798 0.1992 0.4950 0.8388 0.6957 0.8081
190 0.0616 0.0836 0.9045 0.2616 0.8733 0.2393 0.5263 0.8126 0.8681 0.7832
191 0.0611 0.0872 0.9031 0.2585 0.8730 0.2143 0.4848 0.8463 0.7392 0.8166
192 0.0502 0.0720 0.9144 0.2204 0.8891 0.1823 0.4951 0.8552 0.6521 0.8302
193 0.0423 0.0611 0.9232 0.1978 0.8979 0.1500 0.4788 0.8541 0.5717 0.8255
194 0.0370 0.0522 0.9275 0.1771 0.9033 0.1679 0.4781 0.8549 0.6296 0.8296
195 0.0350 0.0512 0.9265 0.1755 0.9008 0.1616 0.4779 0.8593 0.6028 0.8343
196 0.0341 0.0482 0.9297 0.1703 0.9048 0.1765 0.4771 0.8562 0.6372 0.8317
197 0.0358 0.0512 0.9257 0.1795 0.9013 0.1828 0.4736 0.8553 0.6686 0.8304
198 0.0335 0.0470 0.9284 0.1737 0.9046 0.2503 0.4884 0.8502 0.8192 0.8238
199 0.0416 0.0589 0.9190 0.2007 0.8931 0.2232 0.4829 0.8402 0.7569 0.8113
200 0.0519 0.0717 0.9099 0.2360 0.8812 0.2214 0.4943 0.8361 0.7707 0.8022
201 0.0537 0.0772 0.9068 0.2426 0.8788 0.1888 0.4852 0.8415 0.6945 0.8111
202 0.0485 0.0688 0.9150 0.2199 0.8881 0.1913 0.4872 0.8497 0.6712 0.8242
203 0.0366 0.0529 0.9247 0.1860 0.9004 0.1939 0.4745 0.8507 0.7063 0.8272
204 0.0355 0.0498 0.9283 0.1757 0.9045 0.2117 0.4732 0.8523 0.7337 0.8267
205 0.0350 0.0482 0.9300 0.1694 0.9066 0.2143 0.4735 0.8554 0.7380 0.8309
206 0.0327 0.0465 0.9324 0.1621 0.9095 0.2414 0.4691 0.8567 0.8052 0.8305
207 0.0344 0.0480 0.9287 0.1717 0.9042 0.1894 0.4766 0.8558 0.6663 0.8304
208 0.0372 0.0508 0.9266 0.1815 0.9023 0.1989 0.4987 0.8411 0.7168 0.8135
209 0.0429 0.0594 0.9159 0.2088 0.8895 0.2138 0.4752 0.8517 0.7637 0.8252
210 0.0419 0.0594 0.9207 0.2026 0.8925 0.2024 0.4849 0.8521 0.6999 0.8264
211 0.0418 0.0597 0.9216 0.1977 0.8942 0.1791 0.4800 0.8469 0.6989 0.8251
212 0.0374 0.0535 0.9211 0.1893 0.8952 0.2425 0.4803 0.8444 0.8385 0.8197
213 0.0349 0.0500 0.9268 0.1769 0.9039 0.2076 0.4715 0.8514 0.7493 0.8269
214 0.0308 0.0437 0.9266 0.1686 0.9033 0.2014 0.4714 0.8615 0.6886 0.8365
215 0.0305 0.0429 0.9301 0.1604 0.9055 0.2103 0.4707 0.8595 0.7155 0.8351
216 0.0296 0.0411 0.9339 0.1581 0.9108 0.1912 0.4702 0.8617 0.6752 0.8361
217 0.0296 0.0420 0.9334 0.1533 0.9103 0.2221 0.4692 0.8563 0.7688 0.8308
218 0.0360 0.0495 0.9240 0.1836 0.8998 0.3489 0.4975 0.8147 1.1450 0.7809
219 0.0473 0.0656 0.9125 0.2236 0.8820 0.2153 0.4924 0.8450 0.7423 0.8154
220 0.0639 0.0883 0.9017 0.2652 0.8728 0.2053 0.5558 0.8036 0.6976 0.7697
221 0.0610 0.0845 0.9115 0.2489 0.8831 0.1434 0.5023 0.8546 0.5431 0.8238
222 0.0471 0.0688 0.9182 0.2085 0.8920 0.1537 0.4755 0.8526 0.5893 0.8255
223 0.0363 0.0512 0.9255 0.1822 0.9003 0.1619 0.4781 0.8623 0.5936 0.8369
224 0.0326 0.0479 0.9297 0.1642 0.9068 0.1780 0.4701 0.8660 0.6454 0.8413
225 0.0307 0.0425 0.9297 0.1617 0.9060 0.1790 0.4703 0.8658 0.6456 0.8417
226 0.0320 0.0443 0.9290 0.1668 0.9059 0.2098 0.4813 0.8564 0.7520 0.8315
227 0.0315 0.0440 0.9282 0.1639 0.9053 0.2127 0.4754 0.8628 0.7411 0.8385
228 0.0339 0.0468 0.9265 0.1754 0.9002 0.2122 0.4981 0.8479 0.7652 0.8233
229 0.0376 0.0523 0.9247 0.1864 0.8997 0.2155 0.4901 0.8463 0.7536 0.8173
230 0.0446 0.0622 0.9213 0.2051 0.8938 0.1676 0.4919 0.8386 0.6462 0.8119
231 0.0461 0.0659 0.9152 0.2159 0.8860 0.1900 0.4976 0.8151 0.7326 0.7828
232 0.0416 0.0591 0.9209 0.1984 0.8949 0.2018 0.4815 0.8476 0.7157 0.8206
233 0.0408 0.0576 0.9255 0.1860 0.9005 0.1745 0.4753 0.8459 0.6515 0.8198
234 0.0345 0.0506 0.9266 0.1725 0.9037 0.2005 0.4770 0.8434 0.7241 0.8201
235 0.0322 0.0457 0.9318 0.1627 0.9081 0.2005 0.4761 0.8458 0.7204 0.8226
236 0.0299 0.0430 0.9331 0.1556 0.9112 0.2084 0.4705 0.8487 0.7530 0.8209
237 0.0328 0.0463 0.9299 0.1668 0.9076 0.2071 0.4726 0.8506 0.7540 0.8248
238 0.0342 0.0480 0.9277 0.1706 0.9031 0.2192 0.4791 0.8473 0.7612 0.8197
239 0.0348 0.0474 0.9300 0.1731 0.9050 0.2697 0.5210 0.7774 0.9790 0.7304
240 0.0529 0.0748 0.9117 0.2353 0.8834 0.2346 0.4975 0.8384 0.7819 0.8058
241 0.0571 0.0807 0.9065 0.2510 0.8794 0.1446 0.4949 0.8460 0.5597 0.8186
242 0.0354 0.0513 0.9271 0.1808 0.9019 0.2175 0.4745 0.8514 0.7635 0.8244
243 0.0369 0.0518 0.9256 0.1833 0.9010 0.1791 0.4718 0.8530 0.6568 0.8254
244 0.0311 0.0437 0.9331 0.1577 0.9090 0.1913 0.4764 0.8552 0.6903 0.8298
245 0.0293 0.0418 0.9348 0.1547 0.9125 0.1896 0.4688 0.8599 0.6814 0.8347
246 0.0287 0.0406 0.9328 0.1546 0.9106 0.2013 0.4724 0.8582 0.7107 0.8335
247 0.0283 0.0394 0.9303 0.1674 0.9074 0.2145 0.4806 0.8502 0.7532 0.8268
248 0.0305 0.0418 0.9286 0.1659 0.9045 0.1799 0.4769 0.8578 0.6458 0.8329
249 0.0350 0.0485 0.9241 0.1830 0.8988 0.2110 0.4925 0.8311 0.7593 0.7954
