epoch train_iou train_loss train_mAP val_iou val_loss val_mAP
0 0.6394 1.1442 0.5745 0.7058 0.9403 0.6395
1 0.7209 0.8749 0.6595 0.7442 0.8142 0.6837
2 0.7460 0.7853 0.6937 0.7629 0.7419 0.7075
3 0.7677 0.7122 0.7171 0.8014 0.6379 0.7547
4 0.7915 0.6379 0.7435 0.7880 0.6367 0.7358
5 0.7967 0.5981 0.7474 0.7971 0.6016 0.7472
6 0.7920 0.6097 0.7422 0.8011 0.6491 0.7504
7 0.7904 0.6388 0.7380 0.7688 0.7155 0.7079
8 0.7921 0.6453 0.7440 0.7721 0.7802 0.7244
9 0.7887 0.6608 0.7359 0.7759 0.6793 0.7248
10 0.7849 0.6650 0.7345 0.7882 0.6982 0.7511
11 0.8024 0.6071 0.7528 0.8021 0.6286 0.7602
12 0.8134 0.5724 0.7655 0.8015 0.5912 0.7584
13 0.8235 0.5155 0.7777 0.8149 0.6036 0.7642
14 0.8327 0.4835 0.7851 0.8213 0.5211 0.7756
15 0.8347 0.4714 0.7842 0.8305 0.5094 0.7865
16 0.8422 0.4544 0.7971 0.8290 0.5216 0.7881
17 0.8370 0.4767 0.7904 0.7986 0.5972 0.7452
18 0.8300 0.4952 0.7829 0.8007 0.6205 0.7495
19 0.8123 0.5595 0.7623 0.7703 0.7503 0.7377
20 0.8102 0.5767 0.7632 0.8134 0.6021 0.7720
21 0.8297 0.5220 0.7824 0.7972 0.6700 0.7608
22 0.8368 0.4812 0.7918 0.8243 0.5621 0.7781
23 0.8447 0.4529 0.7974 0.8286 0.5218 0.7844
24 0.8535 0.4023 0.8097 0.8358 0.5315 0.7946
25 0.8661 0.3734 0.8219 0.8375 0.5114 0.7964
26 0.8581 0.3884 0.8114 0.8418 0.5135 0.8030
27 0.8577 0.3993 0.8148 0.8355 0.5251 0.7951
28 0.8447 0.4344 0.7963 0.8081 0.5678 0.7612
29 0.8323 0.4759 0.7882 0.8112 0.5849 0.7613
30 0.8257 0.5107 0.7775 0.7902 0.6665 0.7424
31 0.8380 0.4799 0.7954 0.8209 0.5560 0.7785
32 0.8454 0.4389 0.8001 0.8121 0.5687 0.7621
33 0.8623 0.3863 0.8196 0.8412 0.4985 0.7987
34 0.8661 0.3527 0.8235 0.8393 0.5376 0.7970
35 0.8739 0.3374 0.8291 0.8445 0.5159 0.8028
36 0.8701 0.3560 0.8280 0.8400 0.4900 0.8000
37 0.8707 0.3485 0.8271 0.8338 0.5744 0.7882
38 0.8660 0.3801 0.8203 0.8309 0.6218 0.7839
39 0.8430 0.4545 0.7969 0.8208 0.5543 0.7812
40 0.8352 0.4936 0.7914 0.8153 0.5720 0.7749
41 0.8504 0.4409 0.8072 0.7826 0.7618 0.7292
42 0.8531 0.4131 0.8077 0.8121 0.6198 0.7703
43 0.8635 0.3677 0.8199 0.8393 0.5028 0.8055
44 0.8768 0.3216 0.8346 0.8459 0.5147 0.8084
45 0.8772 0.3161 0.8369 0.8429 0.4973 0.8023
46 0.8775 0.3155 0.8333 0.8404 0.5216 0.7994
47 0.8745 0.3315 0.8310 0.8461 0.4863 0.8072
48 0.8635 0.3797 0.8195 0.8383 0.5091 0.7982
49 0.8585 0.3823 0.8163 0.8073 0.6039 0.7571
50 0.8505 0.4340 0.8057 0.8204 0.6362 0.7811
51 0.8540 0.4091 0.8072 0.8122 0.6470 0.7681
52 0.8704 0.3501 0.8263 0.8283 0.5304 0.7958
53 0.8777 0.3366 0.8347 0.8388 0.5335 0.8020
54 0.8781 0.3115 0.8358 0.8398 0.5605 0.7980
55 0.8853 0.2777 0.8409 0.8501 0.5439 0.8133
56 0.8838 0.2793 0.8402 0.8481 0.5249 0.8085
57 0.8869 0.2936 0.8437 0.8444 0.5448 0.8049
58 0.8747 0.3288 0.8330 0.7917 0.8916 0.7397
59 0.8596 0.3777 0.8153 0.8317 0.5639 0.7974
60 0.8562 0.4155 0.8127 0.8117 0.6036 0.7748
61 0.8581 0.3991 0.8150 0.8094 0.6072 0.7644
62 0.8672 0.3639 0.8235 0.8459 0.5323 0.8105
63 0.8769 0.3175 0.8357 0.8410 0.5548 0.8095
64 0.8909 0.2817 0.8497 0.8456 0.5153 0.8099
65 0.8867 0.2817 0.8452 0.8459 0.5065 0.8085
66 0.8887 0.2766 0.8444 0.8461 0.5130 0.8066
67 0.8821 0.2870 0.8396 0.8439 0.5506 0.8024
68 0.8837 0.2949 0.8389 0.8394 0.5339 0.7995
69 0.8676 0.3578 0.8257 0.8286 0.5379 0.7849
70 0.8700 0.3535 0.8273 0.8387 0.5563 0.8006
71 0.8710 0.3447 0.8277 0.7992 0.6970 0.7490
72 0.8781 0.3400 0.8361 0.8427 0.5196 0.8061
73 0.8833 0.2890 0.8398 0.8384 0.5093 0.7947
74 0.8875 0.2677 0.8470 0.8527 0.5592 0.8173
75 0.8963 0.2519 0.8572 0.8532 0.5294 0.8179
76 0.8891 0.2625 0.8478 0.8547 0.5635 0.8184
77 0.8931 0.2526 0.8511 0.8488 0.5032 0.8065
78 0.8846 0.2973 0.8414 0.8519 0.5501 0.8141
79 0.8790 0.3061 0.8366 0.8380 0.5678 0.7972
80 0.8717 0.3473 0.8276 0.8080 0.6582 0.7603
81 0.8649 0.3611 0.8214 0.8232 0.6779 0.7861
82 0.8789 0.3007 0.8361 0.8429 0.6528 0.8030
83 0.8898 0.2695 0.8486 0.8565 0.6030 0.8219
84 0.8951 0.2476 0.8545 0.8594 0.5922 0.8270
85 0.8926 0.2450 0.8509 0.8570 0.5697 0.8234
86 0.8942 0.2371 0.8536 0.8585 0.5815 0.8269
87 0.8913 0.2499 0.8502 0.8453 0.6386 0.8111
88 0.8867 0.2915 0.8456 0.8308 0.5820 0.7881
89 0.8792 0.3028 0.8378 0.8248 0.7708 0.7810
90 0.8664 0.3508 0.8228 0.6658 1.8124 0.5929
91 0.8675 0.3492 0.8258 0.8220 0.6082 0.7806
92 0.8797 0.3166 0.8370 0.8420 0.5687 0.8054
93 0.8849 0.2868 0.8439 0.8493 0.5075 0.8091
94 0.8924 0.2501 0.8505 0.8550 0.5241 0.8201
95 0.8956 0.2515 0.8563 0.8459 0.5255 0.8130
96 0.8965 0.2350 0.8557 0.8537 0.5216 0.8159
97 0.8947 0.2491 0.8550 0.8501 0.4650 0.8130
98 0.8911 0.2548 0.8499 0.8359 0.6200 0.7981
99 0.8793 0.3139 0.8365 0.8335 0.5349 0.7888
100 0.8756 0.3218 0.8337 0.8054 0.6427 0.7540
101 0.8793 0.3267 0.8379 0.8422 0.4904 0.8056
102 0.8941 0.2576 0.8548 0.8515 0.4862 0.8153
103 0.9002 0.2360 0.8610 0.8562 0.5330 0.8208
104 0.8993 0.2306 0.8585 0.8594 0.5019 0.8261
105 0.8982 0.2284 0.8579 0.8571 0.5017 0.8224
106 0.9019 0.2134 0.8600 0.8597 0.5303 0.8249
107 0.8997 0.2263 0.8596 0.8579 0.4882 0.8246
108 0.8972 0.2329 0.8574 0.8543 0.5957 0.8178
109 0.8901 0.2560 0.8483 0.8266 0.6080 0.7903
110 0.8766 0.3146 0.8319 0.8366 0.5863 0.7965
111 0.8789 0.3195 0.8376 0.8310 0.5202 0.7816
112 0.8889 0.2769 0.8474 0.8464 0.5523 0.8052
113 0.8934 0.2445 0.8510 0.8433 0.5550 0.8083
114 0.8950 0.2305 0.8540 0.8472 0.5238 0.8103
115 0.8989 0.2232 0.8600 0.8496 0.5251 0.8125
116 0.9042 0.2128 0.8653 0.8515 0.5097 0.8156
117 0.9011 0.2325 0.8603 0.8444 0.5417 0.8106
118 0.8978 0.2328 0.8581 0.8487 0.5937 0.8135
119 0.8982 0.2366 0.8577 0.8380 0.5793 0.7995
120 0.8865 0.2693 0.8465 0.8408 0.7239 0.8085
121 0.8855 0.2753 0.8427 0.8511 0.5294 0.8118
122 0.8939 0.2505 0.8528 0.8447 0.5292 0.8100
123 0.9018 0.2311 0.8626 0.8494 0.5934 0.8175
124 0.9025 0.2061 0.8639 0.8490 0.6009 0.8135
125 0.9091 0.2049 0.8711 0.8473 0.5908 0.8136
126 0.9050 0.2052 0.8656 0.8494 0.5260 0.8109
127 0.9076 0.2032 0.8691 0.8451 0.5300 0.8048
128 0.9021 0.2149 0.8615 0.8510 0.6496 0.8188
129 0.8935 0.2578 0.8515 0.8282 0.6115 0.7822
130 0.8714 0.3402 0.8286 0.8218 0.6246 0.7792
131 0.8793 0.3080 0.8394 0.8291 0.5348 0.7951
132 0.8857 0.2732 0.8449 0.8307 0.6219 0.7941
133 0.9004 0.2255 0.8600 0.8494 0.5384 0.8151
134 0.9039 0.2091 0.8647 0.8550 0.5159 0.8224
135 0.9126 0.1905 0.8768 0.8534 0.5193 0.8214
136 0.9092 0.1957 0.8717 0.8515 0.6100 0.8190
137 0.9054 0.1961 0.8658 0.8516 0.6938 0.8155
138 0.9023 0.2168 0.8642 0.8494 0.5888 0.8115
139 0.8930 0.2689 0.8515 0.8377 0.5200 0.7970
140 0.8819 0.3039 0.8422 0.7935 0.7525 0.7474
141 0.8819 0.3090 0.8423 0.7939 0.7129 0.7542
142 0.8926 0.2683 0.8517 0.8438 0.5535 0.8087
143 0.8964 0.2368 0.8572 0.8561 0.5262 0.8228
144 0.9039 0.2064 0.8667 0.8585 0.5538 0.8210
145 0.9096 0.1902 0.8705 0.8603 0.5490 0.8249
146 0.9090 0.1903 0.8703 0.8550 0.5795 0.8184
147 0.9064 0.1953 0.8689 0.8510 0.5883 0.8149
148 0.8987 0.2150 0.8604 0.8381 0.6419 0.7977
149 0.8962 0.2434 0.8549 0.8391 0.7262 0.8031
150 0.8844 0.2931 0.8420 0.8288 0.5654 0.7887
151 0.8900 0.2709 0.8492 0.8395 0.5708 0.7998
152 0.8971 0.2293 0.8591 0.8471 0.5975 0.8108
153 0.9081 0.2000 0.8691 0.8563 0.6095 0.8212
154 0.9022 0.2000 0.8634 0.8569 0.6246 0.8243
155 0.9119 0.1893 0.8742 0.8585 0.6158 0.8254
156 0.9112 0.1869 0.8746 0.8549 0.5850 0.8201
157 0.9100 0.1918 0.8735 0.8575 0.5685 0.8232
158 0.9075 0.1959 0.8685 0.8542 0.6280 0.8210
159 0.8905 0.2632 0.8502 0.8438 0.5547 0.8053
160 0.8862 0.2947 0.8447 0.8210 0.6540 0.7815
161 0.8894 0.2624 0.8479 0.8458 0.6089 0.8125
162 0.8988 0.2296 0.8599 0.8446 0.5150 0.8103
163 0.9015 0.2118 0.8616 0.8554 0.5625 0.8218
164 0.9096 0.1846 0.8717 0.8564 0.5969 0.8208
165 0.9099 0.1795 0.8722 0.8563 0.5961 0.8220
166 0.9101 0.1782 0.8726 0.8602 0.6091 0.8248
167 0.9123 0.1841 0.8743 0.8560 0.5885 0.8228
168 0.9076 0.1983 0.8680 0.8462 0.5266 0.8048
169 0.8990 0.2347 0.8607 0.8045 0.7117 0.7588
170 0.8816 0.2894 0.8409 0.8557 0.5466 0.8226
171 0.8946 0.2452 0.8534 0.8479 0.6145 0.8143
172 0.8985 0.2257 0.8591 0.8244 0.6285 0.7811
173 0.9025 0.2158 0.8644 0.8516 0.5963 0.8185
174 0.9055 0.1893 0.8673 0.8545 0.5663 0.8215
175 0.9066 0.1817 0.8686 0.8541 0.5385 0.8209
176 0.9132 0.1776 0.8757 0.8597 0.5754 0.8261
177 0.9067 0.1962 0.8701 0.8604 0.5076 0.8254
178 0.9087 0.1885 0.8698 0.8572 0.6056 0.8230
179 0.9001 0.2389 0.8603 0.8351 0.6712 0.8032
180 0.8849 0.3147 0.8443 0.7868 0.7792 0.7398
181 0.8807 0.3033 0.8395 0.8311 0.6997 0.7940
182 0.8934 0.2460 0.8552 0.8424 0.6486 0.8055
183 0.9058 0.2112 0.8675 0.8516 0.5953 0.8194
184 0.9101 0.1895 0.8733 0.8571 0.5872 0.8224
185 0.9141 0.1737 0.8784 0.8529 0.5836 0.8192
186 0.9086 0.1866 0.8685 0.8517 0.6040 0.8181
187 0.9079 0.1860 0.8693 0.8573 0.5978 0.8237
188 0.9128 0.1839 0.8753 0.8493 0.6642 0.8136
189 0.9030 0.2170 0.8627 0.8385 0.6153 0.8025
190 0.8979 0.2442 0.8579 0.8285 0.6918 0.7889
191 0.8864 0.2721 0.8469 0.8361 0.6259 0.7992
192 0.9021 0.2128 0.8622 0.8554 0.5590 0.8208
193 0.9109 0.1914 0.8755 0.8548 0.5968 0.8200
194 0.9134 0.1769 0.8751 0.8585 0.5817 0.8234
195 0.9112 0.1718 0.8731 0.8610 0.5921 0.8264
196 0.9136 0.1649 0.8773 0.8650 0.6835 0.8292
197 0.9094 0.1862 0.8709 0.8595 0.6065 0.8249
198 0.9118 0.1889 0.8740 0.8510 0.5416 0.8102
199 0.9018 0.2120 0.8616 0.8434 0.6958 0.8038
