epoch train_BCELoss train_SoftDiceLoss train_iou train_loss train_mAP val_BCELoss val_SoftDiceLoss val_iou val_loss val_mAP
0 0.6386 0.6066 0.2155 1.2446 0.1047 0.4077 0.6926 0.4619 1.0998 0.3683
1 0.2720 0.2691 0.6620 0.5411 0.5962 0.2902 0.6074 0.6715 0.8980 0.6138
2 0.2402 0.2205 0.7002 0.4610 0.6449 0.1956 0.5645 0.7338 0.7608 0.6829
3 0.2195 0.2074 0.7210 0.4273 0.6680 0.2016 0.5537 0.7480 0.7561 0.7006
4 0.2017 0.1880 0.7425 0.3904 0.6904 0.1589 0.5315 0.7715 0.6913 0.7225
5 0.1946 0.1795 0.7485 0.3748 0.7009 0.2125 0.5205 0.7808 0.7342 0.7381
6 0.1824 0.1667 0.7791 0.3499 0.7330 0.1863 0.5279 0.7803 0.7153 0.7448
7 0.1529 0.1449 0.7907 0.2986 0.7469 0.1455 0.5123 0.7971 0.6590 0.7627
8 0.1308 0.1266 0.8109 0.2583 0.7678 0.1393 0.4960 0.8191 0.6367 0.7811
9 0.1264 0.1142 0.8236 0.2416 0.7849 0.1378 0.4895 0.8150 0.6287 0.7758
10 0.1117 0.1179 0.8114 0.2305 0.7711 0.1345 0.4920 0.8204 0.6280 0.7826
11 0.1116 0.1046 0.8255 0.2173 0.7867 0.1405 0.4870 0.8211 0.6288 0.7832
12 0.1193 0.1122 0.8282 0.2325 0.7904 0.1256 0.4929 0.8182 0.6198 0.7809
13 0.1266 0.1170 0.8244 0.2446 0.7880 0.1797 0.5051 0.8038 0.6860 0.7618
14 0.1371 0.1269 0.8106 0.2649 0.7711 0.1982 0.5013 0.7987 0.7010 0.7615
15 0.1404 0.1290 0.8118 0.2703 0.7687 0.1467 0.5014 0.8007 0.6493 0.7632
16 0.1222 0.1091 0.8265 0.2324 0.7885 0.1539 0.4958 0.8236 0.6512 0.7938
17 0.1103 0.1017 0.8344 0.2132 0.7984 0.1865 0.4834 0.8246 0.6714 0.7944
18 0.1008 0.0946 0.8408 0.1965 0.8059 0.1827 0.4829 0.8153 0.6672 0.7846
19 0.0833 0.0789 0.8566 0.1633 0.8239 0.1606 0.4757 0.8269 0.6379 0.7952
20 0.0760 0.0733 0.8613 0.1506 0.8302 0.1626 0.4741 0.8241 0.6383 0.7934
21 0.0701 0.0671 0.8714 0.1384 0.8381 0.1947 0.4779 0.8204 0.6743 0.7900
22 0.0758 0.0691 0.8629 0.1461 0.8280 0.1526 0.4812 0.8260 0.6354 0.7963
23 0.1000 0.0917 0.8419 0.1929 0.8063 0.1768 0.4890 0.8143 0.6673 0.7811
24 0.0923 0.0838 0.8493 0.1771 0.8143 0.2298 0.4895 0.8021 0.7209 0.7716
25 0.1015 0.0929 0.8370 0.1955 0.7997 0.1771 0.4842 0.8246 0.6628 0.7954
26 0.1002 0.0892 0.8464 0.1905 0.8101 0.2203 0.4904 0.8056 0.7123 0.7702
27 0.0900 0.0824 0.8535 0.1737 0.8191 0.1903 0.4746 0.8281 0.6665 0.8004
28 0.0686 0.0616 0.8806 0.1315 0.8497 0.1683 0.4685 0.8304 0.6386 0.8025
29 0.0692 0.0630 0.8726 0.1336 0.8418 0.1537 0.4685 0.8402 0.6241 0.8113
30 0.0569 0.0548 0.8793 0.1131 0.8497 0.1558 0.4665 0.8400 0.6242 0.8109
31 0.0622 0.0576 0.8795 0.1211 0.8510 0.1714 0.4668 0.8404 0.6400 0.8124
32 0.0668 0.0600 0.8754 0.1282 0.8456 0.1480 0.4707 0.8373 0.6205 0.8093
33 0.0766 0.0714 0.8632 0.1493 0.8299 0.1767 0.4768 0.8281 0.6552 0.7960
34 0.0869 0.0768 0.8527 0.1650 0.8180 0.1484 0.4909 0.8134 0.6409 0.7811
35 0.0946 0.0857 0.8369 0.1814 0.8000 0.1800 0.4840 0.8185 0.6656 0.7873
36 0.0791 0.0696 0.8627 0.1500 0.8286 0.2415 0.4842 0.8146 0.7273 0.7823
37 0.0733 0.0670 0.8668 0.1416 0.8317 0.2135 0.4736 0.8322 0.6889 0.8026
38 0.0667 0.0584 0.8680 0.1264 0.8382 0.1706 0.4728 0.8374 0.6452 0.8109
39 0.0551 0.0502 0.8860 0.1067 0.8578 0.1808 0.4668 0.8424 0.6494 0.8173
40 0.0517 0.0478 0.8864 0.1009 0.8592 0.1793 0.4660 0.8418 0.6472 0.8157
41 0.0534 0.0498 0.8880 0.1046 0.8571 0.1847 0.4625 0.8425 0.6491 0.8136
42 0.0559 0.0519 0.8850 0.1093 0.8557 0.1879 0.4668 0.8423 0.6566 0.8179
43 0.0583 0.0528 0.8769 0.1124 0.8454 0.2347 0.4718 0.8292 0.7083 0.8007
44 0.0777 0.0707 0.8634 0.1498 0.8290 0.1755 0.4873 0.8311 0.6645 0.8005
45 0.0859 0.0764 0.8576 0.1636 0.8221 0.1800 0.4789 0.8279 0.6605 0.7935
46 0.0746 0.0651 0.8664 0.1411 0.8334 0.2082 0.4758 0.8324 0.6859 0.8044
47 0.0656 0.0613 0.8663 0.1283 0.8372 0.1969 0.4679 0.8438 0.6667 0.8167
48 0.0560 0.0520 0.8859 0.1094 0.8550 0.1750 0.4698 0.8446 0.6467 0.8154
49 0.0485 0.0461 0.8873 0.0961 0.8597 0.1746 0.4630 0.8467 0.6396 0.8196
50 0.0458 0.0425 0.8936 0.0898 0.8671 0.1740 0.4634 0.8494 0.6394 0.8227
51 0.0498 0.0464 0.8908 0.0977 0.8614 0.1708 0.4635 0.8448 0.6363 0.8200
52 0.0487 0.0439 0.8961 0.0940 0.8691 0.1879 0.4624 0.8440 0.6522 0.8153
53 0.0521 0.0471 0.8855 0.1006 0.8578 0.1738 0.4700 0.8367 0.6457 0.8063
54 0.0577 0.0504 0.8834 0.1095 0.8572 0.1814 0.4657 0.8564 0.6490 0.8282
55 0.0698 0.0602 0.8732 0.1313 0.8392 0.1784 0.4829 0.8227 0.6630 0.7916
56 0.0705 0.0597 0.8704 0.1316 0.8408 0.1707 0.4746 0.8406 0.6471 0.8143
57 0.0599 0.0546 0.8808 0.1159 0.8522 0.1996 0.4684 0.8367 0.6700 0.8105
58 0.0514 0.0474 0.8944 0.1003 0.8661 0.2023 0.4654 0.8482 0.6697 0.8226
59 0.0473 0.0429 0.8978 0.0917 0.8703 0.1799 0.4632 0.8526 0.6451 0.8288
60 0.0418 0.0405 0.9035 0.0840 0.8785 0.1777 0.4625 0.8533 0.6423 0.8311
61 0.0417 0.0390 0.9029 0.0823 0.8784 0.1737 0.4624 0.8493 0.6380 0.8226
62 0.0498 0.0430 0.8908 0.0943 0.8626 0.1762 0.4747 0.8315 0.6529 0.8030
63 0.0527 0.0476 0.8840 0.1019 0.8547 0.1631 0.4739 0.8339 0.6389 0.8054
64 0.0657 0.0583 0.8781 0.1254 0.8472 0.2131 0.4725 0.8317 0.6874 0.8059
65 0.0647 0.0576 0.8721 0.1238 0.8387 0.2290 0.4742 0.8348 0.7052 0.8064
66 0.0805 0.0699 0.8676 0.1517 0.8353 0.1568 0.4882 0.8295 0.6467 0.8041
67 0.0598 0.0553 0.8817 0.1166 0.8521 0.1970 0.4676 0.8383 0.6666 0.8138
68 0.0517 0.0480 0.8887 0.1013 0.8589 0.1670 0.4678 0.8452 0.6367 0.8181
69 0.0458 0.0415 0.8949 0.0888 0.8697 0.1588 0.4625 0.8525 0.6232 0.8269
70 0.0388 0.0377 0.9050 0.0780 0.8812 0.1547 0.4628 0.8520 0.6195 0.8263
71 0.0383 0.0352 0.8990 0.0751 0.8746 0.1652 0.4628 0.8543 0.6300 0.8296
72 0.0393 0.0357 0.9030 0.0766 0.8778 0.1882 0.4619 0.8528 0.6521 0.8273
73 0.0450 0.0403 0.9016 0.0869 0.8753 0.1751 0.4700 0.8430 0.6469 0.8186
74 0.0663 0.0549 0.8861 0.1226 0.8583 0.1701 0.4746 0.8486 0.6465 0.8209
75 0.0611 0.0551 0.8776 0.1176 0.8461 0.1962 0.4857 0.8247 0.6836 0.7922
76 0.0674 0.0592 0.8714 0.1279 0.8415 0.1766 0.4738 0.8342 0.6523 0.8054
77 0.0521 0.0458 0.8937 0.0995 0.8682 0.1766 0.4623 0.8463 0.6407 0.8212
78 0.0435 0.0405 0.8941 0.0856 0.8663 0.1850 0.4617 0.8429 0.6487 0.8168
79 0.0409 0.0378 0.9024 0.0803 0.8773 0.1660 0.4580 0.8567 0.6261 0.8322
80 0.0366 0.0350 0.9029 0.0733 0.8788 0.1676 0.4576 0.8558 0.6273 0.8306
81 0.0362 0.0340 0.9038 0.0718 0.8792 0.1773 0.4569 0.8570 0.6362 0.8325
82 0.0417 0.0375 0.9035 0.0809 0.8785 0.1981 0.4608 0.8530 0.6609 0.8280
83 0.0397 0.0370 0.8961 0.0782 0.8709 0.2149 0.4614 0.8484 0.6783 0.8239
84 0.0429 0.0395 0.8932 0.0840 0.8666 0.1848 0.4660 0.8454 0.6527 0.8220
85 0.0564 0.0507 0.8804 0.1086 0.8514 0.2248 0.4716 0.8391 0.6983 0.8093
86 0.0660 0.0568 0.8765 0.1243 0.8486 0.1954 0.4749 0.8446 0.6721 0.8186
87 0.0538 0.0484 0.8907 0.1037 0.8640 0.1828 0.4608 0.8486 0.6456 0.8234
88 0.0405 0.0382 0.8992 0.0804 0.8735 0.1791 0.4583 0.8541 0.6394 0.8273
89 0.0337 0.0320 0.9088 0.0673 0.8850 0.1947 0.4587 0.8463 0.6555 0.8231
90 0.0356 0.0330 0.9096 0.0703 0.8877 0.1895 0.4585 0.8495 0.6501 0.8267
91 0.0349 0.0312 0.9080 0.0678 0.8853 0.1829 0.4579 0.8481 0.6428 0.8248
92 0.0337 0.0309 0.9084 0.0663 0.8835 0.1995 0.4605 0.8452 0.6620 0.8215
93 0.0392 0.0350 0.9033 0.0759 0.8801 0.2145 0.4611 0.8494 0.6777 0.8240
94 0.0578 0.0501 0.8851 0.1095 0.8593 0.1665 0.4877 0.7890 0.6559 0.7436
95 0.0722 0.0626 0.8739 0.1361 0.8415 0.2024 0.4766 0.8309 0.6808 0.7995
96 0.0574 0.0525 0.8819 0.1114 0.8511 0.2927 0.4721 0.8263 0.7666 0.7992
97 0.0422 0.0395 0.8974 0.0833 0.8708 0.2284 0.4629 0.8493 0.6935 0.8226
98 0.0429 0.0385 0.9048 0.0831 0.8805 0.2126 0.4596 0.8556 0.6743 0.8298
99 0.0374 0.0344 0.9081 0.0735 0.8858 0.2051 0.4579 0.8574 0.6651 0.8290
