epoch train_iou train_loss train_mAP val_iou val_mAP
0 0.6614 1.0604 0.5891 0.7078 0.6565
1 0.7527 0.7927 0.6962 0.7509 0.6931
2 0.7778 0.7061 0.7231 0.7691 0.7316
3 0.8021 0.6109 0.7530 0.7937 0.7513
4 0.8177 0.5671 0.7696 0.8025 0.7644
5 0.8237 0.5407 0.7787 0.8055 0.7680
6 0.8159 0.5593 0.7667 0.8035 0.7607
7 0.8164 0.5611 0.7703 0.7975 0.7526
8 0.8140 0.5772 0.7681 0.8058 0.7674
9 0.8183 0.5725 0.7735 0.7828 0.7477
10 0.8117 0.5953 0.7696 0.7927 0.7405
11 0.8160 0.5778 0.7745 0.8024 0.7632
12 0.8438 0.4903 0.8032 0.8246 0.7910
13 0.8465 0.4732 0.8079 0.8304 0.7960
14 0.8567 0.4396 0.8175 0.8298 0.7996
15 0.8721 0.3834 0.8365 0.8334 0.8041
16 0.8669 0.4062 0.8294 0.8352 0.8025
17 0.8561 0.4345 0.8181 0.8331 0.8002
18 0.8529 0.4575 0.8144 0.8277 0.7922
19 0.8410 0.4874 0.8011 0.8378 0.8029
20 0.8433 0.5038 0.8041 0.8165 0.7840
21 0.8493 0.4657 0.8112 0.8278 0.7869
22 0.8564 0.4403 0.8170 0.8340 0.7981
23 0.8708 0.3886 0.8347 0.8339 0.8050
24 0.8748 0.3658 0.8406 0.8362 0.8075
25 0.8852 0.3381 0.8507 0.8393 0.8102
26 0.8861 0.3389 0.8523 0.8398 0.8106
27 0.8731 0.3695 0.8383 0.8337 0.8049
28 0.8739 0.3801 0.8386 0.8363 0.8023
29 0.8647 0.4158 0.8293 0.8241 0.7976
30 0.8573 0.4417 0.8199 0.8173 0.7844
31 0.8683 0.4254 0.8352 0.8283 0.8007
32 0.8696 0.3964 0.8361 0.8318 0.8029
33 0.8799 0.3542 0.8464 0.8295 0.8030
34 0.8894 0.3230 0.8557 0.8380 0.8106
35 0.8938 0.3109 0.8619 0.8403 0.8132
36 0.8874 0.3165 0.8553 0.8452 0.8167
37 0.8893 0.3264 0.8575 0.8439 0.8155
38 0.8845 0.3418 0.8488 0.8306 0.8053
39 0.8782 0.3604 0.8434 0.8269 0.7963
40 0.8759 0.3684 0.8412 0.8096 0.7829
41 0.8752 0.3656 0.8421 0.8243 0.7904
42 0.8817 0.3548 0.8474 0.8293 0.8030
43 0.8917 0.3122 0.8586 0.8294 0.8023
44 0.8941 0.2865 0.8624 0.8343 0.8089
45 0.9023 0.2741 0.8730 0.8403 0.8149
46 0.9039 0.2713 0.8727 0.8422 0.8139
47 0.8949 0.2915 0.8633 0.8445 0.8138
48 0.8989 0.2903 0.8685 0.8345 0.8059
49 0.8851 0.3389 0.8522 0.8447 0.8150
50 0.8756 0.3940 0.8437 0.8301 0.8016
51 0.8791 0.3650 0.8443 0.8373 0.8084
52 0.8884 0.3261 0.8542 0.8459 0.8159
53 0.8992 0.2899 0.8688 0.8472 0.8202
54 0.9037 0.2653 0.8730 0.8425 0.8162
55 0.9069 0.2521 0.8754 0.8480 0.8214
56 0.9050 0.2575 0.8741 0.8425 0.8138
57 0.9074 0.2602 0.8783 0.8405 0.8147
58 0.9023 0.2719 0.8701 0.8430 0.8085
59 0.8917 0.3137 0.8589 0.8357 0.8061
60 0.8829 0.3532 0.8500 0.8326 0.8020
61 0.8903 0.3205 0.8586 0.8529 0.8226
62 0.9007 0.2798 0.8679 0.8495 0.8245
63 0.9051 0.2673 0.8751 0.8429 0.8197
64 0.9090 0.2483 0.8799 0.8485 0.8243
65 0.9153 0.2258 0.8880 0.8491 0.8236
66 0.9120 0.2333 0.8829 0.8487 0.8216
67 0.9120 0.2436 0.8828 0.8528 0.8257
68 0.9071 0.2625 0.8777 0.8443 0.8139
69 0.8931 0.3035 0.8620 0.8350 0.8050
70 0.8867 0.3368 0.8549 0.8178 0.7868
71 0.8898 0.3193 0.8581 0.8417 0.8137
72 0.8993 0.2788 0.8715 0.8436 0.8138
73 0.9065 0.2508 0.8776 0.8511 0.8236
74 0.9104 0.2409 0.8828 0.8477 0.8200
75 0.9161 0.2263 0.8867 0.8485 0.8214
76 0.9140 0.2208 0.8861 0.8502 0.8207
77 0.9121 0.2353 0.8833 0.8473 0.8190
78 0.9084 0.2540 0.8782 0.8497 0.8185
79 0.8988 0.2888 0.8690 0.8381 0.8111
80 0.8862 0.3137 0.8528 0.8136 0.7906
81 0.8980 0.2891 0.8690 0.8281 0.8005
82 0.9054 0.2698 0.8772 0.8318 0.8032
83 0.9083 0.2520 0.8797 0.8481 0.8189
84 0.9155 0.2294 0.8876 0.8473 0.8208
85 0.9188 0.2275 0.8912 0.8528 0.8278
86 0.9187 0.2143 0.8913 0.8507 0.8249
87 0.9108 0.2297 0.8841 0.8418 0.8155
88 0.9167 0.2236 0.8890 0.8454 0.8206
89 0.9101 0.2598 0.8814 0.8363 0.8067
90 0.9008 0.2912 0.8707 0.8375 0.8072
91 0.9001 0.2822 0.8717 0.8419 0.8165
92 0.9048 0.2637 0.8759 0.8467 0.8202
93 0.9125 0.2299 0.8843 0.8550 0.8284
94 0.9129 0.2256 0.8865 0.8511 0.8256
95 0.9194 0.2054 0.8932 0.8513 0.8258
96 0.9204 0.2025 0.8955 0.8546 0.8294
97 0.9227 0.2080 0.8973 0.8508 0.8258
98 0.9142 0.2212 0.8891 0.8511 0.8202
99 0.9063 0.2634 0.8770 0.8433 0.8119
100 0.9153 0.2400 0.8882 0.8476 0.8240
101 0.9197 0.2266 0.8939 0.8466 0.8222
102 0.9211 0.2118 0.8965 0.8473 0.8213
103 0.9229 0.2030 0.8990 0.8575 0.8315
104 0.9243 0.1956 0.8973 0.8574 0.8293
105 0.9274 0.1872 0.9042 0.8551 0.8272
106 0.9237 0.1943 0.8985 0.8578 0.8319
107 0.9251 0.1894 0.8993 0.8514 0.8258
108 0.9269 0.1923 0.9021 0.8544 0.8286
109 0.9234 0.1982 0.8977 0.8531 0.8250
110 0.9234 0.2031 0.8974 0.8412 0.8133
111 0.9185 0.2117 0.8932 0.8580 0.8331
112 0.9266 0.1878 0.9027 0.8450 0.8186
113 0.9251 0.1928 0.9007 0.8480 0.8212
114 0.9249 0.1841 0.8998 0.8496 0.8243
115 0.9290 0.1803 0.9060 0.8517 0.8276
116 0.9232 0.1884 0.8982 0.8513 0.8236
117 0.9254 0.1855 0.9020 0.8520 0.8270
118 0.9235 0.1978 0.8986 0.8510 0.8218
119 0.9247 0.1863 0.9019 0.8502 0.8230
120 0.9192 0.2104 0.8942 0.8438 0.8141
121 0.9256 0.1995 0.9005 0.8546 0.8280
122 0.9263 0.1948 0.9034 0.8589 0.8311
123 0.9270 0.1851 0.9030 0.8559 0.8287
124 0.9313 0.1715 0.9073 0.8529 0.8281
125 0.9325 0.1726 0.9119 0.8524 0.8261
126 0.9316 0.1708 0.9084 0.8541 0.8276
127 0.9308 0.1772 0.9079 0.8565 0.8300
128 0.9292 0.1767 0.9058 0.8571 0.8306
129 0.9258 0.1868 0.9013 0.8472 0.8221
130 0.9128 0.2310 0.8865 0.8446 0.8181
131 0.9180 0.2211 0.8937 0.8492 0.8213
132 0.9259 0.1915 0.9025 0.8515 0.8255
133 0.9282 0.1847 0.9052 0.8585 0.8308
134 0.9318 0.1735 0.9097 0.8552 0.8304
135 0.9314 0.1736 0.9103 0.8569 0.8309
136 0.9287 0.1769 0.9055 0.8579 0.8309
137 0.9304 0.1779 0.9074 0.8546 0.8303
138 0.9325 0.1725 0.9103 0.8539 0.8268
139 0.9295 0.1797 0.9053 0.8570 0.8291
140 0.9274 0.1875 0.9025 0.8492 0.8201
141 0.9250 0.1922 0.9015 0.8464 0.8201
142 0.9273 0.1811 0.9043 0.8448 0.8174
143 0.9291 0.1797 0.9074 0.8554 0.8317
144 0.9328 0.1688 0.9104 0.8520 0.8256
145 0.9372 0.1632 0.9166 0.8533 0.8272
146 0.9341 0.1657 0.9129 0.8548 0.8291
147 0.9352 0.1678 0.9137 0.8570 0.8316
148 0.9295 0.1730 0.9063 0.8553 0.8284
149 0.9314 0.1736 0.9088 0.8558 0.8299
150 0.9272 0.1978 0.9052 0.8497 0.8250
151 0.9259 0.2011 0.9020 0.8573 0.8300
152 0.9219 0.1959 0.8982 0.8463 0.8220
153 0.9309 0.1748 0.9081 0.8536 0.8321
154 0.9308 0.1734 0.9089 0.8502 0.8266
155 0.9330 0.1680 0.9096 0.8544 0.8315
156 0.9319 0.1701 0.9102 0.8530 0.8286
157 0.9352 0.1623 0.9144 0.8586 0.8344
158 0.9349 0.1643 0.9133 0.8508 0.8251
159 0.9280 0.1814 0.9056 0.8335 0.8062
160 0.9316 0.1741 0.9095 0.8566 0.8323
161 0.9366 0.1592 0.9140 0.8578 0.8322
162 0.9348 0.1629 0.9125 0.8601 0.8353
163 0.9335 0.1632 0.9142 0.8586 0.8334
164 0.9377 0.1527 0.9166 0.8600 0.8351
165 0.9382 0.1557 0.9192 0.8581 0.8331
166 0.9351 0.1619 0.9142 0.8583 0.8332
167 0.9378 0.1506 0.9178 0.8595 0.8357
168 0.9327 0.1589 0.9127 0.8591 0.8343
169 0.9360 0.1559 0.9147 0.8575 0.8327
170 0.9394 0.1497 0.9189 0.8553 0.8314
171 0.9367 0.1558 0.9167 0.8588 0.8350
172 0.9372 0.1539 0.9172 0.8544 0.8292
173 0.9357 0.1557 0.9152 0.8559 0.8309
174 0.9405 0.1485 0.9223 0.8563 0.8310
175 0.9335 0.1572 0.9132 0.8536 0.8296
176 0.9395 0.1487 0.9212 0.8547 0.8298
177 0.9386 0.1473 0.9188 0.8565 0.8319
178 0.9393 0.1488 0.9184 0.8545 0.8300
179 0.9379 0.1510 0.9177 0.8525 0.8276
180 0.9369 0.1537 0.9169 0.8549 0.8309
181 0.9400 0.1500 0.9189 0.8536 0.8303
182 0.9392 0.1502 0.9194 0.8547 0.8305
183 0.9399 0.1493 0.9215 0.8551 0.8319
184 0.9378 0.1513 0.9180 0.8516 0.8280
185 0.9399 0.1472 0.9195 0.8561 0.8322
186 0.9389 0.1469 0.9201 0.8538 0.8291
187 0.9381 0.1482 0.9187 0.8571 0.8310
188 0.9418 0.1403 0.9221 0.8563 0.8322
189 0.9380 0.1509 0.9187 0.8537 0.8310
190 0.9402 0.1483 0.9216 0.8564 0.8303
191 0.9393 0.1463 0.9194 0.8524 0.8262
192 0.9363 0.1491 0.9157 0.8529 0.8282
193 0.9385 0.1455 0.9195 0.8510 0.8280
194 0.9393 0.1441 0.9199 0.8527 0.8285
195 0.9418 0.1427 0.9221 0.8534 0.8299
196 0.9387 0.1492 0.9206 0.8540 0.8297
197 0.9393 0.1423 0.9189 0.8524 0.8276
198 0.9403 0.1484 0.9212 0.8576 0.8329
199 0.9353 0.1509 0.9150 0.8539 0.8284
