epoch train_iou train_loss train_mAP val_iou val_loss val_mAP
0 0.5576 1.2795 0.4956 0.6798 0.9579 0.6163
1 0.7074 0.9125 0.6359 0.6831 0.9809 0.6087
2 0.7362 0.8026 0.6697 0.6867 1.0922 0.5933
3 0.7708 0.7133 0.7084 0.7451 0.7596 0.6900
4 0.7757 0.6730 0.7151 0.7572 0.7122 0.7063
5 0.7953 0.6160 0.7369 0.7646 0.6972 0.7078
6 0.7918 0.6350 0.7351 0.7671 0.6985 0.7177
7 0.7856 0.6438 0.7279 0.7560 0.7441 0.7150
8 0.7924 0.6306 0.7363 0.7659 0.7048 0.7196
9 0.7837 0.6647 0.7302 0.7390 0.8442 0.6888
10 0.7930 0.6395 0.7417 0.7229 0.8168 0.6573
11 0.7973 0.6276 0.7479 0.7768 0.6694 0.7355
12 0.8123 0.5540 0.7652 0.7939 0.5871 0.7494
13 0.8303 0.5201 0.7854 0.8131 0.5591 0.7695
14 0.8293 0.4903 0.7823 0.8054 0.5708 0.7660
15 0.8305 0.4734 0.7834 0.8103 0.5474 0.7685
16 0.8323 0.4801 0.7843 0.8161 0.5435 0.7782
17 0.8277 0.5067 0.7854 0.7975 0.6082 0.7542
18 0.8209 0.5294 0.7740 0.8006 0.6332 0.7560
19 0.8192 0.5284 0.7735 0.7947 0.6930 0.7529
20 0.8113 0.5556 0.7673 0.7826 0.6705 0.7493
21 0.8225 0.5150 0.7756 0.8040 0.5893 0.7649
22 0.8333 0.4885 0.7915 0.8115 0.5900 0.7791
23 0.8401 0.4514 0.7975 0.8162 0.5456 0.7784
24 0.8491 0.4246 0.8051 0.8352 0.4856 0.7975
25 0.8507 0.4117 0.8079 0.8346 0.4832 0.7935
26 0.8569 0.4005 0.8113 0.8327 0.5059 0.7952
27 0.8565 0.4002 0.8135 0.8194 0.6042 0.7809
28 0.8446 0.4447 0.8000 0.8161 0.5731 0.7798
29 0.8412 0.4660 0.7944 0.7945 0.6004 0.7463
30 0.8317 0.4936 0.7873 0.8011 0.6380 0.7537
31 0.8390 0.4792 0.7930 0.8143 0.5654 0.7702
32 0.8465 0.4409 0.8006 0.8109 0.6179 0.7780
33 0.8530 0.4065 0.8078 0.8317 0.4932 0.7918
34 0.8648 0.3729 0.8213 0.8393 0.4982 0.7958
35 0.8667 0.3536 0.8253 0.8401 0.5013 0.7983
36 0.8683 0.3457 0.8261 0.8271 0.5648 0.7883
37 0.8638 0.3798 0.8226 0.8287 0.5437 0.7825
38 0.8580 0.4043 0.8161 0.8191 0.5718 0.7769
39 0.8488 0.4395 0.8047 0.8140 0.5504 0.7773
40 0.8409 0.4787 0.7976 0.7779 0.7341 0.7322
41 0.8423 0.4406 0.8008 0.8268 0.5481 0.7916
42 0.8544 0.4253 0.8094 0.8207 0.5751 0.7721
43 0.8582 0.3894 0.8156 0.8343 0.5100 0.7934
44 0.8674 0.3552 0.8233 0.8374 0.5149 0.7966
45 0.8728 0.3244 0.8262 0.8370 0.5090 0.7972
46 0.8756 0.3387 0.8320 0.8389 0.5308 0.7959
47 0.8728 0.3412 0.8292 0.8166 0.6209 0.7793
48 0.8623 0.3740 0.8198 0.8128 0.6225 0.7746
49 0.8637 0.3729 0.8216 0.8004 0.6120 0.7554
50 0.8404 0.4578 0.7987 0.8007 0.6880 0.7587
51 0.8457 0.4584 0.8069 0.8195 0.5344 0.7770
52 0.8656 0.3871 0.8244 0.8202 0.6093 0.7791
53 0.8693 0.3494 0.8277 0.8451 0.5019 0.8053
54 0.8750 0.3202 0.8327 0.8432 0.4984 0.8058
55 0.8821 0.2979 0.8408 0.8453 0.5081 0.8058
56 0.8763 0.3173 0.8358 0.8439 0.5199 0.8042
57 0.8769 0.3192 0.8348 0.8336 0.6493 0.7910
58 0.8800 0.3245 0.8392 0.8285 0.5418 0.7877
59 0.8630 0.3826 0.8207 0.7755 0.8455 0.7329
60 0.8562 0.4010 0.8142 0.8235 0.5518 0.7766
61 0.8562 0.4026 0.8138 0.8131 0.7107 0.7708
62 0.8646 0.3675 0.8204 0.8288 0.5544 0.7887
63 0.8739 0.3284 0.8313 0.8400 0.5463 0.8005
64 0.8774 0.3048 0.8376 0.8465 0.5273 0.8089
65 0.8873 0.2790 0.8486 0.8426 0.5295 0.8048
66 0.8885 0.2863 0.8474 0.8434 0.5178 0.8058
67 0.8790 0.3069 0.8377 0.8447 0.5162 0.8013
68 0.8714 0.3282 0.8288 0.8469 0.5392 0.8010
69 0.8698 0.3516 0.8276 0.8149 0.6248 0.7684
70 0.8543 0.4097 0.8093 0.7969 0.6508 0.7409
71 0.8690 0.3640 0.8259 0.8269 0.5504 0.7934
72 0.8625 0.3743 0.8214 0.8423 0.5254 0.8073
73 0.8760 0.3284 0.8361 0.8294 0.5809 0.7936
74 0.8848 0.2847 0.8433 0.8431 0.5177 0.8035
75 0.8828 0.2822 0.8403 0.8456 0.5127 0.8072
76 0.8875 0.2796 0.8465 0.8444 0.5341 0.8078
77 0.8832 0.2973 0.8432 0.8415 0.5491 0.8023
78 0.8831 0.2976 0.8429 0.8203 0.6073 0.7804
79 0.8726 0.3454 0.8298 0.8217 0.5492 0.7850
80 0.8671 0.3599 0.8258 0.8104 0.6309 0.7706
81 0.8731 0.3390 0.8288 0.8300 0.6645 0.7925
82 0.8791 0.3211 0.8376 0.8220 0.6144 0.7827
83 0.8862 0.2892 0.8445 0.8418 0.5928 0.8077
84 0.8950 0.2602 0.8542 0.8454 0.5574 0.8073
85 0.8956 0.2500 0.8571 0.8467 0.5598 0.8077
86 0.8953 0.2496 0.8557 0.8436 0.5738 0.8048
87 0.8870 0.2673 0.8477 0.8385 0.6134 0.8029
88 0.8808 0.2982 0.8390 0.8473 0.5202 0.8064
89 0.8745 0.3328 0.8317 0.8077 0.6207 0.7756
90 0.8746 0.3350 0.8339 0.8202 0.6601 0.7751
91 0.8702 0.3397 0.8268 0.8308 0.5879 0.7916
92 0.8803 0.3223 0.8395 0.8446 0.5053 0.7977
93 0.8806 0.3146 0.8408 0.8028 0.6466 0.7595
94 0.8920 0.2709 0.8517 0.8484 0.5413 0.8115
95 0.8971 0.2516 0.8592 0.8447 0.5443 0.8083
96 0.8905 0.2628 0.8493 0.8447 0.5354 0.8049
97 0.8915 0.2613 0.8501 0.8462 0.6476 0.8093
98 0.8896 0.2701 0.8497 0.8419 0.5460 0.8061
99 0.8871 0.2936 0.8456 0.8286 0.5702 0.7863
100 0.8874 0.2869 0.8468 0.8472 0.5329 0.8093
101 0.8855 0.2789 0.8443 0.8446 0.5257 0.8079
102 0.8929 0.2519 0.8537 0.8502 0.5895 0.8119
103 0.8973 0.2374 0.8577 0.8483 0.6210 0.8075
104 0.8987 0.2367 0.8602 0.8439 0.6335 0.8032
105 0.8999 0.2303 0.8615 0.8505 0.6259 0.8119
106 0.8975 0.2309 0.8581 0.8522 0.6147 0.8094
107 0.8960 0.2260 0.8561 0.8439 0.6781 0.8046
108 0.8997 0.2282 0.8589 0.8441 0.6512 0.8067
109 0.8981 0.2296 0.8584 0.8411 0.6766 0.8018
110 0.8952 0.2478 0.8573 0.8376 0.6026 0.7936
111 0.8968 0.2415 0.8548 0.8385 0.5994 0.7953
112 0.8947 0.2477 0.8557 0.8358 0.6127 0.7969
113 0.8982 0.2207 0.8581 0.8470 0.6588 0.8061
114 0.8980 0.2186 0.8589 0.8486 0.6014 0.8095
115 0.9009 0.2153 0.8623 0.8468 0.6058 0.8070
116 0.9069 0.2093 0.8670 0.8485 0.6289 0.8078
117 0.9006 0.2162 0.8601 0.8510 0.5929 0.8142
118 0.9059 0.2158 0.8674 0.8517 0.6141 0.8125
119 0.8993 0.2232 0.8604 0.8361 0.6048 0.7935
120 0.8942 0.2410 0.8537 0.8095 0.7933 0.7639
121 0.8980 0.2436 0.8583 0.8441 0.5637 0.8077
122 0.9013 0.2249 0.8628 0.8575 0.6318 0.8201
123 0.9047 0.2060 0.8656 0.8567 0.6417 0.8166
124 0.9016 0.2097 0.8631 0.8582 0.6346 0.8156
125 0.9075 0.2024 0.8712 0.8554 0.6320 0.8151
126 0.9040 0.2036 0.8655 0.8586 0.6326 0.8175
127 0.9047 0.2055 0.8650 0.8512 0.5936 0.8120
128 0.9032 0.2074 0.8653 0.8368 0.7542 0.7987
129 0.9033 0.2182 0.8647 0.8497 0.5577 0.8117
130 0.8941 0.2352 0.8561 0.8452 0.6738 0.8031
131 0.8965 0.2451 0.8575 0.8514 0.5729 0.8125
132 0.9007 0.2269 0.8620 0.8458 0.6131 0.8064
133 0.9014 0.2194 0.8612 0.8488 0.6037 0.8093
134 0.9055 0.2027 0.8686 0.8503 0.6681 0.8127
135 0.9052 0.1982 0.8654 0.8514 0.6059 0.8118
136 0.9022 0.2093 0.8655 0.8464 0.5857 0.8100
137 0.9029 0.2039 0.8652 0.8475 0.6376 0.8090
138 0.9057 0.2095 0.8677 0.8416 0.5906 0.8028
139 0.9059 0.2039 0.8678 0.8527 0.7113 0.8129
140 0.8969 0.2406 0.8576 0.8455 0.5588 0.8095
141 0.8979 0.2267 0.8593 0.8496 0.6369 0.8114
142 0.9037 0.2117 0.8643 0.8490 0.6200 0.8081
143 0.9069 0.2012 0.8689 0.8527 0.6358 0.8155
144 0.9092 0.1890 0.8722 0.8540 0.6001 0.8148
145 0.9069 0.1956 0.8667 0.8558 0.6056 0.8183
146 0.9094 0.1904 0.8720 0.8515 0.6155 0.8113
147 0.9085 0.1976 0.8690 0.8535 0.5989 0.8150
148 0.9088 0.1994 0.8704 0.8437 0.6787 0.8064
149 0.9035 0.2051 0.8649 0.8459 0.6454 0.8066
150 0.9013 0.2159 0.8634 0.8357 0.6762 0.7924
151 0.8980 0.2239 0.8582 0.8357 0.8093 0.7976
152 0.9082 0.1946 0.8703 0.8438 0.7853 0.8062
153 0.9070 0.1948 0.8683 0.8468 0.6815 0.8100
154 0.9054 0.1923 0.8663 0.8482 0.6782 0.8089
155 0.9092 0.1835 0.8699 0.8496 0.6916 0.8121
156 0.9060 0.1935 0.8685 0.8497 0.7154 0.8123
157 0.9070 0.1967 0.8701 0.8441 0.6761 0.8053
158 0.9059 0.1897 0.8678 0.8503 0.7268 0.8109
159 0.9084 0.1973 0.8682 0.8465 0.6849 0.8083
160 0.9114 0.1919 0.8746 0.8511 0.6567 0.8166
161 0.9113 0.1842 0.8747 0.8563 0.6439 0.8184
162 0.9092 0.1837 0.8705 0.8535 0.6464 0.8147
163 0.9101 0.1817 0.8734 0.8545 0.6815 0.8177
164 0.9158 0.1717 0.8802 0.8567 0.6963 0.8192
165 0.9139 0.1752 0.8786 0.8569 0.6924 0.8206
166 0.9099 0.1775 0.8740 0.8592 0.6890 0.8220
167 0.9132 0.1736 0.8780 0.8526 0.6937 0.8160
168 0.9124 0.1745 0.8742 0.8538 0.6785 0.8126
169 0.9137 0.1731 0.8764 0.8557 0.6522 0.8166
170 0.9125 0.1748 0.8761 0.8530 0.6797 0.8150
171 0.9122 0.1727 0.8753 0.8506 0.7010 0.8124
172 0.9115 0.1763 0.8747 0.8467 0.7032 0.8077
173 0.9156 0.1667 0.8794 0.8528 0.7189 0.8173
174 0.9122 0.1753 0.8767 0.8494 0.6977 0.8123
175 0.9118 0.1686 0.8756 0.8514 0.6891 0.8123
176 0.9117 0.1746 0.8758 0.8517 0.7312 0.8159
177 0.9158 0.1695 0.8818 0.8519 0.6964 0.8154
178 0.9125 0.1704 0.8765 0.8501 0.7027 0.8141
179 0.9108 0.1755 0.8731 0.8515 0.7284 0.8155
180 0.9160 0.1674 0.8795 0.8575 0.7411 0.8197
181 0.9124 0.1750 0.8752 0.8535 0.6878 0.8114
182 0.9139 0.1684 0.8779 0.8504 0.7116 0.8145
183 0.9154 0.1646 0.8792 0.8496 0.7344 0.8131
184 0.9147 0.1647 0.8785 0.8529 0.7435 0.8144
185 0.9159 0.1641 0.8811 0.8519 0.7259 0.8156
186 0.9131 0.1711 0.8759 0.8494 0.6994 0.8132
187 0.9135 0.1669 0.8774 0.8539 0.6818 0.8150
188 0.9157 0.1666 0.8780 0.8572 0.6930 0.8203
189 0.9132 0.1681 0.8755 0.8557 0.6750 0.8189
190 0.9123 0.1718 0.8766 0.8569 0.6746 0.8197
191 0.9134 0.1696 0.8772 0.8570 0.6894 0.8210
192 0.9096 0.1726 0.8711 0.8546 0.6783 0.8169
193 0.9142 0.1615 0.8786 0.8581 0.6843 0.8228
194 0.9160 0.1637 0.8802 0.8603 0.7118 0.8233
195 0.9147 0.1652 0.8778 0.8575 0.7093 0.8214
196 0.9156 0.1623 0.8799 0.8608 0.6866 0.8230
197 0.9149 0.1640 0.8791 0.8589 0.6906 0.8216
198 0.9127 0.1678 0.8747 0.8567 0.7453 0.8212
199 0.9166 0.1627 0.8807 0.8512 0.7307 0.8150
