epoch train_iou train_loss train_mAP val_iou val_loss val_mAP
0 0.6033 1.1846 0.5271 0.6679 1.0111 0.6135
1 0.7177 0.8919 0.6506 0.7235 0.8689 0.6587
2 0.7476 0.7857 0.6865 0.7416 0.7868 0.6925
3 0.7648 0.7146 0.7098 0.7557 0.7409 0.7041
4 0.7939 0.6267 0.7421 0.7606 0.7380 0.7178
5 0.8011 0.6126 0.7500 0.7705 0.6892 0.7210
6 0.7949 0.6234 0.7424 0.7690 0.7042 0.7144
7 0.7943 0.6296 0.7408 0.7575 0.7619 0.7163
8 0.7919 0.6274 0.7377 0.7646 0.7336 0.6988
9 0.7847 0.6555 0.7299 0.7581 0.7574 0.7087
10 0.7986 0.6273 0.7481 0.7394 0.8542 0.6965
11 0.8075 0.5824 0.7586 0.7844 0.6309 0.7322
12 0.8155 0.5476 0.7664 0.8058 0.6007 0.7663
13 0.8276 0.5128 0.7793 0.7923 0.6137 0.7513
14 0.8396 0.4706 0.7926 0.8045 0.6169 0.7695
15 0.8423 0.4560 0.7948 0.8042 0.5985 0.7639
16 0.8389 0.4604 0.7904 0.8018 0.6134 0.7609
17 0.8346 0.4841 0.7894 0.8022 0.5729 0.7602
18 0.8322 0.5021 0.7872 0.7985 0.6195 0.7635
19 0.8304 0.5179 0.7842 0.7682 0.7511 0.7131
20 0.8274 0.5299 0.7824 0.7721 0.6676 0.7189
21 0.8241 0.5175 0.7791 0.7488 0.8126 0.7142
22 0.8369 0.4822 0.7882 0.8110 0.5842 0.7767
23 0.8482 0.4456 0.8018 0.8098 0.5694 0.7600
24 0.8495 0.4147 0.8039 0.8168 0.5354 0.7776
25 0.8595 0.3958 0.8160 0.8184 0.5305 0.7760
26 0.8585 0.3921 0.8131 0.8150 0.5421 0.7763
27 0.8561 0.4179 0.8104 0.8108 0.5757 0.7701
28 0.8501 0.4243 0.8043 0.8037 0.5888 0.7612
29 0.8311 0.4989 0.7854 0.7898 0.6425 0.7365
30 0.8349 0.4784 0.7863 0.7673 0.8532 0.7225
31 0.8392 0.4732 0.7928 0.7933 0.6989 0.7442
32 0.8513 0.4429 0.8042 0.8007 0.6215 0.7613
33 0.8549 0.4102 0.8099 0.8178 0.5294 0.7776
34 0.8627 0.3818 0.8206 0.8268 0.5245 0.7906
35 0.8686 0.3515 0.8255 0.8304 0.5129 0.7941
36 0.8653 0.3676 0.8218 0.8162 0.5497 0.7769
37 0.8692 0.3650 0.8273 0.8099 0.6238 0.7720
38 0.8610 0.3917 0.8163 0.8016 0.5846 0.7614
39 0.8570 0.4000 0.8139 0.7861 0.8048 0.7480
40 0.8461 0.4574 0.7998 0.7976 0.6175 0.7629
41 0.8469 0.4412 0.8013 0.7998 0.5995 0.7573
42 0.8569 0.4035 0.8142 0.8312 0.5329 0.7965
43 0.8697 0.3608 0.8255 0.8301 0.5276 0.7968
44 0.8691 0.3416 0.8256 0.8313 0.5298 0.7904
45 0.8727 0.3243 0.8294 0.8356 0.5065 0.7954
46 0.8791 0.3166 0.8374 0.8289 0.5325 0.7903
47 0.8769 0.3217 0.8328 0.8253 0.6018 0.7834
48 0.8669 0.3605 0.8217 0.8069 0.6080 0.7577
49 0.8636 0.3763 0.8192 0.7863 0.8385 0.7513
50 0.8553 0.4128 0.8107 0.8176 0.5639 0.7774
51 0.8621 0.3907 0.8203 0.8080 0.6202 0.7744
52 0.8604 0.3766 0.8160 0.8156 0.6476 0.7775
53 0.8720 0.3422 0.8300 0.8189 0.5575 0.7862
54 0.8805 0.3106 0.8392 0.8199 0.5839 0.7851
55 0.8815 0.2948 0.8392 0.8231 0.5637 0.7883
56 0.8807 0.3015 0.8385 0.8329 0.5422 0.7956
57 0.8852 0.2902 0.8437 0.8197 0.5790 0.7793
58 0.8777 0.3233 0.8359 0.8223 0.6217 0.7802
59 0.8663 0.3638 0.8228 0.8244 0.5457 0.7882
60 0.8549 0.4012 0.8099 0.7978 0.6465 0.7558
61 0.8658 0.3866 0.8223 0.8146 0.6047 0.7834
62 0.8741 0.3427 0.8336 0.8188 0.5649 0.7763
63 0.8815 0.3085 0.8391 0.8382 0.5409 0.8023
64 0.8824 0.2957 0.8400 0.8326 0.5912 0.7963
65 0.8910 0.2708 0.8492 0.8303 0.6087 0.7952
66 0.8843 0.2743 0.8433 0.8353 0.5833 0.8001
67 0.8816 0.2881 0.8388 0.8324 0.5966 0.7946
68 0.8764 0.3110 0.8333 0.8291 0.5863 0.7953
69 0.8716 0.3474 0.8306 0.8119 0.6106 0.7796
70 0.8678 0.3686 0.8234 0.8127 0.6349 0.7698
71 0.8651 0.3735 0.8201 0.8343 0.5646 0.7944
72 0.8800 0.3126 0.8404 0.8227 0.6041 0.7876
73 0.8754 0.3193 0.8343 0.8270 0.5444 0.7864
74 0.8855 0.2809 0.8433 0.8289 0.5790 0.7882
75 0.8849 0.2757 0.8442 0.8333 0.5665 0.7930
76 0.8925 0.2609 0.8524 0.8340 0.5749 0.7953
77 0.8853 0.2846 0.8439 0.8291 0.5920 0.7918
78 0.8870 0.2826 0.8480 0.8211 0.5831 0.7787
79 0.8775 0.3149 0.8350 0.8253 0.5397 0.7757
80 0.8700 0.3470 0.8281 0.8187 0.5560 0.7744
81 0.8715 0.3430 0.8293 0.8030 0.7046 0.7637
82 0.8794 0.3042 0.8382 0.8254 0.6118 0.7805
83 0.8836 0.2863 0.8399 0.8357 0.5788 0.7962
84 0.8968 0.2516 0.8585 0.8323 0.6767 0.7971
85 0.8947 0.2453 0.8564 0.8321 0.6596 0.7989
86 0.8992 0.2404 0.8602 0.8330 0.6521 0.8000
87 0.8979 0.2463 0.8574 0.8323 0.6350 0.7928
88 0.8955 0.2551 0.8560 0.8340 0.5506 0.7948
89 0.8851 0.2914 0.8427 0.8316 0.6506 0.7921
90 0.8850 0.2926 0.8421 0.8222 0.6073 0.7880
91 0.8840 0.2938 0.8440 0.8236 0.6372 0.7817
92 0.8891 0.2769 0.8485 0.8380 0.6067 0.8020
93 0.8910 0.2553 0.8498 0.8336 0.6957 0.8047
94 0.8957 0.2453 0.8542 0.8388 0.6488 0.8043
95 0.8981 0.2328 0.8568 0.8422 0.6660 0.8061
96 0.8983 0.2322 0.8583 0.8347 0.6744 0.8013
97 0.8957 0.2351 0.8540 0.8268 0.7321 0.7957
98 0.8945 0.2546 0.8547 0.8376 0.7259 0.8002
99 0.8801 0.3084 0.8367 0.8256 0.6791 0.7907
100 0.8868 0.2931 0.8481 0.8370 0.5290 0.7996
101 0.8931 0.2520 0.8516 0.8430 0.6270 0.8056
102 0.8968 0.2305 0.8570 0.8359 0.6413 0.7993
103 0.8989 0.2243 0.8598 0.8382 0.6429 0.8056
104 0.9013 0.2191 0.8631 0.8395 0.6163 0.8026
105 0.9033 0.2123 0.8647 0.8401 0.6284 0.8055
106 0.9038 0.2097 0.8660 0.8380 0.6417 0.8001
107 0.9038 0.2126 0.8644 0.8308 0.6478 0.7903
108 0.9031 0.2138 0.8659 0.8306 0.6878 0.7963
109 0.9048 0.2109 0.8659 0.8386 0.6336 0.7996
110 0.8976 0.2322 0.8570 0.8253 0.7299 0.7865
111 0.8946 0.2438 0.8553 0.8225 0.6786 0.7877
112 0.9025 0.2118 0.8632 0.8411 0.7028 0.8017
113 0.9017 0.2221 0.8640 0.8511 0.5957 0.8167
114 0.9042 0.2067 0.8668 0.8490 0.6167 0.8148
115 0.9058 0.2065 0.8674 0.8476 0.6041 0.8118
116 0.9083 0.1966 0.8720 0.8439 0.6214 0.8059
117 0.9031 0.2020 0.8611 0.8416 0.6725 0.8048
118 0.9073 0.2079 0.8687 0.8365 0.6460 0.7966
119 0.9034 0.2158 0.8648 0.8410 0.6778 0.8029
120 0.9055 0.2140 0.8683 0.8310 0.6950 0.7935
121 0.9005 0.2191 0.8600 0.8484 0.5723 0.8120
122 0.9072 0.2078 0.8687 0.8388 0.6122 0.7998
123 0.9057 0.1977 0.8677 0.8385 0.6791 0.7994
124 0.9125 0.1839 0.8765 0.8496 0.6795 0.8150
125 0.9080 0.1949 0.8701 0.8455 0.6723 0.8099
126 0.9146 0.1816 0.8787 0.8424 0.6994 0.8052
127 0.9090 0.1903 0.8689 0.8402 0.6472 0.8029
128 0.9073 0.1986 0.8689 0.8423 0.6633 0.8084
129 0.9076 0.2075 0.8693 0.8349 0.7757 0.8000
130 0.9029 0.2136 0.8648 0.8337 0.6521 0.7941
131 0.9000 0.2318 0.8600 0.8293 0.6243 0.7934
132 0.9025 0.2124 0.8629 0.8393 0.7003 0.8023
133 0.9067 0.2023 0.8695 0.8405 0.7428 0.8041
134 0.9070 0.1913 0.8693 0.8395 0.7318 0.8016
135 0.9056 0.1944 0.8667 0.8437 0.7248 0.8070
136 0.9120 0.1771 0.8753 0.8413 0.7259 0.8042
137 0.9113 0.1858 0.8746 0.8420 0.7292 0.8052
138 0.9110 0.1911 0.8723 0.8426 0.7441 0.8075
139 0.9098 0.1934 0.8703 0.8366 0.7083 0.7952
140 0.9067 0.1990 0.8687 0.8347 0.7491 0.7940
141 0.9071 0.2011 0.8683 0.8320 0.7226 0.7969
142 0.9080 0.1933 0.8688 0.8451 0.7353 0.8102
143 0.9076 0.1943 0.8703 0.8440 0.7490 0.8106
144 0.9120 0.1824 0.8745 0.8431 0.7684 0.8084
145 0.9124 0.1770 0.8762 0.8423 0.7234 0.8069
146 0.9109 0.1774 0.8753 0.8430 0.7657 0.8082
147 0.9157 0.1739 0.8791 0.8415 0.8151 0.8081
148 0.9127 0.1827 0.8763 0.8254 0.8639 0.7883
149 0.9137 0.1813 0.8777 0.8388 0.8032 0.8032
150 0.9077 0.2004 0.8710 0.8375 0.6848 0.7998
151 0.9072 0.1965 0.8684 0.8209 0.9039 0.7924
152 0.9086 0.1951 0.8718 0.8366 0.7228 0.8002
153 0.9112 0.1747 0.8738 0.8343 0.7744 0.7977
154 0.9114 0.1767 0.8746 0.8367 0.8041 0.7989
155 0.9108 0.1731 0.8746 0.8389 0.7913 0.8023
156 0.9122 0.1749 0.8740 0.8406 0.7921 0.8062
157 0.9144 0.1705 0.8802 0.8419 0.8117 0.8062
158 0.9127 0.1782 0.8752 0.8397 0.8808 0.8067
159 0.9096 0.1920 0.8708 0.8422 0.8620 0.8079
160 0.9136 0.1775 0.8768 0.8430 0.7477 0.8064
161 0.9141 0.1691 0.8784 0.8446 0.7820 0.8061
162 0.9145 0.1674 0.8790 0.8373 0.8084 0.8014
163 0.9156 0.1672 0.8789 0.8393 0.8241 0.8059
164 0.9168 0.1617 0.8808 0.8402 0.8403 0.8047
165 0.9181 0.1585 0.8816 0.8391 0.8521 0.8044
166 0.9141 0.1669 0.8766 0.8414 0.8323 0.8052
167 0.9181 0.1635 0.8832 0.8403 0.8124 0.8041
168 0.9169 0.1586 0.8808 0.8392 0.8306 0.8032
169 0.9133 0.1658 0.8743 0.8418 0.8315 0.8053
170 0.9151 0.1632 0.8797 0.8410 0.8144 0.8041
171 0.9179 0.1566 0.8820 0.8437 0.7862 0.8044
172 0.9144 0.1621 0.8792 0.8413 0.7862 0.8023
173 0.9160 0.1618 0.8791 0.8427 0.7888 0.8047
174 0.9174 0.1585 0.8818 0.8396 0.8225 0.8012
175 0.9168 0.1602 0.8812 0.8409 0.8263 0.8036
176 0.9191 0.1545 0.8832 0.8395 0.8431 0.8025
177 0.9142 0.1626 0.8769 0.8404 0.8315 0.8025
178 0.9189 0.1504 0.8831 0.8409 0.8627 0.8054
179 0.9213 0.1515 0.8857 0.8340 0.8497 0.7983
180 0.9188 0.1537 0.8832 0.8345 0.8571 0.7972
181 0.9145 0.1603 0.8794 0.8412 0.8178 0.8056
182 0.9196 0.1559 0.8840 0.8422 0.7952 0.8063
183 0.9178 0.1527 0.8803 0.8423 0.7963 0.8062
184 0.9188 0.1549 0.8834 0.8416 0.8366 0.8042
185 0.9195 0.1534 0.8833 0.8377 0.8416 0.8007
186 0.9176 0.1508 0.8821 0.8422 0.8364 0.8062
187 0.9191 0.1571 0.8843 0.8415 0.8673 0.8056
188 0.9136 0.1665 0.8763 0.8431 0.8097 0.8061
189 0.9173 0.1580 0.8817 0.8407 0.7616 0.8044
190 0.9158 0.1548 0.8802 0.8396 0.8655 0.8042
191 0.9187 0.1561 0.8831 0.8419 0.8512 0.8058
192 0.9147 0.1598 0.8795 0.8430 0.7568 0.8059
193 0.9179 0.1539 0.8830 0.8445 0.7587 0.8083
194 0.9192 0.1519 0.8831 0.8453 0.7613 0.8083
195 0.9205 0.1487 0.8858 0.8434 0.7714 0.8062
196 0.9171 0.1528 0.8805 0.8434 0.7961 0.8061
197 0.9148 0.1533 0.8770 0.8450 0.7850 0.8094
198 0.9189 0.1540 0.8837 0.8438 0.7479 0.8073
199 0.9208 0.1513 0.8845 0.8433 0.7881 0.8065
