epoch train_iou train_loss train_mAP val_iou val_mAP
0 0.6448 1.1383 0.5776 0.7272 0.6661
1 0.7163 0.9163 0.6547 0.6685 0.6125
2 0.7507 0.8046 0.6989 0.6619 0.5837
3 0.7754 0.7137 0.7269 0.7967 0.7488
4 0.7916 0.6567 0.7495 0.7965 0.7532
5 0.7971 0.6431 0.7550 0.8028 0.7683
6 0.8021 0.6280 0.7599 0.7610 0.7203
7 0.8011 0.6424 0.7585 0.8069 0.7708
8 0.7848 0.6991 0.7406 0.7861 0.7422
9 0.7908 0.6869 0.7488 0.7825 0.7351
10 0.7793 0.7211 0.7372 0.7696 0.7239
11 0.7970 0.6560 0.7587 0.7375 0.6858
12 0.8158 0.5922 0.7783 0.7922 0.7614
13 0.8234 0.5664 0.7877 0.8232 0.7919
14 0.8326 0.5160 0.7977 0.8376 0.8084
15 0.8411 0.4984 0.8052 0.8387 0.8106
16 0.8403 0.5108 0.8066 0.8287 0.8032
17 0.8359 0.5372 0.7985 0.8241 0.7951
18 0.8288 0.5611 0.7930 0.7920 0.7556
19 0.8168 0.6058 0.7776 0.8062 0.7817
20 0.8002 0.6459 0.7594 0.7782 0.7564
21 0.8219 0.5830 0.7832 0.8072 0.7638
22 0.8260 0.5599 0.7894 0.8280 0.7946
23 0.8477 0.4923 0.8141 0.8354 0.8073
24 0.8516 0.4753 0.8179 0.8521 0.8219
25 0.8557 0.4512 0.8235 0.8503 0.8209
26 0.8564 0.4465 0.8243 0.8414 0.8119
27 0.8430 0.4924 0.8114 0.8374 0.8053
28 0.8432 0.5032 0.8096 0.8239 0.7966
29 0.8265 0.5525 0.7896 0.6932 0.6524
30 0.8225 0.5750 0.7819 0.8041 0.7793
31 0.8317 0.5408 0.7961 0.8053 0.7778
32 0.8426 0.5050 0.8108 0.8397 0.8075
33 0.8488 0.4769 0.8148 0.8213 0.7925
34 0.8619 0.4406 0.8317 0.8452 0.8179
35 0.8634 0.4261 0.8326 0.8502 0.8230
36 0.8659 0.4179 0.8345 0.8508 0.8220
37 0.8581 0.4491 0.8253 0.8373 0.8011
38 0.8435 0.4978 0.8107 0.8198 0.7763
39 0.8348 0.5311 0.7992 0.8021 0.7675
40 0.8302 0.5590 0.7951 0.7507 0.6915
41 0.8410 0.5172 0.8049 0.8012 0.7659
42 0.8494 0.4740 0.8157 0.8485 0.8115
43 0.8569 0.4491 0.8225 0.8404 0.8114
44 0.8663 0.4215 0.8360 0.8515 0.8243
45 0.8744 0.3940 0.8454 0.8533 0.8260
46 0.8701 0.4000 0.8384 0.8558 0.8269
47 0.8631 0.4186 0.8326 0.8453 0.8130
48 0.8589 0.4391 0.8259 0.8402 0.8073
49 0.8466 0.4948 0.8135 0.8454 0.8153
50 0.8408 0.5109 0.8094 0.7932 0.7666
51 0.8469 0.4977 0.8137 0.8351 0.8064
52 0.8582 0.4540 0.8266 0.8351 0.8064
53 0.8557 0.4440 0.8248 0.8505 0.8172
54 0.8719 0.4016 0.8420 0.8545 0.8264
55 0.8745 0.3860 0.8446 0.8555 0.8275
56 0.8784 0.3817 0.8470 0.8438 0.8177
57 0.8712 0.4029 0.8395 0.8294 0.8054
58 0.8551 0.4653 0.8249 0.8258 0.7928
59 0.8508 0.4736 0.8207 0.7936 0.7648
60 0.8466 0.4944 0.8127 0.8359 0.8075
61 0.8496 0.4657 0.8188 0.8261 0.7897
62 0.8554 0.4582 0.8251 0.8169 0.7877
63 0.8720 0.3934 0.8429 0.8416 0.8132
64 0.8751 0.3861 0.8453 0.8585 0.8285
65 0.8798 0.3729 0.8505 0.8597 0.8322
66 0.8768 0.3739 0.8443 0.8556 0.8298
67 0.8806 0.3751 0.8511 0.8342 0.8102
68 0.8719 0.4121 0.8415 0.8483 0.8233
69 0.8596 0.4516 0.8278 0.7426 0.6950
70 0.8487 0.4859 0.8159 0.7359 0.7010
71 0.8598 0.4515 0.8297 0.8441 0.8144
72 0.8690 0.4208 0.8387 0.8375 0.8010
73 0.8742 0.3945 0.8427 0.8499 0.8200
74 0.8846 0.3515 0.8556 0.8629 0.8343
75 0.8866 0.3402 0.8588 0.8620 0.8346
76 0.8846 0.3611 0.8546 0.8636 0.8349
77 0.8811 0.3616 0.8511 0.8615 0.8337
78 0.8709 0.3944 0.8401 0.8351 0.8022
79 0.8603 0.4543 0.8286 0.7913 0.7673
80 0.8579 0.4538 0.8260 0.8125 0.7815
81 0.8560 0.4609 0.8250 0.8162 0.7835
82 0.8689 0.4235 0.8379 0.8339 0.8095
83 0.8754 0.3861 0.8444 0.8595 0.8314
84 0.8839 0.3467 0.8543 0.8584 0.8320
85 0.8893 0.3364 0.8617 0.8588 0.8344
86 0.8885 0.3367 0.8607 0.8661 0.8395
87 0.8897 0.3411 0.8607 0.8525 0.8238
88 0.8717 0.4014 0.8388 0.8584 0.8256
89 0.8609 0.4406 0.8303 0.8244 0.7934
90 0.8567 0.4482 0.8248 0.8102 0.7788
91 0.8655 0.4308 0.8334 0.8186 0.7882
92 0.8712 0.4116 0.8391 0.8324 0.7994
93 0.8778 0.3746 0.8492 0.8579 0.8296
94 0.8885 0.3386 0.8594 0.8560 0.8274
95 0.8933 0.3184 0.8653 0.8612 0.8317
96 0.8913 0.3288 0.8625 0.8609 0.8319
97 0.8877 0.3526 0.8601 0.8564 0.8237
98 0.8814 0.3626 0.8518 0.8591 0.8325
99 0.8691 0.4058 0.8379 0.8205 0.7855
100 0.8777 0.3720 0.8516 0.8605 0.8325
101 0.8936 0.3255 0.8677 0.8609 0.8337
102 0.8968 0.3085 0.8692 0.8662 0.8403
103 0.8969 0.3046 0.8703 0.8659 0.8385
104 0.9030 0.2913 0.8754 0.8673 0.8383
105 0.9007 0.2954 0.8734 0.8691 0.8400
106 0.8997 0.2990 0.8717 0.8696 0.8399
107 0.8961 0.3089 0.8685 0.8646 0.8364
108 0.9028 0.2891 0.8758 0.8666 0.8380
109 0.9031 0.2893 0.8766 0.8641 0.8357
110 0.8951 0.3128 0.8675 0.8592 0.8308
111 0.8992 0.2914 0.8704 0.8671 0.8380
112 0.9056 0.2800 0.8776 0.8665 0.8368
113 0.9051 0.2732 0.8796 0.8648 0.8362
114 0.9060 0.2724 0.8790 0.8641 0.8358
115 0.9040 0.2706 0.8757 0.8642 0.8358
116 0.9062 0.2727 0.8788 0.8652 0.8355
117 0.9020 0.2845 0.8746 0.8659 0.8353
118 0.9047 0.2704 0.8778 0.8643 0.8349
119 0.9042 0.2748 0.8781 0.8605 0.8297
120 0.9006 0.2898 0.8742 0.8504 0.8231
121 0.9079 0.2740 0.8799 0.8496 0.8213
122 0.9064 0.2827 0.8784 0.8613 0.8305
123 0.9060 0.2723 0.8795 0.8636 0.8352
124 0.9113 0.2546 0.8857 0.8673 0.8363
125 0.9102 0.2647 0.8831 0.8643 0.8334
126 0.9098 0.2599 0.8843 0.8703 0.8393
127 0.9129 0.2576 0.8852 0.8660 0.8382
128 0.9071 0.2702 0.8786 0.8671 0.8387
129 0.9066 0.2693 0.8779 0.8631 0.8335
130 0.9014 0.2878 0.8740 0.8641 0.8319
131 0.9054 0.2745 0.8774 0.8616 0.8315
132 0.9095 0.2565 0.8827 0.8702 0.8380
133 0.9104 0.2534 0.8843 0.8646 0.8355
134 0.9128 0.2562 0.8852 0.8701 0.8381
135 0.9075 0.2572 0.8813 0.8700 0.8394
136 0.9105 0.2445 0.8843 0.8657 0.8373
137 0.9109 0.2544 0.8850 0.8635 0.8356
138 0.9103 0.2564 0.8839 0.8679 0.8373
139 0.9108 0.2572 0.8852 0.8595 0.8282
140 0.9108 0.2573 0.8846 0.8664 0.8358
141 0.9091 0.2574 0.8820 0.8639 0.8370
142 0.9076 0.2518 0.8805 0.8628 0.8323
143 0.9098 0.2503 0.8817 0.8656 0.8368
144 0.9130 0.2488 0.8871 0.8666 0.8375
145 0.9153 0.2412 0.8882 0.8673 0.8395
146 0.9156 0.2419 0.8913 0.8647 0.8368
147 0.9111 0.2458 0.8859 0.8679 0.8391
148 0.9149 0.2427 0.8903 0.8629 0.8320
149 0.9101 0.2502 0.8824 0.8713 0.8424
150 0.9102 0.2563 0.8829 0.8666 0.8380
151 0.9056 0.2665 0.8807 0.8645 0.8341
152 0.9137 0.2423 0.8882 0.8683 0.8387
153 0.9131 0.2429 0.8871 0.8649 0.8369
154 0.9171 0.2275 0.8927 0.8695 0.8410
155 0.9147 0.2359 0.8888 0.8668 0.8377
156 0.9226 0.2149 0.8987 0.8681 0.8395
157 0.9170 0.2371 0.8908 0.8730 0.8428
158 0.9189 0.2285 0.8940 0.8710 0.8425
159 0.9093 0.2484 0.8824 0.8641 0.8341
160 0.9194 0.2271 0.8932 0.8670 0.8371
161 0.9172 0.2278 0.8910 0.8676 0.8379
162 0.9142 0.2325 0.8893 0.8663 0.8351
163 0.9166 0.2349 0.8897 0.8658 0.8355
164 0.9184 0.2226 0.8927 0.8678 0.8370
165 0.9201 0.2176 0.8951 0.8687 0.8376
166 0.9192 0.2226 0.8948 0.8679 0.8374
167 0.9118 0.2358 0.8852 0.8692 0.8369
168 0.9181 0.2232 0.8936 0.8714 0.8401
169 0.9203 0.2231 0.8945 0.8665 0.8368
170 0.9168 0.2241 0.8916 0.8655 0.8361
171 0.9186 0.2227 0.8911 0.8667 0.8371
172 0.9212 0.2191 0.8951 0.8692 0.8395
173 0.9181 0.2195 0.8933 0.8685 0.8397
174 0.9202 0.2186 0.8967 0.8679 0.8383
175 0.9203 0.2167 0.8937 0.8658 0.8359
176 0.9208 0.2144 0.8954 0.8689 0.8370
177 0.9189 0.2164 0.8938 0.8725 0.8405
178 0.9209 0.2166 0.8949 0.8724 0.8411
179 0.9196 0.2255 0.8937 0.8682 0.8370
180 0.9206 0.2133 0.8935 0.8668 0.8385
181 0.9190 0.2183 0.8930 0.8663 0.8364
182 0.9177 0.2227 0.8917 0.8653 0.8355
183 0.9232 0.2106 0.8964 0.8673 0.8356
184 0.9179 0.2236 0.8921 0.8674 0.8363
185 0.9215 0.2152 0.8970 0.8673 0.8368
186 0.9227 0.2097 0.8991 0.8640 0.8315
187 0.9230 0.2125 0.8981 0.8690 0.8385
188 0.9181 0.2141 0.8922 0.8651 0.8351
189 0.9212 0.2111 0.8962 0.8710 0.8399
190 0.9220 0.2098 0.8957 0.8674 0.8365
191 0.9224 0.2077 0.8991 0.8700 0.8381
192 0.9207 0.2205 0.8952 0.8666 0.8357
193 0.9227 0.2093 0.8980 0.8672 0.8371
194 0.9261 0.2056 0.9015 0.8688 0.8363
195 0.9206 0.2111 0.8955 0.8676 0.8365
196 0.9212 0.2136 0.8952 0.8661 0.8371
197 0.9241 0.2086 0.8982 0.8720 0.8413
198 0.9211 0.2095 0.8964 0.8662 0.8359
199 0.9205 0.2137 0.8940 0.8648 0.8351
