epoch train_iou train_loss train_mAP val_iou val_mAP
0 0.6574 1.0720 0.5887 0.6935 0.6214
1 0.7569 0.7889 0.6989 0.7649 0.7208
2 0.7865 0.6914 0.7386 0.7796 0.7290
3 0.8081 0.6024 0.7638 0.7874 0.7507
4 0.8275 0.5418 0.7841 0.8045 0.7707
5 0.8344 0.5183 0.7922 0.8108 0.7779
6 0.8325 0.5235 0.7914 0.8197 0.7803
7 0.8278 0.5444 0.7874 0.7987 0.7572
8 0.8244 0.5486 0.7845 0.8127 0.7732
9 0.8218 0.5616 0.7799 0.8174 0.7769
10 0.8278 0.5545 0.7879 0.8167 0.7844
11 0.8481 0.4857 0.8113 0.7859 0.7495
12 0.8527 0.4643 0.8187 0.8264 0.7957
13 0.8635 0.4253 0.8291 0.8353 0.7996
14 0.8747 0.3836 0.8419 0.8517 0.8179
15 0.8820 0.3584 0.8488 0.8565 0.8232
16 0.8810 0.3715 0.8491 0.8519 0.8184
17 0.8734 0.3895 0.8411 0.8413 0.8073
18 0.8638 0.4274 0.8299 0.8412 0.8053
19 0.8629 0.4369 0.8290 0.7809 0.7284
20 0.8574 0.4629 0.8235 0.8337 0.7992
21 0.8576 0.4571 0.8241 0.8319 0.8011
22 0.8751 0.3955 0.8435 0.8429 0.8106
23 0.8807 0.3682 0.8509 0.8501 0.8180
24 0.8851 0.3401 0.8548 0.8617 0.8292
25 0.8940 0.3210 0.8655 0.8614 0.8305
26 0.8923 0.3238 0.8639 0.8612 0.8294
27 0.8911 0.3373 0.8604 0.8615 0.8311
28 0.8844 0.3573 0.8533 0.8489 0.8107
29 0.8776 0.3884 0.8456 0.8381 0.8032
30 0.8678 0.4268 0.8352 0.8145 0.7775
31 0.8715 0.4138 0.8394 0.8373 0.8062
32 0.8824 0.3615 0.8534 0.8404 0.8157
33 0.8940 0.3266 0.8650 0.8615 0.8313
34 0.8966 0.3092 0.8678 0.8570 0.8266
35 0.9010 0.2926 0.8730 0.8609 0.8309
36 0.9038 0.2857 0.8771 0.8604 0.8341
37 0.8959 0.3071 0.8687 0.8589 0.8290
38 0.8928 0.3256 0.8639 0.8559 0.8232
39 0.8809 0.3748 0.8511 0.8391 0.8034
40 0.8822 0.3708 0.8516 0.8457 0.8160
41 0.8822 0.3643 0.8525 0.8505 0.8153
42 0.8889 0.3388 0.8602 0.8594 0.8258
43 0.8979 0.3006 0.8714 0.8632 0.8364
44 0.9057 0.2770 0.8788 0.8710 0.8453
45 0.9087 0.2665 0.8829 0.8715 0.8451
46 0.9089 0.2645 0.8835 0.8693 0.8418
47 0.9065 0.2775 0.8812 0.8689 0.8382
48 0.9033 0.2927 0.8761 0.8613 0.8325
49 0.8962 0.3153 0.8696 0.8508 0.8240
50 0.8798 0.3731 0.8502 0.8641 0.8323
51 0.8842 0.3640 0.8563 0.8640 0.8343
52 0.8912 0.3290 0.8638 0.8511 0.8233
53 0.9030 0.2937 0.8782 0.8632 0.8355
54 0.9072 0.2720 0.8820 0.8667 0.8399
55 0.9090 0.2598 0.8860 0.8659 0.8388
56 0.9100 0.2575 0.8844 0.8680 0.8416
57 0.9127 0.2550 0.8879 0.8677 0.8429
58 0.9058 0.2826 0.8815 0.8633 0.8319
59 0.9002 0.3044 0.8727 0.8573 0.8285
60 0.8895 0.3410 0.8603 0.8148 0.7768
61 0.8960 0.3124 0.8692 0.8495 0.8141
62 0.9051 0.2872 0.8790 0.8696 0.8410
63 0.9070 0.2714 0.8835 0.8650 0.8361
64 0.9178 0.2386 0.8954 0.8772 0.8484
65 0.9221 0.2233 0.8988 0.8765 0.8475
66 0.9180 0.2285 0.8948 0.8703 0.8425
67 0.9137 0.2421 0.8902 0.8722 0.8453
68 0.9121 0.2542 0.8875 0.8649 0.8347
69 0.9040 0.2910 0.8775 0.8571 0.8275
70 0.8934 0.3202 0.8684 0.8510 0.8250
71 0.8978 0.3078 0.8720 0.8659 0.8370
72 0.9061 0.2771 0.8799 0.8668 0.8368
73 0.9121 0.2542 0.8875 0.8706 0.8450
74 0.9180 0.2289 0.8937 0.8722 0.8438
75 0.9153 0.2286 0.8945 0.8715 0.8431
76 0.9190 0.2268 0.8949 0.8753 0.8469
77 0.9165 0.2371 0.8938 0.8728 0.8422
78 0.9141 0.2459 0.8902 0.8529 0.8227
79 0.9092 0.2693 0.8830 0.8676 0.8380
80 0.9040 0.2910 0.8767 0.8475 0.8171
81 0.9032 0.2913 0.8780 0.8698 0.8381
82 0.9129 0.2523 0.8895 0.8648 0.8376
83 0.9162 0.2396 0.8926 0.8685 0.8404
84 0.9232 0.2143 0.9006 0.8810 0.8547
85 0.9251 0.2062 0.9026 0.8811 0.8537
86 0.9228 0.2120 0.8980 0.8785 0.8508
87 0.9231 0.2131 0.8998 0.8738 0.8469
88 0.9186 0.2402 0.8940 0.8145 0.7841
89 0.9031 0.2955 0.8771 0.8639 0.8335
90 0.8994 0.3031 0.8741 0.8594 0.8317
91 0.8983 0.3060 0.8731 0.8650 0.8393
92 0.9103 0.2592 0.8863 0.8712 0.8415
93 0.9174 0.2318 0.8938 0.8779 0.8513
94 0.9254 0.2065 0.9031 0.8792 0.8524
95 0.9224 0.2126 0.9009 0.8783 0.8519
96 0.9218 0.2095 0.8994 0.8778 0.8483
97 0.9237 0.2079 0.9022 0.8753 0.8478
98 0.9226 0.2151 0.8996 0.8684 0.8371
99 0.9142 0.2555 0.8892 0.8040 0.7706
100 0.9175 0.2318 0.8930 0.8720 0.8458
101 0.9270 0.2036 0.9056 0.8722 0.8456
102 0.9260 0.2059 0.9034 0.8756 0.8472
103 0.9281 0.1957 0.9069 0.8751 0.8505
104 0.9277 0.1946 0.9055 0.8784 0.8541
105 0.9297 0.1879 0.9082 0.8786 0.8532
106 0.9318 0.1856 0.9114 0.8752 0.8477
107 0.9311 0.1846 0.9104 0.8811 0.8522
108 0.9267 0.1962 0.9071 0.8771 0.8493
109 0.9252 0.1998 0.9039 0.8756 0.8475
110 0.9232 0.2096 0.9002 0.8738 0.8481
111 0.9263 0.2055 0.9053 0.8758 0.8494
112 0.9277 0.2027 0.9059 0.8734 0.8463
113 0.9313 0.1875 0.9109 0.8794 0.8540
114 0.9338 0.1797 0.9146 0.8781 0.8522
115 0.9323 0.1773 0.9115 0.8767 0.8513
116 0.9347 0.1741 0.9147 0.8796 0.8546
117 0.9357 0.1706 0.9159 0.8755 0.8492
118 0.9333 0.1801 0.9116 0.8760 0.8496
119 0.9296 0.1908 0.9086 0.8696 0.8424
120 0.9227 0.2099 0.9002 0.8758 0.8511
121 0.9289 0.1927 0.9096 0.8777 0.8528
122 0.9302 0.1916 0.9097 0.8816 0.8544
123 0.9299 0.1848 0.9092 0.8816 0.8540
124 0.9319 0.1780 0.9108 0.8840 0.8582
125 0.9354 0.1747 0.9152 0.8832 0.8566
126 0.9360 0.1647 0.9161 0.8839 0.8584
127 0.9374 0.1705 0.9186 0.8755 0.8505
128 0.9324 0.1812 0.9123 0.8822 0.8572
129 0.9322 0.1823 0.9108 0.8757 0.8493
130 0.9293 0.1942 0.9087 0.8720 0.8452
131 0.9272 0.1974 0.9070 0.8659 0.8392
132 0.9316 0.1847 0.9123 0.8777 0.8531
133 0.9356 0.1724 0.9167 0.8789 0.8525
134 0.9364 0.1686 0.9173 0.8813 0.8555
135 0.9365 0.1640 0.9181 0.8824 0.8559
136 0.9361 0.1647 0.9155 0.8800 0.8542
137 0.9387 0.1592 0.9193 0.8780 0.8530
138 0.9330 0.1724 0.9124 0.8753 0.8494
139 0.9285 0.1925 0.9073 0.8737 0.8459
140 0.9285 0.1938 0.9072 0.8702 0.8413
141 0.9345 0.1751 0.9139 0.8741 0.8489
142 0.9324 0.1806 0.9126 0.8725 0.8457
143 0.9351 0.1726 0.9152 0.8758 0.8518
144 0.9372 0.1697 0.9189 0.8798 0.8548
145 0.9388 0.1600 0.9191 0.8812 0.8559
146 0.9381 0.1615 0.9196 0.8802 0.8541
147 0.9387 0.1581 0.9200 0.8807 0.8558
148 0.9367 0.1687 0.9176 0.8695 0.8446
149 0.9323 0.1908 0.9125 0.8598 0.8346
150 0.9293 0.1936 0.9068 0.8710 0.8413
151 0.9318 0.1812 0.9134 0.8771 0.8495
152 0.9342 0.1765 0.9131 0.8784 0.8524
153 0.9363 0.1682 0.9167 0.8813 0.8559
154 0.9387 0.1594 0.9208 0.8794 0.8550
155 0.9397 0.1550 0.9224 0.8798 0.8561
156 0.9423 0.1492 0.9232 0.8826 0.8585
157 0.9414 0.1559 0.9232 0.8768 0.8535
158 0.9341 0.1638 0.9156 0.8793 0.8540
159 0.9355 0.1677 0.9149 0.8753 0.8499
160 0.9391 0.1575 0.9186 0.8806 0.8565
161 0.9418 0.1529 0.9238 0.8809 0.8554
162 0.9405 0.1541 0.9230 0.8838 0.8581
163 0.9421 0.1472 0.9248 0.8826 0.8575
164 0.9428 0.1481 0.9243 0.8833 0.8573
165 0.9423 0.1448 0.9247 0.8846 0.8589
166 0.9413 0.1464 0.9256 0.8843 0.8585
167 0.9442 0.1449 0.9250 0.8856 0.8611
168 0.9433 0.1450 0.9250 0.8850 0.8589
169 0.9442 0.1445 0.9269 0.8822 0.8577
170 0.9435 0.1448 0.9262 0.8811 0.8564
171 0.9434 0.1447 0.9275 0.8847 0.8601
172 0.9433 0.1423 0.9261 0.8861 0.8603
173 0.9457 0.1405 0.9285 0.8851 0.8596
174 0.9455 0.1396 0.9278 0.8849 0.8590
175 0.9417 0.1462 0.9241 0.8854 0.8595
176 0.9443 0.1422 0.9271 0.8867 0.8603
177 0.9459 0.1399 0.9280 0.8817 0.8553
178 0.9444 0.1415 0.9284 0.8842 0.8573
179 0.9423 0.1458 0.9254 0.8820 0.8576
180 0.9424 0.1469 0.9241 0.8822 0.8556
181 0.9417 0.1477 0.9238 0.8824 0.8575
182 0.9414 0.1460 0.9235 0.8820 0.8560
183 0.9430 0.1434 0.9250 0.8821 0.8550
184 0.9449 0.1413 0.9281 0.8842 0.8590
185 0.9447 0.1384 0.9273 0.8855 0.8607
186 0.9455 0.1377 0.9285 0.8841 0.8564
187 0.9423 0.1431 0.9246 0.8847 0.8587
188 0.9464 0.1355 0.9287 0.8845 0.8591
189 0.9445 0.1377 0.9279 0.8839 0.8581
190 0.9451 0.1433 0.9282 0.8862 0.8603
191 0.9437 0.1417 0.9273 0.8862 0.8589
192 0.9443 0.1389 0.9284 0.8862 0.8608
193 0.9451 0.1367 0.9288 0.8868 0.8609
194 0.9471 0.1337 0.9303 0.8863 0.8630
195 0.9455 0.1359 0.9296 0.8865 0.8607
196 0.9424 0.1379 0.9250 0.8886 0.8627
197 0.9466 0.1358 0.9292 0.8846 0.8602
198 0.9472 0.1357 0.9306 0.8847 0.8599
199 0.9465 0.1357 0.9300 0.8828 0.8583
