epoch train_iou train_loss train_mAP val_iou val_mAP
0 0.6345 1.1497 0.5620 0.7386 0.6775
1 0.7522 0.8015 0.6899 0.7531 0.6996
2 0.7666 0.7284 0.7113 0.8055 0.7589
3 0.8002 0.6321 0.7525 0.8142 0.7746
4 0.8194 0.5567 0.7732 0.8218 0.7841
5 0.8281 0.5272 0.7826 0.8214 0.7844
6 0.8260 0.5391 0.7824 0.8166 0.7745
7 0.8196 0.5606 0.7747 0.8149 0.7749
8 0.8178 0.5742 0.7754 0.8143 0.7741
9 0.8213 0.5630 0.7793 0.8121 0.7718
10 0.8107 0.5917 0.7701 0.8288 0.7952
11 0.8385 0.5102 0.7995 0.8084 0.7812
12 0.8447 0.4922 0.8075 0.8187 0.7930
13 0.8612 0.4310 0.8257 0.8373 0.8049
14 0.8650 0.4026 0.8289 0.8415 0.8065
15 0.8740 0.3744 0.8388 0.8417 0.8079
16 0.8724 0.3814 0.8368 0.8404 0.8065
17 0.8670 0.3993 0.8314 0.8502 0.8141
18 0.8614 0.4097 0.8267 0.8223 0.7805
19 0.8462 0.4697 0.8112 0.8442 0.8121
20 0.8448 0.4835 0.8061 0.8134 0.7834
21 0.8481 0.4774 0.8126 0.8275 0.7870
22 0.8574 0.4448 0.8190 0.8538 0.8236
23 0.8763 0.3775 0.8432 0.8436 0.8121
24 0.8785 0.3581 0.8464 0.8514 0.8240
25 0.8880 0.3202 0.8566 0.8491 0.8223
26 0.8923 0.3181 0.8618 0.8496 0.8207
27 0.8867 0.3380 0.8528 0.8428 0.8156
28 0.8893 0.3352 0.8563 0.8416 0.8102
29 0.8749 0.3805 0.8398 0.8291 0.7992
30 0.8634 0.4347 0.8296 0.8157 0.7757
31 0.8720 0.3906 0.8374 0.8267 0.8024
32 0.8798 0.3590 0.8466 0.8351 0.8074
33 0.8934 0.3180 0.8645 0.8415 0.8135
34 0.8956 0.3022 0.8657 0.8533 0.8241
35 0.8985 0.2708 0.8695 0.8508 0.8244
36 0.9010 0.2818 0.8714 0.8450 0.8199
37 0.8951 0.3000 0.8628 0.8498 0.8235
38 0.8886 0.3206 0.8562 0.8478 0.8157
39 0.8859 0.3274 0.8539 0.8265 0.7996
40 0.8771 0.3735 0.8441 0.8412 0.8120
41 0.8753 0.3775 0.8428 0.8470 0.8206
42 0.8907 0.3255 0.8595 0.8427 0.8154
43 0.8967 0.2947 0.8670 0.8589 0.8316
44 0.9047 0.2587 0.8754 0.8548 0.8277
45 0.9077 0.2513 0.8791 0.8524 0.8244
46 0.9067 0.2504 0.8783 0.8561 0.8238
47 0.9062 0.2577 0.8787 0.8495 0.8265
48 0.8995 0.2735 0.8708 0.8535 0.8260
49 0.8928 0.2976 0.8614 0.8254 0.7966
50 0.8885 0.3333 0.8565 0.8414 0.8121
51 0.8902 0.3239 0.8566 0.8509 0.8180
52 0.8945 0.3045 0.8632 0.8477 0.8235
53 0.9099 0.2569 0.8814 0.8577 0.8309
54 0.9133 0.2385 0.8866 0.8611 0.8351
55 0.9095 0.2381 0.8817 0.8601 0.8342
56 0.9140 0.2249 0.8858 0.8602 0.8350
57 0.9154 0.2310 0.8882 0.8602 0.8335
58 0.9160 0.2314 0.8899 0.8618 0.8360
59 0.8986 0.2889 0.8674 0.8478 0.8154
60 0.8952 0.3189 0.8645 0.8469 0.8180
61 0.8951 0.2995 0.8612 0.8532 0.8259
62 0.9037 0.2751 0.8732 0.8561 0.8294
63 0.9101 0.2444 0.8839 0.8622 0.8376
64 0.9116 0.2331 0.8836 0.8625 0.8386
65 0.9194 0.2153 0.8936 0.8635 0.8404
66 0.9171 0.2267 0.8907 0.8625 0.8369
67 0.9143 0.2266 0.8878 0.8556 0.8320
68 0.9104 0.2465 0.8828 0.8535 0.8280
69 0.9035 0.2783 0.8759 0.8380 0.8089
70 0.8968 0.3111 0.8667 0.8531 0.8207
71 0.8982 0.2985 0.8678 0.8543 0.8240
72 0.9012 0.2777 0.8713 0.8504 0.8229
73 0.9113 0.2426 0.8840 0.8599 0.8351
74 0.9178 0.2169 0.8921 0.8605 0.8356
75 0.9167 0.2172 0.8903 0.8596 0.8359
76 0.9227 0.2065 0.8983 0.8602 0.8367
77 0.9239 0.2057 0.8971 0.8608 0.8349
78 0.9155 0.2281 0.8878 0.8608 0.8351
79 0.9094 0.2495 0.8820 0.8462 0.8137
80 0.9005 0.2829 0.8713 0.8484 0.8234
81 0.9040 0.2815 0.8748 0.8504 0.8245
82 0.9142 0.2382 0.8875 0.8604 0.8378
83 0.9200 0.2156 0.8940 0.8656 0.8383
84 0.9209 0.2053 0.8947 0.8673 0.8432
85 0.9198 0.2014 0.8957 0.8686 0.8455
86 0.9295 0.1892 0.9053 0.8682 0.8455
87 0.9202 0.2137 0.8944 0.8643 0.8416
88 0.9242 0.2085 0.8983 0.8552 0.8311
89 0.9140 0.2448 0.8877 0.8640 0.8363
90 0.9075 0.2669 0.8769 0.8474 0.8219
91 0.9069 0.2615 0.8803 0.8414 0.8179
92 0.9121 0.2424 0.8876 0.8684 0.8424
93 0.9217 0.2168 0.8977 0.8678 0.8424
94 0.9233 0.2061 0.9002 0.8686 0.8460
95 0.9239 0.1938 0.8997 0.8698 0.8469
96 0.9250 0.1969 0.9020 0.8631 0.8392
97 0.9270 0.1936 0.9026 0.8651 0.8381
98 0.9222 0.2111 0.8984 0.8495 0.8235
99 0.9087 0.2482 0.8810 0.8224 0.7959
100 0.9181 0.2320 0.8924 0.8556 0.8300
101 0.9212 0.2032 0.8966 0.8608 0.8341
102 0.9264 0.1974 0.9040 0.8641 0.8400
103 0.9304 0.1818 0.9077 0.8664 0.8436
104 0.9266 0.1805 0.9034 0.8650 0.8435
105 0.9310 0.1689 0.9103 0.8653 0.8435
106 0.9316 0.1728 0.9096 0.8666 0.8442
107 0.9323 0.1725 0.9100 0.8653 0.8425
108 0.9308 0.1729 0.9073 0.8647 0.8396
109 0.9294 0.1851 0.9059 0.8619 0.8382
110 0.9296 0.1916 0.9065 0.8568 0.8285
111 0.9258 0.1923 0.9029 0.8557 0.8340
112 0.9327 0.1795 0.9112 0.8630 0.8382
113 0.9354 0.1641 0.9156 0.8650 0.8388
114 0.9351 0.1664 0.9146 0.8649 0.8408
115 0.9387 0.1557 0.9180 0.8671 0.8434
116 0.9331 0.1676 0.9127 0.8662 0.8421
117 0.9323 0.1659 0.9118 0.8659 0.8439
118 0.9340 0.1655 0.9128 0.8674 0.8434
119 0.9379 0.1619 0.9177 0.8667 0.8445
120 0.9300 0.1855 0.9078 0.8584 0.8339
121 0.9294 0.1866 0.9050 0.8690 0.8447
122 0.9324 0.1702 0.9122 0.8708 0.8473
123 0.9372 0.1603 0.9184 0.8703 0.8470
124 0.9338 0.1625 0.9131 0.8730 0.8497
125 0.9358 0.1580 0.9171 0.8691 0.8475
126 0.9350 0.1639 0.9151 0.8687 0.8481
127 0.9371 0.1576 0.9178 0.8734 0.8510
128 0.9342 0.1657 0.9140 0.8719 0.8469
129 0.9274 0.1818 0.9051 0.8653 0.8420
130 0.9264 0.1943 0.9040 0.8607 0.8359
131 0.9276 0.1775 0.9066 0.8709 0.8469
132 0.9317 0.1715 0.9104 0.8678 0.8436
133 0.9318 0.1697 0.9098 0.8691 0.8470
134 0.9354 0.1587 0.9133 0.8722 0.8510
135 0.9374 0.1501 0.9182 0.8683 0.8469
136 0.9347 0.1578 0.9149 0.8696 0.8478
137 0.9360 0.1546 0.9160 0.8617 0.8400
138 0.9357 0.1662 0.9143 0.8640 0.8399
139 0.9307 0.1761 0.9103 0.8685 0.8456
140 0.9300 0.1786 0.9081 0.8505 0.8266
141 0.9300 0.1810 0.9077 0.8546 0.8321
142 0.9335 0.1675 0.9128 0.8644 0.8395
143 0.9360 0.1623 0.9148 0.8728 0.8481
144 0.9411 0.1468 0.9218 0.8661 0.8438
145 0.9403 0.1487 0.9225 0.8671 0.8441
146 0.9412 0.1492 0.9220 0.8642 0.8416
147 0.9389 0.1510 0.9183 0.8681 0.8451
148 0.9390 0.1534 0.9194 0.8666 0.8446
149 0.9348 0.1616 0.9159 0.8618 0.8392
150 0.9288 0.1799 0.9067 0.8569 0.8344
151 0.9316 0.1804 0.9099 0.8580 0.8298
152 0.9321 0.1803 0.9108 0.8566 0.8321
153 0.9351 0.1660 0.9162 0.8638 0.8403
154 0.9398 0.1512 0.9218 0.8657 0.8426
155 0.9420 0.1490 0.9235 0.8659 0.8427
156 0.9417 0.1497 0.9253 0.8652 0.8415
157 0.9366 0.1583 0.9164 0.8669 0.8416
158 0.9375 0.1563 0.9179 0.8666 0.8416
159 0.9379 0.1544 0.9181 0.8671 0.8431
160 0.9362 0.1545 0.9159 0.8697 0.8431
161 0.9413 0.1424 0.9239 0.8666 0.8442
162 0.9404 0.1417 0.9225 0.8688 0.8461
163 0.9438 0.1367 0.9268 0.8680 0.8456
164 0.9448 0.1385 0.9274 0.8685 0.8459
165 0.9421 0.1420 0.9245 0.8665 0.8446
166 0.9429 0.1374 0.9248 0.8666 0.8449
167 0.9443 0.1349 0.9275 0.8660 0.8445
168 0.9418 0.1423 0.9245 0.8682 0.8455
169 0.9429 0.1401 0.9244 0.8668 0.8440
170 0.9415 0.1383 0.9247 0.8709 0.8471
171 0.9447 0.1392 0.9272 0.8673 0.8460
172 0.9440 0.1341 0.9267 0.8672 0.8450
173 0.9425 0.1376 0.9250 0.8701 0.8471
174 0.9468 0.1324 0.9288 0.8681 0.8457
175 0.9448 0.1353 0.9275 0.8670 0.8451
176 0.9456 0.1301 0.9289 0.8689 0.8470
177 0.9428 0.1351 0.9259 0.8699 0.8471
178 0.9457 0.1377 0.9269 0.8703 0.8484
179 0.9434 0.1360 0.9261 0.8677 0.8462
180 0.9473 0.1268 0.9324 0.8699 0.8471
181 0.9424 0.1366 0.9232 0.8680 0.8450
182 0.9434 0.1391 0.9248 0.8685 0.8475
183 0.9451 0.1322 0.9287 0.8716 0.8476
184 0.9453 0.1334 0.9293 0.8689 0.8462
185 0.9453 0.1349 0.9293 0.8680 0.8455
186 0.9422 0.1355 0.9247 0.8708 0.8482
187 0.9463 0.1302 0.9286 0.8684 0.8459
188 0.9469 0.1284 0.9313 0.8693 0.8471
189 0.9445 0.1335 0.9281 0.8669 0.8461
190 0.9419 0.1344 0.9251 0.8678 0.8455
191 0.9455 0.1318 0.9283 0.8682 0.8471
192 0.9444 0.1324 0.9272 0.8672 0.8450
193 0.9465 0.1276 0.9327 0.8669 0.8456
194 0.9449 0.1299 0.9276 0.8685 0.8460
195 0.9468 0.1274 0.9301 0.8661 0.8451
196 0.9479 0.1290 0.9322 0.8682 0.8462
197 0.9450 0.1316 0.9302 0.8681 0.8466
198 0.9494 0.1211 0.9334 0.8694 0.8469
199 0.9490 0.1247 0.9332 0.8706 0.8487
