epoch train_BCELoss train_SoftDiceLoss train_iou train_loss train_mAP val_BCELoss val_SoftDiceLoss val_iou val_loss val_mAP
0 0.2925 0.2859 0.6326 0.5785 0.5667 0.2425 0.5845 0.7030 0.8272 0.6507
1 0.2215 0.2072 0.7074 0.4291 0.6526 0.5637 0.7164 0.5419 1.2804 0.4763
2 0.1872 0.1739 0.7364 0.3617 0.6843 0.3123 0.5520 0.7300 0.8650 0.6793
3 0.1631 0.1530 0.7582 0.3168 0.7071 0.2178 0.5303 0.7641 0.7488 0.7130
4 0.1323 0.1272 0.7911 0.2603 0.7446 0.1970 0.5320 0.7803 0.7299 0.7358
5 0.1066 0.1047 0.8083 0.2122 0.7669 0.1880 0.5211 0.7828 0.7101 0.7410
6 0.1150 0.1040 0.8072 0.2199 0.7661 0.1840 0.5290 0.7868 0.7138 0.7431
7 0.1229 0.1121 0.8017 0.2359 0.7572 0.2083 0.5419 0.7693 0.7509 0.7210
8 0.1286 0.1176 0.7950 0.2471 0.7487 0.2367 0.5326 0.7692 0.7702 0.7275
9 0.1522 0.1371 0.7751 0.2901 0.7275 0.2140 0.5440 0.7631 0.7588 0.7195
10 0.1390 0.1288 0.7886 0.2688 0.7440 0.2717 0.5369 0.7577 0.8094 0.7115
11 0.1346 0.1179 0.7972 0.2534 0.7558 0.1775 0.5348 0.7927 0.7133 0.7529
12 0.1074 0.0978 0.8193 0.2063 0.7800 0.2239 0.5060 0.8091 0.7311 0.7668
13 0.0875 0.0782 0.8382 0.1668 0.8005 0.1732 0.4967 0.8268 0.6712 0.7897
14 0.0665 0.0628 0.8527 0.1305 0.8190 0.1906 0.4900 0.8278 0.6820 0.7911
15 0.0634 0.0600 0.8643 0.1247 0.8325 0.1828 0.4910 0.8214 0.6751 0.7876
16 0.0657 0.0560 0.8633 0.1230 0.8306 0.1848 0.4935 0.8236 0.6797 0.7868
17 0.0607 0.0552 0.8636 0.1172 0.8312 0.1995 0.4939 0.8229 0.6948 0.7865
18 0.0621 0.0560 0.8602 0.1193 0.8276 0.2095 0.5047 0.8202 0.7155 0.7838
19 0.0895 0.0797 0.8379 0.1705 0.8004 0.3271 0.5207 0.7793 0.8492 0.7361
20 0.1239 0.1054 0.8164 0.2304 0.7752 0.9139 0.6432 0.5559 1.5581 0.4799
21 0.1293 0.1148 0.7960 0.2452 0.7563 0.3906 0.5249 0.7339 0.9168 0.6742
22 0.0961 0.0842 0.8338 0.1816 0.7984 0.2742 0.5443 0.7833 0.8195 0.7459
23 0.0760 0.0705 0.8528 0.1478 0.8228 0.1920 0.4863 0.8138 0.6797 0.7766
24 0.0582 0.0553 0.8683 0.1149 0.8368 0.2284 0.4902 0.8271 0.7201 0.7930
25 0.0532 0.0477 0.8715 0.1023 0.8430 0.2257 0.4881 0.8283 0.7153 0.7928
26 0.0502 0.0457 0.8766 0.0973 0.8492 0.2209 0.4859 0.8284 0.7083 0.7924
27 0.0499 0.0458 0.8751 0.0972 0.8467 0.2279 0.4841 0.8263 0.7135 0.7934
28 0.0576 0.0519 0.8701 0.1110 0.8393 0.2339 0.4889 0.7976 0.7243 0.7599
29 0.0705 0.0645 0.8540 0.1363 0.8188 0.2896 0.5140 0.7973 0.8050 0.7595
30 0.0991 0.0852 0.8298 0.1855 0.7922 0.3094 0.5504 0.7533 0.8609 0.7075
31 0.0812 0.0722 0.8518 0.1547 0.8176 0.3718 0.5074 0.7865 0.8807 0.7392
32 0.0644 0.0586 0.8611 0.1244 0.8302 0.2948 0.5130 0.7868 0.8093 0.7484
33 0.0532 0.0470 0.8771 0.1016 0.8498 0.2220 0.4850 0.8319 0.7085 0.8007
34 0.0451 0.0415 0.8835 0.0882 0.8562 0.2022 0.4780 0.8265 0.6818 0.7922
35 0.0401 0.0389 0.8891 0.0805 0.8638 0.2051 0.4771 0.8327 0.6838 0.8016
36 0.0388 0.0356 0.8901 0.0760 0.8659 0.2247 0.4766 0.8265 0.7028 0.7938
37 0.0401 0.0366 0.8886 0.0783 0.8628 0.2195 0.4799 0.8299 0.7010 0.7984
38 0.0653 0.0580 0.8670 0.1248 0.8366 0.2562 0.4792 0.8229 0.7369 0.7893
39 0.0720 0.0664 0.8603 0.1399 0.8276 0.2568 0.5283 0.7822 0.7865 0.7403
40 0.0878 0.0756 0.8461 0.1647 0.8118 0.3642 0.5405 0.7810 0.9061 0.7404
41 0.0744 0.0665 0.8549 0.1423 0.8217 0.3046 0.4972 0.8027 0.8034 0.7691
42 0.0548 0.0488 0.8729 0.1051 0.8447 0.1985 0.4930 0.8283 0.6929 0.7954
43 0.0466 0.0431 0.8830 0.0913 0.8546 0.1750 0.4761 0.8347 0.6527 0.8036
44 0.0413 0.0383 0.8898 0.0812 0.8646 0.1963 0.4785 0.8247 0.6764 0.7924
45 0.0353 0.0340 0.8975 0.0710 0.8756 0.2081 0.4799 0.8324 0.6897 0.8018
46 0.0358 0.0326 0.8950 0.0702 0.8728 0.2190 0.4812 0.8369 0.7019 0.8059
47 0.0357 0.0332 0.8951 0.0706 0.8718 0.2489 0.4804 0.8415 0.7310 0.8121
48 0.0417 0.0372 0.8865 0.0806 0.8611 0.2073 0.4906 0.8328 0.6995 0.8026
49 0.0540 0.0463 0.8760 0.1018 0.8483 0.2599 0.4859 0.8132 0.7477 0.7778
50 0.0687 0.0609 0.8591 0.1311 0.8282 0.3210 0.5461 0.7262 0.8681 0.6794
51 0.0760 0.0677 0.8520 0.1451 0.8188 0.2581 0.5095 0.8003 0.7691 0.7588
52 0.0529 0.0463 0.8784 0.1008 0.8513 0.2583 0.4996 0.8004 0.7593 0.7659
53 0.0503 0.0473 0.8839 0.0993 0.8559 0.2308 0.4854 0.8320 0.7179 0.8020
54 0.0375 0.0350 0.8957 0.0743 0.8731 0.2259 0.4816 0.8356 0.7092 0.8030
55 0.0329 0.0316 0.9013 0.0662 0.8800 0.2308 0.4801 0.8352 0.7126 0.8044
56 0.0344 0.0328 0.9024 0.0690 0.8807 0.2429 0.4832 0.8290 0.7277 0.7994
57 0.0338 0.0308 0.8992 0.0664 0.8772 0.2589 0.4870 0.8362 0.7475 0.8038
58 0.0330 0.0306 0.8989 0.0653 0.8749 0.2366 0.4898 0.8350 0.7280 0.8001
59 0.0417 0.0383 0.8907 0.0816 0.8669 0.2907 0.5442 0.7638 0.8359 0.7196
60 0.0583 0.0513 0.8720 0.1111 0.8414 0.2499 0.4886 0.7822 0.7399 0.7367
61 0.0572 0.0503 0.8729 0.1090 0.8438 0.2362 0.4927 0.8061 0.7305 0.7677
62 0.0428 0.0407 0.8924 0.0852 0.8663 0.2433 0.4881 0.8293 0.7331 0.7960
63 0.0342 0.0316 0.8993 0.0675 0.8774 0.2631 0.4772 0.8249 0.7421 0.7941
64 0.0277 0.0262 0.9094 0.0557 0.8882 0.2655 0.4775 0.8391 0.7448 0.8084
65 0.0269 0.0260 0.9116 0.0547 0.8922 0.2628 0.4772 0.8392 0.7418 0.8097
66 0.0265 0.0251 0.9112 0.0535 0.8916 0.2804 0.4799 0.8392 0.7622 0.8112
67 0.0275 0.0258 0.9104 0.0552 0.8907 0.2730 0.4788 0.8283 0.7537 0.7960
68 0.0281 0.0263 0.9066 0.0562 0.8858 0.2910 0.4825 0.8409 0.7754 0.8131
69 0.0306 0.0286 0.9012 0.0610 0.8780 0.2852 0.4810 0.8326 0.7681 0.7995
70 0.0321 0.0296 0.8988 0.0635 0.8754 0.4153 0.5239 0.7717 0.9408 0.7309
71 0.0542 0.0466 0.8725 0.1024 0.8440 0.2424 0.4925 0.7973 0.7365 0.7632
72 0.0373 0.0341 0.8976 0.0732 0.8737 0.2715 0.4872 0.8256 0.7604 0.7977
73 0.0316 0.0294 0.9090 0.0628 0.8867 0.2351 0.4875 0.8351 0.7244 0.8024
74 0.0317 0.0296 0.9094 0.0632 0.8897 0.2569 0.4735 0.8299 0.7322 0.7987
75 0.0265 0.0269 0.9130 0.0553 0.8943 0.2024 0.4783 0.8433 0.6826 0.8126
76 0.0258 0.0245 0.9135 0.0522 0.8940 0.2440 0.4750 0.8428 0.7208 0.8137
77 0.0251 0.0234 0.9150 0.0504 0.8958 0.2543 0.4768 0.8387 0.7329 0.8089
78 0.0286 0.0260 0.9095 0.0565 0.8899 0.2344 0.4780 0.8429 0.7142 0.8133
79 0.0526 0.0469 0.8787 0.1011 0.8510 0.2305 0.4915 0.7983 0.7237 0.7563
80 0.0673 0.0575 0.8577 0.1264 0.8250 0.2590 0.5120 0.7773 0.7726 0.7367
81 0.0663 0.0551 0.8713 0.1230 0.8410 0.3440 0.5602 0.7502 0.9055 0.7050
82 0.0475 0.0433 0.8800 0.0925 0.8548 0.2496 0.4868 0.8370 0.7382 0.8044
83 0.0334 0.0320 0.9020 0.0673 0.8813 0.2371 0.4792 0.8430 0.7180 0.8089
84 0.0267 0.0254 0.9137 0.0540 0.8948 0.2462 0.4789 0.8437 0.7270 0.8126
85 0.0241 0.0227 0.9179 0.0488 0.9016 0.2445 0.4800 0.8426 0.7263 0.8118
86 0.0240 0.0228 0.9176 0.0488 0.8994 0.2630 0.4796 0.8474 0.7444 0.8141
87 0.0239 0.0225 0.9171 0.0484 0.8987 0.2401 0.4809 0.8467 0.7228 0.8151
88 0.0260 0.0244 0.9136 0.0523 0.8951 0.3395 0.4852 0.8240 0.8266 0.7885
89 0.0557 0.0461 0.8821 0.1035 0.8565 0.2133 0.5028 0.8120 0.7176 0.7738
90 0.0569 0.0518 0.8754 0.1104 0.8466 0.3324 0.5433 0.7447 0.8771 0.6966
91 0.0634 0.0570 0.8688 0.1220 0.8415 0.2315 0.4853 0.8113 0.7185 0.7751
92 0.0383 0.0347 0.8966 0.0748 0.8735 0.2265 0.4783 0.8255 0.7067 0.7916
93 0.0311 0.0293 0.9103 0.0623 0.8897 0.2522 0.4795 0.8422 0.7335 0.8090
94 0.0270 0.0256 0.9163 0.0545 0.8986 0.2424 0.4741 0.8496 0.7184 0.8196
95 0.0233 0.0227 0.9211 0.0480 0.9028 0.2448 0.4716 0.8458 0.7184 0.8160
96 0.0227 0.0222 0.9236 0.0470 0.9055 0.2359 0.4686 0.8504 0.7064 0.8191
97 0.0261 0.0247 0.9193 0.0527 0.8998 0.2569 0.4839 0.8312 0.7427 0.7999
98 0.0234 0.0226 0.9178 0.0480 0.8994 0.2772 0.4744 0.8406 0.7536 0.8085
99 0.0300 0.0270 0.9118 0.0589 0.8905 0.3072 0.4952 0.7962 0.8041 0.7548
100 0.0425 0.0395 0.8867 0.0838 0.8609 0.3771 0.4957 0.8162 0.8746 0.7820
101 0.0694 0.0585 0.8699 0.1296 0.8413 0.2948 0.4949 0.7972 0.7913 0.7581
102 0.0457 0.0438 0.8902 0.0913 0.8664 0.2902 0.4875 0.8257 0.7795 0.7925
103 0.0297 0.0274 0.9100 0.0592 0.8913 0.3122 0.4875 0.8301 0.8016 0.7983
104 0.0230 0.0218 0.9208 0.0469 0.9046 0.2764 0.4789 0.8360 0.7573 0.8018
105 0.0225 0.0217 0.9204 0.0463 0.9049 0.2720 0.4770 0.8349 0.7510 0.7987
106 0.0215 0.0208 0.9230 0.0445 0.9064 0.2728 0.4766 0.8338 0.7514 0.7996
107 0.0236 0.0229 0.9203 0.0486 0.9023 0.2902 0.4879 0.8298 0.7800 0.7959
108 0.0292 0.0285 0.9109 0.0597 0.8907 0.3278 0.4950 0.8125 0.8245 0.7748
109 0.0324 0.0304 0.9077 0.0647 0.8855 0.3087 0.4877 0.8247 0.7982 0.7927
110 0.0445 0.0406 0.8937 0.0869 0.8676 0.3302 0.5002 0.7917 0.8321 0.7481
111 0.0401 0.0365 0.8921 0.0784 0.8698 0.2993 0.4996 0.8350 0.8007 0.8026
112 0.0274 0.0261 0.9129 0.0556 0.8927 0.2623 0.4795 0.8327 0.7437 0.8022
113 0.0212 0.0212 0.9239 0.0445 0.9077 0.2771 0.4718 0.8353 0.7509 0.8026
114 0.0198 0.0199 0.9258 0.0418 0.9103 0.2847 0.4762 0.8444 0.7629 0.8145
115 0.0194 0.0197 0.9277 0.0413 0.9133 0.2786 0.4743 0.8449 0.7550 0.8138
116 0.0192 0.0191 0.9275 0.0404 0.9124 0.2675 0.4726 0.8373 0.7422 0.8054
117 0.0189 0.0189 0.9291 0.0401 0.9127 0.2776 0.4759 0.8405 0.7554 0.8070
118 0.0198 0.0193 0.9246 0.0413 0.9090 0.4233 0.4877 0.8039 0.9129 0.7707
119 0.0355 0.0319 0.9043 0.0693 0.8826 0.3611 0.5057 0.8096 0.8686 0.7769
120 0.0475 0.0384 0.8934 0.0877 0.8690 0.2639 0.5055 0.7925 0.7710 0.7532
121 0.0688 0.0591 0.8713 0.1298 0.8418 0.3013 0.4921 0.8064 0.7949 0.7681
122 0.0396 0.0380 0.8990 0.0796 0.8754 0.2917 0.4886 0.8319 0.7820 0.8006
123 0.0300 0.0293 0.9150 0.0613 0.8956 0.2354 0.4807 0.8402 0.7180 0.8066
124 0.0229 0.0229 0.9217 0.0479 0.9037 0.2171 0.4757 0.8356 0.6949 0.7993
125 0.0204 0.0211 0.9246 0.0437 0.9082 0.2244 0.4761 0.8438 0.7025 0.8105
126 0.0195 0.0197 0.9269 0.0414 0.9112 0.2398 0.4764 0.8415 0.7181 0.8085
127 0.0196 0.0196 0.9285 0.0414 0.9129 0.2896 0.4793 0.8274 0.7709 0.7923
128 0.0212 0.0209 0.9236 0.0442 0.9053 0.2901 0.4839 0.8469 0.7758 0.8159
129 0.0205 0.0205 0.9247 0.0431 0.9079 0.2714 0.4788 0.8367 0.7520 0.8049
130 0.0209 0.0202 0.9240 0.0432 0.9065 0.2685 0.4766 0.8366 0.7471 0.8028
131 0.0197 0.0195 0.9259 0.0414 0.9097 0.2941 0.4741 0.8363 0.7701 0.8032
132 0.0206 0.0197 0.9289 0.0425 0.9136 0.2926 0.4778 0.8531 0.7723 0.8192
133 0.0167 0.0167 0.9342 0.0357 0.9202 0.3007 0.4765 0.8522 0.7790 0.8201
134 0.0157 0.0161 0.9373 0.0341 0.9241 0.2893 0.4735 0.8461 0.7648 0.8136
135 0.0149 0.0154 0.9392 0.0327 0.9267 0.2862 0.4736 0.8430 0.7619 0.8089
136 0.0162 0.0162 0.9377 0.0348 0.9254 0.3432 0.4685 0.8426 0.8137 0.8109
137 0.0159 0.0163 0.9347 0.0346 0.9207 0.3339 0.4751 0.8466 0.8109 0.8143
138 0.0155 0.0159 0.9360 0.0338 0.9214 0.3401 0.4755 0.8407 0.8176 0.8090
139 0.0163 0.0165 0.9336 0.0351 0.9199 0.3140 0.4743 0.8363 0.7903 0.8030
140 0.0174 0.0175 0.9294 0.0372 0.9141 0.3463 0.4792 0.8332 0.8272 0.7995
141 0.0188 0.0185 0.9277 0.0396 0.9116 0.3649 0.4852 0.8236 0.8519 0.7889
142 0.0271 0.0245 0.9167 0.0538 0.8981 0.2745 0.5136 0.7459 0.7895 0.6982
143 0.0290 0.0278 0.9116 0.0589 0.8916 0.2605 0.4899 0.8120 0.7522 0.7816
144 0.0207 0.0209 0.9285 0.0438 0.9140 0.2869 0.4787 0.8357 0.7676 0.8079
145 0.0161 0.0172 0.9365 0.0356 0.9230 0.2806 0.4786 0.8378 0.7613 0.8082
146 0.0160 0.0170 0.9354 0.0354 0.9214 0.3231 0.4756 0.8385 0.8008 0.8064
147 0.0158 0.0163 0.9353 0.0346 0.9212 0.3035 0.4735 0.8352 0.7791 0.8050
148 0.0168 0.0170 0.9337 0.0362 0.9194 0.3258 0.4760 0.8332 0.8039 0.8020
149 0.0287 0.0258 0.9142 0.0567 0.8940 0.2831 0.4762 0.8251 0.7612 0.7903
