epoch train_iou train_loss train_mAP val_iou val_mAP
0 0.6288 1.1788 0.5591 0.7095 0.6558
1 0.7242 0.8765 0.6614 0.7428 0.6889
2 0.7568 0.7686 0.7016 0.7666 0.7147
3 0.7827 0.6860 0.7297 0.7852 0.7370
4 0.7970 0.6344 0.7435 0.7873 0.7456
5 0.7998 0.6225 0.7521 0.7971 0.7519
6 0.8030 0.6042 0.7496 0.8074 0.7611
7 0.8069 0.6117 0.7560 0.7975 0.7553
8 0.7982 0.6247 0.7477 0.8031 0.7548
9 0.8049 0.6185 0.7538 0.7908 0.7495
10 0.8033 0.6196 0.7542 0.8179 0.7796
11 0.8145 0.5826 0.7683 0.8010 0.7712
12 0.8244 0.5415 0.7777 0.8148 0.7737
13 0.8417 0.4929 0.7989 0.8295 0.7924
14 0.8507 0.4516 0.8091 0.8293 0.7946
15 0.8563 0.4306 0.8166 0.8305 0.7953
16 0.8545 0.4369 0.8112 0.8303 0.7939
17 0.8486 0.4578 0.8063 0.8332 0.7963
18 0.8494 0.4576 0.8063 0.8186 0.7803
19 0.8496 0.4696 0.8084 0.8369 0.8006
20 0.8338 0.5110 0.7899 0.8252 0.7909
21 0.8441 0.4952 0.8041 0.8322 0.8036
22 0.8548 0.4413 0.8152 0.8364 0.8041
23 0.8714 0.3864 0.8324 0.8421 0.8120
24 0.8728 0.3642 0.8367 0.8479 0.8192
25 0.8790 0.3624 0.8432 0.8456 0.8175
26 0.8801 0.3519 0.8432 0.8469 0.8159
27 0.8716 0.3880 0.8357 0.8340 0.8055
28 0.8703 0.3905 0.8314 0.8450 0.8149
29 0.8617 0.4159 0.8215 0.8201 0.7859
30 0.8560 0.4300 0.8162 0.8323 0.7968
31 0.8685 0.3927 0.8311 0.8252 0.7927
32 0.8708 0.3775 0.8337 0.8388 0.8096
33 0.8800 0.3440 0.8451 0.8462 0.8177
34 0.8861 0.3242 0.8514 0.8470 0.8204
35 0.8897 0.3109 0.8554 0.8458 0.8188
36 0.8942 0.3020 0.8611 0.8427 0.8147
37 0.8901 0.3151 0.8555 0.8417 0.8144
38 0.8839 0.3324 0.8482 0.8337 0.8025
39 0.8808 0.3440 0.8467 0.8398 0.8071
40 0.8786 0.3741 0.8411 0.8534 0.8214
41 0.8791 0.3662 0.8413 0.8332 0.8029
42 0.8767 0.3650 0.8417 0.8386 0.8054
43 0.8872 0.3236 0.8529 0.8432 0.8154
44 0.8938 0.2937 0.8610 0.8490 0.8215
45 0.8974 0.2839 0.8657 0.8496 0.8208
46 0.9028 0.2745 0.8707 0.8547 0.8269
47 0.8973 0.2923 0.8647 0.8461 0.8147
48 0.8906 0.3107 0.8576 0.8332 0.8041
49 0.8934 0.3182 0.8611 0.8426 0.8131
50 0.8812 0.3543 0.8443 0.8321 0.8077
51 0.8847 0.3545 0.8495 0.8361 0.8095
52 0.8929 0.3171 0.8595 0.8491 0.8237
53 0.8989 0.2776 0.8679 0.8473 0.8213
54 0.9020 0.2778 0.8707 0.8466 0.8200
55 0.9027 0.2662 0.8722 0.8510 0.8252
56 0.9057 0.2602 0.8756 0.8453 0.8173
57 0.9031 0.2633 0.8707 0.8463 0.8198
58 0.8973 0.2791 0.8660 0.8495 0.8212
59 0.8914 0.3051 0.8558 0.8408 0.8141
60 0.8853 0.3388 0.8486 0.8335 0.8081
61 0.8952 0.3029 0.8647 0.8536 0.8239
62 0.8984 0.2830 0.8670 0.8558 0.8276
63 0.9090 0.2554 0.8787 0.8519 0.8282
64 0.9046 0.2533 0.8746 0.8537 0.8243
65 0.9106 0.2362 0.8795 0.8561 0.8288
66 0.9072 0.2458 0.8762 0.8568 0.8298
67 0.9113 0.2562 0.8795 0.8481 0.8219
68 0.9077 0.2572 0.8765 0.8585 0.8285
69 0.9047 0.2651 0.8715 0.8426 0.8133
70 0.8908 0.3222 0.8579 0.8424 0.8173
71 0.8969 0.2913 0.8646 0.8484 0.8186
72 0.9046 0.2674 0.8745 0.8520 0.8196
73 0.9065 0.2529 0.8763 0.8506 0.8254
74 0.9119 0.2346 0.8837 0.8554 0.8293
75 0.9123 0.2294 0.8826 0.8580 0.8312
76 0.9133 0.2340 0.8852 0.8568 0.8264
77 0.9139 0.2354 0.8863 0.8573 0.8309
78 0.9147 0.2321 0.8861 0.8468 0.8185
79 0.9020 0.2860 0.8691 0.8480 0.8183
80 0.8973 0.2996 0.8644 0.8546 0.8281
81 0.9009 0.2924 0.8686 0.8469 0.8195
82 0.9044 0.2714 0.8740 0.8622 0.8362
83 0.9069 0.2539 0.8782 0.8528 0.8279
84 0.9157 0.2276 0.8889 0.8557 0.8310
85 0.9184 0.2145 0.8922 0.8596 0.8358
86 0.9184 0.2176 0.8925 0.8628 0.8370
87 0.9146 0.2197 0.8858 0.8568 0.8296
88 0.9163 0.2273 0.8889 0.8515 0.8267
89 0.9058 0.2585 0.8761 0.8537 0.8250
90 0.9031 0.2839 0.8733 0.8463 0.8151
91 0.9086 0.2571 0.8789 0.8345 0.8114
92 0.9072 0.2520 0.8793 0.8561 0.8285
93 0.9128 0.2324 0.8855 0.8574 0.8306
94 0.9181 0.2152 0.8912 0.8642 0.8380
95 0.9197 0.2128 0.8942 0.8628 0.8376
96 0.9226 0.2069 0.8959 0.8609 0.8341
97 0.9220 0.2076 0.8963 0.8577 0.8314
98 0.9134 0.2241 0.8861 0.8483 0.8230
99 0.9122 0.2435 0.8844 0.8492 0.8219
100 0.9149 0.2265 0.8864 0.8488 0.8200
101 0.9184 0.2183 0.8925 0.8625 0.8375
102 0.9235 0.2056 0.8965 0.8559 0.8275
103 0.9234 0.1998 0.8986 0.8608 0.8346
104 0.9278 0.1908 0.9047 0.8578 0.8315
105 0.9254 0.1901 0.9008 0.8625 0.8374
106 0.9238 0.1959 0.8982 0.8585 0.8313
107 0.9243 0.1971 0.9006 0.8545 0.8258
108 0.9265 0.1928 0.9007 0.8584 0.8288
109 0.9245 0.1966 0.8985 0.8591 0.8302
110 0.9229 0.2045 0.8963 0.8584 0.8302
111 0.9187 0.2080 0.8926 0.8623 0.8337
112 0.9236 0.1998 0.8979 0.8624 0.8362
113 0.9247 0.1884 0.9013 0.8591 0.8300
114 0.9308 0.1816 0.9064 0.8632 0.8368
115 0.9295 0.1797 0.9077 0.8656 0.8385
116 0.9262 0.1867 0.9028 0.8673 0.8409
117 0.9296 0.1825 0.9049 0.8622 0.8347
118 0.9289 0.1818 0.9072 0.8583 0.8302
119 0.9267 0.1938 0.9014 0.8592 0.8350
120 0.9286 0.1868 0.9046 0.8591 0.8297
121 0.9238 0.2013 0.8992 0.8612 0.8356
122 0.9303 0.1863 0.9079 0.8604 0.8349
123 0.9252 0.1907 0.9013 0.8584 0.8285
124 0.9315 0.1734 0.9096 0.8617 0.8368
125 0.9307 0.1720 0.9091 0.8610 0.8362
126 0.9338 0.1718 0.9118 0.8654 0.8389
127 0.9365 0.1674 0.9123 0.8686 0.8442
128 0.9323 0.1730 0.9091 0.8603 0.8327
129 0.9254 0.1878 0.9005 0.8597 0.8337
130 0.9197 0.2118 0.8958 0.8553 0.8299
131 0.9192 0.2175 0.8933 0.8571 0.8302
132 0.9248 0.1913 0.9009 0.8634 0.8375
133 0.9265 0.1871 0.9021 0.8586 0.8323
134 0.9333 0.1701 0.9122 0.8620 0.8386
135 0.9344 0.1684 0.9122 0.8627 0.8395
136 0.9297 0.1749 0.9073 0.8611 0.8362
137 0.9291 0.1725 0.9056 0.8626 0.8356
138 0.9326 0.1720 0.9112 0.8592 0.8332
139 0.9262 0.1815 0.9035 0.8622 0.8337
140 0.9292 0.1912 0.9069 0.8586 0.8352
141 0.9244 0.1973 0.8993 0.8673 0.8412
142 0.9240 0.1872 0.9010 0.8670 0.8395
143 0.9339 0.1706 0.9127 0.8636 0.8398
144 0.9306 0.1703 0.9070 0.8658 0.8410
145 0.9330 0.1703 0.9109 0.8648 0.8394
146 0.9341 0.1641 0.9122 0.8646 0.8388
147 0.9322 0.1697 0.9094 0.8667 0.8398
148 0.9337 0.1689 0.9106 0.8624 0.8368
149 0.9310 0.1792 0.9081 0.8530 0.8293
150 0.9309 0.1813 0.9096 0.8582 0.8329
151 0.9309 0.1799 0.9083 0.8637 0.8367
152 0.9310 0.1785 0.9078 0.8631 0.8374
153 0.9300 0.1740 0.9069 0.8675 0.8421
154 0.9367 0.1610 0.9164 0.8653 0.8398
155 0.9326 0.1670 0.9099 0.8656 0.8409
156 0.9379 0.1558 0.9179 0.8682 0.8441
157 0.9299 0.1688 0.9078 0.8711 0.8470
158 0.9326 0.1731 0.9123 0.8544 0.8257
159 0.9302 0.1853 0.9068 0.8615 0.8397
160 0.9365 0.1633 0.9156 0.8669 0.8433
161 0.9326 0.1688 0.9110 0.8676 0.8440
162 0.9367 0.1600 0.9167 0.8678 0.8462
163 0.9358 0.1627 0.9152 0.8694 0.8465
164 0.9338 0.1577 0.9129 0.8691 0.8465
165 0.9320 0.1611 0.9105 0.8685 0.8465
166 0.9356 0.1586 0.9155 0.8718 0.8466
167 0.9377 0.1568 0.9175 0.8682 0.8447
168 0.9365 0.1600 0.9152 0.8696 0.8469
169 0.9361 0.1574 0.9148 0.8696 0.8450
170 0.9348 0.1594 0.9130 0.8672 0.8428
171 0.9371 0.1535 0.9167 0.8664 0.8422
172 0.9389 0.1519 0.9180 0.8667 0.8431
173 0.9421 0.1460 0.9228 0.8672 0.8444
174 0.9368 0.1517 0.9179 0.8681 0.8439
175 0.9387 0.1510 0.9203 0.8684 0.8446
176 0.9370 0.1517 0.9172 0.8689 0.8457
177 0.9383 0.1505 0.9182 0.8672 0.8448
178 0.9388 0.1511 0.9205 0.8669 0.8436
179 0.9391 0.1478 0.9201 0.8644 0.8411
180 0.9413 0.1444 0.9214 0.8652 0.8419
181 0.9397 0.1462 0.9208 0.8679 0.8441
182 0.9417 0.1462 0.9239 0.8675 0.8436
183 0.9393 0.1510 0.9190 0.8687 0.8456
184 0.9423 0.1411 0.9238 0.8688 0.8459
185 0.9402 0.1440 0.9218 0.8673 0.8454
186 0.9357 0.1513 0.9153 0.8681 0.8450
187 0.9385 0.1482 0.9185 0.8678 0.8435
188 0.9389 0.1456 0.9206 0.8683 0.8445
189 0.9383 0.1515 0.9181 0.8684 0.8440
190 0.9422 0.1443 0.9247 0.8680 0.8439
191 0.9403 0.1490 0.9212 0.8714 0.8477
192 0.9403 0.1484 0.9205 0.8712 0.8472
193 0.9404 0.1472 0.9209 0.8690 0.8463
194 0.9394 0.1477 0.9200 0.8682 0.8436
195 0.9376 0.1522 0.9184 0.8673 0.8424
196 0.9392 0.1492 0.9197 0.8692 0.8440
197 0.9434 0.1425 0.9251 0.8687 0.8460
198 0.9402 0.1466 0.9188 0.8725 0.8490
199 0.9390 0.1466 0.9199 0.8677 0.8440
