epoch train_BCELoss train_SoftDiceLoss train_iou train_loss train_mAP val_BCELoss val_SoftDiceLoss val_iou val_loss val_mAP
0 0.3730 0.3883 0.5808 0.7613 0.5265 0.3108 0.2829 0.6399 0.5938 0.5884
1 0.2337 0.2178 0.6944 0.4517 0.6406 0.3003 0.2574 0.6902 0.5579 0.6315
2 0.2074 0.1855 0.7160 0.3933 0.6650 0.2339 0.2071 0.7209 0.4412 0.6694
3 0.1742 0.1563 0.7450 0.3309 0.6980 0.2080 0.2042 0.7312 0.4127 0.6740
4 0.1552 0.1420 0.7674 0.2977 0.7212 0.2267 0.1885 0.7504 0.4157 0.6926
5 0.1338 0.1207 0.7896 0.2552 0.7437 0.2062 0.1523 0.7600 0.3592 0.7112
6 0.1231 0.1095 0.8014 0.2333 0.7550 0.2111 0.1682 0.7571 0.3802 0.7128
7 0.1308 0.1142 0.7935 0.2457 0.7502 0.2841 0.1805 0.7386 0.4654 0.6975
8 0.1068 0.0982 0.8167 0.2058 0.7731 0.1692 0.1459 0.7897 0.3160 0.7421
9 0.1179 0.1007 0.8143 0.2195 0.7711 0.1978 0.1552 0.7798 0.3539 0.7323
10 0.1010 0.0883 0.8218 0.1903 0.7820 0.3548 0.2198 0.7392 0.5756 0.6926
11 0.0937 0.0841 0.8327 0.1788 0.7938 0.2285 0.1355 0.7968 0.3651 0.7606
12 0.0835 0.0738 0.8392 0.1583 0.8015 0.2061 0.1392 0.7876 0.3465 0.7446
13 0.0818 0.0708 0.8461 0.1536 0.8079 0.2062 0.1210 0.8136 0.3286 0.7718
14 0.0858 0.0755 0.8442 0.1624 0.8056 0.1921 0.1330 0.7939 0.3263 0.7500
15 0.0664 0.0605 0.8614 0.1281 0.8277 0.1785 0.1124 0.8154 0.2922 0.7795
16 0.0581 0.0516 0.8695 0.1109 0.8366 0.1769 0.1121 0.8174 0.2904 0.7819
17 0.0537 0.0503 0.8721 0.1051 0.8396 0.1837 0.1087 0.8252 0.2938 0.7868
18 0.0498 0.0452 0.8763 0.0962 0.8436 0.1875 0.1089 0.8237 0.2977 0.7862
19 0.0503 0.0451 0.8783 0.0967 0.8473 0.1922 0.1070 0.8235 0.3005 0.7864
20 0.0475 0.0430 0.8814 0.0917 0.8497 0.1991 0.1068 0.8256 0.3073 0.7888
21 0.0474 0.0438 0.8805 0.0925 0.8492 0.1925 0.1064 0.8226 0.3003 0.7852
22 0.0490 0.0440 0.8793 0.0943 0.8494 0.1944 0.1061 0.8251 0.3018 0.7877
23 0.0476 0.0435 0.8793 0.0924 0.8488 0.1915 0.1050 0.8259 0.2979 0.7887
24 0.0496 0.0449 0.8811 0.0958 0.8495 0.1929 0.1056 0.8272 0.2999 0.7898
25 0.0552 0.0482 0.8716 0.1045 0.8392 0.2253 0.1513 0.7735 0.3778 0.7299
26 0.0735 0.0636 0.8539 0.1383 0.8172 0.1843 0.1305 0.7987 0.3160 0.7551
27 0.0708 0.0595 0.8608 0.1314 0.8255 0.2068 0.1256 0.8102 0.3337 0.7696
28 0.0623 0.0534 0.8649 0.1169 0.8310 0.2578 0.1110 0.8122 0.3701 0.7710
29 0.0655 0.0566 0.8712 0.1234 0.8391 0.2256 0.1353 0.7895 0.3624 0.7525
30 0.0577 0.0494 0.8776 0.1084 0.8471 0.2017 0.1099 0.8206 0.3131 0.7852
31 0.0480 0.0421 0.8895 0.0914 0.8619 0.1980 0.1070 0.8241 0.3065 0.7900
32 0.0391 0.0374 0.8957 0.0779 0.8675 0.2056 0.1052 0.8233 0.3124 0.7894
33 0.0384 0.0355 0.8946 0.0753 0.8673 0.2127 0.1058 0.8205 0.3201 0.7865
34 0.0380 0.0347 0.8943 0.0742 0.8691 0.2143 0.1043 0.8258 0.3202 0.7922
35 0.0375 0.0346 0.8959 0.0735 0.8692 0.2097 0.1056 0.8204 0.3168 0.7859
36 0.0354 0.0334 0.8969 0.0703 0.8711 0.2139 0.1050 0.8227 0.3205 0.7895
37 0.0362 0.0336 0.8970 0.0712 0.8719 0.2142 0.1045 0.8228 0.3202 0.7893
38 0.0359 0.0337 0.8978 0.0710 0.8720 0.2162 0.1038 0.8246 0.3216 0.7919
39 0.0362 0.0333 0.8959 0.0709 0.8698 0.2178 0.1046 0.8218 0.3239 0.7874
40 0.0411 0.0371 0.8893 0.0796 0.8596 0.2242 0.1090 0.8243 0.3345 0.7929
41 0.0458 0.0406 0.8856 0.0878 0.8569 0.2082 0.1477 0.7959 0.3572 0.7556
42 0.0685 0.0592 0.8656 0.1290 0.8338 0.1953 0.1636 0.7834 0.3602 0.7401
43 0.0944 0.0789 0.8486 0.1746 0.8126 0.2631 0.1326 0.7983 0.3971 0.7564
44 0.0722 0.0610 0.8640 0.1346 0.8307 0.1606 0.1217 0.8168 0.2837 0.7814
45 0.0509 0.0478 0.8783 0.0999 0.8493 0.1831 0.1046 0.8347 0.2892 0.8016
46 0.0414 0.0382 0.8914 0.0811 0.8653 0.1852 0.1014 0.8331 0.2882 0.7999
47 0.0375 0.0351 0.8945 0.0741 0.8696 0.1852 0.0981 0.8377 0.2850 0.8020
48 0.0362 0.0336 0.8971 0.0713 0.8718 0.1954 0.0982 0.8370 0.2952 0.8031
49 0.0335 0.0312 0.9012 0.0663 0.8761 0.1974 0.0974 0.8363 0.2965 0.8026
50 0.0332 0.0307 0.8983 0.0655 0.8748 0.2000 0.0973 0.8387 0.2990 0.8060
51 0.0367 0.0327 0.8990 0.0710 0.8740 0.1921 0.0975 0.8361 0.2913 0.8025
52 0.0347 0.0319 0.9020 0.0681 0.8767 0.1884 0.0967 0.8383 0.2868 0.8036
53 0.0341 0.0312 0.9015 0.0668 0.8767 0.1930 0.0977 0.8400 0.2924 0.8063
54 0.0342 0.0317 0.9009 0.0675 0.8764 0.1903 0.0973 0.8382 0.2892 0.8039
55 0.0415 0.0383 0.8938 0.0813 0.8649 0.2538 0.1040 0.8253 0.3593 0.7931
56 0.0610 0.0507 0.8764 0.1132 0.8454 0.2233 0.1104 0.8156 0.3353 0.7814
57 0.0585 0.0498 0.8741 0.1097 0.8408 0.3121 0.1254 0.8152 0.4391 0.7814
58 0.0516 0.0444 0.8788 0.0974 0.8465 0.3234 0.1376 0.8111 0.4627 0.7789
59 0.0603 0.0510 0.8746 0.1128 0.8428 0.2843 0.1458 0.7794 0.4316 0.7430
60 0.0473 0.0430 0.8807 0.0917 0.8507 0.2555 0.1119 0.8198 0.3690 0.7883
61 0.0390 0.0352 0.8942 0.0758 0.8685 1.1189 0.5414 0.5957 1.6618 0.5309
62 0.0710 0.0563 0.8672 0.1287 0.8348 0.2053 0.1198 0.8037 0.3265 0.7640
63 0.0428 0.0385 0.8890 0.0828 0.8611 0.1935 0.1041 0.8248 0.2992 0.7891
64 0.0356 0.0322 0.8986 0.0694 0.8730 0.1997 0.1036 0.8311 0.3051 0.7974
65 0.0314 0.0295 0.9043 0.0625 0.8802 0.2053 0.1000 0.8346 0.3071 0.8019
66 0.0300 0.0282 0.9043 0.0598 0.8797 0.2117 0.1009 0.8332 0.3143 0.8012
67 0.0300 0.0274 0.9081 0.0591 0.8864 0.2147 0.1012 0.8324 0.3176 0.7978
68 0.0281 0.0267 0.9083 0.0565 0.8861 0.2109 0.0984 0.8338 0.3111 0.8008
69 0.0283 0.0260 0.9090 0.0560 0.8868 0.2196 0.0977 0.8353 0.3190 0.8023
70 0.0280 0.0264 0.9088 0.0561 0.8868 0.2206 0.0963 0.8349 0.3187 0.8009
71 0.0274 0.0260 0.9143 0.0552 0.8932 0.2329 0.0980 0.8385 0.3326 0.8040
72 0.0267 0.0253 0.9145 0.0538 0.8929 0.2241 0.0973 0.8359 0.3232 0.8026
73 0.0262 0.0245 0.9135 0.0524 0.8928 0.2205 0.0970 0.8352 0.3194 0.8021
74 0.0256 0.0242 0.9158 0.0516 0.8956 0.2269 0.0971 0.8372 0.3257 0.8046
75 0.0249 0.0235 0.9161 0.0502 0.8960 0.2296 0.0965 0.8375 0.3279 0.8041
76 0.0246 0.0230 0.9177 0.0494 0.8973 0.2326 0.0960 0.8365 0.3304 0.8033
77 0.0245 0.0234 0.9185 0.0497 0.8989 0.2327 0.0971 0.8348 0.3316 0.8002
78 0.0237 0.0225 0.9202 0.0481 0.9012 0.2384 0.0963 0.8366 0.3365 0.8030
79 0.0238 0.0225 0.9181 0.0482 0.8977 0.2336 0.0958 0.8366 0.3312 0.8046
80 0.0237 0.0223 0.9188 0.0478 0.8990 0.2346 0.0958 0.8359 0.3322 0.8020
81 0.0229 0.0218 0.9221 0.0465 0.9037 0.2387 0.0957 0.8385 0.3362 0.8051
82 0.0228 0.0217 0.9198 0.0463 0.9013 0.2321 0.0955 0.8363 0.3293 0.8026
83 0.0225 0.0217 0.9203 0.0460 0.9015 0.2365 0.0953 0.8357 0.3336 0.8019
84 0.0225 0.0215 0.9209 0.0459 0.9020 0.2361 0.0957 0.8372 0.3335 0.8032
85 0.0224 0.0214 0.9207 0.0456 0.9024 0.2350 0.0959 0.8352 0.3327 0.8010
86 0.0224 0.0215 0.9208 0.0457 0.9025 0.2371 0.0957 0.8377 0.3346 0.8050
87 0.0227 0.0215 0.9206 0.0460 0.9021 0.2364 0.0955 0.8371 0.3337 0.8040
88 0.0223 0.0211 0.9201 0.0452 0.9015 0.2391 0.0959 0.8381 0.3369 0.8044
89 0.0230 0.0216 0.9222 0.0465 0.9033 0.2348 0.0961 0.8358 0.3327 0.8013
90 0.0222 0.0212 0.9212 0.0453 0.9034 0.2351 0.0958 0.8351 0.3327 0.8011
91 0.0228 0.0216 0.9218 0.0463 0.9038 0.2382 0.0960 0.8353 0.3360 0.8016
92 0.0225 0.0215 0.9227 0.0459 0.9046 0.2399 0.0958 0.8388 0.3376 0.8057
93 0.0225 0.0214 0.9205 0.0458 0.9010 0.2372 0.0967 0.8359 0.3357 0.8019
94 0.0229 0.0216 0.9202 0.0464 0.9023 0.2365 0.0953 0.8365 0.3336 0.8022
95 0.0223 0.0212 0.9213 0.0453 0.9029 0.2381 0.0951 0.8358 0.3351 0.8023
96 0.0224 0.0214 0.9204 0.0456 0.9027 0.2382 0.0949 0.8377 0.3350 0.8046
97 0.0221 0.0214 0.9225 0.0453 0.9047 0.2431 0.0957 0.8369 0.3406 0.8030
98 0.0224 0.0212 0.9207 0.0454 0.9029 0.2340 0.0955 0.8355 0.3313 0.8020
99 0.0222 0.0211 0.9224 0.0451 0.9037 0.2392 0.0953 0.8366 0.3363 0.8030
