epoch train_BCELoss train_SoftDiceLoss train_iou train_loss train_mAP val_BCELoss val_SoftDiceLoss val_iou val_loss val_mAP
0 0.4957 0.5708 0.3304 1.0659 0.2566 0.3462 0.6779 0.5616 1.0238 0.4794
1 0.2722 0.2660 0.6447 0.5382 0.5782 0.2121 0.5853 0.7053 0.7977 0.6511
2 0.2123 0.2036 0.6946 0.4164 0.6360 0.2546 0.5688 0.7149 0.8240 0.6553
3 0.1887 0.1654 0.7289 0.3548 0.6748 0.1947 0.5584 0.7412 0.7539 0.6917
4 0.1672 0.1546 0.7573 0.3227 0.7097 0.1648 0.5209 0.7867 0.6868 0.7422
5 0.1634 0.1423 0.7692 0.3066 0.7219 0.1785 0.5417 0.7721 0.7211 0.7279
6 0.1408 0.1228 0.7892 0.2646 0.7440 0.1580 0.5294 0.8028 0.6885 0.7627
7 0.1070 0.0954 0.8253 0.2035 0.7856 0.1877 0.5101 0.7948 0.6989 0.7559
8 0.0881 0.0795 0.8353 0.1687 0.7993 0.1622 0.4963 0.8166 0.6597 0.7766
9 0.0665 0.0609 0.8570 0.1287 0.8208 0.1829 0.4879 0.8257 0.6720 0.7927
10 0.0647 0.0595 0.8568 0.1254 0.8263 0.1688 0.4872 0.8268 0.6572 0.7923
11 0.0623 0.0601 0.8541 0.1238 0.8227 0.1629 0.4823 0.8237 0.6465 0.7885
12 0.0670 0.0615 0.8529 0.1298 0.8180 0.1702 0.4995 0.8122 0.6710 0.7692
13 0.0905 0.0816 0.8323 0.1732 0.7931 0.2035 0.5145 0.8039 0.7193 0.7672
14 0.1044 0.0903 0.8171 0.1960 0.7782 0.2384 0.5066 0.8032 0.7464 0.7608
15 0.1420 0.1244 0.7987 0.2675 0.7561 0.2002 0.5238 0.7643 0.7253 0.7168
16 0.1064 0.0945 0.8181 0.2022 0.7789 0.2263 0.5135 0.8004 0.7411 0.7671
17 0.0793 0.0729 0.8475 0.1535 0.8116 0.1773 0.4853 0.8289 0.6640 0.7939
18 0.0618 0.0554 0.8663 0.1186 0.8348 0.1587 0.4943 0.8306 0.6544 0.7980
19 0.0541 0.0508 0.8753 0.1065 0.8463 0.1649 0.4780 0.8336 0.6444 0.7989
20 0.0456 0.0452 0.8817 0.0922 0.8532 0.1659 0.4781 0.8323 0.6455 0.7977
21 0.0496 0.0441 0.8810 0.0953 0.8530 0.1801 0.4814 0.8319 0.6630 0.8022
22 0.0430 0.0401 0.8840 0.0846 0.8560 0.2170 0.4844 0.8351 0.7028 0.8049
23 0.0444 0.0400 0.8813 0.0858 0.8534 0.2296 0.4860 0.8316 0.7170 0.7988
24 0.0847 0.0742 0.8419 0.1604 0.8050 0.2605 0.5022 0.7625 0.7641 0.7132
25 0.1284 0.1077 0.8023 0.2374 0.7600 0.1753 0.5389 0.7574 0.7153 0.7050
26 0.0954 0.0831 0.8311 0.1798 0.7935 0.2661 0.4931 0.8067 0.7607 0.7755
27 0.0754 0.0670 0.8555 0.1439 0.8209 0.1618 0.5049 0.8247 0.6680 0.7917
28 0.0531 0.0494 0.8746 0.1040 0.8442 0.1954 0.4747 0.8337 0.6716 0.8014
29 0.0443 0.0406 0.8865 0.0865 0.8599 0.1743 0.4784 0.8374 0.6543 0.8047
30 0.0384 0.0378 0.8925 0.0778 0.8654 0.1790 0.4782 0.8370 0.6587 0.8058
31 0.0386 0.0361 0.8919 0.0763 0.8656 0.1996 0.4784 0.8409 0.6796 0.8089
32 0.0396 0.0359 0.8914 0.0771 0.8654 0.1951 0.4746 0.8335 0.6712 0.8019
33 0.0444 0.0396 0.8854 0.0856 0.8586 0.2241 0.4852 0.8082 0.7108 0.7756
34 0.0600 0.0510 0.8669 0.1125 0.8366 0.2436 0.4841 0.8191 0.7290 0.7821
35 0.0718 0.0594 0.8576 0.1327 0.8238 0.1763 0.5060 0.8097 0.6836 0.7697
36 0.0758 0.0682 0.8529 0.1456 0.8210 0.2689 0.4981 0.8007 0.7686 0.7591
37 0.0503 0.0479 0.8761 0.0999 0.8474 0.3106 0.4921 0.8060 0.8044 0.7684
38 0.0415 0.0380 0.8921 0.0813 0.8673 0.1978 0.4754 0.8316 0.6748 0.7970
39 0.0344 0.0326 0.8992 0.0689 0.8753 0.2392 0.4757 0.8333 0.7166 0.8012
40 0.0314 0.0305 0.9049 0.0636 0.8821 0.2302 0.4755 0.8348 0.7074 0.8041
41 0.0303 0.0291 0.9024 0.0612 0.8802 0.2349 0.4744 0.8404 0.7109 0.8094
42 0.0310 0.0291 0.9017 0.0619 0.8784 0.2216 0.4758 0.8311 0.6990 0.8020
43 0.0334 0.0312 0.9018 0.0664 0.8760 0.2018 0.4761 0.8308 0.6796 0.7972
44 0.0693 0.0596 0.8652 0.1304 0.8318 0.2693 0.5042 0.7868 0.7749 0.7335
45 0.0659 0.0568 0.8551 0.1242 0.8212 0.7714 0.6062 0.6385 1.3789 0.5702
46 0.0827 0.0745 0.8433 0.1587 0.8098 0.3054 0.5164 0.7726 0.8233 0.7340
47 0.0594 0.0525 0.8741 0.1135 0.8453 0.2429 0.5101 0.7687 0.7544 0.7272
48 0.0453 0.0409 0.8904 0.0880 0.8642 0.1921 0.4776 0.8357 0.6714 0.8041
49 0.0330 0.0325 0.9021 0.0674 0.8795 0.2108 0.4759 0.8429 0.6885 0.8123
50 0.0299 0.0303 0.9054 0.0620 0.8836 0.2232 0.4747 0.8417 0.6997 0.8125
51 0.0302 0.0290 0.9067 0.0610 0.8850 0.2221 0.4718 0.8406 0.6956 0.8099
52 0.0302 0.0287 0.9055 0.0607 0.8834 0.2252 0.4767 0.8316 0.7036 0.7984
53 0.0336 0.0307 0.9057 0.0661 0.8816 0.2284 0.4824 0.8110 0.7124 0.7781
54 0.0489 0.0419 0.8830 0.0925 0.8553 0.2426 0.4942 0.7971 0.7382 0.7647
55 0.0542 0.0484 0.8742 0.1043 0.8452 0.3005 0.5010 0.8016 0.8033 0.7688
56 0.0533 0.0451 0.8786 0.1000 0.8492 0.2077 0.4971 0.8069 0.7063 0.7647
57 0.0431 0.0378 0.8911 0.0826 0.8659 0.4262 0.4980 0.7966 0.9260 0.7597
58 0.0322 0.0304 0.9035 0.0645 0.8814 0.2335 0.4713 0.8340 0.7066 0.8042
59 0.0291 0.0276 0.9115 0.0586 0.8914 0.2390 0.4774 0.8293 0.7181 0.8010
60 0.0250 0.0244 0.9167 0.0514 0.8975 0.2259 0.4746 0.8267 0.7023 0.7983
61 0.0244 0.0238 0.9148 0.0502 0.8949 0.2389 0.4679 0.8301 0.7086 0.7978
62 0.0243 0.0234 0.9172 0.0496 0.8980 0.2501 0.4729 0.8295 0.7247 0.7978
63 0.0279 0.0266 0.9107 0.0564 0.8885 0.2132 0.4774 0.8342 0.6923 0.8055
64 0.0269 0.0257 0.9131 0.0545 0.8912 0.2499 0.4708 0.8347 0.7225 0.8049
65 0.0371 0.0348 0.8939 0.0737 0.8696 0.3318 0.5293 0.6855 0.8626 0.6183
66 0.0969 0.0807 0.8429 0.1793 0.8062 0.1748 0.4813 0.8119 0.6577 0.7766
67 0.0447 0.0412 0.8823 0.0877 0.8560 0.2564 0.4830 0.8150 0.7411 0.7826
68 0.0378 0.0350 0.8960 0.0747 0.8741 0.2224 0.4702 0.8344 0.6944 0.8012
69 0.0261 0.0257 0.9143 0.0538 0.8952 0.2198 0.4692 0.8464 0.6908 0.8155
70 0.0233 0.0231 0.9157 0.0484 0.8979 0.2216 0.4673 0.8436 0.6907 0.8133
71 0.0238 0.0237 0.9160 0.0496 0.8984 0.2308 0.4659 0.8450 0.6985 0.8127
72 0.0252 0.0237 0.9165 0.0509 0.8982 0.2311 0.4695 0.8432 0.7024 0.8113
73 0.0289 0.0252 0.9124 0.0562 0.8931 0.2543 0.4696 0.8307 0.7258 0.7960
74 0.0531 0.0458 0.8872 0.1007 0.8618 0.1800 0.4968 0.7995 0.6783 0.7637
75 0.0457 0.0402 0.8801 0.0877 0.8519 0.2593 0.4840 0.8161 0.7449 0.7819
76 0.0539 0.0457 0.8793 0.1014 0.8524 0.2268 0.5019 0.7963 0.7302 0.7596
77 0.0459 0.0404 0.8910 0.0882 0.8657 0.2336 0.4853 0.8175 0.7206 0.7852
78 0.0291 0.0286 0.9102 0.0597 0.8887 0.2386 0.4771 0.8363 0.7174 0.8061
79 0.0226 0.0223 0.9169 0.0470 0.8991 0.2506 0.4714 0.8402 0.7238 0.8087
80 0.0214 0.0215 0.9249 0.0451 0.9080 0.2581 0.4706 0.8393 0.7304 0.8084
81 0.0218 0.0213 0.9228 0.0452 0.9054 0.2949 0.4677 0.8362 0.7643 0.8060
82 0.0231 0.0226 0.9205 0.0478 0.9026 0.2744 0.4723 0.8330 0.7484 0.8054
83 0.0372 0.0345 0.8989 0.0737 0.8756 0.2643 0.5266 0.7824 0.7921 0.7352
84 0.0642 0.0560 0.8699 0.1219 0.8396 0.2365 0.4863 0.8167 0.7246 0.7761
85 0.0612 0.0528 0.8780 0.1158 0.8468 0.2837 0.4849 0.8139 0.7704 0.7792
86 0.0386 0.0369 0.8960 0.0774 0.8722 0.3836 0.4944 0.8001 0.8799 0.7619
87 0.0320 0.0295 0.9049 0.0635 0.8832 0.2186 0.4725 0.8364 0.6928 0.8014
88 0.0254 0.0243 0.9177 0.0519 0.8986 0.2438 0.4697 0.8456 0.7152 0.8160
89 0.0210 0.0211 0.9249 0.0443 0.9069 0.2440 0.4692 0.8406 0.7150 0.8077
90 0.0202 0.0204 0.9246 0.0428 0.9092 0.2451 0.4708 0.8402 0.7177 0.8081
91 0.0196 0.0196 0.9263 0.0414 0.9105 0.2581 0.4664 0.8423 0.7263 0.8115
92 0.0201 0.0200 0.9259 0.0422 0.9085 0.2503 0.4710 0.8377 0.7230 0.8089
93 0.0197 0.0197 0.9234 0.0416 0.9066 0.2607 0.4644 0.8418 0.7270 0.8117
94 0.0210 0.0206 0.9235 0.0438 0.9059 0.2423 0.4712 0.8266 0.7152 0.7947
95 0.0662 0.0566 0.8662 0.1245 0.8366 0.2694 0.5261 0.7439 0.7969 0.6964
96 0.0651 0.0566 0.8734 0.1235 0.8426 0.3054 0.4935 0.8003 0.8010 0.7556
97 0.0451 0.0407 0.8939 0.0877 0.8692 0.2257 0.4848 0.8274 0.7124 0.7981
98 0.0257 0.0248 0.9178 0.0526 0.8981 0.2667 0.4731 0.8347 0.7417 0.8060
99 0.0226 0.0225 0.9199 0.0473 0.9026 0.2709 0.4737 0.8412 0.7466 0.8137
