epoch train_BCELoss train_SoftDiceLoss train_iou train_loss train_mAP val_BCELoss val_SoftDiceLoss val_iou val_loss val_mAP
0 0.6102 0.6430 0.0706 1.2526 0.0319 0.6335 0.6988 0.2614 1.3322 0.1682
1 0.2952 0.2944 0.6372 0.5895 0.5719 0.3299 0.5546 0.6498 0.8847 0.5758
2 0.2266 0.2164 0.7110 0.4432 0.6558 0.3250 0.5459 0.6975 0.8713 0.6471
3 0.2116 0.1968 0.7226 0.4089 0.6694 0.3418 0.5482 0.6937 0.8905 0.6353
4 0.1988 0.1799 0.7390 0.3791 0.6842 0.2143 0.5174 0.7517 0.7323 0.7030
5 0.1822 0.1679 0.7678 0.3508 0.7190 0.2797 0.5177 0.6861 0.7980 0.6258
6 0.1733 0.1534 0.7715 0.3274 0.7251 0.2300 0.5122 0.7583 0.7429 0.7131
7 0.1475 0.1317 0.7980 0.2801 0.7538 0.2287 0.5029 0.7737 0.7325 0.7246
8 0.1329 0.1187 0.8100 0.2525 0.7683 0.2531 0.4834 0.7790 0.7375 0.7397
9 0.1211 0.1079 0.8208 0.2299 0.7825 0.2294 0.4792 0.7956 0.7096 0.7602
10 0.1098 0.1021 0.8262 0.2128 0.7885 0.2019 0.4776 0.7988 0.6805 0.7631
11 0.1147 0.1024 0.8361 0.2180 0.7975 0.2386 0.4818 0.7972 0.7215 0.7675
12 0.1192 0.1073 0.8146 0.2274 0.7773 0.2225 0.4886 0.7987 0.7120 0.7612
13 0.1293 0.1159 0.8175 0.2462 0.7779 0.5410 0.5770 0.6561 1.1189 0.6089
14 0.1333 0.1166 0.8218 0.2508 0.7815 0.2774 0.5018 0.7705 0.7800 0.7300
15 0.1606 0.1406 0.7909 0.3019 0.7474 0.3268 0.5420 0.7068 0.8695 0.6590
16 0.1461 0.1299 0.7943 0.2769 0.7506 0.2338 0.4988 0.7709 0.7336 0.7314
17 0.1212 0.1129 0.8148 0.2351 0.7770 0.2383 0.4902 0.7755 0.7295 0.7383
18 0.1135 0.1030 0.8358 0.2175 0.8001 0.2430 0.4680 0.8054 0.7123 0.7688
19 0.0993 0.0868 0.8446 0.1871 0.8094 0.2759 0.4754 0.7920 0.7526 0.7590
20 0.0861 0.0828 0.8464 0.1701 0.8126 0.2521 0.4654 0.8077 0.7188 0.7757
21 0.0930 0.0835 0.8524 0.1776 0.8173 0.2463 0.4684 0.8104 0.7159 0.7806
22 0.0907 0.0800 0.8464 0.1719 0.8132 0.2323 0.4661 0.8123 0.6997 0.7801
23 0.0989 0.0818 0.8516 0.1818 0.8168 0.2997 0.4802 0.7581 0.7811 0.7122
24 0.1157 0.1046 0.8275 0.2214 0.7895 0.3709 0.4888 0.7597 0.8610 0.7132
25 0.1411 0.1247 0.8091 0.2669 0.7683 0.3508 0.4883 0.7486 0.8402 0.6910
26 0.1118 0.0975 0.8251 0.2103 0.7891 0.2984 0.4784 0.7913 0.7781 0.7536
27 0.1043 0.0909 0.8366 0.1963 0.8043 0.2376 0.4643 0.8187 0.7032 0.7871
28 0.0838 0.0757 0.8585 0.1607 0.8253 0.2943 0.4624 0.8182 0.7581 0.7883
29 0.0708 0.0643 0.8678 0.1364 0.8378 0.2951 0.4599 0.8252 0.7564 0.7946
30 0.0686 0.0604 0.8720 0.1303 0.8419 0.2864 0.4605 0.8270 0.7483 0.7943
31 0.0737 0.0652 0.8594 0.1402 0.8293 0.2593 0.4494 0.8302 0.7102 0.7987
32 0.0745 0.0667 0.8642 0.1424 0.8329 0.2839 0.4588 0.8243 0.7442 0.7927
33 0.0823 0.0713 0.8526 0.1548 0.8200 0.3142 0.4706 0.8015 0.7862 0.7714
34 0.0897 0.0768 0.8491 0.1676 0.8158 0.3583 0.4852 0.7714 0.8448 0.7320
35 0.1331 0.1183 0.8112 0.2525 0.7683 0.2985 0.4935 0.7930 0.7931 0.7576
36 0.1058 0.0933 0.8387 0.2002 0.8006 0.2444 0.4746 0.7905 0.7202 0.7507
37 0.0830 0.0727 0.8518 0.1569 0.8184 0.2827 0.4728 0.8173 0.7568 0.7827
38 0.0760 0.0677 0.8618 0.1448 0.8316 0.2751 0.4501 0.8271 0.7267 0.7948
39 0.0660 0.0597 0.8750 0.1270 0.8449 0.2667 0.4533 0.8315 0.7215 0.7992
40 0.0619 0.0571 0.8721 0.1203 0.8430 0.2660 0.4468 0.8330 0.7143 0.7992
41 0.0619 0.0564 0.8711 0.1197 0.8430 0.2952 0.4509 0.8309 0.7476 0.7951
42 0.0589 0.0527 0.8781 0.1129 0.8487 0.3250 0.4519 0.8297 0.7784 0.7983
43 0.0704 0.0604 0.8685 0.1321 0.8402 0.3073 0.4503 0.8036 0.7591 0.7648
44 0.0901 0.0799 0.8504 0.1713 0.8186 0.2611 0.4579 0.8213 0.7204 0.7891
45 0.1082 0.0885 0.8403 0.1978 0.8040 0.2776 0.4807 0.7939 0.7594 0.7605
46 0.0846 0.0764 0.8573 0.1622 0.8243 0.2549 0.4702 0.8202 0.7264 0.7925
47 0.0746 0.0657 0.8594 0.1415 0.8286 0.3203 0.4591 0.8081 0.7810 0.7810
48 0.0656 0.0595 0.8741 0.1264 0.8463 0.2202 0.4438 0.8326 0.6656 0.8008
49 0.0529 0.0490 0.8845 0.1032 0.8575 0.2659 0.4449 0.8369 0.7124 0.8074
50 0.0557 0.0501 0.8762 0.1072 0.8497 0.2663 0.4403 0.8378 0.7082 0.8104
51 0.0535 0.0498 0.8825 0.1046 0.8559 0.2728 0.4348 0.8450 0.7093 0.8141
52 0.0564 0.0502 0.8822 0.1081 0.8532 0.3088 0.4420 0.8236 0.7524 0.7919
53 0.0640 0.0555 0.8714 0.1208 0.8410 0.3722 0.4476 0.8241 0.8215 0.7938
54 0.0727 0.0628 0.8640 0.1368 0.8297 0.3773 0.4632 0.7911 0.8419 0.7532
55 0.0765 0.0635 0.8694 0.1413 0.8380 0.3771 0.5054 0.7789 0.8837 0.7488
56 0.0902 0.0746 0.8587 0.1661 0.8259 0.2959 0.4615 0.8045 0.7586 0.7675
57 0.0691 0.0625 0.8729 0.1329 0.8425 0.2974 0.4602 0.8168 0.7591 0.7877
58 0.0634 0.0569 0.8788 0.1215 0.8498 0.2377 0.4442 0.8325 0.6833 0.8017
59 0.0546 0.0484 0.8836 0.1044 0.8541 0.2394 0.4370 0.8370 0.6780 0.8089
60 0.0548 0.0480 0.8852 0.1043 0.8566 0.2566 0.4371 0.8366 0.6954 0.8088
61 0.0501 0.0456 0.8932 0.0972 0.8662 0.2869 0.4418 0.8362 0.7302 0.8087
62 0.0507 0.0448 0.8906 0.0970 0.8652 0.2932 0.4427 0.8359 0.7375 0.8084
63 0.0549 0.0496 0.8781 0.1059 0.8491 0.2499 0.4448 0.8372 0.6963 0.8068
64 0.0612 0.0513 0.8783 0.1139 0.8508 0.2851 0.4613 0.8235 0.7478 0.7968
65 0.0724 0.0644 0.8685 0.1381 0.8367 0.2594 0.4541 0.8302 0.7150 0.7967
66 0.0683 0.0599 0.8649 0.1296 0.8358 0.3554 0.4752 0.7968 0.8320 0.7674
67 0.0681 0.0608 0.8649 0.1302 0.8341 0.2756 0.4653 0.8157 0.7424 0.7853
68 0.0602 0.0537 0.8778 0.1153 0.8501 0.2577 0.4623 0.8341 0.7216 0.8088
69 0.0496 0.0443 0.8922 0.0953 0.8659 0.2943 0.4493 0.8337 0.7452 0.8076
70 0.0465 0.0419 0.8919 0.0899 0.8669 0.2877 0.4485 0.8411 0.7379 0.8135
71 0.0440 0.0409 0.8976 0.0864 0.8720 0.2714 0.4462 0.8364 0.7193 0.8069
72 0.0423 0.0389 0.8979 0.0827 0.8720 0.3329 0.4445 0.8376 0.7791 0.8079
73 0.0460 0.0422 0.8882 0.0895 0.8597 0.3414 0.4562 0.8174 0.7992 0.7812
74 0.0582 0.0522 0.8785 0.1118 0.8498 0.3664 0.4696 0.8079 0.8374 0.7770
75 0.0940 0.0805 0.8497 0.1757 0.8149 0.3747 0.4906 0.7787 0.8666 0.7448
76 0.0819 0.0715 0.8618 0.1547 0.8283 0.2799 0.4724 0.8133 0.7537 0.7854
77 0.0629 0.0553 0.8762 0.1196 0.8490 0.2951 0.4477 0.8189 0.7444 0.7846
78 0.0541 0.0489 0.8824 0.1045 0.8540 0.3176 0.4525 0.8337 0.7717 0.8064
79 0.0528 0.0489 0.8881 0.1032 0.8613 0.3722 0.4453 0.8324 0.8193 0.7996
80 0.0436 0.0417 0.8941 0.0868 0.8664 0.3565 0.4456 0.8361 0.8038 0.8037
81 0.0445 0.0400 0.8980 0.0861 0.8730 0.3482 0.4432 0.8412 0.7931 0.8103
82 0.0466 0.0413 0.8988 0.0895 0.8729 0.3556 0.4470 0.8313 0.8044 0.8044
83 0.0517 0.0450 0.8922 0.0981 0.8647 0.3413 0.4535 0.8264 0.7964 0.7994
84 0.0527 0.0471 0.8873 0.1013 0.8610 0.3621 0.4852 0.8057 0.8486 0.7715
85 0.0777 0.0648 0.8613 0.1438 0.8300 0.3418 0.4668 0.7499 0.8100 0.7102
86 0.0669 0.0581 0.8751 0.1263 0.8426 0.2768 0.4550 0.8258 0.7332 0.7952
87 0.0594 0.0526 0.8802 0.1134 0.8522 0.2347 0.4446 0.8355 0.6809 0.7989
88 0.0538 0.0475 0.8836 0.1029 0.8566 0.2998 0.4313 0.8483 0.7328 0.8228
89 0.0427 0.0396 0.8964 0.0839 0.8728 0.3013 0.4357 0.8474 0.7388 0.8196
90 0.0437 0.0400 0.8975 0.0852 0.8698 0.3016 0.4355 0.8499 0.7389 0.8230
91 0.0421 0.0373 0.8974 0.0809 0.8746 0.3042 0.4294 0.8476 0.7354 0.8235
92 0.0400 0.0358 0.9004 0.0773 0.8759 0.2898 0.4409 0.8476 0.7324 0.8189
93 0.0426 0.0385 0.8979 0.0828 0.8738 0.3607 0.4520 0.8290 0.8144 0.8042
94 0.0447 0.0388 0.8962 0.0851 0.8694 0.3680 0.4403 0.8384 0.8100 0.8098
95 0.0455 0.0397 0.8956 0.0868 0.8685 0.3935 0.4581 0.8095 0.8533 0.7749
96 0.0816 0.0695 0.8545 0.1524 0.8256 0.3444 0.4654 0.8038 0.8111 0.7685
97 0.0725 0.0619 0.8702 0.1358 0.8404 0.2804 0.4568 0.8132 0.7388 0.7852
98 0.0532 0.0486 0.8849 0.1033 0.8598 0.3299 0.4505 0.8288 0.7820 0.7997
99 0.0426 0.0403 0.8945 0.0844 0.8689 0.3407 0.4392 0.8395 0.7817 0.8132
