epoch train_BCELoss train_SoftDiceLoss train_iou train_loss train_mAP val_BCELoss val_SoftDiceLoss val_iou val_loss val_mAP
0 0.3079 0.2926 0.6555 0.6006 0.5948 0.2963 0.6088 0.6586 0.9054 0.5975
1 0.2503 0.2337 0.6992 0.4843 0.6412 0.2584 0.6115 0.6875 0.8703 0.6373
2 0.2248 0.2090 0.7254 0.4341 0.6723 0.2562 0.5801 0.7131 0.8368 0.6589
3 0.1984 0.1907 0.7420 0.3896 0.6944 0.2115 0.5587 0.7505 0.7708 0.7014
4 0.1719 0.1625 0.7647 0.3349 0.7212 0.1987 0.5554 0.7413 0.7547 0.7054
5 0.1616 0.1547 0.7765 0.3168 0.7351 0.1866 0.5427 0.7630 0.7301 0.7240
6 0.1626 0.1526 0.7750 0.3158 0.7296 0.1907 0.5375 0.7763 0.7290 0.7350
7 0.1783 0.1669 0.7659 0.3459 0.7193 0.1973 0.5463 0.7482 0.7444 0.7081
8 0.1835 0.1667 0.7756 0.3509 0.7312 0.2069 0.5259 0.7584 0.7336 0.7105
9 0.1906 0.1742 0.7543 0.3655 0.7094 0.2063 0.5443 0.7639 0.7514 0.7286
10 0.1947 0.1760 0.7608 0.3714 0.7153 0.2963 0.5688 0.7305 0.8659 0.6787
11 0.1881 0.1750 0.7601 0.3638 0.7177 0.2354 0.5346 0.7544 0.7709 0.7048
12 0.1547 0.1417 0.8022 0.2972 0.7609 0.1710 0.5210 0.7839 0.6930 0.7457
13 0.1448 0.1372 0.7999 0.2830 0.7618 0.1822 0.5260 0.8001 0.7092 0.7661
14 0.1200 0.1137 0.8193 0.2346 0.7814 0.1730 0.5156 0.8060 0.6897 0.7724
15 0.1189 0.1125 0.8202 0.2323 0.7827 0.1724 0.5196 0.8061 0.6931 0.7746
16 0.1184 0.1135 0.8235 0.2329 0.7851 0.1886 0.5167 0.8028 0.7065 0.7702
17 0.1238 0.1106 0.8249 0.2354 0.7872 0.1820 0.5301 0.7881 0.7133 0.7513
18 0.1339 0.1251 0.8105 0.2599 0.7680 0.1718 0.5168 0.7958 0.6897 0.7611
19 0.1477 0.1368 0.8035 0.2854 0.7613 0.2476 0.5195 0.7766 0.7682 0.7383
20 0.1575 0.1471 0.7879 0.3054 0.7472 0.2824 0.5768 0.7016 0.8601 0.6537
21 0.1496 0.1332 0.7996 0.2837 0.7591 0.1700 0.5146 0.8003 0.6857 0.7675
22 0.1314 0.1246 0.8100 0.2569 0.7702 0.1696 0.5039 0.8096 0.6748 0.7800
23 0.1141 0.1020 0.8340 0.2171 0.7970 0.1565 0.5013 0.8188 0.6591 0.7887
24 0.0967 0.0894 0.8408 0.1872 0.8079 0.1761 0.5056 0.8163 0.6829 0.7879
25 0.0982 0.0865 0.8428 0.1857 0.8082 0.1823 0.5022 0.8173 0.6857 0.7897
26 0.0904 0.0809 0.8495 0.1724 0.8137 0.1709 0.5056 0.8232 0.6777 0.7936
27 0.1019 0.0935 0.8352 0.1964 0.7988 0.2104 0.5079 0.8075 0.7195 0.7815
28 0.1230 0.1102 0.8251 0.2342 0.7865 0.2734 0.5461 0.7400 0.8207 0.6892
29 0.1266 0.1183 0.8124 0.2458 0.7736 0.1827 0.5295 0.7991 0.7134 0.7627
30 0.1259 0.1134 0.8190 0.2403 0.7814 0.2226 0.5143 0.7939 0.7381 0.7506
31 0.1189 0.1061 0.8279 0.2261 0.7916 0.1809 0.5230 0.7999 0.7052 0.7620
32 0.1039 0.0941 0.8336 0.1990 0.7973 0.1935 0.5060 0.8153 0.7008 0.7800
33 0.0968 0.0883 0.8492 0.1862 0.8132 0.1840 0.5050 0.8163 0.6904 0.7869
34 0.0785 0.0737 0.8575 0.1533 0.8250 0.2010 0.4977 0.8243 0.7001 0.7969
35 0.0755 0.0655 0.8663 0.1422 0.8337 0.2083 0.4995 0.8224 0.7092 0.7958
36 0.0778 0.0722 0.8675 0.1511 0.8326 0.2078 0.4960 0.8151 0.7052 0.7834
37 0.0783 0.0715 0.8577 0.1509 0.8210 0.1942 0.4991 0.8192 0.6948 0.7880
38 0.0914 0.0788 0.8517 0.1712 0.8163 0.1612 0.4948 0.8154 0.6574 0.7792
39 0.1264 0.1086 0.8254 0.2359 0.7861 1.6506 0.6076 0.6667 2.2597 0.6282
40 0.1593 0.1379 0.7940 0.2981 0.7506 0.2375 0.5453 0.7844 0.7838 0.7480
41 0.1213 0.1077 0.8277 0.2300 0.7888 0.2502 0.5000 0.8068 0.7515 0.7624
42 0.1031 0.0894 0.8370 0.1936 0.8011 0.1851 0.4984 0.8147 0.6849 0.7832
43 0.0914 0.0800 0.8463 0.1726 0.8140 0.1812 0.4911 0.8150 0.6738 0.7822
44 0.0801 0.0726 0.8561 0.1539 0.8239 0.1743 0.4889 0.8341 0.6646 0.8017
45 0.0693 0.0681 0.8671 0.1385 0.8357 0.1825 0.4916 0.8302 0.6755 0.7988
46 0.0713 0.0623 0.8644 0.1349 0.8346 0.2241 0.4919 0.8281 0.7174 0.7981
47 0.0857 0.0780 0.8515 0.1649 0.8151 0.2099 0.4944 0.8234 0.7057 0.7942
48 0.0930 0.0853 0.8487 0.1794 0.8128 0.2634 0.5103 0.8126 0.7751 0.7843
49 0.1044 0.0896 0.8430 0.1951 0.8063 0.2344 0.5169 0.8024 0.7525 0.7689
50 0.1111 0.1010 0.8356 0.2133 0.7993 0.1893 0.5216 0.8014 0.7121 0.7722
51 0.0936 0.0829 0.8445 0.1777 0.8083 0.2571 0.5026 0.8105 0.7611 0.7752
52 0.0876 0.0782 0.8541 0.1669 0.8212 0.2174 0.5143 0.8205 0.7331 0.7900
53 0.0822 0.0743 0.8600 0.1577 0.8265 0.2351 0.4945 0.8289 0.7310 0.7987
54 0.0745 0.0644 0.8688 0.1402 0.8369 0.1979 0.4942 0.8300 0.6936 0.8024
55 0.0702 0.0637 0.8682 0.1351 0.8374 0.1904 0.4933 0.8355 0.6852 0.8054
56 0.0616 0.0556 0.8734 0.1185 0.8423 0.2160 0.4951 0.8370 0.7126 0.8067
57 0.0704 0.0602 0.8656 0.1319 0.8333 0.2021 0.4895 0.8265 0.6931 0.7957
58 0.0857 0.0763 0.8509 0.1632 0.8164 0.2131 0.4961 0.8130 0.7105 0.7755
59 0.0862 0.0737 0.8547 0.1611 0.8191 0.1830 0.5126 0.8165 0.6970 0.7822
60 0.1244 0.1080 0.8298 0.2335 0.7931 0.2139 0.4945 0.8105 0.7096 0.7768
61 0.1039 0.0921 0.8438 0.1971 0.8106 0.2158 0.5092 0.8101 0.7265 0.7809
62 0.0833 0.0771 0.8573 0.1617 0.8221 0.2783 0.5276 0.7931 0.8072 0.7648
63 0.0786 0.0716 0.8613 0.1516 0.8293 0.2451 0.5084 0.8195 0.7549 0.7874
64 0.0683 0.0624 0.8689 0.1320 0.8403 0.1953 0.4819 0.8440 0.6787 0.8137
65 0.0590 0.0552 0.8710 0.1155 0.8390 0.2122 0.4817 0.8438 0.6954 0.8119
66 0.0602 0.0536 0.8752 0.1152 0.8459 0.2054 0.4792 0.8455 0.6862 0.8173
67 0.0605 0.0531 0.8747 0.1148 0.8449 0.2064 0.4806 0.8407 0.6886 0.8089
68 0.0878 0.0804 0.8551 0.1695 0.8216 0.1952 0.4937 0.8209 0.6904 0.7906
69 0.0923 0.0794 0.8570 0.1729 0.8234 0.2074 0.5079 0.8231 0.7168 0.7892
70 0.1012 0.0883 0.8371 0.1906 0.7997 0.2043 0.5170 0.7088 0.7224 0.6550
71 0.1054 0.0927 0.8339 0.1993 0.7994 0.2008 0.5137 0.8118 0.7159 0.7776
72 0.0850 0.0755 0.8569 0.1617 0.8234 0.1962 0.4937 0.8279 0.6915 0.8012
73 0.0693 0.0650 0.8655 0.1356 0.8326 0.2220 0.4952 0.8202 0.7187 0.7905
74 0.0586 0.0539 0.8794 0.1139 0.8477 0.2599 0.4864 0.8350 0.7479 0.8052
75 0.0574 0.0513 0.8750 0.1101 0.8483 0.2567 0.4863 0.8356 0.7446 0.8065
76 0.0616 0.0564 0.8731 0.1194 0.8428 0.2637 0.4853 0.8393 0.7507 0.8070
77 0.0617 0.0571 0.8779 0.1201 0.8482 0.2158 0.4986 0.8235 0.7160 0.7922
78 0.0802 0.0682 0.8638 0.1498 0.8318 0.2612 0.5311 0.7955 0.7936 0.7583
79 0.0870 0.0763 0.8544 0.1646 0.8196 0.2141 0.5013 0.7962 0.7168 0.7578
80 0.1040 0.0915 0.8372 0.1966 0.8034 0.2231 0.4996 0.8098 0.7241 0.7831
81 0.1050 0.0936 0.8327 0.1999 0.7973 0.2284 0.5072 0.8062 0.7371 0.7734
82 0.0846 0.0741 0.8547 0.1599 0.8205 0.1862 0.5002 0.8239 0.6880 0.7927
83 0.0665 0.0592 0.8730 0.1270 0.8412 0.2204 0.4913 0.8389 0.7132 0.8103
84 0.0613 0.0559 0.8762 0.1185 0.8455 0.2176 0.4829 0.8421 0.7021 0.8131
85 0.0586 0.0528 0.8769 0.1128 0.8471 0.2110 0.4847 0.8424 0.6973 0.8137
86 0.0560 0.0525 0.8757 0.1098 0.8432 0.2223 0.4844 0.8390 0.7083 0.8071
87 0.0575 0.0512 0.8789 0.1101 0.8477 0.2499 0.4770 0.8376 0.7285 0.8047
88 0.0610 0.0550 0.8741 0.1174 0.8416 0.2669 0.4912 0.8321 0.7597 0.8032
89 0.0813 0.0729 0.8530 0.1554 0.8185 0.2428 0.4880 0.8032 0.7322 0.7632
90 0.0869 0.0733 0.8547 0.1615 0.8206 0.2604 0.4842 0.8206 0.7461 0.7900
91 0.0836 0.0732 0.8634 0.1581 0.8314 0.1782 0.4926 0.8226 0.6724 0.7941
92 0.0709 0.0633 0.8691 0.1355 0.8375 0.2162 0.4899 0.8232 0.7077 0.7882
93 0.0694 0.0620 0.8712 0.1327 0.8385 0.2556 0.4873 0.8289 0.7444 0.8011
94 0.0598 0.0531 0.8805 0.1143 0.8500 0.2390 0.4935 0.8332 0.7340 0.8016
95 0.0568 0.0499 0.8829 0.1082 0.8550 0.2326 0.4866 0.8370 0.7208 0.8085
96 0.0530 0.0485 0.8834 0.1030 0.8543 0.2473 0.4855 0.8445 0.7344 0.8137
97 0.0528 0.0477 0.8849 0.1019 0.8563 0.2734 0.4949 0.8292 0.7699 0.8020
98 0.0651 0.0585 0.8771 0.1249 0.8455 0.2029 0.4803 0.8298 0.6847 0.7987
99 0.0709 0.0603 0.8755 0.1326 0.8442 0.2484 0.4991 0.8298 0.7489 0.8010
100 0.1084 0.0926 0.8378 0.2023 0.8019 0.2105 0.4942 0.7801 0.7062 0.7397
101 0.0968 0.0844 0.8465 0.1825 0.8117 0.2780 0.4882 0.8152 0.7678 0.7869
102 0.0747 0.0684 0.8708 0.1444 0.8375 0.2581 0.4925 0.8331 0.7522 0.8034
103 0.0627 0.0555 0.8811 0.1196 0.8524 0.2341 0.4896 0.8337 0.7253 0.8038
104 0.0557 0.0514 0.8798 0.1085 0.8502 0.2318 0.4820 0.8417 0.7155 0.8118
105 0.0551 0.0492 0.8818 0.1058 0.8520 0.2352 0.4788 0.8397 0.7156 0.8109
106 0.0523 0.0477 0.8815 0.1014 0.8529 0.2373 0.4776 0.8439 0.7167 0.8133
107 0.0505 0.0450 0.8799 0.0969 0.8503 0.2735 0.4904 0.8385 0.7655 0.8101
108 0.0540 0.0496 0.8855 0.1050 0.8556 0.2494 0.4744 0.8330 0.7255 0.8043
109 0.0674 0.0595 0.8715 0.1283 0.8411 0.2865 0.4918 0.8160 0.7800 0.7841
110 0.0949 0.0837 0.8500 0.1799 0.8170 0.2717 0.4957 0.8016 0.7686 0.7675
111 0.0849 0.0712 0.8622 0.1574 0.8307 0.1927 0.4845 0.8247 0.6788 0.7917
112 0.0682 0.0623 0.8702 0.1318 0.8376 0.2103 0.4746 0.8349 0.6865 0.8043
113 0.0578 0.0519 0.8780 0.1111 0.8491 0.2212 0.5010 0.8335 0.7238 0.8053
114 0.0508 0.0447 0.8876 0.0970 0.8591 0.2314 0.4742 0.8443 0.7074 0.8144
115 0.0498 0.0443 0.8888 0.0956 0.8607 0.2331 0.4801 0.8413 0.7149 0.8125
116 0.0486 0.0428 0.8950 0.0928 0.8666 0.2360 0.4806 0.8443 0.7183 0.8138
117 0.0490 0.0423 0.8864 0.0928 0.8568 0.2193 0.4837 0.8455 0.7046 0.8178
118 0.0514 0.0477 0.8846 0.1006 0.8545 0.2884 0.4940 0.8268 0.7840 0.8017
119 0.0752 0.0664 0.8654 0.1429 0.8303 0.3276 0.5037 0.7727 0.8329 0.7286
120 0.0941 0.0855 0.8506 0.1808 0.8154 0.2342 0.5146 0.8131 0.7503 0.7814
121 0.0881 0.0769 0.8583 0.1664 0.8242 0.2172 0.4917 0.8288 0.7104 0.7944
122 0.0672 0.0615 0.8701 0.1301 0.8408 0.2299 0.4884 0.8348 0.7200 0.8093
123 0.0549 0.0499 0.8850 0.1062 0.8556 0.2686 0.4878 0.8414 0.7582 0.8135
124 0.0513 0.0468 0.8911 0.0995 0.8628 0.2495 0.4864 0.8452 0.7376 0.8173
125 0.0543 0.0466 0.8911 0.1024 0.8627 0.2466 0.4864 0.8448 0.7346 0.8174
126 0.0496 0.0455 0.8873 0.0967 0.8602 0.2386 0.4853 0.8424 0.7256 0.8177
127 0.0556 0.0498 0.8801 0.1068 0.8498 0.2348 0.4772 0.8466 0.7137 0.8178
128 0.0585 0.0542 0.8778 0.1141 0.8468 0.2352 0.4757 0.8345 0.7127 0.8040
129 0.0627 0.0539 0.8717 0.1180 0.8398 0.1968 0.4778 0.8326 0.6762 0.8008
130 0.0762 0.0694 0.8627 0.1469 0.8298 0.2370 0.4853 0.8274 0.7239 0.7894
131 0.0790 0.0705 0.8637 0.1508 0.8318 0.2216 0.4937 0.8341 0.7169 0.8069
132 0.0608 0.0540 0.8798 0.1163 0.8507 0.2968 0.4949 0.8238 0.7934 0.7945
133 0.0582 0.0522 0.8758 0.1118 0.8454 0.2677 0.4818 0.8192 0.7512 0.7894
134 0.0497 0.0442 0.8859 0.0955 0.8594 0.2839 0.4801 0.8195 0.7657 0.7905
135 0.0476 0.0426 0.8847 0.0917 0.8546 0.2767 0.4768 0.8214 0.7552 0.7912
136 0.0491 0.0439 0.8950 0.0944 0.8664 0.2435 0.4730 0.8425 0.7182 0.8145
137 0.0487 0.0455 0.8858 0.0957 0.8574 0.2830 0.4888 0.8393 0.7736 0.8090
138 0.0498 0.0470 0.8876 0.0983 0.8594 0.2741 0.4674 0.8398 0.7433 0.8083
139 0.0600 0.0534 0.8766 0.1147 0.8458 0.4227 0.5471 0.7515 0.9711 0.7173
140 0.0963 0.0827 0.8491 0.1803 0.8131 0.4027 0.5423 0.7654 0.9463 0.7303
141 0.0889 0.0764 0.8547 0.1666 0.8212 0.2308 0.5382 0.7951 0.7702 0.7617
142 0.0704 0.0649 0.8692 0.1367 0.8383 0.2801 0.4873 0.8356 0.7691 0.8049
143 0.0667 0.0601 0.8787 0.1282 0.8487 0.2276 0.4774 0.8345 0.7067 0.8048
144 0.0529 0.0503 0.8842 0.1046 0.8556 0.2490 0.4736 0.8404 0.7244 0.8117
145 0.0471 0.0454 0.8904 0.0940 0.8622 0.2579 0.4725 0.8410 0.7322 0.8124
146 0.0488 0.0445 0.8926 0.0948 0.8647 0.2515 0.4680 0.8440 0.7213 0.8157
147 0.0512 0.0468 0.8848 0.0994 0.8567 0.2506 0.4728 0.8401 0.7251 0.8076
148 0.0572 0.0512 0.8837 0.1098 0.8553 0.2085 0.4905 0.8373 0.7006 0.7988
149 0.0681 0.0570 0.8757 0.1265 0.8425 0.2739 0.4805 0.8250 0.7560 0.7921
