epoch train_iou train_loss train_mAP val_iou val_mAP
0 0.6506 1.1481 0.5830 0.7052 0.6530
1 0.7286 0.8756 0.6656 0.7410 0.6906
2 0.7602 0.7759 0.7072 0.7605 0.7185
3 0.7910 0.6784 0.7394 0.7889 0.7454
4 0.8043 0.6207 0.7564 0.7988 0.7575
5 0.8056 0.5971 0.7611 0.8014 0.7613
6 0.8132 0.5913 0.7683 0.8028 0.7639
7 0.8057 0.6283 0.7609 0.7997 0.7514
8 0.7937 0.6661 0.7468 0.7915 0.7486
9 0.7983 0.6565 0.7513 0.7762 0.7329
10 0.7906 0.6855 0.7423 0.7680 0.7286
11 0.8050 0.6329 0.7607 0.7991 0.7721
12 0.8196 0.5761 0.7822 0.8133 0.7815
13 0.8328 0.5299 0.7968 0.8234 0.7947
14 0.8440 0.4868 0.8070 0.8277 0.7937
15 0.8484 0.4709 0.8089 0.8350 0.8007
16 0.8518 0.4627 0.8144 0.8284 0.8010
17 0.8461 0.4829 0.8086 0.8291 0.8002
18 0.8351 0.5260 0.7973 0.8190 0.7762
19 0.8374 0.5230 0.8001 0.8191 0.7915
20 0.8196 0.5901 0.7773 0.7880 0.7544
21 0.8238 0.5596 0.7869 0.8251 0.7867
22 0.8412 0.5105 0.8068 0.8310 0.8043
23 0.8562 0.4510 0.8202 0.8329 0.7995
24 0.8655 0.4202 0.8309 0.8334 0.8022
25 0.8668 0.4036 0.8325 0.8403 0.8094
26 0.8634 0.4184 0.8307 0.8469 0.8138
27 0.8655 0.4169 0.8320 0.8458 0.8147
28 0.8596 0.4393 0.8222 0.8157 0.7837
29 0.8520 0.4756 0.8177 0.8307 0.7930
30 0.8333 0.5400 0.7930 0.8119 0.7773
31 0.8471 0.4862 0.8098 0.8178 0.7889
32 0.8578 0.4436 0.8219 0.8505 0.8209
33 0.8632 0.4213 0.8308 0.8470 0.8174
34 0.8792 0.3775 0.8472 0.8506 0.8191
35 0.8757 0.3737 0.8417 0.8506 0.8183
36 0.8770 0.3756 0.8435 0.8548 0.8244
37 0.8759 0.3883 0.8441 0.8514 0.8155
38 0.8629 0.4234 0.8272 0.8404 0.8065
39 0.8585 0.4373 0.8241 0.8303 0.7929
40 0.8535 0.4650 0.8186 0.8163 0.7839
41 0.8612 0.4364 0.8262 0.8395 0.8070
42 0.8686 0.4004 0.8352 0.8516 0.8230
43 0.8813 0.3668 0.8486 0.8429 0.8167
44 0.8821 0.3433 0.8517 0.8547 0.8215
45 0.8863 0.3262 0.8547 0.8577 0.8256
46 0.8900 0.3268 0.8590 0.8529 0.8220
47 0.8833 0.3402 0.8521 0.8566 0.8251
48 0.8791 0.3541 0.8444 0.8501 0.8192
49 0.8620 0.4323 0.8309 0.8162 0.7739
50 0.8485 0.5002 0.8135 0.8265 0.7927
51 0.8663 0.4371 0.8327 0.8476 0.8108
52 0.8776 0.3771 0.8453 0.8490 0.8190
53 0.8874 0.3397 0.8567 0.8461 0.8200
54 0.8924 0.3296 0.8629 0.8624 0.8305
55 0.8937 0.3126 0.8620 0.8645 0.8341
56 0.8930 0.3206 0.8599 0.8610 0.8293
57 0.8892 0.3160 0.8556 0.8600 0.8309
58 0.8848 0.3478 0.8510 0.8602 0.8290
59 0.8696 0.4048 0.8355 0.8134 0.7845
60 0.8620 0.4268 0.8270 0.8228 0.7895
61 0.8701 0.4013 0.8367 0.8269 0.7957
62 0.8769 0.3812 0.8460 0.8386 0.8125
63 0.8899 0.3258 0.8594 0.8638 0.8316
64 0.8923 0.3073 0.8616 0.8627 0.8312
65 0.8973 0.2926 0.8672 0.8679 0.8379
66 0.9013 0.2907 0.8727 0.8637 0.8343
67 0.8884 0.3301 0.8586 0.8471 0.8214
68 0.8879 0.3417 0.8576 0.8510 0.8183
69 0.8774 0.3786 0.8473 0.8553 0.8224
70 0.8772 0.4032 0.8443 0.8387 0.8067
71 0.8656 0.4193 0.8306 0.7870 0.7433
72 0.8822 0.3626 0.8503 0.8464 0.8162
73 0.8961 0.3188 0.8660 0.8519 0.8246
74 0.9030 0.2861 0.8728 0.8513 0.8251
75 0.8985 0.2823 0.8688 0.8575 0.8299
76 0.9020 0.2859 0.8730 0.8581 0.8320
77 0.9023 0.2811 0.8722 0.8660 0.8343
78 0.8899 0.3203 0.8587 0.8513 0.8191
79 0.8888 0.3380 0.8576 0.8552 0.8262
80 0.8931 0.3236 0.8619 0.8357 0.8048
81 0.8802 0.3578 0.8468 0.8545 0.8236
82 0.8877 0.3259 0.8541 0.8625 0.8319
83 0.8997 0.2899 0.8710 0.8500 0.8250
84 0.9065 0.2668 0.8782 0.8607 0.8335
85 0.9078 0.2596 0.8799 0.8612 0.8352
86 0.9125 0.2484 0.8839 0.8587 0.8341
87 0.9045 0.2650 0.8777 0.8637 0.8346
88 0.8976 0.2988 0.8652 0.8473 0.8161
89 0.8923 0.3239 0.8628 0.8413 0.8091
90 0.8858 0.3519 0.8505 0.8314 0.7983
91 0.8878 0.3459 0.8548 0.8501 0.8162
92 0.8993 0.2984 0.8683 0.8645 0.8357
93 0.9041 0.2790 0.8758 0.8643 0.8357
94 0.9058 0.2630 0.8768 0.8697 0.8393
95 0.9064 0.2520 0.8792 0.8686 0.8391
96 0.9086 0.2509 0.8812 0.8664 0.8385
97 0.9097 0.2600 0.8824 0.8561 0.8269
98 0.8962 0.2977 0.8661 0.8635 0.8273
99 0.8980 0.2859 0.8681 0.8497 0.8177
100 0.8973 0.3013 0.8683 0.8551 0.8260
101 0.9096 0.2653 0.8823 0.8648 0.8353
102 0.9141 0.2385 0.8852 0.8627 0.8381
103 0.9161 0.2397 0.8886 0.8618 0.8364
104 0.9187 0.2218 0.8932 0.8732 0.8448
105 0.9178 0.2188 0.8908 0.8719 0.8442
106 0.9181 0.2218 0.8920 0.8708 0.8424
107 0.9149 0.2296 0.8884 0.8636 0.8327
108 0.9149 0.2300 0.8884 0.8712 0.8421
109 0.9121 0.2378 0.8843 0.8607 0.8315
110 0.9129 0.2413 0.8854 0.8549 0.8275
111 0.9122 0.2419 0.8846 0.8569 0.8257
112 0.9130 0.2399 0.8866 0.8626 0.8310
113 0.9165 0.2252 0.8895 0.8654 0.8380
114 0.9219 0.2176 0.8949 0.8652 0.8374
115 0.9221 0.2060 0.8957 0.8665 0.8380
116 0.9231 0.2102 0.8976 0.8678 0.8409
117 0.9228 0.2104 0.8984 0.8655 0.8373
118 0.9211 0.2111 0.8968 0.8676 0.8379
119 0.9212 0.2162 0.8954 0.8621 0.8326
120 0.9159 0.2359 0.8888 0.8496 0.8244
121 0.9135 0.2496 0.8876 0.8546 0.8252
122 0.9193 0.2296 0.8926 0.8653 0.8382
123 0.9204 0.2146 0.8951 0.8651 0.8362
124 0.9251 0.2029 0.9005 0.8725 0.8464
125 0.9257 0.1957 0.9016 0.8713 0.8454
126 0.9247 0.2001 0.8994 0.8698 0.8425
127 0.9248 0.2038 0.9024 0.8697 0.8413
128 0.9160 0.2190 0.8896 0.8624 0.8328
129 0.9186 0.2177 0.8922 0.8530 0.8278
130 0.9154 0.2337 0.8872 0.8388 0.8105
131 0.9171 0.2239 0.8891 0.8602 0.8339
132 0.9212 0.2151 0.8942 0.8714 0.8459
133 0.9175 0.2145 0.8922 0.8706 0.8425
134 0.9241 0.2015 0.8978 0.8726 0.8431
135 0.9290 0.1897 0.9057 0.8736 0.8442
136 0.9269 0.1918 0.9032 0.8698 0.8429
137 0.9245 0.2015 0.8995 0.8708 0.8438
138 0.9234 0.1964 0.9004 0.8638 0.8386
139 0.9266 0.2056 0.9012 0.8665 0.8416
140 0.9184 0.2145 0.8923 0.8586 0.8388
141 0.9208 0.2180 0.8953 0.8575 0.8370
142 0.9231 0.2022 0.8963 0.8691 0.8447
143 0.9242 0.2060 0.9004 0.8653 0.8422
144 0.9253 0.1929 0.9025 0.8642 0.8389
145 0.9313 0.1832 0.9096 0.8676 0.8422
146 0.9271 0.1900 0.9034 0.8647 0.8405
147 0.9273 0.1872 0.9027 0.8627 0.8359
148 0.9240 0.2010 0.8994 0.8639 0.8391
149 0.9220 0.2122 0.8950 0.8640 0.8362
150 0.9200 0.2260 0.8937 0.8654 0.8395
151 0.9142 0.2460 0.8890 0.8467 0.8154
152 0.9136 0.2356 0.8891 0.8582 0.8335
153 0.9267 0.1988 0.9036 0.8668 0.8409
154 0.9332 0.1797 0.9104 0.8671 0.8417
155 0.9327 0.1843 0.9096 0.8670 0.8416
156 0.9313 0.1840 0.9080 0.8659 0.8400
157 0.9303 0.1894 0.9080 0.8627 0.8383
158 0.9303 0.1847 0.9072 0.8539 0.8281
159 0.9268 0.2016 0.9023 0.8632 0.8356
160 0.9301 0.1867 0.9055 0.8643 0.8389
161 0.9339 0.1754 0.9135 0.8667 0.8401
162 0.9310 0.1784 0.9074 0.8715 0.8447
163 0.9353 0.1672 0.9149 0.8665 0.8411
164 0.9308 0.1709 0.9094 0.8699 0.8447
165 0.9344 0.1694 0.9130 0.8677 0.8441
166 0.9320 0.1740 0.9105 0.8711 0.8470
167 0.9305 0.1778 0.9084 0.8673 0.8438
168 0.9340 0.1686 0.9136 0.8684 0.8428
169 0.9321 0.1722 0.9103 0.8669 0.8425
170 0.9383 0.1625 0.9155 0.8628 0.8388
171 0.9345 0.1652 0.9136 0.8687 0.8435
172 0.9321 0.1703 0.9115 0.8709 0.8446
173 0.9303 0.1769 0.9077 0.8716 0.8442
174 0.9362 0.1618 0.9158 0.8684 0.8428
175 0.9347 0.1652 0.9135 0.8669 0.8416
176 0.9376 0.1634 0.9160 0.8690 0.8434
177 0.9360 0.1626 0.9144 0.8657 0.8397
178 0.9357 0.1677 0.9141 0.8725 0.8459
179 0.9354 0.1631 0.9146 0.8661 0.8394
180 0.9352 0.1629 0.9118 0.8650 0.8395
181 0.9343 0.1651 0.9113 0.8678 0.8425
182 0.9385 0.1587 0.9177 0.8700 0.8438
183 0.9357 0.1646 0.9157 0.8723 0.8460
184 0.9359 0.1643 0.9147 0.8701 0.8439
185 0.9360 0.1576 0.9156 0.8711 0.8452
186 0.9363 0.1613 0.9161 0.8693 0.8429
187 0.9371 0.1550 0.9159 0.8683 0.8434
188 0.9366 0.1607 0.9149 0.8701 0.8429
189 0.9377 0.1576 0.9174 0.8633 0.8362
190 0.9382 0.1564 0.9181 0.8645 0.8386
191 0.9353 0.1622 0.9147 0.8672 0.8388
192 0.9385 0.1559 0.9199 0.8678 0.8418
193 0.9336 0.1624 0.9131 0.8677 0.8405
194 0.9409 0.1558 0.9192 0.8695 0.8421
195 0.9365 0.1574 0.9176 0.8704 0.8427
196 0.9369 0.1556 0.9159 0.8700 0.8419
197 0.9366 0.1585 0.9143 0.8665 0.8386
198 0.9383 0.1562 0.9183 0.8684 0.8425
199 0.9380 0.1570 0.9178 0.8693 0.8425
