epoch train_BCELoss train_SoftDiceLoss train_iou train_loss train_mAP val_BCELoss val_SoftDiceLoss val_iou val_loss val_mAP
0 0.3118 0.2971 0.6458 0.6090 0.5840 0.2475 0.6078 0.6828 0.8556 0.6227
1 0.2338 0.2192 0.7071 0.4534 0.6547 0.2694 0.5796 0.7134 0.8494 0.6514
2 0.1898 0.1813 0.7450 0.3715 0.6984 0.2162 0.5517 0.7268 0.7685 0.6792
3 0.1834 0.1726 0.7606 0.3565 0.7119 0.1666 0.5322 0.7772 0.6995 0.7310
4 0.1598 0.1525 0.7798 0.3129 0.7363 0.1599 0.5192 0.7894 0.6799 0.7506
5 0.1400 0.1425 0.7852 0.2832 0.7415 0.1638 0.5122 0.7960 0.6768 0.7577
6 0.1520 0.1458 0.7817 0.2985 0.7369 0.1666 0.5234 0.7896 0.6908 0.7537
7 0.1632 0.1506 0.7880 0.3145 0.7430 0.1542 0.5364 0.7945 0.6914 0.7523
8 0.1706 0.1564 0.7758 0.3277 0.7296 0.2033 0.5376 0.7760 0.7418 0.7387
9 0.1795 0.1654 0.7748 0.3456 0.7323 0.1861 0.5547 0.7655 0.7417 0.7257
10 0.1852 0.1650 0.7727 0.3509 0.7273 0.2293 0.5527 0.7611 0.7828 0.7120
11 0.1671 0.1503 0.7854 0.3182 0.7439 0.2039 0.5213 0.8022 0.7263 0.7587
12 0.1467 0.1385 0.8017 0.2861 0.7627 0.1550 0.5120 0.8090 0.6680 0.7724
13 0.1294 0.1229 0.8172 0.2532 0.7784 0.1545 0.5032 0.8115 0.6588 0.7821
14 0.1127 0.1063 0.8275 0.2200 0.7916 0.1500 0.4925 0.8145 0.6435 0.7834
15 0.0995 0.0996 0.8347 0.2002 0.7997 0.1481 0.4901 0.8181 0.6393 0.7894
16 0.1021 0.0964 0.8367 0.1994 0.8009 0.1702 0.4894 0.8171 0.6607 0.7873
17 0.1119 0.0981 0.8314 0.2110 0.7955 0.1620 0.4930 0.8058 0.6561 0.7720
18 0.1282 0.1173 0.8209 0.2465 0.7801 0.1526 0.5038 0.8100 0.6573 0.7766
19 0.1469 0.1293 0.8087 0.2771 0.7690 0.1782 0.5098 0.8045 0.6889 0.7642
20 0.1646 0.1464 0.7934 0.3119 0.7501 0.2184 0.5133 0.7820 0.7327 0.7320
21 0.1473 0.1335 0.8090 0.2817 0.7684 0.1669 0.5054 0.8159 0.6734 0.7873
22 0.1271 0.1126 0.8267 0.2406 0.7906 0.1505 0.5086 0.8138 0.6601 0.7811
23 0.1147 0.1038 0.8350 0.2196 0.7987 0.1593 0.4874 0.8266 0.6479 0.7918
24 0.0964 0.0885 0.8488 0.1859 0.8136 0.1470 0.4802 0.8240 0.6285 0.7935
25 0.0787 0.0787 0.8553 0.1585 0.8206 0.1500 0.4792 0.8275 0.6304 0.7970
26 0.0863 0.0781 0.8549 0.1655 0.8192 0.1485 0.4754 0.8323 0.6253 0.7978
27 0.0925 0.0865 0.8550 0.1802 0.8198 0.1657 0.4924 0.8181 0.6594 0.7833
28 0.1056 0.0987 0.8394 0.2053 0.8019 0.1877 0.4964 0.8156 0.6854 0.7794
29 0.1176 0.1070 0.8304 0.2257 0.7922 0.2436 0.4905 0.8130 0.7356 0.7757
30 0.1386 0.1228 0.8139 0.2623 0.7752 0.2544 0.5223 0.7721 0.7780 0.7312
31 0.1197 0.1095 0.8312 0.2303 0.7932 0.1998 0.4906 0.8024 0.6916 0.7626
32 0.1176 0.1091 0.8316 0.2278 0.7926 0.1844 0.4896 0.8276 0.6755 0.7930
33 0.0959 0.0877 0.8500 0.1847 0.8172 0.1554 0.5143 0.8194 0.6709 0.7898
34 0.0794 0.0696 0.8688 0.1502 0.8378 0.1501 0.4819 0.8408 0.6334 0.8108
35 0.0681 0.0618 0.8738 0.1310 0.8403 0.1489 0.4803 0.8434 0.6306 0.8120
36 0.0743 0.0683 0.8643 0.1438 0.8318 0.1414 0.4747 0.8368 0.6175 0.8019
37 0.0841 0.0748 0.8585 0.1601 0.8256 0.1544 0.4915 0.8274 0.6470 0.8008
38 0.0925 0.0874 0.8519 0.1811 0.8177 0.1535 0.5092 0.8150 0.6640 0.7823
39 0.1139 0.1012 0.8352 0.2163 0.7965 0.2014 0.5201 0.7788 0.7229 0.7398
40 0.1311 0.1162 0.8283 0.2484 0.7904 0.1501 0.5004 0.8146 0.6516 0.7763
41 0.1104 0.0976 0.8411 0.2091 0.8047 0.1680 0.5075 0.8016 0.6767 0.7662
42 0.0995 0.0939 0.8398 0.1945 0.8041 0.1412 0.4920 0.8223 0.6346 0.7913
43 0.0782 0.0752 0.8552 0.1546 0.8212 0.1554 0.4844 0.8380 0.6412 0.8044
44 0.0705 0.0648 0.8681 0.1366 0.8361 0.1620 0.4829 0.8349 0.6464 0.8041
45 0.0639 0.0616 0.8741 0.1268 0.8440 0.1601 0.4807 0.8335 0.6423 0.8038
46 0.0667 0.0613 0.8744 0.1293 0.8421 0.1684 0.4759 0.8390 0.6458 0.8072
47 0.0708 0.0639 0.8680 0.1360 0.8366 0.1593 0.4782 0.8331 0.6390 0.8005
48 0.0907 0.0815 0.8532 0.1734 0.8174 0.1624 0.4864 0.8212 0.6503 0.7876
49 0.1066 0.0954 0.8411 0.2031 0.8018 0.2141 0.4934 0.8058 0.7088 0.7738
50 0.1159 0.1037 0.8333 0.2207 0.7925 0.1776 0.5221 0.8121 0.7009 0.7786
51 0.1214 0.1101 0.8241 0.2327 0.7846 0.1849 0.5060 0.8262 0.6923 0.7986
52 0.0924 0.0819 0.8535 0.1755 0.8196 0.1790 0.4836 0.8219 0.6639 0.7924
53 0.0709 0.0631 0.8653 0.1353 0.8337 0.1691 0.4815 0.8412 0.6520 0.8112
54 0.0722 0.0647 0.8669 0.1382 0.8353 0.1675 0.4785 0.8380 0.6475 0.8077
55 0.0614 0.0563 0.8696 0.1191 0.8387 0.1657 0.4820 0.8402 0.6491 0.8105
56 0.0634 0.0568 0.8714 0.1215 0.8402 0.1663 0.4819 0.8434 0.6497 0.8123
57 0.0663 0.0595 0.8697 0.1271 0.8378 0.1795 0.4807 0.8394 0.6617 0.8091
58 0.0754 0.0653 0.8667 0.1419 0.8335 0.1671 0.4790 0.8383 0.6477 0.8090
59 0.0868 0.0768 0.8562 0.1648 0.8219 0.1736 0.4843 0.8292 0.6593 0.7964
60 0.1081 0.0925 0.8389 0.2017 0.8025 0.1879 0.5294 0.8058 0.7183 0.7744
61 0.1058 0.0959 0.8432 0.2028 0.8086 0.1523 0.4901 0.8208 0.6437 0.7868
62 0.0835 0.0756 0.8582 0.1605 0.8267 0.2083 0.4849 0.8164 0.6947 0.7837
63 0.0773 0.0662 0.8646 0.1447 0.8322 0.1417 0.4743 0.8366 0.6175 0.8072
64 0.0659 0.0610 0.8731 0.1282 0.8426 0.1705 0.4770 0.8353 0.6490 0.8109
65 0.0630 0.0584 0.8742 0.1228 0.8458 0.1759 0.4725 0.8397 0.6499 0.8124
66 0.0607 0.0552 0.8791 0.1172 0.8485 0.1617 0.4706 0.8428 0.6339 0.8141
67 0.0569 0.0519 0.8737 0.1101 0.8438 0.1757 0.4673 0.8398 0.6446 0.8129
68 0.0601 0.0536 0.8779 0.1150 0.8472 0.1814 0.4747 0.8348 0.6575 0.8029
69 0.0834 0.0728 0.8563 0.1575 0.8245 0.2289 0.4961 0.8171 0.7263 0.7832
70 0.0950 0.0874 0.8439 0.1837 0.8093 0.2401 0.4932 0.8110 0.7347 0.7812
71 0.0979 0.0884 0.8434 0.1876 0.8086 0.2522 0.4842 0.8327 0.7379 0.8014
72 0.0730 0.0675 0.8660 0.1418 0.8328 0.1688 0.4781 0.8405 0.6483 0.8087
73 0.0652 0.0622 0.8727 0.1288 0.8384 0.1805 0.4828 0.8452 0.6648 0.8165
74 0.0576 0.0542 0.8827 0.1131 0.8524 0.1802 0.4677 0.8499 0.6495 0.8219
75 0.0554 0.0489 0.8830 0.1057 0.8524 0.1806 0.4745 0.8413 0.6567 0.8141
76 0.0555 0.0514 0.8810 0.1084 0.8501 0.1790 0.4750 0.8466 0.6556 0.8184
77 0.0590 0.0547 0.8782 0.1151 0.8459 0.1839 0.4727 0.8410 0.6582 0.8078
78 0.0637 0.0558 0.8789 0.1208 0.8478 0.2049 0.4824 0.8397 0.6888 0.8130
79 0.0740 0.0645 0.8716 0.1399 0.8389 0.1991 0.4753 0.8218 0.6759 0.7899
80 0.0928 0.0833 0.8462 0.1773 0.8120 0.2404 0.4928 0.8026 0.7346 0.7635
81 0.0888 0.0797 0.8528 0.1698 0.8157 0.1786 0.4972 0.8277 0.6773 0.7915
82 0.0795 0.0714 0.8602 0.1523 0.8259 0.1621 0.4801 0.8383 0.6436 0.8067
83 0.0612 0.0547 0.8777 0.1173 0.8460 0.1818 0.4765 0.8442 0.6599 0.8144
84 0.0523 0.0503 0.8826 0.1041 0.8524 0.1689 0.4660 0.8511 0.6365 0.8219
85 0.0481 0.0463 0.8899 0.0959 0.8585 0.1679 0.4642 0.8549 0.6337 0.8216
86 0.0511 0.0448 0.8852 0.0974 0.8569 0.1645 0.4685 0.8593 0.6346 0.8327
87 0.0518 0.0472 0.8835 0.1004 0.8553 0.1550 0.4668 0.8519 0.6234 0.8227
88 0.0627 0.0567 0.8789 0.1207 0.8472 0.2080 0.4806 0.8395 0.6901 0.8082
89 0.0923 0.0813 0.8502 0.1748 0.8110 0.1888 0.4954 0.8008 0.6856 0.7644
90 0.0950 0.0837 0.8566 0.1800 0.8210 0.2098 0.5142 0.8021 0.7255 0.7637
91 0.0800 0.0671 0.8601 0.1484 0.8262 0.1549 0.4795 0.8438 0.6360 0.8100
92 0.0699 0.0654 0.8664 0.1367 0.8338 0.1951 0.4722 0.8395 0.6687 0.8105
93 0.0629 0.0556 0.8723 0.1198 0.8409 0.1818 0.4695 0.8386 0.6529 0.8078
94 0.0508 0.0458 0.8846 0.0981 0.8543 0.1779 0.4668 0.8556 0.6463 0.8251
95 0.0464 0.0445 0.8889 0.0923 0.8598 0.1817 0.4661 0.8523 0.6494 0.8210
96 0.0447 0.0424 0.8835 0.0886 0.8556 0.2087 0.4649 0.8520 0.6752 0.8200
97 0.0550 0.0476 0.8808 0.1040 0.8531 0.2475 0.4821 0.8320 0.7311 0.8007
98 0.0694 0.0608 0.8751 0.1316 0.8436 0.1874 0.4819 0.8276 0.6707 0.7919
99 0.0839 0.0731 0.8655 0.1583 0.8295 0.1916 0.4792 0.8383 0.6723 0.8030
100 0.0811 0.0718 0.8603 0.1542 0.8254 0.4074 0.5321 0.7452 0.9409 0.6913
101 0.0778 0.0675 0.8612 0.1466 0.8284 0.3002 0.4967 0.7812 0.7983 0.7373
102 0.0710 0.0647 0.8721 0.1370 0.8398 0.1702 0.4755 0.8358 0.6472 0.7988
103 0.0578 0.0523 0.8818 0.1115 0.8528 0.1555 0.4703 0.8486 0.6273 0.8183
104 0.0502 0.0464 0.8885 0.0981 0.8603 0.1648 0.4678 0.8535 0.6342 0.8257
105 0.0445 0.0430 0.8931 0.0890 0.8676 0.1606 0.4670 0.8554 0.6292 0.8270
106 0.0484 0.0449 0.8856 0.0948 0.8588 0.1896 0.4703 0.8518 0.6615 0.8242
107 0.0515 0.0467 0.8885 0.0997 0.8603 0.2172 0.4728 0.8389 0.6915 0.8058
108 0.0572 0.0514 0.8805 0.1100 0.8508 0.1865 0.4724 0.8456 0.6603 0.8143
109 0.0679 0.0599 0.8757 0.1292 0.8428 0.2385 0.4938 0.8188 0.7338 0.7840
110 0.0773 0.0707 0.8604 0.1492 0.8280 0.2250 0.4941 0.8126 0.7205 0.7811
111 0.0799 0.0735 0.8570 0.1547 0.8240 0.1550 0.4873 0.8292 0.6437 0.7957
112 0.0636 0.0572 0.8748 0.1222 0.8441 0.1917 0.4709 0.8388 0.6641 0.8071
113 0.0541 0.0484 0.8864 0.1040 0.8566 0.1788 0.4683 0.8483 0.6488 0.8183
114 0.0473 0.0440 0.8895 0.0928 0.8598 0.1493 0.4732 0.8485 0.6242 0.8160
115 0.0455 0.0429 0.8964 0.0899 0.8692 0.1509 0.4728 0.8445 0.6254 0.8132
116 0.0446 0.0405 0.8888 0.0867 0.8617 0.1684 0.4688 0.8518 0.6388 0.8210
117 0.0512 0.0474 0.8812 0.1001 0.8511 0.1852 0.4683 0.8488 0.6549 0.8173
118 0.0507 0.0476 0.8823 0.0998 0.8522 0.1978 0.4694 0.8475 0.6687 0.8179
119 0.0664 0.0578 0.8697 0.1256 0.8409 0.2346 0.5014 0.8214 0.7373 0.7912
120 0.0919 0.0773 0.8607 0.1706 0.8266 0.2112 0.5108 0.7955 0.7229 0.7519
121 0.0905 0.0806 0.8577 0.1724 0.8236 0.1721 0.4966 0.8161 0.6702 0.7864
122 0.0691 0.0626 0.8705 0.1331 0.8412 0.1933 0.4837 0.8361 0.6785 0.8054
123 0.0600 0.0547 0.8780 0.1161 0.8459 0.1786 0.4727 0.8484 0.6531 0.8191
124 0.0477 0.0447 0.8929 0.0938 0.8643 0.1758 0.4758 0.8483 0.6533 0.8177
125 0.0495 0.0425 0.8873 0.0936 0.8593 0.1769 0.4720 0.8501 0.6505 0.8195
126 0.0462 0.0422 0.8931 0.0899 0.8652 0.1877 0.4683 0.8439 0.6578 0.8138
127 0.0473 0.0443 0.8889 0.0931 0.8596 0.1738 0.4686 0.8368 0.6441 0.8052
128 0.0517 0.0448 0.8868 0.0980 0.8572 0.2212 0.4749 0.8333 0.6978 0.8014
129 0.0558 0.0498 0.8879 0.1070 0.8575 0.2361 0.4819 0.8441 0.7196 0.8139
130 0.0712 0.0607 0.8725 0.1333 0.8402 0.2006 0.5196 0.7883 0.7215 0.7457
131 0.0850 0.0771 0.8554 0.1635 0.8202 0.2248 0.4994 0.8223 0.7257 0.7862
132 0.0680 0.0601 0.8716 0.1295 0.8414 0.2005 0.4795 0.8352 0.6816 0.8026
133 0.0549 0.0477 0.8811 0.1041 0.8533 0.2084 0.4738 0.8331 0.6838 0.8040
134 0.0484 0.0432 0.8838 0.0930 0.8553 0.2027 0.4744 0.8406 0.6787 0.8106
135 0.0465 0.0415 0.8916 0.0894 0.8640 0.2005 0.4737 0.8450 0.6758 0.8142
136 0.0444 0.0410 0.8896 0.0869 0.8625 0.1934 0.4718 0.8463 0.6668 0.8150
137 0.0468 0.0416 0.8905 0.0899 0.8636 0.2145 0.4762 0.8536 0.6924 0.8255
138 0.0502 0.0452 0.8892 0.0969 0.8598 0.2534 0.4843 0.8351 0.7392 0.8049
139 0.0666 0.0562 0.8753 0.1243 0.8456 0.1900 0.4791 0.8251 0.6706 0.7893
140 0.0717 0.0642 0.8636 0.1372 0.8327 0.2332 0.5011 0.8268 0.7359 0.7892
141 0.0788 0.0684 0.8667 0.1487 0.8342 0.2231 0.5149 0.8113 0.7394 0.7812
142 0.0656 0.0584 0.8766 0.1254 0.8459 0.1861 0.4805 0.8309 0.6683 0.7976
143 0.0524 0.0479 0.8871 0.1018 0.8591 0.1629 0.4728 0.8482 0.6372 0.8181
144 0.0440 0.0424 0.8930 0.0880 0.8670 0.1796 0.4711 0.8458 0.6523 0.8177
145 0.0412 0.0371 0.8955 0.0799 0.8677 0.1801 0.4686 0.8459 0.6504 0.8196
146 0.0401 0.0378 0.8955 0.0795 0.8667 0.1650 0.4687 0.8525 0.6354 0.8234
147 0.0503 0.0462 0.8887 0.0980 0.8594 0.1667 0.4767 0.8379 0.6450 0.8077
148 0.0564 0.0531 0.8753 0.1109 0.8472 0.1731 0.4728 0.8487 0.6476 0.8173
149 0.0638 0.0578 0.8734 0.1231 0.8447 0.1641 0.4822 0.8419 0.6478 0.8115
