epoch train_BCELoss train_SoftDiceLoss train_iou train_loss train_mAP val_BCELoss val_SoftDiceLoss val_iou val_loss val_mAP
0 0.3457 0.3533 0.6173 0.6990 0.5563 0.4003 0.3510 0.6064 0.7512 0.5475
1 0.2501 0.2352 0.6951 0.4855 0.6362 0.3330 0.3335 0.6204 0.6667 0.5583
2 0.2073 0.1974 0.7180 0.4051 0.6622 0.2169 0.1666 0.7205 0.3840 0.6833
3 0.1799 0.1627 0.7516 0.3431 0.7023 0.1561 0.1654 0.7701 0.3223 0.7272
4 0.1669 0.1512 0.7698 0.3187 0.7230 0.1989 0.1512 0.7656 0.3508 0.7267
5 0.1404 0.1273 0.7920 0.2685 0.7479 0.1807 0.1271 0.7842 0.3085 0.7486
6 0.1205 0.1096 0.8112 0.2308 0.7674 0.1784 0.1304 0.7853 0.3097 0.7484
7 0.1243 0.1107 0.8113 0.2357 0.7685 0.2268 0.1777 0.7434 0.4051 0.6986
8 0.1261 0.1090 0.8135 0.2359 0.7715 0.1845 0.1430 0.7531 0.3281 0.7076
9 0.1089 0.0943 0.8294 0.2040 0.7898 0.1913 0.1357 0.7904 0.3268 0.7512
10 0.1012 0.0901 0.8305 0.1922 0.7915 0.2124 0.1397 0.7818 0.3528 0.7314
11 0.0873 0.0773 0.8472 0.1656 0.8095 0.2228 0.1212 0.8074 0.3451 0.7750
12 0.0837 0.0738 0.8463 0.1585 0.8083 0.2053 0.1503 0.7631 0.3554 0.7014
13 0.0771 0.0666 0.8521 0.1448 0.8158 0.1804 0.1244 0.7913 0.3059 0.7463
14 0.0713 0.0632 0.8607 0.1356 0.8254 0.2074 0.1276 0.7932 0.3360 0.7549
15 0.0703 0.0612 0.8623 0.1326 0.8286 0.2068 0.1224 0.7935 0.3300 0.7478
16 0.0764 0.0638 0.8564 0.1413 0.8217 0.1717 0.1297 0.7883 0.3026 0.7495
17 0.0677 0.0616 0.8603 0.1306 0.8275 0.2074 0.1229 0.7989 0.3315 0.7624
18 0.0606 0.0531 0.8730 0.1149 0.8397 0.1977 0.1123 0.7906 0.3111 0.7454
19 0.0547 0.0460 0.8747 0.1020 0.8439 0.2545 0.1627 0.7733 0.4184 0.7314
20 0.0676 0.0595 0.8681 0.1282 0.8332 0.1735 0.1375 0.7897 0.3123 0.7494
21 0.0634 0.0557 0.8707 0.1204 0.8376 0.2178 0.1053 0.8008 0.3233 0.7625
22 0.0619 0.0542 0.8663 0.1173 0.8340 0.2182 0.1168 0.8120 0.3362 0.7756
23 0.0571 0.0497 0.8730 0.1082 0.8438 0.2006 0.1040 0.8093 0.3057 0.7702
24 0.0487 0.0435 0.8874 0.0937 0.8569 0.2094 0.1327 0.7889 0.3432 0.7556
25 0.0610 0.0529 0.8710 0.1152 0.8393 0.1934 0.1039 0.8199 0.2986 0.7788
26 0.0600 0.0520 0.8674 0.1131 0.8346 0.2689 0.1245 0.7736 0.3935 0.7278
27 0.1801 0.1310 0.7831 0.3118 0.7381 2.9753 0.7898 0.0581 3.6631 0.0004
28 6.7840 0.9892 0.3940 7.7729 0.3920 6.5295 1.0000 0.4002 7.5288 0.4002
29 6.9422 1.0000 0.3988 7.9422 0.3988 6.5295 1.0000 0.4002 7.5288 0.4002
30 6.9422 1.0000 0.3988 7.9422 0.3988 6.5295 1.0000 0.4002 7.5288 0.4002
31 6.9422 1.0000 0.3988 7.9422 0.3988 6.5295 1.0000 0.4002 7.5288 0.4002
32 6.9422 1.0000 0.3988 7.9422 0.3988 6.5295 1.0000 0.4002 7.5288 0.4002
33 6.9422 1.0000 0.3988 7.9422 0.3988 6.5295 1.0000 0.4002 7.5288 0.4002
34 6.9422 1.0000 0.3988 7.9422 0.3988 6.5295 1.0000 0.4002 7.5288 0.4002
35 6.9422 1.0000 0.3988 7.9422 0.3988 6.5295 1.0000 0.4002 7.5288 0.4002
36 6.9422 1.0000 0.3988 7.9422 0.3988 6.5295 1.0000 0.4002 7.5288 0.4002
37 6.9422 1.0000 0.3988 7.9422 0.3988 6.5295 1.0000 0.4002 7.5288 0.4002
38 6.9422 1.0000 0.3988 7.9422 0.3988 6.5295 1.0000 0.4002 7.5288 0.4002
39 6.9422 1.0000 0.3988 7.9422 0.3988 6.5295 1.0000 0.4002 7.5288 0.4002
40 6.9422 1.0000 0.3988 7.9422 0.3988 6.5295 1.0000 0.4002 7.5288 0.4002
41 6.9422 1.0000 0.3988 7.9422 0.3988 6.5295 1.0000 0.4002 7.5288 0.4002
42 6.9422 1.0000 0.3988 7.9422 0.3988 6.5295 1.0000 0.4002 7.5288 0.4002
43 6.9422 1.0000 0.3988 7.9422 0.3988 6.5295 1.0000 0.4002 7.5288 0.4002
44 6.9422 1.0000 0.3988 7.9422 0.3988 6.5295 1.0000 0.4002 7.5288 0.4002
45 6.9422 1.0000 0.3988 7.9422 0.3988 6.5295 1.0000 0.4002 7.5288 0.4002
46 6.9422 1.0000 0.3988 7.9422 0.3988 6.5295 1.0000 0.4002 7.5288 0.4002
47 6.9422 1.0000 0.3988 7.9422 0.3988 6.5295 1.0000 0.4002 7.5288 0.4002
48 6.9422 1.0000 0.3988 7.9422 0.3988 6.5295 1.0000 0.4002 7.5288 0.4002
49 6.9422 1.0000 0.3988 7.9422 0.3988 6.5295 1.0000 0.4002 7.5288 0.4002
50 6.9422 1.0000 0.3988 7.9422 0.3988 6.5295 1.0000 0.4002 7.5288 0.4002
51 6.9422 1.0000 0.3988 7.9422 0.3988 6.5295 1.0000 0.4002 7.5288 0.4002
52 6.9422 1.0000 0.3988 7.9422 0.3988 6.5295 1.0000 0.4002 7.5288 0.4002
53 6.9422 1.0000 0.3988 7.9422 0.3988 6.5295 1.0000 0.4002 7.5288 0.4002
54 6.9422 1.0000 0.3988 7.9422 0.3988 6.5295 1.0000 0.4002 7.5288 0.4002
55 6.9422 1.0000 0.3988 7.9422 0.3988 6.5295 1.0000 0.4002 7.5288 0.4002
56 6.9422 1.0000 0.3988 7.9422 0.3988 6.5295 1.0000 0.4002 7.5288 0.4002
57 6.9422 1.0000 0.3988 7.9422 0.3988 6.5295 1.0000 0.4002 7.5288 0.4002
58 6.9422 1.0000 0.3988 7.9422 0.3988 6.5295 1.0000 0.4002 7.5288 0.4002
59 6.9422 1.0000 0.3988 7.9422 0.3988 6.5295 1.0000 0.4002 7.5288 0.4002
