epoch train_iou train_loss train_mAP val_iou val_mAP
0 0.5996 0.1569 0.5263 0.6611 0.5984
1 0.6989 0.1473 0.6359 0.7379 0.6797
2 0.7298 0.1611 0.6747 0.7805 0.7370
3 0.7653 0.1664 0.7116 0.7828 0.7431
4 0.7742 0.1729 0.7243 0.7953 0.7519
5 0.7913 0.1832 0.7410 0.8054 0.7631
6 0.7860 0.2106 0.7352 0.7996 0.7605
7 0.7842 0.2367 0.7363 0.8038 0.7597
8 0.7876 0.2518 0.7419 0.7857 0.7394
9 0.7783 0.2926 0.7309 0.7169 0.6266
10 0.7879 0.3039 0.7425 0.7784 0.7363
11 0.7973 0.3134 0.7553 0.7726 0.7285
12 0.8129 0.3020 0.7692 0.8204 0.7911
13 0.8265 0.2926 0.7861 0.8383 0.8081
14 0.8372 0.2887 0.7987 0.8406 0.8090
15 0.8387 0.2886 0.8001 0.8447 0.8127
16 0.8462 0.2944 0.8055 0.8370 0.8058
17 0.8351 0.3357 0.7951 0.8397 0.8046
18 0.8333 0.3633 0.7948 0.8264 0.7917
19 0.8186 0.4144 0.7782 0.8220 0.7924
20 0.8183 0.4298 0.7785 0.8146 0.7792
21 0.8338 0.4013 0.7946 0.8348 0.7963
22 0.8454 0.3946 0.8069 0.8469 0.8117
23 0.8503 0.3834 0.8119 0.8262 0.7948
24 0.8618 0.3628 0.8272 0.8579 0.8285
25 0.8691 0.3471 0.8349 0.8576 0.8294
26 0.8770 0.3486 0.8430 0.8625 0.8329
27 0.8692 0.3898 0.8324 0.8587 0.8325
28 0.8595 0.4239 0.8239 0.8410 0.8124
29 0.8497 0.4697 0.8128 0.8009 0.7590
30 0.8399 0.5140 0.8019 0.8239 0.7938
31 0.8426 0.5283 0.8071 0.8166 0.7851
32 0.8534 0.4999 0.8178 0.8477 0.8163
33 0.8659 0.4670 0.8300 0.8508 0.8207
34 0.8793 0.4118 0.8453 0.8612 0.8322
35 0.8819 0.4175 0.8453 0.8638 0.8337
36 0.8821 0.4272 0.8487 0.8599 0.8306
37 0.8845 0.4423 0.8506 0.8550 0.8222
38 0.8718 0.4864 0.8369 0.8211 0.7911
39 0.8670 0.5312 0.8309 0.8412 0.8083
40 0.8595 0.5696 0.8247 0.8364 0.8050
41 0.8671 0.5680 0.8319 0.8437 0.8162
42 0.8806 0.5080 0.8447 0.8548 0.8281
43 0.8854 0.5034 0.8515 0.8547 0.8268
44 0.8914 0.4706 0.8600 0.8579 0.8278
45 0.8950 0.4595 0.8653 0.8663 0.8376
46 0.8950 0.4626 0.8636 0.8583 0.8340
47 0.8917 0.4901 0.8587 0.8478 0.8165
48 0.8797 0.5488 0.8462 0.8584 0.8249
49 0.8765 0.5807 0.8442 0.8391 0.8076
50 0.8528 0.6972 0.8163 0.8421 0.8124
51 0.8787 0.6313 0.8451 0.8215 0.7940
52 0.8790 0.6061 0.8459 0.8539 0.8245
53 0.8909 0.5555 0.8564 0.8546 0.8292
54 0.8924 0.5435 0.8609 0.8615 0.8337
55 0.9032 0.5064 0.8732 0.8619 0.8344
56 0.9033 0.5165 0.8730 0.8625 0.8346
57 0.9020 0.5255 0.8693 0.8591 0.8322
58 0.8872 0.6061 0.8537 0.8437 0.8157
59 0.8769 0.6907 0.8437 0.8401 0.8118
60 0.8751 0.7580 0.8389 0.8210 0.7931
61 0.8738 0.7454 0.8387 0.8457 0.8179
62 0.8897 0.6610 0.8577 0.8478 0.8194
63 0.8955 0.6212 0.8649 0.8523 0.8233
64 0.9005 0.6023 0.8712 0.8542 0.8266
65 0.9042 0.5588 0.8731 0.8529 0.8261
66 0.8998 0.5906 0.8707 0.8538 0.8272
67 0.9011 0.6169 0.8702 0.8564 0.8315
68 0.8997 0.6384 0.8697 0.8535 0.8269
69 0.8909 0.7050 0.8599 0.8473 0.8175
70 0.8874 0.7402 0.8568 0.8463 0.8178
71 0.8859 0.7707 0.8515 0.8631 0.8321
72 0.8998 0.6724 0.8682 0.8600 0.8344
73 0.8979 0.6803 0.8690 0.8582 0.8333
74 0.9100 0.6158 0.8820 0.8618 0.8379
75 0.9086 0.6288 0.8823 0.8614 0.8373
76 0.9109 0.6076 0.8815 0.8629 0.8382
77 0.9093 0.6284 0.8826 0.8635 0.8357
78 0.9031 0.6934 0.8751 0.8595 0.8323
79 0.9000 0.7134 0.8712 0.8302 0.8046
80 0.8863 0.8690 0.8560 0.8507 0.8228
81 0.8958 0.7803 0.8649 0.8465 0.8166
82 0.9009 0.7608 0.8718 0.8538 0.8245
83 0.9022 0.7309 0.8740 0.8615 0.8331
84 0.9070 0.6791 0.8777 0.8632 0.8364
85 0.9124 0.6567 0.8845 0.8610 0.8359
86 0.9080 0.6771 0.8820 0.8646 0.8387
87 0.9132 0.6635 0.8867 0.8652 0.8385
88 0.8992 0.7941 0.8694 0.8512 0.8244
89 0.8929 0.8588 0.8640 0.8499 0.8171
90 0.8918 0.8778 0.8627 0.8396 0.8168
91 0.8976 0.8547 0.8697 0.8670 0.8377
92 0.9012 0.7993 0.8728 0.8656 0.8379
93 0.9044 0.7746 0.8757 0.8523 0.8239
94 0.9106 0.7240 0.8861 0.8669 0.8421
95 0.9109 0.7002 0.8841 0.8667 0.8427
96 0.9187 0.6928 0.8930 0.8654 0.8364
97 0.9118 0.7378 0.8846 0.8610 0.8313
98 0.9100 0.8019 0.8833 0.8486 0.8224
99 0.9005 0.8731 0.8719 0.8597 0.8335
100 0.9099 0.8056 0.8828 0.8551 0.8280
101 0.9084 0.7689 0.8831 0.8603 0.8362
102 0.9168 0.6920 0.8908 0.8609 0.8347
103 0.9216 0.6969 0.8963 0.8595 0.8349
104 0.9174 0.6963 0.8935 0.8616 0.8370
105 0.9205 0.6723 0.8962 0.8628 0.8397
106 0.9194 0.6906 0.8938 0.8599 0.8343
107 0.9186 0.6790 0.8949 0.8645 0.8374
108 0.9161 0.7183 0.8897 0.8519 0.8258
109 0.9185 0.6873 0.8956 0.8580 0.8325
110 0.9160 0.7361 0.8901 0.8608 0.8323
111 0.9124 0.7656 0.8859 0.8507 0.8264
112 0.9125 0.7487 0.8883 0.8607 0.8327
113 0.9240 0.6536 0.9011 0.8665 0.8410
114 0.9197 0.6778 0.8960 0.8633 0.8385
115 0.9225 0.6308 0.8990 0.8643 0.8394
116 0.9198 0.6774 0.8961 0.8681 0.8412
117 0.9237 0.6368 0.9009 0.8655 0.8376
118 0.9191 0.6720 0.8960 0.8643 0.8357
119 0.9223 0.6840 0.8977 0.8597 0.8350
120 0.9166 0.7093 0.8933 0.8664 0.8374
121 0.9190 0.6938 0.8938 0.8654 0.8406
122 0.9234 0.6508 0.9008 0.8632 0.8368
123 0.9224 0.6570 0.8984 0.8699 0.8440
124 0.9245 0.6195 0.9037 0.8684 0.8410
125 0.9302 0.6096 0.9092 0.8686 0.8421
126 0.9212 0.6526 0.8995 0.8686 0.8436
127 0.9251 0.6155 0.9054 0.8699 0.8433
128 0.9274 0.6173 0.9063 0.8660 0.8392
129 0.9238 0.6513 0.9018 0.8614 0.8387
130 0.9202 0.6868 0.8972 0.8570 0.8333
131 0.9218 0.6890 0.8973 0.8606 0.8356
132 0.9223 0.6562 0.8982 0.8699 0.8451
133 0.9235 0.6415 0.9004 0.8608 0.8361
134 0.9238 0.6227 0.9007 0.8659 0.8406
135 0.9246 0.6331 0.9028 0.8646 0.8388
136 0.9254 0.6210 0.9031 0.8670 0.8424
137 0.9239 0.6265 0.9023 0.8669 0.8423
138 0.9238 0.6256 0.9009 0.8677 0.8404
139 0.9221 0.6490 0.8989 0.8665 0.8397
140 0.9226 0.6570 0.9007 0.8554 0.8314
141 0.9159 0.6734 0.8923 0.8576 0.8335
142 0.9246 0.6358 0.9027 0.8605 0.8345
143 0.9318 0.5876 0.9113 0.8685 0.8434
144 0.9287 0.6099 0.9086 0.8687 0.8434
145 0.9294 0.5891 0.9070 0.8694 0.8447
146 0.9261 0.6138 0.9045 0.8705 0.8453
147 0.9248 0.6133 0.9034 0.8678 0.8413
148 0.9188 0.6364 0.8957 0.8664 0.8407
149 0.9274 0.6051 0.9072 0.8503 0.8236
150 0.9236 0.6554 0.9004 0.8515 0.8243
151 0.9248 0.6392 0.9025 0.8653 0.8400
152 0.9254 0.6337 0.9045 0.8650 0.8385
153 0.9274 0.6163 0.9057 0.8655 0.8399
154 0.9276 0.5837 0.9072 0.8670 0.8421
155 0.9279 0.5914 0.9080 0.8659 0.8413
156 0.9266 0.6059 0.9061 0.8635 0.8394
157 0.9278 0.5956 0.9064 0.8598 0.8333
158 0.9230 0.6427 0.9019 0.8601 0.8362
159 0.9288 0.6164 0.9059 0.8684 0.8436
160 0.9248 0.6028 0.9061 0.8682 0.8433
161 0.9296 0.5596 0.9097 0.8679 0.8430
162 0.9285 0.5652 0.9087 0.8676 0.8423
163 0.9281 0.5886 0.9075 0.8648 0.8394
164 0.9312 0.5721 0.9102 0.8657 0.8409
165 0.9274 0.5773 0.9066 0.8656 0.8403
166 0.9306 0.5656 0.9106 0.8638 0.8398
167 0.9275 0.5698 0.9085 0.8656 0.8417
168 0.9334 0.5549 0.9138 0.8654 0.8412
169 0.9310 0.5525 0.9133 0.8679 0.8428
170 0.9291 0.5611 0.9098 0.8719 0.8464
171 0.9343 0.5323 0.9149 0.8710 0.8457
172 0.9304 0.5492 0.9121 0.8710 0.8466
173 0.9374 0.5226 0.9189 0.8690 0.8462
174 0.9320 0.5458 0.9141 0.8689 0.8448
175 0.9322 0.5238 0.9145 0.8714 0.8465
176 0.9305 0.5611 0.9107 0.8690 0.8434
177 0.9289 0.5518 0.9098 0.8694 0.8442
178 0.9337 0.5287 0.9161 0.8669 0.8430
179 0.9335 0.5476 0.9149 0.8720 0.8475
180 0.9301 0.5590 0.9120 0.8692 0.8442
181 0.9264 0.5695 0.9064 0.8726 0.8470
182 0.9285 0.5684 0.9083 0.8683 0.8421
183 0.9346 0.5286 0.9162 0.8683 0.8434
184 0.9317 0.5417 0.9116 0.8715 0.8454
185 0.9328 0.5435 0.9137 0.8720 0.8466
186 0.9322 0.5300 0.9137 0.8724 0.8466
187 0.9308 0.5451 0.9112 0.8714 0.8439
188 0.9286 0.5450 0.9086 0.8693 0.8433
189 0.9297 0.5594 0.9098 0.8694 0.8453
190 0.9292 0.5610 0.9097 0.8705 0.8462
191 0.9343 0.5313 0.9150 0.8699 0.8452
192 0.9347 0.5344 0.9151 0.8703 0.8457
193 0.9298 0.5485 0.9107 0.8682 0.8450
194 0.9317 0.5174 0.9148 0.8707 0.8458
195 0.9330 0.5356 0.9138 0.8719 0.8462
196 0.9328 0.5285 0.9148 0.8712 0.8468
197 0.9349 0.5149 0.9174 0.8726 0.8484
198 0.9309 0.5534 0.9115 0.8734 0.8494
199 0.9337 0.5306 0.9160 0.8706 0.8483
