epoch train_iou train_loss train_mAP val_iou val_loss val_mAP
0 0.6342 1.1178 0.5667 0.6950 0.9299 0.6448
1 0.7516 0.7968 0.6926 0.7315 0.8441 0.6554
2 0.7732 0.7082 0.7188 0.7668 0.7073 0.7231
3 0.7897 0.6491 0.7393 0.7733 0.6698 0.7270
4 0.7985 0.6124 0.7473 0.7927 0.6132 0.7525
5 0.8092 0.5749 0.7618 0.7931 0.6077 0.7514
6 0.8079 0.5754 0.7594 0.7888 0.6049 0.7397
7 0.8115 0.5742 0.7639 0.7983 0.6246 0.7561
8 0.8011 0.5973 0.7524 0.7888 0.6150 0.7362
9 0.8011 0.5995 0.7522 0.8021 0.5947 0.7570
10 0.8128 0.5671 0.7643 0.8012 0.6251 0.7558
11 0.8210 0.5483 0.7740 0.8051 0.5846 0.7536
12 0.8364 0.4900 0.7876 0.8094 0.5605 0.7673
13 0.8347 0.4639 0.7872 0.8198 0.5237 0.7773
14 0.8497 0.4295 0.8045 0.8299 0.5097 0.7847
15 0.8532 0.4106 0.8084 0.8318 0.5071 0.7886
16 0.8493 0.4283 0.8039 0.8254 0.5302 0.7839
17 0.8489 0.4324 0.8047 0.8310 0.5024 0.7897
18 0.8445 0.4484 0.7961 0.8236 0.5106 0.7794
19 0.8399 0.4737 0.7939 0.7955 0.6241 0.7387
20 0.8428 0.4724 0.7965 0.8094 0.6198 0.7748
21 0.8490 0.4397 0.8029 0.8266 0.5181 0.7788
22 0.8480 0.4285 0.8030 0.8317 0.5363 0.7855
23 0.8632 0.3805 0.8199 0.8349 0.5500 0.7904
24 0.8640 0.3692 0.8206 0.8392 0.5159 0.7968
25 0.8705 0.3466 0.8261 0.8376 0.5127 0.7970
26 0.8702 0.3509 0.8266 0.8351 0.5103 0.7911
27 0.8670 0.3604 0.8214 0.8405 0.5631 0.7970
28 0.8588 0.3860 0.8134 0.8462 0.5147 0.8082
29 0.8620 0.3956 0.8160 0.8355 0.5113 0.7952
30 0.8581 0.4131 0.8136 0.8188 0.5600 0.7685
31 0.8569 0.4053 0.8117 0.8283 0.5589 0.7833
32 0.8671 0.3536 0.8220 0.8237 0.6236 0.7844
33 0.8733 0.3415 0.8321 0.8448 0.5506 0.8063
34 0.8796 0.3013 0.8372 0.8480 0.5340 0.8084
35 0.8811 0.3040 0.8392 0.8498 0.5313 0.8102
36 0.8806 0.2977 0.8368 0.8422 0.5427 0.8005
37 0.8782 0.3004 0.8361 0.8280 0.5926 0.7867
38 0.8737 0.3414 0.8304 0.8425 0.4721 0.7992
39 0.8765 0.3369 0.8330 0.8254 0.6111 0.7787
40 0.8630 0.3738 0.8203 0.8464 0.5332 0.8109
41 0.8690 0.3555 0.8256 0.8354 0.6070 0.7989
42 0.8741 0.3470 0.8318 0.8346 0.5509 0.7897
43 0.8747 0.3215 0.8318 0.8283 0.5488 0.7805
44 0.8846 0.2898 0.8429 0.8417 0.5323 0.8002
45 0.8875 0.2951 0.8468 0.8430 0.5211 0.7974
46 0.8870 0.2753 0.8454 0.8481 0.5066 0.8053
47 0.8800 0.2966 0.8383 0.8342 0.5298 0.7876
48 0.8792 0.2993 0.8380 0.8415 0.5712 0.7981
49 0.8749 0.3258 0.8305 0.8366 0.5811 0.8002
50 0.8738 0.3243 0.8312 0.8343 0.5406 0.7905
51 0.8738 0.3206 0.8304 0.8304 0.5332 0.7817
52 0.8859 0.2947 0.8454 0.8405 0.5515 0.7989
53 0.8829 0.2750 0.8405 0.8438 0.5766 0.8022
54 0.8938 0.2509 0.8526 0.8471 0.5760 0.8072
55 0.8970 0.2415 0.8593 0.8489 0.5738 0.8077
56 0.8964 0.2475 0.8576 0.8458 0.5800 0.8079
57 0.8975 0.2540 0.8577 0.8416 0.5949 0.8008
58 0.8916 0.2640 0.8527 0.8484 0.5095 0.8065
59 0.8846 0.2928 0.8437 0.8389 0.5978 0.8011
60 0.8653 0.3579 0.8185 0.8310 0.5622 0.7889
61 0.8805 0.3160 0.8377 0.8287 0.6655 0.7889
62 0.8863 0.2851 0.8426 0.8437 0.5535 0.8024
63 0.8935 0.2573 0.8544 0.8484 0.5400 0.8088
64 0.8938 0.2445 0.8521 0.8472 0.5703 0.8076
65 0.8986 0.2293 0.8565 0.8487 0.5618 0.8093
66 0.8978 0.2319 0.8585 0.8463 0.5728 0.8055
67 0.8961 0.2432 0.8545 0.8469 0.5467 0.8037
68 0.8943 0.2527 0.8534 0.8404 0.6096 0.7995
69 0.8937 0.2603 0.8502 0.8550 0.5484 0.8191
70 0.8743 0.3222 0.8311 0.8261 0.6015 0.7894
71 0.8836 0.2854 0.8402 0.8319 0.5484 0.7925
72 0.8873 0.2794 0.8479 0.8483 0.5339 0.8079
73 0.8938 0.2481 0.8531 0.8463 0.5572 0.8070
74 0.8943 0.2402 0.8544 0.8506 0.5229 0.8100
75 0.8965 0.2296 0.8549 0.8506 0.5211 0.8125
76 0.8975 0.2260 0.8597 0.8534 0.5597 0.8141
77 0.8965 0.2386 0.8571 0.8510 0.5236 0.8095
78 0.8950 0.2449 0.8553 0.8500 0.5634 0.8031
79 0.8866 0.2661 0.8426 0.8399 0.6429 0.8043
80 0.8881 0.2736 0.8460 0.8264 0.6280 0.7841
81 0.8874 0.2841 0.8462 0.8276 0.5841 0.7826
82 0.8875 0.2747 0.8468 0.8589 0.5099 0.8204
83 0.8939 0.2485 0.8532 0.8549 0.5301 0.8129
84 0.9004 0.2250 0.8623 0.8574 0.5244 0.8172
85 0.8949 0.2267 0.8567 0.8610 0.4957 0.8215
86 0.8991 0.2137 0.8600 0.8591 0.5095 0.8185
87 0.9011 0.2125 0.8605 0.8560 0.6213 0.8175
88 0.8965 0.2335 0.8575 0.8476 0.6196 0.8060
89 0.8977 0.2334 0.8588 0.8488 0.5031 0.8054
90 0.9004 0.2375 0.8602 0.8363 0.5504 0.7864
91 0.8988 0.2266 0.8607 0.8377 0.5889 0.8005
92 0.9015 0.2246 0.8603 0.8487 0.5269 0.8077
93 0.9084 0.2035 0.8695 0.8487 0.5764 0.8106
94 0.9006 0.2061 0.8621 0.8473 0.5858 0.8090
95 0.9018 0.2004 0.8635 0.8467 0.5856 0.8070
96 0.9044 0.2029 0.8658 0.8477 0.5405 0.8079
97 0.9036 0.2116 0.8651 0.8523 0.5889 0.8166
98 0.9040 0.2191 0.8642 0.8487 0.5409 0.8081
99 0.8968 0.2418 0.8568 0.8276 0.6136 0.7843
100 0.9032 0.2167 0.8626 0.8438 0.6081 0.8047
101 0.9057 0.2033 0.8682 0.8460 0.6443 0.8044
102 0.9044 0.2066 0.8658 0.8440 0.6092 0.8050
103 0.9086 0.1884 0.8711 0.8423 0.6396 0.8025
104 0.9129 0.1823 0.8766 0.8504 0.6487 0.8102
105 0.9075 0.1859 0.8690 0.8523 0.6489 0.8113
106 0.9091 0.1841 0.8715 0.8541 0.6473 0.8144
107 0.9104 0.1830 0.8720 0.8514 0.6328 0.8095
108 0.9108 0.1786 0.8730 0.8489 0.6290 0.8085
109 0.9078 0.1937 0.8677 0.8447 0.6865 0.8148
110 0.9090 0.1913 0.8706 0.8461 0.6284 0.8055
111 0.9107 0.1843 0.8735 0.8421 0.6211 0.7987
112 0.9074 0.1838 0.8718 0.8463 0.6627 0.8038
113 0.9115 0.1750 0.8746 0.8490 0.6762 0.8095
114 0.9131 0.1700 0.8762 0.8523 0.6730 0.8139
115 0.9114 0.1726 0.8732 0.8513 0.7040 0.8130
116 0.9156 0.1673 0.8790 0.8516 0.6745 0.8125
117 0.9123 0.1673 0.8735 0.8474 0.7015 0.8055
118 0.9093 0.1843 0.8718 0.8517 0.6593 0.8106
119 0.9139 0.1744 0.8777 0.8457 0.7042 0.8029
120 0.9139 0.1863 0.8763 0.8463 0.6003 0.8105
121 0.9112 0.1772 0.8740 0.8474 0.7283 0.8108
122 0.9106 0.1811 0.8732 0.8513 0.6484 0.8089
123 0.9111 0.1755 0.8754 0.8503 0.7483 0.8133
124 0.9174 0.1618 0.8823 0.8527 0.7278 0.8143
125 0.9138 0.1639 0.8760 0.8503 0.7297 0.8111
126 0.9141 0.1631 0.8776 0.8524 0.7051 0.8115
127 0.9148 0.1647 0.8772 0.8541 0.6764 0.8157
128 0.9160 0.1620 0.8792 0.8481 0.6751 0.8101
129 0.9150 0.1673 0.8779 0.8534 0.7377 0.8157
130 0.9092 0.1801 0.8703 0.8557 0.6667 0.8175
131 0.9116 0.1744 0.8749 0.8489 0.7289 0.8061
132 0.9096 0.1729 0.8720 0.8477 0.7700 0.8069
133 0.9106 0.1769 0.8730 0.8520 0.6273 0.8135
134 0.9166 0.1567 0.8804 0.8485 0.6781 0.8089
135 0.9164 0.1506 0.8794 0.8511 0.6591 0.8132
136 0.9146 0.1566 0.8775 0.8503 0.7504 0.8121
137 0.9163 0.1553 0.8807 0.8487 0.7368 0.8115
138 0.9148 0.1609 0.8797 0.8518 0.7799 0.8133
139 0.9147 0.1676 0.8768 0.8443 0.7488 0.8016
140 0.9094 0.1882 0.8714 0.8541 0.6852 0.8168
141 0.9120 0.1776 0.8747 0.8477 0.6907 0.8077
142 0.9120 0.1661 0.8745 0.8438 0.7491 0.8014
143 0.9133 0.1660 0.8756 0.8464 0.6220 0.8067
144 0.9183 0.1555 0.8806 0.8481 0.6336 0.8069
145 0.9164 0.1531 0.8796 0.8486 0.6466 0.8088
146 0.9183 0.1489 0.8830 0.8470 0.6761 0.8087
147 0.9138 0.1584 0.8765 0.8464 0.6276 0.8067
148 0.9161 0.1619 0.8807 0.8491 0.6663 0.8112
149 0.9147 0.1704 0.8780 0.8436 0.6120 0.8076
150 0.9102 0.1763 0.8710 0.8495 0.6473 0.8095
151 0.9172 0.1642 0.8820 0.8472 0.6446 0.8069
152 0.9145 0.1614 0.8792 0.8508 0.6806 0.8118
153 0.9180 0.1507 0.8826 0.8494 0.7273 0.8056
154 0.9206 0.1471 0.8845 0.8560 0.6756 0.8200
155 0.9211 0.1457 0.8873 0.8546 0.6670 0.8147
156 0.9171 0.1491 0.8816 0.8533 0.6582 0.8141
157 0.9157 0.1537 0.8793 0.8553 0.6925 0.8163
158 0.9176 0.1534 0.8821 0.8571 0.7292 0.8200
159 0.9182 0.1525 0.8828 0.8533 0.7091 0.8160
160 0.9196 0.1481 0.8844 0.8510 0.7363 0.8136
161 0.9189 0.1457 0.8830 0.8566 0.7284 0.8181
162 0.9228 0.1403 0.8875 0.8499 0.7337 0.8113
163 0.9193 0.1468 0.8827 0.8504 0.7178 0.8127
164 0.9202 0.1391 0.8845 0.8531 0.7081 0.8151
165 0.9243 0.1365 0.8907 0.8529 0.7272 0.8142
166 0.9205 0.1401 0.8828 0.8480 0.7143 0.8081
167 0.9209 0.1388 0.8861 0.8506 0.7096 0.8113
168 0.9208 0.1386 0.8856 0.8515 0.7226 0.8136
169 0.9214 0.1390 0.8859 0.8493 0.7160 0.8095
170 0.9199 0.1410 0.8851 0.8493 0.7001 0.8102
171 0.9208 0.1380 0.8872 0.8548 0.7279 0.8159
172 0.9221 0.1343 0.8869 0.8509 0.7143 0.8155
173 0.9185 0.1400 0.8826 0.8519 0.7146 0.8130
174 0.9220 0.1390 0.8866 0.8532 0.7180 0.8142
175 0.9230 0.1341 0.8887 0.8524 0.7124 0.8135
176 0.9230 0.1335 0.8887 0.8559 0.7176 0.8166
177 0.9211 0.1385 0.8846 0.8524 0.7331 0.8147
178 0.9214 0.1378 0.8855 0.8558 0.7140 0.8156
179 0.9244 0.1374 0.8919 0.8549 0.6943 0.8159
180 0.9198 0.1392 0.8864 0.8568 0.7158 0.8156
181 0.9231 0.1371 0.8888 0.8541 0.6797 0.8149
182 0.9204 0.1339 0.8853 0.8553 0.7215 0.8179
183 0.9232 0.1320 0.8889 0.8555 0.7368 0.8173
184 0.9221 0.1345 0.8869 0.8547 0.7529 0.8174
185 0.9223 0.1370 0.8882 0.8503 0.7092 0.8118
186 0.9208 0.1334 0.8854 0.8542 0.7429 0.8156
187 0.9233 0.1314 0.8885 0.8569 0.7201 0.8184
188 0.9219 0.1326 0.8879 0.8529 0.7294 0.8143
189 0.9217 0.1373 0.8860 0.8528 0.6969 0.8123
190 0.9230 0.1314 0.8878 0.8546 0.7343 0.8165
191 0.9228 0.1324 0.8884 0.8527 0.7532 0.8136
192 0.9242 0.1333 0.8909 0.8532 0.7835 0.8172
193 0.9205 0.1335 0.8868 0.8526 0.7341 0.8126
194 0.9219 0.1342 0.8878 0.8506 0.7322 0.8099
195 0.9224 0.1290 0.8869 0.8520 0.7427 0.8111
196 0.9276 0.1243 0.8942 0.8525 0.7433 0.8132
197 0.9181 0.1392 0.8827 0.8517 0.7553 0.8120
198 0.9263 0.1227 0.8921 0.8560 0.7469 0.8161
199 0.9210 0.1330 0.8856 0.8512 0.7533 0.8143
