epoch train_BCELoss train_SoftDiceLoss train_iou train_loss train_mAP val_BCELoss val_SoftDiceLoss val_iou val_loss val_mAP
0 0.2965 0.2831 0.6348 0.5797 0.5663 0.5040 0.5923 0.6376 1.0967 0.5538
1 0.2061 0.1888 0.7166 0.3954 0.6598 0.2126 0.5473 0.6625 0.7604 0.6054
2 0.1846 0.1684 0.7409 0.3536 0.6843 0.2608 0.5401 0.7576 0.8017 0.7103
3 0.1425 0.1307 0.7826 0.2740 0.7344 0.1920 0.5212 0.7845 0.7141 0.7398
4 0.1091 0.1039 0.8095 0.2139 0.7638 0.2151 0.5059 0.7944 0.7221 0.7448
5 0.0914 0.0855 0.8283 0.1779 0.7867 0.2063 0.5061 0.7995 0.7135 0.7554
6 0.0906 0.0853 0.8298 0.1769 0.7872 0.2533 0.5020 0.7988 0.7564 0.7536
7 0.0924 0.0817 0.8263 0.1751 0.7829 0.2273 0.5215 0.7907 0.7498 0.7483
8 0.1201 0.1059 0.8019 0.2270 0.7553 0.2743 0.5118 0.7867 0.7873 0.7450
9 0.1273 0.1141 0.7985 0.2424 0.7514 0.2811 0.5067 0.7753 0.7887 0.7292
10 0.1392 0.1219 0.7971 0.2621 0.7480 0.3272 0.5174 0.7803 0.8458 0.7434
11 0.1037 0.0864 0.8248 0.1912 0.7844 0.2458 0.5192 0.7955 0.7662 0.7558
12 0.0858 0.0776 0.8449 0.1646 0.8093 0.2035 0.4909 0.8056 0.6958 0.7661
13 0.0624 0.0577 0.8628 0.1214 0.8278 0.2720 0.4884 0.8091 0.7618 0.7740
14 0.0578 0.0530 0.8708 0.1122 0.8398 0.2592 0.4794 0.8098 0.7400 0.7766
15 0.0479 0.0470 0.8786 0.0963 0.8493 0.2548 0.4810 0.8106 0.7372 0.7772
16 0.0462 0.0430 0.8780 0.0907 0.8474 0.2880 0.4819 0.8048 0.7714 0.7681
17 0.0467 0.0430 0.8793 0.0911 0.8493 0.2386 0.4817 0.8084 0.7217 0.7690
18 0.0501 0.0460 0.8747 0.0976 0.8436 0.3347 0.5079 0.7958 0.8440 0.7528
19 0.0864 0.0772 0.8422 0.1649 0.8031 0.2442 0.5168 0.7636 0.7621 0.7179
20 0.1100 0.0954 0.8189 0.2066 0.7757 0.3521 0.5313 0.7654 0.8847 0.7251
21 0.1079 0.0943 0.8266 0.2035 0.7839 0.2455 0.5145 0.7789 0.7613 0.7409
22 0.0825 0.0733 0.8523 0.1572 0.8165 0.2847 0.4809 0.8090 0.7672 0.7713
23 0.0538 0.0472 0.8743 0.1026 0.8443 0.2355 0.4737 0.8208 0.7107 0.7863
24 0.0437 0.0405 0.8868 0.0857 0.8598 0.2489 0.4702 0.8328 0.7207 0.8001
25 0.0391 0.0365 0.8936 0.0772 0.8662 0.2409 0.4692 0.8325 0.7117 0.7989
26 0.0381 0.0355 0.8908 0.0753 0.8641 0.2603 0.4700 0.8312 0.7320 0.7969
27 0.0382 0.0355 0.8908 0.0753 0.8642 0.2781 0.4712 0.8221 0.7510 0.7847
28 0.0459 0.0421 0.8845 0.0896 0.8557 0.2263 0.4700 0.8269 0.6979 0.7903
29 0.0945 0.0809 0.8376 0.1768 0.7996 0.1995 0.5356 0.7805 0.7364 0.7418
30 0.1130 0.0979 0.8205 0.2123 0.7821 0.2363 0.4928 0.7923 0.7307 0.7547
31 0.0896 0.0811 0.8379 0.1721 0.8005 0.2104 0.5029 0.8086 0.7149 0.7742
32 0.0652 0.0575 0.8612 0.1242 0.8301 0.2396 0.4746 0.8156 0.7159 0.7797
33 0.0495 0.0449 0.8829 0.0960 0.8550 0.2360 0.4825 0.8183 0.7202 0.7877
34 0.0417 0.0384 0.8901 0.0818 0.8652 0.2661 0.4777 0.8293 0.7456 0.7976
35 0.0371 0.0362 0.8966 0.0749 0.8720 0.2589 0.4752 0.8287 0.7359 0.7958
36 0.0364 0.0342 0.8945 0.0723 0.8705 0.2621 0.4788 0.8302 0.7426 0.7993
37 0.0368 0.0342 0.8986 0.0728 0.8736 0.2764 0.4754 0.8203 0.7534 0.7895
38 0.0357 0.0341 0.8963 0.0716 0.8711 0.3002 0.4726 0.8257 0.7746 0.7940
39 0.0373 0.0336 0.8886 0.0726 0.8639 0.2589 0.4816 0.8141 0.7419 0.7828
40 0.0463 0.0404 0.8849 0.0884 0.8568 0.2766 0.4989 0.7712 0.7771 0.7311
41 0.0665 0.0579 0.8687 0.1259 0.8363 0.3311 0.4855 0.8144 0.8183 0.7760
42 0.0547 0.0476 0.8818 0.1039 0.8514 0.2882 0.4939 0.8243 0.7837 0.7925
43 0.0361 0.0336 0.8972 0.0714 0.8727 0.2644 0.4706 0.8247 0.7367 0.7901
44 0.0317 0.0298 0.9053 0.0632 0.8842 0.2772 0.4677 0.8296 0.7467 0.7963
45 0.0296 0.0280 0.9081 0.0594 0.8868 0.2842 0.4682 0.8289 0.7542 0.7966
46 0.0300 0.0283 0.9070 0.0601 0.8847 0.2990 0.4671 0.8337 0.7679 0.7977
47 0.0321 0.0295 0.9031 0.0634 0.8795 0.3204 0.4683 0.8353 0.7906 0.8022
48 0.0327 0.0311 0.9031 0.0656 0.8792 0.3623 0.4960 0.8138 0.8600 0.7802
49 0.0480 0.0425 0.8824 0.0921 0.8535 0.2982 0.4949 0.7948 0.7945 0.7546
50 0.0821 0.0699 0.8541 0.1537 0.8199 0.2604 0.4955 0.7927 0.7578 0.7525
51 0.0833 0.0721 0.8507 0.1570 0.8170 0.2644 0.4915 0.8105 0.7576 0.7797
52 0.0522 0.0475 0.8800 0.1015 0.8512 0.2763 0.4819 0.8254 0.7600 0.7930
53 0.0393 0.0354 0.8979 0.0765 0.8733 0.2779 0.4809 0.8094 0.7606 0.7782
54 0.0331 0.0310 0.9016 0.0660 0.8795 0.2815 0.4730 0.8230 0.7563 0.7941
55 0.0288 0.0288 0.9121 0.0594 0.8890 0.2806 0.4731 0.8264 0.7555 0.7946
56 0.0296 0.0278 0.9110 0.0593 0.8904 0.2769 0.4767 0.8276 0.7554 0.7966
57 0.0307 0.0291 0.9078 0.0616 0.8857 0.3045 0.4792 0.8225 0.7856 0.7912
58 0.0295 0.0271 0.9104 0.0584 0.8890 0.3553 0.4802 0.8160 0.8374 0.7835
59 0.0321 0.0295 0.9040 0.0634 0.8817 0.2899 0.4814 0.8171 0.7730 0.7788
60 0.0354 0.0325 0.8981 0.0697 0.8726 0.2984 0.4740 0.8096 0.7741 0.7779
61 0.0377 0.0344 0.8964 0.0739 0.8703 0.3402 0.4759 0.8054 0.8176 0.7679
62 0.0424 0.0376 0.9005 0.0818 0.8741 0.2549 0.4803 0.8146 0.7371 0.7750
63 0.0342 0.0330 0.9044 0.0691 0.8807 0.3709 0.5236 0.8040 0.8961 0.7722
64 0.0291 0.0287 0.9099 0.0598 0.8897 0.2893 0.4726 0.8318 0.7638 0.7999
65 0.0248 0.0243 0.9197 0.0511 0.9011 0.2935 0.4721 0.8299 0.7674 0.7988
66 0.0246 0.0235 0.9178 0.0502 0.8983 0.3033 0.4750 0.8241 0.7802 0.7904
67 0.0244 0.0232 0.9213 0.0496 0.9013 0.3009 0.4686 0.8337 0.7713 0.8012
68 0.0240 0.0229 0.9211 0.0489 0.9016 0.3719 0.4858 0.8299 0.8594 0.7984
69 0.0259 0.0244 0.9165 0.0522 0.8957 0.3397 0.4802 0.8205 0.8216 0.7870
70 0.0273 0.0260 0.9142 0.0552 0.8925 0.3275 0.4811 0.8242 0.8102 0.7881
71 0.0263 0.0254 0.9125 0.0537 0.8906 0.4115 0.4710 0.8237 0.8845 0.7942
72 0.0252 0.0238 0.9202 0.0510 0.9009 0.4927 0.5013 0.7773 0.9956 0.7367
73 0.0288 0.0275 0.9118 0.0583 0.8920 0.3978 0.4760 0.8199 0.8757 0.7942
74 0.0209 0.0204 0.9259 0.0434 0.9099 0.3714 0.4726 0.8314 0.8460 0.8028
75 0.0195 0.0191 0.9282 0.0408 0.9118 0.3738 0.4716 0.8323 0.8475 0.8032
76 0.0195 0.0196 0.9276 0.0413 0.9125 0.3805 0.4786 0.8298 0.8610 0.8010
77 0.0194 0.0193 0.9286 0.0408 0.9125 0.3862 0.4773 0.8220 0.8654 0.7893
78 0.0201 0.0194 0.9261 0.0415 0.9100 0.3839 0.4713 0.8240 0.8571 0.7923
79 0.0526 0.0433 0.8960 0.0978 0.8730 0.2438 0.5249 0.6014 0.7698 0.5393
80 0.1155 0.0966 0.8203 0.2136 0.7799 0.3229 0.5539 0.7647 0.8780 0.7214
81 0.0802 0.0656 0.8574 0.1476 0.8248 0.2573 0.5034 0.8039 0.7625 0.7703
82 0.0479 0.0432 0.8884 0.0929 0.8612 0.2423 0.4942 0.8118 0.7382 0.7788
83 0.0403 0.0368 0.8988 0.0791 0.8763 0.2589 0.4871 0.8236 0.7479 0.7903
84 0.0285 0.0272 0.9159 0.0577 0.8947 0.3003 0.4731 0.8218 0.7753 0.7910
85 0.0283 0.0255 0.9187 0.0559 0.8977 0.2985 0.4755 0.8241 0.7760 0.7924
86 0.0260 0.0253 0.9201 0.0533 0.9014 0.2420 0.4783 0.8249 0.7223 0.7913
87 0.0235 0.0231 0.9205 0.0487 0.9014 0.3127 0.4710 0.8215 0.7857 0.7898
88 0.0228 0.0224 0.9212 0.0473 0.9023 0.3341 0.4847 0.8231 0.8208 0.7930
89 0.0271 0.0243 0.9129 0.0534 0.8937 0.2871 0.4797 0.8179 0.7686 0.7832
90 0.0253 0.0237 0.9196 0.0511 0.8991 0.2947 0.4707 0.8187 0.7672 0.7858
91 0.0242 0.0233 0.9192 0.0495 0.9000 0.3009 0.4709 0.8200 0.7737 0.7895
92 0.0226 0.0218 0.9212 0.0465 0.9040 0.3228 0.4658 0.8243 0.7906 0.7912
93 0.0192 0.0190 0.9321 0.0404 0.9158 0.3173 0.4712 0.8339 0.7905 0.8038
94 0.0178 0.0179 0.9330 0.0380 0.9191 0.3381 0.4672 0.8308 0.8074 0.7988
95 0.0165 0.0168 0.9368 0.0357 0.9241 0.3401 0.4652 0.8317 0.8074 0.8004
96 0.0167 0.0168 0.9363 0.0359 0.9232 0.3389 0.4650 0.8306 0.8060 0.8000
97 0.0177 0.0173 0.9329 0.0372 0.9184 0.3443 0.4667 0.8302 0.8131 0.8004
98 0.0177 0.0175 0.9293 0.0375 0.9151 0.3409 0.4708 0.8354 0.8137 0.8016
99 0.0188 0.0186 0.9300 0.0396 0.9140 0.3200 0.4677 0.8320 0.7897 0.7999
100 0.0280 0.0255 0.9121 0.0555 0.8902 0.3526 0.5148 0.7949 0.8689 0.7651
101 0.0799 0.0650 0.8617 0.1466 0.8306 0.2973 0.5408 0.7533 0.8393 0.7105
102 0.0540 0.0493 0.8807 0.1052 0.8530 0.2809 0.4936 0.8203 0.7763 0.7887
103 0.0302 0.0287 0.9164 0.0610 0.8955 0.3397 0.4857 0.8140 0.8274 0.7806
104 0.0256 0.0243 0.9212 0.0521 0.9043 0.2547 0.4874 0.8259 0.7441 0.7930
105 0.0206 0.0214 0.9313 0.0442 0.9148 0.2661 0.4725 0.8278 0.7407 0.7954
106 0.0200 0.0200 0.9286 0.0422 0.9135 0.2812 0.4775 0.8261 0.7609 0.7931
107 0.0193 0.0192 0.9313 0.0407 0.9151 0.3079 0.4667 0.8282 0.7766 0.7968
108 0.0210 0.0204 0.9234 0.0436 0.9076 0.3567 0.4789 0.8077 0.8375 0.7706
109 0.0323 0.0298 0.9066 0.0641 0.8839 0.3385 0.4820 0.8128 0.8223 0.7835
110 0.0578 0.0492 0.8804 0.1088 0.8509 0.3034 0.5145 0.7677 0.8194 0.7204
111 0.0602 0.0533 0.8702 0.1153 0.8409 0.2664 0.4837 0.8053 0.7520 0.7687
112 0.0345 0.0315 0.9098 0.0681 0.8877 0.2627 0.4739 0.8229 0.7386 0.7876
113 0.0218 0.0214 0.9219 0.0454 0.9044 0.2455 0.4777 0.8315 0.7250 0.7975
114 0.0191 0.0192 0.9295 0.0407 0.9137 0.2583 0.4764 0.8337 0.7366 0.8016
115 0.0181 0.0177 0.9330 0.0382 0.9181 0.2666 0.4728 0.8279 0.7413 0.7944
116 0.0173 0.0171 0.9346 0.0368 0.9197 0.2719 0.4748 0.8302 0.7486 0.7981
117 0.0173 0.0172 0.9356 0.0369 0.9214 0.3408 0.4733 0.8311 0.8161 0.7939
118 0.0262 0.0243 0.9173 0.0527 0.8985 0.3099 0.4841 0.8281 0.7960 0.7906
119 0.0363 0.0324 0.9061 0.0709 0.8849 0.3858 0.5122 0.8029 0.8997 0.7690
120 0.0467 0.0425 0.8787 0.0911 0.8525 0.2759 0.4856 0.8048 0.7631 0.7663
121 0.0405 0.0386 0.8989 0.0811 0.8744 0.3215 0.4755 0.8263 0.7987 0.7886
122 0.0235 0.0221 0.9214 0.0477 0.9037 0.3017 0.4671 0.8295 0.7708 0.8006
123 0.0188 0.0182 0.9289 0.0393 0.9143 0.2912 0.4612 0.8357 0.7544 0.8032
124 0.0170 0.0166 0.9353 0.0361 0.9209 0.3036 0.4591 0.8364 0.7647 0.8049
125 0.0160 0.0165 0.9374 0.0349 0.9242 0.2874 0.4612 0.8373 0.7505 0.8055
126 0.0159 0.0164 0.9358 0.0348 0.9232 0.2956 0.4605 0.8400 0.7581 0.8076
127 0.0158 0.0156 0.9362 0.0339 0.9233 0.3093 0.4613 0.8301 0.7725 0.7966
128 0.0163 0.0165 0.9354 0.0353 0.9215 0.3271 0.4695 0.8279 0.7985 0.7998
129 0.0164 0.0162 0.9358 0.0350 0.9209 0.3319 0.4641 0.8284 0.7979 0.7983
130 0.0169 0.0169 0.9320 0.0362 0.9166 0.3410 0.4717 0.8297 0.8145 0.7995
131 0.0163 0.0161 0.9346 0.0348 0.9209 0.3233 0.4653 0.8334 0.7906 0.8007
132 0.0148 0.0152 0.9393 0.0325 0.9259 0.3271 0.4621 0.8375 0.7911 0.8070
133 0.0137 0.0142 0.9431 0.0304 0.9313 0.3413 0.4647 0.8329 0.8080 0.8001
134 0.0126 0.0133 0.9465 0.0287 0.9347 0.3628 0.4682 0.8354 0.8331 0.8042
135 0.0123 0.0131 0.9486 0.0281 0.9382 0.3539 0.4687 0.8359 0.8247 0.8048
136 0.0120 0.0128 0.9478 0.0275 0.9368 0.3684 0.4657 0.8345 0.8361 0.8038
137 0.0124 0.0131 0.9481 0.0282 0.9381 0.3551 0.4666 0.8310 0.8237 0.8006
138 0.0130 0.0137 0.9442 0.0294 0.9332 0.3733 0.4642 0.8248 0.8395 0.7930
139 0.0146 0.0150 0.9391 0.0322 0.9252 0.3660 0.4597 0.8340 0.8276 0.8010
140 0.0183 0.0186 0.9297 0.0393 0.9138 0.5539 0.5319 0.7683 1.0875 0.7322
141 0.0741 0.0642 0.8656 0.1402 0.8326 0.5253 0.5666 0.6891 1.0936 0.6323
142 0.0480 0.0426 0.8887 0.0926 0.8626 0.3193 0.4843 0.7969 0.8054 0.7625
143 0.0275 0.0269 0.9182 0.0566 0.8988 0.2705 0.4625 0.8252 0.7350 0.7928
144 0.0183 0.0187 0.9319 0.0395 0.9168 0.3313 0.4648 0.8268 0.7982 0.7935
145 0.0159 0.0169 0.9377 0.0354 0.9246 0.3394 0.4654 0.8261 0.8068 0.7927
146 0.0159 0.0166 0.9371 0.0351 0.9244 0.3221 0.4632 0.8284 0.7875 0.7937
147 0.0211 0.0185 0.9328 0.0421 0.9188 0.2147 0.4778 0.8290 0.6942 0.7948
148 0.0360 0.0302 0.9168 0.0685 0.8980 0.2891 0.4702 0.8145 0.7612 0.7768
149 0.0258 0.0245 0.9197 0.0526 0.9015 0.3219 0.4917 0.8050 0.8153 0.7708
