epoch train_BCELoss train_SoftDiceLoss train_iou train_loss train_mAP val_BCELoss val_SoftDiceLoss val_iou val_loss val_mAP
0 0.3123 0.3007 0.6531 0.6130 0.5931 0.3389 0.6048 0.6709 0.9439 0.6082
1 0.2426 0.2266 0.7168 0.4695 0.6632 0.2635 0.5986 0.7045 0.8625 0.6582
2 0.2029 0.1885 0.7358 0.3919 0.6825 0.2523 0.5814 0.7153 0.8342 0.6694
3 0.1904 0.1743 0.7540 0.3653 0.7098 0.2008 0.5511 0.7629 0.7527 0.7244
4 0.1673 0.1563 0.7771 0.3242 0.7357 0.1835 0.5339 0.7772 0.7182 0.7374
5 0.1521 0.1465 0.7896 0.2993 0.7491 0.1788 0.5349 0.7797 0.7146 0.7411
6 0.1522 0.1426 0.7930 0.2955 0.7505 0.1768 0.5350 0.7834 0.7127 0.7489
7 0.1657 0.1465 0.7856 0.3130 0.7427 0.1777 0.5227 0.7891 0.7013 0.7516
8 0.1717 0.1533 0.7835 0.3258 0.7388 0.1953 0.5312 0.7804 0.7274 0.7416
9 0.1792 0.1569 0.7779 0.3368 0.7371 0.2818 0.5586 0.7402 0.8413 0.6931
10 0.1842 0.1644 0.7717 0.3493 0.7286 0.2182 0.5722 0.7502 0.7911 0.7050
11 0.1673 0.1534 0.7904 0.3215 0.7512 0.1820 0.5345 0.7842 0.7174 0.7541
12 0.1472 0.1348 0.8066 0.2829 0.7701 0.1929 0.5251 0.7887 0.7191 0.7578
13 0.1535 0.1371 0.8069 0.2914 0.7721 0.1721 0.5135 0.8100 0.6867 0.7730
14 0.1280 0.1155 0.8236 0.2445 0.7907 0.1585 0.5178 0.8013 0.6775 0.7730
15 0.1172 0.1157 0.8297 0.2339 0.7970 0.1665 0.5151 0.8043 0.6828 0.7760
16 0.1224 0.1131 0.8258 0.2365 0.7924 0.1770 0.5138 0.8105 0.6920 0.7821
17 0.1349 0.1210 0.8189 0.2569 0.7856 0.1901 0.5074 0.8079 0.6987 0.7775
18 0.1534 0.1383 0.7929 0.2926 0.7552 0.2349 0.5445 0.7766 0.7804 0.7379
19 0.1580 0.1424 0.7972 0.3014 0.7578 0.5753 0.6139 0.6474 1.1901 0.5936
20 0.1725 0.1505 0.7966 0.3240 0.7540 0.1870 0.5413 0.7919 0.7294 0.7516
21 0.1374 0.1228 0.8094 0.2611 0.7698 0.1754 0.5164 0.7951 0.6929 0.7570
22 0.1377 0.1190 0.8160 0.2577 0.7806 0.1914 0.5362 0.7912 0.7287 0.7626
23 0.1336 0.1261 0.8196 0.2608 0.7828 0.1723 0.5115 0.8119 0.6851 0.7822
24 0.1118 0.1030 0.8361 0.2159 0.8019 0.1593 0.4987 0.8307 0.6593 0.8026
25 0.0970 0.0980 0.8377 0.1960 0.8012 0.1639 0.5008 0.8294 0.6662 0.8016
26 0.1034 0.0937 0.8440 0.1983 0.8119 0.1906 0.5038 0.8201 0.6957 0.7904
27 0.1091 0.1016 0.8363 0.2117 0.8012 0.1575 0.5039 0.8166 0.6628 0.7903
28 0.1171 0.1057 0.8359 0.2240 0.8016 0.1821 0.4969 0.8176 0.6805 0.7861
29 0.1274 0.1150 0.8239 0.2435 0.7858 0.2492 0.5110 0.8019 0.7614 0.7704
30 0.1554 0.1370 0.8071 0.2934 0.7685 0.2478 0.5112 0.7792 0.7602 0.7355
31 0.1253 0.1115 0.8189 0.2379 0.7829 0.1829 0.5215 0.8066 0.7056 0.7758
32 0.1195 0.1102 0.8308 0.2308 0.7962 0.2131 0.5435 0.7942 0.7577 0.7632
33 0.1115 0.1024 0.8359 0.2151 0.8020 0.1671 0.5019 0.8292 0.6705 0.8014
34 0.0962 0.0926 0.8432 0.1899 0.8114 0.1725 0.4938 0.8278 0.6678 0.8007
35 0.0860 0.0819 0.8569 0.1691 0.8225 0.1737 0.4907 0.8308 0.6660 0.8044
36 0.0860 0.0768 0.8500 0.1639 0.8197 0.1847 0.5006 0.8245 0.6867 0.7954
37 0.0919 0.0831 0.8521 0.1762 0.8191 0.2073 0.4871 0.8227 0.6959 0.7939
38 0.1003 0.0910 0.8407 0.1924 0.8052 0.2534 0.5079 0.8068 0.7628 0.7739
39 0.1209 0.1085 0.8268 0.2305 0.7910 0.1988 0.5182 0.7916 0.7184 0.7645
40 0.1289 0.1200 0.8182 0.2499 0.7816 0.2406 0.5358 0.7835 0.7776 0.7535
41 0.1117 0.0966 0.8274 0.2095 0.7934 0.2444 0.5323 0.7671 0.7778 0.7320
42 0.1126 0.1024 0.8366 0.2162 0.8012 0.2310 0.4796 0.8117 0.7120 0.7809
43 0.1030 0.0932 0.8433 0.1974 0.8101 0.1964 0.4904 0.8245 0.6883 0.7936
44 0.0836 0.0785 0.8588 0.1633 0.8263 0.2316 0.4938 0.8302 0.7269 0.8041
45 0.0866 0.0724 0.8616 0.1603 0.8305 0.2167 0.4902 0.8303 0.7085 0.8031
46 0.0797 0.0730 0.8637 0.1539 0.8336 0.2152 0.4905 0.8256 0.7072 0.8007
47 0.0800 0.0767 0.8601 0.1580 0.8287 0.2729 0.4935 0.8221 0.7679 0.7915
48 0.0901 0.0805 0.8558 0.1719 0.8223 0.2703 0.5042 0.8110 0.7759 0.7833
49 0.1101 0.0971 0.8373 0.2083 0.8036 0.1847 0.4936 0.8172 0.6799 0.7883
50 0.1245 0.1060 0.8287 0.2317 0.7931 0.2645 0.5134 0.7888 0.7793 0.7422
51 0.1197 0.1058 0.8260 0.2266 0.7890 0.2139 0.5017 0.8095 0.7170 0.7695
52 0.1043 0.0960 0.8381 0.2016 0.8032 0.2205 0.5054 0.8122 0.7274 0.7737
53 0.0882 0.0808 0.8543 0.1702 0.8193 0.2191 0.5020 0.8180 0.7227 0.7901
54 0.0819 0.0719 0.8602 0.1551 0.8304 0.1903 0.4860 0.8331 0.6780 0.8060
55 0.0753 0.0681 0.8634 0.1447 0.8333 0.1907 0.4875 0.8343 0.6798 0.8072
56 0.0710 0.0650 0.8694 0.1372 0.8377 0.2187 0.4981 0.8235 0.7184 0.7948
57 0.0915 0.0850 0.8553 0.1777 0.8230 0.1857 0.5059 0.8242 0.6931 0.7962
58 0.0839 0.0743 0.8636 0.1595 0.8298 0.2240 0.4913 0.8196 0.7170 0.7903
59 0.0972 0.0828 0.8492 0.1812 0.8144 0.2503 0.5341 0.7972 0.7857 0.7584
60 0.1171 0.0995 0.8319 0.2177 0.7968 0.2137 0.5078 0.8115 0.7228 0.7825
61 0.1062 0.0966 0.8466 0.2040 0.8106 0.1829 0.5049 0.8135 0.6892 0.7891
62 0.0992 0.0922 0.8448 0.1927 0.8113 0.2027 0.4979 0.8216 0.7020 0.7936
63 0.0798 0.0704 0.8562 0.1515 0.8248 0.2060 0.4914 0.8367 0.6989 0.8070
64 0.0758 0.0687 0.8688 0.1459 0.8390 0.1924 0.4901 0.8354 0.6842 0.8107
65 0.0694 0.0633 0.8721 0.1341 0.8437 0.1933 0.4811 0.8402 0.6761 0.8135
66 0.0635 0.0572 0.8731 0.1220 0.8417 0.1855 0.4837 0.8395 0.6708 0.8138
67 0.0729 0.0654 0.8655 0.1396 0.8342 0.2016 0.4807 0.8343 0.6841 0.7989
68 0.0893 0.0769 0.8508 0.1676 0.8193 0.2170 0.5097 0.8164 0.7282 0.7885
69 0.0943 0.0840 0.8480 0.1794 0.8143 0.3070 0.5020 0.7994 0.8107 0.7706
70 0.1033 0.0905 0.8442 0.1950 0.8105 0.2442 0.4906 0.8073 0.7365 0.7776
71 0.1073 0.0927 0.8445 0.2012 0.8114 0.2245 0.4880 0.8164 0.7141 0.7785
72 0.0828 0.0755 0.8532 0.1595 0.8192 0.2009 0.4770 0.8272 0.6795 0.7964
73 0.0811 0.0732 0.8611 0.1556 0.8290 0.1975 0.4872 0.8349 0.6864 0.8058
74 0.0641 0.0602 0.8714 0.1255 0.8412 0.2140 0.4739 0.8405 0.6896 0.8147
75 0.0632 0.0571 0.8782 0.1217 0.8486 0.2108 0.4697 0.8460 0.6823 0.8204
76 0.0560 0.0504 0.8804 0.1078 0.8508 0.2175 0.4712 0.8434 0.6905 0.8153
77 0.0665 0.0616 0.8763 0.1294 0.8450 0.2495 0.4796 0.8319 0.7307 0.8077
78 0.0739 0.0624 0.8701 0.1377 0.8386 0.2012 0.4847 0.8343 0.6875 0.8041
79 0.0840 0.0745 0.8658 0.1599 0.8331 0.2059 0.5172 0.7924 0.7244 0.7615
80 0.1066 0.0920 0.8430 0.1998 0.8067 0.4897 0.5411 0.7209 1.0323 0.6659
81 0.1032 0.0951 0.8465 0.1995 0.8143 0.2821 0.5160 0.8050 0.7994 0.7743
82 0.0786 0.0720 0.8642 0.1519 0.8331 0.2492 0.4913 0.8200 0.7421 0.7972
83 0.0712 0.0642 0.8720 0.1368 0.8419 0.2436 0.4762 0.8310 0.7215 0.8014
84 0.0632 0.0586 0.8761 0.1232 0.8458 0.2268 0.4856 0.8352 0.7142 0.8095
85 0.0607 0.0556 0.8813 0.1177 0.8544 0.2296 0.4856 0.8362 0.7170 0.8109
86 0.0572 0.0521 0.8807 0.1107 0.8523 0.2308 0.4715 0.8357 0.7040 0.8064
87 0.0640 0.0580 0.8731 0.1235 0.8433 0.2086 0.4785 0.8386 0.6889 0.8111
88 0.0640 0.0580 0.8731 0.1234 0.8416 0.2787 0.4887 0.8210 0.7690 0.7909
89 0.0685 0.0590 0.8686 0.1289 0.8374 0.1983 0.4869 0.8301 0.6868 0.7996
90 0.0901 0.0783 0.8518 0.1697 0.8205 0.3127 0.4889 0.7923 0.8032 0.7440
91 0.0927 0.0834 0.8456 0.1774 0.8115 0.2780 0.5178 0.7887 0.7973 0.7541
92 0.0819 0.0767 0.8613 0.1599 0.8293 0.2439 0.5007 0.8181 0.7463 0.7901
93 0.0679 0.0605 0.8696 0.1298 0.8398 0.2161 0.4840 0.8412 0.7018 0.8123
94 0.0561 0.0503 0.8823 0.1079 0.8522 0.2334 0.4786 0.8437 0.7138 0.8162
95 0.0503 0.0490 0.8829 0.1008 0.8530 0.2302 0.4775 0.8420 0.7095 0.8144
96 0.0592 0.0532 0.8789 0.1138 0.8507 0.2231 0.4755 0.8420 0.7004 0.8127
97 0.0636 0.0584 0.8767 0.1234 0.8469 0.2378 0.4788 0.8365 0.7183 0.8070
98 0.0711 0.0614 0.8772 0.1339 0.8462 0.1989 0.4826 0.8274 0.6833 0.7953
99 0.0789 0.0678 0.8662 0.1480 0.8338 0.1975 0.4872 0.8254 0.6864 0.7953
100 0.0854 0.0737 0.8623 0.1603 0.8284 0.5188 0.5200 0.7681 1.0403 0.7328
101 0.0788 0.0695 0.8603 0.1497 0.8272 0.2372 0.4972 0.8226 0.7359 0.7912
102 0.0680 0.0630 0.8704 0.1324 0.8371 0.2831 0.4801 0.8291 0.7650 0.8012
103 0.0618 0.0541 0.8789 0.1173 0.8492 0.1969 0.4792 0.8422 0.6779 0.8138
104 0.0562 0.0510 0.8812 0.1087 0.8517 0.2077 0.4682 0.8456 0.6778 0.8166
105 0.0503 0.0472 0.8863 0.0990 0.8570 0.2161 0.4693 0.8438 0.6873 0.8150
106 0.0516 0.0469 0.8830 0.1000 0.8549 0.2507 0.4753 0.8430 0.7278 0.8160
107 0.0581 0.0516 0.8809 0.1111 0.8508 0.2441 0.4767 0.8425 0.7225 0.8165
108 0.0576 0.0534 0.8797 0.1124 0.8515 0.2990 0.4738 0.8313 0.7746 0.7970
109 0.0668 0.0595 0.8744 0.1277 0.8431 0.2592 0.4922 0.7863 0.7529 0.7513
110 0.0941 0.0830 0.8461 0.1784 0.8106 0.2136 0.4803 0.8215 0.6955 0.7895
111 0.0821 0.0742 0.8572 0.1576 0.8248 0.2473 0.4858 0.8265 0.7349 0.7981
112 0.0694 0.0630 0.8706 0.1337 0.8389 0.2431 0.5059 0.8160 0.7505 0.7876
113 0.0528 0.0487 0.8786 0.1029 0.8513 0.2335 0.4754 0.8333 0.7106 0.8032
114 0.0522 0.0485 0.8889 0.1022 0.8621 0.2145 0.4747 0.8373 0.6909 0.8078
115 0.0505 0.0488 0.8864 0.1007 0.8577 0.2153 0.4738 0.8410 0.6909 0.8141
116 0.0506 0.0463 0.8862 0.0984 0.8564 0.2428 0.4840 0.8326 0.7287 0.8061
117 0.0514 0.0464 0.8838 0.0993 0.8543 0.2396 0.4776 0.8381 0.7190 0.8105
118 0.0637 0.0562 0.8790 0.1213 0.8497 0.2399 0.4760 0.8355 0.7178 0.8075
119 0.0584 0.0512 0.8827 0.1111 0.8534 0.2452 0.4758 0.8376 0.7227 0.8036
120 0.0714 0.0615 0.8585 0.1342 0.8269 0.2038 0.5001 0.8055 0.7054 0.7686
121 0.0810 0.0703 0.8610 0.1526 0.8291 0.2312 0.4936 0.8207 0.7265 0.7879
122 0.0831 0.0748 0.8614 0.1593 0.8292 0.2345 0.4905 0.8086 0.7267 0.7766
123 0.0601 0.0566 0.8796 0.1182 0.8489 0.2550 0.4912 0.8239 0.7480 0.7953
124 0.0518 0.0486 0.8823 0.1019 0.8530 0.2336 0.4715 0.8390 0.7069 0.8107
125 0.0476 0.0458 0.8863 0.0949 0.8560 0.2292 0.4732 0.8405 0.7041 0.8120
126 0.0510 0.0454 0.8874 0.0979 0.8588 0.2100 0.4717 0.8413 0.6834 0.8135
127 0.0547 0.0491 0.8837 0.1053 0.8572 0.2303 0.4693 0.8340 0.7014 0.8011
128 0.0577 0.0532 0.8834 0.1124 0.8537 0.2255 0.4907 0.8368 0.7179 0.8071
129 0.0572 0.0505 0.8831 0.1091 0.8540 0.1902 0.4785 0.8394 0.6703 0.8094
130 0.0713 0.0624 0.8705 0.1351 0.8392 0.2063 0.5035 0.8057 0.7112 0.7687
131 0.0814 0.0736 0.8607 0.1564 0.8286 0.3279 0.4833 0.8306 0.8130 0.7966
132 0.0589 0.0531 0.8841 0.1134 0.8532 0.2207 0.4782 0.8349 0.7007 0.8023
133 0.0507 0.0468 0.8894 0.0989 0.8594 0.2560 0.4745 0.8393 0.7324 0.8083
134 0.0498 0.0446 0.8892 0.0958 0.8618 0.2424 0.4764 0.8473 0.7206 0.8179
135 0.0455 0.0432 0.8891 0.0901 0.8600 0.2338 0.4763 0.8450 0.7119 0.8166
136 0.0465 0.0420 0.8924 0.0901 0.8664 0.2281 0.4750 0.8445 0.7050 0.8169
137 0.0435 0.0386 0.8970 0.0837 0.8706 0.2239 0.4728 0.8437 0.6985 0.8145
138 0.0497 0.0437 0.8843 0.0948 0.8562 0.2401 0.4706 0.8412 0.7126 0.8114
139 0.0870 0.0722 0.8606 0.1606 0.8275 0.3612 0.5066 0.8072 0.8694 0.7772
140 0.0999 0.0884 0.8477 0.1896 0.8098 0.2325 0.4792 0.8202 0.7133 0.7843
141 0.0768 0.0691 0.8665 0.1472 0.8334 0.3333 0.4869 0.8171 0.8220 0.7851
142 0.0656 0.0584 0.8723 0.1254 0.8431 0.2411 0.4907 0.8272 0.7335 0.7996
143 0.0545 0.0503 0.8802 0.1063 0.8504 0.2609 0.4810 0.8392 0.7438 0.8117
144 0.0527 0.0451 0.8918 0.0993 0.8644 0.2495 0.4845 0.8420 0.7359 0.8147
145 0.0450 0.0417 0.8935 0.0882 0.8661 0.2511 0.4813 0.8437 0.7342 0.8157
146 0.0452 0.0430 0.8897 0.0897 0.8625 0.2646 0.4777 0.8470 0.7443 0.8194
147 0.0530 0.0453 0.8927 0.0998 0.8633 0.2603 0.4797 0.8412 0.7418 0.8154
148 0.0530 0.0472 0.8828 0.1016 0.8551 0.2830 0.4712 0.8386 0.7561 0.8113
149 0.0715 0.0625 0.8720 0.1354 0.8411 0.3251 0.5306 0.7904 0.8570 0.7588
