epoch train_iou train_loss train_mAP val_iou val_mAP
0 0.6104 2.0316 0.5388 0.6690 0.5960
1 0.7195 1.5296 0.6532 0.7119 0.6499
2 0.7410 1.4279 0.6788 0.7512 0.7069
3 0.7703 1.2535 0.7168 0.7727 0.7291
4 0.7908 1.1224 0.7451 0.7831 0.7353
5 0.7973 1.0763 0.7455 0.7974 0.7542
6 0.7937 1.0902 0.7432 0.7953 0.7540
7 0.8043 1.0617 0.7563 0.8011 0.7499
8 0.7978 1.1148 0.7492 0.7993 0.7522
9 0.8000 1.0873 0.7543 0.8063 0.7677
10 0.8068 1.0630 0.7598 0.8098 0.7734
11 0.8177 0.9813 0.7728 0.7839 0.7309
12 0.8342 0.9077 0.7926 0.8211 0.7862
13 0.8453 0.8414 0.8059 0.8328 0.7965
14 0.8564 0.7682 0.8143 0.8355 0.7972
15 0.8563 0.7434 0.8158 0.8366 0.7996
16 0.8621 0.7304 0.8230 0.8362 0.8036
17 0.8510 0.7828 0.8137 0.8269 0.7915
18 0.8467 0.8211 0.8053 0.8219 0.7782
19 0.8341 0.9111 0.7922 0.8108 0.7864
20 0.8365 0.8964 0.7956 0.8150 0.7790
21 0.8402 0.8693 0.8010 0.8218 0.7829
22 0.8518 0.7843 0.8135 0.8296 0.7944
23 0.8586 0.7156 0.8215 0.8419 0.8096
24 0.8819 0.6202 0.8476 0.8486 0.8130
25 0.8838 0.5880 0.8474 0.8489 0.8136
26 0.8826 0.5842 0.8455 0.8496 0.8145
27 0.8723 0.6497 0.8359 0.8411 0.8087
28 0.8698 0.6614 0.8345 0.8469 0.8130
29 0.8639 0.7350 0.8273 0.8241 0.7883
30 0.8512 0.8160 0.8163 0.8336 0.8008
31 0.8615 0.7381 0.8254 0.8306 0.8029
32 0.8770 0.6672 0.8416 0.8414 0.8087
33 0.8826 0.6014 0.8510 0.8510 0.8210
34 0.8872 0.5493 0.8558 0.8550 0.8233
35 0.8914 0.5401 0.8587 0.8570 0.8250
36 0.8951 0.5196 0.8608 0.8573 0.8281
37 0.8886 0.5619 0.8557 0.8448 0.8108
38 0.8840 0.5884 0.8521 0.8417 0.8093
39 0.8566 0.7389 0.8207 0.8323 0.7976
40 0.8638 0.7476 0.8286 0.8385 0.7990
41 0.8741 0.6630 0.8401 0.8561 0.8219
42 0.8829 0.6002 0.8487 0.8525 0.8213
43 0.8880 0.5647 0.8535 0.8558 0.8287
44 0.8967 0.5095 0.8632 0.8632 0.8322
45 0.9011 0.5010 0.8703 0.8640 0.8346
46 0.8987 0.5027 0.8671 0.8685 0.8395
47 0.8959 0.5168 0.8625 0.8549 0.8268
48 0.8872 0.5720 0.8553 0.8506 0.8190
49 0.8805 0.6087 0.8475 0.8421 0.8071
50 0.8743 0.6646 0.8377 0.8281 0.7893
51 0.8810 0.6259 0.8467 0.8362 0.8048
52 0.8844 0.5845 0.8498 0.8505 0.8215
53 0.8892 0.5532 0.8571 0.8543 0.8292
54 0.8973 0.5050 0.8658 0.8620 0.8327
55 0.8997 0.4875 0.8667 0.8600 0.8306
56 0.9005 0.4854 0.8697 0.8619 0.8365
57 0.9009 0.4921 0.8697 0.8654 0.8328
58 0.8940 0.5220 0.8606 0.8640 0.8279
59 0.8956 0.5232 0.8618 0.8447 0.8172
60 0.8823 0.6039 0.8491 0.8492 0.8167
61 0.8717 0.6701 0.8372 0.8348 0.7996
62 0.8798 0.6467 0.8478 0.8548 0.8237
63 0.8923 0.5354 0.8602 0.8665 0.8363
64 0.9034 0.4773 0.8728 0.8628 0.8358
65 0.9013 0.4627 0.8710 0.8655 0.8367
66 0.9065 0.4544 0.8787 0.8581 0.8311
67 0.9052 0.4714 0.8763 0.8646 0.8309
68 0.8953 0.5148 0.8632 0.8538 0.8218
69 0.8863 0.5772 0.8547 0.8358 0.8101
70 0.8810 0.6201 0.8487 0.8401 0.8142
71 0.8849 0.5964 0.8531 0.8499 0.8160
72 0.8921 0.5374 0.8609 0.8554 0.8298
73 0.9024 0.4832 0.8698 0.8576 0.8284
74 0.9061 0.4396 0.8759 0.8560 0.8261
75 0.9074 0.4435 0.8783 0.8550 0.8274
76 0.9097 0.4382 0.8810 0.8572 0.8269
77 0.9074 0.4415 0.8780 0.8613 0.8275
78 0.9054 0.4648 0.8752 0.8566 0.8266
79 0.8962 0.5403 0.8661 0.8459 0.8183
80 0.8830 0.6135 0.8514 0.8398 0.8097
81 0.8820 0.6086 0.8510 0.8442 0.8132
82 0.8964 0.5369 0.8643 0.8666 0.8356
83 0.9050 0.4556 0.8756 0.8569 0.8286
84 0.9096 0.4344 0.8797 0.8643 0.8367
85 0.9120 0.4177 0.8838 0.8638 0.8352
86 0.9103 0.4317 0.8828 0.8692 0.8412
87 0.9137 0.4166 0.8862 0.8667 0.8352
88 0.9027 0.4691 0.8709 0.8522 0.8228
89 0.9018 0.4967 0.8722 0.8528 0.8242
90 0.8925 0.5310 0.8631 0.8481 0.8148
91 0.8934 0.5413 0.8631 0.8514 0.8174
92 0.8981 0.5140 0.8693 0.8626 0.8297
93 0.9075 0.4675 0.8786 0.8604 0.8331
94 0.9158 0.4168 0.8884 0.8601 0.8340
95 0.9189 0.4030 0.8905 0.8616 0.8351
96 0.9132 0.4095 0.8844 0.8698 0.8410
97 0.9112 0.4184 0.8830 0.8613 0.8337
98 0.9126 0.4065 0.8834 0.8649 0.8339
99 0.9015 0.4925 0.8718 0.8464 0.8206
100 0.9082 0.4365 0.8824 0.8670 0.8393
101 0.9113 0.4316 0.8835 0.8672 0.8424
102 0.9135 0.4101 0.8874 0.8703 0.8392
103 0.9174 0.3772 0.8918 0.8709 0.8415
104 0.9225 0.3791 0.8952 0.8655 0.8345
105 0.9203 0.3646 0.8952 0.8688 0.8391
106 0.9204 0.3694 0.8930 0.8648 0.8375
107 0.9170 0.3758 0.8903 0.8673 0.8377
108 0.9179 0.3796 0.8917 0.8692 0.8413
109 0.9199 0.3771 0.8928 0.8663 0.8393
110 0.9138 0.4133 0.8849 0.8568 0.8264
111 0.9170 0.3948 0.8900 0.8644 0.8385
112 0.9178 0.3940 0.8911 0.8492 0.8250
113 0.9177 0.3766 0.8896 0.8664 0.8386
114 0.9212 0.3712 0.8948 0.8671 0.8393
115 0.9275 0.3366 0.9018 0.8660 0.8400
116 0.9225 0.3460 0.8969 0.8663 0.8395
117 0.9229 0.3499 0.8979 0.8625 0.8352
118 0.9245 0.3451 0.9007 0.8598 0.8332
119 0.9175 0.3812 0.8909 0.8489 0.8225
120 0.9182 0.3946 0.8895 0.8498 0.8189
121 0.9126 0.4156 0.8866 0.8571 0.8304
122 0.9206 0.3679 0.8934 0.8568 0.8302
123 0.9193 0.3748 0.8925 0.8680 0.8415
124 0.9240 0.3481 0.8976 0.8666 0.8406
125 0.9232 0.3641 0.8991 0.8672 0.8406
126 0.9217 0.3527 0.8964 0.8659 0.8380
127 0.9232 0.3404 0.8987 0.8673 0.8401
128 0.9197 0.3664 0.8953 0.8655 0.8374
129 0.9170 0.3750 0.8908 0.8640 0.8353
130 0.9144 0.4004 0.8864 0.8586 0.8267
131 0.9205 0.3783 0.8944 0.8677 0.8389
132 0.9224 0.3603 0.8962 0.8513 0.8201
133 0.9253 0.3502 0.8988 0.8693 0.8424
134 0.9269 0.3334 0.9024 0.8702 0.8422
135 0.9278 0.3308 0.9065 0.8697 0.8421
136 0.9247 0.3345 0.9013 0.8710 0.8419
137 0.9285 0.3347 0.9045 0.8701 0.8440
138 0.9247 0.3298 0.9005 0.8662 0.8369
139 0.9214 0.3478 0.8951 0.8666 0.8382
140 0.9177 0.3959 0.8922 0.8499 0.8225
141 0.9212 0.3736 0.8951 0.8607 0.8351
142 0.9244 0.3536 0.8992 0.8595 0.8309
143 0.9246 0.3381 0.9014 0.8615 0.8337
144 0.9264 0.3305 0.9038 0.8623 0.8343
145 0.9272 0.3168 0.9050 0.8599 0.8321
146 0.9280 0.3249 0.9036 0.8665 0.8401
147 0.9242 0.3366 0.9003 0.8663 0.8395
148 0.9252 0.3407 0.9023 0.8651 0.8400
149 0.9256 0.3384 0.8999 0.8643 0.8339
150 0.9234 0.3584 0.8983 0.8389 0.8127
151 0.9131 0.4076 0.8876 0.8466 0.8180
152 0.9166 0.3796 0.8908 0.8537 0.8273
153 0.9243 0.3438 0.9025 0.8643 0.8343
154 0.9225 0.3417 0.8985 0.8647 0.8370
155 0.9304 0.3203 0.9070 0.8631 0.8356
156 0.9306 0.3190 0.9090 0.8630 0.8368
157 0.9315 0.3090 0.9092 0.8635 0.8374
158 0.9265 0.3264 0.9040 0.8671 0.8409
159 0.9237 0.3475 0.9002 0.8600 0.8327
160 0.9265 0.3345 0.9034 0.8644 0.8365
161 0.9264 0.3256 0.9036 0.8643 0.8376
162 0.9276 0.3107 0.9046 0.8660 0.8374
163 0.9310 0.3076 0.9068 0.8645 0.8379
164 0.9266 0.3237 0.9024 0.8670 0.8404
165 0.9277 0.3099 0.9053 0.8682 0.8422
166 0.9320 0.3042 0.9105 0.8669 0.8406
167 0.9304 0.3042 0.9065 0.8673 0.8410
168 0.9324 0.3077 0.9102 0.8631 0.8374
169 0.9356 0.2913 0.9139 0.8627 0.8367
170 0.9297 0.3098 0.9077 0.8668 0.8406
171 0.9335 0.2927 0.9127 0.8657 0.8392
172 0.9333 0.2946 0.9133 0.8662 0.8411
173 0.9304 0.3087 0.9090 0.8684 0.8425
174 0.9331 0.2960 0.9106 0.8678 0.8419
175 0.9333 0.2950 0.9115 0.8640 0.8386
176 0.9324 0.2967 0.9105 0.8668 0.8409
177 0.9326 0.2982 0.9102 0.8660 0.8411
178 0.9317 0.3029 0.9112 0.8646 0.8387
179 0.9319 0.3063 0.9092 0.8636 0.8382
180 0.9297 0.3060 0.9059 0.8637 0.8362
181 0.9338 0.2993 0.9122 0.8643 0.8377
182 0.9350 0.2992 0.9139 0.8659 0.8405
183 0.9305 0.3137 0.9080 0.8646 0.8388
184 0.9362 0.2934 0.9144 0.8633 0.8386
185 0.9353 0.2857 0.9155 0.8653 0.8401
186 0.9338 0.2954 0.9117 0.8649 0.8398
187 0.9373 0.2810 0.9177 0.8643 0.8391
188 0.9333 0.2946 0.9115 0.8622 0.8355
189 0.9338 0.2959 0.9127 0.8635 0.8376
190 0.9337 0.2920 0.9121 0.8621 0.8345
191 0.9290 0.3033 0.9063 0.8632 0.8369
192 0.9340 0.2910 0.9124 0.8615 0.8353
193 0.9345 0.2989 0.9124 0.8657 0.8388
194 0.9325 0.2869 0.9107 0.8663 0.8405
195 0.9353 0.2816 0.9153 0.8656 0.8389
196 0.9330 0.3016 0.9110 0.8654 0.8383
197 0.9306 0.3031 0.9081 0.8674 0.8422
198 0.9348 0.2848 0.9130 0.8688 0.8425
199 0.9333 0.2918 0.9117 0.8669 0.8403
