epoch train_BCELoss train_SoftDiceLoss train_iou train_loss train_mAP val_BCELoss val_SoftDiceLoss val_iou val_loss val_mAP
0 0.4882 0.6130 0.3818 1.1006 0.3354 0.3697 0.7001 0.5402 1.0695 0.4422
1 0.2840 0.2737 0.6611 0.5577 0.5930 0.4120 0.5969 0.5855 1.0090 0.4852
2 0.2351 0.2253 0.7037 0.4606 0.6467 0.2062 0.5566 0.7347 0.7634 0.6846
3 0.2191 0.2062 0.7177 0.4258 0.6647 0.2153 0.5468 0.7333 0.7628 0.6831
4 0.2040 0.1843 0.7435 0.3889 0.6926 0.1797 0.5449 0.7798 0.7253 0.7326
5 0.1986 0.1858 0.7470 0.3850 0.6997 0.1670 0.5143 0.7976 0.6822 0.7516
6 0.1738 0.1606 0.7740 0.3353 0.7254 0.1636 0.5179 0.7927 0.6826 0.7552
7 0.1570 0.1499 0.7810 0.3077 0.7358 0.1481 0.5284 0.7977 0.6774 0.7570
8 0.1422 0.1394 0.7947 0.2825 0.7495 0.1560 0.5099 0.8135 0.6669 0.7784
9 0.1286 0.1217 0.8166 0.2512 0.7738 0.1521 0.4970 0.8197 0.6501 0.7770
10 0.1184 0.1155 0.8097 0.2348 0.7664 0.1543 0.4957 0.8192 0.6511 0.7828
11 0.1280 0.1185 0.8150 0.2474 0.7722 0.1441 0.4977 0.8201 0.6430 0.7820
12 0.1307 0.1217 0.8184 0.2533 0.7746 0.1466 0.5088 0.8171 0.6565 0.7838
13 0.1376 0.1300 0.8050 0.2685 0.7621 0.1348 0.5027 0.8173 0.6386 0.7743
14 0.1417 0.1263 0.8010 0.2689 0.7563 0.1507 0.4977 0.8196 0.6495 0.7812
15 0.1468 0.1281 0.8128 0.2758 0.7678 0.1703 0.4910 0.8124 0.6624 0.7684
16 0.1253 0.1180 0.8170 0.2442 0.7745 0.1742 0.4992 0.8172 0.6747 0.7788
17 0.1113 0.1032 0.8272 0.2156 0.7878 0.1963 0.4975 0.8240 0.6951 0.7841
18 0.1028 0.0945 0.8340 0.1983 0.7946 0.1719 0.4878 0.8244 0.6609 0.7863
19 0.0926 0.0906 0.8474 0.1843 0.8072 0.1631 0.4849 0.8351 0.6492 0.8037
20 0.0840 0.0804 0.8482 0.1654 0.8121 0.1625 0.4808 0.8344 0.6446 0.8034
21 0.0834 0.0779 0.8531 0.1624 0.8141 0.2128 0.4865 0.8250 0.7005 0.7870
22 0.0915 0.0838 0.8442 0.1765 0.8052 0.2070 0.4855 0.8290 0.6937 0.7953
23 0.0959 0.0862 0.8431 0.1832 0.8049 0.2335 0.4855 0.8171 0.7202 0.7841
24 0.1128 0.1035 0.8336 0.2174 0.7912 0.2453 0.5218 0.8016 0.7682 0.7617
25 0.1256 0.1132 0.8182 0.2398 0.7743 0.1844 0.4920 0.8248 0.6776 0.7879
26 0.1034 0.0938 0.8324 0.1983 0.7932 0.1568 0.5039 0.8231 0.6620 0.7856
27 0.0950 0.0870 0.8504 0.1832 0.8112 0.1958 0.4859 0.8291 0.6829 0.7971
28 0.0842 0.0780 0.8517 0.1634 0.8137 0.1874 0.4891 0.8313 0.6779 0.7993
29 0.0739 0.0687 0.8608 0.1438 0.8246 0.2057 0.4793 0.8328 0.6863 0.8043
30 0.0674 0.0621 0.8647 0.1307 0.8298 0.2048 0.4781 0.8356 0.6843 0.8062
31 0.0695 0.0641 0.8644 0.1349 0.8290 0.1985 0.4800 0.8322 0.6799 0.7987
32 0.0755 0.0711 0.8555 0.1479 0.8178 0.2562 0.4847 0.8230 0.7422 0.7903
33 0.0844 0.0757 0.8524 0.1612 0.8144 0.1937 0.4861 0.8256 0.6813 0.7918
34 0.0955 0.0872 0.8417 0.1838 0.8005 0.2209 0.4976 0.8209 0.7196 0.7891
35 0.1070 0.0939 0.8323 0.2019 0.7897 0.1967 0.4985 0.8130 0.6964 0.7752
36 0.0949 0.0857 0.8429 0.1817 0.8028 0.2092 0.4922 0.8360 0.7027 0.8010
37 0.0786 0.0720 0.8558 0.1518 0.8158 0.2022 0.4851 0.8288 0.6886 0.7983
38 0.0694 0.0657 0.8647 0.1363 0.8284 0.2099 0.4711 0.8403 0.6824 0.8043
39 0.0607 0.0569 0.8814 0.1188 0.8452 0.1945 0.4803 0.8496 0.6762 0.8174
40 0.0561 0.0516 0.8808 0.1090 0.8444 0.2014 0.4812 0.8465 0.6841 0.8153
41 0.0578 0.0529 0.8773 0.1121 0.8412 0.2362 0.4746 0.8430 0.7123 0.8088
42 0.0669 0.0605 0.8713 0.1287 0.8365 0.1660 0.4748 0.8413 0.6422 0.8088
43 0.0624 0.0558 0.8685 0.1195 0.8331 0.1983 0.4849 0.8264 0.6846 0.7901
44 0.0740 0.0645 0.8592 0.1398 0.8231 0.2103 0.4941 0.8179 0.7056 0.7877
45 0.0887 0.0795 0.8420 0.1693 0.8033 0.2240 0.4956 0.7870 0.7207 0.7501
46 0.0871 0.0769 0.8550 0.1651 0.8153 0.1943 0.4886 0.8370 0.6842 0.8030
47 0.0682 0.0622 0.8650 0.1316 0.8302 0.2029 0.4829 0.8330 0.6871 0.8048
48 0.0595 0.0550 0.8737 0.1158 0.8401 0.1810 0.4716 0.8516 0.6541 0.8215
49 0.0545 0.0491 0.8805 0.1049 0.8477 0.2145 0.4726 0.8404 0.6885 0.8130
50 0.0496 0.0483 0.8856 0.0992 0.8522 0.2169 0.4704 0.8460 0.6888 0.8181
51 0.0513 0.0480 0.8771 0.1007 0.8443 0.1996 0.4686 0.8483 0.6697 0.8192
52 0.0583 0.0540 0.8771 0.1137 0.8450 0.2086 0.4710 0.8416 0.6810 0.8117
53 0.0578 0.0500 0.8810 0.1091 0.8471 0.1902 0.4810 0.8397 0.6727 0.8088
54 0.0781 0.0699 0.8522 0.1492 0.8156 0.2401 0.4850 0.8271 0.7265 0.8014
55 0.0961 0.0827 0.8560 0.1800 0.8195 0.1562 0.4824 0.8355 0.6400 0.8019
56 0.0798 0.0706 0.8615 0.1517 0.8245 0.2035 0.4709 0.8348 0.6757 0.8002
57 0.0676 0.0617 0.8660 0.1306 0.8328 0.2181 0.4769 0.8378 0.6964 0.8053
58 0.0567 0.0495 0.8836 0.1076 0.8505 0.2454 0.4812 0.8296 0.7280 0.8006
59 0.0515 0.0484 0.8786 0.1013 0.8444 0.2357 0.4738 0.8436 0.7110 0.8151
60 0.0477 0.0434 0.8883 0.0925 0.8579 0.2288 0.4726 0.8466 0.7029 0.8189
61 0.0489 0.0455 0.8805 0.0958 0.8470 0.2322 0.4717 0.8478 0.7054 0.8200
62 0.0520 0.0469 0.8854 0.1004 0.8516 0.2360 0.4799 0.8323 0.7173 0.8065
63 0.0607 0.0552 0.8685 0.1173 0.8327 0.2014 0.4723 0.8372 0.6751 0.8048
64 0.0720 0.0643 0.8689 0.1377 0.8358 0.2429 0.4948 0.8214 0.7392 0.7910
65 0.0961 0.0824 0.8457 0.1798 0.8073 0.1910 0.4875 0.8330 0.6798 0.7928
66 0.0847 0.0761 0.8512 0.1621 0.8117 0.2161 0.4976 0.8131 0.7150 0.7778
67 0.0646 0.0587 0.8689 0.1246 0.8353 0.2011 0.4761 0.8409 0.6786 0.8101
68 0.0544 0.0519 0.8763 0.1077 0.8405 0.1948 0.4744 0.8429 0.6707 0.8090
69 0.0486 0.0456 0.8857 0.0957 0.8524 0.2183 0.4726 0.8550 0.6924 0.8234
70 0.0470 0.0452 0.8880 0.0935 0.8567 0.2065 0.4710 0.8582 0.6790 0.8274
71 0.0465 0.0425 0.8892 0.0905 0.8576 0.2136 0.4697 0.8528 0.6848 0.8240
72 0.0480 0.0441 0.8859 0.0935 0.8517 0.2131 0.4703 0.8513 0.6849 0.8204
73 0.0505 0.0450 0.8868 0.0969 0.8552 0.2170 0.4736 0.8502 0.6921 0.8230
74 0.0512 0.0452 0.8850 0.0977 0.8518 0.2120 0.4819 0.8472 0.6953 0.8165
75 0.0748 0.0633 0.8620 0.1395 0.8250 0.1775 0.4962 0.8253 0.6752 0.7893
76 0.0809 0.0734 0.8533 0.1557 0.8165 0.1866 0.4771 0.8316 0.6652 0.8017
77 0.0682 0.0631 0.8656 0.1327 0.8289 0.1872 0.4846 0.8400 0.6732 0.8137
78 0.0524 0.0488 0.8821 0.1027 0.8490 0.2017 0.4713 0.8443 0.6745 0.8144
79 0.0468 0.0439 0.8872 0.0921 0.8555 0.1925 0.4646 0.8573 0.6587 0.8290
80 0.0404 0.0383 0.8986 0.0801 0.8683 0.1912 0.4637 0.8594 0.6565 0.8300
81 0.0454 0.0432 0.8923 0.0901 0.8614 0.1992 0.4644 0.8562 0.6651 0.8239
82 0.0443 0.0392 0.8922 0.0850 0.8611 0.2238 0.4663 0.8523 0.6917 0.8233
83 0.0481 0.0439 0.8867 0.0934 0.8527 0.2624 0.4697 0.8424 0.7337 0.8099
84 0.0600 0.0556 0.8784 0.1169 0.8441 0.1719 0.4801 0.8395 0.6535 0.8049
85 0.0585 0.0520 0.8768 0.1118 0.8438 0.2772 0.4924 0.8341 0.7711 0.8058
86 0.0599 0.0519 0.8687 0.1132 0.8346 0.1850 0.4805 0.8361 0.6669 0.8067
87 0.0497 0.0453 0.8860 0.0963 0.8534 0.2040 0.4698 0.8543 0.6754 0.8249
88 0.0446 0.0418 0.8867 0.0878 0.8536 0.2326 0.4695 0.8505 0.7037 0.8196
89 0.0423 0.0380 0.8896 0.0819 0.8584 0.2324 0.4665 0.8499 0.7005 0.8214
90 0.0392 0.0357 0.8974 0.0764 0.8669 0.2339 0.4652 0.8525 0.7007 0.8244
91 0.0398 0.0374 0.8952 0.0787 0.8623 0.2314 0.4669 0.8476 0.6999 0.8197
92 0.0451 0.0409 0.8883 0.0875 0.8583 0.2041 0.4642 0.8475 0.6699 0.8175
93 0.0440 0.0409 0.8900 0.0865 0.8577 0.2315 0.4803 0.8510 0.7134 0.8204
94 0.0566 0.0482 0.8845 0.1062 0.8486 0.2098 0.4687 0.8405 0.6799 0.8107
95 0.0650 0.0572 0.8790 0.1236 0.8422 0.2069 0.4760 0.8474 0.6845 0.8191
96 0.0552 0.0468 0.8815 0.1034 0.8491 0.1881 0.4783 0.8368 0.6678 0.8082
97 0.0496 0.0440 0.8862 0.0950 0.8549 0.2067 0.4725 0.8417 0.6808 0.8123
98 0.0457 0.0407 0.8921 0.0879 0.8597 0.1872 0.4741 0.8556 0.6628 0.8266
99 0.0423 0.0385 0.8984 0.0823 0.8688 0.1772 0.4649 0.8549 0.6436 0.8237
