epoch train_BCELoss train_SoftDiceLoss train_iou train_loss train_mAP val_BCELoss val_SoftDiceLoss val_iou val_loss val_mAP
0 0.6156 0.6689 0.1859 1.9916 0.1806 0.5621 0.7558 0.3131 1.8465 0.3017
1 0.3406 0.4522 0.6070 1.2079 0.5379 0.2703 0.6434 0.6803 0.9530 0.6177
2 0.2709 0.3612 0.6992 0.9311 0.6392 0.2332 0.6195 0.7184 0.8191 0.6662
3 0.2487 0.3378 0.7284 0.8400 0.6720 0.2160 0.6025 0.7580 0.7210 0.7133
4 0.2327 0.3182 0.7525 0.7776 0.7014 0.2029 0.5758 0.7564 0.7386 0.7011
5 0.2141 0.2936 0.7664 0.7232 0.7184 0.2072 0.5885 0.7830 0.6357 0.7498
6 0.1987 0.2731 0.7878 0.6548 0.7464 0.1982 0.5797 0.7819 0.6640 0.7387
7 0.1814 0.2530 0.8020 0.6072 0.7654 0.1647 0.5602 0.8093 0.5699 0.7750
8 0.1688 0.2450 0.8076 0.5677 0.7716 0.1491 0.5519 0.8101 0.5812 0.7812
9 0.1564 0.2225 0.8199 0.5286 0.7847 0.1502 0.5406 0.8189 0.5535 0.7883
10 0.1474 0.2136 0.8297 0.5067 0.7937 0.1456 0.5387 0.8199 0.5398 0.7892
11 0.1507 0.2147 0.8298 0.5111 0.7942 0.1446 0.5402 0.8253 0.5207 0.7953
12 0.1541 0.2157 0.8230 0.5276 0.7854 0.1490 0.5354 0.8228 0.5454 0.7894
13 0.1684 0.2385 0.8105 0.5715 0.7701 0.1560 0.5494 0.8175 0.5598 0.7788
14 0.1681 0.2327 0.8168 0.5661 0.7751 0.1467 0.5543 0.7897 0.5858 0.7514
15 0.1663 0.2340 0.8178 0.5606 0.7779 0.1660 0.5474 0.8238 0.5982 0.7886
16 0.1597 0.2273 0.8198 0.5487 0.7811 0.1504 0.5380 0.8311 0.5375 0.7983
17 0.1425 0.2058 0.8382 0.4849 0.8011 0.1374 0.5390 0.8282 0.5106 0.7988
18 0.1318 0.1900 0.8417 0.4576 0.8070 0.1242 0.5189 0.8365 0.5184 0.8046
19 0.1198 0.1733 0.8496 0.4281 0.8157 0.1281 0.5193 0.8351 0.5139 0.8047
20 0.1092 0.1613 0.8522 0.4044 0.8189 0.1295 0.5195 0.8375 0.5108 0.8065
21 0.1083 0.1551 0.8570 0.4041 0.8212 0.1343 0.5156 0.8391 0.5387 0.8073
22 0.1192 0.1713 0.8503 0.4313 0.8157 0.1415 0.5206 0.8442 0.5256 0.8118
23 0.1241 0.1776 0.8479 0.4487 0.8112 0.1527 0.5250 0.8380 0.5645 0.8059
24 0.1299 0.1850 0.8454 0.4587 0.8079 0.1871 0.5488 0.8070 0.6549 0.7766
25 0.1585 0.2202 0.8236 0.5425 0.7877 0.1450 0.5246 0.8329 0.5693 0.8016
26 0.1426 0.1998 0.8424 0.4841 0.8078 0.1397 0.5280 0.8305 0.5418 0.8022
27 0.1315 0.1893 0.8522 0.4503 0.8178 0.1408 0.5260 0.8193 0.5656 0.7909
28 0.1107 0.1589 0.8619 0.3975 0.8279 0.1447 0.5184 0.8398 0.5382 0.8089
29 0.1024 0.1467 0.8668 0.3804 0.8353 0.1291 0.5133 0.8469 0.4886 0.8184
30 0.0985 0.1471 0.8723 0.3539 0.8414 0.1315 0.5167 0.8463 0.4877 0.8181
31 0.0968 0.1429 0.8756 0.3506 0.8427 0.1502 0.5100 0.8496 0.5621 0.8232
32 0.1030 0.1479 0.8676 0.3787 0.8318 0.1459 0.5167 0.8406 0.5426 0.8167
33 0.1089 0.1518 0.8619 0.3984 0.8277 0.1409 0.5167 0.8444 0.5156 0.8141
34 0.1205 0.1703 0.8565 0.4321 0.8231 0.1570 0.5310 0.8319 0.5751 0.8029
35 0.1256 0.1781 0.8464 0.4497 0.8086 0.1287 0.5205 0.8465 0.5025 0.8168
36 0.1176 0.1633 0.8588 0.4165 0.8234 0.1495 0.5233 0.8362 0.5367 0.8072
37 0.1050 0.1511 0.8665 0.3837 0.8315 0.1435 0.5144 0.8456 0.5272 0.8196
38 0.0964 0.1373 0.8698 0.3672 0.8351 0.1252 0.5038 0.8523 0.5115 0.8269
39 0.0867 0.1262 0.8832 0.3296 0.8512 0.1355 0.5046 0.8509 0.5172 0.8210
40 0.0773 0.1136 0.8887 0.3130 0.8571 0.1365 0.5056 0.8525 0.5154 0.8263
41 0.0786 0.1159 0.8853 0.3123 0.8543 0.1327 0.5072 0.8512 0.4934 0.8254
42 0.0817 0.1205 0.8786 0.3336 0.8460 0.1243 0.5076 0.8489 0.4886 0.8196
43 0.0873 0.1260 0.8757 0.3399 0.8413 0.1459 0.5169 0.8358 0.5430 0.8079
44 0.0973 0.1358 0.8641 0.3806 0.8293 0.1390 0.5124 0.8435 0.5362 0.8107
45 0.1059 0.1531 0.8588 0.4007 0.8230 0.1332 0.5233 0.8404 0.5138 0.8124
46 0.0945 0.1365 0.8671 0.3627 0.8341 0.1610 0.5025 0.8463 0.6134 0.8162
47 0.0876 0.1244 0.8770 0.3432 0.8446 0.1654 0.5106 0.8450 0.6000 0.8175
48 0.0805 0.1153 0.8876 0.3112 0.8550 0.1729 0.5048 0.8529 0.5928 0.8269
49 0.0689 0.0986 0.8961 0.2811 0.8628 0.1387 0.4961 0.8580 0.5273 0.8325
50 0.0604 0.0872 0.9033 0.2595 0.8732 0.1441 0.4956 0.8557 0.5399 0.8308
51 0.0674 0.0958 0.8965 0.2796 0.8650 0.1449 0.4984 0.8537 0.5299 0.8279
52 0.0699 0.1005 0.8911 0.2897 0.8605 0.1395 0.4992 0.8541 0.5607 0.8310
53 0.0777 0.1134 0.8872 0.3093 0.8542 0.1233 0.5010 0.8588 0.4926 0.8309
54 0.0988 0.1402 0.8759 0.3666 0.8429 0.1410 0.4963 0.8455 0.5736 0.8171
55 0.1078 0.1513 0.8562 0.4087 0.8179 0.1372 0.5219 0.8358 0.5400 0.8052
56 0.1077 0.1501 0.8629 0.3944 0.8327 0.1344 0.5015 0.8437 0.5391 0.8127
57 0.0786 0.1136 0.8822 0.3190 0.8490 0.1498 0.4940 0.8451 0.5747 0.8167
58 0.0698 0.1012 0.8935 0.2883 0.8632 0.1454 0.4991 0.8466 0.5443 0.8174
59 0.0668 0.0959 0.8987 0.2733 0.8668 0.1237 0.4927 0.8549 0.5071 0.8306
60 0.0658 0.0948 0.8979 0.2652 0.8696 0.1205 0.4933 0.8580 0.4879 0.8320
61 0.0656 0.0951 0.9005 0.2653 0.8704 0.1224 0.4897 0.8571 0.5009 0.8303
62 0.0594 0.0860 0.9005 0.2640 0.8714 0.1523 0.4959 0.8473 0.5828 0.8234
63 0.0681 0.0975 0.8933 0.2864 0.8593 0.1387 0.4986 0.8451 0.5515 0.8144
64 0.0833 0.1127 0.8908 0.3230 0.8577 0.1318 0.4985 0.8351 0.5465 0.8108
65 0.0849 0.1179 0.8837 0.3303 0.8500 0.1264 0.5031 0.8454 0.5094 0.8175
66 0.0813 0.1170 0.8800 0.3329 0.8474 0.1368 0.5013 0.8350 0.5607 0.8072
67 0.0705 0.1027 0.8902 0.2977 0.8594 0.1619 0.4975 0.8413 0.6160 0.8142
68 0.0674 0.0962 0.8962 0.2751 0.8664 0.1454 0.4932 0.8558 0.5692 0.8287
69 0.0527 0.0759 0.9052 0.2412 0.8758 0.1448 0.4863 0.8570 0.5636 0.8320
70 0.0525 0.0763 0.9064 0.2378 0.8787 0.1431 0.4861 0.8586 0.5519 0.8335
71 0.0499 0.0721 0.9119 0.2224 0.8818 0.1434 0.4891 0.8596 0.5482 0.8334
72 0.0517 0.0745 0.9075 0.2371 0.8766 0.1477 0.4892 0.8533 0.5628 0.8249
73 0.0647 0.0908 0.8984 0.2706 0.8687 0.1303 0.4943 0.8538 0.5211 0.8293
74 0.0631 0.0897 0.8977 0.2721 0.8656 0.1598 0.4963 0.8495 0.6187 0.8266
75 0.0730 0.1038 0.8811 0.3173 0.8476 0.1654 0.5017 0.8495 0.5983 0.8195
76 0.0716 0.1025 0.8924 0.3010 0.8600 0.1408 0.4991 0.8569 0.5295 0.8278
77 0.0605 0.0872 0.8979 0.2649 0.8686 0.1438 0.4850 0.8634 0.5785 0.8364
78 0.0565 0.0806 0.9056 0.2465 0.8772 0.1377 0.4902 0.8600 0.5463 0.8345
79 0.0500 0.0727 0.9094 0.2274 0.8809 0.1479 0.4796 0.8625 0.5539 0.8349
80 0.0467 0.0706 0.9129 0.2186 0.8855 0.1492 0.4807 0.8645 0.5524 0.8383
81 0.0463 0.0664 0.9165 0.2167 0.8872 0.1408 0.4776 0.8671 0.5359 0.8413
82 0.0543 0.0743 0.9119 0.2351 0.8836 0.1271 0.4793 0.8647 0.5017 0.8387
83 0.0556 0.0798 0.9051 0.2479 0.8742 0.1286 0.4836 0.8707 0.5151 0.8456
84 0.0695 0.0966 0.8942 0.2932 0.8637 0.1340 0.4994 0.8608 0.5261 0.8323
85 0.0926 0.1295 0.8730 0.3548 0.8389 0.1586 0.5177 0.8446 0.5936 0.8138
86 0.0732 0.1057 0.8922 0.3000 0.8589 0.1430 0.4906 0.8573 0.5441 0.8319
87 0.0620 0.0889 0.9000 0.2650 0.8723 0.1402 0.4891 0.8585 0.5570 0.8299
88 0.0542 0.0786 0.9066 0.2408 0.8782 0.1429 0.4861 0.8649 0.5481 0.8388
89 0.0505 0.0724 0.9098 0.2320 0.8831 0.1351 0.4841 0.8632 0.5162 0.8392
90 0.0477 0.0681 0.9116 0.2203 0.8847 0.1378 0.4846 0.8644 0.5162 0.8394
91 0.0478 0.0667 0.9155 0.2155 0.8886 0.1393 0.4787 0.8641 0.5409 0.8404
92 0.0444 0.0643 0.9140 0.2153 0.8865 0.1386 0.4812 0.8669 0.5335 0.8411
93 0.0521 0.0722 0.9114 0.2313 0.8823 0.1444 0.4891 0.8561 0.5628 0.8270
94 0.0582 0.0821 0.9063 0.2502 0.8769 0.1398 0.4836 0.8574 0.5347 0.8286
95 0.0579 0.0828 0.9036 0.2551 0.8719 0.1531 0.5007 0.8469 0.5707 0.8159
96 0.0551 0.0811 0.9024 0.2523 0.8743 0.1919 0.4865 0.8559 0.6796 0.8282
97 0.0536 0.0759 0.9044 0.2446 0.8750 0.1548 0.4911 0.8595 0.5633 0.8329
98 0.0483 0.0699 0.9122 0.2182 0.8828 0.1359 0.4826 0.8669 0.5290 0.8423
99 0.0441 0.0625 0.9169 0.2106 0.8893 0.1198 0.4809 0.8703 0.4807 0.8474
100 0.0425 0.0615 0.9206 0.1959 0.8947 0.1214 0.4806 0.8724 0.4779 0.8502
101 0.0387 0.0560 0.9231 0.1879 0.8962 0.1338 0.4713 0.8743 0.5213 0.8487
102 0.0407 0.0583 0.9141 0.2098 0.8857 0.1377 0.4802 0.8735 0.5136 0.8464
103 0.0490 0.0694 0.9118 0.2212 0.8842 0.1357 0.4826 0.8656 0.5673 0.8398
104 0.0632 0.0875 0.9027 0.2670 0.8720 0.1352 0.4895 0.8557 0.5388 0.8308
105 0.0811 0.1113 0.8856 0.3230 0.8532 0.1280 0.5050 0.8508 0.5159 0.8233
106 0.0714 0.1025 0.8984 0.2847 0.8671 0.1261 0.5024 0.8508 0.4889 0.8234
107 0.0609 0.0884 0.9018 0.2568 0.8733 0.1348 0.4835 0.8604 0.5426 0.8341
108 0.0507 0.0725 0.9091 0.2272 0.8823 0.1320 0.4820 0.8670 0.5365 0.8412
109 0.0408 0.0597 0.9194 0.1994 0.8946 0.1234 0.4761 0.8665 0.5078 0.8411
110 0.0408 0.0597 0.9218 0.1929 0.8948 0.1226 0.4764 0.8669 0.5046 0.8422
111 0.0386 0.0556 0.9242 0.1885 0.8981 0.1280 0.4766 0.8667 0.5271 0.8412
112 0.0398 0.0568 0.9224 0.1928 0.8967 0.1322 0.4725 0.8680 0.5375 0.8423
113 0.0443 0.0624 0.9167 0.2101 0.8882 0.1400 0.4859 0.8674 0.5495 0.8430
114 0.0524 0.0740 0.9070 0.2407 0.8795 0.1607 0.4899 0.8594 0.5927 0.8345
115 0.0672 0.0950 0.8931 0.2841 0.8633 0.1307 0.4892 0.8591 0.5153 0.8328
116 0.0612 0.0873 0.9044 0.2590 0.8752 0.1406 0.4945 0.8592 0.5263 0.8338
117 0.0506 0.0734 0.9119 0.2276 0.8838 0.1522 0.4784 0.8567 0.5739 0.8314
118 0.0427 0.0611 0.9167 0.2091 0.8921 0.1431 0.4807 0.8614 0.5455 0.8373
119 0.0409 0.0585 0.9225 0.1911 0.8970 0.1226 0.4778 0.8649 0.4920 0.8406
120 0.0374 0.0553 0.9225 0.1825 0.8982 0.1245 0.4770 0.8656 0.4984 0.8417
121 0.0364 0.0528 0.9239 0.1852 0.8991 0.1337 0.4740 0.8666 0.5376 0.8433
122 0.0353 0.0492 0.9261 0.1788 0.9017 0.1542 0.4733 0.8626 0.6023 0.8397
123 0.0390 0.0536 0.9168 0.2015 0.8916 0.1330 0.4830 0.8597 0.5345 0.8328
124 0.0503 0.0707 0.9087 0.2347 0.8814 0.1147 0.4825 0.8569 0.4827 0.8300
125 0.0584 0.0828 0.9060 0.2519 0.8753 0.1484 0.4911 0.8424 0.5692 0.8131
126 0.0533 0.0741 0.9090 0.2351 0.8805 0.1633 0.4820 0.8627 0.6026 0.8351
127 0.0516 0.0719 0.9122 0.2277 0.8849 0.1222 0.4818 0.8618 0.5077 0.8339
128 0.0405 0.0577 0.9200 0.1977 0.8956 0.1330 0.4786 0.8678 0.5151 0.8425
129 0.0346 0.0481 0.9262 0.1752 0.9017 0.1419 0.4745 0.8703 0.5489 0.8462
130 0.0361 0.0498 0.9261 0.1771 0.9017 0.1370 0.4750 0.8695 0.5350 0.8447
131 0.0356 0.0500 0.9241 0.1794 0.9016 0.1443 0.4703 0.8675 0.5662 0.8428
132 0.0369 0.0517 0.9220 0.1865 0.8971 0.1524 0.4725 0.8679 0.5742 0.8413
133 0.0384 0.0537 0.9219 0.1910 0.8947 0.1414 0.4723 0.8620 0.5526 0.8349
134 0.0385 0.0542 0.9176 0.1990 0.8888 0.1507 0.4716 0.8631 0.6091 0.8363
135 0.0625 0.0839 0.9045 0.2605 0.8753 0.1550 0.5353 0.8326 0.5608 0.7996
136 0.0584 0.0851 0.9058 0.2518 0.8756 0.1255 0.4859 0.8605 0.5313 0.8334
137 0.0423 0.0602 0.9199 0.2010 0.8911 0.1436 0.4815 0.8636 0.5536 0.8375
138 0.0432 0.0591 0.9241 0.1942 0.9007 0.1248 0.4788 0.8621 0.5093 0.8362
139 0.0358 0.0511 0.9253 0.1786 0.9000 0.1350 0.4726 0.8664 0.5443 0.8411
140 0.0325 0.0465 0.9344 0.1641 0.9119 0.1340 0.4720 0.8670 0.5469 0.8422
141 0.0322 0.0453 0.9266 0.1715 0.9022 0.1413 0.4713 0.8715 0.5609 0.8468
142 0.0324 0.0461 0.9287 0.1688 0.9044 0.1450 0.4743 0.8688 0.5813 0.8417
143 0.0371 0.0491 0.9300 0.1767 0.9049 0.1591 0.4769 0.8617 0.5970 0.8363
144 0.0529 0.0728 0.9069 0.2411 0.8784 0.1389 0.4996 0.8576 0.5278 0.8292
145 0.0677 0.0927 0.9007 0.2707 0.8703 0.1390 0.4992 0.8477 0.5615 0.8180
146 0.0589 0.0834 0.9089 0.2428 0.8804 0.1590 0.4855 0.8583 0.6142 0.8319
147 0.0437 0.0638 0.9166 0.2089 0.8896 0.1646 0.4781 0.8589 0.6305 0.8326
148 0.0388 0.0544 0.9231 0.1884 0.8982 0.1563 0.4772 0.8558 0.5932 0.8333
149 0.0334 0.0462 0.9280 0.1718 0.9061 0.1454 0.4781 0.8596 0.5639 0.8363
150 0.0348 0.0505 0.9305 0.1675 0.9071 0.1391 0.4777 0.8589 0.5430 0.8340
151 0.0329 0.0458 0.9274 0.1679 0.9037 0.1500 0.4689 0.8641 0.5938 0.8389
152 0.0320 0.0446 0.9300 0.1666 0.9051 0.1527 0.4673 0.8629 0.6149 0.8394
153 0.0332 0.0461 0.9265 0.1733 0.9004 0.1614 0.4732 0.8634 0.6296 0.8377
154 0.0472 0.0655 0.9156 0.2173 0.8879 0.1499 0.4799 0.8578 0.5969 0.8329
155 0.0558 0.0798 0.9117 0.2405 0.8821 0.1759 0.4849 0.8634 0.6353 0.8345
156 0.0471 0.0664 0.9178 0.2123 0.8921 0.1480 0.4773 0.8455 0.5975 0.8163
157 0.0444 0.0624 0.9210 0.2031 0.8961 0.1509 0.4801 0.8672 0.5866 0.8409
158 0.0348 0.0484 0.9261 0.1743 0.9033 0.1575 0.4754 0.8650 0.6092 0.8409
159 0.0318 0.0454 0.9265 0.1699 0.9053 0.1685 0.4740 0.8612 0.6369 0.8373
160 0.0291 0.0402 0.9338 0.1586 0.9125 0.1713 0.4725 0.8657 0.6435 0.8433
161 0.0301 0.0424 0.9312 0.1629 0.9077 0.1471 0.4743 0.8694 0.5721 0.8466
162 0.0332 0.0468 0.9288 0.1706 0.9038 0.1447 0.4692 0.8688 0.5609 0.8399
163 0.0340 0.0480 0.9286 0.1744 0.9048 0.1736 0.4800 0.8672 0.6587 0.8425
164 0.0334 0.0455 0.9274 0.1737 0.9021 0.1558 0.4791 0.8593 0.6240 0.8320
165 0.0602 0.0809 0.9045 0.2576 0.8767 0.2540 0.5082 0.8372 0.7963 0.8034
166 0.0701 0.0986 0.9010 0.2783 0.8729 0.1842 0.4924 0.8465 0.6497 0.8243
167 0.0434 0.0628 0.9193 0.2007 0.8955 0.1998 0.4871 0.8677 0.6881 0.8460
168 0.0366 0.0526 0.9265 0.1783 0.9012 0.1561 0.4737 0.8685 0.6027 0.8462
169 0.0331 0.0471 0.9320 0.1637 0.9070 0.1485 0.4736 0.8712 0.5632 0.8474
170 0.0302 0.0425 0.9356 0.1514 0.9131 0.1490 0.4736 0.8711 0.5636 0.8482
171 0.0283 0.0388 0.9381 0.1484 0.9161 0.1588 0.4715 0.8695 0.5965 0.8469
172 0.0320 0.0451 0.9306 0.1622 0.9077 0.1484 0.4757 0.8700 0.5700 0.8460
173 0.0307 0.0434 0.9241 0.1752 0.9004 0.1901 0.4723 0.8638 0.6878 0.8394
174 0.0362 0.0506 0.9253 0.1871 0.8999 0.1580 0.4759 0.8664 0.6130 0.8422
175 0.0383 0.0544 0.9233 0.1932 0.8989 0.1451 0.4904 0.8595 0.5670 0.8329
176 0.0411 0.0572 0.9195 0.2007 0.8931 0.1491 0.4820 0.8572 0.6011 0.8279
177 0.0352 0.0507 0.9281 0.1740 0.9052 0.1529 0.4728 0.8662 0.6285 0.8404
178 0.0338 0.0468 0.9292 0.1692 0.9057 0.1467 0.4770 0.8605 0.5943 0.8352
179 0.0277 0.0391 0.9316 0.1561 0.9124 0.1648 0.4690 0.8672 0.6396 0.8409
180 0.0268 0.0376 0.9340 0.1466 0.9129 0.1556 0.4695 0.8685 0.6187 0.8419
181 0.0273 0.0383 0.9341 0.1522 0.9133 0.1811 0.4731 0.8596 0.6787 0.8353
182 0.0307 0.0416 0.9319 0.1610 0.9076 0.1521 0.4760 0.8621 0.6194 0.8370
183 0.0357 0.0496 0.9319 0.1660 0.9082 0.1544 0.4875 0.8655 0.6182 0.8410
184 0.0365 0.0502 0.9268 0.1785 0.9014 0.1509 0.4795 0.8644 0.6033 0.8388
185 0.0554 0.0763 0.9056 0.2457 0.8772 0.1493 0.4886 0.8454 0.6207 0.8133
186 0.0468 0.0661 0.9172 0.2152 0.8872 0.1523 0.4868 0.8632 0.5794 0.8367
187 0.0421 0.0591 0.9233 0.1918 0.8973 0.1374 0.4736 0.8702 0.5896 0.8454
188 0.0317 0.0452 0.9302 0.1655 0.9083 0.1485 0.4694 0.8718 0.5823 0.8481
189 0.0285 0.0385 0.9321 0.1518 0.9095 0.1501 0.4688 0.8725 0.5916 0.8489
190 0.0265 0.0374 0.9389 0.1410 0.9172 0.1536 0.4677 0.8736 0.6042 0.8508
191 0.0258 0.0360 0.9369 0.1424 0.9149 0.1686 0.4665 0.8715 0.6512 0.8495
192 0.0280 0.0388 0.9388 0.1453 0.9167 0.1626 0.4689 0.8693 0.6219 0.8451
193 0.0289 0.0393 0.9336 0.1558 0.9113 0.1367 0.4738 0.8651 0.5768 0.8380
194 0.0341 0.0478 0.9250 0.1794 0.8996 0.1490 0.4843 0.8506 0.6068 0.8231
195 0.0524 0.0702 0.9141 0.2323 0.8858 0.1458 0.4864 0.8625 0.5792 0.8340
196 0.0402 0.0584 0.9220 0.1947 0.8957 0.1394 0.4752 0.8623 0.5783 0.8368
197 0.0350 0.0493 0.9308 0.1736 0.9081 0.1686 0.4728 0.8682 0.6671 0.8447
198 0.0318 0.0446 0.9341 0.1617 0.9104 0.1159 0.4772 0.8655 0.4995 0.8441
199 0.0291 0.0414 0.9361 0.1486 0.9150 0.1398 0.4723 0.8667 0.5852 0.8454
