epoch train_BCELoss train_SoftDiceLoss train_iou train_loss train_mAP val_BCELoss val_SoftDiceLoss val_iou val_loss val_mAP
0 0.5868 0.6793 0.2520 1.9807 0.2503 0.5456 0.7656 0.3323 1.8463 0.3269
1 0.3355 0.4476 0.6112 1.1925 0.5444 0.2792 0.6545 0.6593 1.0110 0.6054
2 0.2702 0.3653 0.7021 0.9307 0.6402 0.2669 0.6348 0.7172 0.8698 0.6624
3 0.2444 0.3315 0.7273 0.8319 0.6740 0.2536 0.6367 0.7205 0.7817 0.6740
4 0.2236 0.3099 0.7503 0.7697 0.7001 0.2235 0.6058 0.7280 0.7564 0.6679
5 0.2024 0.2827 0.7670 0.6951 0.7205 0.1850 0.5592 0.7798 0.7006 0.7374
6 0.1915 0.2654 0.7821 0.6585 0.7362 0.1805 0.5651 0.7747 0.6555 0.7356
7 0.1715 0.2392 0.8010 0.5901 0.7610 0.1873 0.5696 0.7930 0.6330 0.7488
8 0.1570 0.2268 0.8184 0.5376 0.7777 0.1558 0.5470 0.8115 0.5599 0.7788
9 0.1488 0.2129 0.8270 0.5158 0.7866 0.1591 0.5529 0.8065 0.5638 0.7778
10 0.1512 0.2187 0.8347 0.4932 0.7979 0.1565 0.5475 0.8126 0.5501 0.7808
11 0.1424 0.2070 0.8360 0.4886 0.7979 0.1496 0.5335 0.8174 0.5590 0.7858
12 0.1468 0.2085 0.8230 0.5218 0.7834 0.1625 0.5525 0.8123 0.5576 0.7804
13 0.1491 0.2106 0.8209 0.5228 0.7831 0.1738 0.5554 0.7747 0.6925 0.7385
14 0.1649 0.2282 0.8162 0.5603 0.7742 0.1798 0.5648 0.7919 0.6153 0.7627
15 0.1645 0.2325 0.8102 0.5715 0.7678 0.1769 0.5513 0.8061 0.6346 0.7721
16 0.1473 0.2068 0.8311 0.5176 0.7911 0.1583 0.5451 0.8072 0.5781 0.7754
17 0.1328 0.1907 0.8398 0.4719 0.8004 0.1714 0.5409 0.8069 0.6185 0.7637
18 0.1278 0.1853 0.8473 0.4473 0.8082 0.1438 0.5282 0.8171 0.5490 0.7839
19 0.1178 0.1715 0.8541 0.4203 0.8179 0.1403 0.5287 0.8243 0.5213 0.7929
20 0.1112 0.1611 0.8652 0.3893 0.8310 0.1377 0.5263 0.8271 0.5150 0.7974
21 0.1055 0.1536 0.8631 0.3897 0.8277 0.1389 0.5247 0.8316 0.5229 0.7995
22 0.1138 0.1634 0.8563 0.4121 0.8193 0.1472 0.5234 0.8253 0.5378 0.7923
23 0.1200 0.1736 0.8453 0.4465 0.8081 0.1753 0.5459 0.8224 0.5964 0.7936
24 0.1282 0.1787 0.8466 0.4578 0.8087 0.1659 0.5507 0.8005 0.5851 0.7684
25 0.1408 0.1945 0.8386 0.4927 0.8020 0.1813 0.5279 0.7955 0.7118 0.7645
26 0.1264 0.1800 0.8465 0.4496 0.8112 0.1454 0.5209 0.8172 0.5804 0.7923
27 0.1185 0.1635 0.8580 0.4237 0.8230 0.1476 0.5171 0.8095 0.5759 0.7852
28 0.1022 0.1475 0.8636 0.3887 0.8306 0.1498 0.5212 0.8264 0.5600 0.7990
29 0.0940 0.1380 0.8733 0.3567 0.8413 0.1409 0.5127 0.8361 0.5404 0.8107
30 0.0868 0.1281 0.8769 0.3383 0.8458 0.1401 0.5123 0.8398 0.5301 0.8127
31 0.0914 0.1361 0.8778 0.3408 0.8458 0.1525 0.5131 0.8340 0.5511 0.8067
32 0.0891 0.1271 0.8741 0.3485 0.8395 0.1490 0.5141 0.8372 0.5656 0.8076
33 0.0936 0.1355 0.8722 0.3628 0.8379 0.1775 0.5145 0.8272 0.6536 0.7965
34 0.1122 0.1570 0.8543 0.4201 0.8171 0.1682 0.5452 0.8229 0.5735 0.7874
35 0.1202 0.1669 0.8562 0.4374 0.8179 0.1589 0.5329 0.8080 0.5916 0.7730
36 0.1142 0.1642 0.8600 0.4101 0.8231 0.1633 0.5003 0.8182 0.6716 0.7894
37 0.0984 0.1406 0.8676 0.3732 0.8343 0.1591 0.5158 0.8394 0.5787 0.8133
38 0.0827 0.1190 0.8803 0.3266 0.8492 0.1442 0.5135 0.8366 0.5283 0.8095
39 0.0781 0.1120 0.8855 0.3153 0.8521 0.1340 0.5021 0.8304 0.5277 0.8076
40 0.0733 0.1100 0.8850 0.2938 0.8556 0.1380 0.5027 0.8345 0.5338 0.8109
41 0.0761 0.1114 0.8884 0.3052 0.8557 0.1555 0.4964 0.8433 0.5903 0.8143
42 0.0705 0.1036 0.8888 0.2962 0.8584 0.1759 0.5016 0.8469 0.6300 0.8178
43 0.0795 0.1150 0.8820 0.3292 0.8485 0.1494 0.5119 0.8263 0.5609 0.8001
44 0.0884 0.1283 0.8766 0.3496 0.8381 0.1680 0.5078 0.8425 0.5968 0.8067
45 0.0989 0.1371 0.8671 0.3876 0.8305 0.1553 0.5193 0.8158 0.5632 0.7767
46 0.1048 0.1517 0.8611 0.3935 0.8256 0.1729 0.5098 0.8403 0.6271 0.8036
47 0.0816 0.1174 0.8813 0.3325 0.8482 0.1445 0.5176 0.8363 0.5221 0.8067
48 0.0782 0.1129 0.8887 0.3093 0.8563 0.1523 0.5032 0.8400 0.5585 0.8090
49 0.0665 0.0985 0.8966 0.2722 0.8643 0.1668 0.4918 0.8529 0.6039 0.8267
50 0.0594 0.0886 0.8993 0.2594 0.8702 0.1764 0.4912 0.8509 0.6301 0.8255
51 0.0598 0.0866 0.8965 0.2624 0.8677 0.1910 0.4916 0.8522 0.6562 0.8246
52 0.0639 0.0954 0.8933 0.2826 0.8616 0.1455 0.4960 0.8378 0.5526 0.8083
53 0.0619 0.0904 0.8943 0.2750 0.8641 0.2045 0.4930 0.8409 0.6977 0.8101
54 0.0784 0.1119 0.8840 0.3157 0.8493 0.1382 0.5087 0.8468 0.5474 0.8167
55 0.0838 0.1195 0.8774 0.3391 0.8459 0.2239 0.5138 0.8302 0.7421 0.8004
56 0.0795 0.1129 0.8841 0.3225 0.8504 0.1638 0.5194 0.8258 0.6051 0.7853
57 0.0755 0.1074 0.8891 0.3092 0.8562 0.1526 0.5021 0.8316 0.5784 0.8024
58 0.0640 0.0921 0.8922 0.2793 0.8617 0.1971 0.4989 0.8338 0.7054 0.8062
59 0.0549 0.0805 0.9017 0.2470 0.8718 0.1592 0.4867 0.8468 0.5952 0.8191
60 0.0547 0.0748 0.9083 0.2453 0.8806 0.1568 0.4861 0.8518 0.5830 0.8237
61 0.0555 0.0811 0.9073 0.2424 0.8791 0.1444 0.4944 0.8452 0.5454 0.8188
62 0.0516 0.0753 0.9054 0.2435 0.8757 0.1652 0.4920 0.8434 0.6274 0.8180
63 0.0533 0.0765 0.9060 0.2429 0.8758 0.1703 0.4898 0.8339 0.6436 0.8061
64 0.0671 0.1002 0.8932 0.2907 0.8592 0.2194 0.5009 0.8376 0.7535 0.8094
65 0.0867 0.1205 0.8773 0.3482 0.8430 0.1620 0.4974 0.8234 0.6697 0.7877
66 0.0782 0.1097 0.8863 0.3186 0.8532 0.1420 0.5093 0.8332 0.5449 0.8056
67 0.0677 0.0976 0.8957 0.2873 0.8668 0.1437 0.4999 0.8422 0.5425 0.8136
68 0.0569 0.0842 0.9025 0.2537 0.8726 0.1536 0.4951 0.8441 0.5849 0.8168
69 0.0552 0.0812 0.9066 0.2444 0.8769 0.1546 0.4984 0.8436 0.5702 0.8168
70 0.0522 0.0800 0.9108 0.2285 0.8816 0.1601 0.4933 0.8418 0.5887 0.8149
71 0.0507 0.0740 0.9104 0.2293 0.8824 0.1863 0.4856 0.8455 0.6640 0.8203
72 0.0487 0.0703 0.9147 0.2198 0.8876 0.1938 0.4910 0.8483 0.6695 0.8202
73 0.0587 0.0812 0.9057 0.2545 0.8752 0.1607 0.4988 0.8358 0.6278 0.8126
74 0.0637 0.0931 0.8961 0.2788 0.8661 0.2037 0.5226 0.8148 0.7350 0.7871
75 0.0730 0.1055 0.8899 0.3084 0.8554 0.2201 0.5086 0.8041 0.8124 0.7725
76 0.0651 0.0941 0.8909 0.2871 0.8589 0.1453 0.5026 0.8337 0.5850 0.8056
77 0.0646 0.0946 0.8985 0.2766 0.8663 0.1856 0.4943 0.8335 0.6723 0.8060
78 0.0560 0.0818 0.9031 0.2481 0.8738 0.1495 0.4837 0.8498 0.5561 0.8201
79 0.0473 0.0658 0.9139 0.2197 0.8862 0.1435 0.4824 0.8516 0.5508 0.8231
80 0.0451 0.0666 0.9155 0.2093 0.8898 0.1476 0.4832 0.8526 0.5614 0.8246
81 0.0445 0.0653 0.9176 0.2088 0.8902 0.1599 0.4801 0.8432 0.6081 0.8167
82 0.0433 0.0626 0.9123 0.2125 0.8819 0.1657 0.4805 0.8520 0.6257 0.8238
83 0.0495 0.0699 0.9130 0.2273 0.8834 0.1579 0.4939 0.8288 0.5942 0.7996
84 0.0532 0.0774 0.9055 0.2444 0.8754 0.1807 0.4869 0.8420 0.6623 0.8166
85 0.0625 0.0897 0.8946 0.2811 0.8618 0.2033 0.5101 0.8117 0.7370 0.7794
86 0.0734 0.1061 0.8912 0.3042 0.8605 0.1750 0.5031 0.8319 0.6829 0.8034
87 0.0667 0.0971 0.8951 0.2834 0.8634 0.1835 0.5133 0.8288 0.6257 0.7928
88 0.0534 0.0781 0.9126 0.2314 0.8839 0.1789 0.4770 0.8476 0.6617 0.8151
89 0.0420 0.0594 0.9165 0.2055 0.8912 0.1958 0.4788 0.8467 0.6909 0.8194
90 0.0417 0.0592 0.9222 0.1974 0.8963 0.1989 0.4785 0.8460 0.6969 0.8189
91 0.0413 0.0601 0.9193 0.1979 0.8925 0.1784 0.4772 0.8498 0.6466 0.8195
92 0.0415 0.0589 0.9167 0.2057 0.8903 0.1780 0.4810 0.8486 0.6534 0.8190
93 0.0440 0.0623 0.9142 0.2140 0.8876 0.2206 0.4810 0.8418 0.7754 0.8132
94 0.0532 0.0741 0.9068 0.2388 0.8773 0.1518 0.5029 0.8347 0.5866 0.8078
95 0.0716 0.1011 0.8857 0.3106 0.8546 0.2073 0.5118 0.8382 0.7006 0.8114
96 0.0614 0.0920 0.8956 0.2731 0.8651 0.1752 0.4791 0.8402 0.6823 0.8143
97 0.0515 0.0717 0.9108 0.2362 0.8816 0.1806 0.4835 0.8373 0.6892 0.8133
98 0.0462 0.0653 0.9132 0.2202 0.8850 0.1659 0.4759 0.8478 0.6292 0.8219
99 0.0420 0.0608 0.9200 0.2001 0.8926 0.2058 0.4771 0.8504 0.7171 0.8257
100 0.0384 0.0554 0.9244 0.1840 0.8994 0.2035 0.4751 0.8539 0.7102 0.8272
101 0.0398 0.0568 0.9206 0.1938 0.8953 0.2044 0.4728 0.8533 0.7184 0.8244
102 0.0415 0.0598 0.9142 0.2126 0.8858 0.1906 0.4755 0.8560 0.6798 0.8299
103 0.0418 0.0584 0.9189 0.2019 0.8907 0.1987 0.4789 0.8407 0.7321 0.8132
104 0.0468 0.0645 0.9117 0.2241 0.8827 0.1667 0.4892 0.8350 0.6566 0.8025
105 0.0595 0.0843 0.8962 0.2722 0.8653 0.1639 0.4932 0.8462 0.6119 0.8192
106 0.0615 0.0881 0.8986 0.2674 0.8678 0.1288 0.4951 0.8545 0.4879 0.8252
107 0.0582 0.0844 0.9054 0.2500 0.8794 0.1747 0.4974 0.8458 0.6186 0.8177
108 0.0480 0.0687 0.9150 0.2167 0.8868 0.1655 0.4789 0.8485 0.6402 0.8198
109 0.0387 0.0559 0.9206 0.1930 0.8952 0.1689 0.4756 0.8572 0.6328 0.8310
110 0.0372 0.0519 0.9244 0.1850 0.8984 0.1689 0.4764 0.8573 0.6336 0.8306
111 0.0367 0.0508 0.9258 0.1849 0.9016 0.1784 0.4802 0.8570 0.6562 0.8287
112 0.0383 0.0543 0.9237 0.1869 0.8986 0.1734 0.4759 0.8652 0.6283 0.8355
113 0.0457 0.0636 0.9139 0.2139 0.8848 0.1612 0.4715 0.8530 0.6486 0.8252
114 0.0496 0.0714 0.9154 0.2257 0.8878 0.1395 0.4877 0.8552 0.5406 0.8261
115 0.0522 0.0716 0.9098 0.2352 0.8806 0.1864 0.4907 0.8379 0.6920 0.8071
116 0.0512 0.0711 0.9138 0.2279 0.8851 0.1919 0.4983 0.8401 0.6828 0.8094
117 0.0433 0.0633 0.9178 0.2091 0.8914 0.1368 0.4777 0.8522 0.5589 0.8273
118 0.0407 0.0579 0.9200 0.1960 0.8951 0.1504 0.4708 0.8544 0.5962 0.8251
119 0.0352 0.0501 0.9262 0.1769 0.9017 0.1763 0.4720 0.8587 0.6510 0.8329
120 0.0328 0.0453 0.9281 0.1699 0.9045 0.1682 0.4723 0.8597 0.6242 0.8341
121 0.0333 0.0473 0.9284 0.1723 0.9037 0.1696 0.4716 0.8590 0.6303 0.8296
122 0.0319 0.0450 0.9300 0.1685 0.9068 0.1843 0.4766 0.8473 0.6740 0.8206
123 0.0350 0.0491 0.9221 0.1847 0.8963 0.2476 0.4753 0.8476 0.8320 0.8192
124 0.0497 0.0678 0.9112 0.2278 0.8820 0.1440 0.4785 0.8359 0.5859 0.8019
125 0.0509 0.0700 0.9123 0.2339 0.8824 0.2130 0.4807 0.8392 0.7817 0.8121
126 0.0534 0.0758 0.9060 0.2506 0.8776 0.1927 0.4838 0.8523 0.6780 0.8228
127 0.0432 0.0625 0.9181 0.2057 0.8904 0.2305 0.4826 0.8486 0.7677 0.8190
128 0.0364 0.0525 0.9236 0.1862 0.8972 0.2087 0.4756 0.8639 0.7168 0.8322
129 0.0330 0.0473 0.9319 0.1645 0.9108 0.1982 0.4744 0.8560 0.6983 0.8294
130 0.0334 0.0470 0.9252 0.1738 0.9009 0.1922 0.4725 0.8612 0.6836 0.8319
131 0.0334 0.0474 0.9294 0.1734 0.9064 0.1777 0.4745 0.8536 0.6605 0.8275
132 0.0331 0.0463 0.9289 0.1739 0.9055 0.2108 0.4714 0.8599 0.7423 0.8337
133 0.0343 0.0472 0.9252 0.1789 0.8992 0.2342 0.4786 0.8509 0.8122 0.8188
134 0.0397 0.0553 0.9236 0.1926 0.8962 0.1982 0.4763 0.8492 0.7423 0.8183
135 0.0520 0.0731 0.9111 0.2346 0.8835 0.2122 0.4945 0.8414 0.7189 0.8115
136 0.0512 0.0724 0.9090 0.2373 0.8805 0.2216 0.4901 0.8495 0.7353 0.8236
137 0.0374 0.0544 0.9177 0.1981 0.8916 0.2588 0.4855 0.8477 0.8270 0.8171
138 0.0374 0.0526 0.9220 0.1894 0.8963 0.2152 0.4804 0.8509 0.7219 0.8236
139 0.0350 0.0515 0.9301 0.1715 0.9078 0.2383 0.4739 0.8547 0.7877 0.8267
140 0.0318 0.0461 0.9309 0.1621 0.9082 0.2352 0.4714 0.8579 0.7774 0.8288
141 0.0313 0.0449 0.9288 0.1668 0.9059 0.2199 0.4681 0.8567 0.7419 0.8272
142 0.0325 0.0447 0.9292 0.1651 0.9061 0.2573 0.4706 0.8585 0.8430 0.8313
143 0.0312 0.0433 0.9249 0.1747 0.9002 0.2142 0.4743 0.8566 0.7281 0.8274
144 0.0376 0.0529 0.9212 0.1946 0.8943 0.2256 0.4942 0.8416 0.7551 0.8124
145 0.0608 0.0833 0.9050 0.2572 0.8754 0.1636 0.4976 0.8423 0.6240 0.8141
146 0.0462 0.0666 0.9132 0.2203 0.8846 0.1588 0.4830 0.8456 0.5998 0.8126
147 0.0408 0.0577 0.9205 0.1983 0.8956 0.1523 0.4766 0.8530 0.5894 0.8242
148 0.0363 0.0524 0.9240 0.1856 0.9003 0.1886 0.4766 0.8474 0.6948 0.8197
149 0.0306 0.0432 0.9324 0.1570 0.9102 0.2163 0.4736 0.8542 0.7583 0.8256
150 0.0299 0.0408 0.9324 0.1610 0.9111 0.2129 0.4725 0.8526 0.7485 0.8243
151 0.0294 0.0407 0.9367 0.1534 0.9157 0.1964 0.4738 0.8479 0.7164 0.8212
152 0.0291 0.0400 0.9351 0.1553 0.9126 0.2007 0.4702 0.8413 0.7376 0.8159
153 0.0370 0.0508 0.9290 0.1754 0.9067 0.1889 0.4751 0.8445 0.6838 0.8160
154 0.0381 0.0536 0.9208 0.1929 0.8975 0.2212 0.4787 0.8469 0.7578 0.8204
155 0.0354 0.0486 0.9254 0.1835 0.8999 0.2431 0.4813 0.8397 0.8372 0.8160
156 0.0460 0.0625 0.9182 0.2148 0.8938 0.1837 0.4840 0.8413 0.6753 0.8143
157 0.0360 0.0500 0.9246 0.1844 0.9018 0.1985 0.4724 0.8424 0.7340 0.8179
158 0.0296 0.0414 0.9319 0.1584 0.9092 0.2128 0.4708 0.8483 0.7555 0.8215
159 0.0267 0.0374 0.9368 0.1457 0.9157 0.2132 0.4689 0.8449 0.7695 0.8181
160 0.0257 0.0353 0.9400 0.1393 0.9204 0.2125 0.4671 0.8498 0.7630 0.8222
161 0.0268 0.0367 0.9343 0.1520 0.9147 0.1847 0.4670 0.8527 0.6786 0.8246
162 0.0274 0.0371 0.9349 0.1471 0.9126 0.2104 0.4634 0.8508 0.7635 0.8251
163 0.0292 0.0406 0.9321 0.1590 0.9089 0.2230 0.4713 0.8453 0.7734 0.8120
164 0.0354 0.0478 0.9273 0.1785 0.9019 0.2369 0.4742 0.8402 0.8169 0.8114
165 0.0422 0.0595 0.9207 0.1984 0.8929 0.1675 0.4894 0.8354 0.6413 0.8020
166 0.0478 0.0670 0.9180 0.2112 0.8909 0.2178 0.4818 0.8271 0.8288 0.8006
167 0.0379 0.0540 0.9210 0.1998 0.8978 0.1961 0.4841 0.8413 0.6836 0.8108
168 0.0370 0.0515 0.9318 0.1694 0.9107 0.1695 0.4710 0.8510 0.6427 0.8230
169 0.0295 0.0429 0.9353 0.1534 0.9133 0.2348 0.4685 0.8533 0.7988 0.8254
170 0.0270 0.0376 0.9341 0.1473 0.9103 0.2450 0.4672 0.8508 0.8276 0.8228
171 0.0277 0.0381 0.9357 0.1497 0.9140 0.2268 0.4727 0.8527 0.7674 0.8242
172 0.0280 0.0403 0.9355 0.1542 0.9136 0.2648 0.4680 0.8550 0.8619 0.8245
173 0.0278 0.0384 0.9341 0.1545 0.9123 0.2101 0.4781 0.8515 0.7332 0.8242
174 0.0300 0.0417 0.9347 0.1591 0.9123 0.3139 0.4753 0.8392 1.0160 0.8112
175 0.0438 0.0587 0.9197 0.2025 0.8933 0.1974 0.4769 0.8374 0.7489 0.8063
176 0.0386 0.0538 0.9213 0.1906 0.8954 0.1913 0.4822 0.8422 0.7121 0.8113
177 0.0387 0.0534 0.9283 0.1823 0.9029 0.1971 0.4727 0.8469 0.7284 0.8163
178 0.0311 0.0449 0.9286 0.1659 0.9069 0.2087 0.4800 0.8433 0.7208 0.8179
179 0.0276 0.0383 0.9362 0.1439 0.9145 0.1979 0.4667 0.8496 0.7162 0.8209
180 0.0259 0.0362 0.9391 0.1373 0.9176 0.1935 0.4648 0.8504 0.7105 0.8225
181 0.0247 0.0343 0.9399 0.1391 0.9202 0.2056 0.4666 0.8517 0.7354 0.8221
182 0.0252 0.0345 0.9367 0.1443 0.9151 0.2278 0.4654 0.8468 0.8234 0.8189
183 0.0255 0.0347 0.9360 0.1467 0.9138 0.2186 0.4649 0.8473 0.8008 0.8168
184 0.0285 0.0386 0.9302 0.1600 0.9070 0.1946 0.4785 0.8514 0.6910 0.8233
185 0.0377 0.0522 0.9252 0.1873 0.8994 0.2043 0.4750 0.8482 0.7605 0.8156
186 0.0405 0.0564 0.9244 0.1972 0.8997 0.2119 0.4935 0.8305 0.7459 0.7969
187 0.0315 0.0441 0.9328 0.1613 0.9110 0.3184 0.4780 0.8462 0.9971 0.8177
188 0.0381 0.0493 0.9288 0.1776 0.9070 0.2011 0.4725 0.8538 0.7007 0.8244
189 0.0271 0.0373 0.9339 0.1492 0.9133 0.2095 0.4683 0.8597 0.7395 0.8322
190 0.0269 0.0365 0.9354 0.1452 0.9144 0.2091 0.4691 0.8572 0.7409 0.8304
191 0.0256 0.0352 0.9350 0.1464 0.9136 0.2013 0.4651 0.8559 0.7244 0.8261
192 0.0245 0.0339 0.9392 0.1376 0.9186 0.2145 0.4703 0.8501 0.7540 0.8225
193 0.0271 0.0377 0.9335 0.1522 0.9110 0.2325 0.4696 0.8408 0.8360 0.8119
194 0.0315 0.0415 0.9316 0.1663 0.9100 0.2138 0.4787 0.8489 0.7762 0.8227
195 0.0351 0.0470 0.9286 0.1807 0.9037 0.3040 0.4907 0.8186 0.9888 0.7874
196 0.0471 0.0631 0.9177 0.2156 0.8913 0.2296 0.4856 0.8429 0.7996 0.8137
197 0.0365 0.0511 0.9260 0.1797 0.9008 0.2017 0.4712 0.8521 0.7377 0.8189
198 0.0313 0.0433 0.9311 0.1662 0.9091 0.1977 0.4712 0.8576 0.7076 0.8287
199 0.0281 0.0388 0.9376 0.1430 0.9178 0.1877 0.4645 0.8582 0.7049 0.8322
