epoch train_BCELoss train_SoftDiceLoss train_iou train_loss train_mAP val_BCELoss val_SoftDiceLoss val_iou val_loss val_mAP
0 0.5014 0.6009 0.3200 1.1017 0.2682 0.3764 0.6946 0.5116 1.0706 0.4184
1 0.2940 0.2896 0.6352 0.5836 0.5673 0.2373 0.6089 0.6826 0.8466 0.6166
2 0.2335 0.2257 0.6985 0.4595 0.6410 0.1802 0.5493 0.7376 0.7302 0.6858
3 0.2305 0.2144 0.7129 0.4453 0.6577 0.1895 0.5469 0.7268 0.7372 0.6827
4 0.2061 0.1982 0.7323 0.4048 0.6771 0.1483 0.5245 0.7748 0.6738 0.7326
5 0.1959 0.1771 0.7566 0.3737 0.7042 0.1660 0.5263 0.7846 0.6934 0.7398
6 0.1672 0.1550 0.7865 0.3230 0.7369 0.1522 0.5016 0.7992 0.6551 0.7591
7 0.1534 0.1421 0.7911 0.2964 0.7460 0.1614 0.5153 0.7871 0.6779 0.7468
8 0.1449 0.1356 0.8004 0.2815 0.7558 0.1326 0.5029 0.8119 0.6367 0.7756
9 0.1268 0.1240 0.8114 0.2517 0.7698 0.1383 0.4997 0.8187 0.6393 0.7821
10 0.1182 0.1166 0.8171 0.2357 0.7751 0.1288 0.4991 0.8199 0.6292 0.7851
11 0.1277 0.1255 0.8116 0.2542 0.7686 0.1387 0.4946 0.8187 0.6347 0.7819
12 0.1287 0.1207 0.8104 0.2503 0.7662 0.1352 0.5002 0.8187 0.6366 0.7803
13 0.1386 0.1281 0.8128 0.2676 0.7664 0.2197 0.5124 0.8077 0.7333 0.7672
14 0.1401 0.1280 0.8088 0.2690 0.7667 0.1634 0.5136 0.8083 0.6784 0.7757
15 0.1492 0.1353 0.7975 0.2854 0.7525 0.1598 0.5156 0.8038 0.6766 0.7612
16 0.1392 0.1287 0.8134 0.2688 0.7700 0.1237 0.5117 0.8304 0.6366 0.7936
17 0.1204 0.1141 0.8240 0.2356 0.7797 0.1492 0.4883 0.8227 0.6388 0.7883
18 0.1013 0.0951 0.8456 0.1975 0.8062 0.1533 0.4881 0.8296 0.6429 0.7941
19 0.0894 0.0812 0.8486 0.1718 0.8107 0.1469 0.4880 0.8413 0.6364 0.8091
20 0.0878 0.0806 0.8475 0.1695 0.8100 0.1424 0.4839 0.8421 0.6278 0.8120
21 0.0867 0.0828 0.8550 0.1706 0.8158 0.1624 0.4817 0.8372 0.6456 0.8041
22 0.0932 0.0855 0.8471 0.1799 0.8090 0.1707 0.4841 0.8221 0.6563 0.7911
23 0.0964 0.0859 0.8416 0.1833 0.8018 0.1498 0.4874 0.8107 0.6387 0.7762
24 0.1111 0.1036 0.8271 0.2158 0.7840 0.2485 0.5004 0.7907 0.7503 0.7486
25 0.1318 0.1173 0.8154 0.2500 0.7733 0.1657 0.4973 0.8082 0.6644 0.7730
26 0.1088 0.1000 0.8332 0.2099 0.7893 0.1848 0.4909 0.8254 0.6771 0.7936
27 0.0990 0.0904 0.8371 0.1904 0.7957 0.1702 0.4871 0.8237 0.6589 0.7865
28 0.0851 0.0804 0.8524 0.1666 0.8120 0.1468 0.4860 0.8310 0.6343 0.8013
29 0.0753 0.0733 0.8656 0.1498 0.8294 0.1723 0.4777 0.8308 0.6516 0.8004
30 0.0664 0.0628 0.8675 0.1304 0.8313 0.1703 0.4748 0.8338 0.6467 0.8032
31 0.0757 0.0697 0.8599 0.1466 0.8220 0.1727 0.4779 0.8354 0.6522 0.8060
32 0.0743 0.0679 0.8587 0.1434 0.8192 0.2221 0.4807 0.8287 0.7043 0.7982
33 0.0762 0.0678 0.8651 0.1452 0.8293 0.2051 0.4767 0.8299 0.6835 0.8029
34 0.0939 0.0846 0.8529 0.1797 0.8135 0.1367 0.4957 0.8246 0.6338 0.7900
35 0.1047 0.0957 0.8354 0.2015 0.7915 0.4028 0.5175 0.7760 0.9216 0.7397
36 0.1022 0.0915 0.8408 0.1948 0.8000 0.2106 0.4855 0.8313 0.6976 0.8035
37 0.0811 0.0721 0.8503 0.1543 0.8145 0.1739 0.4786 0.8319 0.6540 0.8032
38 0.0709 0.0652 0.8658 0.1373 0.8291 0.1753 0.4663 0.8456 0.6433 0.8189
39 0.0687 0.0603 0.8683 0.1303 0.8336 0.1625 0.4684 0.8425 0.6327 0.8142
40 0.0557 0.0569 0.8823 0.1139 0.8464 0.1631 0.4687 0.8466 0.6335 0.8173
41 0.0657 0.0588 0.8738 0.1258 0.8390 0.1613 0.4703 0.8455 0.6334 0.8198
42 0.0659 0.0608 0.8664 0.1279 0.8297 0.1737 0.4724 0.8413 0.6479 0.8127
43 0.0672 0.0625 0.8691 0.1310 0.8325 0.1635 0.4728 0.8443 0.6380 0.8150
44 0.0945 0.0832 0.8499 0.1788 0.8100 0.2349 0.4836 0.8323 0.7201 0.8019
45 0.0934 0.0821 0.8496 0.1767 0.8090 0.1762 0.4805 0.8315 0.6584 0.8038
46 0.0868 0.0753 0.8554 0.1633 0.8199 0.1885 0.4764 0.8409 0.6666 0.8127
47 0.0776 0.0691 0.8647 0.1480 0.8267 0.2325 0.4797 0.8067 0.7140 0.7758
48 0.0618 0.0581 0.8801 0.1212 0.8443 0.2010 0.4790 0.8363 0.6818 0.8089
49 0.0598 0.0557 0.8748 0.1168 0.8396 0.1804 0.4709 0.8468 0.6531 0.8203
50 0.0570 0.0535 0.8804 0.1119 0.8453 0.1720 0.4706 0.8491 0.6444 0.8230
51 0.0525 0.0501 0.8769 0.1039 0.8426 0.1732 0.4667 0.8446 0.6418 0.8175
52 0.0576 0.0538 0.8754 0.1127 0.8414 0.1671 0.4732 0.8408 0.6421 0.8136
53 0.0610 0.0542 0.8660 0.1165 0.8292 0.2260 0.4820 0.8355 0.7097 0.8081
54 0.0756 0.0672 0.8622 0.1440 0.8267 0.1703 0.4827 0.8266 0.6546 0.7975
55 0.0683 0.0608 0.8705 0.1304 0.8309 0.1697 0.4817 0.8332 0.6530 0.8047
56 0.0726 0.0665 0.8671 0.1404 0.8294 0.2079 0.4819 0.8299 0.6916 0.8017
57 0.0670 0.0577 0.8786 0.1261 0.8422 0.1874 0.4682 0.8368 0.6574 0.8066
58 0.0603 0.0541 0.8756 0.1157 0.8419 0.1731 0.4688 0.8443 0.6437 0.8161
59 0.0521 0.0498 0.8827 0.1033 0.8495 0.1748 0.4706 0.8422 0.6473 0.8130
60 0.0505 0.0486 0.8907 0.1006 0.8562 0.1738 0.4700 0.8429 0.6457 0.8147
61 0.0466 0.0441 0.8899 0.0921 0.8566 0.1892 0.4630 0.8459 0.6541 0.8177
62 0.0497 0.0452 0.8883 0.0963 0.8557 0.1908 0.4673 0.8434 0.6600 0.8172
63 0.0598 0.0525 0.8807 0.1136 0.8445 0.2113 0.4727 0.8284 0.6856 0.7995
64 0.0627 0.0563 0.8724 0.1202 0.8354 0.2294 0.4931 0.8144 0.7243 0.7868
65 0.0783 0.0694 0.8572 0.1489 0.8184 0.2271 0.4731 0.8313 0.7018 0.8014
66 0.0775 0.0698 0.8624 0.1487 0.8244 0.1970 0.4673 0.8276 0.6661 0.7970
67 0.0640 0.0554 0.8822 0.1207 0.8482 0.1837 0.4709 0.8431 0.6564 0.8175
68 0.0557 0.0491 0.8809 0.1062 0.8490 0.2153 0.4663 0.8441 0.6834 0.8157
69 0.0463 0.0443 0.8931 0.0921 0.8616 0.1849 0.4603 0.8565 0.6471 0.8306
70 0.0432 0.0412 0.8907 0.0858 0.8578 0.1853 0.4594 0.8578 0.6466 0.8310
71 0.0438 0.0412 0.8896 0.0864 0.8560 0.1945 0.4604 0.8556 0.6567 0.8268
72 0.0468 0.0426 0.8893 0.0908 0.8562 0.1683 0.4622 0.8500 0.6323 0.8243
73 0.0530 0.0468 0.8856 0.1012 0.8536 0.1946 0.4597 0.8543 0.6561 0.8251
74 0.0693 0.0619 0.8645 0.1325 0.8256 0.1943 0.4710 0.8352 0.6670 0.8044
75 0.0872 0.0771 0.8617 0.1657 0.8257 0.1881 0.4819 0.8254 0.6716 0.7946
76 0.0708 0.0640 0.8665 0.1362 0.8316 0.1807 0.4662 0.8288 0.6488 0.7974
77 0.0595 0.0538 0.8745 0.1146 0.8399 0.1974 0.4726 0.8329 0.6718 0.8047
78 0.0553 0.0531 0.8769 0.1098 0.8423 0.1873 0.4646 0.8433 0.6538 0.8142
79 0.0470 0.0433 0.8905 0.0918 0.8563 0.1816 0.4609 0.8437 0.6445 0.8172
80 0.0443 0.0426 0.8896 0.0883 0.8577 0.1844 0.4605 0.8453 0.6468 0.8169
81 0.0461 0.0432 0.8879 0.0908 0.8555 0.1840 0.4603 0.8437 0.6462 0.8148
82 0.0455 0.0428 0.8912 0.0898 0.8603 0.1848 0.4628 0.8374 0.6494 0.8120
83 0.0581 0.0524 0.8851 0.1119 0.8488 0.1747 0.4712 0.8305 0.6477 0.8001
84 0.0641 0.0579 0.8700 0.1234 0.8330 0.2073 0.4646 0.8341 0.6738 0.8058
85 0.0591 0.0536 0.8799 0.1140 0.8456 0.2020 0.4796 0.8254 0.6834 0.7934
86 0.0641 0.0576 0.8790 0.1230 0.8435 0.1943 0.4794 0.8265 0.6754 0.7946
87 0.0595 0.0547 0.8795 0.1156 0.8463 0.1497 0.4629 0.8352 0.6144 0.8041
88 0.0494 0.0440 0.8943 0.0948 0.8608 0.1945 0.4725 0.8399 0.6688 0.8137
89 0.0457 0.0418 0.8922 0.0890 0.8614 0.1588 0.4651 0.8503 0.6259 0.8245
90 0.0425 0.0403 0.8994 0.0843 0.8677 0.1620 0.4629 0.8512 0.6268 0.8256
91 0.0403 0.0374 0.9051 0.0791 0.8756 0.1571 0.4594 0.8551 0.6183 0.8304
92 0.0450 0.0417 0.8910 0.0882 0.8590 0.1730 0.4595 0.8526 0.6344 0.8236
93 0.0432 0.0405 0.8924 0.0851 0.8627 0.1858 0.4624 0.8452 0.6501 0.8144
94 0.0442 0.0408 0.8867 0.0864 0.8520 0.1798 0.4754 0.8496 0.6569 0.8189
95 0.0581 0.0516 0.8761 0.1111 0.8422 0.1742 0.4754 0.8204 0.6511 0.7909
96 0.0587 0.0515 0.8828 0.1116 0.8481 0.1496 0.4625 0.8542 0.6140 0.8258
97 0.0475 0.0433 0.8915 0.0922 0.8598 0.2045 0.4621 0.8495 0.6686 0.8252
98 0.0469 0.0437 0.8904 0.0921 0.8595 0.1563 0.4583 0.8557 0.6167 0.8258
99 0.0389 0.0361 0.9003 0.0764 0.8716 0.1759 0.4567 0.8545 0.6346 0.8257
