epoch train_iou train_loss train_mAP val_iou val_mAP
0 0.6476 1.1253 0.5773 0.6412 0.5442
1 0.7205 0.8941 0.6605 0.6991 0.6234
2 0.7488 0.8075 0.6931 0.7550 0.7096
3 0.7700 0.7345 0.7213 0.7871 0.7439
4 0.7869 0.6808 0.7385 0.8040 0.7655
5 0.8087 0.6142 0.7625 0.8041 0.7662
6 0.8067 0.6190 0.7618 0.7986 0.7648
7 0.7980 0.6490 0.7517 0.8012 0.7621
8 0.7944 0.6734 0.7520 0.8071 0.7612
9 0.7843 0.7175 0.7387 0.7788 0.7437
10 0.7926 0.6794 0.7459 0.5349 0.4810
11 0.7998 0.6501 0.7591 0.7520 0.7095
12 0.8181 0.5945 0.7811 0.8077 0.7803
13 0.8241 0.5517 0.7879 0.8308 0.7940
14 0.8451 0.5010 0.8088 0.8404 0.8106
15 0.8458 0.4790 0.8118 0.8387 0.8078
16 0.8433 0.4810 0.8085 0.8383 0.8087
17 0.8362 0.5185 0.8001 0.8342 0.7984
18 0.8325 0.5478 0.7936 0.8177 0.7891
19 0.8328 0.5521 0.7960 0.8135 0.7839
20 0.8117 0.6155 0.7706 0.8042 0.7709
21 0.8177 0.5743 0.7790 0.8283 0.7978
22 0.8396 0.5170 0.8028 0.8314 0.8025
23 0.8406 0.5023 0.8057 0.8421 0.8141
24 0.8540 0.4448 0.8189 0.8478 0.8186
25 0.8608 0.4328 0.8272 0.8472 0.8166
26 0.8628 0.4312 0.8286 0.8311 0.8035
27 0.8563 0.4560 0.8223 0.8480 0.8212
28 0.8448 0.4928 0.8090 0.8273 0.7968
29 0.8398 0.5096 0.8035 0.5858 0.5209
30 0.8248 0.5617 0.7868 0.4647 0.4436
31 0.8303 0.5496 0.7945 0.7650 0.7195
32 0.8402 0.5170 0.8054 0.8219 0.7888
33 0.8547 0.4559 0.8200 0.8105 0.7833
34 0.8660 0.4234 0.8324 0.8447 0.8149
35 0.8624 0.4185 0.8269 0.8479 0.8194
36 0.8748 0.3944 0.8430 0.8533 0.8260
37 0.8585 0.4355 0.8257 0.8336 0.7995
38 0.8529 0.4679 0.8206 0.8399 0.8154
39 0.8504 0.4906 0.8164 0.8234 0.7969
40 0.8358 0.5267 0.8026 0.8004 0.7632
41 0.8398 0.4977 0.8046 0.8220 0.7874
42 0.8534 0.4521 0.8206 0.8339 0.7993
43 0.8656 0.4181 0.8332 0.8484 0.8209
44 0.8679 0.3903 0.8365 0.8554 0.8287
45 0.8813 0.3609 0.8508 0.8556 0.8297
46 0.8763 0.3724 0.8444 0.8454 0.8200
47 0.8729 0.3928 0.8401 0.7984 0.7625
48 0.8591 0.4546 0.8262 0.8212 0.7900
49 0.8557 0.4672 0.8212 0.8009 0.7623
50 0.8482 0.4844 0.8138 0.7969 0.7623
51 0.8463 0.5040 0.8097 0.5999 0.5636
52 0.8612 0.4319 0.8267 0.8361 0.8065
53 0.8709 0.4051 0.8380 0.8187 0.7951
54 0.8794 0.3668 0.8468 0.8529 0.8281
55 0.8813 0.3497 0.8501 0.8489 0.8242
56 0.8847 0.3523 0.8528 0.8523 0.8252
57 0.8794 0.3705 0.8498 0.8502 0.8185
58 0.8708 0.4026 0.8396 0.8432 0.8139
59 0.8648 0.4341 0.8300 0.7809 0.7409
60 0.8470 0.4991 0.8128 0.8013 0.7681
61 0.8568 0.4498 0.8225 0.8250 0.7921
62 0.8610 0.4230 0.8287 0.8345 0.8022
63 0.8763 0.3760 0.8447 0.8538 0.8269
64 0.8815 0.3500 0.8525 0.8574 0.8306
65 0.8885 0.3331 0.8588 0.8586 0.8344
66 0.8934 0.3260 0.8618 0.8552 0.8297
67 0.8821 0.3561 0.8501 0.8464 0.8202
68 0.8765 0.3668 0.8432 0.8573 0.8280
69 0.8672 0.4185 0.8331 0.8108 0.7728
70 0.8530 0.4585 0.8181 0.8350 0.8050
71 0.8618 0.4355 0.8308 0.6097 0.5518
72 0.8667 0.4292 0.8333 0.8015 0.7746
73 0.8779 0.3699 0.8453 0.8424 0.8159
74 0.8887 0.3383 0.8575 0.8504 0.8231
75 0.8918 0.3235 0.8644 0.8551 0.8294
76 0.8903 0.3268 0.8592 0.8600 0.8315
77 0.8907 0.3236 0.8604 0.8611 0.8344
78 0.8820 0.3564 0.8506 0.8485 0.8248
79 0.8672 0.4063 0.8343 0.8171 0.7875
80 0.8599 0.4346 0.8277 0.8336 0.7993
81 0.8638 0.4194 0.8315 0.8355 0.8094
82 0.8691 0.3950 0.8378 0.8461 0.8142
83 0.8801 0.3552 0.8497 0.8441 0.8202
84 0.8916 0.3144 0.8615 0.8637 0.8383
85 0.8966 0.3008 0.8662 0.8679 0.8430
86 0.8959 0.2988 0.8672 0.8631 0.8386
87 0.8934 0.3131 0.8632 0.8159 0.7868
88 0.8869 0.3459 0.8568 0.8456 0.8147
89 0.8782 0.3726 0.8465 0.8486 0.8191
90 0.8646 0.4148 0.8322 0.8571 0.8294
91 0.8675 0.3949 0.8353 0.8518 0.8204
92 0.8822 0.3604 0.8519 0.7499 0.7032
93 0.8879 0.3294 0.8584 0.8537 0.8264
94 0.9025 0.2896 0.8746 0.8580 0.8323
95 0.9006 0.2887 0.8747 0.8602 0.8353
96 0.9015 0.2808 0.8725 0.8553 0.8284
97 0.8956 0.2984 0.8647 0.8479 0.8147
98 0.8944 0.3206 0.8638 0.8411 0.8175
99 0.8741 0.3822 0.8423 0.7644 0.7355
100 0.8733 0.3754 0.8434 0.8447 0.8214
101 0.8959 0.3130 0.8666 0.8570 0.8317
102 0.8989 0.2923 0.8704 0.8566 0.8332
103 0.9091 0.2673 0.8819 0.8665 0.8413
104 0.9048 0.2707 0.8738 0.8664 0.8406
105 0.9039 0.2728 0.8756 0.8626 0.8382
106 0.9061 0.2728 0.8773 0.8637 0.8387
107 0.9084 0.2563 0.8808 0.8617 0.8363
108 0.9042 0.2710 0.8748 0.8657 0.8404
109 0.9032 0.2739 0.8757 0.8641 0.8400
110 0.9022 0.2802 0.8721 0.8596 0.8331
111 0.9090 0.2591 0.8803 0.8654 0.8405
112 0.9112 0.2560 0.8854 0.8530 0.8280
113 0.9085 0.2486 0.8807 0.8588 0.8309
114 0.9143 0.2360 0.8851 0.8696 0.8452
115 0.9134 0.2407 0.8863 0.8655 0.8412
116 0.9095 0.2503 0.8816 0.8645 0.8395
117 0.9069 0.2526 0.8793 0.8664 0.8415
118 0.9085 0.2536 0.8812 0.8697 0.8434
119 0.9107 0.2490 0.8847 0.8661 0.8383
120 0.9069 0.2589 0.8789 0.8584 0.8346
121 0.9111 0.2474 0.8848 0.8681 0.8446
122 0.9139 0.2377 0.8860 0.8685 0.8452
123 0.9122 0.2414 0.8838 0.8704 0.8453
124 0.9141 0.2352 0.8888 0.8658 0.8409
125 0.9147 0.2347 0.8880 0.8669 0.8409
126 0.9167 0.2287 0.8914 0.8702 0.8444
127 0.9125 0.2366 0.8852 0.8701 0.8457
128 0.9122 0.2419 0.8827 0.8656 0.8409
129 0.9160 0.2353 0.8892 0.8689 0.8433
130 0.9150 0.2401 0.8876 0.8603 0.8357
131 0.9143 0.2310 0.8894 0.8668 0.8418
132 0.9127 0.2340 0.8869 0.8692 0.8452
133 0.9167 0.2265 0.8910 0.8710 0.8474
134 0.9185 0.2228 0.8922 0.8728 0.8499
135 0.9159 0.2242 0.8915 0.8723 0.8490
136 0.9179 0.2209 0.8911 0.8704 0.8460
137 0.9161 0.2233 0.8884 0.8689 0.8438
138 0.9155 0.2273 0.8882 0.8711 0.8457
139 0.9211 0.2184 0.8952 0.8744 0.8478
140 0.9204 0.2191 0.8937 0.8510 0.8230
141 0.9150 0.2321 0.8882 0.8741 0.8500
142 0.9140 0.2316 0.8878 0.8729 0.8489
143 0.9144 0.2312 0.8871 0.8749 0.8500
144 0.9187 0.2204 0.8925 0.8748 0.8484
145 0.9218 0.2143 0.8963 0.8773 0.8531
146 0.9202 0.2197 0.8938 0.8740 0.8496
147 0.9201 0.2119 0.8943 0.8704 0.8452
148 0.9166 0.2198 0.8918 0.8617 0.8334
149 0.9202 0.2089 0.8935 0.8707 0.8458
150 0.9144 0.2343 0.8883 0.8752 0.8498
151 0.9184 0.2183 0.8903 0.8643 0.8383
152 0.9202 0.2141 0.8960 0.8637 0.8393
153 0.9206 0.2142 0.8954 0.8690 0.8417
154 0.9236 0.2113 0.8976 0.8713 0.8458
155 0.9202 0.2089 0.8945 0.8711 0.8459
156 0.9265 0.1976 0.9018 0.8721 0.8466
157 0.9202 0.2091 0.8943 0.8713 0.8456
158 0.9177 0.2204 0.8920 0.8753 0.8500
159 0.9196 0.2170 0.8923 0.8683 0.8445
160 0.9229 0.2113 0.8986 0.8690 0.8429
161 0.9267 0.2007 0.9018 0.8719 0.8458
162 0.9245 0.1995 0.9018 0.8724 0.8469
163 0.9253 0.2019 0.9012 0.8734 0.8477
164 0.9248 0.2018 0.9003 0.8759 0.8498
165 0.9202 0.2102 0.8942 0.8741 0.8477
166 0.9261 0.1983 0.9006 0.8756 0.8500
167 0.9246 0.2020 0.8986 0.8752 0.8494
168 0.9218 0.2085 0.8966 0.8740 0.8475
169 0.9233 0.2023 0.8965 0.8708 0.8429
170 0.9270 0.1946 0.9034 0.8744 0.8483
171 0.9253 0.2011 0.9020 0.8713 0.8444
172 0.9233 0.2008 0.8998 0.8727 0.8474
173 0.9220 0.1996 0.8961 0.8750 0.8483
174 0.9275 0.1983 0.9033 0.8752 0.8482
175 0.9245 0.1990 0.8994 0.8755 0.8486
176 0.9265 0.1947 0.9025 0.8738 0.8475
177 0.9259 0.1966 0.9023 0.8748 0.8488
178 0.9262 0.1949 0.9029 0.8730 0.8468
179 0.9296 0.1876 0.9063 0.8727 0.8457
180 0.9252 0.2003 0.9015 0.8748 0.8493
181 0.9252 0.1940 0.8999 0.8759 0.8499
182 0.9245 0.2012 0.8997 0.8739 0.8490
183 0.9220 0.2045 0.8974 0.8731 0.8478
184 0.9248 0.2007 0.8997 0.8712 0.8459
185 0.9255 0.1918 0.9010 0.8757 0.8501
186 0.9218 0.2079 0.8956 0.8756 0.8495
187 0.9269 0.1944 0.9023 0.8776 0.8520
188 0.9254 0.1955 0.9012 0.8760 0.8506
189 0.9284 0.1906 0.9037 0.8721 0.8471
190 0.9294 0.1928 0.9048 0.8719 0.8452
191 0.9263 0.1909 0.9028 0.8733 0.8483
192 0.9260 0.1963 0.9012 0.8707 0.8454
193 0.9246 0.1954 0.9008 0.8719 0.8456
194 0.9289 0.1881 0.9066 0.8737 0.8468
195 0.9294 0.1883 0.9046 0.8752 0.8486
196 0.9246 0.1974 0.9010 0.8718 0.8463
197 0.9269 0.1906 0.9016 0.8737 0.8472
198 0.9265 0.1912 0.9029 0.8731 0.8470
199 0.9264 0.1892 0.9022 0.8750 0.8483
