epoch train_iou train_loss train_mAP val_iou val_mAP
0 0.6283 1.1662 0.5512 0.7301 0.6710
1 0.7378 0.8477 0.6742 0.7497 0.6863
2 0.7682 0.7399 0.7094 0.7872 0.7393
3 0.7904 0.6756 0.7374 0.8098 0.7579
4 0.8067 0.6160 0.7557 0.8176 0.7757
5 0.8070 0.5963 0.7588 0.8213 0.7731
6 0.8122 0.5869 0.7622 0.8273 0.7838
7 0.8004 0.6273 0.7547 0.8217 0.7776
8 0.8098 0.6102 0.7587 0.8218 0.7805
9 0.8075 0.6079 0.7598 0.8219 0.7720
10 0.8092 0.6101 0.7609 0.8217 0.7791
11 0.8221 0.5582 0.7788 0.8254 0.7797
12 0.8372 0.5081 0.7949 0.8327 0.8024
13 0.8411 0.4820 0.8013 0.8370 0.8079
14 0.8522 0.4558 0.8104 0.8469 0.8149
15 0.8637 0.4211 0.8251 0.8472 0.8142
16 0.8599 0.4375 0.8215 0.8472 0.8165
17 0.8552 0.4422 0.8144 0.8357 0.8048
18 0.8533 0.4769 0.8123 0.8365 0.8067
19 0.8387 0.5063 0.7997 0.8486 0.8168
20 0.8381 0.5033 0.7998 0.8393 0.8066
21 0.8483 0.4770 0.8097 0.8474 0.8181
22 0.8585 0.4345 0.8188 0.8542 0.8264
23 0.8646 0.4026 0.8282 0.8554 0.8264
24 0.8736 0.3712 0.8382 0.8570 0.8299
25 0.8792 0.3641 0.8457 0.8578 0.8281
26 0.8763 0.3635 0.8401 0.8528 0.8248
27 0.8745 0.3834 0.8396 0.8432 0.8153
28 0.8667 0.4021 0.8298 0.8302 0.7931
29 0.8606 0.4158 0.8213 0.8417 0.8117
30 0.8590 0.4445 0.8223 0.8363 0.8102
31 0.8719 0.3931 0.8366 0.8387 0.8034
32 0.8678 0.3942 0.8327 0.8588 0.8296
33 0.8792 0.3588 0.8443 0.8607 0.8331
34 0.8883 0.3290 0.8538 0.8676 0.8409
35 0.8931 0.3147 0.8590 0.8669 0.8391
36 0.8918 0.3195 0.8578 0.8672 0.8401
37 0.8854 0.3327 0.8518 0.8635 0.8357
38 0.8845 0.3340 0.8505 0.8489 0.8218
39 0.8774 0.3605 0.8420 0.8418 0.8138
40 0.8700 0.3940 0.8367 0.8507 0.8231
41 0.8764 0.3687 0.8392 0.8566 0.8264
42 0.8819 0.3357 0.8487 0.8567 0.8269
43 0.8863 0.3331 0.8531 0.8583 0.8303
44 0.8964 0.2908 0.8650 0.8599 0.8326
45 0.8991 0.2844 0.8668 0.8555 0.8279
46 0.8993 0.2806 0.8684 0.8588 0.8310
47 0.8998 0.2900 0.8696 0.8545 0.8261
48 0.8915 0.3039 0.8586 0.8560 0.8280
49 0.8943 0.3025 0.8609 0.8541 0.8252
50 0.8757 0.3627 0.8387 0.8499 0.8216
51 0.8930 0.3294 0.8624 0.8570 0.8306
52 0.8954 0.3082 0.8617 0.8609 0.8337
53 0.8970 0.2888 0.8648 0.8579 0.8321
54 0.9035 0.2709 0.8741 0.8621 0.8403
55 0.9053 0.2581 0.8747 0.8596 0.8368
56 0.9075 0.2501 0.8782 0.8600 0.8361
57 0.9064 0.2578 0.8759 0.8628 0.8375
58 0.8952 0.2861 0.8635 0.8514 0.8222
59 0.8954 0.3008 0.8660 0.8548 0.8304
60 0.8896 0.3342 0.8567 0.8479 0.8178
61 0.8897 0.3322 0.8577 0.8529 0.8278
62 0.8952 0.2939 0.8646 0.8546 0.8276
63 0.9051 0.2672 0.8762 0.8476 0.8181
64 0.9085 0.2477 0.8770 0.8589 0.8314
65 0.9140 0.2366 0.8860 0.8556 0.8278
66 0.9094 0.2441 0.8813 0.8589 0.8327
67 0.9101 0.2475 0.8805 0.8662 0.8382
68 0.9016 0.2739 0.8699 0.8588 0.8308
69 0.9061 0.2613 0.8748 0.8523 0.8244
70 0.8897 0.3308 0.8553 0.8443 0.8168
71 0.8970 0.3015 0.8631 0.8539 0.8267
72 0.9021 0.2923 0.8714 0.8599 0.8351
73 0.9071 0.2562 0.8777 0.8658 0.8430
74 0.9131 0.2326 0.8847 0.8698 0.8457
75 0.9137 0.2323 0.8870 0.8685 0.8442
76 0.9151 0.2322 0.8886 0.8670 0.8434
77 0.9137 0.2309 0.8845 0.8577 0.8353
78 0.9120 0.2522 0.8827 0.8569 0.8294
79 0.9052 0.2737 0.8763 0.8591 0.8332
80 0.8998 0.2835 0.8695 0.8526 0.8264
81 0.9014 0.2661 0.8687 0.8605 0.8310
82 0.9121 0.2439 0.8837 0.8500 0.8251
83 0.9152 0.2337 0.8881 0.8674 0.8406
84 0.9169 0.2157 0.8900 0.8661 0.8419
85 0.9178 0.2142 0.8912 0.8673 0.8421
86 0.9141 0.2259 0.8895 0.8685 0.8459
87 0.9200 0.2156 0.8940 0.8659 0.8434
88 0.9150 0.2269 0.8893 0.8645 0.8418
89 0.9096 0.2447 0.8802 0.8623 0.8359
90 0.8985 0.2961 0.8705 0.8515 0.8279
91 0.9010 0.2981 0.8711 0.8548 0.8308
92 0.9036 0.2651 0.8736 0.8637 0.8381
93 0.9121 0.2338 0.8852 0.8671 0.8422
94 0.9212 0.2180 0.8955 0.8673 0.8387
95 0.9230 0.2085 0.8965 0.8657 0.8365
96 0.9196 0.2123 0.8932 0.8683 0.8436
97 0.9205 0.2099 0.8949 0.8680 0.8418
98 0.9138 0.2318 0.8869 0.8618 0.8376
99 0.9129 0.2331 0.8854 0.8672 0.8424
100 0.9125 0.2339 0.8856 0.8694 0.8430
101 0.9177 0.2179 0.8902 0.8735 0.8477
102 0.9192 0.2135 0.8932 0.8672 0.8446
103 0.9255 0.1931 0.9006 0.8738 0.8508
104 0.9276 0.1930 0.9047 0.8695 0.8457
105 0.9307 0.1848 0.9082 0.8702 0.8474
106 0.9308 0.1788 0.9078 0.8699 0.8445
107 0.9283 0.1842 0.9041 0.8707 0.8442
108 0.9283 0.1905 0.9056 0.8662 0.8401
109 0.9207 0.2008 0.8958 0.8684 0.8423
110 0.9195 0.2088 0.8936 0.8668 0.8411
111 0.9268 0.1905 0.9018 0.8709 0.8445
112 0.9267 0.1887 0.9026 0.8713 0.8460
113 0.9248 0.1915 0.9000 0.8730 0.8468
114 0.9266 0.1840 0.9017 0.8705 0.8469
115 0.9280 0.1787 0.9044 0.8725 0.8501
116 0.9282 0.1811 0.9058 0.8723 0.8493
117 0.9303 0.1763 0.9071 0.8656 0.8401
118 0.9303 0.1838 0.9054 0.8649 0.8404
119 0.9251 0.1931 0.8996 0.8633 0.8349
120 0.9218 0.2100 0.8949 0.8692 0.8448
121 0.9250 0.1923 0.9017 0.8644 0.8374
122 0.9243 0.1973 0.9002 0.8565 0.8332
123 0.9287 0.1873 0.9044 0.8720 0.8447
124 0.9324 0.1758 0.9111 0.8746 0.8489
125 0.9309 0.1739 0.9098 0.8731 0.8472
126 0.9307 0.1748 0.9093 0.8706 0.8458
127 0.9309 0.1762 0.9072 0.8695 0.8430
128 0.9314 0.1752 0.9085 0.8647 0.8405
129 0.9259 0.1914 0.9015 0.8676 0.8406
130 0.9253 0.1938 0.9027 0.8634 0.8380
131 0.9192 0.2177 0.8944 0.8664 0.8397
132 0.9311 0.1787 0.9075 0.8686 0.8433
133 0.9324 0.1778 0.9094 0.8692 0.8460
134 0.9339 0.1721 0.9101 0.8704 0.8460
135 0.9338 0.1695 0.9124 0.8689 0.8456
136 0.9370 0.1618 0.9162 0.8685 0.8459
137 0.9300 0.1775 0.9058 0.8699 0.8462
138 0.9329 0.1757 0.9108 0.8675 0.8430
139 0.9294 0.1794 0.9048 0.8692 0.8424
140 0.9251 0.1983 0.9005 0.8678 0.8428
141 0.9274 0.1907 0.9040 0.8678 0.8417
142 0.9310 0.1761 0.9075 0.8594 0.8359
143 0.9301 0.1736 0.9083 0.8621 0.8382
144 0.9326 0.1687 0.9121 0.8649 0.8405
145 0.9339 0.1688 0.9121 0.8610 0.8345
146 0.9336 0.1686 0.9120 0.8647 0.8407
147 0.9343 0.1683 0.9147 0.8630 0.8357
148 0.9318 0.1703 0.9105 0.8690 0.8430
149 0.9322 0.1705 0.9091 0.8631 0.8375
150 0.9304 0.1793 0.9074 0.8641 0.8391
151 0.9274 0.1880 0.9048 0.8620 0.8355
152 0.9301 0.1808 0.9072 0.8635 0.8389
153 0.9334 0.1733 0.9109 0.8652 0.8429
154 0.9333 0.1636 0.9109 0.8663 0.8424
155 0.9355 0.1610 0.9166 0.8664 0.8417
156 0.9345 0.1664 0.9116 0.8704 0.8448
157 0.9365 0.1614 0.9137 0.8685 0.8418
158 0.9354 0.1681 0.9138 0.8677 0.8427
159 0.9320 0.1720 0.9103 0.8650 0.8375
160 0.9348 0.1641 0.9134 0.8687 0.8428
161 0.9349 0.1634 0.9140 0.8677 0.8415
162 0.9396 0.1509 0.9206 0.8733 0.8471
163 0.9385 0.1553 0.9170 0.8712 0.8452
164 0.9318 0.1629 0.9095 0.8703 0.8450
165 0.9391 0.1534 0.9187 0.8697 0.8450
166 0.9394 0.1487 0.9210 0.8725 0.8459
167 0.9384 0.1558 0.9179 0.8729 0.8466
168 0.9364 0.1556 0.9156 0.8722 0.8480
169 0.9422 0.1491 0.9225 0.8669 0.8434
170 0.9392 0.1560 0.9199 0.8698 0.8445
171 0.9401 0.1489 0.9227 0.8701 0.8453
172 0.9386 0.1531 0.9187 0.8725 0.8465
173 0.9394 0.1506 0.9207 0.8700 0.8457
174 0.9376 0.1498 0.9175 0.8681 0.8441
175 0.9383 0.1485 0.9188 0.8700 0.8466
176 0.9400 0.1468 0.9200 0.8692 0.8458
177 0.9396 0.1478 0.9198 0.8723 0.8462
178 0.9389 0.1545 0.9178 0.8687 0.8451
179 0.9396 0.1503 0.9198 0.8726 0.8484
180 0.9401 0.1493 0.9207 0.8732 0.8470
181 0.9391 0.1526 0.9196 0.8683 0.8448
182 0.9387 0.1497 0.9192 0.8702 0.8446
183 0.9405 0.1448 0.9216 0.8687 0.8440
184 0.9392 0.1470 0.9196 0.8683 0.8428
185 0.9389 0.1470 0.9217 0.8734 0.8470
186 0.9434 0.1418 0.9241 0.8724 0.8476
187 0.9404 0.1427 0.9228 0.8706 0.8448
188 0.9386 0.1482 0.9192 0.8694 0.8457
189 0.9403 0.1438 0.9218 0.8668 0.8429
190 0.9411 0.1450 0.9223 0.8713 0.8471
191 0.9428 0.1424 0.9248 0.8672 0.8435
192 0.9416 0.1464 0.9231 0.8703 0.8454
193 0.9395 0.1459 0.9204 0.8697 0.8471
194 0.9431 0.1397 0.9244 0.8694 0.8466
195 0.9398 0.1451 0.9217 0.8722 0.8476
196 0.9431 0.1409 0.9255 0.8728 0.8507
197 0.9419 0.1425 0.9234 0.8691 0.8442
198 0.9419 0.1417 0.9243 0.8699 0.8465
199 0.9438 0.1394 0.9240 0.8696 0.8447
