epoch train_iou train_loss train_mAP val_iou val_loss val_mAP
0 0.6209 1.1795 0.5543 0.6762 0.0000 0.5970
1 0.7145 0.9119 0.6482 0.7315 0.0000 0.6732
2 0.7459 0.8051 0.6852 0.7634 0.0000 0.7071
3 0.7807 0.7055 0.7261 0.7776 0.0000 0.7357
4 0.7856 0.6779 0.7343 0.7875 0.0000 0.7377
5 0.7978 0.6340 0.7507 0.7897 0.0000 0.7476
6 0.7990 0.6328 0.7528 0.7949 0.0000 0.7495
7 0.7959 0.6573 0.7450 0.7904 0.0000 0.7505
8 0.7973 0.6541 0.7457 0.7545 0.0000 0.7124
9 0.7883 0.6765 0.7408 0.7777 0.0000 0.7334
10 0.8018 0.6339 0.7558 0.7775 0.0000 0.7308
11 0.8078 0.6069 0.7642 0.7978 0.0000 0.7608
12 0.8202 0.5521 0.7800 0.7926 0.0000 0.7546
13 0.8317 0.5281 0.7935 0.8154 0.0000 0.7815
14 0.8433 0.4775 0.8044 0.8221 0.0000 0.7883
15 0.8494 0.4526 0.8115 0.8257 0.0000 0.7933
16 0.8511 0.4637 0.8138 0.8231 0.0000 0.7891
17 0.8381 0.5012 0.7985 0.8192 0.0000 0.7810
18 0.8331 0.5234 0.7921 0.8128 0.0000 0.7780
19 0.8284 0.5467 0.7891 0.8225 0.0000 0.7867
20 0.8287 0.5554 0.7866 0.7915 0.0000 0.7611
21 0.8352 0.5267 0.7971 0.8203 0.0000 0.7861
22 0.8405 0.5014 0.8062 0.8160 0.0000 0.7810
23 0.8558 0.4457 0.8192 0.8263 0.0000 0.7895
24 0.8705 0.4045 0.8369 0.8390 0.0000 0.8076
25 0.8719 0.4018 0.8359 0.8360 0.0000 0.8034
26 0.8672 0.4093 0.8315 0.8364 0.0000 0.8038
27 0.8669 0.4153 0.8306 0.8301 0.0000 0.7995
28 0.8495 0.4525 0.8133 0.8253 0.0000 0.7903
29 0.8568 0.4481 0.8197 0.8040 0.0000 0.7662
30 0.8460 0.4976 0.8089 0.7770 0.0000 0.7446
31 0.8405 0.5102 0.8050 0.8330 0.0000 0.7968
32 0.8643 0.4222 0.8306 0.8174 0.0000 0.7814
33 0.8706 0.3958 0.8381 0.8362 0.0000 0.8017
34 0.8718 0.3840 0.8401 0.8349 0.0000 0.8073
35 0.8735 0.3707 0.8403 0.8369 0.0000 0.8088
36 0.8759 0.3677 0.8433 0.8405 0.0000 0.8119
37 0.8744 0.3776 0.8397 0.8332 0.0000 0.7990
38 0.8677 0.3943 0.8343 0.8305 0.0000 0.7998
39 0.8574 0.4290 0.8222 0.8233 0.0000 0.7893
40 0.8493 0.4795 0.8139 0.8221 0.0000 0.7880
41 0.8602 0.4389 0.8217 0.8367 0.0000 0.8043
42 0.8662 0.4089 0.8354 0.8376 0.0000 0.7999
43 0.8789 0.3634 0.8463 0.8480 0.0000 0.8112
44 0.8893 0.3340 0.8566 0.8471 0.0000 0.8172
45 0.8918 0.3107 0.8599 0.8479 0.0000 0.8180
46 0.8902 0.3197 0.8598 0.8437 0.0000 0.8077
47 0.8833 0.3445 0.8516 0.8434 0.0000 0.8094
48 0.8831 0.3617 0.8525 0.8366 0.0000 0.8046
49 0.8662 0.4111 0.8332 0.8337 0.0000 0.8014
50 0.8636 0.4285 0.8268 0.8349 0.0000 0.7988
51 0.8721 0.3907 0.8371 0.8360 0.0000 0.8020
52 0.8790 0.3732 0.8465 0.8477 0.0000 0.8161
53 0.8848 0.3397 0.8520 0.8411 0.0000 0.8127
54 0.8879 0.3184 0.8580 0.8420 0.0000 0.8108
55 0.8981 0.2944 0.8672 0.8461 0.0000 0.8180
56 0.9006 0.2981 0.8725 0.8444 0.0000 0.8154
57 0.8904 0.3220 0.8594 0.8449 0.0000 0.8174
58 0.8879 0.3258 0.8578 0.8304 0.0000 0.7999
59 0.8835 0.3628 0.8520 0.8213 0.0000 0.7964
60 0.8644 0.4143 0.8289 0.8363 0.0000 0.8048
61 0.8741 0.3860 0.8423 0.8316 0.0000 0.8038
62 0.8794 0.3632 0.8476 0.8357 0.0000 0.8123
63 0.8894 0.3177 0.8587 0.8371 0.0000 0.8114
64 0.8946 0.3110 0.8622 0.8506 0.0000 0.8248
65 0.9056 0.2697 0.8767 0.8499 0.0000 0.8240
66 0.9038 0.2814 0.8731 0.8482 0.0000 0.8243
67 0.8986 0.2960 0.8671 0.8381 0.0000 0.8141
68 0.8926 0.3219 0.8612 0.8328 0.0000 0.8076
69 0.8818 0.3611 0.8493 0.8392 0.0000 0.8065
70 0.8787 0.3668 0.8463 0.8078 0.0000 0.7770
71 0.8796 0.3616 0.8481 0.8219 0.0000 0.7948
72 0.8756 0.3739 0.8452 0.8415 0.0000 0.8105
73 0.8928 0.3134 0.8628 0.8482 0.0000 0.8186
74 0.9007 0.2904 0.8712 0.8471 0.0000 0.8209
75 0.9049 0.2634 0.8785 0.8483 0.0000 0.8242
76 0.9039 0.2708 0.8754 0.8441 0.0000 0.8186
77 0.9018 0.2757 0.8720 0.8407 0.0000 0.8124
78 0.8932 0.3214 0.8612 0.8458 0.0000 0.8171
79 0.8903 0.3308 0.8575 0.8296 0.0000 0.7975
80 0.8857 0.3452 0.8567 0.8311 0.0000 0.8030
81 0.8833 0.3521 0.8528 0.8214 0.0000 0.7885
82 0.8937 0.3133 0.8624 0.8237 0.0000 0.7976
83 0.8994 0.2928 0.8700 0.8463 0.0000 0.8177
84 0.9063 0.2617 0.8782 0.8630 0.0000 0.8331
85 0.9114 0.2508 0.8819 0.8550 0.0000 0.8266
86 0.9115 0.2421 0.8842 0.8549 0.0000 0.8264
87 0.9072 0.2553 0.8795 0.8495 0.0000 0.8220
88 0.9044 0.2777 0.8756 0.8525 0.0000 0.8236
89 0.8953 0.2960 0.8651 0.8375 0.0000 0.8103
90 0.8918 0.3176 0.8611 0.8210 0.0000 0.7900
91 0.8863 0.3418 0.8537 0.8342 0.0000 0.8103
92 0.8954 0.2990 0.8654 0.8538 0.0000 0.8238
93 0.9106 0.2582 0.8827 0.8568 0.0000 0.8306
94 0.9118 0.2432 0.8843 0.8533 0.0000 0.8236
95 0.9137 0.2356 0.8860 0.8561 0.0000 0.8285
96 0.9149 0.2314 0.8875 0.8554 0.0000 0.8267
97 0.9133 0.2403 0.8877 0.8484 0.0000 0.8232
98 0.9090 0.2557 0.8813 0.8444 0.0000 0.8142
99 0.8962 0.3129 0.8653 0.8240 0.0000 0.7958
100 0.8959 0.2948 0.8643 0.8399 0.0000 0.8125
101 0.9004 0.2775 0.8717 0.8378 0.0000 0.8153
102 0.9093 0.2519 0.8807 0.8463 0.0000 0.8185
103 0.9182 0.2248 0.8916 0.8408 0.0000 0.8154
104 0.9197 0.2133 0.8942 0.8454 0.0000 0.8190
105 0.9148 0.2198 0.8908 0.8489 0.0000 0.8238
106 0.9207 0.2143 0.8950 0.8535 0.0000 0.8267
107 0.9186 0.2193 0.8915 0.8541 0.0000 0.8246
108 0.9172 0.2264 0.8907 0.8389 0.0000 0.8121
109 0.9166 0.2237 0.8883 0.8415 0.0000 0.8153
110 0.9134 0.2417 0.8858 0.8522 0.0000 0.8226
111 0.9142 0.2338 0.8876 0.8518 0.0000 0.8240
112 0.9177 0.2233 0.8905 0.8473 0.0000 0.8194
113 0.9219 0.2147 0.8975 0.8506 0.0000 0.8242
114 0.9212 0.2100 0.8951 0.8485 0.0000 0.8231
115 0.9217 0.2057 0.8957 0.8478 0.0000 0.8237
116 0.9199 0.2125 0.8958 0.8487 0.0000 0.8248
117 0.9237 0.1981 0.8985 0.8537 0.0000 0.8248
118 0.9195 0.2192 0.8946 0.8542 0.0000 0.8270
119 0.9189 0.2333 0.8910 0.8415 0.0000 0.8119
120 0.9185 0.2253 0.8908 0.8490 0.0000 0.8189
121 0.9140 0.2431 0.8872 0.8535 0.0000 0.8240
122 0.9162 0.2245 0.8885 0.8357 0.0000 0.8112
123 0.9204 0.2085 0.8950 0.8601 0.0000 0.8316
124 0.9251 0.2008 0.8989 0.8553 0.0000 0.8291
125 0.9233 0.1975 0.8969 0.8544 0.0000 0.8279
126 0.9186 0.2067 0.8933 0.8547 0.0000 0.8268
127 0.9229 0.1975 0.8984 0.8475 0.0000 0.8209
128 0.9250 0.1989 0.9007 0.8457 0.0000 0.8190
129 0.9182 0.2163 0.8920 0.8549 0.0000 0.8279
130 0.9195 0.2180 0.8919 0.8418 0.0000 0.8150
131 0.9182 0.2193 0.8918 0.8556 0.0000 0.8298
132 0.9237 0.2014 0.9002 0.8564 0.0000 0.8294
133 0.9211 0.2069 0.8963 0.8551 0.0000 0.8310
134 0.9236 0.1951 0.8983 0.8562 0.0000 0.8308
135 0.9262 0.1900 0.9013 0.8537 0.0000 0.8286
136 0.9275 0.1859 0.9049 0.8556 0.0000 0.8311
137 0.9218 0.2059 0.8984 0.8527 0.0000 0.8260
138 0.9198 0.2122 0.8941 0.8541 0.0000 0.8274
139 0.9283 0.1951 0.9048 0.8476 0.0000 0.8231
140 0.9080 0.2640 0.8794 0.8486 0.0000 0.8185
141 0.9151 0.2415 0.8882 0.8544 0.0000 0.8230
142 0.9172 0.2128 0.8922 0.8377 0.0000 0.8114
143 0.9235 0.1955 0.8987 0.8511 0.0000 0.8269
144 0.9267 0.1926 0.9025 0.8502 0.0000 0.8240
145 0.9263 0.1936 0.9030 0.8522 0.0000 0.8281
146 0.9280 0.1888 0.9057 0.8506 0.0000 0.8239
147 0.9284 0.1918 0.9042 0.8416 0.0000 0.8143
148 0.9237 0.1966 0.8992 0.8451 0.0000 0.8224
149 0.9220 0.2141 0.8970 0.8445 0.0000 0.8168
150 0.9175 0.2187 0.8902 0.8521 0.0000 0.8248
151 0.9229 0.2044 0.8987 0.8429 0.0000 0.8135
152 0.9245 0.2038 0.8984 0.8525 0.0000 0.8287
153 0.9252 0.1956 0.9005 0.8542 0.0000 0.8282
154 0.9300 0.1818 0.9077 0.8496 0.0000 0.8237
155 0.9272 0.1865 0.9052 0.8516 0.0000 0.8244
156 0.9314 0.1774 0.9089 0.8537 0.0000 0.8256
157 0.9235 0.1915 0.8979 0.8575 0.0000 0.8340
158 0.9267 0.1885 0.9018 0.8543 0.0000 0.8286
159 0.9201 0.2017 0.8945 0.8553 0.0000 0.8287
160 0.9243 0.1943 0.9018 0.8567 0.0000 0.8345
161 0.9285 0.1803 0.9066 0.8543 0.0000 0.8314
162 0.9315 0.1780 0.9091 0.8567 0.0000 0.8341
163 0.9311 0.1702 0.9093 0.8524 0.0000 0.8290
164 0.9315 0.1717 0.9097 0.8518 0.0000 0.8294
165 0.9347 0.1687 0.9126 0.8562 0.0000 0.8337
166 0.9302 0.1738 0.9073 0.8568 0.0000 0.8329
167 0.9334 0.1682 0.9111 0.8572 0.0000 0.8346
168 0.9324 0.1719 0.9121 0.8519 0.0000 0.8288
169 0.9353 0.1630 0.9118 0.8521 0.0000 0.8287
170 0.9320 0.1750 0.9091 0.8577 0.0000 0.8353
171 0.9343 0.1685 0.9121 0.8563 0.0000 0.8331
172 0.9302 0.1726 0.9076 0.8563 0.0000 0.8339
173 0.9352 0.1706 0.9140 0.8592 0.0000 0.8346
174 0.9310 0.1730 0.9086 0.8584 0.0000 0.8340
175 0.9359 0.1616 0.9146 0.8594 0.0000 0.8358
176 0.9330 0.1707 0.9112 0.8558 0.0000 0.8326
177 0.9331 0.1659 0.9115 0.8588 0.0000 0.8341
178 0.9321 0.1664 0.9111 0.8554 0.0000 0.8320
179 0.9382 0.1579 0.9180 0.8535 0.0000 0.8293
180 0.9344 0.1659 0.9138 0.8556 0.0000 0.8315
181 0.9313 0.1686 0.9093 0.8539 0.0000 0.8292
182 0.9360 0.1610 0.9161 0.8558 0.0000 0.8314
183 0.9335 0.1691 0.9120 0.8526 0.0000 0.8282
184 0.9355 0.1676 0.9123 0.8581 0.0000 0.8339
185 0.9346 0.1598 0.9144 0.8588 0.0000 0.8356
186 0.9335 0.1632 0.9122 0.8556 0.0000 0.8328
187 0.9355 0.1635 0.9142 0.8556 0.0000 0.8331
188 0.9319 0.1655 0.9097 0.8577 0.0000 0.8321
189 0.9375 0.1584 0.9138 0.8551 0.0000 0.8314
190 0.9353 0.1649 0.9128 0.8566 0.0000 0.8314
191 0.9330 0.1675 0.9102 0.8536 0.0000 0.8278
192 0.9332 0.1637 0.9132 0.8567 0.0000 0.8320
193 0.9394 0.1552 0.9180 0.8546 0.0000 0.8287
194 0.9352 0.1615 0.9117 0.8532 0.0000 0.8261
195 0.9338 0.1607 0.9118 0.8569 0.0000 0.8312
196 0.9394 0.1519 0.9195 0.8561 0.0000 0.8311
197 0.9372 0.1579 0.9170 0.8569 0.0000 0.8320
198 0.9319 0.1668 0.9093 0.8566 0.0000 0.8311
199 0.9365 0.1608 0.9141 0.8517 0.0000 0.8276
