epoch train_iou train_loss train_mAP val_iou val_mAP
0 0.6412 1.9035 0.5647 0.7288 0.6639
1 0.7326 1.4805 0.6702 0.6008 0.5385
2 0.7613 1.3289 0.7084 0.7462 0.6880
3 0.7774 1.2151 0.7279 0.7978 0.7531
4 0.7963 1.1207 0.7497 0.7967 0.7565
5 0.8049 1.0708 0.7596 0.8054 0.7660
6 0.8028 1.0772 0.7585 0.8006 0.7630
7 0.8065 1.0723 0.7613 0.7975 0.7540
8 0.8000 1.1126 0.7528 0.7930 0.7496
9 0.8037 1.0799 0.7575 0.7957 0.7602
10 0.8050 1.1171 0.7605 0.8029 0.7668
11 0.8119 1.0119 0.7711 0.8157 0.7719
12 0.8301 0.9349 0.7896 0.8153 0.7838
13 0.8391 0.8817 0.7972 0.8318 0.7966
14 0.8415 0.8602 0.8032 0.8333 0.8013
15 0.8431 0.8265 0.8063 0.8343 0.8023
16 0.8547 0.8037 0.8179 0.8289 0.7950
17 0.8498 0.8243 0.8108 0.8240 0.7865
18 0.8427 0.8702 0.8012 0.8275 0.7921
19 0.8383 0.8858 0.8005 0.8219 0.7852
20 0.8319 0.9363 0.7927 0.8037 0.7651
21 0.8355 0.9126 0.7977 0.8280 0.7906
22 0.8492 0.8155 0.8100 0.8393 0.8095
23 0.8564 0.7640 0.8199 0.8553 0.8192
24 0.8665 0.6968 0.8317 0.8503 0.8103
25 0.8687 0.6833 0.8328 0.8476 0.8113
26 0.8757 0.6757 0.8417 0.8374 0.8069
27 0.8711 0.6991 0.8364 0.8422 0.8040
28 0.8697 0.7071 0.8345 0.8426 0.8088
29 0.8574 0.7942 0.8208 0.8338 0.8031
30 0.8384 0.8972 0.8004 0.8225 0.7897
31 0.8525 0.8040 0.8159 0.7972 0.7567
32 0.8648 0.7332 0.8267 0.8403 0.8001
33 0.8758 0.6732 0.8419 0.8486 0.8181
34 0.8778 0.6514 0.8449 0.8476 0.8206
35 0.8836 0.6037 0.8500 0.8535 0.8225
36 0.8883 0.5782 0.8563 0.8457 0.8161
37 0.8870 0.6016 0.8520 0.8376 0.8091
38 0.8739 0.6740 0.8376 0.8436 0.8091
39 0.8752 0.6706 0.8419 0.8361 0.8008
40 0.8637 0.7515 0.8293 0.8296 0.7999
41 0.8684 0.7300 0.8322 0.8359 0.8067
42 0.8696 0.6986 0.8368 0.8396 0.8085
43 0.8839 0.5952 0.8515 0.8503 0.8175
44 0.8882 0.5693 0.8576 0.8584 0.8275
45 0.8910 0.5538 0.8597 0.8576 0.8266
46 0.8935 0.5533 0.8608 0.8560 0.8212
47 0.8907 0.5634 0.8582 0.8529 0.8243
48 0.8813 0.6018 0.8484 0.8466 0.8160
49 0.8776 0.6607 0.8437 0.8368 0.8037
50 0.8718 0.6981 0.8364 0.8381 0.8041
51 0.8784 0.6721 0.8450 0.8388 0.8031
52 0.8871 0.6003 0.8554 0.8293 0.7901
53 0.8928 0.5741 0.8607 0.8559 0.8225
54 0.8980 0.5344 0.8658 0.8491 0.8172
55 0.8996 0.5220 0.8695 0.8551 0.8236
56 0.8957 0.5328 0.8655 0.8539 0.8226
57 0.9010 0.5167 0.8713 0.8587 0.8242
58 0.8937 0.5608 0.8638 0.8518 0.8200
59 0.8913 0.5856 0.8591 0.8485 0.8167
60 0.8741 0.6760 0.8381 0.8372 0.8075
61 0.8757 0.6889 0.8441 0.8406 0.8053
62 0.8948 0.5662 0.8636 0.8555 0.8276
63 0.8983 0.5315 0.8675 0.8477 0.8150
64 0.9067 0.4802 0.8767 0.8563 0.8272
65 0.9055 0.4799 0.8728 0.8610 0.8310
66 0.9036 0.4888 0.8725 0.8579 0.8266
67 0.9068 0.4746 0.8763 0.8583 0.8273
68 0.9000 0.5097 0.8692 0.8542 0.8219
69 0.8896 0.5679 0.8566 0.8428 0.8089
70 0.8733 0.6994 0.8403 0.8231 0.7893
71 0.8809 0.6283 0.8490 0.8424 0.8149
72 0.8962 0.5479 0.8674 0.8440 0.8084
73 0.8944 0.5465 0.8637 0.8536 0.8268
74 0.9015 0.4884 0.8724 0.8591 0.8302
75 0.9058 0.4600 0.8759 0.8596 0.8327
76 0.9093 0.4672 0.8779 0.8628 0.8322
77 0.9084 0.4598 0.8802 0.8555 0.8243
78 0.9044 0.4979 0.8748 0.8563 0.8270
79 0.8952 0.5477 0.8645 0.7866 0.7489
80 0.8760 0.6920 0.8456 0.7706 0.7448
81 0.8916 0.6019 0.8618 0.8483 0.8179
82 0.8958 0.5602 0.8682 0.8493 0.8196
83 0.9041 0.5039 0.8739 0.8574 0.8293
84 0.9122 0.4522 0.8836 0.8561 0.8267
85 0.9082 0.4566 0.8784 0.8589 0.8309
86 0.9178 0.4260 0.8914 0.8537 0.8263
87 0.9144 0.4369 0.8852 0.8585 0.8321
88 0.9060 0.4617 0.8773 0.8478 0.8178
89 0.8947 0.5423 0.8641 0.8433 0.8139
90 0.8864 0.6179 0.8556 0.8451 0.8100
91 0.8915 0.5638 0.8606 0.8544 0.8237
92 0.8994 0.5239 0.8691 0.8421 0.8093
93 0.9071 0.4709 0.8770 0.8566 0.8293
94 0.9112 0.4506 0.8838 0.8572 0.8310
95 0.9179 0.3994 0.8922 0.8601 0.8335
96 0.9113 0.4426 0.8848 0.8583 0.8337
97 0.9125 0.4467 0.8864 0.8563 0.8293
98 0.9063 0.4775 0.8781 0.8517 0.8278
99 0.9020 0.5075 0.8728 0.8441 0.8121
100 0.9058 0.4845 0.8771 0.8588 0.8263
101 0.9091 0.4539 0.8816 0.8598 0.8278
102 0.9140 0.4409 0.8847 0.8593 0.8309
103 0.9137 0.4231 0.8855 0.8596 0.8322
104 0.9248 0.3828 0.8986 0.8643 0.8388
105 0.9213 0.3874 0.8949 0.8662 0.8389
106 0.9214 0.3877 0.8956 0.8670 0.8398
107 0.9192 0.4052 0.8934 0.8655 0.8386
108 0.9192 0.3948 0.8934 0.8680 0.8397
109 0.9203 0.3907 0.8946 0.8597 0.8288
110 0.9149 0.4156 0.8875 0.8415 0.8095
111 0.9177 0.4215 0.8924 0.8603 0.8315
112 0.9148 0.4128 0.8871 0.8549 0.8276
113 0.9145 0.4035 0.8897 0.8597 0.8303
114 0.9240 0.3685 0.8992 0.8602 0.8309
115 0.9243 0.3635 0.9002 0.8610 0.8316
116 0.9217 0.3715 0.8980 0.8594 0.8334
117 0.9219 0.3785 0.8968 0.8581 0.8316
118 0.9215 0.3850 0.8958 0.8616 0.8365
119 0.9158 0.4101 0.8904 0.8594 0.8292
120 0.9159 0.4086 0.8899 0.8540 0.8262
121 0.9192 0.3949 0.8930 0.8557 0.8319
122 0.9202 0.3897 0.8943 0.8553 0.8288
123 0.9204 0.3896 0.8966 0.8564 0.8282
124 0.9257 0.3667 0.9023 0.8649 0.8387
125 0.9281 0.3474 0.9037 0.8626 0.8361
126 0.9285 0.3456 0.9047 0.8602 0.8333
127 0.9206 0.3688 0.8964 0.8599 0.8344
128 0.9260 0.3559 0.9017 0.8600 0.8341
129 0.9189 0.4084 0.8941 0.8584 0.8274
130 0.9191 0.4094 0.8926 0.8474 0.8106
131 0.9228 0.3903 0.8989 0.8567 0.8298
132 0.9172 0.4023 0.8918 0.8578 0.8290
133 0.9216 0.3833 0.8969 0.8625 0.8328
134 0.9287 0.3429 0.9062 0.8601 0.8329
135 0.9288 0.3306 0.9062 0.8667 0.8392
136 0.9228 0.3582 0.8983 0.8620 0.8340
137 0.9269 0.3608 0.9038 0.8606 0.8331
138 0.9255 0.3608 0.8996 0.8615 0.8303
139 0.9242 0.3764 0.8999 0.8608 0.8323
140 0.9230 0.3898 0.8992 0.8588 0.8266
141 0.9201 0.3995 0.8967 0.8525 0.8240
142 0.9217 0.3747 0.8985 0.8589 0.8304
143 0.9237 0.3637 0.9009 0.8637 0.8351
144 0.9234 0.3620 0.9001 0.8624 0.8345
145 0.9262 0.3492 0.9034 0.8636 0.8356
146 0.9308 0.3322 0.9084 0.8609 0.8331
147 0.9312 0.3336 0.9089 0.8606 0.8364
148 0.9282 0.3510 0.9052 0.8543 0.8282
149 0.9268 0.3493 0.9030 0.8652 0.8388
150 0.9238 0.3609 0.9003 0.8597 0.8321
151 0.9291 0.3562 0.9066 0.8640 0.8338
152 0.9262 0.3539 0.9016 0.8604 0.8317
153 0.9288 0.3524 0.9057 0.8592 0.8306
154 0.9311 0.3349 0.9074 0.8633 0.8347
155 0.9309 0.3288 0.9095 0.8628 0.8345
156 0.9319 0.3257 0.9092 0.8614 0.8337
157 0.9346 0.3206 0.9152 0.8595 0.8302
158 0.9288 0.3390 0.9059 0.8567 0.8310
159 0.9264 0.3470 0.9025 0.8613 0.8347
160 0.9288 0.3540 0.9074 0.8632 0.8355
161 0.9297 0.3371 0.9067 0.8658 0.8375
162 0.9322 0.3292 0.9112 0.8642 0.8368
163 0.9345 0.3177 0.9130 0.8627 0.8343
164 0.9309 0.3241 0.9092 0.8626 0.8356
165 0.9313 0.3262 0.9112 0.8634 0.8355
166 0.9334 0.3128 0.9132 0.8640 0.8362
167 0.9277 0.3330 0.9061 0.8634 0.8359
168 0.9309 0.3202 0.9083 0.8636 0.8343
169 0.9370 0.3033 0.9161 0.8688 0.8398
170 0.9338 0.3137 0.9117 0.8675 0.8399
171 0.9343 0.3094 0.9124 0.8688 0.8386
172 0.9333 0.3183 0.9100 0.8642 0.8364
173 0.9351 0.3057 0.9149 0.8644 0.8370
174 0.9315 0.3139 0.9108 0.8648 0.8368
175 0.9352 0.3068 0.9153 0.8645 0.8356
176 0.9360 0.3034 0.9146 0.8643 0.8364
177 0.9348 0.3048 0.9150 0.8661 0.8363
178 0.9340 0.3077 0.9120 0.8645 0.8356
179 0.9324 0.3101 0.9108 0.8636 0.8356
180 0.9331 0.3177 0.9113 0.8628 0.8344
181 0.9345 0.3089 0.9127 0.8642 0.8363
182 0.9355 0.3101 0.9129 0.8623 0.8339
183 0.9334 0.3103 0.9127 0.8635 0.8350
184 0.9306 0.3101 0.9098 0.8636 0.8353
185 0.9327 0.3111 0.9120 0.8631 0.8341
186 0.9346 0.2960 0.9157 0.8653 0.8362
187 0.9355 0.3000 0.9158 0.8664 0.8375
188 0.9371 0.2950 0.9169 0.8649 0.8347
189 0.9342 0.3100 0.9130 0.8658 0.8379
190 0.9328 0.3077 0.9102 0.8659 0.8365
191 0.9359 0.3008 0.9153 0.8642 0.8337
192 0.9356 0.3026 0.9150 0.8669 0.8361
193 0.9359 0.3034 0.9154 0.8651 0.8355
194 0.9362 0.2942 0.9179 0.8661 0.8370
195 0.9332 0.3037 0.9120 0.8671 0.8386
196 0.9373 0.2931 0.9171 0.8659 0.8377
197 0.9389 0.2846 0.9191 0.8660 0.8381
198 0.9373 0.2958 0.9190 0.8665 0.8382
199 0.9367 0.2923 0.9172 0.8628 0.8356
