epoch train_iou train_loss train_mAP val_iou val_mAP
0 0.6294 1.1341 0.5550 0.7047 0.6301
1 0.7509 0.7931 0.6880 0.7703 0.7189
2 0.7848 0.6806 0.7312 0.7892 0.7289
3 0.8037 0.6168 0.7583 0.8154 0.7675
4 0.8204 0.5490 0.7758 0.8285 0.7852
5 0.8263 0.5187 0.7825 0.8312 0.7885
6 0.8257 0.5262 0.7821 0.8295 0.7907
7 0.8341 0.5079 0.7900 0.8200 0.7728
8 0.8212 0.5501 0.7786 0.8152 0.7754
9 0.8213 0.5655 0.7803 0.8174 0.7875
10 0.8208 0.5682 0.7837 0.8321 0.7942
11 0.8355 0.5151 0.7976 0.8280 0.7915
12 0.8472 0.4737 0.8076 0.8377 0.8002
13 0.8586 0.4302 0.8225 0.8557 0.8206
14 0.8752 0.3812 0.8400 0.8583 0.8251
15 0.8782 0.3633 0.8414 0.8573 0.8253
16 0.8771 0.3524 0.8424 0.8535 0.8186
17 0.8753 0.3763 0.8409 0.8537 0.8236
18 0.8662 0.3970 0.8286 0.8419 0.8066
19 0.8619 0.4288 0.8248 0.8084 0.7688
20 0.8477 0.4742 0.8121 0.8414 0.8059
21 0.8638 0.4103 0.8276 0.8434 0.8131
22 0.8772 0.3700 0.8447 0.8602 0.8298
23 0.8825 0.3482 0.8515 0.8640 0.8304
24 0.8962 0.2915 0.8639 0.8617 0.8315
25 0.9020 0.2705 0.8732 0.8619 0.8339
26 0.8946 0.2872 0.8633 0.8615 0.8305
27 0.8929 0.3048 0.8615 0.8618 0.8296
28 0.8936 0.3167 0.8612 0.8574 0.8234
29 0.8789 0.3513 0.8449 0.8503 0.8141
30 0.8764 0.3787 0.8438 0.8550 0.8217
31 0.8786 0.3829 0.8455 0.8621 0.8297
32 0.8821 0.3491 0.8516 0.8578 0.8231
33 0.8999 0.2884 0.8716 0.8646 0.8331
34 0.9047 0.2684 0.8757 0.8670 0.8354
35 0.9097 0.2483 0.8815 0.8682 0.8349
36 0.9072 0.2539 0.8768 0.8688 0.8368
37 0.9064 0.2615 0.8753 0.8573 0.8222
38 0.9019 0.2824 0.8693 0.8591 0.8259
39 0.8930 0.3195 0.8620 0.8509 0.8184
40 0.8814 0.3657 0.8509 0.8536 0.8276
41 0.8943 0.3225 0.8662 0.8503 0.8174
42 0.9001 0.2922 0.8733 0.8619 0.8292
43 0.9062 0.2588 0.8765 0.8687 0.8384
44 0.9121 0.2361 0.8831 0.8714 0.8400
45 0.9117 0.2272 0.8827 0.8714 0.8422
46 0.9159 0.2230 0.8888 0.8646 0.8342
47 0.9157 0.2316 0.8870 0.8671 0.8365
48 0.9100 0.2460 0.8816 0.8668 0.8362
49 0.9058 0.2622 0.8776 0.8523 0.8243
50 0.8827 0.3506 0.8494 0.8693 0.8344
51 0.8896 0.3204 0.8594 0.8350 0.8070
52 0.8987 0.3014 0.8686 0.8601 0.8320
53 0.9070 0.2594 0.8802 0.8710 0.8415
54 0.9187 0.2214 0.8934 0.8709 0.8416
55 0.9144 0.2242 0.8904 0.8720 0.8424
56 0.9181 0.2161 0.8902 0.8708 0.8411
57 0.9166 0.2214 0.8904 0.8664 0.8362
58 0.9099 0.2401 0.8842 0.8678 0.8355
59 0.9048 0.2562 0.8743 0.8631 0.8320
60 0.8928 0.3254 0.8621 0.8491 0.8216
61 0.8944 0.3074 0.8612 0.8613 0.8299
62 0.9076 0.2576 0.8792 0.8670 0.8355
63 0.9076 0.2511 0.8795 0.8742 0.8431
64 0.9225 0.2149 0.8963 0.8737 0.8456
65 0.9240 0.2008 0.8987 0.8750 0.8450
66 0.9223 0.2027 0.8964 0.8726 0.8436
67 0.9176 0.2122 0.8921 0.8684 0.8400
68 0.9135 0.2332 0.8875 0.8697 0.8393
69 0.9035 0.2565 0.8765 0.8648 0.8369
70 0.9022 0.2950 0.8738 0.8497 0.8191
71 0.9019 0.2886 0.8731 0.8609 0.8321
72 0.9057 0.2632 0.8765 0.8721 0.8394
73 0.9154 0.2315 0.8882 0.8739 0.8450
74 0.9176 0.2180 0.8922 0.8791 0.8476
75 0.9242 0.1980 0.8993 0.8781 0.8469
76 0.9222 0.1971 0.8975 0.8784 0.8477
77 0.9222 0.1984 0.8967 0.8494 0.8253
78 0.9207 0.2190 0.8921 0.8580 0.8307
79 0.9132 0.2389 0.8883 0.8646 0.8367
80 0.9027 0.2783 0.8737 0.8496 0.8232
81 0.9038 0.2704 0.8744 0.8558 0.8255
82 0.9074 0.2604 0.8827 0.8615 0.8278
83 0.9155 0.2238 0.8890 0.8697 0.8376
84 0.9265 0.1953 0.9037 0.8746 0.8440
85 0.9276 0.1892 0.9040 0.8759 0.8457
86 0.9269 0.1901 0.9045 0.8747 0.8434
87 0.9241 0.1945 0.8988 0.8724 0.8409
88 0.9210 0.2083 0.8958 0.8717 0.8417
89 0.9206 0.2150 0.8934 0.8691 0.8363
90 0.9060 0.2620 0.8789 0.8350 0.8005
91 0.9019 0.2649 0.8727 0.8595 0.8293
92 0.9156 0.2343 0.8893 0.8687 0.8409
93 0.9216 0.2050 0.8966 0.8745 0.8473
94 0.9245 0.1932 0.9008 0.8755 0.8506
95 0.9255 0.1891 0.9033 0.8767 0.8526
96 0.9313 0.1827 0.9082 0.8825 0.8576
97 0.9250 0.1876 0.9005 0.8731 0.8462
98 0.9275 0.1822 0.9064 0.8640 0.8376
99 0.9218 0.2092 0.8966 0.8695 0.8377
100 0.9299 0.1820 0.9059 0.8735 0.8436
101 0.9290 0.1829 0.9051 0.8729 0.8445
102 0.9301 0.1792 0.9080 0.8768 0.8466
103 0.9334 0.1639 0.9141 0.8771 0.8476
104 0.9339 0.1656 0.9129 0.8779 0.8491
105 0.9332 0.1621 0.9131 0.8788 0.8507
106 0.9364 0.1574 0.9160 0.8783 0.8489
107 0.9349 0.1634 0.9133 0.8774 0.8489
108 0.9299 0.1676 0.9085 0.8788 0.8490
109 0.9350 0.1628 0.9137 0.8715 0.8464
110 0.9356 0.1631 0.9149 0.8757 0.8471
111 0.9275 0.1862 0.9055 0.8762 0.8469
112 0.9331 0.1767 0.9107 0.8736 0.8429
113 0.9309 0.1736 0.9083 0.8756 0.8456
114 0.9346 0.1653 0.9145 0.8818 0.8515
115 0.9393 0.1493 0.9202 0.8836 0.8529
116 0.9391 0.1559 0.9201 0.8793 0.8484
117 0.9370 0.1581 0.9172 0.8752 0.8475
118 0.9347 0.1566 0.9140 0.8761 0.8466
119 0.9341 0.1662 0.9147 0.8740 0.8460
120 0.9227 0.2125 0.8994 0.8684 0.8403
121 0.9282 0.1869 0.9040 0.8786 0.8472
122 0.9325 0.1715 0.9123 0.8729 0.8455
123 0.9370 0.1630 0.9176 0.8786 0.8485
124 0.9402 0.1466 0.9225 0.8793 0.8510
125 0.9385 0.1493 0.9194 0.8794 0.8511
126 0.9403 0.1492 0.9225 0.8810 0.8534
127 0.9410 0.1461 0.9224 0.8783 0.8509
128 0.9385 0.1513 0.9192 0.8795 0.8498
129 0.9395 0.1564 0.9214 0.8815 0.8553
130 0.9318 0.1765 0.9103 0.8718 0.8437
131 0.9351 0.1700 0.9141 0.8776 0.8503
132 0.9343 0.1690 0.9153 0.8761 0.8470
133 0.9367 0.1600 0.9170 0.8762 0.8487
134 0.9395 0.1515 0.9212 0.8741 0.8466
135 0.9408 0.1452 0.9226 0.8775 0.8511
136 0.9416 0.1410 0.9227 0.8778 0.8518
137 0.9424 0.1454 0.9253 0.8806 0.8537
138 0.9381 0.1504 0.9191 0.8777 0.8496
139 0.9383 0.1534 0.9191 0.8817 0.8539
140 0.9326 0.1645 0.9099 0.8754 0.8449
141 0.9331 0.1704 0.9121 0.8746 0.8466
142 0.9379 0.1548 0.9204 0.8860 0.8561
143 0.9406 0.1435 0.9234 0.8800 0.8510
144 0.9435 0.1380 0.9276 0.8851 0.8565
145 0.9468 0.1330 0.9311 0.8837 0.8569
146 0.9433 0.1361 0.9253 0.8845 0.8569
147 0.9432 0.1348 0.9262 0.8818 0.8549
148 0.9398 0.1487 0.9219 0.8795 0.8525
149 0.9402 0.1513 0.9208 0.8745 0.8450
150 0.9387 0.1516 0.9200 0.8761 0.8480
151 0.9378 0.1644 0.9193 0.8729 0.8444
152 0.9383 0.1533 0.9190 0.8823 0.8547
153 0.9381 0.1483 0.9210 0.8772 0.8505
154 0.9444 0.1363 0.9284 0.8781 0.8511
155 0.9426 0.1397 0.9267 0.8775 0.8507
156 0.9434 0.1344 0.9264 0.8782 0.8501
157 0.9454 0.1310 0.9283 0.8803 0.8532
158 0.9381 0.1452 0.9205 0.8762 0.8462
159 0.9386 0.1535 0.9187 0.8749 0.8484
160 0.9434 0.1411 0.9249 0.8759 0.8489
161 0.9434 0.1376 0.9267 0.8783 0.8524
162 0.9476 0.1320 0.9314 0.8802 0.8536
163 0.9470 0.1298 0.9307 0.8816 0.8544
164 0.9442 0.1294 0.9275 0.8809 0.8527
165 0.9470 0.1291 0.9311 0.8825 0.8542
166 0.9446 0.1290 0.9293 0.8827 0.8560
167 0.9499 0.1245 0.9345 0.8822 0.8551
168 0.9445 0.1326 0.9279 0.8833 0.8565
169 0.9475 0.1262 0.9322 0.8847 0.8559
170 0.9454 0.1326 0.9292 0.8841 0.8555
171 0.9465 0.1279 0.9286 0.8823 0.8537
172 0.9458 0.1267 0.9301 0.8808 0.8521
173 0.9450 0.1297 0.9287 0.8793 0.8516
174 0.9466 0.1267 0.9315 0.8806 0.8530
175 0.9469 0.1253 0.9303 0.8799 0.8519
176 0.9463 0.1288 0.9307 0.8822 0.8540
177 0.9483 0.1251 0.9331 0.8823 0.8550
178 0.9461 0.1276 0.9303 0.8833 0.8535
179 0.9503 0.1207 0.9349 0.8839 0.8556
180 0.9497 0.1267 0.9335 0.8824 0.8546
181 0.9476 0.1245 0.9323 0.8827 0.8546
182 0.9492 0.1216 0.9335 0.8807 0.8526
183 0.9456 0.1299 0.9307 0.8835 0.8553
184 0.9458 0.1276 0.9305 0.8833 0.8553
185 0.9452 0.1267 0.9290 0.8827 0.8545
186 0.9475 0.1223 0.9324 0.8842 0.8558
187 0.9474 0.1216 0.9325 0.8807 0.8543
188 0.9470 0.1251 0.9318 0.8791 0.8516
189 0.9504 0.1206 0.9358 0.8761 0.8504
190 0.9461 0.1285 0.9314 0.8811 0.8526
191 0.9482 0.1213 0.9328 0.8792 0.8526
192 0.9498 0.1198 0.9349 0.8782 0.8507
193 0.9468 0.1235 0.9317 0.8807 0.8520
194 0.9523 0.1146 0.9401 0.8800 0.8534
195 0.9502 0.1192 0.9351 0.8799 0.8516
196 0.9462 0.1248 0.9309 0.8826 0.8558
197 0.9528 0.1167 0.9397 0.8804 0.8519
198 0.9484 0.1210 0.9339 0.8799 0.8534
199 0.9473 0.1258 0.9306 0.8798 0.8534
