epoch train_iou train_loss train_mAP val_iou val_mAP
0 0.6252 1.9321 0.5487 0.6767 0.5962
1 0.7265 1.5251 0.6621 0.7200 0.6690
2 0.7492 1.4028 0.6910 0.7422 0.6915
3 0.7751 1.2517 0.7206 0.7632 0.7089
4 0.7972 1.1194 0.7480 0.7908 0.7518
5 0.8021 1.0762 0.7544 0.7962 0.7579
6 0.8040 1.0860 0.7551 0.7934 0.7520
7 0.8049 1.0854 0.7586 0.8006 0.7588
8 0.7990 1.1234 0.7517 0.7866 0.7470
9 0.8000 1.1219 0.7556 0.7864 0.7510
10 0.8041 1.0740 0.7589 0.8105 0.7720
11 0.8171 1.0152 0.7724 0.7982 0.7550
12 0.8242 0.9757 0.7820 0.8189 0.7746
13 0.8328 0.9099 0.7932 0.8337 0.7962
14 0.8465 0.8294 0.8068 0.8380 0.8007
15 0.8500 0.7975 0.8128 0.8444 0.8066
16 0.8506 0.7943 0.8114 0.8387 0.8010
17 0.8448 0.8286 0.8065 0.8297 0.7951
18 0.8451 0.8672 0.8067 0.8201 0.7766
19 0.8320 0.9310 0.7949 0.8254 0.7891
20 0.8176 1.0136 0.7770 0.8026 0.7602
21 0.8360 0.9359 0.7974 0.8274 0.7773
22 0.8490 0.8332 0.8115 0.8291 0.7954
23 0.8572 0.7839 0.8206 0.8380 0.8023
24 0.8682 0.6942 0.8325 0.8512 0.8159
25 0.8761 0.6669 0.8418 0.8486 0.8130
26 0.8727 0.6883 0.8372 0.8459 0.8118
27 0.8696 0.6975 0.8338 0.8459 0.8090
28 0.8595 0.7463 0.8229 0.8429 0.8117
29 0.8544 0.8086 0.8183 0.8378 0.8075
30 0.8567 0.8105 0.8203 0.8288 0.7931
31 0.8566 0.8107 0.8189 0.8194 0.7778
32 0.8589 0.7563 0.8224 0.8472 0.8162
33 0.8720 0.6659 0.8354 0.8519 0.8167
34 0.8827 0.6180 0.8481 0.8487 0.8139
35 0.8838 0.6170 0.8488 0.8520 0.8185
36 0.8836 0.6186 0.8462 0.8608 0.8284
37 0.8862 0.5995 0.8522 0.8450 0.8106
38 0.8745 0.6832 0.8390 0.8424 0.7986
39 0.8679 0.7062 0.8310 0.8435 0.8125
40 0.8657 0.7374 0.8298 0.8314 0.7995
41 0.8586 0.7585 0.8222 0.8437 0.8078
42 0.8729 0.6765 0.8368 0.8224 0.7906
43 0.8831 0.6179 0.8495 0.8467 0.8194
44 0.8874 0.5798 0.8553 0.8509 0.8201
45 0.8913 0.5508 0.8604 0.8523 0.8248
46 0.8953 0.5454 0.8615 0.8566 0.8255
47 0.8873 0.5742 0.8530 0.8521 0.8233
48 0.8904 0.5790 0.8569 0.8486 0.8212
49 0.8805 0.6404 0.8454 0.8504 0.8123
50 0.8701 0.6994 0.8374 0.8362 0.8054
51 0.8694 0.6898 0.8350 0.8296 0.7925
52 0.8809 0.6184 0.8462 0.8475 0.8184
53 0.8900 0.5645 0.8577 0.8563 0.8270
54 0.8977 0.5233 0.8658 0.8591 0.8284
55 0.9005 0.5039 0.8692 0.8626 0.8317
56 0.9030 0.5055 0.8713 0.8591 0.8286
57 0.8995 0.5168 0.8657 0.8540 0.8195
58 0.8852 0.5602 0.8529 0.8574 0.8275
59 0.8848 0.6053 0.8503 0.8456 0.8124
60 0.8787 0.6491 0.8456 0.8521 0.8209
61 0.8776 0.6766 0.8428 0.8403 0.8070
62 0.8872 0.6065 0.8561 0.8514 0.8240
63 0.8913 0.5434 0.8581 0.8561 0.8280
64 0.9015 0.5038 0.8708 0.8513 0.8208
65 0.9067 0.4791 0.8766 0.8575 0.8293
66 0.9052 0.4853 0.8738 0.8543 0.8240
67 0.9068 0.4879 0.8749 0.8472 0.8207
68 0.8988 0.5150 0.8662 0.8515 0.8227
69 0.8895 0.5620 0.8570 0.8501 0.8212
70 0.8848 0.6235 0.8541 0.8456 0.8119
71 0.8779 0.6508 0.8439 0.8420 0.8109
72 0.8894 0.5673 0.8570 0.8371 0.8096
73 0.8965 0.5088 0.8652 0.8550 0.8251
74 0.9051 0.4774 0.8770 0.8563 0.8287
75 0.9064 0.4670 0.8790 0.8565 0.8249
76 0.9104 0.4470 0.8830 0.8581 0.8249
77 0.9083 0.4602 0.8806 0.8492 0.8220
78 0.9025 0.4946 0.8740 0.8471 0.8195
79 0.8900 0.5943 0.8591 0.8190 0.7879
80 0.8833 0.6096 0.8509 0.8435 0.8096
81 0.8871 0.5837 0.8551 0.8540 0.8186
82 0.8993 0.5344 0.8685 0.8516 0.8209
83 0.9057 0.4778 0.8760 0.8659 0.8381
84 0.9063 0.4567 0.8776 0.8627 0.8327
85 0.9121 0.4351 0.8843 0.8630 0.8338
86 0.9132 0.4253 0.8840 0.8638 0.8346
87 0.9101 0.4443 0.8817 0.8533 0.8275
88 0.9029 0.4921 0.8749 0.8690 0.8343
89 0.9012 0.5143 0.8716 0.8550 0.8243
90 0.8900 0.5778 0.8602 0.8179 0.7797
91 0.8973 0.5417 0.8676 0.8587 0.8303
92 0.8990 0.5208 0.8704 0.8445 0.8172
93 0.9085 0.4687 0.8811 0.8568 0.8264
94 0.9142 0.4455 0.8834 0.8543 0.8288
95 0.9119 0.4340 0.8836 0.8554 0.8280
96 0.9178 0.4270 0.8902 0.8603 0.8317
97 0.9133 0.4327 0.8865 0.8536 0.8226
98 0.9016 0.4941 0.8741 0.8528 0.8234
99 0.9023 0.4947 0.8746 0.8478 0.8165
100 0.9069 0.4728 0.8764 0.8584 0.8329
101 0.9090 0.4648 0.8810 0.8518 0.8269
102 0.9168 0.4195 0.8897 0.8618 0.8361
103 0.9176 0.4019 0.8902 0.8599 0.8316
104 0.9198 0.3991 0.8928 0.8651 0.8370
105 0.9189 0.3876 0.8939 0.8608 0.8328
106 0.9192 0.4006 0.8934 0.8602 0.8319
107 0.9158 0.4165 0.8888 0.8617 0.8363
108 0.9174 0.3910 0.8903 0.8586 0.8320
109 0.9173 0.4189 0.8904 0.8568 0.8313
110 0.9111 0.4492 0.8821 0.8599 0.8311
111 0.9167 0.4114 0.8889 0.8586 0.8270
112 0.9171 0.3951 0.8907 0.8631 0.8365
113 0.9197 0.3845 0.8947 0.8630 0.8346
114 0.9249 0.3724 0.8987 0.8670 0.8395
115 0.9245 0.3687 0.9000 0.8662 0.8393
116 0.9271 0.3538 0.9009 0.8630 0.8379
117 0.9240 0.3702 0.8993 0.8625 0.8344
118 0.9250 0.3614 0.8998 0.8599 0.8338
119 0.9257 0.3737 0.9014 0.8605 0.8331
120 0.9186 0.3981 0.8934 0.8512 0.8155
121 0.9136 0.4341 0.8845 0.8690 0.8413
122 0.9163 0.4047 0.8905 0.8695 0.8421
123 0.9206 0.3866 0.8963 0.8601 0.8335
124 0.9202 0.3923 0.8956 0.8686 0.8427
125 0.9235 0.3667 0.8993 0.8690 0.8428
126 0.9247 0.3545 0.9011 0.8643 0.8377
127 0.9229 0.3625 0.8991 0.8692 0.8400
128 0.9222 0.3762 0.8974 0.8625 0.8356
129 0.9169 0.4023 0.8897 0.8627 0.8352
130 0.9079 0.4657 0.8797 0.8385 0.8115
131 0.9119 0.4383 0.8843 0.8574 0.8328
132 0.9172 0.3936 0.8932 0.8620 0.8308
133 0.9265 0.3640 0.9012 0.8604 0.8311
134 0.9252 0.3576 0.9013 0.8640 0.8355
135 0.9233 0.3664 0.8980 0.8623 0.8344
136 0.9275 0.3487 0.9026 0.8630 0.8363
137 0.9261 0.3604 0.9035 0.8610 0.8341
138 0.9186 0.3890 0.8939 0.8579 0.8294
139 0.9223 0.3753 0.8983 0.8624 0.8335
140 0.9199 0.3849 0.8953 0.8577 0.8266
141 0.9190 0.3972 0.8944 0.8666 0.8416
142 0.9258 0.3656 0.9008 0.8632 0.8352
143 0.9265 0.3680 0.9021 0.8706 0.8417
144 0.9271 0.3471 0.9041 0.8730 0.8427
145 0.9280 0.3436 0.9050 0.8725 0.8454
146 0.9277 0.3406 0.9033 0.8704 0.8421
147 0.9296 0.3358 0.9070 0.8656 0.8365
148 0.9230 0.3602 0.8998 0.8621 0.8323
149 0.9219 0.3766 0.8986 0.8667 0.8391
150 0.9140 0.4129 0.8873 0.8320 0.8013
151 0.9140 0.4235 0.8884 0.8513 0.8209
152 0.9228 0.3846 0.8987 0.8594 0.8316
153 0.9241 0.3649 0.9012 0.8604 0.8321
154 0.9269 0.3472 0.9030 0.8620 0.8331
155 0.9301 0.3426 0.9079 0.8627 0.8343
156 0.9296 0.3359 0.9060 0.8640 0.8367
157 0.9247 0.3495 0.9022 0.8612 0.8329
158 0.9244 0.3559 0.9014 0.8600 0.8326
159 0.9245 0.3715 0.9018 0.8578 0.8294
160 0.9276 0.3477 0.9057 0.8664 0.8343
161 0.9286 0.3398 0.9066 0.8627 0.8340
162 0.9287 0.3376 0.9061 0.8662 0.8358
163 0.9326 0.3307 0.9109 0.8613 0.8343
164 0.9301 0.3303 0.9082 0.8659 0.8376
165 0.9348 0.3122 0.9131 0.8666 0.8381
166 0.9299 0.3288 0.9058 0.8652 0.8363
167 0.9291 0.3255 0.9072 0.8642 0.8353
168 0.9299 0.3253 0.9071 0.8682 0.8388
169 0.9347 0.3190 0.9106 0.8669 0.8368
170 0.9288 0.3328 0.9057 0.8662 0.8353
171 0.9292 0.3298 0.9062 0.8679 0.8359
172 0.9355 0.3144 0.9130 0.8674 0.8369
173 0.9344 0.3145 0.9126 0.8696 0.8399
174 0.9343 0.3085 0.9131 0.8726 0.8417
175 0.9301 0.3210 0.9068 0.8665 0.8376
176 0.9332 0.3151 0.9107 0.8670 0.8362
177 0.9345 0.3064 0.9138 0.8660 0.8358
178 0.9317 0.3220 0.9106 0.8675 0.8359
179 0.9318 0.3166 0.9109 0.8657 0.8370
180 0.9337 0.3130 0.9133 0.8659 0.8361
181 0.9306 0.3227 0.9067 0.8644 0.8343
182 0.9310 0.3140 0.9087 0.8660 0.8352
183 0.9335 0.3063 0.9141 0.8645 0.8349
184 0.9338 0.3068 0.9138 0.8654 0.8356
185 0.9330 0.3125 0.9123 0.8640 0.8335
186 0.9352 0.3149 0.9129 0.8639 0.8344
187 0.9334 0.3095 0.9112 0.8642 0.8344
188 0.9317 0.3128 0.9104 0.8626 0.8335
189 0.9301 0.3189 0.9071 0.8652 0.8351
190 0.9334 0.3099 0.9125 0.8661 0.8357
191 0.9348 0.3112 0.9135 0.8658 0.8365
192 0.9310 0.3157 0.9092 0.8709 0.8422
193 0.9369 0.2962 0.9161 0.8663 0.8363
194 0.9349 0.3047 0.9149 0.8684 0.8377
195 0.9360 0.3021 0.9157 0.8677 0.8369
196 0.9338 0.3019 0.9132 0.8678 0.8380
197 0.9350 0.3032 0.9149 0.8697 0.8395
198 0.9365 0.3059 0.9173 0.8686 0.8364
199 0.9358 0.2989 0.9137 0.8640 0.8357
