epoch train_iou train_loss train_mAP val_iou val_loss val_mAP
0 0.6176 1.2143 0.5517 0.7106 0.9014 0.6602
1 0.7173 0.8982 0.6578 0.7386 0.8069 0.6720
2 0.7479 0.7817 0.6895 0.7591 0.7426 0.7020
3 0.7765 0.7045 0.7215 0.7676 0.6918 0.7062
4 0.7830 0.6524 0.7286 0.7837 0.6428 0.7317
5 0.8001 0.6093 0.7481 0.7857 0.6338 0.7335
6 0.7958 0.6152 0.7434 0.7949 0.6195 0.7433
7 0.7863 0.6575 0.7307 0.7835 0.6838 0.7397
8 0.8011 0.6202 0.7510 0.7844 0.6455 0.7335
9 0.7913 0.6400 0.7389 0.7971 0.6490 0.7483
10 0.8050 0.5967 0.7566 0.7264 0.8456 0.6910
11 0.8068 0.5766 0.7601 0.7986 0.6384 0.7609
12 0.8177 0.5471 0.7723 0.8090 0.5810 0.7736
13 0.8337 0.5010 0.7878 0.8153 0.5696 0.7722
14 0.8385 0.4584 0.7938 0.8243 0.5333 0.7891
15 0.8493 0.4336 0.8044 0.8227 0.5409 0.7814
16 0.8451 0.4455 0.8020 0.8236 0.5553 0.7869
17 0.8352 0.4788 0.7883 0.8100 0.5675 0.7755
18 0.8327 0.5060 0.7877 0.7903 0.6236 0.7452
19 0.8190 0.5460 0.7723 0.7915 0.6815 0.7381
20 0.8161 0.5462 0.7707 0.8032 0.6312 0.7677
21 0.8226 0.5300 0.7785 0.7468 0.8008 0.7036
22 0.8319 0.4992 0.7871 0.7977 0.6245 0.7669
23 0.8505 0.4348 0.8068 0.8144 0.5525 0.7724
24 0.8562 0.4082 0.8129 0.8229 0.5400 0.7888
25 0.8531 0.4060 0.8109 0.8238 0.5327 0.7867
26 0.8615 0.3883 0.8174 0.8254 0.5319 0.7891
27 0.8533 0.4161 0.8097 0.8243 0.5320 0.7931
28 0.8606 0.4168 0.8175 0.8088 0.5754 0.7703
29 0.8445 0.4650 0.7995 0.8156 0.5789 0.7767
30 0.8360 0.4985 0.7923 0.8129 0.5524 0.7761
31 0.8414 0.4708 0.7976 0.8317 0.5072 0.7919
32 0.8465 0.4387 0.8028 0.8149 0.5544 0.7761
33 0.8526 0.4211 0.8086 0.8313 0.5955 0.7983
34 0.8671 0.3671 0.8256 0.8413 0.5217 0.8056
35 0.8709 0.3546 0.8298 0.8369 0.5174 0.7998
36 0.8672 0.3513 0.8251 0.8378 0.5366 0.8024
37 0.8637 0.3684 0.8216 0.8222 0.5351 0.7883
38 0.8487 0.4327 0.8053 0.8224 0.5907 0.7893
39 0.8607 0.4028 0.8189 0.8122 0.5679 0.7700
40 0.8448 0.4416 0.8009 0.8003 0.6173 0.7591
41 0.8507 0.4272 0.8074 0.8171 0.5832 0.7803
42 0.8635 0.3777 0.8208 0.8301 0.5288 0.7958
43 0.8734 0.3461 0.8315 0.8380 0.5661 0.8017
44 0.8739 0.3292 0.8314 0.8333 0.4941 0.7913
45 0.8791 0.3174 0.8382 0.8387 0.4890 0.7986
46 0.8795 0.3086 0.8379 0.8335 0.5189 0.7976
47 0.8712 0.3337 0.8286 0.8281 0.5478 0.7912
48 0.8754 0.3338 0.8325 0.8283 0.5349 0.7898
49 0.8644 0.3818 0.8234 0.7940 0.6314 0.7523
50 0.8523 0.4291 0.8095 0.7937 0.6913 0.7492
51 0.8573 0.4089 0.8121 0.8057 0.6454 0.7731
52 0.8688 0.3703 0.8272 0.8118 0.5967 0.7749
53 0.8754 0.3353 0.8343 0.8360 0.5223 0.8018
54 0.8827 0.3049 0.8420 0.8380 0.5338 0.8008
55 0.8848 0.2871 0.8443 0.8396 0.5316 0.8040
56 0.8834 0.2979 0.8441 0.8453 0.4856 0.8072
57 0.8875 0.2856 0.8462 0.8391 0.5285 0.8069
58 0.8744 0.3339 0.8325 0.8238 0.5921 0.7900
59 0.8646 0.3744 0.8232 0.8161 0.6738 0.7833
60 0.8571 0.4240 0.8153 0.8258 0.5383 0.7806
61 0.8588 0.4102 0.8160 0.8100 0.6128 0.7696
62 0.8714 0.3533 0.8307 0.8206 0.5764 0.7809
63 0.8796 0.3174 0.8375 0.8351 0.4960 0.7988
64 0.8822 0.3009 0.8413 0.8366 0.5507 0.8011
65 0.8887 0.2770 0.8487 0.8402 0.5419 0.8059
66 0.8890 0.2796 0.8476 0.8405 0.4969 0.8030
67 0.8834 0.2959 0.8405 0.8288 0.5854 0.7901
68 0.8773 0.3301 0.8356 0.8283 0.5106 0.7895
69 0.8674 0.3704 0.8248 0.8226 0.5895 0.7845
70 0.8564 0.4047 0.8150 0.8179 0.5360 0.7728
71 0.8616 0.3884 0.8218 0.8290 0.5399 0.7960
72 0.8698 0.3572 0.8296 0.8389 0.5614 0.8016
73 0.8834 0.2993 0.8430 0.8379 0.5888 0.8055
74 0.8841 0.2804 0.8451 0.8447 0.5324 0.8066
75 0.8926 0.2516 0.8532 0.8418 0.5418 0.8029
76 0.8932 0.2600 0.8556 0.8429 0.5063 0.8060
77 0.8914 0.2653 0.8517 0.8441 0.5025 0.8041
78 0.8846 0.2987 0.8431 0.8184 0.5444 0.7793
79 0.8725 0.3357 0.8292 0.8275 0.6938 0.7953
80 0.8669 0.3674 0.8242 0.7974 0.6408 0.7535
81 0.8620 0.3869 0.8203 0.8300 0.5923 0.7981
82 0.8763 0.3180 0.8367 0.8373 0.5136 0.8016
83 0.8848 0.2867 0.8457 0.8409 0.5728 0.8058
84 0.8956 0.2503 0.8570 0.8427 0.5493 0.8083
85 0.8943 0.2451 0.8546 0.8447 0.5399 0.8093
86 0.8962 0.2442 0.8552 0.8476 0.5765 0.8151
87 0.8933 0.2576 0.8540 0.8482 0.5328 0.8108
88 0.8923 0.2641 0.8521 0.8319 0.6613 0.7959
89 0.8880 0.2765 0.8482 0.8318 0.6585 0.7933
90 0.8805 0.3244 0.8413 0.8247 0.5632 0.7912
91 0.8807 0.3051 0.8385 0.8139 0.5808 0.7702
92 0.8816 0.3017 0.8405 0.8356 0.6270 0.8018
93 0.8902 0.2648 0.8503 0.8363 0.6209 0.8049
94 0.8974 0.2330 0.8582 0.8447 0.5864 0.8059
95 0.8978 0.2296 0.8577 0.8475 0.5818 0.8118
96 0.9046 0.2153 0.8654 0.8470 0.6149 0.8130
97 0.8988 0.2392 0.8585 0.8432 0.5554 0.8025
98 0.8845 0.2921 0.8438 0.8233 0.5982 0.7822
99 0.8818 0.3156 0.8418 0.8346 0.6138 0.7978
100 0.8947 0.2561 0.8539 0.8269 0.6821 0.7887
101 0.8964 0.2489 0.8565 0.8466 0.5438 0.8147
102 0.9003 0.2279 0.8622 0.8433 0.6062 0.8087
103 0.9019 0.2174 0.8622 0.8574 0.5729 0.8266
104 0.9040 0.2188 0.8645 0.8544 0.5920 0.8181
105 0.9074 0.2071 0.8694 0.8525 0.5948 0.8141
106 0.9031 0.2130 0.8643 0.8454 0.6258 0.8081
107 0.9015 0.2095 0.8618 0.8545 0.7353 0.8192
108 0.9044 0.2146 0.8661 0.8407 0.5962 0.8042
109 0.8998 0.2337 0.8605 0.8290 0.5734 0.7907
110 0.8985 0.2336 0.8616 0.8548 0.6019 0.8244
111 0.9015 0.2233 0.8637 0.8449 0.6419 0.8030
112 0.9046 0.2062 0.8637 0.8396 0.6134 0.8008
113 0.9065 0.1962 0.8671 0.8435 0.5689 0.8037
114 0.9099 0.1903 0.8725 0.8409 0.5878 0.8026
115 0.9088 0.1931 0.8689 0.8426 0.5821 0.8036
116 0.9060 0.1939 0.8672 0.8481 0.6314 0.8114
117 0.9054 0.1970 0.8656 0.8524 0.6082 0.8142
118 0.9056 0.2103 0.8675 0.8507 0.6295 0.8197
119 0.9033 0.2099 0.8651 0.8501 0.6823 0.8106
120 0.8945 0.2453 0.8569 0.8233 0.5633 0.7817
121 0.8975 0.2484 0.8592 0.8430 0.5899 0.8043
122 0.9063 0.2115 0.8689 0.8352 0.6190 0.7960
123 0.9062 0.2032 0.8692 0.8438 0.7311 0.8072
124 0.9102 0.1853 0.8728 0.8409 0.6585 0.8034
125 0.9101 0.1810 0.8709 0.8426 0.6517 0.8044
126 0.9078 0.1878 0.8709 0.8443 0.6511 0.8093
127 0.9080 0.1871 0.8689 0.8471 0.7058 0.8135
128 0.9099 0.1845 0.8724 0.8493 0.7615 0.8135
129 0.9064 0.1987 0.8698 0.8408 0.6893 0.7992
130 0.9013 0.2051 0.8617 0.8365 0.7248 0.8048
131 0.9056 0.2064 0.8646 0.8410 0.5777 0.8046
132 0.9093 0.1924 0.8722 0.8411 0.6913 0.8049
133 0.9081 0.1871 0.8697 0.8486 0.7345 0.8159
134 0.9097 0.1830 0.8734 0.8443 0.6819 0.8076
135 0.9107 0.1791 0.8730 0.8459 0.7097 0.8099
136 0.9117 0.1753 0.8746 0.8447 0.7161 0.8097
137 0.9105 0.1772 0.8732 0.8427 0.7743 0.8078
138 0.9103 0.1864 0.8736 0.8384 0.8473 0.8026
139 0.9059 0.2055 0.8678 0.8295 0.6969 0.7839
140 0.9037 0.2283 0.8661 0.8332 0.6857 0.7906
141 0.9039 0.2143 0.8662 0.8317 0.5603 0.7912
142 0.8999 0.2161 0.8603 0.8414 0.7234 0.8041
143 0.9107 0.1848 0.8752 0.8440 0.7433 0.8133
144 0.9130 0.1765 0.8748 0.8438 0.6547 0.8091
145 0.9146 0.1649 0.8765 0.8458 0.6612 0.8088
146 0.9119 0.1770 0.8740 0.8503 0.6529 0.8118
147 0.9115 0.1731 0.8732 0.8453 0.6875 0.8090
148 0.9092 0.1760 0.8726 0.8428 0.7386 0.8070
149 0.9046 0.2054 0.8662 0.8379 0.5889 0.7981
150 0.9059 0.2032 0.8681 0.8366 0.7762 0.7978
151 0.9082 0.2030 0.8703 0.8456 0.6558 0.8101
152 0.9036 0.2125 0.8667 0.8400 0.5859 0.8014
153 0.9108 0.1922 0.8733 0.8414 0.6585 0.8032
154 0.9137 0.1758 0.8775 0.8525 0.6461 0.8172
155 0.9116 0.1740 0.8741 0.8509 0.6658 0.8163
156 0.9173 0.1639 0.8796 0.8509 0.6407 0.8147
157 0.9121 0.1701 0.8749 0.8514 0.6456 0.8159
158 0.9101 0.1780 0.8725 0.8436 0.7386 0.8042
159 0.9079 0.1879 0.8697 0.8341 0.7382 0.7882
160 0.9116 0.1792 0.8741 0.8443 0.6827 0.8083
161 0.9120 0.1726 0.8748 0.8484 0.6945 0.8151
162 0.9133 0.1701 0.8757 0.8496 0.6389 0.8133
163 0.9142 0.1616 0.8782 0.8484 0.6872 0.8125
164 0.9157 0.1587 0.8807 0.8485 0.6750 0.8115
165 0.9170 0.1560 0.8823 0.8503 0.6660 0.8135
166 0.9161 0.1577 0.8794 0.8499 0.7080 0.8168
167 0.9177 0.1556 0.8830 0.8522 0.6833 0.8181
168 0.9148 0.1562 0.8764 0.8496 0.7316 0.8154
169 0.9194 0.1522 0.8829 0.8484 0.7135 0.8135
170 0.9175 0.1564 0.8826 0.8499 0.7011 0.8145
171 0.9180 0.1604 0.8819 0.8483 0.6614 0.8131
172 0.9222 0.1459 0.8872 0.8502 0.6957 0.8149
173 0.9152 0.1550 0.8796 0.8557 0.6643 0.8201
174 0.9164 0.1546 0.8815 0.8550 0.7002 0.8181
175 0.9157 0.1561 0.8780 0.8516 0.7050 0.8178
176 0.9182 0.1461 0.8825 0.8532 0.7192 0.8181
177 0.9197 0.1482 0.8848 0.8513 0.7343 0.8166
178 0.9167 0.1530 0.8819 0.8551 0.7233 0.8200
179 0.9190 0.1513 0.8839 0.8519 0.7146 0.8142
180 0.9183 0.1504 0.8842 0.8494 0.8134 0.8132
181 0.9160 0.1525 0.8803 0.8517 0.8264 0.8153
182 0.9159 0.1518 0.8802 0.8493 0.7821 0.8125
183 0.9187 0.1490 0.8830 0.8485 0.7949 0.8109
184 0.9156 0.1516 0.8797 0.8499 0.8007 0.8160
185 0.9220 0.1455 0.8878 0.8492 0.7954 0.8147
186 0.9228 0.1443 0.8886 0.8496 0.7947 0.8150
187 0.9177 0.1468 0.8823 0.8505 0.7858 0.8154
188 0.9205 0.1497 0.8870 0.8499 0.7744 0.8123
189 0.9188 0.1483 0.8818 0.8505 0.7801 0.8142
190 0.9212 0.1498 0.8859 0.8524 0.7047 0.8179
191 0.9196 0.1490 0.8854 0.8510 0.7559 0.8155
192 0.9194 0.1445 0.8821 0.8546 0.7504 0.8194
193 0.9196 0.1441 0.8833 0.8525 0.7426 0.8153
194 0.9160 0.1507 0.8814 0.8509 0.7461 0.8161
195 0.9183 0.1457 0.8809 0.8511 0.7317 0.8144
196 0.9198 0.1471 0.8844 0.8512 0.7516 0.8159
197 0.9254 0.1364 0.8922 0.8492 0.7464 0.8114
198 0.9230 0.1400 0.8887 0.8481 0.7635 0.8129
199 0.9170 0.1447 0.8806 0.8507 0.7790 0.8149
