epoch train_BCELoss train_SoftDiceLoss train_iou train_loss train_mAP val_BCELoss val_SoftDiceLoss val_iou val_loss val_mAP
0 0.6206 0.5944 0.2303 1.2143 0.1133 0.4645 0.6828 0.4850 1.1469 0.3998
1 0.2676 0.2661 0.6528 0.5338 0.5843 0.2499 0.5818 0.6646 0.8320 0.5971
2 0.2095 0.1957 0.7043 0.4056 0.6455 0.2260 0.5524 0.7122 0.7791 0.6600
3 0.1782 0.1663 0.7444 0.3452 0.6898 0.2403 0.5449 0.7579 0.7860 0.7095
4 0.1741 0.1505 0.7571 0.3253 0.7030 0.2189 0.5208 0.7819 0.7405 0.7376
5 0.1542 0.1414 0.7769 0.2965 0.7266 0.2211 0.5148 0.7634 0.7371 0.7189
6 0.1197 0.1073 0.8100 0.2282 0.7664 0.1601 0.5202 0.7872 0.6813 0.7484
7 0.0969 0.0886 0.8292 0.1866 0.7902 0.2268 0.5055 0.7971 0.7335 0.7595
8 0.0845 0.0782 0.8405 0.1639 0.8021 0.1933 0.4996 0.8083 0.6941 0.7754
9 0.0697 0.0659 0.8556 0.1368 0.8197 0.1948 0.4934 0.8122 0.6895 0.7806
10 0.0585 0.0598 0.8652 0.1196 0.8326 0.1880 0.4866 0.8199 0.6759 0.7875
11 0.0579 0.0537 0.8689 0.1129 0.8346 0.2298 0.4941 0.8217 0.7253 0.7886
12 0.0633 0.0577 0.8639 0.1223 0.8314 0.2282 0.4927 0.8134 0.7223 0.7803
13 0.0684 0.0613 0.8582 0.1310 0.8241 0.2389 0.5082 0.7947 0.7484 0.7589
14 0.0675 0.0608 0.8562 0.1295 0.8214 0.2211 0.4990 0.8061 0.7215 0.7762
15 0.0787 0.0693 0.8417 0.1493 0.8044 0.2222 0.5040 0.7913 0.7273 0.7547
16 0.1066 0.0927 0.8285 0.2006 0.7890 0.2249 0.5021 0.7986 0.7283 0.7569
17 0.0735 0.0646 0.8594 0.1396 0.8251 0.2300 0.4875 0.8152 0.7189 0.7851
18 0.0559 0.0528 0.8740 0.1102 0.8441 0.2182 0.4775 0.8119 0.6973 0.7820
19 0.0479 0.0451 0.8833 0.0945 0.8557 0.2202 0.4726 0.8254 0.6944 0.7957
20 0.0421 0.0397 0.8925 0.0833 0.8667 0.2092 0.4727 0.8249 0.6836 0.7938
21 0.0433 0.0392 0.8898 0.0840 0.8642 0.2170 0.4741 0.8239 0.6927 0.7934
22 0.0421 0.0387 0.8898 0.0824 0.8639 0.2145 0.4750 0.8264 0.6910 0.7960
23 0.0472 0.0425 0.8810 0.0912 0.8528 0.2726 0.4799 0.8155 0.7541 0.7790
24 0.0606 0.0533 0.8698 0.1153 0.8373 0.1793 0.5108 0.7664 0.6913 0.7195
25 0.0712 0.0648 0.8519 0.1375 0.8183 0.2350 0.4864 0.8075 0.7230 0.7725
26 0.0658 0.0588 0.8688 0.1260 0.8376 0.2289 0.4785 0.8223 0.7088 0.7881
27 0.0520 0.0466 0.8832 0.1002 0.8527 0.2570 0.5023 0.8027 0.7608 0.7715
28 0.0465 0.0436 0.8875 0.0917 0.8612 0.2352 0.4747 0.8284 0.7116 0.8002
29 0.0381 0.0345 0.9008 0.0743 0.8777 0.2395 0.4658 0.8383 0.7071 0.8069
30 0.0316 0.0304 0.9067 0.0638 0.8847 0.2413 0.4653 0.8365 0.7084 0.8044
31 0.0333 0.0309 0.9033 0.0660 0.8811 0.2242 0.4652 0.8369 0.6912 0.8118
32 0.0328 0.0313 0.9043 0.0658 0.8818 0.3002 0.4673 0.8399 0.7692 0.8109
33 0.0341 0.0323 0.9016 0.0680 0.8767 0.2894 0.4740 0.8289 0.7650 0.7994
34 0.0565 0.0492 0.8755 0.1072 0.8451 0.2798 0.4837 0.8194 0.7651 0.7870
35 0.0571 0.0509 0.8734 0.1095 0.8412 0.2696 0.4991 0.7984 0.7700 0.7565
36 0.0487 0.0428 0.8862 0.0933 0.8598 0.2132 0.4709 0.8197 0.6858 0.7859
37 0.0424 0.0400 0.8906 0.0842 0.8651 0.2443 0.4774 0.8237 0.7233 0.7880
38 0.0367 0.0349 0.9006 0.0734 0.8757 0.2577 0.4662 0.8472 0.7258 0.8206
39 0.0273 0.0265 0.9160 0.0556 0.8944 0.2627 0.4607 0.8435 0.7253 0.8126
40 0.0251 0.0242 0.9205 0.0512 0.9007 0.2726 0.4619 0.8443 0.7365 0.8153
41 0.0247 0.0237 0.9202 0.0504 0.9009 0.2762 0.4611 0.8405 0.7391 0.8115
42 0.0240 0.0231 0.9191 0.0491 0.9000 0.2814 0.4627 0.8417 0.7459 0.8130
43 0.0282 0.0276 0.9144 0.0577 0.8935 0.3209 0.4704 0.8348 0.7932 0.8044
44 0.0361 0.0324 0.8999 0.0702 0.8758 0.2787 0.4786 0.8289 0.7590 0.8011
45 0.0369 0.0341 0.8935 0.0728 0.8677 0.2960 0.4782 0.8255 0.7758 0.7904
46 0.0766 0.0629 0.8643 0.1412 0.8347 0.1942 0.4949 0.8006 0.6906 0.7633
47 0.0636 0.0554 0.8814 0.1207 0.8522 0.2138 0.4925 0.8258 0.7078 0.7918
48 0.0484 0.0451 0.8913 0.0952 0.8664 0.2230 0.4913 0.8274 0.7161 0.7965
49 0.0292 0.0280 0.9145 0.0591 0.8940 0.2537 0.4818 0.8336 0.7373 0.8054
50 0.0242 0.0253 0.9197 0.0515 0.9016 0.2721 0.4808 0.8337 0.7547 0.8047
51 0.0278 0.0275 0.9189 0.0574 0.9003 0.2602 0.4782 0.8304 0.7403 0.8007
52 0.0265 0.0245 0.9179 0.0530 0.8999 0.2457 0.4797 0.8351 0.7272 0.8060
53 0.0286 0.0264 0.9174 0.0570 0.8972 0.2756 0.4668 0.8403 0.7442 0.8138
54 0.0288 0.0271 0.9097 0.0578 0.8903 0.3239 0.4768 0.8100 0.8025 0.7719
55 0.0413 0.0372 0.8914 0.0802 0.8637 0.3827 0.5111 0.8168 0.8953 0.7859
56 0.0425 0.0391 0.8943 0.0834 0.8695 0.2375 0.4882 0.8387 0.7272 0.8120
57 0.0299 0.0281 0.9109 0.0600 0.8910 0.2749 0.4696 0.8259 0.7463 0.7958
58 0.0291 0.0263 0.9156 0.0575 0.8985 0.1988 0.4767 0.8334 0.6772 0.8052
59 0.0235 0.0232 0.9241 0.0489 0.9081 0.2341 0.4674 0.8426 0.7035 0.8131
60 0.0187 0.0191 0.9288 0.0400 0.9150 0.2372 0.4706 0.8395 0.7097 0.8108
61 0.0187 0.0182 0.9322 0.0392 0.9176 0.2680 0.4692 0.8455 0.7393 0.8168
62 0.0182 0.0179 0.9316 0.0384 0.9172 0.2758 0.4664 0.8417 0.7442 0.8118
63 0.0184 0.0181 0.9317 0.0387 0.9161 0.2658 0.4608 0.8382 0.7284 0.8078
64 0.0240 0.0218 0.9224 0.0479 0.9047 0.2767 0.4770 0.8071 0.7555 0.7751
65 0.0436 0.0388 0.8964 0.0841 0.8704 0.2868 0.4743 0.8219 0.7626 0.7894
66 0.0405 0.0368 0.8960 0.0791 0.8711 0.2826 0.4697 0.8332 0.7541 0.8005
67 0.0252 0.0251 0.9150 0.0523 0.8955 0.2771 0.4678 0.8282 0.7468 0.7972
68 0.0219 0.0211 0.9241 0.0451 0.9079 0.3313 0.4648 0.8355 0.7981 0.8065
69 0.0210 0.0203 0.9285 0.0435 0.9145 0.2639 0.4598 0.8426 0.7257 0.8143
70 0.0167 0.0169 0.9357 0.0360 0.9232 0.2662 0.4588 0.8431 0.7271 0.8136
71 0.0164 0.0167 0.9371 0.0355 0.9242 0.3004 0.4597 0.8431 0.7622 0.8126
72 0.0174 0.0175 0.9339 0.0372 0.9208 0.2994 0.4644 0.8374 0.7658 0.8112
73 0.0174 0.0176 0.9339 0.0373 0.9187 0.3346 0.4638 0.8411 0.8002 0.8124
74 0.0180 0.0178 0.9324 0.0380 0.9174 0.3240 0.4599 0.8388 0.7858 0.8105
75 0.0174 0.0172 0.9335 0.0368 0.9186 0.3238 0.4602 0.8390 0.7860 0.8119
76 0.0165 0.0167 0.9356 0.0355 0.9213 0.3334 0.4666 0.8366 0.8019 0.8076
77 0.0212 0.0206 0.9238 0.0441 0.9077 0.3993 0.4702 0.8289 0.8713 0.7978
78 0.0218 0.0211 0.9288 0.0453 0.9123 0.2749 0.4530 0.8507 0.7300 0.8191
79 0.0200 0.0180 0.9361 0.0406 0.9223 0.2869 0.4582 0.8371 0.7472 0.8030
80 0.0170 0.0165 0.9394 0.0360 0.9262 0.2952 0.4581 0.8406 0.7554 0.8075
81 0.0162 0.0157 0.9415 0.0344 0.9294 0.2911 0.4607 0.8433 0.7538 0.8150
82 0.0142 0.0149 0.9402 0.0317 0.9274 0.2888 0.4552 0.8463 0.7461 0.8154
83 0.0138 0.0141 0.9416 0.0304 0.9301 0.2904 0.4585 0.8390 0.7509 0.8108
84 0.0146 0.0151 0.9389 0.0322 0.9262 0.3123 0.4565 0.8453 0.7707 0.8165
85 0.0433 0.0343 0.9065 0.0798 0.8853 0.3170 0.5464 0.6194 0.8647 0.5523
86 0.1352 0.1116 0.8199 0.2484 0.7825 0.2239 0.4876 0.8173 0.7129 0.7762
87 0.0585 0.0528 0.8920 0.1133 0.8665 0.2097 0.4765 0.8123 0.6879 0.7850
88 0.0267 0.0258 0.9181 0.0547 0.9020 0.2593 0.4644 0.8372 0.7257 0.8090
89 0.0193 0.0195 0.9295 0.0411 0.9143 0.2417 0.4570 0.8328 0.7008 0.8054
90 0.0196 0.0203 0.9327 0.0423 0.9191 0.2353 0.4574 0.8352 0.6948 0.8072
91 0.0160 0.0166 0.9349 0.0351 0.9222 0.2690 0.4588 0.8327 0.7300 0.8061
92 0.0182 0.0177 0.9338 0.0384 0.9198 0.2743 0.4607 0.8391 0.7369 0.8090
93 0.0220 0.0217 0.9278 0.0460 0.9128 0.2196 0.4587 0.8053 0.6803 0.7750
94 0.0290 0.0270 0.9143 0.0581 0.8972 0.2586 0.4631 0.8267 0.7235 0.7953
95 0.0358 0.0303 0.9120 0.0682 0.8918 0.2301 0.4947 0.7452 0.7263 0.7001
96 0.0486 0.0451 0.8902 0.0957 0.8661 0.2746 0.4738 0.8342 0.7501 0.8078
97 0.0272 0.0256 0.9205 0.0550 0.9041 0.2029 0.4609 0.8185 0.6657 0.7909
98 0.0178 0.0183 0.9317 0.0386 0.9175 0.2772 0.4616 0.8365 0.7408 0.8087
99 0.0152 0.0155 0.9393 0.0332 0.9274 0.2933 0.4575 0.8420 0.7528 0.8136
