epoch train_iou train_loss train_mAP val_iou val_loss val_mAP
0 0.6275 1.1575 0.5659 0.6864 0.9807 0.6119
1 0.7157 0.8915 0.6558 0.4995 1.7654 0.4347
2 0.7472 0.7898 0.6897 0.7471 0.7730 0.6993
3 0.7650 0.7265 0.7081 0.7336 0.8754 0.6897
4 0.7916 0.6455 0.7433 0.7753 0.6788 0.7257
5 0.7928 0.6115 0.7431 0.8035 0.5899 0.7625
6 0.7957 0.6093 0.7469 0.8021 0.6370 0.7608
7 0.7939 0.6250 0.7425 0.7715 0.6940 0.7216
8 0.7857 0.6699 0.7322 0.7983 0.6446 0.7605
9 0.7876 0.6732 0.7361 0.7674 0.7326 0.7251
10 0.7924 0.6301 0.7419 0.7819 0.7327 0.7346
11 0.8027 0.6036 0.7540 0.8006 0.6065 0.7619
12 0.8130 0.5626 0.7662 0.8081 0.5960 0.7593
13 0.8201 0.5258 0.7720 0.8116 0.5841 0.7681
14 0.8346 0.4736 0.7886 0.8316 0.5266 0.7933
15 0.8396 0.4584 0.7943 0.8286 0.5303 0.7906
16 0.8359 0.4655 0.7890 0.8381 0.5135 0.7996
17 0.8317 0.4880 0.7865 0.8275 0.5104 0.7853
18 0.8268 0.5137 0.7789 0.7881 0.6303 0.7340
19 0.8259 0.5320 0.7796 0.7039 0.9456 0.6269
20 0.8078 0.5741 0.7592 0.7412 0.8606 0.6916
21 0.8337 0.5085 0.7873 0.7909 0.6295 0.7476
22 0.8368 0.4786 0.7912 0.8168 0.5902 0.7780
23 0.8499 0.4179 0.8033 0.8217 0.6559 0.7901
24 0.8503 0.4157 0.8037 0.8346 0.5006 0.7935
25 0.8568 0.3846 0.8129 0.8404 0.5190 0.8002
26 0.8591 0.3861 0.8142 0.8410 0.4916 0.8030
27 0.8490 0.4292 0.8035 0.8324 0.5500 0.7940
28 0.8447 0.4510 0.7999 0.8192 0.5217 0.7800
29 0.8330 0.5015 0.7870 0.8147 0.5850 0.7752
30 0.8348 0.4880 0.7894 0.8295 0.5620 0.7970
31 0.8355 0.4893 0.7906 0.7882 0.7908 0.7484
32 0.8498 0.4342 0.8060 0.8360 0.5044 0.7975
33 0.8572 0.4016 0.8126 0.8402 0.5098 0.8034
34 0.8673 0.3552 0.8268 0.8295 0.5960 0.7942
35 0.8642 0.3622 0.8212 0.8391 0.5235 0.8044
36 0.8689 0.3531 0.8256 0.8464 0.4905 0.8148
37 0.8660 0.3669 0.8235 0.8321 0.5365 0.7970
38 0.8604 0.3869 0.8160 0.8453 0.4850 0.8125
39 0.8503 0.4317 0.8052 0.8246 0.5773 0.7837
40 0.8441 0.4474 0.8001 0.8228 0.5536 0.7858
41 0.8503 0.4328 0.8043 0.8211 0.5626 0.7835
42 0.8610 0.3812 0.8179 0.8416 0.5518 0.8102
43 0.8697 0.3492 0.8248 0.8483 0.5423 0.8157
44 0.8740 0.3231 0.8296 0.8464 0.5205 0.8125
45 0.8823 0.3002 0.8422 0.8434 0.5176 0.8090
46 0.8753 0.3118 0.8321 0.8395 0.5442 0.8055
47 0.8770 0.3249 0.8349 0.8361 0.5368 0.8017
48 0.8688 0.3487 0.8243 0.8347 0.5408 0.7953
49 0.8616 0.3929 0.8173 0.8208 0.5860 0.7793
50 0.8528 0.4318 0.8088 0.7648 0.8731 0.7131
51 0.8528 0.4154 0.8092 0.7993 0.7660 0.7570
52 0.8643 0.3709 0.8217 0.8339 0.5130 0.8001
53 0.8711 0.3362 0.8311 0.8562 0.4342 0.8218
54 0.8783 0.3038 0.8377 0.8564 0.4814 0.8256
55 0.8825 0.2908 0.8423 0.8522 0.4775 0.8185
56 0.8860 0.2829 0.8440 0.8526 0.4971 0.8204
57 0.8815 0.2953 0.8402 0.8398 0.5589 0.7990
58 0.8749 0.3162 0.8325 0.8365 0.5265 0.7972
59 0.8654 0.3667 0.8228 0.8269 0.6763 0.7856
60 0.8667 0.3898 0.8235 0.7973 0.6947 0.7477
61 0.8589 0.3950 0.8152 0.8278 0.5688 0.7893
62 0.8730 0.3360 0.8317 0.8429 0.5251 0.8130
63 0.8821 0.3059 0.8402 0.8432 0.5404 0.8093
64 0.8847 0.2896 0.8444 0.8547 0.5049 0.8246
65 0.8912 0.2595 0.8512 0.8527 0.5069 0.8224
66 0.8902 0.2599 0.8487 0.8586 0.5111 0.8298
67 0.8840 0.2903 0.8440 0.8452 0.4914 0.8081
68 0.8808 0.2981 0.8405 0.8522 0.5196 0.8213
69 0.8750 0.3182 0.8305 0.8445 0.5249 0.8121
70 0.8627 0.3800 0.8201 0.8260 0.6094 0.7904
71 0.8601 0.3853 0.8175 0.8403 0.5416 0.8053
72 0.8725 0.3339 0.8297 0.8521 0.5114 0.8183
73 0.8851 0.2811 0.8429 0.8397 0.6323 0.8032
74 0.8900 0.2642 0.8498 0.8537 0.5413 0.8218
75 0.8965 0.2487 0.8581 0.8533 0.5285 0.8203
76 0.8956 0.2521 0.8562 0.8529 0.5401 0.8201
77 0.8921 0.2602 0.8505 0.8609 0.5046 0.8256
78 0.8876 0.2777 0.8475 0.8393 0.5719 0.8013
79 0.8737 0.3340 0.8318 0.8440 0.5381 0.8127
80 0.8660 0.3596 0.8231 0.8071 0.7122 0.7702
81 0.8680 0.3599 0.8273 0.8560 0.4634 0.8202
82 0.8839 0.3043 0.8431 0.8496 0.5459 0.8147
83 0.8829 0.2955 0.8405 0.8433 0.5618 0.8129
84 0.8970 0.2475 0.8572 0.8545 0.5106 0.8204
85 0.8892 0.2489 0.8478 0.8512 0.5083 0.8175
86 0.8937 0.2492 0.8524 0.8575 0.4803 0.8225
87 0.8911 0.2589 0.8497 0.8520 0.5627 0.8181
88 0.8938 0.2593 0.8538 0.8330 0.5882 0.7966
89 0.8743 0.3205 0.8322 0.8145 0.6414 0.7718
90 0.8679 0.3534 0.8236 0.7627 0.9829 0.7083
91 0.8622 0.3661 0.8177 0.7382 1.2056 0.6766
92 0.8778 0.3142 0.8368 0.8352 0.5515 0.8024
93 0.8929 0.2544 0.8521 0.8619 0.5380 0.8300
94 0.8950 0.2444 0.8537 0.8529 0.5497 0.8214
95 0.8986 0.2334 0.8591 0.8515 0.5422 0.8201
96 0.8978 0.2315 0.8588 0.8571 0.5477 0.8258
97 0.8976 0.2390 0.8596 0.8457 0.5316 0.8125
98 0.8917 0.2538 0.8490 0.8438 0.6174 0.8111
99 0.8816 0.2994 0.8409 0.8302 0.7390 0.7893
100 0.8881 0.2774 0.8463 0.8442 0.5589 0.8112
101 0.8947 0.2506 0.8536 0.8455 0.5691 0.8099
102 0.9019 0.2312 0.8638 0.8520 0.5657 0.8196
103 0.8979 0.2261 0.8582 0.8489 0.6037 0.8147
104 0.8994 0.2187 0.8614 0.8496 0.5948 0.8165
105 0.9046 0.2089 0.8658 0.8547 0.5812 0.8221
106 0.9078 0.2034 0.8706 0.8528 0.5658 0.8179
107 0.9030 0.2051 0.8637 0.8519 0.6062 0.8191
108 0.9019 0.2256 0.8628 0.8583 0.5926 0.8266
109 0.8990 0.2213 0.8596 0.8502 0.6298 0.8150
110 0.9042 0.2161 0.8665 0.8408 0.7902 0.8105
111 0.9022 0.2298 0.8636 0.8545 0.5593 0.8204
112 0.8985 0.2229 0.8576 0.8574 0.6160 0.8258
113 0.9080 0.2022 0.8725 0.8641 0.5653 0.8300
114 0.9059 0.1978 0.8672 0.8607 0.5689 0.8291
115 0.9111 0.1892 0.8732 0.8596 0.5669 0.8284
116 0.9064 0.1958 0.8676 0.8617 0.5411 0.8296
117 0.9034 0.2028 0.8633 0.8543 0.5248 0.8161
118 0.9026 0.2109 0.8627 0.8453 0.6156 0.8138
119 0.9014 0.2143 0.8626 0.8483 0.6169 0.8156
120 0.9039 0.2210 0.8633 0.8402 0.5767 0.8044
121 0.8979 0.2253 0.8590 0.8558 0.5809 0.8264
122 0.9052 0.1992 0.8655 0.8664 0.5576 0.8323
123 0.9086 0.1994 0.8691 0.8577 0.5323 0.8230
124 0.9064 0.1948 0.8683 0.8599 0.5595 0.8263
125 0.9109 0.1824 0.8729 0.8633 0.5471 0.8312
126 0.9090 0.1800 0.8706 0.8611 0.6017 0.8308
127 0.9119 0.1913 0.8738 0.8607 0.5443 0.8286
128 0.9094 0.1826 0.8709 0.8580 0.6150 0.8262
129 0.9030 0.2041 0.8639 0.8542 0.5836 0.8222
130 0.8972 0.2390 0.8561 0.8175 0.7125 0.7849
131 0.8976 0.2360 0.8571 0.8131 0.7283 0.7718
132 0.9026 0.2219 0.8648 0.8456 0.5991 0.8142
133 0.9066 0.2076 0.8690 0.8591 0.5837 0.8290
134 0.9089 0.1919 0.8707 0.8564 0.5827 0.8243
135 0.9100 0.1821 0.8709 0.8578 0.5683 0.8250
136 0.9066 0.1916 0.8698 0.8567 0.5690 0.8246
137 0.9105 0.1868 0.8743 0.8622 0.5628 0.8317
138 0.9111 0.1887 0.8737 0.8465 0.6370 0.8157
139 0.9047 0.1979 0.8654 0.8340 0.7620 0.8024
140 0.8943 0.2347 0.8549 0.8457 0.5765 0.8124
141 0.9013 0.2205 0.8617 0.8393 0.6499 0.8076
142 0.9100 0.1992 0.8747 0.8481 0.6155 0.8150
143 0.9101 0.1832 0.8717 0.8565 0.5873 0.8233
144 0.9121 0.1733 0.8749 0.8572 0.5673 0.8264
145 0.9129 0.1737 0.8736 0.8562 0.5729 0.8243
146 0.9155 0.1725 0.8791 0.8548 0.5775 0.8222
147 0.9136 0.1727 0.8751 0.8552 0.5909 0.8224
148 0.9099 0.1839 0.8729 0.8492 0.5725 0.8133
149 0.9051 0.1995 0.8655 0.8478 0.5708 0.8156
150 0.9068 0.2008 0.8676 0.8531 0.5449 0.8215
151 0.9077 0.1951 0.8683 0.8566 0.6480 0.8264
152 0.9089 0.1896 0.8694 0.8467 0.7362 0.8141
153 0.9096 0.1810 0.8738 0.8534 0.6626 0.8239
154 0.9177 0.1641 0.8811 0.8532 0.6799 0.8237
155 0.9107 0.1750 0.8739 0.8545 0.6397 0.8242
156 0.9145 0.1655 0.8763 0.8564 0.6786 0.8262
157 0.9123 0.1683 0.8761 0.8506 0.6976 0.8183
158 0.9177 0.1654 0.8818 0.8515 0.7403 0.8198
159 0.9103 0.1940 0.8720 0.8514 0.6721 0.8179
160 0.9132 0.1796 0.8786 0.8584 0.6237 0.8273
161 0.9148 0.1721 0.8786 0.8573 0.5973 0.8284
162 0.9126 0.1682 0.8756 0.8610 0.6135 0.8309
163 0.9140 0.1631 0.8764 0.8576 0.6087 0.8266
164 0.9188 0.1560 0.8832 0.8603 0.6165 0.8299
165 0.9159 0.1632 0.8780 0.8590 0.6116 0.8288
166 0.9140 0.1573 0.8759 0.8590 0.6141 0.8288
167 0.9164 0.1595 0.8798 0.8585 0.6139 0.8280
168 0.9155 0.1627 0.8791 0.8612 0.6070 0.8304
169 0.9150 0.1672 0.8776 0.8549 0.5761 0.8226
170 0.9134 0.1617 0.8764 0.8554 0.6282 0.8238
171 0.9157 0.1582 0.8785 0.8575 0.6556 0.8248
172 0.9176 0.1532 0.8826 0.8574 0.6427 0.8245
173 0.9212 0.1556 0.8862 0.8571 0.6171 0.8239
174 0.9166 0.1541 0.8801 0.8579 0.6060 0.8263
175 0.9186 0.1499 0.8847 0.8588 0.6047 0.8278
176 0.9170 0.1540 0.8811 0.8601 0.6159 0.8300
177 0.9172 0.1546 0.8814 0.8612 0.6134 0.8316
178 0.9171 0.1551 0.8792 0.8594 0.6361 0.8285
179 0.9182 0.1595 0.8837 0.8579 0.5923 0.8269
180 0.9203 0.1500 0.8854 0.8601 0.6501 0.8286
181 0.9149 0.1561 0.8787 0.8610 0.6393 0.8291
182 0.9179 0.1512 0.8807 0.8586 0.6525 0.8264
183 0.9207 0.1484 0.8841 0.8602 0.6367 0.8290
184 0.9194 0.1482 0.8837 0.8616 0.6479 0.8317
185 0.9194 0.1451 0.8829 0.8609 0.6412 0.8296
186 0.9202 0.1508 0.8844 0.8609 0.6206 0.8313
187 0.9199 0.1444 0.8843 0.8553 0.6307 0.8237
188 0.9140 0.1527 0.8775 0.8596 0.6288 0.8275
189 0.9218 0.1452 0.8870 0.8594 0.6218 0.8263
190 0.9212 0.1477 0.8866 0.8600 0.6681 0.8287
191 0.9179 0.1506 0.8832 0.8592 0.6422 0.8296
192 0.9153 0.1555 0.8793 0.8589 0.6165 0.8284
193 0.9207 0.1422 0.8847 0.8603 0.6316 0.8293
194 0.9209 0.1444 0.8868 0.8610 0.6474 0.8297
195 0.9209 0.1404 0.8854 0.8624 0.6389 0.8316
196 0.9166 0.1467 0.8789 0.8617 0.6496 0.8304
197 0.9192 0.1454 0.8838 0.8591 0.6542 0.8290
198 0.9204 0.1430 0.8863 0.8598 0.6687 0.8287
199 0.9170 0.1510 0.8818 0.8595 0.6547 0.8282
