epoch train_iou train_loss train_mAP val_iou val_loss val_mAP
0 0.6249 1.1925 0.5646 0.6818 0.9670 0.6145
1 0.7024 0.9405 0.6460 0.7134 0.9039 0.6427
2 0.7398 0.8145 0.6822 0.7366 0.7822 0.6820
3 0.7566 0.7459 0.7018 0.7451 0.7724 0.6905
4 0.7718 0.6959 0.7224 0.7662 0.7037 0.7162
5 0.7857 0.6489 0.7357 0.7690 0.6731 0.7196
6 0.7850 0.6470 0.7353 0.7769 0.6650 0.7267
7 0.7796 0.6719 0.7286 0.7644 0.7235 0.7172
8 0.7820 0.6751 0.7292 0.7302 0.9317 0.6684
9 0.7839 0.6808 0.7330 0.7895 0.6420 0.7398
10 0.7779 0.6686 0.7289 0.7536 0.7299 0.6945
11 0.7973 0.6296 0.7520 0.7850 0.6485 0.7329
12 0.8107 0.5593 0.7658 0.7984 0.6093 0.7482
13 0.8237 0.5203 0.7810 0.8089 0.5502 0.7695
14 0.8250 0.4949 0.7773 0.8180 0.5239 0.7730
15 0.8424 0.4568 0.7953 0.8243 0.5153 0.7793
16 0.8379 0.4585 0.7941 0.8034 0.5668 0.7629
17 0.8329 0.4859 0.7906 0.8160 0.5416 0.7722
18 0.8252 0.5199 0.7786 0.8196 0.5387 0.7722
19 0.8276 0.5079 0.7804 0.8031 0.6063 0.7567
20 0.8059 0.5778 0.7597 0.7888 0.6654 0.7431
21 0.8222 0.5405 0.7771 0.8122 0.5725 0.7678
22 0.8396 0.4681 0.7945 0.8147 0.5490 0.7757
23 0.8460 0.4406 0.8034 0.8238 0.5223 0.7774
24 0.8487 0.4154 0.8043 0.8312 0.5078 0.7904
25 0.8642 0.3844 0.8230 0.8284 0.5117 0.7865
26 0.8533 0.3943 0.8116 0.8311 0.5130 0.7931
27 0.8573 0.4037 0.8132 0.8253 0.5261 0.7746
28 0.8460 0.4438 0.8024 0.8157 0.5635 0.7657
29 0.8379 0.4758 0.7926 0.8199 0.5496 0.7766
30 0.8285 0.5133 0.7848 0.7527 0.7672 0.6988
31 0.8425 0.4640 0.7974 0.8135 0.5528 0.7750
32 0.8529 0.4073 0.8083 0.8187 0.5562 0.7719
33 0.8578 0.3832 0.8146 0.8205 0.5790 0.7798
34 0.8729 0.3373 0.8298 0.8293 0.5337 0.7906
35 0.8755 0.3294 0.8316 0.8274 0.5278 0.7871
36 0.8770 0.3319 0.8331 0.8275 0.5257 0.7856
37 0.8609 0.3722 0.8172 0.8342 0.5383 0.7974
38 0.8567 0.3829 0.8130 0.8177 0.6281 0.7773
39 0.8508 0.4207 0.8087 0.8054 0.6223 0.7650
40 0.8433 0.4571 0.7985 0.8090 0.5961 0.7638
41 0.8482 0.4351 0.8052 0.8166 0.5979 0.7761
42 0.8605 0.3838 0.8175 0.8330 0.5731 0.7986
43 0.8740 0.3442 0.8287 0.8410 0.5215 0.8012
44 0.8750 0.3226 0.8337 0.8275 0.5518 0.7847
45 0.8796 0.3077 0.8369 0.8297 0.5449 0.7903
46 0.8762 0.3145 0.8351 0.8386 0.5213 0.8007
47 0.8762 0.3168 0.8346 0.8204 0.6004 0.7776
48 0.8675 0.3520 0.8250 0.8204 0.5696 0.7838
49 0.8614 0.3825 0.8175 0.8240 0.5600 0.7809
50 0.8562 0.4063 0.8125 0.8015 0.6169 0.7566
51 0.8589 0.3888 0.8155 0.8277 0.5858 0.7876
52 0.8685 0.3550 0.8275 0.8417 0.4819 0.8026
53 0.8732 0.3278 0.8335 0.8268 0.5255 0.7855
54 0.8837 0.2968 0.8411 0.8389 0.5110 0.7972
55 0.8888 0.2798 0.8465 0.8414 0.5040 0.8007
56 0.8813 0.2930 0.8409 0.8394 0.4858 0.8000
57 0.8790 0.2983 0.8369 0.8316 0.5551 0.7879
58 0.8753 0.3192 0.8316 0.8215 0.5866 0.7742
59 0.8601 0.3748 0.8166 0.8270 0.5915 0.7850
60 0.8655 0.3719 0.8234 0.8054 0.7599 0.7695
61 0.8627 0.3721 0.8200 0.8241 0.5778 0.7833
62 0.8736 0.3337 0.8315 0.8337 0.5563 0.7892
63 0.8811 0.2984 0.8391 0.8273 0.5767 0.7827
64 0.8899 0.2708 0.8488 0.8359 0.5357 0.7962
65 0.8894 0.2573 0.8492 0.8387 0.5591 0.8000
66 0.8865 0.2754 0.8468 0.8453 0.5221 0.8081
67 0.8891 0.2787 0.8461 0.8298 0.5765 0.7877
68 0.8775 0.3054 0.8351 0.8362 0.5801 0.7946
69 0.8706 0.3470 0.8261 0.8319 0.5617 0.7919
70 0.8640 0.3722 0.8185 0.8232 0.5870 0.7732
71 0.8717 0.3471 0.8300 0.8139 0.5751 0.7626
72 0.8795 0.2933 0.8378 0.8324 0.5590 0.7931
73 0.8922 0.2656 0.8507 0.8340 0.5944 0.7865
74 0.8898 0.2632 0.8484 0.8480 0.5553 0.8089
75 0.8917 0.2569 0.8529 0.8461 0.5694 0.8071
76 0.8935 0.2528 0.8525 0.8459 0.5283 0.8047
77 0.8871 0.2632 0.8452 0.8320 0.5673 0.7956
78 0.8886 0.2637 0.8467 0.8329 0.5518 0.7929
79 0.8800 0.3016 0.8352 0.8343 0.6286 0.7912
80 0.8737 0.3329 0.8301 0.8199 0.6611 0.7799
81 0.8696 0.3522 0.8278 0.8020 0.7196 0.7564
82 0.8777 0.3128 0.8363 0.8228 0.5539 0.7857
83 0.8866 0.2715 0.8457 0.8349 0.6204 0.7970
84 0.8960 0.2464 0.8559 0.8348 0.5544 0.7923
85 0.8919 0.2457 0.8522 0.8367 0.5504 0.7954
86 0.8962 0.2388 0.8569 0.8331 0.5579 0.7951
87 0.8955 0.2450 0.8569 0.8352 0.6245 0.7945
88 0.8949 0.2500 0.8541 0.8170 0.6414 0.7704
89 0.8788 0.3181 0.8372 0.8240 0.6029 0.7851
90 0.8702 0.3465 0.8261 0.8141 0.6181 0.7703
91 0.8799 0.3129 0.8402 0.8361 0.5478 0.7995
92 0.8843 0.2904 0.8435 0.8396 0.5603 0.8037
93 0.8901 0.2597 0.8511 0.8454 0.6464 0.8072
94 0.8954 0.2348 0.8549 0.8448 0.5964 0.8085
95 0.8969 0.2329 0.8562 0.8483 0.5927 0.8127
96 0.8954 0.2385 0.8554 0.8428 0.4882 0.8036
97 0.9024 0.2309 0.8621 0.8418 0.6210 0.8004
98 0.8908 0.2630 0.8497 0.8459 0.5006 0.8031
99 0.8847 0.2996 0.8437 0.8178 0.6283 0.7691
100 0.8783 0.3170 0.8376 0.8033 0.6888 0.7584
101 0.8767 0.3229 0.8353 0.8246 0.5894 0.7844
102 0.8842 0.2945 0.8439 0.8277 0.6716 0.7877
103 0.8908 0.2666 0.8509 0.8379 0.5740 0.7960
104 0.8956 0.2344 0.8560 0.8465 0.5649 0.8087
105 0.9023 0.2173 0.8637 0.8492 0.5587 0.8095
106 0.8960 0.2261 0.8538 0.8470 0.5886 0.8106
107 0.9017 0.2238 0.8621 0.8466 0.5837 0.8106
108 0.8931 0.2524 0.8529 0.8429 0.6809 0.8053
109 0.8940 0.2542 0.8539 0.8017 0.7274 0.7512
110 0.8714 0.3265 0.8313 0.7871 0.8148 0.7504
111 0.8826 0.3009 0.8421 0.8311 0.5534 0.7850
112 0.8886 0.2653 0.8494 0.7440 0.8893 0.7023
113 0.8960 0.2364 0.8552 0.8406 0.5990 0.7999
114 0.9001 0.2249 0.8602 0.8402 0.5683 0.8002
115 0.9033 0.2120 0.8641 0.8390 0.5728 0.7988
116 0.9035 0.2156 0.8641 0.8462 0.6193 0.8090
117 0.9026 0.2158 0.8636 0.8481 0.6225 0.8107
118 0.8985 0.2253 0.8579 0.8256 0.5851 0.7794
119 0.8920 0.2519 0.8499 0.8307 0.6814 0.7835
120 0.8808 0.3197 0.8376 0.8091 0.6132 0.7663
121 0.8801 0.3094 0.8392 0.8422 0.5475 0.7988
122 0.8899 0.2617 0.8495 0.8393 0.5859 0.8023
123 0.8991 0.2333 0.8592 0.8401 0.5832 0.8031
124 0.9044 0.2202 0.8664 0.8425 0.5882 0.8030
125 0.9046 0.2095 0.8642 0.8461 0.5740 0.8076
126 0.9016 0.2081 0.8632 0.8507 0.5648 0.8156
127 0.8986 0.2145 0.8592 0.8399 0.6394 0.7966
128 0.8998 0.2235 0.8577 0.8351 0.6534 0.7980
129 0.8957 0.2525 0.8585 0.8229 0.6651 0.7833
130 0.8854 0.2831 0.8419 0.8209 0.7784 0.7814
131 0.8875 0.2833 0.8456 0.8395 0.6417 0.8008
132 0.8990 0.2337 0.8581 0.8340 0.6019 0.7958
133 0.8988 0.2289 0.8593 0.8514 0.6070 0.8151
134 0.9005 0.2137 0.8622 0.8538 0.5341 0.8144
135 0.9078 0.2032 0.8695 0.8507 0.5458 0.8108
136 0.9054 0.2019 0.8668 0.8512 0.5675 0.8133
137 0.9052 0.2007 0.8662 0.8474 0.6586 0.8070
138 0.9027 0.2153 0.8627 0.8493 0.5820 0.8101
139 0.8943 0.2469 0.8557 0.8257 0.6947 0.7931
140 0.8865 0.2745 0.8440 0.7815 1.0752 0.7281
141 0.8876 0.2839 0.8462 0.8126 0.6381 0.7665
142 0.8968 0.2334 0.8574 0.8408 0.5694 0.8008
143 0.9040 0.2157 0.8643 0.8387 0.5527 0.8001
144 0.9051 0.2001 0.8669 0.8505 0.5857 0.8105
145 0.9115 0.1865 0.8722 0.8528 0.5687 0.8115
146 0.9089 0.1927 0.8716 0.8458 0.5880 0.8073
147 0.9096 0.1905 0.8723 0.8446 0.5993 0.8085
148 0.9044 0.2095 0.8671 0.8350 0.6339 0.7960
149 0.9009 0.2233 0.8602 0.8102 0.7275 0.7626
150 0.8902 0.2679 0.8491 0.7453 0.9844 0.6698
151 0.8855 0.2804 0.8440 0.8246 0.5967 0.7832
152 0.8923 0.2559 0.8523 0.8252 0.5486 0.7775
153 0.9018 0.2214 0.8626 0.8387 0.5481 0.7971
154 0.9027 0.2078 0.8651 0.8415 0.5323 0.7992
155 0.9020 0.1998 0.8622 0.8478 0.5216 0.8070
156 0.9085 0.1895 0.8695 0.8459 0.5617 0.8072
157 0.9109 0.1882 0.8738 0.8465 0.6169 0.8089
158 0.9024 0.2140 0.8623 0.8504 0.5787 0.8135
159 0.9004 0.2197 0.8592 0.8276 0.6393 0.7881
160 0.8893 0.2739 0.8503 0.8328 0.5857 0.7924
161 0.8857 0.2659 0.8459 0.8387 0.6198 0.8036
162 0.9005 0.2342 0.8620 0.8495 0.5488 0.8099
163 0.9044 0.2002 0.8666 0.8497 0.5560 0.8088
164 0.9088 0.1873 0.8726 0.8453 0.5791 0.8049
165 0.9123 0.1848 0.8756 0.8478 0.5812 0.8071
166 0.9109 0.1818 0.8745 0.8551 0.6058 0.8173
167 0.9116 0.1870 0.8728 0.8457 0.6207 0.8035
168 0.9079 0.1975 0.8706 0.8207 0.6216 0.7752
169 0.9006 0.2342 0.8619 0.8261 0.6052 0.7870
170 0.8920 0.2583 0.8511 0.8338 0.7216 0.7915
171 0.8958 0.2447 0.8555 0.8361 0.6444 0.7996
172 0.9025 0.2167 0.8646 0.8450 0.5999 0.8077
173 0.9081 0.1920 0.8675 0.8452 0.6314 0.8095
174 0.9052 0.1937 0.8673 0.8429 0.6177 0.8028
175 0.9089 0.1769 0.8714 0.8476 0.6291 0.8089
176 0.9127 0.1776 0.8753 0.8506 0.6467 0.8117
177 0.9147 0.1732 0.8776 0.8468 0.6692 0.8111
178 0.9071 0.1948 0.8698 0.8315 0.8441 0.7962
179 0.8998 0.2238 0.8581 0.8174 0.7286 0.7804
180 0.8882 0.2787 0.8491 0.8205 0.6862 0.7802
181 0.8852 0.2765 0.8471 0.8168 0.6500 0.7792
182 0.9008 0.2292 0.8607 0.8366 0.5597 0.7901
183 0.9002 0.2123 0.8607 0.8459 0.5752 0.8056
184 0.9033 0.2016 0.8650 0.8481 0.5476 0.8077
185 0.9096 0.1845 0.8724 0.8498 0.5408 0.8094
186 0.9106 0.1776 0.8737 0.8517 0.5354 0.8079
187 0.9109 0.1885 0.8726 0.8423 0.5919 0.8049
188 0.9050 0.2003 0.8676 0.8341 0.5957 0.7947
189 0.9078 0.1972 0.8689 0.8400 0.8080 0.8050
190 0.9001 0.2286 0.8605 0.8330 0.6634 0.7929
191 0.9021 0.2295 0.8631 0.8065 0.6670 0.7625
192 0.9036 0.2255 0.8645 0.8320 0.6557 0.7891
193 0.9065 0.1916 0.8681 0.8503 0.5811 0.8106
194 0.9089 0.1795 0.8728 0.8507 0.6511 0.8119
195 0.9125 0.1769 0.8760 0.8495 0.6478 0.8111
196 0.9121 0.1743 0.8738 0.8434 0.6419 0.8065
197 0.9122 0.1697 0.8749 0.8493 0.6191 0.8096
198 0.9142 0.1773 0.8777 0.8416 0.6188 0.8034
199 0.9099 0.1860 0.8719 0.8385 0.6097 0.7992
