epoch train_BCELoss train_SoftDiceLoss train_iou train_loss train_mAP val_BCELoss val_SoftDiceLoss val_iou val_loss val_mAP
0 0.5490 0.6855 0.3891 1.9215 0.3884 0.5154 0.7669 0.3572 1.7715 0.3498
1 0.3253 0.4344 0.6191 1.1648 0.5479 0.2898 0.6492 0.6879 0.9645 0.6125
2 0.2704 0.3673 0.6986 0.9209 0.6381 0.2529 0.6236 0.7227 0.8396 0.6647
3 0.2413 0.3286 0.7311 0.8266 0.6772 0.2285 0.6219 0.7290 0.7790 0.6809
4 0.2261 0.3148 0.7567 0.7489 0.7080 0.2078 0.5990 0.7419 0.7207 0.6923
5 0.2077 0.2860 0.7683 0.7054 0.7222 0.2042 0.5951 0.7516 0.6847 0.7048
6 0.1865 0.2636 0.7929 0.6299 0.7495 0.1762 0.5682 0.7948 0.6085 0.7535
7 0.1744 0.2459 0.8029 0.5954 0.7616 0.1965 0.5707 0.8058 0.6152 0.7662
8 0.1600 0.2268 0.8181 0.5478 0.7809 0.1524 0.5550 0.8106 0.5375 0.7756
9 0.1461 0.2054 0.8330 0.4997 0.7967 0.1581 0.5529 0.8175 0.5377 0.7793
10 0.1521 0.2230 0.8277 0.5026 0.7896 0.1550 0.5491 0.8283 0.5260 0.7937
11 0.1386 0.1977 0.8296 0.4876 0.7940 0.1516 0.5422 0.8248 0.5339 0.7879
12 0.1506 0.2135 0.8286 0.5182 0.7908 0.1535 0.5413 0.8146 0.5646 0.7790
13 0.1648 0.2342 0.8091 0.5704 0.7668 0.1596 0.5386 0.8025 0.5948 0.7596
14 0.1545 0.2149 0.8226 0.5335 0.7843 0.1918 0.5478 0.8123 0.6639 0.7786
15 0.1647 0.2328 0.8114 0.5628 0.7739 0.1528 0.5484 0.8171 0.5481 0.7799
16 0.1503 0.2156 0.8246 0.5240 0.7870 0.2244 0.5670 0.7873 0.7514 0.7398
17 0.1444 0.2061 0.8372 0.4892 0.7999 0.1489 0.5372 0.8382 0.5133 0.8040
18 0.1230 0.1765 0.8497 0.4353 0.8132 0.1408 0.5351 0.8302 0.5161 0.8044
19 0.1176 0.1701 0.8565 0.4162 0.8228 0.1358 0.5265 0.8383 0.5039 0.8082
20 0.1066 0.1550 0.8576 0.3990 0.8268 0.1346 0.5245 0.8433 0.4935 0.8145
21 0.1112 0.1575 0.8634 0.3954 0.8297 0.1352 0.5203 0.8423 0.4907 0.8113
22 0.1168 0.1714 0.8525 0.4239 0.8181 0.1406 0.5328 0.8421 0.5009 0.8085
23 0.1256 0.1783 0.8475 0.4514 0.8087 0.1585 0.5361 0.8334 0.5362 0.7986
24 0.1404 0.1995 0.8405 0.4882 0.8043 0.1872 0.5658 0.8028 0.6247 0.7721
25 0.1477 0.2079 0.8319 0.5074 0.7912 0.1558 0.5410 0.8242 0.5498 0.7886
26 0.1380 0.1926 0.8454 0.4651 0.8075 0.1449 0.5372 0.8338 0.4984 0.7977
27 0.1216 0.1738 0.8547 0.4275 0.8176 0.1428 0.5297 0.8423 0.4964 0.8094
28 0.1127 0.1641 0.8598 0.4061 0.8261 0.1404 0.5190 0.8427 0.5127 0.8113
29 0.0981 0.1438 0.8725 0.3603 0.8401 0.1399 0.5115 0.8426 0.5277 0.8106
30 0.0936 0.1392 0.8756 0.3499 0.8436 0.1383 0.5138 0.8453 0.5132 0.8155
31 0.0920 0.1344 0.8732 0.3504 0.8408 0.1369 0.5209 0.8458 0.4984 0.8142
32 0.0922 0.1331 0.8720 0.3512 0.8390 0.1366 0.5141 0.8408 0.5072 0.8095
33 0.1095 0.1542 0.8614 0.3982 0.8259 0.1409 0.5250 0.8462 0.5235 0.8103
34 0.1144 0.1642 0.8629 0.4110 0.8258 0.1487 0.5218 0.8321 0.5259 0.7892
35 0.1226 0.1770 0.8505 0.4425 0.8156 0.1513 0.5208 0.8409 0.5367 0.8090
36 0.1124 0.1613 0.8570 0.4142 0.8228 0.1541 0.5255 0.8343 0.5681 0.8037
37 0.0958 0.1357 0.8714 0.3615 0.8406 0.1325 0.5194 0.8438 0.4997 0.8150
38 0.0939 0.1345 0.8782 0.3444 0.8451 0.1292 0.5088 0.8501 0.4894 0.8181
39 0.0777 0.1133 0.8871 0.3052 0.8547 0.1454 0.5054 0.8511 0.5305 0.8226
40 0.0778 0.1102 0.8881 0.3142 0.8564 0.1387 0.5055 0.8476 0.5105 0.8218
41 0.0758 0.1071 0.8913 0.2982 0.8611 0.1352 0.5066 0.8494 0.5032 0.8222
42 0.0842 0.1206 0.8852 0.3189 0.8544 0.1343 0.5052 0.8504 0.4940 0.8208
43 0.0874 0.1269 0.8786 0.3405 0.8472 0.1512 0.5224 0.8498 0.5302 0.8187
44 0.1000 0.1396 0.8641 0.3819 0.8281 0.1670 0.5036 0.8452 0.6482 0.8157
45 0.1131 0.1589 0.8573 0.4204 0.8208 0.1377 0.5211 0.8408 0.5019 0.8048
46 0.1086 0.1563 0.8638 0.3951 0.8291 0.1471 0.5253 0.8396 0.5118 0.8064
47 0.0939 0.1339 0.8731 0.3560 0.8376 0.1441 0.5192 0.8434 0.5165 0.8112
48 0.0785 0.1120 0.8873 0.3129 0.8545 0.1252 0.5153 0.8466 0.4652 0.8127
49 0.0713 0.1052 0.8932 0.2878 0.8621 0.1342 0.5081 0.8500 0.5054 0.8201
50 0.0663 0.0991 0.8927 0.2737 0.8627 0.1328 0.5052 0.8503 0.5024 0.8206
51 0.0662 0.0934 0.9001 0.2732 0.8717 0.1317 0.5066 0.8493 0.4931 0.8187
52 0.0658 0.0952 0.8975 0.2756 0.8655 0.1447 0.5016 0.8502 0.5477 0.8184
53 0.0749 0.1076 0.8861 0.3085 0.8538 0.1490 0.5114 0.8497 0.5504 0.8194
54 0.0757 0.1114 0.8824 0.3150 0.8489 0.1622 0.5115 0.8360 0.5891 0.8071
55 0.0804 0.1166 0.8797 0.3266 0.8473 0.1669 0.5290 0.8253 0.5712 0.7913
56 0.0874 0.1215 0.8787 0.3433 0.8421 0.1626 0.5150 0.8498 0.5900 0.8161
57 0.0824 0.1183 0.8846 0.3243 0.8521 0.1484 0.5096 0.8425 0.5508 0.8070
58 0.0648 0.0931 0.8999 0.2687 0.8680 0.1361 0.5001 0.8423 0.5373 0.8133
59 0.0618 0.0892 0.8971 0.2703 0.8687 0.1371 0.5007 0.8472 0.5304 0.8192
60 0.0562 0.0826 0.8997 0.2516 0.8726 0.1324 0.4983 0.8469 0.5177 0.8173
61 0.0536 0.0780 0.9031 0.2448 0.8724 0.1269 0.4995 0.8502 0.4842 0.8167
62 0.0569 0.0823 0.9033 0.2515 0.8727 0.1480 0.5038 0.8496 0.5476 0.8179
63 0.0593 0.0849 0.9041 0.2558 0.8726 0.1309 0.4980 0.8476 0.5272 0.8166
64 0.0655 0.0926 0.8971 0.2730 0.8641 0.1723 0.5074 0.8405 0.6309 0.8091
65 0.0735 0.1060 0.8840 0.3173 0.8509 0.1751 0.5141 0.8444 0.6207 0.8115
66 0.0732 0.1067 0.8892 0.3024 0.8562 0.1633 0.5020 0.8427 0.6013 0.8135
67 0.0621 0.0875 0.9005 0.2650 0.8698 0.1277 0.5026 0.8496 0.5078 0.8173
68 0.0594 0.0860 0.8986 0.2618 0.8688 0.1228 0.5008 0.8442 0.4848 0.8100
69 0.0516 0.0766 0.9060 0.2351 0.8769 0.1429 0.4906 0.8487 0.5524 0.8210
70 0.0451 0.0651 0.9094 0.2243 0.8816 0.1407 0.4902 0.8477 0.5456 0.8202
71 0.0478 0.0696 0.9057 0.2269 0.8764 0.1379 0.4934 0.8541 0.5337 0.8236
72 0.0477 0.0687 0.9090 0.2260 0.8790 0.1460 0.4961 0.8482 0.5586 0.8200
73 0.0542 0.0786 0.9043 0.2442 0.8756 0.1241 0.4973 0.8588 0.4903 0.8256
74 0.0705 0.0956 0.8943 0.2901 0.8600 0.1413 0.5147 0.8373 0.5389 0.8002
75 0.0738 0.1061 0.8871 0.3110 0.8517 0.1576 0.5215 0.8304 0.5794 0.7971
76 0.0760 0.1070 0.8907 0.3040 0.8577 0.1439 0.5067 0.8448 0.5654 0.8145
77 0.0588 0.0852 0.9031 0.2528 0.8717 0.1281 0.4948 0.8508 0.5066 0.8215
78 0.0530 0.0771 0.9073 0.2414 0.8778 0.1464 0.4907 0.8447 0.5621 0.8150
79 0.0491 0.0725 0.9091 0.2290 0.8798 0.1442 0.4897 0.8513 0.5484 0.8219
80 0.0439 0.0650 0.9139 0.2105 0.8856 0.1446 0.4877 0.8523 0.5504 0.8237
81 0.0422 0.0608 0.9176 0.2064 0.8898 0.1493 0.4879 0.8578 0.5655 0.8316
82 0.0474 0.0678 0.9147 0.2175 0.8870 0.1559 0.4971 0.8440 0.5797 0.8132
83 0.0563 0.0787 0.9046 0.2490 0.8740 0.1315 0.5068 0.8543 0.5138 0.8246
84 0.0764 0.1081 0.8887 0.3042 0.8546 0.1354 0.4983 0.8396 0.5615 0.8101
85 0.0754 0.1051 0.8888 0.3055 0.8560 0.1562 0.5038 0.8504 0.5995 0.8207
86 0.0684 0.0977 0.8984 0.2828 0.8680 0.1669 0.5158 0.8483 0.5956 0.8171
87 0.0647 0.0928 0.9016 0.2668 0.8727 0.1641 0.5053 0.8524 0.6062 0.8248
88 0.0502 0.0727 0.9053 0.2342 0.8752 0.1702 0.4966 0.8548 0.6256 0.8275
89 0.0478 0.0671 0.9130 0.2186 0.8864 0.1258 0.4910 0.8606 0.5011 0.8326
90 0.0435 0.0635 0.9203 0.1980 0.8926 0.1275 0.4913 0.8634 0.5067 0.8350
91 0.0422 0.0612 0.9202 0.2011 0.8936 0.1391 0.4882 0.8597 0.5369 0.8300
92 0.0409 0.0588 0.9154 0.2011 0.8863 0.1533 0.4918 0.8545 0.5714 0.8234
93 0.0437 0.0615 0.9136 0.2115 0.8855 0.1709 0.4933 0.8577 0.6078 0.8273
94 0.0520 0.0744 0.9051 0.2412 0.8742 0.1637 0.4965 0.8553 0.5881 0.8274
95 0.0713 0.1016 0.8924 0.2913 0.8617 0.1748 0.4908 0.8451 0.6604 0.8126
96 0.0618 0.0874 0.8974 0.2688 0.8666 0.1280 0.4998 0.8518 0.5051 0.8210
97 0.0548 0.0786 0.9072 0.2431 0.8770 0.1431 0.4944 0.8564 0.5515 0.8239
98 0.0476 0.0685 0.9152 0.2188 0.8872 0.1428 0.4862 0.8591 0.5513 0.8323
99 0.0430 0.0603 0.9177 0.2017 0.8906 0.1513 0.4785 0.8634 0.5833 0.8370
100 0.0372 0.0524 0.9195 0.1937 0.8948 0.1422 0.4783 0.8619 0.5527 0.8352
101 0.0397 0.0569 0.9216 0.1932 0.8958 0.1393 0.4782 0.8667 0.5343 0.8380
102 0.0379 0.0543 0.9235 0.1894 0.8975 0.1505 0.4873 0.8667 0.5570 0.8379
103 0.0405 0.0584 0.9126 0.2110 0.8839 0.1610 0.4908 0.8593 0.5951 0.8308
104 0.0453 0.0643 0.9121 0.2182 0.8822 0.1391 0.5050 0.8353 0.5668 0.8065
105 0.0682 0.0949 0.8923 0.2917 0.8605 0.1383 0.5147 0.8398 0.5409 0.8101
106 0.0596 0.0852 0.9033 0.2551 0.8727 0.1927 0.5021 0.8348 0.6672 0.7939
107 0.0598 0.0818 0.9074 0.2491 0.8777 0.1534 0.4967 0.8575 0.5805 0.8299
108 0.0464 0.0671 0.9170 0.2097 0.8905 0.1258 0.4806 0.8638 0.5084 0.8356
109 0.0384 0.0554 0.9240 0.1863 0.8990 0.1413 0.4843 0.8604 0.5383 0.8317
110 0.0380 0.0546 0.9257 0.1869 0.8999 0.1399 0.4845 0.8628 0.5330 0.8340
111 0.0375 0.0534 0.9184 0.1907 0.8922 0.1431 0.4802 0.8692 0.5407 0.8389
112 0.0363 0.0511 0.9190 0.1898 0.8920 0.1500 0.4842 0.8692 0.5455 0.8415
113 0.0398 0.0551 0.9209 0.1972 0.8938 0.1720 0.4848 0.8570 0.6600 0.8269
114 0.0586 0.0798 0.9060 0.2549 0.8768 0.1987 0.5081 0.8459 0.6809 0.8191
115 0.0537 0.0766 0.9027 0.2483 0.8728 0.1668 0.5128 0.8426 0.6004 0.8139
116 0.0584 0.0823 0.9058 0.2507 0.8750 0.2243 0.5164 0.8416 0.7695 0.8112
117 0.0557 0.0772 0.9102 0.2413 0.8804 0.1693 0.4830 0.8532 0.6232 0.8263
118 0.0453 0.0659 0.9159 0.2119 0.8896 0.1433 0.4855 0.8544 0.5671 0.8249
119 0.0383 0.0551 0.9246 0.1828 0.8991 0.1589 0.4772 0.8623 0.6017 0.8341
120 0.0339 0.0478 0.9279 0.1706 0.9055 0.1600 0.4781 0.8638 0.6045 0.8365
121 0.0343 0.0496 0.9245 0.1783 0.8997 0.1450 0.4791 0.8626 0.5510 0.8351
122 0.0365 0.0520 0.9225 0.1872 0.8972 0.1720 0.4882 0.8498 0.6219 0.8203
123 0.0424 0.0594 0.9227 0.1925 0.8967 0.1267 0.4850 0.8643 0.4921 0.8340
124 0.0376 0.0533 0.9174 0.1974 0.8888 0.1995 0.4844 0.8562 0.7054 0.8272
125 0.0489 0.0677 0.9163 0.2216 0.8886 0.1834 0.4898 0.8362 0.7023 0.8053
126 0.0523 0.0769 0.9048 0.2448 0.8757 0.1509 0.5042 0.8367 0.5964 0.8036
127 0.0456 0.0630 0.9150 0.2166 0.8892 0.1508 0.4902 0.8583 0.5612 0.8319
128 0.0370 0.0527 0.9220 0.1877 0.8978 0.1669 0.4799 0.8538 0.6227 0.8270
129 0.0401 0.0559 0.9203 0.1927 0.8947 0.1458 0.4791 0.8606 0.5537 0.8316
130 0.0349 0.0520 0.9280 0.1724 0.9021 0.1515 0.4777 0.8607 0.5717 0.8325
131 0.0321 0.0448 0.9276 0.1737 0.9044 0.1608 0.4731 0.8621 0.5996 0.8333
132 0.0354 0.0486 0.9274 0.1797 0.9039 0.1390 0.4789 0.8612 0.5286 0.8305
133 0.0387 0.0541 0.9179 0.1960 0.8930 0.1528 0.4768 0.8587 0.6089 0.8274
134 0.0453 0.0626 0.9177 0.2116 0.8896 0.1926 0.4846 0.8476 0.7070 0.8144
135 0.0514 0.0705 0.9104 0.2295 0.8823 0.1993 0.4929 0.8323 0.7272 0.8010
136 0.0459 0.0661 0.9154 0.2185 0.8889 0.1726 0.4863 0.8545 0.6457 0.8227
137 0.0461 0.0650 0.9172 0.2122 0.8917 0.1895 0.4848 0.8578 0.6776 0.8286
138 0.0361 0.0517 0.9235 0.1828 0.8986 0.1624 0.4816 0.8541 0.6200 0.8239
139 0.0329 0.0458 0.9300 0.1698 0.9073 0.1751 0.4799 0.8638 0.6210 0.8329
140 0.0295 0.0425 0.9304 0.1589 0.9074 0.1747 0.4777 0.8652 0.6208 0.8337
141 0.0301 0.0426 0.9315 0.1615 0.9087 0.1754 0.4806 0.8628 0.6249 0.8316
142 0.0310 0.0428 0.9278 0.1713 0.9045 0.1745 0.4817 0.8591 0.6228 0.8305
143 0.0305 0.0425 0.9310 0.1618 0.9059 0.1652 0.4834 0.8625 0.5952 0.8331
144 0.0344 0.0479 0.9209 0.1856 0.8954 0.1823 0.4895 0.8469 0.6639 0.8196
145 0.0493 0.0689 0.9079 0.2345 0.8803 0.1585 0.4890 0.8505 0.5863 0.8192
146 0.0499 0.0703 0.9091 0.2304 0.8802 0.1832 0.4937 0.8464 0.6622 0.8137
147 0.0412 0.0572 0.9204 0.1959 0.8943 0.1786 0.4825 0.8484 0.6697 0.8150
148 0.0359 0.0505 0.9255 0.1809 0.9009 0.1853 0.4803 0.8538 0.6675 0.8207
149 0.0331 0.0468 0.9272 0.1707 0.9052 0.2070 0.4838 0.8527 0.7079 0.8200
150 0.0314 0.0460 0.9304 0.1633 0.9080 0.2058 0.4827 0.8526 0.7071 0.8201
151 0.0306 0.0428 0.9320 0.1617 0.9093 0.2105 0.4797 0.8566 0.7248 0.8233
152 0.0314 0.0439 0.9299 0.1649 0.9071 0.2164 0.4737 0.8533 0.7562 0.8244
153 0.0366 0.0482 0.9288 0.1760 0.9037 0.1635 0.4767 0.8606 0.6214 0.8296
154 0.0368 0.0499 0.9295 0.1793 0.9043 0.1620 0.4895 0.8496 0.6404 0.8212
155 0.0476 0.0669 0.9135 0.2232 0.8882 0.1935 0.4913 0.8350 0.7213 0.8028
156 0.0456 0.0631 0.9189 0.2067 0.8916 0.1826 0.4780 0.8563 0.6802 0.8243
157 0.0389 0.0538 0.9214 0.1891 0.8950 0.1603 0.4861 0.8533 0.6222 0.8218
158 0.0379 0.0494 0.9267 0.1835 0.9021 0.1657 0.4736 0.8610 0.6349 0.8319
159 0.0312 0.0444 0.9356 0.1565 0.9126 0.1700 0.4725 0.8584 0.6422 0.8298
160 0.0286 0.0404 0.9339 0.1525 0.9101 0.1695 0.4736 0.8592 0.6418 0.8325
161 0.0279 0.0386 0.9336 0.1502 0.9103 0.1799 0.4711 0.8613 0.6708 0.8333
162 0.0281 0.0391 0.9332 0.1519 0.9105 0.1649 0.4721 0.8610 0.6252 0.8329
163 0.0298 0.0424 0.9274 0.1716 0.9025 0.1812 0.4894 0.8552 0.6611 0.8258
164 0.0427 0.0588 0.9205 0.1979 0.8898 0.1644 0.4794 0.8569 0.6354 0.8273
165 0.0571 0.0788 0.9067 0.2480 0.8778 0.1492 0.4960 0.8315 0.6201 0.7965
166 0.0486 0.0692 0.9150 0.2180 0.8880 0.1514 0.4828 0.8522 0.5910 0.8189
167 0.0388 0.0544 0.9247 0.1842 0.9003 0.2049 0.4871 0.8607 0.6965 0.8273
168 0.0311 0.0436 0.9300 0.1642 0.9064 0.1866 0.4849 0.8607 0.6590 0.8314
169 0.0315 0.0441 0.9305 0.1623 0.9077 0.1681 0.4808 0.8639 0.6064 0.8347
170 0.0299 0.0444 0.9324 0.1534 0.9093 0.1768 0.4820 0.8645 0.6284 0.8352
171 0.0287 0.0396 0.9337 0.1512 0.9121 0.1869 0.4780 0.8634 0.6697 0.8351
172 0.0273 0.0384 0.9339 0.1510 0.9114 0.1905 0.4777 0.8578 0.6918 0.8285
173 0.0286 0.0390 0.9321 0.1554 0.9082 0.2119 0.4812 0.8639 0.7292 0.8350
174 0.0288 0.0401 0.9315 0.1596 0.9084 0.1656 0.4795 0.8599 0.6233 0.8273
175 0.0312 0.0437 0.9262 0.1749 0.9005 0.1977 0.4876 0.8541 0.7059 0.8232
176 0.0383 0.0545 0.9234 0.1899 0.8977 0.1973 0.4807 0.8575 0.6831 0.8252
177 0.0359 0.0494 0.9276 0.1739 0.9019 0.1727 0.4901 0.8543 0.6444 0.8207
178 0.0288 0.0415 0.9305 0.1576 0.9086 0.1887 0.4767 0.8612 0.6733 0.8292
179 0.0258 0.0352 0.9389 0.1406 0.9157 0.2009 0.4740 0.8629 0.6994 0.8344
180 0.0244 0.0341 0.9390 0.1341 0.9164 0.2087 0.4734 0.8634 0.7230 0.8349
181 0.0245 0.0338 0.9388 0.1395 0.9193 0.1761 0.4738 0.8647 0.6399 0.8356
182 0.0248 0.0343 0.9376 0.1390 0.9153 0.1985 0.4714 0.8657 0.7071 0.8368
183 0.0264 0.0364 0.9378 0.1467 0.9162 0.1944 0.4689 0.8589 0.7168 0.8276
184 0.0308 0.0416 0.9309 0.1655 0.9066 0.1910 0.4874 0.8536 0.6980 0.8269
185 0.0401 0.0547 0.9193 0.1986 0.8901 0.1489 0.4945 0.8414 0.5868 0.8149
186 0.0472 0.0653 0.9190 0.2062 0.8929 0.1817 0.4838 0.8562 0.6613 0.8285
187 0.0378 0.0530 0.9235 0.1840 0.9001 0.2334 0.4856 0.8539 0.8010 0.8252
188 0.0326 0.0449 0.9303 0.1655 0.9066 0.2029 0.4819 0.8595 0.6919 0.8322
189 0.0269 0.0379 0.9367 0.1441 0.9155 0.2139 0.4767 0.8665 0.7198 0.8383
190 0.0249 0.0342 0.9383 0.1347 0.9173 0.2212 0.4765 0.8664 0.7405 0.8388
191 0.0258 0.0357 0.9385 0.1368 0.9177 0.2104 0.4774 0.8659 0.7140 0.8356
192 0.0269 0.0369 0.9399 0.1403 0.9192 0.2051 0.4833 0.8629 0.6948 0.8346
193 0.0268 0.0368 0.9357 0.1482 0.9110 0.2521 0.4815 0.8592 0.8240 0.8278
194 0.0300 0.0398 0.9322 0.1640 0.9079 0.2110 0.4816 0.8621 0.7530 0.8323
195 0.0541 0.0728 0.9123 0.2340 0.8851 0.2029 0.5016 0.8245 0.7855 0.7919
196 0.0437 0.0611 0.9210 0.2047 0.8950 0.1960 0.4910 0.8462 0.7249 0.8194
197 0.0374 0.0514 0.9276 0.1781 0.9044 0.1835 0.4844 0.8664 0.6351 0.8404
198 0.0301 0.0414 0.9357 0.1538 0.9144 0.1634 0.4774 0.8674 0.6035 0.8427
199 0.0281 0.0397 0.9347 0.1528 0.9130 0.1687 0.4777 0.8645 0.6071 0.8359
