epoch train_BCELoss train_SoftDiceLoss train_iou train_loss train_mAP val_BCELoss val_SoftDiceLoss val_iou val_loss val_mAP
0 0.3235 0.3154 0.6487 0.6390 0.5877 0.2699 0.5848 0.6944 0.8551 0.6304
1 0.2459 0.2347 0.7054 0.4808 0.6471 0.1878 0.5670 0.7410 0.7553 0.6945
2 0.2190 0.2082 0.7290 0.4277 0.6775 0.1985 0.5528 0.7460 0.7520 0.7011
3 0.2007 0.1933 0.7408 0.3945 0.6916 0.1531 0.5369 0.7658 0.6908 0.7256
4 0.1739 0.1633 0.7654 0.3377 0.7210 0.1527 0.5234 0.7711 0.6768 0.7249
5 0.1623 0.1540 0.7790 0.3170 0.7328 0.1503 0.5213 0.7841 0.6724 0.7419
6 0.1680 0.1571 0.7732 0.3257 0.7282 0.1517 0.5351 0.7790 0.6876 0.7364
7 0.1792 0.1659 0.7663 0.3457 0.7193 0.1526 0.5336 0.7773 0.6871 0.7411
8 0.1861 0.1723 0.7627 0.3590 0.7154 0.1599 0.5451 0.7645 0.7059 0.7250
9 0.2036 0.1912 0.7563 0.3956 0.7056 0.1808 0.5516 0.7616 0.7332 0.7258
10 0.2086 0.1905 0.7470 0.3998 0.7006 0.1960 0.5377 0.7700 0.7347 0.7299
11 0.1767 0.1684 0.7725 0.3459 0.7291 0.1442 0.5203 0.7726 0.6655 0.7313
12 0.1529 0.1438 0.7938 0.2975 0.7521 0.1388 0.5071 0.8020 0.6471 0.7684
13 0.1381 0.1270 0.8061 0.2661 0.7667 0.1491 0.5152 0.8022 0.6654 0.7674
14 0.1309 0.1196 0.8166 0.2513 0.7801 0.1334 0.5014 0.8176 0.6361 0.7823
15 0.1142 0.1085 0.8255 0.2237 0.7881 0.1334 0.4977 0.8181 0.6323 0.7833
16 0.1236 0.1110 0.8211 0.2356 0.7830 0.1534 0.5051 0.8205 0.6598 0.7850
17 0.1260 0.1195 0.8171 0.2464 0.7797 0.1673 0.5001 0.8224 0.6688 0.7900
18 0.1408 0.1299 0.8120 0.2717 0.7727 0.2086 0.5165 0.7990 0.7263 0.7636
19 0.1513 0.1370 0.8001 0.2892 0.7589 0.2463 0.5312 0.7736 0.7787 0.7298
20 0.1583 0.1439 0.7951 0.3032 0.7546 0.1874 0.5063 0.7789 0.6951 0.7422
21 0.1481 0.1343 0.8074 0.2835 0.7658 0.1486 0.5141 0.7905 0.6639 0.7525
22 0.1378 0.1307 0.8069 0.2695 0.7667 0.1929 0.4916 0.8103 0.6859 0.7769
23 0.1209 0.1139 0.8314 0.2359 0.7926 0.1445 0.4931 0.8084 0.6390 0.7773
24 0.1022 0.0973 0.8357 0.2005 0.7992 0.1560 0.4862 0.8269 0.6436 0.7936
25 0.0980 0.0894 0.8437 0.1885 0.8069 0.1445 0.4824 0.8261 0.6284 0.7950
26 0.1004 0.0909 0.8382 0.1923 0.8042 0.1530 0.4862 0.8304 0.6407 0.8011
27 0.1169 0.1060 0.8365 0.2240 0.7992 0.1593 0.4857 0.8100 0.6465 0.7787
28 0.1189 0.1059 0.8302 0.2259 0.7924 0.1802 0.5129 0.8164 0.6944 0.7808
29 0.1312 0.1212 0.8184 0.2535 0.7796 0.1605 0.5062 0.7967 0.6680 0.7501
30 0.1392 0.1269 0.8198 0.2671 0.7788 0.1624 0.5161 0.8035 0.6798 0.7749
31 0.1249 0.1163 0.8246 0.2423 0.7856 0.1858 0.5097 0.8100 0.6970 0.7772
32 0.1179 0.1065 0.8266 0.2255 0.7892 0.1672 0.4923 0.8146 0.6612 0.7865
33 0.1047 0.0955 0.8443 0.2012 0.8078 0.1611 0.5007 0.8223 0.6634 0.7924
34 0.0859 0.0795 0.8520 0.1666 0.8183 0.1584 0.4879 0.8280 0.6479 0.7983
35 0.0772 0.0699 0.8657 0.1482 0.8326 0.1620 0.4916 0.8338 0.6552 0.8053
36 0.0833 0.0735 0.8588 0.1580 0.8244 0.1596 0.4808 0.8319 0.6421 0.8017
37 0.0914 0.0796 0.8556 0.1722 0.8209 0.1773 0.4957 0.8092 0.6744 0.7810
38 0.1017 0.0929 0.8446 0.1958 0.8073 0.1691 0.4829 0.8298 0.6536 0.7978
39 0.1283 0.1150 0.8248 0.2444 0.7844 0.1709 0.4900 0.8057 0.6625 0.7719
40 0.1325 0.1187 0.8177 0.2522 0.7784 0.2009 0.5197 0.8091 0.7220 0.7779
41 0.1238 0.1158 0.8230 0.2407 0.7850 0.1522 0.4875 0.8176 0.6413 0.7834
42 0.1120 0.1011 0.8345 0.2142 0.7975 0.2145 0.5088 0.8169 0.7247 0.7846
43 0.0942 0.0886 0.8448 0.1839 0.8101 0.1930 0.4880 0.8215 0.6825 0.7919
44 0.0813 0.0713 0.8607 0.1538 0.8287 0.1784 0.4850 0.8379 0.6651 0.8083
45 0.0688 0.0655 0.8705 0.1355 0.8385 0.1777 0.4796 0.8405 0.6590 0.8130
46 0.0778 0.0701 0.8582 0.1492 0.8251 0.1668 0.4801 0.8430 0.6486 0.8143
47 0.0809 0.0729 0.8607 0.1549 0.8273 0.1799 0.4955 0.8268 0.6769 0.7978
48 0.0924 0.0834 0.8489 0.1770 0.8150 0.2090 0.4963 0.8213 0.7068 0.7933
49 0.1086 0.0900 0.8484 0.1997 0.8138 0.2069 0.5022 0.8131 0.7105 0.7831
50 0.1237 0.1121 0.8293 0.2369 0.7897 0.2509 0.5147 0.7987 0.7670 0.7700
51 0.1166 0.1049 0.8308 0.2227 0.7948 0.1973 0.4878 0.8106 0.6866 0.7756
52 0.1067 0.0920 0.8422 0.1998 0.8071 0.1784 0.4816 0.8241 0.6616 0.7958
53 0.0903 0.0812 0.8459 0.1727 0.8120 0.1596 0.4710 0.8494 0.6324 0.8202
54 0.0734 0.0674 0.8669 0.1421 0.8342 0.1915 0.4705 0.8449 0.6637 0.8154
55 0.0680 0.0636 0.8700 0.1328 0.8378 0.1957 0.4724 0.8415 0.6698 0.8136
56 0.0790 0.0716 0.8648 0.1519 0.8338 0.1610 0.4750 0.8415 0.6377 0.8106
57 0.0731 0.0659 0.8681 0.1402 0.8357 0.1518 0.4726 0.8445 0.6262 0.8109
58 0.0808 0.0738 0.8543 0.1559 0.8199 0.2053 0.5031 0.8204 0.7099 0.7899
59 0.1031 0.0924 0.8400 0.1966 0.8033 0.1889 0.5011 0.8158 0.6915 0.7837
60 0.1174 0.1031 0.8314 0.2216 0.7945 0.2296 0.4914 0.8074 0.7226 0.7780
61 0.1090 0.0978 0.8318 0.2080 0.7942 0.1979 0.5048 0.8146 0.7041 0.7793
62 0.0899 0.0860 0.8545 0.1771 0.8214 0.1687 0.4806 0.8298 0.6512 0.7978
63 0.0778 0.0722 0.8645 0.1513 0.8309 0.2006 0.4838 0.8304 0.6861 0.8064
64 0.0608 0.0568 0.8719 0.1189 0.8418 0.2015 0.4710 0.8407 0.6743 0.8107
65 0.0656 0.0577 0.8716 0.1246 0.8413 0.2109 0.4723 0.8407 0.6850 0.8115
66 0.0681 0.0600 0.8696 0.1295 0.8389 0.1842 0.4769 0.8449 0.6629 0.8159
67 0.0685 0.0615 0.8725 0.1313 0.8411 0.1780 0.4771 0.8327 0.6569 0.8001
68 0.0678 0.0616 0.8747 0.1307 0.8431 0.2304 0.4866 0.8180 0.7188 0.7852
69 0.0954 0.0840 0.8480 0.1807 0.8133 0.1938 0.4958 0.8184 0.6913 0.7855
70 0.1132 0.1027 0.8330 0.2171 0.7977 0.2350 0.5110 0.8089 0.7474 0.7749
71 0.1105 0.0992 0.8417 0.2110 0.8047 0.1958 0.4940 0.8078 0.6914 0.7798
72 0.0926 0.0849 0.8605 0.1787 0.8264 0.2131 0.5076 0.8188 0.7222 0.7899
73 0.0777 0.0724 0.8667 0.1514 0.8346 0.1995 0.4834 0.8285 0.6847 0.8001
74 0.0654 0.0592 0.8748 0.1259 0.8447 0.2051 0.4738 0.8398 0.6807 0.8111
75 0.0610 0.0551 0.8841 0.1174 0.8519 0.2123 0.4758 0.8405 0.6900 0.8127
76 0.0610 0.0540 0.8805 0.1163 0.8507 0.2302 0.4838 0.8380 0.7158 0.8114
77 0.0680 0.0600 0.8710 0.1293 0.8397 0.1706 0.4764 0.8298 0.6488 0.7953
78 0.0798 0.0716 0.8636 0.1527 0.8324 0.2113 0.4953 0.8275 0.7081 0.7923
79 0.0965 0.0852 0.8462 0.1830 0.8131 0.1411 0.4910 0.8305 0.6338 0.7998
80 0.1160 0.1059 0.8295 0.2231 0.7927 0.3079 0.5464 0.7560 0.8553 0.7237
81 0.1181 0.1009 0.8371 0.2201 0.8003 0.1702 0.4940 0.8283 0.6658 0.7938
82 0.0837 0.0764 0.8632 0.1613 0.8288 0.1965 0.4848 0.8292 0.6830 0.7993
83 0.0725 0.0631 0.8720 0.1369 0.8403 0.1910 0.4750 0.8423 0.6678 0.8136
84 0.0604 0.0541 0.8747 0.1158 0.8430 0.1947 0.4740 0.8461 0.6705 0.8155
85 0.0574 0.0558 0.8734 0.1145 0.8422 0.1973 0.4761 0.8466 0.6752 0.8166
86 0.0623 0.0577 0.8761 0.1213 0.8471 0.2248 0.4843 0.8434 0.7110 0.8139
87 0.0626 0.0553 0.8734 0.1192 0.8422 0.1820 0.4747 0.8429 0.6584 0.8127
88 0.0740 0.0693 0.8695 0.1446 0.8381 0.1932 0.4752 0.8437 0.6701 0.8157
89 0.0793 0.0702 0.8628 0.1508 0.8321 0.2746 0.4873 0.8100 0.7637 0.7754
90 0.1241 0.1064 0.8361 0.2316 0.7979 0.1396 0.4970 0.8323 0.6383 0.7968
91 0.0986 0.0880 0.8523 0.1878 0.8161 0.1911 0.4697 0.8284 0.6627 0.7947
92 0.0834 0.0766 0.8612 0.1613 0.8267 0.2120 0.4962 0.8314 0.7099 0.8037
93 0.0745 0.0696 0.8662 0.1455 0.8335 0.1797 0.4896 0.8386 0.6711 0.8089
94 0.0624 0.0544 0.8782 0.1181 0.8483 0.1615 0.4695 0.8530 0.6328 0.8236
95 0.0559 0.0539 0.8788 0.1112 0.8465 0.1629 0.4657 0.8531 0.6304 0.8230
96 0.0550 0.0521 0.8762 0.1084 0.8467 0.1703 0.4726 0.8535 0.6448 0.8245
97 0.0623 0.0556 0.8763 0.1193 0.8459 0.1615 0.4837 0.8510 0.6469 0.8236
98 0.0659 0.0600 0.8750 0.1272 0.8432 0.1946 0.4760 0.8523 0.6724 0.8203
99 0.0767 0.0676 0.8689 0.1457 0.8360 0.2031 0.4835 0.8341 0.6884 0.8036
100 0.1034 0.0888 0.8471 0.1934 0.8110 0.1693 0.4924 0.7921 0.6633 0.7524
101 0.0980 0.0913 0.8463 0.1906 0.8112 0.1560 0.4840 0.8325 0.6417 0.8056
102 0.0872 0.0821 0.8540 0.1706 0.8202 0.2093 0.4838 0.8366 0.6949 0.8096
103 0.0658 0.0612 0.8693 0.1284 0.8378 0.1872 0.4752 0.8470 0.6642 0.8149
104 0.0573 0.0502 0.8813 0.1089 0.8526 0.1712 0.4664 0.8503 0.6395 0.8172
105 0.0586 0.0534 0.8765 0.1135 0.8482 0.1804 0.4677 0.8490 0.6500 0.8173
106 0.0563 0.0535 0.8797 0.1112 0.8490 0.2044 0.4706 0.8442 0.6769 0.8143
107 0.0559 0.0503 0.8850 0.1076 0.8548 0.1833 0.4685 0.8458 0.6536 0.8183
108 0.0719 0.0630 0.8748 0.1362 0.8429 0.1899 0.4856 0.8424 0.6771 0.8167
109 0.0761 0.0667 0.8698 0.1441 0.8377 0.1917 0.4937 0.8251 0.6869 0.7958
110 0.0996 0.0907 0.8385 0.1915 0.8000 0.2074 0.5429 0.7877 0.7515 0.7532
111 0.0958 0.0864 0.8500 0.1835 0.8144 0.2389 0.5250 0.8017 0.7653 0.7708
112 0.0797 0.0763 0.8657 0.1574 0.8332 0.1912 0.4788 0.8433 0.6718 0.8135
113 0.0678 0.0630 0.8704 0.1322 0.8424 0.2100 0.4696 0.8426 0.6816 0.8111
114 0.0532 0.0487 0.8814 0.1033 0.8511 0.1834 0.4691 0.8505 0.6545 0.8226
115 0.0567 0.0505 0.8828 0.1086 0.8550 0.1794 0.4709 0.8512 0.6522 0.8218
116 0.0507 0.0474 0.8918 0.0996 0.8628 0.1923 0.4765 0.8508 0.6707 0.8213
117 0.0587 0.0523 0.8839 0.1125 0.8532 0.1928 0.4912 0.8365 0.6858 0.8063
118 0.0582 0.0535 0.8757 0.1132 0.8462 0.1939 0.4789 0.8440 0.6746 0.8145
119 0.0740 0.0660 0.8687 0.1414 0.8337 0.2263 0.4832 0.8452 0.7114 0.8189
120 0.0912 0.0831 0.8566 0.1756 0.8217 0.1686 0.4986 0.8083 0.6687 0.7779
121 0.0920 0.0799 0.8542 0.1732 0.8218 0.3396 0.5679 0.7510 0.9084 0.7138
122 0.0744 0.0673 0.8693 0.1430 0.8370 0.1824 0.4708 0.8445 0.6550 0.8153
123 0.0582 0.0530 0.8805 0.1127 0.8497 0.1802 0.4631 0.8540 0.6451 0.8252
124 0.0528 0.0486 0.8868 0.1029 0.8581 0.1877 0.4629 0.8530 0.6525 0.8245
125 0.0517 0.0465 0.8908 0.0997 0.8624 0.1880 0.4632 0.8544 0.6532 0.8257
126 0.0546 0.0494 0.8849 0.1055 0.8530 0.1697 0.4618 0.8629 0.6335 0.8325
127 0.0546 0.0512 0.8782 0.1073 0.8488 0.1559 0.4702 0.8553 0.6279 0.8245
128 0.0605 0.0553 0.8754 0.1172 0.8457 0.1873 0.4806 0.8376 0.6697 0.8058
129 0.0766 0.0706 0.8602 0.1486 0.8264 0.2762 0.4993 0.8217 0.7770 0.7935
130 0.0861 0.0771 0.8568 0.1646 0.8234 0.2531 0.5009 0.8212 0.7557 0.7936
131 0.0860 0.0758 0.8613 0.1631 0.8283 0.2222 0.5117 0.8136 0.7354 0.7837
132 0.0625 0.0589 0.8809 0.1228 0.8496 0.1921 0.4761 0.8380 0.6700 0.8100
133 0.0548 0.0513 0.8838 0.1075 0.8539 0.2130 0.4658 0.8502 0.6809 0.8227
134 0.0485 0.0448 0.8907 0.0947 0.8615 0.2124 0.4637 0.8527 0.6781 0.8244
135 0.0476 0.0440 0.8930 0.0930 0.8638 0.2092 0.4625 0.8543 0.6736 0.8238
136 0.0495 0.0455 0.8939 0.0964 0.8647 0.1880 0.4621 0.8599 0.6521 0.8297
137 0.0480 0.0442 0.8931 0.0937 0.8656 0.2078 0.4680 0.8478 0.6776 0.8154
138 0.0626 0.0547 0.8789 0.1187 0.8515 0.1676 0.4803 0.8438 0.6497 0.8135
139 0.0584 0.0495 0.8805 0.1093 0.8511 0.1972 0.4754 0.8433 0.6744 0.8147
140 0.0832 0.0713 0.8646 0.1558 0.8321 0.5761 0.5413 0.7251 1.1191 0.6766
141 0.0737 0.0635 0.8673 0.1386 0.8337 0.2468 0.5031 0.8344 0.7516 0.8052
142 0.0677 0.0630 0.8779 0.1321 0.8466 0.2610 0.4875 0.8434 0.7503 0.8162
143 0.0603 0.0544 0.8848 0.1161 0.8556 0.1940 0.4770 0.8545 0.6730 0.8257
144 0.0508 0.0470 0.8872 0.0994 0.8594 0.1997 0.4633 0.8599 0.6649 0.8311
145 0.0475 0.0422 0.8951 0.0912 0.8677 0.2078 0.4646 0.8560 0.6744 0.8291
146 0.0488 0.0447 0.8890 0.0950 0.8607 0.2115 0.4723 0.8602 0.6857 0.8341
147 0.0495 0.0448 0.8868 0.0958 0.8595 0.1857 0.4756 0.8504 0.6631 0.8191
148 0.0517 0.0480 0.8852 0.1011 0.8565 0.2083 0.4796 0.8485 0.6896 0.8202
149 0.0707 0.0639 0.8691 0.1360 0.8367 0.2182 0.5221 0.8079 0.7415 0.7757
