epoch train_BCELoss train_SoftDiceLoss train_iou train_loss train_mAP val_BCELoss val_SoftDiceLoss val_iou val_loss val_mAP
0 0.3226 0.3044 0.6436 0.6271 0.5755 0.2575 0.6196 0.6675 0.8774 0.6055
1 0.2511 0.2411 0.6958 0.4925 0.6374 0.2861 0.5796 0.7132 0.8661 0.6502
2 0.2327 0.2118 0.7272 0.4449 0.6705 0.2131 0.5719 0.7361 0.7856 0.6888
3 0.1965 0.1823 0.7418 0.3794 0.6938 0.2126 0.5469 0.7321 0.7601 0.6779
4 0.1864 0.1778 0.7561 0.3648 0.7097 0.1917 0.5377 0.7693 0.7302 0.7225
5 0.1627 0.1556 0.7765 0.3189 0.7327 0.1877 0.5363 0.7729 0.7248 0.7269
6 0.1598 0.1497 0.7763 0.3102 0.7310 0.1884 0.5455 0.7776 0.7347 0.7331
7 0.1756 0.1628 0.7720 0.3391 0.7254 0.1821 0.5355 0.7802 0.7183 0.7373
8 0.1857 0.1704 0.7635 0.3567 0.7152 0.2061 0.5420 0.7740 0.7490 0.7325
9 0.1853 0.1635 0.7623 0.3496 0.7166 0.2426 0.5336 0.7752 0.7772 0.7299
10 0.2000 0.1796 0.7629 0.3804 0.7176 0.2022 0.5257 0.7759 0.7288 0.7322
11 0.1803 0.1706 0.7760 0.3517 0.7311 0.1955 0.5284 0.7913 0.7249 0.7552
12 0.1574 0.1463 0.7925 0.3046 0.7513 0.1688 0.5330 0.7899 0.7028 0.7500
13 0.1386 0.1304 0.8043 0.2699 0.7637 0.2005 0.5278 0.7921 0.7293 0.7531
14 0.1269 0.1141 0.8221 0.2420 0.7838 0.1631 0.5168 0.8027 0.6811 0.7685
15 0.1143 0.1200 0.8274 0.2352 0.7912 0.1737 0.5160 0.8081 0.6909 0.7761
16 0.1219 0.1116 0.8247 0.2345 0.7874 0.1636 0.5006 0.8147 0.6655 0.7785
17 0.1273 0.1171 0.8189 0.2453 0.7832 0.1806 0.5147 0.7989 0.6964 0.7690
18 0.1321 0.1226 0.8102 0.2555 0.7710 0.2039 0.5212 0.7901 0.7262 0.7544
19 0.1618 0.1399 0.8021 0.3026 0.7605 0.1910 0.5533 0.7730 0.7453 0.7351
20 0.1658 0.1517 0.7808 0.3183 0.7358 0.2957 0.5715 0.7361 0.8681 0.6981
21 0.1538 0.1352 0.7997 0.2899 0.7619 0.3543 0.5607 0.7129 0.9162 0.6611
22 0.1320 0.1178 0.8231 0.2508 0.7864 0.1705 0.5173 0.8078 0.6890 0.7740
23 0.1152 0.1036 0.8268 0.2198 0.7911 0.1670 0.5064 0.8133 0.6746 0.7796
24 0.1019 0.0934 0.8384 0.1963 0.8034 0.1962 0.4929 0.8203 0.6904 0.7906
25 0.0884 0.0801 0.8533 0.1696 0.8203 0.1959 0.5001 0.8183 0.6973 0.7898
26 0.0961 0.0872 0.8480 0.1844 0.8124 0.1749 0.4904 0.8263 0.6666 0.7983
27 0.1120 0.1006 0.8273 0.2137 0.7881 0.2059 0.5388 0.7738 0.7456 0.7392
28 0.1172 0.1075 0.8253 0.2257 0.7884 0.1946 0.5243 0.7920 0.7201 0.7609
29 0.1434 0.1264 0.8169 0.2708 0.7775 0.1802 0.5149 0.7901 0.6963 0.7563
30 0.1448 0.1286 0.8042 0.2743 0.7630 0.2978 0.5785 0.6846 0.8774 0.6079
31 0.1457 0.1336 0.8056 0.2803 0.7689 0.2048 0.5147 0.7981 0.7207 0.7672
32 0.1198 0.1076 0.8254 0.2285 0.7882 0.1825 0.5010 0.8186 0.6848 0.7880
33 0.1042 0.0940 0.8425 0.1993 0.8086 0.1938 0.4987 0.8109 0.6939 0.7797
34 0.0884 0.0822 0.8526 0.1717 0.8196 0.2103 0.4929 0.8226 0.7046 0.7929
35 0.0864 0.0760 0.8574 0.1635 0.8242 0.2173 0.4937 0.8176 0.7124 0.7897
36 0.0836 0.0802 0.8594 0.1650 0.8245 0.1992 0.4929 0.8146 0.6935 0.7858
37 0.0916 0.0811 0.8511 0.1738 0.8190 0.1822 0.4957 0.8150 0.6793 0.7835
38 0.1041 0.0909 0.8453 0.1961 0.8111 0.2214 0.5146 0.7668 0.7371 0.7153
39 0.1162 0.0997 0.8296 0.2169 0.7925 0.1905 0.5182 0.7963 0.7099 0.7627
40 0.1315 0.1173 0.8092 0.2498 0.7703 0.2101 0.5585 0.7475 0.7695 0.6996
41 0.1150 0.1017 0.8308 0.2177 0.7959 0.1832 0.4897 0.8185 0.6742 0.7837
42 0.0966 0.0882 0.8431 0.1859 0.8092 0.1984 0.4864 0.8135 0.6862 0.7814
43 0.0964 0.0893 0.8447 0.1870 0.8107 0.2415 0.4835 0.8205 0.7265 0.7915
44 0.0793 0.0748 0.8599 0.1553 0.8292 0.2192 0.4871 0.8288 0.7077 0.8017
45 0.0720 0.0707 0.8637 0.1438 0.8328 0.2134 0.4952 0.8223 0.7100 0.7953
46 0.0725 0.0637 0.8578 0.1374 0.8269 0.2052 0.4798 0.8290 0.6864 0.7987
47 0.0681 0.0617 0.8686 0.1310 0.8367 0.2369 0.4826 0.8240 0.7209 0.7964
48 0.0974 0.0872 0.8491 0.1857 0.8122 0.2826 0.5215 0.7889 0.8054 0.7569
49 0.1139 0.0990 0.8339 0.2140 0.7972 0.2907 0.5013 0.7799 0.7934 0.7487
50 0.1165 0.1061 0.8280 0.2237 0.7912 0.2076 0.5032 0.7922 0.7122 0.7637
51 0.1009 0.0915 0.8404 0.1935 0.8043 0.2281 0.5269 0.7930 0.7563 0.7684
52 0.0925 0.0826 0.8458 0.1762 0.8132 0.2145 0.5069 0.8160 0.7228 0.7874
53 0.0830 0.0757 0.8562 0.1598 0.8237 0.2522 0.5050 0.8185 0.7586 0.7898
54 0.0762 0.0683 0.8610 0.1457 0.8318 0.1947 0.4884 0.8278 0.6845 0.7975
55 0.0690 0.0665 0.8707 0.1367 0.8395 0.1885 0.4833 0.8307 0.6733 0.8014
56 0.0672 0.0602 0.8711 0.1286 0.8396 0.2060 0.4792 0.8260 0.6867 0.7984
57 0.0682 0.0620 0.8764 0.1316 0.8449 0.2317 0.4768 0.8325 0.7101 0.8016
58 0.0775 0.0684 0.8608 0.1470 0.8286 0.2046 0.4885 0.8111 0.6946 0.7780
59 0.0877 0.0781 0.8526 0.1669 0.8174 0.2543 0.5221 0.7893 0.7777 0.7484
60 0.1236 0.1056 0.8162 0.2303 0.7782 0.1819 0.5047 0.8027 0.6880 0.7660
61 0.1044 0.0973 0.8362 0.2028 0.8020 0.2268 0.4874 0.8025 0.7157 0.7695
62 0.0895 0.0809 0.8556 0.1716 0.8209 0.2018 0.4829 0.8191 0.6861 0.7906
63 0.0698 0.0647 0.8652 0.1357 0.8353 0.2280 0.4837 0.8270 0.7132 0.7963
64 0.0671 0.0607 0.8703 0.1290 0.8376 0.1990 0.4708 0.8365 0.6714 0.8062
65 0.0585 0.0542 0.8779 0.1140 0.8460 0.2091 0.4721 0.8363 0.6828 0.8077
66 0.0626 0.0545 0.8738 0.1184 0.8436 0.1907 0.4848 0.8308 0.6769 0.8018
67 0.0642 0.0574 0.8682 0.1229 0.8365 0.2335 0.4803 0.8245 0.7154 0.7976
68 0.0688 0.0616 0.8684 0.1317 0.8369 0.1970 0.4776 0.8211 0.6760 0.7893
69 0.0977 0.0852 0.8425 0.1842 0.8077 0.3374 0.5024 0.7938 0.8412 0.7632
70 0.1122 0.0969 0.8352 0.2102 0.7971 0.2602 0.4942 0.7767 0.7556 0.7326
71 0.0995 0.0891 0.8503 0.1898 0.8184 0.2497 0.5173 0.8124 0.7684 0.7835
72 0.0816 0.0725 0.8581 0.1554 0.8263 0.2561 0.4906 0.7986 0.7482 0.7703
73 0.0779 0.0697 0.8667 0.1488 0.8332 0.2291 0.4830 0.8196 0.7135 0.7903
74 0.0616 0.0563 0.8780 0.1193 0.8489 0.2191 0.4716 0.8272 0.6922 0.8005
75 0.0561 0.0521 0.8815 0.1096 0.8514 0.2185 0.4734 0.8285 0.6934 0.8035
76 0.0552 0.0502 0.8865 0.1067 0.8562 0.2385 0.4740 0.8239 0.7140 0.7974
77 0.0629 0.0554 0.8771 0.1196 0.8456 0.2925 0.4809 0.8151 0.7748 0.7864
78 0.0661 0.0606 0.8731 0.1279 0.8426 0.2660 0.4852 0.8171 0.7527 0.7894
79 0.0863 0.0757 0.8550 0.1632 0.8218 0.2730 0.5242 0.7893 0.7982 0.7559
80 0.1138 0.1050 0.8277 0.2200 0.7897 0.2081 0.5056 0.8074 0.7152 0.7743
81 0.0940 0.0824 0.8486 0.1777 0.8131 0.1978 0.4889 0.8083 0.6882 0.7768
82 0.0786 0.0691 0.8602 0.1489 0.8293 0.2348 0.5005 0.7928 0.7366 0.7524
83 0.0668 0.0631 0.8701 0.1312 0.8372 0.2242 0.4730 0.8373 0.6988 0.8070
84 0.0561 0.0524 0.8823 0.1098 0.8510 0.2469 0.4740 0.8332 0.7225 0.8066
85 0.0563 0.0504 0.8840 0.1081 0.8532 0.2469 0.4737 0.8342 0.7222 0.8071
86 0.0535 0.0486 0.8821 0.1034 0.8523 0.2583 0.4756 0.8362 0.7355 0.8097
87 0.0572 0.0515 0.8778 0.1101 0.8455 0.2295 0.4770 0.8291 0.7081 0.7968
88 0.0672 0.0605 0.8764 0.1290 0.8425 0.2159 0.4668 0.8300 0.6842 0.8042
89 0.0787 0.0689 0.8646 0.1489 0.8324 0.3026 0.5474 0.7619 0.8510 0.7284
90 0.0989 0.0852 0.8487 0.1853 0.8137 0.2858 0.5261 0.7851 0.8131 0.7522
91 0.0863 0.0778 0.8478 0.1653 0.8167 0.2537 0.4865 0.8123 0.7417 0.7888
92 0.0779 0.0666 0.8624 0.1458 0.8305 0.1955 0.5062 0.8193 0.7031 0.7952
93 0.0617 0.0558 0.8753 0.1188 0.8436 0.2245 0.4869 0.8366 0.7130 0.8066
94 0.0532 0.0497 0.8844 0.1043 0.8548 0.2280 0.4754 0.8381 0.7050 0.8124
95 0.0506 0.0482 0.8876 0.1002 0.8579 0.2314 0.4737 0.8373 0.7067 0.8120
96 0.0525 0.0484 0.8859 0.1023 0.8579 0.2327 0.4760 0.8367 0.7103 0.8087
97 0.0554 0.0507 0.8792 0.1075 0.8478 0.2480 0.4693 0.8366 0.7189 0.8071
98 0.0537 0.0489 0.8826 0.1040 0.8534 0.2397 0.4797 0.8247 0.7211 0.7940
99 0.0859 0.0749 0.8550 0.1621 0.8240 0.2007 0.4994 0.8073 0.7014 0.7737
100 0.0853 0.0727 0.8525 0.1592 0.8199 0.2447 0.5075 0.8057 0.7536 0.7745
101 0.0896 0.0814 0.8474 0.1722 0.8148 0.2570 0.4986 0.8011 0.7571 0.7726
102 0.0686 0.0615 0.8757 0.1314 0.8446 0.2131 0.4871 0.8310 0.7018 0.8047
103 0.0661 0.0588 0.8760 0.1263 0.8464 0.2724 0.4794 0.8202 0.7535 0.7880
104 0.0537 0.0495 0.8869 0.1046 0.8573 0.2373 0.4709 0.8393 0.7098 0.8125
105 0.0526 0.0480 0.8871 0.1020 0.8604 0.2397 0.4701 0.8385 0.7114 0.8118
106 0.0541 0.0504 0.8865 0.1058 0.8588 0.2266 0.4715 0.8406 0.6998 0.8123
107 0.0508 0.0458 0.8895 0.0981 0.8603 0.2273 0.4711 0.8393 0.7000 0.8100
108 0.0583 0.0541 0.8788 0.1138 0.8504 0.2553 0.4848 0.8234 0.7416 0.7922
109 0.0624 0.0536 0.8759 0.1173 0.8467 0.2592 0.4731 0.8336 0.7338 0.8049
110 0.1080 0.0975 0.8312 0.2067 0.7947 0.2735 0.5041 0.8088 0.7790 0.7775
111 0.0960 0.0894 0.8444 0.1866 0.8097 0.2517 0.4952 0.8144 0.7485 0.7828
112 0.0721 0.0628 0.8738 0.1362 0.8433 0.3028 0.4886 0.8162 0.7929 0.7899
113 0.0708 0.0646 0.8724 0.1367 0.8417 0.2438 0.4856 0.8326 0.7310 0.8091
114 0.0572 0.0533 0.8821 0.1120 0.8526 0.2463 0.4719 0.8379 0.7199 0.8124
115 0.0515 0.0465 0.8820 0.0994 0.8543 0.2429 0.4695 0.8380 0.7140 0.8121
116 0.0541 0.0495 0.8824 0.1050 0.8544 0.2456 0.4765 0.8407 0.7238 0.8144
117 0.0509 0.0458 0.8833 0.0982 0.8532 0.2653 0.4748 0.8304 0.7418 0.8050
118 0.0547 0.0492 0.8722 0.1053 0.8426 0.2398 0.4738 0.8441 0.7153 0.8126
119 0.0742 0.0653 0.8646 0.1408 0.8321 0.2219 0.4819 0.8238 0.7052 0.7928
120 0.0755 0.0644 0.8628 0.1411 0.8316 0.2801 0.4986 0.8037 0.7801 0.7686
121 0.0814 0.0685 0.8617 0.1512 0.8288 0.2241 0.4915 0.8166 0.7170 0.7821
122 0.0724 0.0648 0.8724 0.1385 0.8419 0.2212 0.4931 0.8187 0.7159 0.7844
123 0.0570 0.0515 0.8865 0.1099 0.8575 0.2648 0.4786 0.8234 0.7450 0.7940
124 0.0544 0.0488 0.8836 0.1046 0.8537 0.2448 0.4742 0.8376 0.7207 0.8111
125 0.0450 0.0427 0.8877 0.0892 0.8608 0.2522 0.4747 0.8380 0.7286 0.8105
126 0.0429 0.0410 0.8850 0.0854 0.8583 0.2603 0.4705 0.8405 0.7325 0.8124
127 0.0493 0.0457 0.8823 0.0963 0.8523 0.2430 0.4815 0.8384 0.7262 0.8097
128 0.0585 0.0510 0.8788 0.1109 0.8508 0.2059 0.4896 0.8341 0.6970 0.8062
129 0.0635 0.0555 0.8710 0.1204 0.8415 0.2358 0.4820 0.8220 0.7194 0.7895
130 0.0895 0.0759 0.8531 0.1666 0.8188 0.2524 0.4993 0.8084 0.7531 0.7778
131 0.0882 0.0769 0.8499 0.1663 0.8173 0.1950 0.4716 0.8253 0.6682 0.7980
132 0.0624 0.0578 0.8711 0.1216 0.8412 0.2645 0.4767 0.8208 0.7429 0.7892
133 0.0600 0.0554 0.8796 0.1167 0.8484 0.2412 0.4710 0.8355 0.7139 0.8069
134 0.0503 0.0466 0.8877 0.0984 0.8578 0.2416 0.4657 0.8390 0.7091 0.8109
135 0.0480 0.0432 0.8916 0.0927 0.8645 0.2404 0.4670 0.8388 0.7091 0.8125
136 0.0459 0.0444 0.8922 0.0918 0.8654 0.2718 0.4647 0.8380 0.7382 0.8106
137 0.0527 0.0485 0.8862 0.1026 0.8573 0.2758 0.4702 0.8342 0.7476 0.8073
138 0.0538 0.0497 0.8873 0.1049 0.8591 0.2375 0.4899 0.8335 0.7289 0.8058
139 0.0652 0.0602 0.8722 0.1267 0.8423 0.3405 0.4910 0.8168 0.8329 0.7846
140 0.0702 0.0607 0.8632 0.1322 0.8311 0.2936 0.4795 0.8149 0.7746 0.7832
141 0.0652 0.0591 0.8712 0.1257 0.8398 0.2218 0.4827 0.8269 0.7061 0.8020
142 0.0557 0.0536 0.8775 0.1107 0.8471 0.2978 0.4934 0.8139 0.7928 0.7857
143 0.0498 0.0461 0.8902 0.0974 0.8625 0.2636 0.4753 0.8359 0.7406 0.8077
144 0.0453 0.0413 0.8937 0.0882 0.8674 0.3115 0.4819 0.8202 0.7950 0.7925
145 0.0479 0.0416 0.8979 0.0910 0.8726 0.2747 0.4711 0.8302 0.7475 0.8030
146 0.0447 0.0402 0.8946 0.0864 0.8680 0.2641 0.4708 0.8359 0.7365 0.8093
147 0.0477 0.0426 0.8892 0.0918 0.8618 0.2397 0.4695 0.8393 0.7108 0.8106
148 0.0503 0.0455 0.8891 0.0973 0.8614 0.2803 0.4753 0.8339 0.7572 0.8056
149 0.0602 0.0548 0.8782 0.1164 0.8457 0.2163 0.4779 0.8327 0.6957 0.8047
