epoch train_iou train_loss train_mAP val_iou val_loss val_mAP
0 0.6344 1.1340 0.5672 0.7084 0.8911 0.6472
1 0.7252 0.8539 0.6600 0.7353 0.8223 0.6704
2 0.7577 0.7701 0.7001 0.6726 1.1298 0.5822
3 0.7757 0.6922 0.7223 0.7784 0.6625 0.7141
4 0.7888 0.6498 0.7395 0.8004 0.6208 0.7502
5 0.7948 0.6097 0.7455 0.8032 0.6059 0.7536
6 0.7907 0.6255 0.7404 0.7921 0.6146 0.7404
7 0.7951 0.6258 0.7443 0.7997 0.6228 0.7629
8 0.7875 0.6473 0.7402 0.8050 0.6163 0.7606
9 0.7850 0.6618 0.7380 0.7757 0.6938 0.7252
10 0.7960 0.6405 0.7466 0.7751 0.7342 0.7055
11 0.7980 0.6147 0.7493 0.8065 0.5948 0.7702
12 0.8111 0.5688 0.7623 0.8027 0.6066 0.7434
13 0.8216 0.5296 0.7731 0.8288 0.5325 0.7833
14 0.8230 0.5014 0.7732 0.8240 0.5147 0.7775
15 0.8291 0.4814 0.7857 0.8281 0.5038 0.7862
16 0.8367 0.4658 0.7907 0.8309 0.5130 0.7887
17 0.8347 0.4750 0.7906 0.8242 0.5492 0.7819
18 0.8288 0.5057 0.7815 0.8247 0.5203 0.7785
19 0.8188 0.5389 0.7746 0.7848 0.6976 0.7453
20 0.8068 0.5822 0.7590 0.8025 0.6590 0.7626
21 0.8264 0.5228 0.7833 0.8088 0.6226 0.7683
22 0.8294 0.5007 0.7882 0.8149 0.5807 0.7794
23 0.8410 0.4595 0.7967 0.8244 0.6062 0.7887
24 0.8444 0.4283 0.7989 0.8292 0.5231 0.7911
25 0.8453 0.4145 0.8000 0.8337 0.5096 0.7975
26 0.8507 0.4086 0.8071 0.8298 0.5175 0.7919
27 0.8565 0.4104 0.8146 0.8184 0.5859 0.7779
28 0.8432 0.4474 0.7997 0.8045 0.6107 0.7667
29 0.8413 0.4654 0.7987 0.8248 0.5538 0.7925
30 0.8414 0.4847 0.7937 0.7819 0.6886 0.7287
31 0.8386 0.4717 0.7978 0.8308 0.5396 0.7912
32 0.8463 0.4372 0.8006 0.8297 0.4994 0.7909
33 0.8624 0.3866 0.8185 0.8377 0.4900 0.8000
34 0.8654 0.3652 0.8227 0.8353 0.4883 0.8001
35 0.8713 0.3474 0.8278 0.8379 0.4902 0.8041
36 0.8689 0.3501 0.8271 0.8463 0.4885 0.8111
37 0.8652 0.3729 0.8221 0.8464 0.4940 0.8108
38 0.8574 0.3872 0.8152 0.8190 0.6159 0.7820
39 0.8459 0.4395 0.8004 0.8166 0.6004 0.7728
40 0.8448 0.4494 0.8012 0.8016 0.6049 0.7569
41 0.8400 0.4677 0.7951 0.8217 0.5505 0.7808
42 0.8495 0.4191 0.8058 0.8374 0.5542 0.7971
43 0.8630 0.3764 0.8192 0.8269 0.5355 0.7847
44 0.8722 0.3371 0.8320 0.8426 0.5052 0.8073
45 0.8752 0.3256 0.8333 0.8425 0.5047 0.8070
46 0.8745 0.3287 0.8321 0.8429 0.4921 0.8067
47 0.8732 0.3443 0.8331 0.8382 0.5221 0.8007
48 0.8618 0.3755 0.8189 0.8410 0.4994 0.8026
49 0.8636 0.3847 0.8222 0.8248 0.5639 0.7838
50 0.8502 0.4484 0.8077 0.8108 0.6328 0.7689
51 0.8523 0.4318 0.8083 0.7900 0.7984 0.7532
52 0.8562 0.3944 0.8142 0.8370 0.5033 0.7975
53 0.8706 0.3437 0.8295 0.8451 0.5598 0.8133
54 0.8726 0.3281 0.8318 0.8482 0.4939 0.8151
55 0.8781 0.3077 0.8386 0.8452 0.4984 0.8132
56 0.8744 0.3194 0.8323 0.8447 0.4957 0.8119
57 0.8733 0.3311 0.8331 0.8500 0.4956 0.8144
58 0.8693 0.3388 0.8260 0.8384 0.6335 0.8029
59 0.8628 0.3758 0.8197 0.8241 0.5560 0.7792
60 0.8608 0.3806 0.8195 0.8245 0.6027 0.7782
61 0.8662 0.3718 0.8227 0.8040 0.6617 0.7677
62 0.8749 0.3310 0.8330 0.8421 0.5092 0.8088
63 0.8755 0.3208 0.8320 0.8379 0.5432 0.7992
64 0.8828 0.3022 0.8439 0.8418 0.5347 0.8050
65 0.8884 0.2772 0.8485 0.8413 0.5218 0.8061
66 0.8859 0.2796 0.8461 0.8437 0.5374 0.8087
67 0.8884 0.2785 0.8471 0.8351 0.5554 0.8000
68 0.8754 0.3219 0.8327 0.8285 0.5128 0.7940
69 0.8679 0.3599 0.8276 0.8307 0.6075 0.7950
70 0.8565 0.3971 0.8120 0.8056 0.7480 0.7516
71 0.8597 0.3966 0.8188 0.8315 0.5355 0.7923
72 0.8708 0.3428 0.8267 0.8217 0.5876 0.7784
73 0.8771 0.3108 0.8354 0.8291 0.6320 0.7889
74 0.8867 0.2816 0.8467 0.8415 0.5096 0.8048
75 0.8895 0.2689 0.8489 0.8422 0.5089 0.8066
76 0.8899 0.2603 0.8474 0.8446 0.5406 0.8081
77 0.8909 0.2703 0.8517 0.8343 0.5735 0.7959
78 0.8870 0.2822 0.8469 0.8381 0.6195 0.7995
79 0.8761 0.3222 0.8332 0.7957 0.7782 0.7518
80 0.8752 0.3214 0.8323 0.8262 0.6244 0.7851
81 0.8695 0.3439 0.8248 0.8184 0.6633 0.7796
82 0.8698 0.3360 0.8281 0.8284 0.5463 0.7909
83 0.8817 0.2928 0.8380 0.8333 0.5882 0.7980
84 0.8936 0.2547 0.8539 0.8425 0.5341 0.8054
85 0.8904 0.2547 0.8453 0.8462 0.5402 0.8093
86 0.8931 0.2507 0.8516 0.8472 0.5506 0.8105
87 0.8935 0.2515 0.8517 0.8431 0.5947 0.8121
88 0.8847 0.2841 0.8418 0.8296 0.6329 0.7957
89 0.8726 0.3358 0.8307 0.8263 0.5942 0.7931
90 0.8682 0.3604 0.8263 0.8338 0.5921 0.7959
91 0.8713 0.3499 0.8275 0.8116 0.6033 0.7684
92 0.8828 0.2998 0.8410 0.8225 0.5781 0.7861
93 0.8820 0.2896 0.8382 0.8452 0.5469 0.8154
94 0.8942 0.2441 0.8536 0.8441 0.5519 0.8085
95 0.8970 0.2383 0.8590 0.8432 0.5543 0.8071
96 0.8960 0.2479 0.8559 0.8415 0.5907 0.8091
97 0.8914 0.2397 0.8501 0.8479 0.5922 0.8131
98 0.8883 0.2655 0.8449 0.8399 0.5107 0.7978
99 0.8838 0.2846 0.8412 0.8297 0.6828 0.7933
100 0.8779 0.3308 0.8358 0.8287 0.5513 0.7935
101 0.8726 0.3447 0.8299 0.8222 0.6077 0.7800
102 0.8804 0.2988 0.8388 0.8418 0.5783 0.8002
103 0.8952 0.2548 0.8552 0.8425 0.5642 0.8060
104 0.8938 0.2458 0.8550 0.8445 0.5366 0.8078
105 0.8951 0.2381 0.8536 0.8407 0.5100 0.8066
106 0.8975 0.2314 0.8562 0.8536 0.5355 0.8207
107 0.8957 0.2400 0.8539 0.8404 0.5929 0.8046
108 0.8952 0.2410 0.8525 0.8439 0.6695 0.8034
109 0.8836 0.2899 0.8415 0.8503 0.5535 0.8151
110 0.8852 0.2887 0.8421 0.8387 0.6999 0.8037
111 0.8853 0.2832 0.8433 0.8409 0.6624 0.8089
112 0.8911 0.2680 0.8516 0.8397 0.5562 0.8010
113 0.8957 0.2369 0.8533 0.8448 0.5272 0.8108
114 0.9011 0.2236 0.8627 0.8558 0.5475 0.8239
115 0.9036 0.2161 0.8646 0.8518 0.5584 0.8203
116 0.9040 0.2114 0.8631 0.8456 0.5733 0.8094
117 0.9015 0.2228 0.8628 0.8407 0.5979 0.8089
118 0.9021 0.2274 0.8624 0.8455 0.6137 0.8127
119 0.8976 0.2364 0.8589 0.8392 0.6072 0.8046
120 0.8825 0.2856 0.8406 0.8126 0.6036 0.7791
121 0.8854 0.3063 0.8462 0.8094 0.6247 0.7611
122 0.8847 0.2833 0.8459 0.8168 0.7331 0.7839
123 0.8961 0.2497 0.8571 0.8554 0.4982 0.8191
124 0.8999 0.2264 0.8624 0.8514 0.5393 0.8151
125 0.8986 0.2125 0.8585 0.8548 0.5275 0.8189
126 0.9045 0.2132 0.8659 0.8516 0.5305 0.8177
127 0.9034 0.2094 0.8642 0.8471 0.5631 0.8132
128 0.8960 0.2458 0.8557 0.8263 0.5936 0.7950
129 0.8885 0.2681 0.8486 0.8307 0.5310 0.7869
130 0.8833 0.2937 0.8423 0.8095 0.7304 0.7703
131 0.8869 0.2879 0.8481 0.8474 0.5298 0.8133
132 0.8936 0.2616 0.8528 0.8362 0.5220 0.7976
133 0.8965 0.2392 0.8569 0.8411 0.5324 0.8064
134 0.9007 0.2187 0.8623 0.8465 0.5223 0.8095
135 0.9017 0.2090 0.8632 0.8449 0.5296 0.8088
136 0.9021 0.2066 0.8619 0.8488 0.5572 0.8131
137 0.8994 0.2089 0.8608 0.8516 0.5761 0.8153
138 0.8961 0.2292 0.8550 0.8434 0.5352 0.8118
139 0.8889 0.2742 0.8516 0.8323 0.6091 0.7947
140 0.8831 0.2869 0.8413 0.8212 0.6543 0.7821
141 0.8909 0.2657 0.8506 0.8443 0.6107 0.8084
142 0.8964 0.2407 0.8551 0.8437 0.6143 0.8103
143 0.8986 0.2275 0.8602 0.8456 0.6530 0.8129
144 0.9022 0.2118 0.8642 0.8562 0.5895 0.8240
145 0.9052 0.2035 0.8693 0.8539 0.5904 0.8196
146 0.9089 0.1907 0.8712 0.8536 0.6219 0.8178
147 0.9033 0.2009 0.8642 0.8474 0.6235 0.8172
148 0.8999 0.2107 0.8623 0.8281 0.6528 0.7879
149 0.8981 0.2342 0.8576 0.8496 0.5913 0.8137
150 0.8845 0.2899 0.8462 0.8343 0.6192 0.7951
151 0.8864 0.2695 0.8479 0.7875 0.7717 0.7469
152 0.8957 0.2488 0.8570 0.8398 0.7752 0.8062
153 0.8996 0.2331 0.8626 0.8461 0.5770 0.8142
154 0.9058 0.1997 0.8689 0.8492 0.6176 0.8150
155 0.9081 0.1855 0.8701 0.8491 0.6046 0.8171
156 0.9077 0.1987 0.8704 0.8483 0.6433 0.8171
157 0.9059 0.1995 0.8675 0.8439 0.6902 0.8101
158 0.8986 0.2128 0.8596 0.8378 0.7807 0.8018
159 0.8997 0.2313 0.8605 0.8315 0.6047 0.7941
160 0.8895 0.2661 0.8489 0.8131 0.5964 0.7756
161 0.8829 0.2794 0.8433 0.8179 0.7289 0.7856
162 0.8998 0.2323 0.8605 0.8451 0.6317 0.8097
163 0.9033 0.2161 0.8640 0.8548 0.6135 0.8197
164 0.9053 0.1999 0.8655 0.8577 0.6367 0.8242
165 0.9118 0.1784 0.8730 0.8548 0.6213 0.8238
166 0.9072 0.1945 0.8700 0.8565 0.5838 0.8213
167 0.9080 0.1960 0.8691 0.8462 0.5895 0.8118
168 0.9055 0.2012 0.8670 0.8444 0.5956 0.8091
169 0.9046 0.2033 0.8653 0.8403 0.7217 0.8036
170 0.8930 0.2453 0.8533 0.8321 0.7152 0.7998
171 0.8945 0.2577 0.8551 0.8243 0.5537 0.7837
172 0.8977 0.2280 0.8598 0.8454 0.5807 0.8126
173 0.9052 0.2028 0.8662 0.8399 0.5916 0.8061
174 0.9090 0.1877 0.8702 0.8396 0.6106 0.8054
175 0.9076 0.1824 0.8669 0.8450 0.6075 0.8103
176 0.9081 0.1815 0.8700 0.8458 0.6089 0.8117
177 0.9108 0.1845 0.8725 0.8480 0.6320 0.8131
178 0.9091 0.1860 0.8716 0.8401 0.8540 0.8017
179 0.8999 0.2258 0.8623 0.8432 0.6284 0.8060
180 0.8918 0.2715 0.8518 0.8169 0.6606 0.7709
181 0.8873 0.2873 0.8487 0.8125 0.6349 0.7675
182 0.8990 0.2310 0.8622 0.8429 0.5793 0.8117
183 0.9079 0.1995 0.8684 0.8472 0.6151 0.8155
184 0.9085 0.1895 0.8717 0.8507 0.5911 0.8174
185 0.9074 0.1872 0.8696 0.8506 0.5884 0.8172
186 0.9114 0.1766 0.8744 0.8518 0.6843 0.8201
187 0.9113 0.1921 0.8745 0.8519 0.6115 0.8169
188 0.9038 0.1946 0.8655 0.8513 0.5978 0.8109
189 0.9056 0.2086 0.8680 0.8367 0.6454 0.8055
190 0.8865 0.2827 0.8434 0.8032 0.7422 0.7576
191 0.8855 0.2876 0.8429 0.7682 0.7734 0.7088
192 0.9006 0.2215 0.8633 0.8450 0.6292 0.8102
193 0.9029 0.2016 0.8649 0.8390 0.6166 0.8008
194 0.9082 0.1945 0.8733 0.8508 0.5561 0.8178
195 0.9146 0.1783 0.8777 0.8539 0.5524 0.8216
196 0.9100 0.1830 0.8720 0.8562 0.5769 0.8240
197 0.9079 0.1898 0.8705 0.8464 0.6585 0.8120
198 0.9087 0.1938 0.8697 0.8236 0.6378 0.7901
199 0.8991 0.2221 0.8585 0.8469 0.5126 0.8096
