epoch train_iou train_loss train_mAP val_iou val_mAP
0 0.6431 1.9032 0.5686 0.7089 0.6314
1 0.7241 1.4914 0.6577 0.7624 0.6923
2 0.7631 1.2857 0.7039 0.7748 0.7102
3 0.7796 1.1501 0.7254 0.8025 0.7576
4 0.8113 1.0148 0.7631 0.8159 0.7732
5 0.8163 0.9785 0.7689 0.8202 0.7785
6 0.8159 0.9744 0.7680 0.8255 0.7809
7 0.8107 1.0056 0.7627 0.8023 0.7512
8 0.8175 0.9971 0.7699 0.8217 0.7787
9 0.8107 1.0644 0.7633 0.8111 0.7720
10 0.8083 1.0668 0.7640 0.8199 0.7869
11 0.8213 0.9590 0.7776 0.8247 0.7882
12 0.8459 0.8586 0.8075 0.8441 0.8101
13 0.8518 0.7914 0.8123 0.8451 0.8102
14 0.8564 0.7404 0.8171 0.8388 0.8031
15 0.8654 0.7049 0.8248 0.8486 0.8156
16 0.8704 0.6765 0.8333 0.8472 0.8168
17 0.8639 0.7307 0.8275 0.8460 0.8139
18 0.8523 0.7754 0.8136 0.8270 0.7910
19 0.8485 0.8054 0.8096 0.8306 0.7935
20 0.8398 0.8723 0.7999 0.8095 0.7838
21 0.8487 0.7969 0.8125 0.8302 0.7948
22 0.8599 0.7342 0.8228 0.8381 0.8124
23 0.8720 0.6578 0.8360 0.8414 0.8154
24 0.8787 0.6130 0.8416 0.8505 0.8227
25 0.8840 0.5775 0.8475 0.8520 0.8226
26 0.8877 0.5684 0.8520 0.8450 0.8151
27 0.8789 0.6133 0.8436 0.8501 0.8220
28 0.8718 0.6477 0.8360 0.8482 0.8181
29 0.8679 0.6989 0.8305 0.8418 0.8072
30 0.8539 0.8068 0.8129 0.8149 0.7822
31 0.8562 0.7981 0.8177 0.8346 0.7999
32 0.8693 0.6825 0.8335 0.8530 0.8255
33 0.8748 0.6398 0.8393 0.8562 0.8272
34 0.8899 0.5607 0.8530 0.8584 0.8343
35 0.8926 0.5401 0.8600 0.8577 0.8327
36 0.8927 0.5506 0.8582 0.8583 0.8329
37 0.8876 0.5552 0.8532 0.8559 0.8269
38 0.8783 0.6237 0.8444 0.8374 0.8052
39 0.8693 0.6833 0.8354 0.8483 0.8156
40 0.8656 0.6918 0.8274 0.8262 0.7968
41 0.8705 0.6737 0.8379 0.8478 0.8168
42 0.8818 0.6246 0.8478 0.8568 0.8248
43 0.8899 0.5354 0.8562 0.8615 0.8304
44 0.8966 0.5013 0.8629 0.8585 0.8298
45 0.8993 0.4848 0.8696 0.8632 0.8332
46 0.8945 0.5119 0.8603 0.8611 0.8310
47 0.9023 0.4902 0.8698 0.8584 0.8319
48 0.8930 0.5232 0.8597 0.8495 0.8227
49 0.8852 0.5939 0.8490 0.8526 0.8219
50 0.8747 0.6819 0.8387 0.8286 0.7960
51 0.8656 0.7452 0.8318 0.8347 0.8063
52 0.8778 0.6295 0.8431 0.8451 0.8153
53 0.8918 0.5322 0.8597 0.8621 0.8317
54 0.9008 0.4823 0.8702 0.8506 0.8243
55 0.9047 0.4616 0.8750 0.8537 0.8280
56 0.9031 0.4699 0.8730 0.8577 0.8298
57 0.8973 0.5025 0.8645 0.8534 0.8281
58 0.9054 0.4892 0.8733 0.8610 0.8305
59 0.8881 0.5810 0.8556 0.8523 0.8212
60 0.8748 0.6769 0.8415 0.8231 0.7903
61 0.8789 0.6447 0.8424 0.8464 0.8161
62 0.8900 0.5495 0.8565 0.8483 0.8180
63 0.8957 0.5200 0.8639 0.8556 0.8285
64 0.9030 0.4722 0.8735 0.8649 0.8362
65 0.9138 0.4234 0.8833 0.8631 0.8353
66 0.9029 0.4624 0.8710 0.8607 0.8327
67 0.9050 0.4492 0.8738 0.8481 0.8244
68 0.8991 0.4926 0.8657 0.8290 0.7974
69 0.8848 0.5796 0.8527 0.8477 0.8181
70 0.8849 0.6075 0.8538 0.8430 0.8107
71 0.8884 0.5740 0.8545 0.8511 0.8220
72 0.8932 0.5232 0.8600 0.8603 0.8334
73 0.9030 0.4868 0.8730 0.8567 0.8317
74 0.9086 0.4556 0.8787 0.8601 0.8335
75 0.9104 0.4171 0.8825 0.8583 0.8334
76 0.9120 0.4148 0.8833 0.8588 0.8334
77 0.9088 0.4337 0.8787 0.8618 0.8344
78 0.9043 0.4407 0.8729 0.8545 0.8246
79 0.8975 0.4941 0.8679 0.8517 0.8226
80 0.8956 0.5462 0.8617 0.8503 0.8230
81 0.8947 0.5289 0.8619 0.8536 0.8237
82 0.9053 0.4618 0.8744 0.8552 0.8305
83 0.9098 0.4394 0.8802 0.8574 0.8322
84 0.9082 0.4354 0.8791 0.8594 0.8305
85 0.9158 0.4008 0.8867 0.8619 0.8356
86 0.9143 0.3999 0.8873 0.8599 0.8327
87 0.9052 0.4302 0.8766 0.8555 0.8270
88 0.9076 0.4406 0.8801 0.8514 0.8272
89 0.9014 0.5006 0.8702 0.8504 0.8221
90 0.8895 0.5554 0.8574 0.8189 0.7939
91 0.8907 0.5693 0.8575 0.8603 0.8323
92 0.9009 0.4942 0.8687 0.8487 0.8237
93 0.9104 0.4387 0.8804 0.8482 0.8245
94 0.9113 0.4208 0.8829 0.8662 0.8392
95 0.9101 0.4216 0.8807 0.8647 0.8397
96 0.9158 0.3906 0.8894 0.8634 0.8370
97 0.9101 0.4230 0.8811 0.8527 0.8293
98 0.9140 0.4301 0.8859 0.8084 0.7894
99 0.8984 0.4998 0.8690 0.8519 0.8285
100 0.9075 0.4539 0.8794 0.8619 0.8379
101 0.9125 0.4096 0.8854 0.8574 0.8346
102 0.9140 0.4130 0.8866 0.8588 0.8341
103 0.9153 0.3902 0.8871 0.8597 0.8343
104 0.9239 0.3539 0.8998 0.8609 0.8355
105 0.9193 0.3720 0.8927 0.8603 0.8339
106 0.9189 0.3720 0.8920 0.8622 0.8383
107 0.9238 0.3600 0.8988 0.8566 0.8316
108 0.9117 0.3931 0.8839 0.8577 0.8314
109 0.9196 0.3715 0.8924 0.8625 0.8380
110 0.9173 0.3950 0.8891 0.8535 0.8255
111 0.9152 0.3999 0.8896 0.8505 0.8195
112 0.9161 0.3759 0.8895 0.8612 0.8352
113 0.9176 0.3846 0.8898 0.8632 0.8356
114 0.9216 0.3557 0.8938 0.8638 0.8376
115 0.9169 0.3631 0.8913 0.8612 0.8338
116 0.9241 0.3451 0.8987 0.8595 0.8325
117 0.9229 0.3496 0.8960 0.8619 0.8359
118 0.9211 0.3641 0.8949 0.8586 0.8309
119 0.9200 0.3802 0.8927 0.8576 0.8293
120 0.9169 0.3932 0.8880 0.8649 0.8382
121 0.9148 0.4026 0.8878 0.8574 0.8244
122 0.9165 0.3775 0.8894 0.8577 0.8304
123 0.9223 0.3509 0.8964 0.8613 0.8340
124 0.9248 0.3466 0.8997 0.8604 0.8362
125 0.9229 0.3491 0.8984 0.8632 0.8370
126 0.9240 0.3453 0.8984 0.8631 0.8357
127 0.9235 0.3391 0.8988 0.8614 0.8309
128 0.9202 0.3534 0.8945 0.8617 0.8331
129 0.9199 0.3639 0.8951 0.8643 0.8350
130 0.9200 0.3753 0.8951 0.8606 0.8329
131 0.9200 0.3809 0.8953 0.8556 0.8296
132 0.9192 0.3734 0.8931 0.8598 0.8341
133 0.9208 0.3695 0.8957 0.8602 0.8345
134 0.9242 0.3447 0.8988 0.8589 0.8321
135 0.9234 0.3453 0.8976 0.8578 0.8313
136 0.9270 0.3268 0.9045 0.8636 0.8355
137 0.9270 0.3316 0.9026 0.8650 0.8395
138 0.9253 0.3351 0.9017 0.8634 0.8320
139 0.9221 0.3409 0.8964 0.8586 0.8326
140 0.9160 0.3698 0.8917 0.8549 0.8274
141 0.9222 0.3589 0.8982 0.8566 0.8334
142 0.9242 0.3451 0.8979 0.8661 0.8392
143 0.9242 0.3417 0.9006 0.8651 0.8406
144 0.9284 0.3165 0.9046 0.8617 0.8377
145 0.9277 0.3248 0.9029 0.8629 0.8403
146 0.9243 0.3352 0.9004 0.8684 0.8421
147 0.9255 0.3275 0.9006 0.8642 0.8385
148 0.9255 0.3390 0.9002 0.8669 0.8403
149 0.9197 0.3605 0.8939 0.8561 0.8290
150 0.9244 0.3568 0.9013 0.8571 0.8311
151 0.9197 0.3550 0.8923 0.8592 0.8328
152 0.9234 0.3457 0.8997 0.8492 0.8233
153 0.9235 0.3581 0.9004 0.8602 0.8333
154 0.9236 0.3401 0.8982 0.8585 0.8329
155 0.9300 0.3185 0.9055 0.8611 0.8339
156 0.9286 0.3128 0.9051 0.8664 0.8363
157 0.9296 0.3229 0.9048 0.8624 0.8356
158 0.9227 0.3444 0.8975 0.8621 0.8361
159 0.9191 0.3702 0.8934 0.8575 0.8305
160 0.9237 0.3392 0.8986 0.8613 0.8358
161 0.9312 0.3207 0.9074 0.8602 0.8350
162 0.9301 0.3244 0.9078 0.8603 0.8346
163 0.9329 0.3132 0.9120 0.8614 0.8351
164 0.9282 0.3155 0.9053 0.8613 0.8341
165 0.9298 0.3084 0.9064 0.8627 0.8367
166 0.9307 0.3047 0.9080 0.8621 0.8364
167 0.9276 0.3100 0.9052 0.8625 0.8353
168 0.9294 0.3102 0.9070 0.8596 0.8331
169 0.9345 0.3081 0.9116 0.8620 0.8363
170 0.9305 0.3100 0.9078 0.8640 0.8373
171 0.9318 0.2990 0.9087 0.8647 0.8399
172 0.9350 0.2899 0.9129 0.8654 0.8400
173 0.9307 0.3012 0.9078 0.8641 0.8391
174 0.9322 0.2974 0.9107 0.8648 0.8398
175 0.9316 0.2977 0.9092 0.8662 0.8411
176 0.9301 0.3108 0.9071 0.8658 0.8400
177 0.9334 0.2955 0.9127 0.8639 0.8382
178 0.9341 0.2954 0.9116 0.8620 0.8357
179 0.9325 0.2976 0.9091 0.8650 0.8397
180 0.9298 0.3100 0.9084 0.8639 0.8391
181 0.9305 0.3028 0.9093 0.8638 0.8376
182 0.9325 0.2980 0.9119 0.8636 0.8385
183 0.9321 0.3009 0.9102 0.8646 0.8392
184 0.9333 0.2922 0.9107 0.8642 0.8380
185 0.9318 0.2979 0.9097 0.8656 0.8401
186 0.9315 0.2942 0.9105 0.8656 0.8394
187 0.9330 0.3000 0.9115 0.8642 0.8381
188 0.9332 0.2888 0.9109 0.8648 0.8380
189 0.9330 0.2900 0.9125 0.8637 0.8362
190 0.9333 0.2938 0.9103 0.8627 0.8368
191 0.9349 0.2900 0.9144 0.8650 0.8371
192 0.9327 0.2891 0.9098 0.8646 0.8382
193 0.9320 0.2875 0.9108 0.8631 0.8361
194 0.9357 0.2857 0.9150 0.8647 0.8380
195 0.9369 0.2757 0.9161 0.8662 0.8399
196 0.9331 0.2897 0.9101 0.8640 0.8377
197 0.9378 0.2819 0.9172 0.8655 0.8398
198 0.9348 0.2908 0.9132 0.8657 0.8388
199 0.9326 0.2915 0.9112 0.8652 0.8387
