epoch train_iou train_loss train_mAP val_iou val_mAP
0 0.6482 1.1458 0.5794 0.7363 0.6784
1 0.7583 0.7755 0.6985 0.7769 0.7235
2 0.7926 0.6529 0.7445 0.7978 0.7541
3 0.8153 0.5921 0.7713 0.8226 0.7754
4 0.8317 0.5187 0.7908 0.8152 0.7743
5 0.8446 0.4921 0.8046 0.8166 0.7771
6 0.8425 0.4861 0.8009 0.8242 0.7841
7 0.8317 0.5170 0.7906 0.8195 0.7775
8 0.8345 0.5207 0.7907 0.8283 0.7883
9 0.8321 0.5338 0.7924 0.8130 0.7729
10 0.8268 0.5536 0.7889 0.8117 0.7775
11 0.8336 0.5199 0.7966 0.8272 0.7945
12 0.8550 0.4625 0.8204 0.8389 0.8025
13 0.8651 0.4146 0.8298 0.8489 0.8161
14 0.8771 0.3698 0.8438 0.8538 0.8183
15 0.8814 0.3456 0.8485 0.8556 0.8221
16 0.8846 0.3483 0.8526 0.8502 0.8141
17 0.8774 0.3726 0.8427 0.8423 0.8066
18 0.8708 0.4091 0.8360 0.8558 0.8174
19 0.8588 0.4369 0.8213 0.8389 0.8060
20 0.8546 0.4578 0.8205 0.8490 0.8112
21 0.8683 0.4192 0.8334 0.8373 0.7995
22 0.8783 0.3800 0.8476 0.8502 0.8193
23 0.8864 0.3395 0.8559 0.8549 0.8190
24 0.8981 0.2971 0.8668 0.8589 0.8275
25 0.8949 0.2877 0.8635 0.8620 0.8294
26 0.9012 0.2848 0.8707 0.8588 0.8282
27 0.8962 0.2963 0.8648 0.8599 0.8274
28 0.8892 0.3178 0.8583 0.8526 0.8226
29 0.8739 0.3737 0.8404 0.8479 0.8134
30 0.8614 0.4363 0.8273 0.8375 0.7991
31 0.8755 0.3799 0.8427 0.8482 0.8125
32 0.8893 0.3264 0.8576 0.8498 0.8150
33 0.8980 0.2911 0.8688 0.8603 0.8279
34 0.9054 0.2654 0.8762 0.8619 0.8320
35 0.9114 0.2509 0.8831 0.8613 0.8315
36 0.9090 0.2484 0.8813 0.8601 0.8305
37 0.9076 0.2574 0.8808 0.8613 0.8309
38 0.8978 0.2923 0.8671 0.8573 0.8230
39 0.8988 0.3046 0.8678 0.8552 0.8189
40 0.8787 0.3872 0.8483 0.8339 0.8007
41 0.8791 0.3769 0.8461 0.8379 0.8129
42 0.8991 0.3041 0.8692 0.8557 0.8260
43 0.9059 0.2731 0.8788 0.8646 0.8384
44 0.9127 0.2440 0.8849 0.8698 0.8411
45 0.9139 0.2328 0.8869 0.8703 0.8429
46 0.9135 0.2336 0.8878 0.8703 0.8401
47 0.9126 0.2426 0.8831 0.8601 0.8306
48 0.9099 0.2498 0.8802 0.8678 0.8392
49 0.9002 0.3035 0.8731 0.8496 0.8179
50 0.8841 0.3451 0.8525 0.8258 0.7962
51 0.8978 0.3034 0.8686 0.8476 0.8207
52 0.9054 0.2684 0.8776 0.8637 0.8319
53 0.9087 0.2497 0.8813 0.8598 0.8314
54 0.9140 0.2308 0.8858 0.8635 0.8317
55 0.9215 0.2166 0.8958 0.8648 0.8336
56 0.9207 0.2143 0.8941 0.8651 0.8339
57 0.9190 0.2093 0.8907 0.8640 0.8318
58 0.9099 0.2381 0.8823 0.8425 0.8125
59 0.8989 0.2816 0.8687 0.8571 0.8275
60 0.8896 0.3366 0.8605 0.8423 0.8115
61 0.8947 0.3108 0.8657 0.8460 0.8198
62 0.9079 0.2704 0.8798 0.8549 0.8295
63 0.9127 0.2449 0.8858 0.8638 0.8342
64 0.9179 0.2163 0.8918 0.8616 0.8344
65 0.9246 0.1991 0.9009 0.8677 0.8404
66 0.9226 0.2019 0.8979 0.8658 0.8366
67 0.9207 0.2076 0.8948 0.8675 0.8394
68 0.9136 0.2381 0.8897 0.8615 0.8326
69 0.9031 0.2903 0.8742 0.8435 0.8144
70 0.9052 0.2806 0.8755 0.8585 0.8295
71 0.9085 0.2565 0.8809 0.8596 0.8290
72 0.9155 0.2359 0.8867 0.8613 0.8324
73 0.9176 0.2237 0.8925 0.8697 0.8389
74 0.9217 0.2124 0.8986 0.8726 0.8416
75 0.9249 0.1915 0.9020 0.8735 0.8435
76 0.9260 0.1939 0.9044 0.8728 0.8438
77 0.9322 0.1888 0.9108 0.8703 0.8425
78 0.9206 0.2170 0.8954 0.8643 0.8319
79 0.9121 0.2454 0.8867 0.8633 0.8330
80 0.8998 0.2924 0.8716 0.8561 0.8259
81 0.9096 0.2540 0.8819 0.8604 0.8279
82 0.9128 0.2298 0.8865 0.8699 0.8400
83 0.9254 0.2004 0.9023 0.8704 0.8414
84 0.9256 0.1943 0.9032 0.8670 0.8376
85 0.9268 0.1862 0.9041 0.8726 0.8440
86 0.9293 0.1806 0.9069 0.8707 0.8421
87 0.9256 0.1892 0.9006 0.8658 0.8394
88 0.9251 0.1985 0.9005 0.8586 0.8299
89 0.9091 0.2395 0.8802 0.8575 0.8301
90 0.9045 0.2636 0.8754 0.8592 0.8280
91 0.9104 0.2587 0.8842 0.8491 0.8246
92 0.9136 0.2353 0.8873 0.8618 0.8330
93 0.9224 0.2036 0.8985 0.8668 0.8371
94 0.9309 0.1802 0.9085 0.8689 0.8396
95 0.9325 0.1731 0.9107 0.8690 0.8414
96 0.9305 0.1768 0.9101 0.8711 0.8434
97 0.9257 0.1869 0.9017 0.8722 0.8405
98 0.9286 0.1863 0.9038 0.8560 0.8244
99 0.9203 0.2119 0.8942 0.8530 0.8207
100 0.9255 0.1956 0.9033 0.8611 0.8325
101 0.9304 0.1790 0.9082 0.8661 0.8370
102 0.9312 0.1724 0.9102 0.8702 0.8453
103 0.9327 0.1668 0.9123 0.8675 0.8411
104 0.9354 0.1698 0.9138 0.8725 0.8468
105 0.9397 0.1562 0.9217 0.8722 0.8468
106 0.9382 0.1539 0.9189 0.8716 0.8460
107 0.9372 0.1572 0.9172 0.8709 0.8446
108 0.9383 0.1585 0.9193 0.8712 0.8446
109 0.9384 0.1615 0.9193 0.8681 0.8393
110 0.9338 0.1870 0.9127 0.8687 0.8370
111 0.9334 0.1764 0.9112 0.8662 0.8340
112 0.9339 0.1721 0.9134 0.8660 0.8374
113 0.9340 0.1679 0.9134 0.8615 0.8334
114 0.9352 0.1608 0.9138 0.8655 0.8386
115 0.9382 0.1544 0.9187 0.8685 0.8416
116 0.9356 0.1607 0.9148 0.8661 0.8401
117 0.9397 0.1499 0.9195 0.8691 0.8420
118 0.9392 0.1577 0.9184 0.8669 0.8381
119 0.9344 0.1646 0.9147 0.8673 0.8384
120 0.9334 0.1692 0.9134 0.8582 0.8266
121 0.9320 0.1694 0.9098 0.8623 0.8338
122 0.9378 0.1596 0.9182 0.8670 0.8386
123 0.9370 0.1578 0.9167 0.8694 0.8415
124 0.9409 0.1482 0.9226 0.8698 0.8403
125 0.9395 0.1450 0.9216 0.8718 0.8441
126 0.9411 0.1422 0.9241 0.8707 0.8426
127 0.9414 0.1475 0.9222 0.8700 0.8445
128 0.9391 0.1571 0.9197 0.8642 0.8374
129 0.9401 0.1561 0.9203 0.8694 0.8409
130 0.9323 0.1784 0.9132 0.8510 0.8229
131 0.9254 0.1900 0.9022 0.8620 0.8363
132 0.9405 0.1494 0.9205 0.8644 0.8365
133 0.9392 0.1537 0.9209 0.8663 0.8368
134 0.9418 0.1447 0.9241 0.8684 0.8416
135 0.9430 0.1431 0.9270 0.8698 0.8429
136 0.9430 0.1405 0.9249 0.8695 0.8431
137 0.9447 0.1386 0.9287 0.8662 0.8405
138 0.9463 0.1386 0.9298 0.8710 0.8425
139 0.9374 0.1646 0.9196 0.8659 0.8395
140 0.9424 0.1457 0.9232 0.8655 0.8344
141 0.9415 0.1495 0.9221 0.8700 0.8434
142 0.9376 0.1512 0.9197 0.8671 0.8387
143 0.9431 0.1440 0.9235 0.8656 0.8391
144 0.9415 0.1416 0.9237 0.8681 0.8406
145 0.9403 0.1405 0.9227 0.8702 0.8409
146 0.9446 0.1349 0.9277 0.8645 0.8392
147 0.9428 0.1412 0.9235 0.8682 0.8416
148 0.9439 0.1407 0.9249 0.8698 0.8407
149 0.9405 0.1433 0.9232 0.8693 0.8420
150 0.9422 0.1416 0.9249 0.8684 0.8380
151 0.9422 0.1428 0.9246 0.8674 0.8376
152 0.9414 0.1461 0.9242 0.8701 0.8429
153 0.9428 0.1374 0.9261 0.8687 0.8412
154 0.9461 0.1367 0.9300 0.8689 0.8421
155 0.9440 0.1351 0.9272 0.8705 0.8427
156 0.9424 0.1379 0.9254 0.8698 0.8440
157 0.9453 0.1345 0.9285 0.8694 0.8427
158 0.9444 0.1379 0.9279 0.8639 0.8385
159 0.9429 0.1466 0.9242 0.8589 0.8322
160 0.9426 0.1374 0.9264 0.8671 0.8390
161 0.9481 0.1299 0.9321 0.8682 0.8421
162 0.9483 0.1256 0.9325 0.8701 0.8429
163 0.9465 0.1284 0.9320 0.8687 0.8414
164 0.9472 0.1280 0.9325 0.8691 0.8435
165 0.9459 0.1253 0.9311 0.8701 0.8436
166 0.9481 0.1250 0.9330 0.8682 0.8411
167 0.9504 0.1233 0.9348 0.8678 0.8409
168 0.9461 0.1300 0.9299 0.8700 0.8440
169 0.9482 0.1271 0.9330 0.8700 0.8443
170 0.9451 0.1305 0.9287 0.8681 0.8415
171 0.9478 0.1255 0.9302 0.8700 0.8444
172 0.9487 0.1263 0.9338 0.8688 0.8426
173 0.9429 0.1304 0.9260 0.8699 0.8440
174 0.9494 0.1226 0.9352 0.8704 0.8439
175 0.9464 0.1263 0.9312 0.8710 0.8446
176 0.9470 0.1251 0.9309 0.8683 0.8401
177 0.9498 0.1213 0.9361 0.8705 0.8450
178 0.9478 0.1235 0.9329 0.8694 0.8438
179 0.9499 0.1203 0.9372 0.8670 0.8413
180 0.9500 0.1192 0.9365 0.8702 0.8424
181 0.9500 0.1198 0.9341 0.8738 0.8480
182 0.9484 0.1198 0.9329 0.8720 0.8460
183 0.9511 0.1180 0.9373 0.8728 0.8461
184 0.9509 0.1182 0.9371 0.8701 0.8438
185 0.9479 0.1225 0.9327 0.8719 0.8454
186 0.9523 0.1150 0.9386 0.8721 0.8451
187 0.9492 0.1196 0.9345 0.8719 0.8451
188 0.9519 0.1203 0.9372 0.8734 0.8473
189 0.9511 0.1187 0.9372 0.8746 0.8480
190 0.9524 0.1138 0.9391 0.8729 0.8472
191 0.9519 0.1174 0.9393 0.8707 0.8436
192 0.9503 0.1185 0.9363 0.8717 0.8443
193 0.9522 0.1147 0.9379 0.8701 0.8441
194 0.9482 0.1214 0.9356 0.8718 0.8459
195 0.9516 0.1156 0.9366 0.8718 0.8456
196 0.9512 0.1141 0.9361 0.8715 0.8455
197 0.9519 0.1164 0.9369 0.8705 0.8444
198 0.9530 0.1127 0.9402 0.8710 0.8433
199 0.9520 0.1141 0.9390 0.8690 0.8440
