epoch train_BCELoss train_SoftDiceLoss train_iou train_loss train_mAP val_BCELoss val_SoftDiceLoss val_iou val_loss val_mAP
0 0.3356 0.4350 0.6362 1.1370 0.5769 0.3082 0.6455 0.6853 0.9827 0.6246
1 0.2641 0.3570 0.7133 0.8721 0.6600 0.2738 0.6451 0.7145 0.8778 0.6727
2 0.2300 0.3175 0.7484 0.7643 0.7017 0.2758 0.6056 0.7513 0.8380 0.7024
3 0.2141 0.2943 0.7706 0.6983 0.7276 0.2252 0.6150 0.7256 0.7387 0.6898
4 0.1867 0.2669 0.7893 0.6234 0.7476 0.1855 0.5795 0.7782 0.6383 0.7427
5 0.1830 0.2590 0.8061 0.5860 0.7629 0.1878 0.5798 0.7807 0.6282 0.7489
6 0.1698 0.2414 0.8037 0.5788 0.7617 0.1746 0.5679 0.7918 0.5969 0.7531
7 0.1807 0.2546 0.8021 0.6029 0.7601 0.1972 0.5754 0.7391 0.7479 0.7012
8 0.1921 0.2626 0.7829 0.6508 0.7379 0.4564 0.6691 0.5678 1.5252 0.5208
9 0.1994 0.2704 0.7852 0.6669 0.7450 0.2058 0.5973 0.7783 0.6621 0.7385
10 0.1992 0.2728 0.7908 0.6587 0.7495 0.2225 0.5919 0.7642 0.7143 0.7216
11 0.1886 0.2616 0.7933 0.6250 0.7552 0.1758 0.5538 0.7916 0.6246 0.7487
12 0.1575 0.2220 0.8200 0.5402 0.7825 0.1704 0.5611 0.7914 0.6178 0.7577
13 0.1542 0.2192 0.8332 0.5069 0.7964 0.1613 0.5549 0.8085 0.5735 0.7803
14 0.1398 0.2004 0.8335 0.4883 0.7983 0.1522 0.5401 0.8241 0.5326 0.7905
15 0.1281 0.1870 0.8524 0.4403 0.8157 0.1546 0.5431 0.8180 0.5482 0.7882
16 0.1222 0.1728 0.8525 0.4317 0.8155 0.1455 0.5412 0.8164 0.5480 0.7867
17 0.1288 0.1829 0.8453 0.4507 0.8099 0.1625 0.5392 0.8189 0.5762 0.7885
18 0.1485 0.2115 0.8248 0.5134 0.7850 0.1656 0.5481 0.8067 0.5809 0.7779
19 0.1552 0.2200 0.8247 0.5272 0.7859 0.1948 0.5428 0.7941 0.7453 0.7663
20 0.1579 0.2205 0.8205 0.5455 0.7811 0.1653 0.5470 0.7949 0.6545 0.7627
21 0.1568 0.2216 0.8211 0.5384 0.7818 0.1834 0.5484 0.8100 0.6526 0.7719
22 0.1441 0.2055 0.8352 0.4899 0.7992 0.1662 0.5542 0.7922 0.6075 0.7638
23 0.1298 0.1858 0.8454 0.4533 0.8105 0.1569 0.5396 0.8125 0.5602 0.7829
24 0.1114 0.1625 0.8605 0.3989 0.8270 0.1529 0.5300 0.8198 0.5517 0.7922
25 0.1063 0.1571 0.8675 0.3741 0.8350 0.1574 0.5305 0.8199 0.5675 0.7941
26 0.1060 0.1540 0.8651 0.3850 0.8325 0.1640 0.5339 0.8221 0.5755 0.7951
27 0.1173 0.1666 0.8579 0.4117 0.8228 0.1615 0.5373 0.8138 0.5898 0.7825
28 0.1277 0.1813 0.8472 0.4517 0.8115 0.1558 0.5402 0.8178 0.5438 0.7876
29 0.1309 0.1817 0.8423 0.4631 0.8044 0.1785 0.5453 0.7979 0.6748 0.7709
30 0.1524 0.2104 0.8285 0.5287 0.7904 0.2137 0.5741 0.7744 0.7311 0.7422
31 0.1383 0.1907 0.8424 0.4765 0.8052 0.1658 0.5435 0.8175 0.5611 0.7886
32 0.1238 0.1783 0.8466 0.4404 0.8121 0.1516 0.5203 0.8296 0.5459 0.7960
33 0.1146 0.1623 0.8590 0.4121 0.8251 0.1637 0.5392 0.8306 0.5548 0.8013
34 0.1002 0.1435 0.8767 0.3606 0.8439 0.1542 0.5240 0.8303 0.5534 0.8022
35 0.0966 0.1427 0.8753 0.3525 0.8432 0.1492 0.5206 0.8309 0.5485 0.8047
36 0.0911 0.1321 0.8784 0.3371 0.8452 0.1573 0.5131 0.8292 0.5775 0.8007
37 0.0917 0.1323 0.8769 0.3476 0.8408 0.1469 0.5162 0.8313 0.5761 0.8020
38 0.0994 0.1387 0.8702 0.3722 0.8365 0.1782 0.5362 0.8131 0.6466 0.7790
39 0.1136 0.1605 0.8589 0.4171 0.8201 0.1934 0.5332 0.8014 0.7188 0.7687
40 0.1347 0.1900 0.8470 0.4584 0.8111 0.1571 0.5378 0.7997 0.5880 0.7635
41 0.1141 0.1648 0.8607 0.4076 0.8264 0.1695 0.5465 0.8141 0.5805 0.7790
42 0.0968 0.1372 0.8721 0.3675 0.8370 0.1458 0.5216 0.8256 0.5594 0.7966
43 0.0920 0.1337 0.8776 0.3429 0.8453 0.1580 0.5216 0.8334 0.5761 0.8065
44 0.0785 0.1161 0.8851 0.3103 0.8548 0.1574 0.5100 0.8362 0.5652 0.8085
45 0.0717 0.1030 0.8908 0.2941 0.8588 0.1536 0.5058 0.8409 0.5613 0.8124
46 0.0753 0.1085 0.8892 0.3044 0.8579 0.1530 0.5094 0.8392 0.5569 0.8129
47 0.0794 0.1144 0.8876 0.3133 0.8538 0.1380 0.5141 0.8351 0.5234 0.8038
48 0.0909 0.1312 0.8735 0.3527 0.8398 0.1971 0.5224 0.8366 0.6502 0.8048
49 0.0959 0.1394 0.8657 0.3699 0.8297 0.2001 0.5126 0.8279 0.6977 0.7938
50 0.1219 0.1710 0.8490 0.4428 0.8107 0.3162 0.5155 0.8150 0.9967 0.7770
51 0.1095 0.1555 0.8601 0.4021 0.8261 0.1936 0.5529 0.7942 0.6688 0.7566
52 0.1160 0.1666 0.8663 0.3995 0.8307 0.1612 0.5198 0.8349 0.5799 0.8066
53 0.0921 0.1333 0.8744 0.3502 0.8410 0.1401 0.5088 0.8352 0.5524 0.8087
54 0.0736 0.1089 0.8899 0.3020 0.8581 0.1760 0.5105 0.8390 0.6375 0.8114
55 0.0700 0.1034 0.8970 0.2775 0.8666 0.1671 0.5084 0.8437 0.6014 0.8163
56 0.0642 0.0941 0.8925 0.2775 0.8646 0.1714 0.5039 0.8347 0.6091 0.8087
57 0.0719 0.1045 0.8839 0.3025 0.8537 0.1711 0.5093 0.8365 0.6093 0.8029
58 0.0758 0.1117 0.8866 0.3087 0.8518 0.2084 0.5256 0.8187 0.6995 0.7906
59 0.0869 0.1235 0.8758 0.3446 0.8420 0.1808 0.5159 0.8110 0.6911 0.7794
60 0.1181 0.1612 0.8660 0.4078 0.8341 0.1601 0.5198 0.8131 0.6311 0.7798
61 0.1005 0.1473 0.8681 0.3807 0.8348 0.1809 0.5245 0.8261 0.6329 0.7935
62 0.0852 0.1250 0.8740 0.3446 0.8416 0.1759 0.5199 0.8289 0.6471 0.7999
63 0.0773 0.1136 0.8869 0.3088 0.8562 0.2017 0.5198 0.8338 0.6947 0.8076
64 0.0650 0.0954 0.8942 0.2766 0.8630 0.1662 0.5079 0.8451 0.5808 0.8195
65 0.0647 0.0960 0.8983 0.2666 0.8674 0.1658 0.5030 0.8490 0.5819 0.8239
66 0.0612 0.0915 0.9008 0.2627 0.8699 0.1669 0.4972 0.8402 0.6069 0.8124
67 0.0672 0.0977 0.8973 0.2760 0.8677 0.2190 0.4997 0.8385 0.7340 0.8097
68 0.0686 0.0986 0.8881 0.2960 0.8540 0.2197 0.5118 0.8402 0.7445 0.8063
69 0.0905 0.1260 0.8759 0.3508 0.8403 0.1805 0.5348 0.7980 0.6728 0.7637
70 0.1077 0.1524 0.8632 0.3989 0.8285 0.1996 0.5076 0.8326 0.6869 0.8029
71 0.0934 0.1328 0.8777 0.3524 0.8447 0.1750 0.5129 0.8218 0.6509 0.7889
72 0.0848 0.1206 0.8833 0.3290 0.8510 0.1635 0.5151 0.8138 0.6455 0.7823
73 0.0739 0.1053 0.8941 0.2907 0.8628 0.1403 0.4926 0.8472 0.5414 0.8202
74 0.0608 0.0902 0.9015 0.2586 0.8733 0.1478 0.4994 0.8483 0.5631 0.8220
75 0.0607 0.0848 0.9022 0.2621 0.8730 0.1505 0.5004 0.8476 0.5700 0.8207
76 0.0608 0.0865 0.8999 0.2602 0.8693 0.1529 0.4978 0.8495 0.5724 0.8240
77 0.0613 0.0915 0.8964 0.2712 0.8646 0.1668 0.5071 0.8436 0.5895 0.8156
78 0.0595 0.0871 0.8971 0.2656 0.8657 0.1834 0.5070 0.8419 0.6300 0.8157
79 0.0842 0.1190 0.8858 0.3239 0.8533 0.1470 0.4995 0.8294 0.5709 0.7960
80 0.0858 0.1226 0.8772 0.3407 0.8442 0.1619 0.5352 0.8008 0.6402 0.7696
81 0.1009 0.1415 0.8737 0.3681 0.8399 0.3138 0.5383 0.7695 1.0230 0.7218
82 0.0849 0.1228 0.8851 0.3247 0.8533 0.1621 0.5043 0.8302 0.6058 0.7907
83 0.0699 0.1010 0.8912 0.2887 0.8614 0.1763 0.5022 0.8248 0.6439 0.7960
84 0.0564 0.0813 0.9069 0.2502 0.8772 0.1899 0.4972 0.8302 0.6976 0.8041
85 0.0554 0.0845 0.9052 0.2389 0.8741 0.1849 0.4957 0.8337 0.6741 0.8053
86 0.0519 0.0765 0.9047 0.2369 0.8763 0.1908 0.4947 0.8449 0.6642 0.8171
87 0.0494 0.0699 0.9075 0.2339 0.8777 0.2287 0.5040 0.8377 0.7746 0.8129
88 0.0620 0.0882 0.8987 0.2676 0.8680 0.8073 0.6212 0.7086 2.0922 0.6525
89 0.0796 0.1093 0.8812 0.3274 0.8475 0.1828 0.5109 0.8234 0.6799 0.7913
90 0.0910 0.1280 0.8813 0.3465 0.8449 0.1596 0.5157 0.8317 0.5749 0.7998
91 0.0843 0.1186 0.8846 0.3255 0.8522 0.1912 0.5204 0.8221 0.6821 0.7913
92 0.0707 0.1025 0.8929 0.2928 0.8623 0.1605 0.5034 0.8325 0.6189 0.8034
93 0.0706 0.0993 0.8971 0.2830 0.8668 0.1610 0.5152 0.8374 0.5706 0.8105
94 0.0571 0.0836 0.9082 0.2398 0.8775 0.1960 0.5010 0.8357 0.6996 0.8084
95 0.0502 0.0741 0.9048 0.2409 0.8758 0.1946 0.5000 0.8373 0.6913 0.8107
96 0.0531 0.0758 0.9080 0.2383 0.8785 0.2007 0.4962 0.8425 0.6992 0.8183
97 0.0515 0.0737 0.9096 0.2349 0.8798 0.2008 0.5047 0.8367 0.6884 0.8111
98 0.0600 0.0868 0.9022 0.2608 0.8722 0.2133 0.5103 0.8349 0.7163 0.8014
99 0.0742 0.1033 0.8919 0.2958 0.8588 0.2845 0.5611 0.7887 0.9124 0.7591
100 0.0881 0.1233 0.8748 0.3488 0.8382 0.2036 0.5359 0.7932 0.7640 0.7591
101 0.0823 0.1159 0.8825 0.3249 0.8500 0.1870 0.5102 0.8241 0.6587 0.7953
102 0.0690 0.0983 0.8969 0.2842 0.8659 0.1952 0.5052 0.8307 0.6963 0.8048
103 0.0582 0.0852 0.9013 0.2577 0.8720 0.2089 0.5014 0.8372 0.7113 0.8079
104 0.0497 0.0708 0.9065 0.2353 0.8778 0.1908 0.4947 0.8415 0.6594 0.8149
105 0.0480 0.0719 0.9105 0.2182 0.8831 0.1937 0.4939 0.8482 0.6654 0.8191
106 0.0494 0.0700 0.9079 0.2278 0.8791 0.1921 0.4935 0.8406 0.6689 0.8135
107 0.0474 0.0690 0.9102 0.2219 0.8826 0.2076 0.4848 0.8470 0.7357 0.8189
108 0.0528 0.0763 0.9048 0.2410 0.8750 0.2058 0.4912 0.8428 0.7069 0.8133
109 0.0591 0.0823 0.9006 0.2609 0.8692 0.1872 0.5337 0.8162 0.6962 0.7858
110 0.0797 0.1137 0.8802 0.3258 0.8488 0.2525 0.5281 0.8181 0.8247 0.7831
111 0.0838 0.1192 0.8779 0.3388 0.8452 0.1783 0.5091 0.8295 0.6691 0.7999
112 0.0685 0.0977 0.9000 0.2808 0.8718 0.1783 0.5030 0.8307 0.6586 0.8014
113 0.0612 0.0873 0.9080 0.2497 0.8792 0.1591 0.4954 0.8437 0.5944 0.8183
114 0.0518 0.0764 0.9090 0.2321 0.8835 0.1993 0.4866 0.8405 0.7097 0.8137
115 0.0442 0.0648 0.9157 0.2109 0.8901 0.2084 0.4893 0.8404 0.7416 0.8142
116 0.0440 0.0650 0.9134 0.2115 0.8860 0.1948 0.4890 0.8403 0.7024 0.8125
117 0.0477 0.0668 0.9107 0.2262 0.8847 0.1714 0.4945 0.8413 0.6286 0.8148
118 0.0506 0.0735 0.9073 0.2365 0.8782 0.1913 0.4900 0.8372 0.7228 0.8101
119 0.0717 0.1000 0.8974 0.2899 0.8676 0.1604 0.4991 0.8266 0.6367 0.7935
120 0.0721 0.1027 0.8909 0.2976 0.8576 0.2706 0.5380 0.7988 0.9111 0.7662
121 0.0717 0.1013 0.8967 0.2893 0.8672 0.1347 0.5063 0.8328 0.5476 0.8007
122 0.0629 0.0920 0.8993 0.2746 0.8687 0.1924 0.5029 0.8289 0.7070 0.8038
123 0.0520 0.0744 0.9076 0.2352 0.8798 0.1498 0.4903 0.8472 0.5644 0.8138
124 0.0467 0.0698 0.9146 0.2161 0.8873 0.1698 0.4889 0.8515 0.6198 0.8226
125 0.0444 0.0620 0.9157 0.2064 0.8882 0.1723 0.4884 0.8516 0.6251 0.8231
126 0.0425 0.0623 0.9165 0.2054 0.8899 0.1692 0.4891 0.8496 0.6213 0.8203
127 0.0417 0.0600 0.9154 0.2070 0.8870 0.1693 0.4952 0.8496 0.6138 0.8215
128 0.0522 0.0729 0.9096 0.2343 0.8817 0.1773 0.4878 0.8400 0.6728 0.8096
129 0.0617 0.0886 0.8993 0.2654 0.8687 0.1876 0.5228 0.8287 0.6801 0.7933
130 0.0785 0.1128 0.8825 0.3187 0.8479 0.1600 0.5028 0.8168 0.6430 0.7756
131 0.0840 0.1138 0.8877 0.3213 0.8559 0.1583 0.5028 0.8449 0.5975 0.8178
132 0.0629 0.0899 0.9055 0.2606 0.8766 0.1626 0.5053 0.8380 0.6352 0.8090
133 0.0568 0.0804 0.9088 0.2425 0.8811 0.1588 0.4891 0.8511 0.6024 0.8237
134 0.0436 0.0611 0.9186 0.2069 0.8927 0.1571 0.4908 0.8476 0.5886 0.8192
135 0.0447 0.0686 0.9156 0.2063 0.8888 0.1591 0.4871 0.8527 0.5924 0.8248
136 0.0422 0.0604 0.9193 0.2036 0.8926 0.1712 0.4892 0.8506 0.6297 0.8234
137 0.0447 0.0655 0.9152 0.2113 0.8882 0.1810 0.4841 0.8512 0.6654 0.8260
138 0.0418 0.0597 0.9128 0.2137 0.8856 0.1623 0.4915 0.8417 0.6214 0.8135
139 0.0568 0.0787 0.9043 0.2506 0.8741 0.1493 0.4962 0.8295 0.5858 0.8002
140 0.0830 0.1180 0.8859 0.3267 0.8544 0.1503 0.5086 0.8239 0.6144 0.7948
141 0.0712 0.1006 0.8989 0.2809 0.8695 0.1646 0.5134 0.8343 0.6078 0.8048
142 0.0557 0.0814 0.9020 0.2515 0.8720 0.1978 0.4899 0.8338 0.7066 0.8053
143 0.0516 0.0712 0.9076 0.2355 0.8789 0.1642 0.4940 0.8553 0.5860 0.8276
144 0.0444 0.0645 0.9178 0.2070 0.8895 0.1783 0.4786 0.8519 0.6549 0.8242
145 0.0398 0.0580 0.9239 0.1916 0.8992 0.1786 0.4790 0.8513 0.6487 0.8234
146 0.0385 0.0567 0.9201 0.1934 0.8943 0.1748 0.4747 0.8520 0.6534 0.8231
147 0.0419 0.0593 0.9160 0.2078 0.8881 0.1946 0.4938 0.8443 0.7027 0.8112
148 0.0546 0.0761 0.9127 0.2354 0.8845 0.2016 0.5073 0.8249 0.7137 0.7831
149 0.0547 0.0768 0.9080 0.2426 0.8792 0.1657 0.5014 0.8147 0.6646 0.7794
150 0.0720 0.1017 0.8945 0.2920 0.8634 0.1966 0.5110 0.8282 0.6877 0.7882
151 0.0726 0.0998 0.8957 0.2908 0.8664 0.1289 0.5078 0.8423 0.5006 0.8155
152 0.0612 0.0882 0.8998 0.2646 0.8692 0.1554 0.4966 0.8318 0.6042 0.8048
153 0.0518 0.0758 0.9118 0.2259 0.8850 0.1731 0.4912 0.8456 0.6341 0.8141
154 0.0429 0.0611 0.9177 0.2072 0.8916 0.1781 0.4846 0.8491 0.6312 0.8196
155 0.0393 0.0573 0.9221 0.1929 0.8952 0.1808 0.4812 0.8523 0.6393 0.8222
156 0.0418 0.0602 0.9171 0.2006 0.8893 0.1715 0.4804 0.8462 0.6403 0.8168
157 0.0408 0.0584 0.9193 0.2001 0.8914 0.1881 0.4836 0.8455 0.6740 0.8166
158 0.0411 0.0592 0.9171 0.2064 0.8882 0.2092 0.4825 0.8448 0.7349 0.8124
159 0.0521 0.0750 0.9104 0.2355 0.8819 0.1793 0.5051 0.8264 0.6650 0.7933
160 0.0650 0.0888 0.9035 0.2706 0.8717 0.2306 0.5153 0.8129 0.8816 0.7850
161 0.0627 0.0874 0.9002 0.2673 0.8716 0.2660 0.5502 0.8094 0.8949 0.7772
162 0.0610 0.0836 0.9068 0.2518 0.8773 0.1473 0.5139 0.8337 0.5680 0.8084
163 0.0475 0.0672 0.9157 0.2161 0.8887 0.1606 0.4909 0.8432 0.6206 0.8175
164 0.0428 0.0608 0.9184 0.1986 0.8929 0.1770 0.4866 0.8513 0.6492 0.8221
165 0.0412 0.0595 0.9197 0.1962 0.8947 0.1752 0.4871 0.8531 0.6496 0.8256
166 0.0385 0.0546 0.9232 0.1864 0.8978 0.1697 0.4830 0.8455 0.6381 0.8149
167 0.0367 0.0505 0.9254 0.1804 0.9000 0.1784 0.4781 0.8524 0.6578 0.8204
168 0.0409 0.0583 0.9161 0.2053 0.8888 0.1835 0.4950 0.8340 0.6650 0.8059
169 0.0468 0.0674 0.9120 0.2231 0.8828 0.1813 0.5286 0.7998 0.7165 0.7626
170 0.0739 0.1016 0.8947 0.2947 0.8645 0.2213 0.5038 0.8055 0.8410 0.7654
171 0.0688 0.0979 0.8966 0.2806 0.8659 0.3166 0.5701 0.7351 1.3034 0.6990
172 0.0607 0.0864 0.9073 0.2526 0.8781 0.1528 0.5018 0.8370 0.6028 0.8085
173 0.0448 0.0646 0.9144 0.2151 0.8876 0.2326 0.4883 0.8446 0.7744 0.8180
174 0.0431 0.0597 0.9222 0.1981 0.8963 0.1808 0.4803 0.8477 0.6706 0.8178
175 0.0388 0.0564 0.9215 0.1902 0.8992 0.1877 0.4828 0.8483 0.6769 0.8194
176 0.0375 0.0543 0.9261 0.1815 0.8998 0.2235 0.4836 0.8481 0.7601 0.8198
177 0.0367 0.0518 0.9247 0.1840 0.8988 0.2097 0.4847 0.8438 0.7343 0.8149
178 0.0408 0.0569 0.9194 0.2046 0.8923 0.1607 0.4931 0.8479 0.6119 0.8161
179 0.0481 0.0682 0.9156 0.2185 0.8886 0.1855 0.4876 0.8473 0.6837 0.8147
180 0.0572 0.0802 0.9040 0.2595 0.8739 0.2756 0.5289 0.8159 0.9140 0.7879
181 0.0537 0.0768 0.9057 0.2473 0.8778 0.2506 0.5193 0.8117 0.8600 0.7829
182 0.0535 0.0766 0.9089 0.2386 0.8819 0.2086 0.4950 0.8356 0.7401 0.8076
183 0.0415 0.0583 0.9225 0.1974 0.8967 0.2019 0.4911 0.8518 0.6829 0.8201
184 0.0422 0.0587 0.9257 0.1880 0.9012 0.1724 0.4817 0.8531 0.6388 0.8231
185 0.0404 0.0545 0.9283 0.1842 0.9040 0.1777 0.4828 0.8475 0.6539 0.8192
186 0.0356 0.0508 0.9258 0.1793 0.9000 0.1995 0.4766 0.8493 0.7052 0.8209
187 0.0353 0.0491 0.9279 0.1773 0.9022 0.1783 0.4803 0.8548 0.6522 0.8267
188 0.0406 0.0541 0.9161 0.2067 0.8902 0.1446 0.4866 0.8468 0.5675 0.8175
189 0.0490 0.0679 0.9091 0.2239 0.8809 0.1706 0.5080 0.8382 0.6250 0.8113
190 0.0577 0.0804 0.9028 0.2575 0.8748 0.2021 0.5144 0.8346 0.7092 0.8050
191 0.0602 0.0848 0.9016 0.2604 0.8753 0.1790 0.5046 0.8375 0.6482 0.8038
192 0.0466 0.0673 0.9201 0.2093 0.8937 0.1643 0.4992 0.8263 0.6684 0.7980
193 0.0436 0.0626 0.9175 0.2074 0.8909 0.2061 0.4842 0.8532 0.7354 0.8227
194 0.0368 0.0511 0.9238 0.1883 0.8985 0.2034 0.4766 0.8506 0.7295 0.8246
195 0.0351 0.0505 0.9216 0.1798 0.8958 0.2021 0.4753 0.8535 0.7248 0.8273
196 0.0337 0.0473 0.9265 0.1751 0.9027 0.1955 0.4788 0.8515 0.7011 0.8244
197 0.0355 0.0494 0.9251 0.1796 0.8998 0.1909 0.4807 0.8446 0.7100 0.8174
198 0.0372 0.0524 0.9210 0.1899 0.8944 0.2131 0.4872 0.8424 0.7626 0.8171
199 0.0403 0.0575 0.9190 0.1960 0.8926 0.2055 0.4895 0.8347 0.7682 0.8042
200 0.0557 0.0758 0.9046 0.2509 0.8745 0.2051 0.5296 0.8019 0.8760 0.7701
201 0.0508 0.0727 0.9080 0.2348 0.8808 0.2182 0.4844 0.8377 0.7726 0.8078
202 0.0427 0.0602 0.9155 0.2075 0.8871 0.1906 0.4945 0.8337 0.7053 0.8025
203 0.0434 0.0618 0.9205 0.2008 0.8950 0.1954 0.4861 0.8495 0.6952 0.8210
204 0.0367 0.0522 0.9241 0.1842 0.9017 0.2168 0.4803 0.8568 0.7283 0.8294
205 0.0329 0.0484 0.9339 0.1619 0.9118 0.2126 0.4809 0.8570 0.7140 0.8302
206 0.0341 0.0489 0.9272 0.1733 0.9044 0.2044 0.4764 0.8525 0.7166 0.8249
207 0.0333 0.0462 0.9273 0.1731 0.9014 0.2029 0.4805 0.8475 0.7242 0.8185
208 0.0444 0.0628 0.9187 0.2067 0.8907 0.1745 0.4870 0.8438 0.6461 0.8153
209 0.0458 0.0638 0.9177 0.2120 0.8896 0.2335 0.4956 0.8406 0.7989 0.8111
210 0.0702 0.0938 0.8985 0.2830 0.8680 0.1923 0.5064 0.8389 0.6856 0.8095
211 0.0702 0.0977 0.9002 0.2781 0.8717 0.3034 0.5139 0.8013 1.0993 0.7661
212 0.0480 0.0679 0.9157 0.2157 0.8889 0.1861 0.4777 0.8548 0.6729 0.8248
213 0.0378 0.0536 0.9250 0.1840 0.8991 0.1983 0.4772 0.8492 0.7058 0.8204
214 0.0350 0.0505 0.9283 0.1731 0.9036 0.2082 0.4787 0.8572 0.7171 0.8319
215 0.0339 0.0486 0.9300 0.1682 0.9082 0.2101 0.4769 0.8564 0.7227 0.8302
216 0.0331 0.0458 0.9318 0.1657 0.9081 0.2075 0.4758 0.8523 0.7219 0.8250
217 0.0342 0.0473 0.9279 0.1759 0.9027 0.2391 0.5005 0.8383 0.8290 0.8105
218 0.0340 0.0482 0.9285 0.1722 0.9056 0.2269 0.4850 0.8395 0.7997 0.8129
219 0.0427 0.0587 0.9189 0.2050 0.8924 0.2958 0.4947 0.8366 0.9545 0.8075
220 0.0435 0.0611 0.9157 0.2122 0.8878 0.2023 0.5007 0.8429 0.7052 0.8111
221 0.0568 0.0803 0.9034 0.2496 0.8766 0.1816 0.4896 0.8498 0.6499 0.8183
222 0.0397 0.0562 0.9205 0.1954 0.8930 0.1918 0.4846 0.8529 0.6949 0.8220
223 0.0373 0.0550 0.9229 0.1861 0.8984 0.2050 0.4759 0.8543 0.7250 0.8251
224 0.0335 0.0475 0.9274 0.1750 0.9044 0.2159 0.4826 0.8617 0.7300 0.8347
225 0.0312 0.0442 0.9328 0.1564 0.9108 0.2121 0.4782 0.8627 0.7187 0.8356
226 0.0305 0.0435 0.9319 0.1558 0.9096 0.2334 0.4732 0.8578 0.7781 0.8302
227 0.0301 0.0412 0.9306 0.1619 0.9075 0.2571 0.4796 0.8577 0.8294 0.8282
228 0.0354 0.0489 0.9265 0.1785 0.9024 0.2376 0.4785 0.8416 0.8409 0.8138
229 0.0458 0.0622 0.9188 0.2108 0.8925 0.2238 0.4945 0.8498 0.7514 0.8188
230 0.0450 0.0635 0.9154 0.2119 0.8891 0.1629 0.4923 0.8343 0.6684 0.7974
231 0.0658 0.0839 0.9061 0.2642 0.8781 0.1991 0.5351 0.8119 0.7602 0.7781
232 0.0648 0.0910 0.9045 0.2622 0.8758 0.1433 0.4987 0.8385 0.5455 0.8108
233 0.0500 0.0739 0.9167 0.2158 0.8938 0.1529 0.4841 0.8420 0.5984 0.8138
234 0.0381 0.0543 0.9221 0.1890 0.8966 0.1839 0.4782 0.8482 0.6792 0.8221
235 0.0360 0.0495 0.9270 0.1751 0.9031 0.1791 0.4780 0.8488 0.6649 0.8220
236 0.0353 0.0509 0.9260 0.1784 0.9023 0.1763 0.4809 0.8566 0.6429 0.8281
237 0.0331 0.0472 0.9300 0.1636 0.9065 0.2157 0.4867 0.8493 0.7662 0.8179
238 0.0335 0.0467 0.9298 0.1685 0.9061 0.1770 0.4855 0.8460 0.6652 0.8163
239 0.0425 0.0576 0.9191 0.2050 0.8936 0.1708 0.5073 0.8345 0.6851 0.7984
240 0.0570 0.0793 0.9095 0.2450 0.8803 0.1914 0.5024 0.8180 0.7392 0.7837
241 0.0642 0.0910 0.9039 0.2624 0.8762 0.2127 0.5132 0.8306 0.7950 0.8037
242 0.0433 0.0629 0.9200 0.2059 0.8962 0.2033 0.4880 0.8476 0.7284 0.8186
243 0.0364 0.0517 0.9267 0.1822 0.9029 0.2281 0.4826 0.8418 0.7843 0.8142
244 0.0343 0.0492 0.9312 0.1655 0.9076 0.2245 0.4790 0.8436 0.8087 0.8169
245 0.0319 0.0458 0.9302 0.1665 0.9066 0.2116 0.4747 0.8431 0.7695 0.8162
246 0.0318 0.0450 0.9306 0.1594 0.9085 0.2440 0.4735 0.8471 0.8385 0.8201
247 0.0306 0.0427 0.9284 0.1671 0.9038 0.2522 0.4759 0.8494 0.8567 0.8165
248 0.0327 0.0471 0.9274 0.1698 0.9038 0.2370 0.4785 0.8400 0.8201 0.8123
249 0.0415 0.0584 0.9214 0.2007 0.8946 0.3114 0.5527 0.7821 1.1019 0.7532
