epoch train_BCELoss train_SoftDiceLoss train_iou train_loss train_mAP val_BCELoss val_SoftDiceLoss val_iou val_loss val_mAP
0 0.5247 0.6427 0.3473 1.1669 0.3277 0.5819 0.7222 0.3322 1.3039 0.3192
1 0.3014 0.3155 0.6354 0.6168 0.5648 0.2603 0.5592 0.6672 0.8196 0.5945
2 0.2434 0.2351 0.6863 0.4786 0.6274 0.3028 0.5413 0.6419 0.8443 0.5702
3 0.2215 0.2051 0.7187 0.4269 0.6640 0.2452 0.5268 0.7278 0.7724 0.6663
4 0.2041 0.1911 0.7332 0.3956 0.6811 0.3857 0.5437 0.7051 0.9301 0.6470
5 0.1912 0.1747 0.7493 0.3664 0.6979 0.2071 0.4984 0.7686 0.7063 0.7195
6 0.1862 0.1690 0.7562 0.3558 0.7097 0.2299 0.5082 0.7023 0.7386 0.6427
7 0.1726 0.1579 0.7666 0.3312 0.7207 0.4104 0.5449 0.6967 0.9560 0.6335
8 0.1722 0.1540 0.7809 0.3270 0.7364 0.2320 0.4909 0.7570 0.7237 0.7018
9 0.1523 0.1366 0.7898 0.2898 0.7501 0.1852 0.4885 0.7814 0.6745 0.7414
10 0.1404 0.1218 0.8108 0.2631 0.7725 0.1907 0.4812 0.7966 0.6727 0.7564
11 0.1351 0.1253 0.8100 0.2613 0.7726 0.2009 0.4868 0.7916 0.6886 0.7507
12 0.1227 0.1096 0.8239 0.2332 0.7856 0.2005 0.4854 0.7982 0.6869 0.7608
13 0.1193 0.1069 0.8262 0.2272 0.7916 0.2218 0.4741 0.7967 0.6970 0.7526
14 0.1056 0.0953 0.8397 0.2019 0.8052 0.1839 0.4752 0.8104 0.6602 0.7778
15 0.1035 0.0918 0.8398 0.1964 0.8079 0.2016 0.4681 0.8124 0.6708 0.7737
16 0.0869 0.0868 0.8449 0.1748 0.8105 0.1800 0.4680 0.8226 0.6491 0.7893
17 0.0862 0.0770 0.8531 0.1643 0.8215 0.2043 0.4651 0.8162 0.6705 0.7783
18 0.0946 0.0854 0.8455 0.1812 0.8103 0.2494 0.4664 0.8002 0.7170 0.7596
19 0.0950 0.0832 0.8420 0.1792 0.8073 0.2282 0.4653 0.7973 0.6947 0.7643
20 0.1010 0.0926 0.8386 0.1947 0.8015 0.1762 0.4745 0.8164 0.6518 0.7801
21 0.1138 0.0939 0.8397 0.2087 0.8073 0.1741 0.4743 0.7980 0.6495 0.7641
22 0.1226 0.1073 0.8189 0.2309 0.7815 0.2705 0.4699 0.7722 0.7414 0.7286
23 0.1280 0.1106 0.8202 0.2396 0.7833 0.2186 0.4868 0.7701 0.7064 0.7211
24 0.1186 0.1083 0.8209 0.2278 0.7822 0.2605 0.4966 0.7763 0.7581 0.7333
25 0.1292 0.1091 0.8275 0.2394 0.7933 0.2061 0.4811 0.7946 0.6883 0.7552
26 0.1130 0.0965 0.8377 0.2106 0.8026 0.2074 0.4795 0.8030 0.6880 0.7666
27 0.1074 0.0934 0.8440 0.2020 0.8117 0.2123 0.4700 0.7978 0.6836 0.7568
28 0.0911 0.0810 0.8512 0.1732 0.8170 0.1952 0.4679 0.8011 0.6642 0.7588
29 0.0850 0.0783 0.8525 0.1644 0.8212 0.2273 0.4657 0.8156 0.6942 0.7808
30 0.0805 0.0756 0.8573 0.1573 0.8250 0.2289 0.4454 0.8234 0.6757 0.7873
31 0.0735 0.0655 0.8603 0.1403 0.8291 0.2013 0.4518 0.8227 0.6545 0.7863
32 0.0647 0.0618 0.8721 0.1278 0.8433 0.1981 0.4488 0.8226 0.6483 0.7891
33 0.0669 0.0621 0.8727 0.1302 0.8432 0.2142 0.4438 0.8218 0.6595 0.7859
34 0.0651 0.0583 0.8673 0.1247 0.8385 0.2231 0.4467 0.8291 0.6712 0.7972
35 0.0713 0.0637 0.8630 0.1363 0.8337 0.2278 0.4497 0.8170 0.6789 0.7838
36 0.0750 0.0634 0.8639 0.1396 0.8333 0.1939 0.4682 0.8237 0.6634 0.7892
37 0.0828 0.0725 0.8563 0.1564 0.8234 0.2313 0.4667 0.8111 0.6993 0.7805
38 0.0983 0.0835 0.8452 0.1829 0.8128 0.3223 0.4826 0.7846 0.8063 0.7472
39 0.1081 0.0953 0.8436 0.2045 0.8097 0.2566 0.4867 0.7282 0.7443 0.6700
40 0.1039 0.0902 0.8403 0.1952 0.8066 0.2634 0.4849 0.7897 0.7497 0.7507
41 0.1003 0.0884 0.8402 0.1898 0.8068 0.2803 0.4743 0.8025 0.7557 0.7578
42 0.0999 0.0888 0.8494 0.1899 0.8149 1.2224 0.5935 0.5725 1.8171 0.4981
43 0.0928 0.0822 0.8517 0.1763 0.8178 0.2830 0.4739 0.7927 0.7581 0.7592
44 0.0765 0.0696 0.8660 0.1473 0.8339 0.2311 0.4610 0.8277 0.6934 0.7958
45 0.0683 0.0605 0.8675 0.1302 0.8398 0.2270 0.4655 0.8197 0.6938 0.7853
46 0.0601 0.0554 0.8789 0.1169 0.8506 0.2283 0.4588 0.8220 0.6884 0.7922
47 0.0582 0.0529 0.8803 0.1126 0.8522 0.2310 0.4460 0.8341 0.6785 0.7972
48 0.0548 0.0495 0.8803 0.1057 0.8518 0.2302 0.4489 0.8376 0.6805 0.8035
49 0.0549 0.0501 0.8864 0.1064 0.8593 0.2192 0.4447 0.8381 0.6654 0.8012
50 0.0530 0.0464 0.8816 0.1009 0.8554 0.2226 0.4555 0.8307 0.6795 0.7929
51 0.0543 0.0480 0.8816 0.1038 0.8549 0.2040 0.4488 0.8368 0.6543 0.7993
52 0.0642 0.0583 0.8750 0.1239 0.8444 0.3110 0.4567 0.8235 0.7691 0.7908
53 0.0709 0.0598 0.8721 0.1321 0.8427 0.2662 0.4626 0.8156 0.7303 0.7789
54 0.0846 0.0734 0.8553 0.1592 0.8217 0.2502 0.4630 0.8065 0.7145 0.7703
55 0.0849 0.0713 0.8599 0.1575 0.8266 0.3190 0.4934 0.7919 0.8136 0.7604
56 0.1046 0.0900 0.8426 0.1957 0.8083 0.2788 0.4855 0.7942 0.7654 0.7569
57 0.0955 0.0825 0.8504 0.1793 0.8198 0.2701 0.4356 0.8116 0.7072 0.7691
58 0.0782 0.0701 0.8617 0.1496 0.8308 0.2281 0.4541 0.8213 0.6836 0.7879
59 0.0732 0.0635 0.8734 0.1381 0.8442 0.2234 0.4320 0.8271 0.6569 0.7904
60 0.0614 0.0549 0.8797 0.1177 0.8512 0.2095 0.4390 0.8396 0.6500 0.8099
61 0.0516 0.0467 0.8908 0.0998 0.8658 0.2203 0.4472 0.8307 0.6690 0.8016
62 0.0519 0.0455 0.8815 0.0989 0.8558 0.1987 0.4434 0.8412 0.6436 0.8097
63 0.0466 0.0437 0.8895 0.0917 0.8634 0.2294 0.4392 0.8405 0.6703 0.8099
64 0.0426 0.0395 0.8979 0.0836 0.8703 0.2335 0.4372 0.8423 0.6723 0.8115
65 0.0443 0.0415 0.8904 0.0873 0.8638 0.2288 0.4378 0.8456 0.6682 0.8142
66 0.0495 0.0458 0.8891 0.0968 0.8633 0.2465 0.4472 0.8326 0.6953 0.8018
67 0.0531 0.0467 0.8909 0.1013 0.8630 0.2128 0.4455 0.8371 0.6597 0.8046
68 0.0523 0.0466 0.8905 0.1004 0.8632 0.2330 0.4505 0.8346 0.6850 0.7980
69 0.0518 0.0462 0.8840 0.0994 0.8579 0.2933 0.4378 0.8329 0.7327 0.7958
70 0.0570 0.0530 0.8813 0.1114 0.8526 0.2348 0.4456 0.8379 0.6819 0.8008
71 0.0757 0.0647 0.8726 0.1418 0.8423 0.3403 0.4858 0.7872 0.8272 0.7507
72 0.0822 0.0708 0.8578 0.1543 0.8256 0.2204 0.4676 0.8029 0.6893 0.7597
73 0.0809 0.0689 0.8639 0.1512 0.8339 0.2499 0.4454 0.8147 0.6967 0.7756
74 0.0759 0.0663 0.8662 0.1435 0.8356 0.2258 0.4646 0.8239 0.6918 0.7906
75 0.0605 0.0563 0.8721 0.1182 0.8433 0.2938 0.4494 0.8270 0.7448 0.7989
76 0.0581 0.0522 0.8789 0.1118 0.8510 0.8253 0.5520 0.6488 1.3787 0.5916
77 0.0575 0.0532 0.8868 0.1121 0.8605 0.2310 0.4515 0.8380 0.6840 0.8056
78 0.0450 0.0389 0.9016 0.0855 0.8754 0.2411 0.4507 0.8394 0.6935 0.8090
79 0.0422 0.0409 0.8988 0.0846 0.8731 0.2166 0.4465 0.8427 0.6648 0.8125
80 0.0373 0.0370 0.9029 0.0759 0.8767 0.2271 0.4435 0.8480 0.6723 0.8163
81 0.0406 0.0375 0.8989 0.0797 0.8745 0.2501 0.4469 0.8441 0.6987 0.8172
82 0.0393 0.0354 0.9022 0.0763 0.8777 0.2632 0.4497 0.8402 0.7146 0.8109
83 0.0419 0.0378 0.8989 0.0812 0.8740 0.2204 0.4487 0.8468 0.6708 0.8173
84 0.0484 0.0440 0.8899 0.0939 0.8621 0.2615 0.4501 0.8327 0.7133 0.8035
85 0.0457 0.0408 0.8962 0.0880 0.8687 0.2436 0.4454 0.8436 0.6907 0.8071
86 0.0484 0.0429 0.8902 0.0927 0.8632 0.2380 0.4611 0.8372 0.7009 0.8112
87 0.0545 0.0493 0.8803 0.1052 0.8519 0.3214 0.4488 0.7971 0.7719 0.7576
88 0.0950 0.0793 0.8528 0.1755 0.8173 0.2903 0.4721 0.7773 0.7637 0.7288
89 0.0992 0.0848 0.8504 0.1853 0.8192 0.2429 0.4713 0.8042 0.7157 0.7585
90 0.0740 0.0641 0.8649 0.1395 0.8342 0.3313 0.4700 0.8050 0.8028 0.7768
91 0.0667 0.0589 0.8811 0.1270 0.8545 0.2352 0.4556 0.8194 0.6924 0.7846
92 0.0518 0.0470 0.8889 0.1004 0.8622 0.2548 0.4451 0.8185 0.7015 0.7857
93 0.0465 0.0427 0.8990 0.0907 0.8718 0.2119 0.4348 0.8454 0.6485 0.8125
94 0.0435 0.0385 0.8971 0.0836 0.8720 0.1972 0.4326 0.8526 0.6316 0.8199
95 0.0401 0.0362 0.9018 0.0780 0.8766 0.1877 0.4315 0.8579 0.6210 0.8256
96 0.0370 0.0348 0.9050 0.0734 0.8815 0.1895 0.4319 0.8566 0.6232 0.8237
97 0.0370 0.0341 0.9045 0.0727 0.8816 0.2230 0.4312 0.8476 0.6560 0.8196
98 0.0384 0.0344 0.9034 0.0744 0.8790 0.2298 0.4231 0.8490 0.6547 0.8177
99 0.0388 0.0358 0.9044 0.0761 0.8785 0.2758 0.4325 0.8318 0.7100 0.8037
100 0.0385 0.0346 0.9009 0.0748 0.8771 0.2372 0.4553 0.8360 0.6942 0.8086
101 0.0490 0.0421 0.8996 0.0926 0.8716 0.3045 0.4366 0.8217 0.7428 0.7869
102 0.0604 0.0527 0.8716 0.1145 0.8433 0.2525 0.4529 0.8311 0.7070 0.7977
103 0.0764 0.0669 0.8695 0.1448 0.8394 0.3303 0.4678 0.7738 0.7996 0.7308
104 0.0882 0.0772 0.8614 0.1667 0.8313 0.2818 0.4918 0.7484 0.7750 0.6879
105 0.0818 0.0696 0.8657 0.1528 0.8341 0.3214 0.4851 0.8047 0.8078 0.7742
106 0.0735 0.0654 0.8728 0.1403 0.8446 0.2630 0.4794 0.7939 0.7437 0.7547
107 0.0687 0.0627 0.8795 0.1329 0.8527 0.2594 0.4597 0.8127 0.7205 0.7742
108 0.0583 0.0518 0.8820 0.1117 0.8540 0.2249 0.4510 0.8273 0.6776 0.7936
109 0.0452 0.0422 0.8995 0.0890 0.8750 0.2308 0.4399 0.8397 0.6723 0.8035
110 0.0401 0.0364 0.9021 0.0781 0.8785 0.2487 0.4338 0.8507 0.6843 0.8202
111 0.0369 0.0350 0.9002 0.0736 0.8767 0.2466 0.4326 0.8553 0.6810 0.8263
112 0.0376 0.0350 0.9069 0.0742 0.8828 0.2508 0.4315 0.8551 0.6841 0.8232
113 0.0368 0.0343 0.9047 0.0728 0.8814 0.2466 0.4339 0.8526 0.6823 0.8218
114 0.0366 0.0345 0.9043 0.0726 0.8806 0.2458 0.4288 0.8537 0.6764 0.8212
115 0.0426 0.0384 0.9010 0.0825 0.8751 0.2304 0.4342 0.8509 0.6664 0.8148
116 0.0399 0.0364 0.9007 0.0779 0.8761 0.2386 0.4361 0.8481 0.6763 0.8175
117 0.0378 0.0349 0.9032 0.0743 0.8782 0.2735 0.4454 0.8305 0.7205 0.7940
118 0.0480 0.0434 0.8922 0.0929 0.8656 0.2855 0.4344 0.7939 0.7216 0.7530
119 0.0540 0.0467 0.8812 0.1021 0.8553 0.3796 0.4777 0.7452 0.8586 0.6980
120 0.0575 0.0495 0.8764 0.1085 0.8474 0.3800 0.5101 0.7524 0.8911 0.7093
121 0.0704 0.0611 0.8695 0.1329 0.8409 0.2626 0.4458 0.8231 0.7098 0.7883
122 0.0523 0.0476 0.8846 0.1014 0.8582 0.2874 0.4346 0.8253 0.7238 0.7955
123 0.0578 0.0517 0.8891 0.1111 0.8628 0.2892 0.4499 0.7937 0.7407 0.7525
124 0.0551 0.0470 0.8931 0.1036 0.8676 0.3453 0.4389 0.8267 0.7859 0.7913
125 0.0433 0.0384 0.8983 0.0833 0.8728 0.2664 0.4446 0.8447 0.7127 0.8143
126 0.0379 0.0345 0.9058 0.0741 0.8825 0.2305 0.4303 0.8485 0.6626 0.8209
127 0.0369 0.0331 0.9070 0.0717 0.8834 0.2569 0.4262 0.8444 0.6850 0.8182
128 0.0325 0.0309 0.9091 0.0651 0.8863 0.2499 0.4267 0.8459 0.6784 0.8190
129 0.0320 0.0299 0.9134 0.0636 0.8905 0.2526 0.4254 0.8529 0.6799 0.8244
130 0.0340 0.0311 0.9111 0.0668 0.8884 0.2861 0.4387 0.8515 0.7266 0.8213
131 0.0337 0.0299 0.9093 0.0653 0.8878 0.2392 0.4334 0.8484 0.6744 0.8194
132 0.0411 0.0359 0.9018 0.0786 0.8781 0.2943 0.4239 0.8418 0.7200 0.8114
133 0.0453 0.0404 0.8955 0.0873 0.8670 0.2998 0.4281 0.8389 0.7297 0.8112
134 0.0500 0.0428 0.8914 0.0943 0.8662 0.2756 0.4509 0.8193 0.7281 0.7859
135 0.0416 0.0388 0.8943 0.0819 0.8704 0.3101 0.4447 0.8287 0.7567 0.7953
136 0.0509 0.0450 0.8925 0.0974 0.8646 0.3161 0.4282 0.8397 0.7461 0.8071
137 0.0728 0.0594 0.8747 0.1338 0.8475 0.2442 0.4884 0.7797 0.7340 0.7302
138 0.0555 0.0470 0.8934 0.1040 0.8662 0.2518 0.4332 0.8344 0.6867 0.8029
139 0.0476 0.0433 0.8883 0.0924 0.8624 0.2670 0.4301 0.8377 0.6990 0.8088
140 0.0410 0.0365 0.9021 0.0792 0.8782 0.2759 0.4250 0.8433 0.7027 0.8145
141 0.0369 0.0322 0.9128 0.0708 0.8903 0.2697 0.4328 0.8400 0.7043 0.8121
142 0.0367 0.0347 0.9102 0.0732 0.8888 0.2607 0.4195 0.8435 0.6821 0.8122
143 0.0317 0.0299 0.9077 0.0634 0.8866 0.2582 0.4119 0.8417 0.6720 0.8145
144 0.0294 0.0282 0.9120 0.0593 0.8917 0.2651 0.4061 0.8429 0.6732 0.8145
145 0.0313 0.0289 0.9126 0.0621 0.8930 0.2468 0.4208 0.8428 0.6695 0.8157
146 0.0288 0.0271 0.9165 0.0577 0.8951 0.2561 0.4154 0.8463 0.6734 0.8172
147 0.0302 0.0278 0.9132 0.0598 0.8913 0.2716 0.4070 0.8396 0.6805 0.8096
148 0.0332 0.0303 0.9089 0.0653 0.8862 0.2781 0.4302 0.8353 0.7102 0.8050
149 0.0394 0.0342 0.9037 0.0753 0.8795 0.2541 0.4536 0.8289 0.7094 0.7970
150 0.0392 0.0345 0.9009 0.0754 0.8761 0.3635 0.4991 0.7744 0.8637 0.7311
151 0.0505 0.0427 0.8897 0.0947 0.8643 0.2598 0.4425 0.8281 0.7040 0.7967
152 0.0634 0.0524 0.8787 0.1172 0.8482 0.3232 0.4674 0.8083 0.7918 0.7724
153 0.0824 0.0680 0.8670 0.1518 0.8372 0.2241 0.4749 0.8056 0.7003 0.7661
154 0.0640 0.0558 0.8806 0.1212 0.8517 0.3307 0.4770 0.8087 0.8090 0.7752
155 0.0733 0.0662 0.8691 0.1411 0.8396 0.2950 0.4509 0.8242 0.7474 0.7923
156 0.0440 0.0414 0.8908 0.0870 0.8656 0.2791 0.4654 0.8196 0.7460 0.7920
157 0.0355 0.0331 0.9043 0.0703 0.8819 0.2834 0.4495 0.8365 0.7346 0.8039
158 0.0352 0.0324 0.9025 0.0694 0.8794 0.2428 0.4339 0.8390 0.6784 0.8070
159 0.0294 0.0282 0.9137 0.0593 0.8917 0.2636 0.4413 0.8418 0.7067 0.8118
160 0.0313 0.0296 0.9101 0.0627 0.8872 0.2501 0.4408 0.8446 0.6926 0.8144
161 0.0321 0.0295 0.9095 0.0634 0.8888 0.2553 0.4397 0.8385 0.6967 0.8088
162 0.0305 0.0279 0.9143 0.0602 0.8939 0.2345 0.4422 0.8454 0.6784 0.8154
163 0.0306 0.0282 0.9105 0.0606 0.8894 0.2568 0.4417 0.8452 0.7003 0.8169
164 0.0294 0.0270 0.9147 0.0582 0.8924 0.2730 0.4408 0.8441 0.7156 0.8122
165 0.0359 0.0325 0.9088 0.0701 0.8854 0.3054 0.4562 0.8380 0.7633 0.8104
166 0.0360 0.0328 0.9063 0.0705 0.8829 0.4009 0.4317 0.8190 0.8344 0.7858
167 0.0646 0.0537 0.8881 0.1200 0.8634 0.2915 0.4577 0.8048 0.7507 0.7670
168 0.0646 0.0592 0.8733 0.1253 0.8424 0.2949 0.4556 0.7958 0.7521 0.7571
169 0.0585 0.0502 0.8824 0.1102 0.8541 0.3440 0.4768 0.8272 0.8222 0.7985
170 0.0661 0.0573 0.8764 0.1250 0.8487 0.2147 0.4631 0.8235 0.6792 0.7940
171 0.0414 0.0373 0.9001 0.0804 0.8766 0.2767 0.4211 0.8382 0.6996 0.8086
172 0.0412 0.0374 0.8940 0.0802 0.8702 0.2483 0.4332 0.8356 0.6832 0.8035
173 0.0356 0.0322 0.9052 0.0695 0.8842 0.2368 0.4213 0.8563 0.6600 0.8282
174 0.0318 0.0281 0.9172 0.0616 0.8967 0.2552 0.4110 0.8484 0.6681 0.8214
175 0.0286 0.0271 0.9121 0.0575 0.8915 0.2547 0.3980 0.8511 0.6547 0.8243
176 0.0264 0.0258 0.9183 0.0540 0.8983 0.2420 0.4016 0.8514 0.6455 0.8233
177 0.0295 0.0277 0.9150 0.0590 0.8953 0.2374 0.4125 0.8511 0.6518 0.8211
178 0.0291 0.0275 0.9140 0.0585 0.8929 0.2439 0.3937 0.8494 0.6395 0.8174
179 0.0268 0.0256 0.9160 0.0542 0.8944 0.2783 0.4362 0.8345 0.7163 0.8050
180 0.0311 0.0295 0.9070 0.0623 0.8842 0.2864 0.4171 0.8219 0.7054 0.7869
181 0.0335 0.0307 0.9039 0.0658 0.8804 0.2914 0.4267 0.8446 0.7199 0.8153
182 0.0305 0.0283 0.9127 0.0606 0.8905 0.2973 0.4231 0.8367 0.7221 0.8064
183 0.0325 0.0302 0.9078 0.0644 0.8844 0.4329 0.4538 0.8060 0.8884 0.7686
184 0.0559 0.0486 0.8876 0.1061 0.8582 0.3099 0.4731 0.7235 0.7843 0.6740
185 0.0778 0.0675 0.8764 0.1468 0.8476 0.4521 0.5140 0.7562 0.9672 0.7121
186 0.0752 0.0695 0.8677 0.1463 0.8375 0.3088 0.4438 0.7989 0.7542 0.7563
187 0.0579 0.0512 0.8832 0.1107 0.8558 0.2531 0.4465 0.8258 0.7013 0.7955
188 0.0403 0.0379 0.8998 0.0800 0.8779 0.3075 0.4369 0.8320 0.7461 0.8071
189 0.0340 0.0332 0.9031 0.0690 0.8815 0.3265 0.4178 0.8382 0.7463 0.8117
190 0.0324 0.0302 0.9099 0.0644 0.8901 0.2764 0.4513 0.8365 0.7294 0.8085
191 0.0313 0.0294 0.9132 0.0625 0.8904 0.2863 0.4155 0.8504 0.7036 0.8206
192 0.0280 0.0267 0.9165 0.0566 0.8973 0.2940 0.4194 0.8479 0.7153 0.8206
193 0.0294 0.0274 0.9142 0.0587 0.8944 0.3042 0.4116 0.8461 0.7177 0.8194
194 0.0281 0.0260 0.9190 0.0560 0.8982 0.2652 0.4352 0.8518 0.7022 0.8241
195 0.0279 0.0259 0.9166 0.0556 0.8961 0.2666 0.4351 0.8459 0.7034 0.8150
196 0.0287 0.0265 0.9177 0.0569 0.8955 0.3090 0.4288 0.8441 0.7396 0.8126
197 0.0322 0.0303 0.9073 0.0642 0.8854 0.2753 0.4511 0.8295 0.7280 0.7972
198 0.0481 0.0402 0.8904 0.0899 0.8650 0.2731 0.4409 0.8365 0.7158 0.8039
199 0.0432 0.0398 0.8979 0.0846 0.8734 0.3665 0.4710 0.7866 0.8391 0.7458
