epoch train_BCELoss train_SoftDiceLoss train_iou train_loss train_mAP val_BCELoss val_SoftDiceLoss val_iou val_loss val_mAP
0 0.5359 0.6142 0.2927 1.1495 0.2467 0.4499 0.7001 0.4980 1.1497 0.4133
1 0.2842 0.2807 0.6438 0.5650 0.5819 0.2448 0.5853 0.6874 0.8304 0.6197
2 0.2128 0.1992 0.7032 0.4123 0.6473 0.2189 0.5643 0.6972 0.7837 0.6278
3 0.1920 0.1743 0.7300 0.3670 0.6767 0.1784 0.5497 0.7494 0.7287 0.6976
4 0.2076 0.1909 0.7199 0.3992 0.6671 0.2505 0.5544 0.7233 0.8055 0.6677
5 0.1753 0.1621 0.7530 0.3381 0.7030 0.2750 0.5703 0.7287 0.8460 0.6744
6 0.1514 0.1373 0.7790 0.2896 0.7326 0.2402 0.5372 0.7122 0.7782 0.6466
7 0.1324 0.1200 0.7928 0.2534 0.7504 0.1713 0.5161 0.7906 0.6884 0.7498
8 0.1070 0.0972 0.8174 0.2053 0.7782 0.1908 0.5083 0.8006 0.7002 0.7668
9 0.0794 0.0732 0.8432 0.1538 0.8075 0.1753 0.5011 0.8073 0.6774 0.7706
10 0.0730 0.0704 0.8466 0.1446 0.8124 0.1690 0.5001 0.8102 0.6701 0.7745
11 0.0747 0.0682 0.8460 0.1440 0.8114 0.1753 0.5045 0.8100 0.6809 0.7727
12 0.0793 0.0703 0.8399 0.1509 0.8063 0.1754 0.5136 0.8014 0.6901 0.7631
13 0.0881 0.0791 0.8332 0.1684 0.7942 0.2288 0.5297 0.7702 0.7597 0.7282
14 0.1130 0.0998 0.8135 0.2139 0.7747 0.1945 0.5090 0.7786 0.7047 0.7362
15 0.1273 0.1127 0.8069 0.2411 0.7657 0.1785 0.5055 0.8048 0.6851 0.7564
16 0.1128 0.0952 0.8248 0.2091 0.7849 0.1924 0.5303 0.7806 0.7238 0.7365
17 0.0786 0.0699 0.8468 0.1496 0.8120 0.1957 0.5159 0.8081 0.7128 0.7683
18 0.0682 0.0624 0.8569 0.1320 0.8230 0.1549 0.4892 0.8205 0.6455 0.7804
19 0.0517 0.0482 0.8721 0.1013 0.8434 0.1633 0.4839 0.8320 0.6487 0.7959
20 0.0479 0.0458 0.8762 0.0951 0.8475 0.1628 0.4831 0.8317 0.6473 0.7940
21 0.0504 0.0462 0.8754 0.0981 0.8463 0.1561 0.4831 0.8291 0.6406 0.7924
22 0.0514 0.0483 0.8723 0.1010 0.8425 0.2007 0.4896 0.8113 0.6916 0.7737
23 0.0643 0.0577 0.8668 0.1234 0.8355 0.1881 0.5007 0.8089 0.6900 0.7680
24 0.0903 0.0760 0.8354 0.1675 0.7980 0.2192 0.5154 0.7945 0.7358 0.7514
25 0.1029 0.0896 0.8326 0.1938 0.7955 0.3649 0.5604 0.7139 0.9263 0.6547
26 0.1078 0.0960 0.8254 0.2051 0.7872 0.2896 0.5107 0.7822 0.8016 0.7344
27 0.0788 0.0681 0.8571 0.1483 0.8269 0.1719 0.4937 0.8156 0.6670 0.7799
28 0.0547 0.0497 0.8731 0.1059 0.8443 0.1896 0.4842 0.8277 0.6752 0.7905
29 0.0457 0.0427 0.8824 0.0899 0.8549 0.1925 0.4799 0.8328 0.6739 0.7981
30 0.0440 0.0402 0.8870 0.0858 0.8587 0.1947 0.4794 0.8327 0.6755 0.7986
31 0.0413 0.0390 0.8885 0.0820 0.8606 0.1939 0.4757 0.8302 0.6711 0.7934
32 0.0470 0.0447 0.8793 0.0933 0.8529 0.1918 0.4858 0.8252 0.6790 0.7844
33 0.0495 0.0447 0.8747 0.0956 0.8454 0.1793 0.5013 0.8237 0.6820 0.7875
34 0.0684 0.0583 0.8660 0.1282 0.8346 0.2092 0.5296 0.7721 0.7399 0.7258
35 0.0855 0.0754 0.8378 0.1623 0.8035 0.2192 0.5265 0.7374 0.7468 0.6939
36 0.0743 0.0657 0.8542 0.1413 0.8211 0.1931 0.5032 0.8087 0.6977 0.7745
37 0.0568 0.0510 0.8705 0.1094 0.8408 0.2120 0.5005 0.8140 0.7139 0.7823
38 0.0513 0.0461 0.8792 0.0990 0.8502 0.1765 0.4753 0.8273 0.6534 0.7881
39 0.0377 0.0358 0.8928 0.0751 0.8693 0.2063 0.4720 0.8389 0.6800 0.8072
40 0.0372 0.0327 0.9009 0.0716 0.8785 0.2047 0.4718 0.8372 0.6781 0.8041
41 0.0357 0.0329 0.8997 0.0703 0.8768 0.2113 0.4786 0.8387 0.6916 0.8072
42 0.0371 0.0356 0.8989 0.0744 0.8743 0.2630 0.4869 0.8195 0.7516 0.7816
43 0.0436 0.0398 0.8889 0.0851 0.8625 0.2240 0.5082 0.8190 0.7337 0.7809
44 0.0528 0.0476 0.8788 0.1020 0.8486 0.2679 0.5020 0.7849 0.7713 0.7446
45 0.0845 0.0706 0.8471 0.1566 0.8116 0.2877 0.5115 0.7867 0.8004 0.7464
46 0.0814 0.0720 0.8515 0.1548 0.8180 0.2149 0.5176 0.7922 0.7338 0.7585
47 0.0673 0.0594 0.8694 0.1283 0.8395 0.2464 0.5181 0.8108 0.7659 0.7718
48 0.0482 0.0422 0.8875 0.0921 0.8627 0.1941 0.4861 0.8243 0.6817 0.7885
49 0.0363 0.0341 0.9002 0.0721 0.8769 0.2158 0.4808 0.8358 0.6982 0.8004
50 0.0334 0.0316 0.9042 0.0669 0.8803 0.2132 0.4808 0.8317 0.6956 0.7972
51 0.0339 0.0331 0.8992 0.0687 0.8754 0.1919 0.4839 0.8308 0.6775 0.7966
52 0.0324 0.0302 0.9037 0.0645 0.8808 0.2203 0.4786 0.8309 0.7005 0.7934
53 0.0343 0.0322 0.9013 0.0683 0.8771 0.2386 0.4815 0.8337 0.7216 0.7994
54 0.0407 0.0368 0.8879 0.0792 0.8617 0.2362 0.4777 0.8130 0.7155 0.7725
55 0.0742 0.0627 0.8561 0.1385 0.8246 0.2436 0.5134 0.7796 0.7583 0.7374
56 0.0894 0.0789 0.8436 0.1698 0.8098 0.3085 0.5009 0.7857 0.8110 0.7437
57 0.0560 0.0521 0.8755 0.1097 0.8474 0.2678 0.4972 0.8246 0.7667 0.7925
58 0.0429 0.0401 0.8954 0.0848 0.8719 0.2068 0.4864 0.8201 0.6948 0.7853
59 0.0345 0.0334 0.9012 0.0697 0.8764 0.2300 0.4880 0.8337 0.7197 0.8028
60 0.0309 0.0297 0.9085 0.0625 0.8869 0.2354 0.4867 0.8346 0.7239 0.8038
61 0.0317 0.0302 0.9085 0.0637 0.8874 0.2243 0.4836 0.8359 0.7096 0.8043
62 0.0319 0.0299 0.9093 0.0636 0.8866 0.2406 0.4832 0.8296 0.7255 0.7976
63 0.0313 0.0291 0.9039 0.0623 0.8814 0.2594 0.4842 0.8274 0.7452 0.7933
64 0.0381 0.0355 0.8928 0.0753 0.8668 0.2601 0.4819 0.8163 0.7437 0.7773
65 0.0457 0.0408 0.8858 0.0882 0.8573 0.2118 0.4883 0.8178 0.7016 0.7775
66 0.0514 0.0463 0.8868 0.0994 0.8605 0.2508 0.5227 0.7359 0.7747 0.6939
67 0.0485 0.0446 0.8837 0.0948 0.8569 0.2767 0.4857 0.8233 0.7640 0.7867
68 0.0359 0.0341 0.9025 0.0718 0.8812 0.2395 0.4868 0.8303 0.7280 0.7993
69 0.0282 0.0273 0.9097 0.0574 0.8888 0.3134 0.4769 0.8288 0.7917 0.7984
70 0.0271 0.0255 0.9155 0.0546 0.8953 0.2979 0.4765 0.8315 0.7759 0.8022
71 0.0257 0.0250 0.9169 0.0527 0.8972 0.2364 0.4744 0.8433 0.7125 0.8136
72 0.0258 0.0243 0.9151 0.0521 0.8965 0.2706 0.4776 0.8388 0.7497 0.8058
73 0.0270 0.0254 0.9121 0.0543 0.8931 0.2508 0.4712 0.8437 0.7237 0.8106
74 0.0636 0.0575 0.8645 0.1229 0.8362 0.2431 0.5130 0.7423 0.7575 0.7004
75 0.0879 0.0714 0.8472 0.1608 0.8123 0.2223 0.5016 0.7868 0.7254 0.7424
76 0.0553 0.0500 0.8782 0.1071 0.8500 0.2824 0.4858 0.8159 0.7698 0.7863
77 0.0396 0.0356 0.9001 0.0770 0.8765 0.2977 0.4868 0.8216 0.7860 0.7927
78 0.0370 0.0320 0.9070 0.0708 0.8864 0.2421 0.4711 0.8346 0.7149 0.8018
79 0.0291 0.0274 0.9122 0.0584 0.8927 0.2565 0.4653 0.8421 0.7236 0.8133
80 0.0247 0.0238 0.9216 0.0505 0.9031 0.2541 0.4655 0.8398 0.7214 0.8106
81 0.0246 0.0240 0.9207 0.0507 0.9018 0.2528 0.4639 0.8400 0.7184 0.8083
82 0.0257 0.0236 0.9197 0.0514 0.8998 0.2429 0.4648 0.8392 0.7095 0.8081
83 0.0264 0.0264 0.9148 0.0548 0.8949 0.2965 0.4809 0.8048 0.7790 0.7674
84 0.0348 0.0322 0.8983 0.0688 0.8737 0.2400 0.4693 0.8321 0.7111 0.7994
85 0.0460 0.0402 0.8871 0.0880 0.8598 0.2881 0.5212 0.8048 0.8107 0.7696
86 0.0380 0.0352 0.8989 0.0750 0.8754 0.2477 0.4723 0.8384 0.7218 0.8031
87 0.0348 0.0321 0.9051 0.0688 0.8838 0.2458 0.4727 0.8315 0.7203 0.7993
88 0.0263 0.0253 0.9195 0.0537 0.9004 0.2090 0.4682 0.8461 0.6791 0.8125
89 0.0226 0.0220 0.9245 0.0467 0.9055 0.2367 0.4676 0.8469 0.7061 0.8121
90 0.0216 0.0214 0.9264 0.0451 0.9097 0.2313 0.4665 0.8486 0.6996 0.8171
91 0.0207 0.0205 0.9274 0.0433 0.9118 0.2346 0.4664 0.8467 0.7028 0.8151
92 0.0206 0.0200 0.9257 0.0427 0.9080 0.2582 0.4698 0.8385 0.7298 0.8088
93 0.0216 0.0207 0.9224 0.0444 0.9045 0.2612 0.4684 0.8423 0.7312 0.8118
94 0.0233 0.0223 0.9176 0.0476 0.8994 0.2566 0.4715 0.8368 0.7296 0.8035
95 0.0250 0.0238 0.9129 0.0507 0.8939 0.2763 0.4731 0.8306 0.7510 0.7966
96 0.0250 0.0238 0.9161 0.0507 0.8962 0.2599 0.4719 0.8272 0.7334 0.7892
97 0.0408 0.0369 0.8971 0.0796 0.8723 0.2397 0.4876 0.8186 0.7287 0.7793
98 0.0318 0.0285 0.9116 0.0623 0.8918 0.2436 0.4795 0.8195 0.7248 0.7802
99 0.0256 0.0226 0.9222 0.0504 0.9062 0.1973 0.4718 0.8378 0.6709 0.8050
