epoch train_iou train_loss train_mAP val_iou val_loss val_mAP
0 0.6284 1.1886 0.5647 0.6235 1.1541 0.5612
1 0.7249 0.8604 0.6644 0.7251 0.8217 0.6575
2 0.7562 0.7608 0.7032 0.6948 0.9452 0.6136
3 0.7781 0.6833 0.7250 0.7650 0.7297 0.7186
4 0.7897 0.6197 0.7412 0.7809 0.6424 0.7349
5 0.8037 0.5728 0.7578 0.7860 0.6209 0.7374
6 0.8019 0.5907 0.7535 0.7690 0.7241 0.7070
7 0.8009 0.6116 0.7543 0.7849 0.6387 0.7297
8 0.7948 0.6487 0.7446 0.7758 0.7124 0.7269
9 0.7953 0.6381 0.7454 0.7477 0.7656 0.6925
10 0.7925 0.6486 0.7455 0.7681 0.7430 0.7143
11 0.8008 0.6027 0.7558 0.7970 0.6121 0.7505
12 0.8221 0.5408 0.7773 0.8067 0.5814 0.7607
13 0.8253 0.5054 0.7801 0.8219 0.5279 0.7799
14 0.8454 0.4503 0.8018 0.8218 0.4973 0.7821
15 0.8407 0.4473 0.7971 0.8209 0.4959 0.7770
16 0.8452 0.4366 0.8029 0.8357 0.4789 0.7879
17 0.8339 0.4744 0.7917 0.8101 0.5464 0.7613
18 0.8334 0.4946 0.7866 0.7926 0.6481 0.7415
19 0.8210 0.5264 0.7739 0.8169 0.5703 0.7746
20 0.8159 0.5576 0.7697 0.7865 0.6593 0.7394
21 0.8242 0.5155 0.7830 0.8115 0.5934 0.7660
22 0.8360 0.4806 0.7921 0.8219 0.5257 0.7810
23 0.8486 0.4275 0.8057 0.8313 0.5009 0.7971
24 0.8534 0.4072 0.8125 0.8348 0.4910 0.7988
25 0.8606 0.3822 0.8172 0.8381 0.4768 0.8004
26 0.8615 0.3813 0.8202 0.8385 0.4848 0.7942
27 0.8565 0.4052 0.8137 0.8109 0.6283 0.7649
28 0.8440 0.4559 0.7996 0.8156 0.5709 0.7813
29 0.8360 0.4841 0.7898 0.7893 0.6467 0.7410
30 0.8241 0.5269 0.7806 0.7873 0.9051 0.7440
31 0.8369 0.4883 0.7914 0.7882 0.7702 0.7316
32 0.8520 0.4277 0.8101 0.8261 0.5306 0.7863
33 0.8565 0.3946 0.8143 0.8422 0.4736 0.7972
34 0.8678 0.3673 0.8248 0.8369 0.4885 0.7970
35 0.8745 0.3419 0.8350 0.8395 0.4692 0.7969
36 0.8660 0.3631 0.8238 0.8348 0.4980 0.7990
37 0.8623 0.3740 0.8213 0.8357 0.4819 0.7954
38 0.8626 0.3824 0.8197 0.8236 0.5063 0.7762
39 0.8546 0.4257 0.8092 0.8036 0.5723 0.7540
40 0.8399 0.4687 0.7971 0.8115 0.5699 0.7659
41 0.8555 0.4138 0.8108 0.8183 0.5945 0.7833
42 0.8593 0.3815 0.8174 0.8217 0.5502 0.7793
43 0.8664 0.3511 0.8247 0.8386 0.5048 0.7986
44 0.8692 0.3371 0.8278 0.8379 0.4934 0.7963
45 0.8777 0.3106 0.8346 0.8416 0.4953 0.8006
46 0.8797 0.3061 0.8381 0.8352 0.5563 0.7950
47 0.8767 0.3200 0.8349 0.8330 0.5055 0.7864
48 0.8706 0.3412 0.8272 0.8050 0.7224 0.7543
49 0.8560 0.3985 0.8152 0.7838 0.7580 0.7244
50 0.8568 0.3945 0.8129 0.8309 0.5637 0.7880
51 0.8578 0.4039 0.8142 0.8257 0.5250 0.7768
52 0.8680 0.3610 0.8234 0.8269 0.5224 0.7846
53 0.8781 0.3170 0.8351 0.8349 0.5458 0.7915
54 0.8821 0.3032 0.8404 0.8392 0.5153 0.7982
55 0.8809 0.2866 0.8386 0.8423 0.5066 0.8028
56 0.8888 0.2800 0.8482 0.8408 0.5368 0.8007
57 0.8800 0.3093 0.8363 0.8389 0.5574 0.7992
58 0.8712 0.3387 0.8274 0.8120 0.5784 0.7611
59 0.8625 0.3786 0.8211 0.8064 0.6762 0.7412
60 0.8565 0.4074 0.8105 0.8373 0.5039 0.7965
61 0.8637 0.3870 0.8232 0.8101 0.5628 0.7605
62 0.8699 0.3452 0.8301 0.8412 0.5126 0.7953
63 0.8835 0.2976 0.8436 0.8524 0.4933 0.8123
64 0.8873 0.2818 0.8455 0.8502 0.4841 0.8123
65 0.8928 0.2557 0.8507 0.8527 0.4840 0.8101
66 0.8890 0.2736 0.8500 0.8435 0.4950 0.8012
67 0.8857 0.2843 0.8458 0.8407 0.5395 0.8020
68 0.8763 0.3208 0.8320 0.8313 0.5630 0.7957
69 0.8724 0.3359 0.8317 0.8127 0.6098 0.7708
70 0.8678 0.3697 0.8225 0.7394 0.8327 0.6781
71 0.8705 0.3509 0.8253 0.8322 0.5885 0.7925
72 0.8826 0.3001 0.8394 0.8311 0.5891 0.7928
73 0.8882 0.2792 0.8482 0.8284 0.6304 0.7916
74 0.8900 0.2631 0.8482 0.8390 0.5733 0.7972
75 0.8948 0.2454 0.8537 0.8382 0.5606 0.7978
76 0.8943 0.2516 0.8552 0.8432 0.5302 0.8010
77 0.8889 0.2600 0.8474 0.8474 0.5398 0.8115
78 0.8915 0.2643 0.8498 0.8421 0.6355 0.8040
79 0.8730 0.3335 0.8306 0.8298 0.5463 0.7855
80 0.8710 0.3535 0.8257 0.8029 0.6046 0.7537
81 0.8764 0.3337 0.8356 0.8284 0.5747 0.7867
82 0.8830 0.3020 0.8414 0.8375 0.5679 0.7980
83 0.8911 0.2776 0.8507 0.8413 0.5095 0.7954
84 0.8903 0.2566 0.8487 0.8488 0.5205 0.8121
85 0.9008 0.2405 0.8611 0.8481 0.5167 0.8082
86 0.8947 0.2424 0.8538 0.8504 0.4925 0.8053
87 0.8946 0.2490 0.8530 0.8522 0.5030 0.8107
88 0.8926 0.2619 0.8520 0.8433 0.5687 0.8032
89 0.8822 0.2991 0.8399 0.8252 0.6051 0.7837
90 0.8707 0.3420 0.8286 0.8201 0.6373 0.7746
91 0.8758 0.3242 0.8318 0.8389 0.5491 0.7984
92 0.8887 0.2779 0.8482 0.8374 0.5674 0.8028
93 0.8940 0.2552 0.8518 0.8483 0.5495 0.8063
94 0.8952 0.2368 0.8556 0.8525 0.5082 0.8123
95 0.8992 0.2223 0.8597 0.8524 0.5026 0.8136
96 0.9008 0.2226 0.8620 0.8468 0.5519 0.8095
97 0.8941 0.2408 0.8512 0.8444 0.5370 0.8022
98 0.8988 0.2405 0.8611 0.8315 0.6014 0.7894
99 0.8820 0.2846 0.8373 0.8335 0.5729 0.7883
100 0.8868 0.2748 0.8457 0.8451 0.5936 0.8069
101 0.8981 0.2432 0.8592 0.8496 0.5027 0.8111
102 0.8985 0.2307 0.8585 0.8494 0.5307 0.8138
103 0.9015 0.2204 0.8628 0.8530 0.5440 0.8165
104 0.9068 0.2069 0.8708 0.8520 0.5506 0.8126
105 0.9031 0.2088 0.8616 0.8509 0.5615 0.8114
106 0.9063 0.1990 0.8673 0.8514 0.5784 0.8115
107 0.9035 0.2129 0.8649 0.8539 0.5358 0.8142
108 0.9062 0.2041 0.8678 0.8484 0.5242 0.8089
109 0.9020 0.2169 0.8616 0.8443 0.5644 0.8053
110 0.8991 0.2246 0.8593 0.8484 0.5570 0.8078
111 0.8965 0.2237 0.8572 0.8462 0.6838 0.8064
112 0.9084 0.2059 0.8717 0.8561 0.5496 0.8196
113 0.9088 0.1952 0.8718 0.8506 0.5618 0.8050
114 0.9060 0.1936 0.8666 0.8567 0.5855 0.8169
115 0.9073 0.1878 0.8683 0.8569 0.5892 0.8168
116 0.9101 0.1911 0.8721 0.8564 0.5858 0.8143
117 0.9101 0.1877 0.8728 0.8546 0.6227 0.8156
118 0.9076 0.1880 0.8701 0.8424 0.6473 0.7983
119 0.9040 0.2029 0.8645 0.8543 0.6642 0.8168
120 0.8974 0.2236 0.8579 0.8417 0.6085 0.7989
121 0.9047 0.2222 0.8658 0.8486 0.5986 0.8101
122 0.9057 0.2052 0.8646 0.8496 0.5189 0.8089
123 0.9057 0.2023 0.8657 0.8489 0.5640 0.8091
124 0.9092 0.1869 0.8701 0.8451 0.5874 0.8065
125 0.9103 0.1826 0.8711 0.8465 0.5716 0.8078
126 0.9136 0.1818 0.8775 0.8506 0.5848 0.8108
127 0.9081 0.1882 0.8710 0.8458 0.5698 0.8066
128 0.9100 0.1888 0.8729 0.8492 0.6037 0.8076
129 0.9056 0.2097 0.8676 0.8460 0.5989 0.8040
130 0.9065 0.2065 0.8674 0.8551 0.6799 0.8173
131 0.9007 0.2087 0.8621 0.8370 0.7164 0.7990
132 0.9025 0.2155 0.8619 0.8550 0.5802 0.8157
133 0.9131 0.1814 0.8753 0.8565 0.5840 0.8155
134 0.9113 0.1800 0.8712 0.8589 0.6070 0.8219
135 0.9112 0.1733 0.8749 0.8593 0.5947 0.8216
136 0.9136 0.1764 0.8768 0.8555 0.5697 0.8154
137 0.9130 0.1754 0.8753 0.8507 0.6085 0.8100
138 0.9084 0.1846 0.8713 0.8455 0.6779 0.8023
139 0.9056 0.1933 0.8671 0.8440 0.6349 0.7989
140 0.9102 0.1932 0.8709 0.8436 0.6203 0.8042
141 0.9049 0.2004 0.8671 0.8389 0.6197 0.7950
142 0.9070 0.1895 0.8674 0.8429 0.6693 0.8004
143 0.9109 0.1790 0.8734 0.8480 0.6346 0.8089
144 0.9141 0.1692 0.8792 0.8487 0.6079 0.8106
145 0.9119 0.1689 0.8740 0.8492 0.6022 0.8112
146 0.9138 0.1654 0.8757 0.8497 0.5884 0.8111
147 0.9157 0.1650 0.8799 0.8457 0.6699 0.8059
148 0.9118 0.1809 0.8735 0.8504 0.6480 0.8119
149 0.9094 0.1890 0.8713 0.8472 0.6594 0.8052
150 0.9081 0.1936 0.8707 0.8297 0.7465 0.7933
151 0.9050 0.2043 0.8658 0.8455 0.5945 0.8103
152 0.9133 0.1751 0.8766 0.8490 0.5888 0.8095
153 0.9138 0.1701 0.8783 0.8489 0.5968 0.8071
154 0.9160 0.1584 0.8818 0.8484 0.6270 0.8107
155 0.9115 0.1657 0.8748 0.8508 0.6159 0.8129
156 0.9134 0.1670 0.8784 0.8452 0.6082 0.8044
157 0.9175 0.1574 0.8803 0.8444 0.6173 0.8006
158 0.9141 0.1720 0.8766 0.8522 0.6366 0.8133
159 0.9129 0.1734 0.8758 0.8276 0.8946 0.7805
160 0.9139 0.1751 0.8784 0.8534 0.5730 0.8127
161 0.9160 0.1572 0.8812 0.8525 0.6163 0.8132
162 0.9172 0.1515 0.8810 0.8536 0.5894 0.8135
163 0.9147 0.1524 0.8778 0.8510 0.5797 0.8109
164 0.9164 0.1561 0.8796 0.8497 0.6065 0.8079
165 0.9204 0.1491 0.8846 0.8510 0.5860 0.8101
166 0.9185 0.1479 0.8824 0.8518 0.6246 0.8097
167 0.9165 0.1461 0.8804 0.8546 0.6244 0.8136
168 0.9162 0.1483 0.8811 0.8531 0.6213 0.8119
169 0.9149 0.1533 0.8786 0.8562 0.6454 0.8148
170 0.9155 0.1491 0.8790 0.8597 0.6335 0.8203
171 0.9175 0.1493 0.8813 0.8566 0.6667 0.8169
172 0.9201 0.1477 0.8848 0.8508 0.6389 0.8130
173 0.9198 0.1478 0.8838 0.8531 0.6185 0.8138
174 0.9182 0.1450 0.8826 0.8559 0.6404 0.8156
175 0.9205 0.1441 0.8849 0.8561 0.6357 0.8167
176 0.9218 0.1432 0.8873 0.8546 0.6275 0.8151
177 0.9184 0.1463 0.8822 0.8535 0.6481 0.8153
178 0.9191 0.1484 0.8824 0.8544 0.6372 0.8137
179 0.9206 0.1408 0.8857 0.8502 0.6665 0.8107
180 0.9238 0.1385 0.8888 0.8549 0.6665 0.8150
181 0.9156 0.1567 0.8805 0.8548 0.5991 0.8127
182 0.9194 0.1417 0.8817 0.8548 0.6203 0.8141
183 0.9189 0.1446 0.8837 0.8511 0.6237 0.8105
184 0.9206 0.1399 0.8851 0.8525 0.6345 0.8117
185 0.9221 0.1379 0.8874 0.8532 0.6137 0.8115
186 0.9233 0.1344 0.8883 0.8535 0.6444 0.8138
187 0.9220 0.1353 0.8859 0.8527 0.6577 0.8136
188 0.9205 0.1398 0.8868 0.8507 0.6482 0.8100
189 0.9216 0.1358 0.8872 0.8528 0.6394 0.8143
190 0.9218 0.1415 0.8867 0.8528 0.6160 0.8127
191 0.9195 0.1425 0.8821 0.8464 0.6601 0.8070
192 0.9193 0.1376 0.8833 0.8514 0.6870 0.8142
193 0.9225 0.1385 0.8879 0.8523 0.7036 0.8139
194 0.9194 0.1413 0.8821 0.8550 0.6642 0.8171
195 0.9197 0.1351 0.8846 0.8530 0.6765 0.8147
196 0.9186 0.1400 0.8830 0.8507 0.6933 0.8126
197 0.9220 0.1335 0.8850 0.8530 0.6633 0.8132
198 0.9204 0.1417 0.8857 0.8482 0.6855 0.8060
199 0.9195 0.1384 0.8842 0.8504 0.7107 0.8085
