epoch train_iou train_loss train_mAP val_iou val_loss val_mAP
0 0.6041 1.1521 0.5347 0.6818 1.0252 0.5950
1 0.7234 0.8630 0.6578 0.6793 1.0147 0.6077
2 0.7544 0.7646 0.6973 0.7045 0.8990 0.6367
3 0.7617 0.7290 0.7040 0.7428 0.7803 0.6928
4 0.7795 0.6623 0.7235 0.7764 0.6610 0.7297
5 0.8060 0.5929 0.7543 0.7761 0.6549 0.7281
6 0.7879 0.6258 0.7357 0.7760 0.6476 0.7274
7 0.7850 0.6405 0.7335 0.7410 0.8929 0.6886
8 0.7932 0.6396 0.7401 0.7542 0.7310 0.6947
9 0.7801 0.6660 0.7302 0.7522 0.8202 0.7117
10 0.7854 0.6529 0.7383 0.7781 0.7129 0.7404
11 0.8091 0.5791 0.7621 0.7841 0.6534 0.7395
12 0.8133 0.5526 0.7682 0.7998 0.6015 0.7581
13 0.8240 0.5166 0.7791 0.8093 0.5798 0.7702
14 0.8334 0.4864 0.7881 0.8224 0.5183 0.7814
15 0.8356 0.4681 0.7917 0.8197 0.5205 0.7770
16 0.8359 0.4700 0.7906 0.8149 0.5235 0.7733
17 0.8320 0.4857 0.7861 0.8213 0.5702 0.7809
18 0.8195 0.5148 0.7759 0.7831 0.6583 0.7370
19 0.8304 0.5044 0.7871 0.8217 0.5431 0.7861
20 0.8224 0.5244 0.7764 0.8067 0.5744 0.7630
21 0.8371 0.4925 0.7932 0.8068 0.5634 0.7619
22 0.8339 0.4850 0.7916 0.8083 0.5654 0.7591
23 0.8538 0.4194 0.8093 0.8288 0.5077 0.7849
24 0.8552 0.3936 0.8110 0.8237 0.5174 0.7790
25 0.8637 0.3686 0.8200 0.8282 0.5055 0.7847
26 0.8561 0.3806 0.8137 0.8306 0.5042 0.7853
27 0.8529 0.3962 0.8098 0.8263 0.5184 0.7827
28 0.8465 0.4286 0.8024 0.8001 0.6614 0.7629
29 0.8417 0.4618 0.7987 0.8093 0.5943 0.7686
30 0.8318 0.4969 0.7860 0.7808 0.6883 0.7260
31 0.8378 0.4711 0.7935 0.8119 0.5634 0.7692
32 0.8460 0.4406 0.8037 0.8291 0.5008 0.7868
33 0.8524 0.4072 0.8114 0.8264 0.5540 0.7857
34 0.8595 0.3808 0.8171 0.8281 0.5086 0.7887
35 0.8659 0.3498 0.8251 0.8270 0.5069 0.7886
36 0.8659 0.3628 0.8237 0.8251 0.5164 0.7809
37 0.8660 0.3714 0.8233 0.8291 0.5393 0.7922
38 0.8640 0.3674 0.8201 0.8329 0.5376 0.7931
39 0.8419 0.4544 0.7963 0.8134 0.5560 0.7659
40 0.8372 0.4689 0.7937 0.7945 0.6879 0.7573
41 0.8467 0.4512 0.8064 0.8031 0.5928 0.7504
42 0.8589 0.3923 0.8145 0.8277 0.5106 0.7858
43 0.8680 0.3609 0.8269 0.8320 0.5220 0.7969
44 0.8743 0.3240 0.8339 0.8331 0.5388 0.7960
45 0.8818 0.2994 0.8408 0.8340 0.5345 0.7951
46 0.8785 0.3094 0.8375 0.8291 0.5624 0.7880
47 0.8765 0.3211 0.8345 0.8293 0.5731 0.7907
48 0.8741 0.3296 0.8322 0.8259 0.5333 0.7851
49 0.8608 0.3869 0.8187 0.8292 0.5351 0.7868
50 0.8534 0.4206 0.8123 0.8084 0.6568 0.7720
51 0.8515 0.4205 0.8102 0.8224 0.5938 0.7850
52 0.8642 0.3667 0.8213 0.8220 0.5951 0.7760
53 0.8729 0.3349 0.8322 0.8268 0.5768 0.7832
54 0.8805 0.3072 0.8404 0.8381 0.5249 0.7983
55 0.8842 0.2875 0.8439 0.8347 0.5272 0.7941
56 0.8833 0.2864 0.8450 0.8322 0.5442 0.7911
57 0.8808 0.3035 0.8369 0.8292 0.5760 0.7870
58 0.8764 0.3240 0.8350 0.8382 0.4964 0.7905
59 0.8679 0.3423 0.8263 0.8225 0.5326 0.7827
60 0.8573 0.3826 0.8148 0.8072 0.6184 0.7624
61 0.8608 0.4063 0.8193 0.8075 0.5970 0.7639
62 0.8661 0.3729 0.8236 0.8070 0.6242 0.7672
63 0.8731 0.3353 0.8324 0.8334 0.5186 0.7950
64 0.8810 0.3021 0.8378 0.8440 0.4817 0.8002
65 0.8836 0.2792 0.8424 0.8467 0.4604 0.8070
66 0.8876 0.2800 0.8482 0.8454 0.4875 0.8035
67 0.8869 0.2813 0.8442 0.8312 0.5381 0.7925
68 0.8776 0.3160 0.8348 0.8072 0.6319 0.7560
69 0.8588 0.3813 0.8159 0.8269 0.5087 0.7833
70 0.8598 0.3938 0.8209 0.8260 0.5251 0.7849
71 0.8746 0.3280 0.8311 0.8338 0.5495 0.7887
72 0.8750 0.3114 0.8341 0.8430 0.5212 0.8020
73 0.8824 0.3000 0.8425 0.8300 0.5655 0.7931
74 0.8940 0.2539 0.8541 0.8490 0.5069 0.8085
75 0.8899 0.2608 0.8485 0.8500 0.4988 0.8081
76 0.8900 0.2573 0.8508 0.8474 0.5010 0.8109
77 0.8923 0.2605 0.8514 0.8461 0.5304 0.8097
78 0.8859 0.2757 0.8453 0.8290 0.5313 0.7893
79 0.8856 0.2876 0.8474 0.8281 0.5706 0.7827
80 0.8636 0.3607 0.8237 0.8113 0.6421 0.7653
81 0.8696 0.3476 0.8267 0.8215 0.6046 0.7823
82 0.8745 0.3223 0.8354 0.8366 0.5263 0.7971
83 0.8830 0.2928 0.8453 0.8440 0.4691 0.8066
84 0.8897 0.2641 0.8513 0.8453 0.5118 0.8088
85 0.8939 0.2510 0.8537 0.8487 0.5091 0.8119
86 0.8922 0.2539 0.8532 0.8457 0.4996 0.8066
87 0.8944 0.2545 0.8532 0.8197 0.6667 0.7784
88 0.8877 0.2733 0.8480 0.8372 0.4995 0.7941
89 0.8859 0.2956 0.8425 0.8233 0.6170 0.7835
90 0.8704 0.3467 0.8286 0.8162 0.5795 0.7665
91 0.8784 0.3109 0.8394 0.8260 0.5417 0.7828
92 0.8841 0.2818 0.8446 0.8390 0.5062 0.8020
93 0.8877 0.2677 0.8473 0.8398 0.5408 0.8007
94 0.8935 0.2428 0.8536 0.8512 0.4784 0.8113
95 0.8960 0.2376 0.8548 0.8524 0.4732 0.8136
96 0.8956 0.2383 0.8564 0.8517 0.5124 0.8157
97 0.8998 0.2314 0.8606 0.8407 0.5177 0.8025
98 0.8911 0.2547 0.8490 0.8456 0.5911 0.8101
99 0.8746 0.3234 0.8332 0.8403 0.6245 0.8073
100 0.8826 0.2879 0.8409 0.8531 0.5428 0.8180
101 0.8961 0.2468 0.8579 0.8527 0.4902 0.8123
102 0.8947 0.2368 0.8531 0.8456 0.4870 0.8035
103 0.8982 0.2297 0.8572 0.8501 0.4938 0.8100
104 0.9013 0.2141 0.8631 0.8463 0.5246 0.8091
105 0.8987 0.2205 0.8600 0.8492 0.5218 0.8100
106 0.9033 0.2110 0.8642 0.8554 0.5320 0.8192
107 0.9056 0.2109 0.8667 0.8531 0.5090 0.8145
108 0.9077 0.2126 0.8690 0.8489 0.5357 0.8133
109 0.8964 0.2335 0.8565 0.8457 0.5948 0.8065
110 0.8942 0.2400 0.8558 0.8372 0.5650 0.7960
111 0.8961 0.2398 0.8567 0.8414 0.5575 0.7999
112 0.8995 0.2222 0.8588 0.8454 0.5791 0.8085
113 0.9037 0.2146 0.8662 0.8462 0.5578 0.8069
114 0.9016 0.2097 0.8629 0.8509 0.5283 0.8126
115 0.9076 0.2005 0.8692 0.8517 0.5280 0.8127
116 0.9036 0.2066 0.8651 0.8525 0.5508 0.8148
117 0.9000 0.2129 0.8615 0.8479 0.5016 0.8072
118 0.9059 0.2050 0.8665 0.8452 0.5657 0.8079
119 0.9031 0.2161 0.8649 0.8499 0.5987 0.8137
120 0.8960 0.2304 0.8533 0.8321 0.6037 0.7881
121 0.8980 0.2299 0.8587 0.8452 0.6017 0.8059
122 0.9025 0.2100 0.8652 0.8504 0.5669 0.8123
123 0.9008 0.2082 0.8613 0.8486 0.5923 0.8101
124 0.9083 0.1995 0.8717 0.8470 0.5794 0.8065
125 0.9072 0.1946 0.8702 0.8475 0.5814 0.8076
126 0.9101 0.1877 0.8728 0.8490 0.5971 0.8111
127 0.9077 0.1914 0.8691 0.8533 0.5782 0.8169
128 0.9069 0.1958 0.8679 0.8540 0.6048 0.8191
129 0.9037 0.2160 0.8653 0.8386 0.6079 0.8006
130 0.9023 0.2191 0.8624 0.8415 0.5481 0.8046
131 0.9037 0.2151 0.8647 0.8439 0.5152 0.8048
132 0.9038 0.2064 0.8663 0.8485 0.5968 0.8072
133 0.9085 0.1904 0.8690 0.8498 0.5880 0.8102
134 0.9063 0.1938 0.8687 0.8509 0.5666 0.8095
135 0.9101 0.1865 0.8717 0.8503 0.5573 0.8112
136 0.9071 0.1868 0.8694 0.8552 0.5819 0.8163
137 0.9121 0.1868 0.8754 0.8543 0.5720 0.8130
138 0.9065 0.1976 0.8699 0.8405 0.5569 0.7974
139 0.9051 0.1982 0.8663 0.8517 0.5753 0.8132
140 0.9058 0.1978 0.8677 0.8238 0.7284 0.7835
141 0.9035 0.2124 0.8647 0.6872 1.9166 0.6028
142 0.9050 0.2105 0.8682 0.8455 0.6465 0.8112
143 0.9036 0.2076 0.8660 0.8568 0.5473 0.8177
144 0.9097 0.1840 0.8729 0.8566 0.5643 0.8173
145 0.9087 0.1847 0.8705 0.8582 0.5566 0.8192
146 0.9097 0.1829 0.8720 0.8543 0.5593 0.8157
147 0.9149 0.1779 0.8773 0.8451 0.6370 0.8113
148 0.9123 0.1812 0.8742 0.8463 0.6316 0.8090
149 0.9085 0.1932 0.8718 0.8464 0.5648 0.8049
150 0.9070 0.2017 0.8701 0.8407 0.5936 0.8059
151 0.9059 0.2070 0.8685 0.8444 0.6278 0.8093
152 0.9063 0.2016 0.8721 0.8529 0.5832 0.8154
153 0.9113 0.1834 0.8730 0.8503 0.5652 0.8121
154 0.9121 0.1779 0.8743 0.8483 0.6196 0.8071
155 0.9088 0.1784 0.8709 0.8516 0.6278 0.8138
156 0.9133 0.1758 0.8773 0.8572 0.6029 0.8213
157 0.9130 0.1748 0.8766 0.8539 0.5895 0.8155
158 0.9124 0.1774 0.8732 0.8568 0.5692 0.8239
159 0.9069 0.1856 0.8695 0.8378 0.5999 0.7998
160 0.9105 0.1768 0.8747 0.8488 0.5904 0.8135
161 0.9119 0.1751 0.8758 0.8506 0.5568 0.8117
162 0.9087 0.1750 0.8715 0.8472 0.5590 0.8065
163 0.9145 0.1676 0.8813 0.8497 0.5878 0.8113
164 0.9139 0.1654 0.8768 0.8496 0.5912 0.8103
165 0.9189 0.1643 0.8831 0.8542 0.5714 0.8145
166 0.9167 0.1611 0.8809 0.8501 0.6003 0.8106
167 0.9140 0.1671 0.8785 0.8541 0.5701 0.8143
168 0.9131 0.1683 0.8771 0.8533 0.5869 0.8117
169 0.9134 0.1653 0.8771 0.8529 0.5766 0.8156
170 0.9145 0.1662 0.8777 0.8540 0.6290 0.8171
171 0.9176 0.1609 0.8813 0.8555 0.5835 0.8155
172 0.9139 0.1656 0.8768 0.8509 0.5909 0.8111
173 0.9168 0.1589 0.8801 0.8492 0.6008 0.8088
174 0.9163 0.1630 0.8818 0.8511 0.5702 0.8109
175 0.9126 0.1640 0.8758 0.8509 0.5817 0.8111
176 0.9148 0.1641 0.8782 0.8477 0.5951 0.8078
177 0.9173 0.1595 0.8824 0.8540 0.6111 0.8144
178 0.9185 0.1558 0.8816 0.8491 0.5785 0.8096
179 0.9160 0.1566 0.8806 0.8518 0.5866 0.8131
180 0.9168 0.1612 0.8803 0.8520 0.6667 0.8127
181 0.9160 0.1593 0.8812 0.8487 0.6277 0.8096
182 0.9140 0.1626 0.8765 0.8488 0.6217 0.8089
183 0.9157 0.1630 0.8800 0.8513 0.6245 0.8125
184 0.9190 0.1543 0.8834 0.8487 0.6401 0.8091
185 0.9148 0.1561 0.8802 0.8532 0.6475 0.8141
186 0.9159 0.1581 0.8799 0.8525 0.6449 0.8137
187 0.9183 0.1602 0.8841 0.8495 0.6258 0.8095
188 0.9181 0.1535 0.8828 0.8529 0.6280 0.8130
189 0.9146 0.1662 0.8791 0.8506 0.5948 0.8137
190 0.9151 0.1591 0.8777 0.8484 0.6203 0.8095
191 0.9197 0.1537 0.8861 0.8509 0.6085 0.8126
192 0.9190 0.1526 0.8828 0.8515 0.6042 0.8139
193 0.9167 0.1557 0.8809 0.8484 0.6383 0.8094
194 0.9154 0.1579 0.8795 0.8486 0.6434 0.8071
195 0.9137 0.1616 0.8761 0.8534 0.6599 0.8143
196 0.9169 0.1564 0.8818 0.8514 0.6501 0.8120
197 0.9199 0.1525 0.8844 0.8521 0.6075 0.8112
198 0.9159 0.1570 0.8796 0.8535 0.6563 0.8141
199 0.9173 0.1583 0.8800 0.8538 0.6706 0.8161
