epoch train_BCELoss train_SoftDiceLoss train_iou train_loss train_mAP val_BCELoss val_SoftDiceLoss val_iou val_loss val_mAP
0 0.5559 0.6805 0.3458 1.9412 0.3444 0.6073 0.7459 0.3549 1.8626 0.3549
1 0.3573 0.4671 0.5804 1.2642 0.5100 0.3174 0.6135 0.6638 1.0639 0.6021
2 0.2758 0.3700 0.6846 0.9643 0.6256 0.3260 0.5859 0.6771 1.1295 0.6069
3 0.2402 0.3259 0.7180 0.8377 0.6637 0.2402 0.5619 0.7162 0.8940 0.6685
4 0.2256 0.3044 0.7441 0.7733 0.6931 0.2248 0.5505 0.7407 0.8171 0.7026
5 0.2143 0.2927 0.7606 0.7132 0.7113 0.2280 0.5366 0.7584 0.8367 0.7085
6 0.1936 0.2643 0.7763 0.6686 0.7292 0.2220 0.5504 0.7684 0.7326 0.7228
7 0.1790 0.2497 0.7821 0.6345 0.7393 0.2014 0.5361 0.7628 0.6699 0.7232
8 0.1626 0.2276 0.8029 0.5723 0.7633 0.1826 0.5265 0.7741 0.6468 0.7417
9 0.1517 0.2147 0.8147 0.5382 0.7735 0.1925 0.5245 0.7901 0.6379 0.7552
10 0.1493 0.2134 0.8232 0.5113 0.7800 0.1821 0.5196 0.7869 0.6286 0.7547
11 0.1449 0.2047 0.8209 0.5140 0.7790 0.1718 0.5151 0.7911 0.6090 0.7569
12 0.1421 0.1992 0.8215 0.5173 0.7797 0.1858 0.5224 0.7930 0.6369 0.7637
13 0.1504 0.2113 0.8183 0.5267 0.7796 0.1923 0.5290 0.7946 0.6545 0.7646
14 0.1557 0.2167 0.8121 0.5547 0.7691 0.2120 0.5437 0.7563 0.7176 0.7064
15 0.1512 0.2122 0.8124 0.5478 0.7693 0.2187 0.5327 0.7528 0.7873 0.7169
16 0.1456 0.2067 0.8179 0.5295 0.7802 0.3408 0.5826 0.6610 1.1114 0.5985
17 0.1298 0.1827 0.8328 0.4776 0.7910 0.1847 0.5079 0.7959 0.6302 0.7645
18 0.1263 0.1787 0.8438 0.4508 0.8043 0.1645 0.5043 0.8095 0.5745 0.7791
19 0.1142 0.1640 0.8497 0.4183 0.8109 0.1698 0.4964 0.8152 0.6077 0.7864
20 0.1119 0.1618 0.8583 0.4104 0.8218 0.1678 0.4982 0.8161 0.5847 0.7883
21 0.1057 0.1527 0.8536 0.4035 0.8159 0.1776 0.4900 0.8245 0.6197 0.7907
22 0.1166 0.1607 0.8503 0.4366 0.8141 0.1809 0.5070 0.7944 0.6304 0.7551
23 0.1271 0.1760 0.8450 0.4583 0.8059 0.2699 0.5154 0.7806 0.9126 0.7485
24 0.1392 0.1940 0.8252 0.4990 0.7883 0.3493 0.5633 0.6797 1.1564 0.6309
25 0.1284 0.1783 0.8375 0.4699 0.7946 0.2284 0.5025 0.7733 0.8847 0.7491
26 0.1292 0.1812 0.8461 0.4542 0.8081 0.2076 0.4944 0.7922 0.7523 0.7604
27 0.1118 0.1566 0.8540 0.4126 0.8153 0.1795 0.4995 0.8247 0.6123 0.7926
28 0.1084 0.1541 0.8626 0.3919 0.8292 0.2136 0.5020 0.7980 0.7221 0.7690
29 0.0970 0.1406 0.8686 0.3622 0.8342 0.1754 0.4857 0.8191 0.6142 0.7875
30 0.0890 0.1319 0.8712 0.3442 0.8361 0.1768 0.4816 0.8256 0.6134 0.7940
31 0.0801 0.1152 0.8850 0.3146 0.8509 0.1963 0.4767 0.8314 0.6739 0.8013
32 0.0882 0.1275 0.8712 0.3507 0.8343 0.1950 0.4805 0.8320 0.6539 0.8016
33 0.0987 0.1368 0.8636 0.3833 0.8244 0.1850 0.5022 0.8093 0.6294 0.7746
34 0.1121 0.1576 0.8524 0.4177 0.8158 0.1968 0.5167 0.8114 0.6658 0.7820
35 0.1138 0.1573 0.8475 0.4308 0.8098 0.2646 0.5337 0.7563 0.8258 0.7070
36 0.1228 0.1732 0.8448 0.4444 0.8073 0.1852 0.4824 0.8173 0.6703 0.7914
37 0.1045 0.1484 0.8643 0.3819 0.8299 0.2017 0.4960 0.8095 0.6930 0.7742
38 0.1022 0.1410 0.8695 0.3745 0.8358 0.1813 0.4933 0.8258 0.6118 0.8010
39 0.0918 0.1330 0.8757 0.3447 0.8404 0.1791 0.4862 0.8224 0.6071 0.7955
40 0.0899 0.1338 0.8804 0.3276 0.8451 0.1765 0.4830 0.8287 0.5921 0.8027
41 0.0863 0.1242 0.8868 0.3206 0.8520 0.1778 0.4870 0.8311 0.5973 0.8063
42 0.0806 0.1155 0.8776 0.3292 0.8438 0.2259 0.4829 0.8300 0.7141 0.7988
43 0.0919 0.1245 0.8730 0.3581 0.8338 0.2067 0.4977 0.7873 0.7201 0.7431
44 0.1005 0.1386 0.8650 0.3844 0.8248 0.2032 0.5088 0.8116 0.6208 0.7775
45 0.1065 0.1502 0.8567 0.4121 0.8178 0.2116 0.5170 0.7968 0.6638 0.7635
46 0.0988 0.1384 0.8670 0.3729 0.8285 0.1648 0.4844 0.8307 0.5797 0.7954
47 0.0876 0.1258 0.8809 0.3422 0.8445 0.2119 0.4726 0.8232 0.7436 0.7896
48 0.0806 0.1142 0.8774 0.3275 0.8423 0.2374 0.4913 0.8014 0.8155 0.7747
49 0.0716 0.1001 0.8953 0.2834 0.8629 0.1984 0.4760 0.8319 0.6679 0.8070
50 0.0683 0.1001 0.8921 0.2755 0.8592 0.2104 0.4755 0.8286 0.6988 0.8028
51 0.0671 0.0988 0.8934 0.2781 0.8618 0.2657 0.4712 0.8237 0.8178 0.7978
52 0.0711 0.1021 0.8917 0.2946 0.8583 0.1911 0.4741 0.8303 0.6453 0.8045
53 0.0695 0.0995 0.8939 0.2927 0.8596 0.2272 0.4760 0.8268 0.7438 0.7991
54 0.0958 0.1318 0.8664 0.3832 0.8298 0.2276 0.5348 0.7846 0.7252 0.7487
55 0.1022 0.1445 0.8674 0.3855 0.8316 0.1907 0.5065 0.8247 0.6184 0.7934
56 0.0914 0.1295 0.8747 0.3567 0.8384 0.2206 0.4872 0.8275 0.7042 0.7956
57 0.0881 0.1256 0.8801 0.3371 0.8451 0.2443 0.4877 0.8205 0.7752 0.7949
58 0.0803 0.1119 0.8922 0.3092 0.8601 0.2226 0.4643 0.8322 0.7268 0.8045
59 0.0756 0.1071 0.8937 0.2921 0.8636 0.2132 0.4655 0.8331 0.7013 0.8093
60 0.0668 0.0982 0.9004 0.2660 0.8714 0.2021 0.4675 0.8338 0.6744 0.8106
61 0.0653 0.0923 0.8941 0.2724 0.8629 0.2123 0.4705 0.8332 0.6940 0.8088
62 0.0676 0.0957 0.8947 0.2794 0.8622 0.1969 0.4743 0.8261 0.6834 0.7945
63 0.0738 0.1030 0.8917 0.2945 0.8583 0.2084 0.4691 0.8421 0.6942 0.8154
64 0.0810 0.1135 0.8843 0.3224 0.8483 0.2968 0.4864 0.8135 0.9061 0.7830
65 0.0989 0.1372 0.8672 0.3864 0.8281 0.2325 0.4935 0.7984 0.7739 0.7651
66 0.0910 0.1291 0.8774 0.3506 0.8440 0.2834 0.4811 0.8011 0.8881 0.7676
67 0.0771 0.1095 0.8895 0.3086 0.8560 0.2106 0.4609 0.8343 0.7231 0.8071
68 0.0658 0.0925 0.8926 0.2827 0.8600 0.1813 0.4685 0.8445 0.6073 0.8145
69 0.0616 0.0896 0.9029 0.2592 0.8713 0.2236 0.4524 0.8372 0.7260 0.8146
70 0.0568 0.0817 0.9067 0.2453 0.8763 0.2199 0.4490 0.8401 0.7127 0.8155
71 0.0571 0.0817 0.9005 0.2573 0.8706 0.2130 0.4479 0.8396 0.6978 0.8148
72 0.0595 0.0844 0.8987 0.2606 0.8673 0.2465 0.4554 0.8298 0.7878 0.7983
73 0.0746 0.1047 0.8897 0.3016 0.8543 0.3869 0.5200 0.7641 1.1215 0.7097
74 0.0821 0.1120 0.8856 0.3236 0.8516 0.2548 0.4740 0.8287 0.7914 0.7978
75 0.0778 0.1097 0.8877 0.3126 0.8545 0.1905 0.4883 0.8274 0.6490 0.7891
76 0.0827 0.1169 0.8858 0.3261 0.8525 0.1918 0.4806 0.8187 0.6608 0.7949
77 0.0676 0.0967 0.8972 0.2816 0.8666 0.2232 0.4731 0.8141 0.7526 0.7800
78 0.0659 0.0946 0.8959 0.2742 0.8657 0.2178 0.4655 0.8272 0.7182 0.8032
79 0.0572 0.0815 0.9051 0.2453 0.8738 0.2446 0.4548 0.8317 0.7841 0.8079
80 0.0526 0.0748 0.9080 0.2355 0.8789 0.2369 0.4581 0.8317 0.7582 0.8083
81 0.0479 0.0692 0.9052 0.2371 0.8762 0.2658 0.4563 0.8324 0.8301 0.8068
82 0.0517 0.0726 0.9078 0.2349 0.8778 0.2312 0.4567 0.8118 0.7899 0.7872
83 0.0623 0.0867 0.9006 0.2655 0.8683 0.2314 0.4640 0.8325 0.7444 0.7990
84 0.0673 0.0931 0.8908 0.2915 0.8574 0.2406 0.4825 0.8211 0.7903 0.7837
85 0.0768 0.1095 0.8829 0.3197 0.8473 0.2553 0.4766 0.8060 0.8838 0.7782
86 0.0995 0.1397 0.8707 0.3808 0.8371 0.3235 0.5030 0.7985 0.9682 0.7594
87 0.0787 0.1103 0.8923 0.3050 0.8588 0.2915 0.4802 0.8328 0.8626 0.8045
88 0.0675 0.0949 0.8990 0.2704 0.8682 0.2306 0.4567 0.8406 0.7161 0.8160
89 0.0587 0.0817 0.9086 0.2419 0.8782 0.1962 0.4455 0.8465 0.6552 0.8240
90 0.0520 0.0756 0.9124 0.2280 0.8833 0.1943 0.4457 0.8488 0.6449 0.8259
91 0.0519 0.0762 0.9114 0.2266 0.8813 0.2555 0.4445 0.8427 0.7876 0.8202
92 0.0507 0.0708 0.9129 0.2233 0.8855 0.2244 0.4532 0.8440 0.7305 0.8210
93 0.0501 0.0701 0.9116 0.2288 0.8828 0.2679 0.4489 0.8367 0.8108 0.8052
94 0.0628 0.0879 0.8984 0.2708 0.8683 0.2652 0.4753 0.8294 0.8091 0.7981
95 0.0766 0.1048 0.8840 0.3146 0.8498 0.3301 0.4889 0.8035 0.9924 0.7719
96 0.0684 0.0971 0.8999 0.2834 0.8697 0.1915 0.4729 0.8261 0.6606 0.7953
97 0.0639 0.0905 0.8957 0.2734 0.8647 0.2715 0.4915 0.8126 0.8958 0.7865
98 0.0508 0.0732 0.9109 0.2310 0.8810 0.2333 0.4584 0.8378 0.7378 0.8096
99 0.0433 0.0620 0.9175 0.2023 0.8885 0.2876 0.4485 0.8383 0.8758 0.8121
