epoch train_iou train_loss train_mAP val_iou val_loss val_mAP
0 0.6206 1.2147 0.5506 0.6661 1.0136 0.6174
1 0.7196 0.8906 0.6630 0.7132 0.8677 0.6436
2 0.7556 0.7696 0.6994 0.7544 0.7525 0.6998
3 0.7795 0.6959 0.7236 0.7662 0.7260 0.7221
4 0.7919 0.6453 0.7395 0.7822 0.6715 0.7381
5 0.8039 0.5912 0.7561 0.7829 0.6597 0.7395
6 0.8028 0.6068 0.7500 0.7865 0.6536 0.7453
7 0.7945 0.6353 0.7418 0.7741 0.7013 0.7311
8 0.7918 0.6544 0.7418 0.7623 0.7506 0.7161
9 0.7955 0.6463 0.7454 0.7566 0.7816 0.7144
10 0.7910 0.6638 0.7431 0.7871 0.6699 0.7368
11 0.8001 0.6076 0.7530 0.7821 0.7098 0.7393
12 0.8173 0.5531 0.7754 0.7941 0.6183 0.7549
13 0.8322 0.5101 0.7897 0.8058 0.5698 0.7734
14 0.8355 0.4768 0.7918 0.8251 0.5269 0.7821
15 0.8394 0.4537 0.7937 0.8292 0.5197 0.7882
16 0.8403 0.4600 0.7963 0.8267 0.5315 0.7810
17 0.8361 0.4758 0.7932 0.8205 0.5312 0.7814
18 0.8362 0.4911 0.7910 0.8123 0.6216 0.7728
19 0.8243 0.5335 0.7817 0.8120 0.5882 0.7774
20 0.8135 0.5701 0.7654 0.8037 0.6253 0.7701
21 0.8203 0.5533 0.7741 0.8013 0.6190 0.7603
22 0.8246 0.5222 0.7817 0.8217 0.5921 0.7899
23 0.8437 0.4535 0.8002 0.8318 0.5129 0.7865
24 0.8520 0.4201 0.8088 0.8306 0.4917 0.7899
25 0.8604 0.3864 0.8166 0.8384 0.4825 0.7983
26 0.8563 0.3974 0.8134 0.8404 0.4717 0.8026
27 0.8552 0.4139 0.8125 0.8341 0.5274 0.7931
28 0.8526 0.4371 0.8087 0.8236 0.5914 0.7911
29 0.8362 0.4800 0.7916 0.8110 0.5882 0.7715
30 0.8338 0.4975 0.7914 0.8083 0.5760 0.7656
31 0.8352 0.4819 0.7930 0.8163 0.5728 0.7739
32 0.8510 0.4238 0.8095 0.8192 0.5505 0.7817
33 0.8617 0.3892 0.8200 0.8164 0.5391 0.7746
34 0.8639 0.3669 0.8228 0.8439 0.4632 0.8038
35 0.8748 0.3423 0.8321 0.8458 0.4589 0.8064
36 0.8691 0.3567 0.8275 0.8514 0.4514 0.8107
37 0.8648 0.3713 0.8210 0.8369 0.5300 0.7994
38 0.8572 0.3995 0.8145 0.8438 0.4831 0.8025
39 0.8480 0.4571 0.8074 0.7708 0.7403 0.7270
40 0.8439 0.4682 0.7991 0.7456 0.8043 0.6965
41 0.8387 0.4729 0.7944 0.8132 0.5601 0.7720
42 0.8526 0.4196 0.8112 0.8042 0.6142 0.7567
43 0.8656 0.3765 0.8271 0.8427 0.5156 0.8006
44 0.8722 0.3351 0.8317 0.8494 0.4879 0.8050
45 0.8738 0.3178 0.8321 0.8505 0.4834 0.8071
46 0.8804 0.3174 0.8416 0.8393 0.4891 0.8002
47 0.8726 0.3440 0.8347 0.8474 0.4860 0.8093
48 0.8585 0.3916 0.8171 0.8251 0.5272 0.7852
49 0.8596 0.4047 0.8168 0.8370 0.5070 0.7978
50 0.8433 0.4515 0.8016 0.7679 0.7236 0.7221
51 0.8391 0.4663 0.7942 0.8203 0.5492 0.7784
52 0.8529 0.3983 0.8119 0.8451 0.4808 0.8062
53 0.8683 0.3548 0.8278 0.8449 0.4734 0.8112
54 0.8749 0.3281 0.8352 0.8510 0.4940 0.8100
55 0.8826 0.2989 0.8413 0.8481 0.4912 0.8109
56 0.8756 0.3105 0.8347 0.8513 0.5038 0.8117
57 0.8784 0.3124 0.8361 0.8454 0.5031 0.8078
58 0.8741 0.3271 0.8325 0.8344 0.5331 0.7963
59 0.8674 0.3743 0.8260 0.8202 0.6278 0.7838
60 0.8523 0.4304 0.8094 0.7938 0.7152 0.7528
61 0.8550 0.4190 0.8147 0.8359 0.4978 0.7992
62 0.8662 0.3614 0.8229 0.8241 0.5336 0.7784
63 0.8748 0.3315 0.8344 0.8540 0.4675 0.8147
64 0.8865 0.2775 0.8437 0.8510 0.5362 0.8090
65 0.8918 0.2620 0.8510 0.8525 0.5255 0.8126
66 0.8897 0.2697 0.8471 0.8437 0.5473 0.8023
67 0.8873 0.2844 0.8455 0.8400 0.5507 0.8011
68 0.8736 0.3251 0.8302 0.8296 0.5831 0.7918
69 0.8790 0.3168 0.8378 0.8051 0.7599 0.7679
70 0.8625 0.3846 0.8198 0.7786 0.9294 0.7337
71 0.8699 0.3546 0.8265 0.8268 0.6029 0.7898
72 0.8725 0.3308 0.8328 0.8436 0.5122 0.8000
73 0.8801 0.3079 0.8388 0.8359 0.5967 0.7959
74 0.8884 0.2776 0.8477 0.8447 0.5798 0.8076
75 0.8921 0.2592 0.8541 0.8449 0.5586 0.8060
76 0.8876 0.2624 0.8455 0.8468 0.5134 0.8065
77 0.8875 0.2774 0.8454 0.8450 0.5234 0.8079
78 0.8909 0.2698 0.8491 0.8329 0.6404 0.7974
79 0.8798 0.3109 0.8363 0.8309 0.5679 0.7921
80 0.8708 0.3457 0.8284 0.7997 0.6357 0.7504
81 0.8715 0.3469 0.8290 0.8391 0.5198 0.8046
82 0.8748 0.3169 0.8327 0.8530 0.5187 0.8137
83 0.8892 0.2777 0.8473 0.8398 0.5335 0.8060
84 0.8918 0.2597 0.8532 0.8574 0.5033 0.8183
85 0.8996 0.2373 0.8596 0.8548 0.5066 0.8159
86 0.8985 0.2392 0.8566 0.8563 0.4778 0.8166
87 0.8963 0.2414 0.8555 0.8403 0.5872 0.7968
88 0.8923 0.2780 0.8540 0.8403 0.5565 0.7988
89 0.8668 0.3721 0.8236 0.8303 0.5514 0.7895
90 0.8692 0.3537 0.8275 0.8221 0.5921 0.7751
91 0.8687 0.3502 0.8249 0.8490 0.5241 0.8131
92 0.8838 0.2904 0.8434 0.8400 0.5367 0.7989
93 0.8890 0.2654 0.8488 0.8509 0.5616 0.8088
94 0.8969 0.2336 0.8571 0.8487 0.5903 0.8101
95 0.9045 0.2204 0.8670 0.8514 0.5813 0.8121
96 0.9023 0.2274 0.8629 0.8519 0.5660 0.8105
97 0.8980 0.2367 0.8581 0.8477 0.6208 0.8088
98 0.8895 0.2533 0.8481 0.8414 0.7321 0.8032
99 0.8878 0.2901 0.8449 0.8249 0.5698 0.7805
100 0.8904 0.2601 0.8482 0.8289 0.6097 0.7847
101 0.9002 0.2424 0.8598 0.8486 0.5905 0.8063
102 0.8994 0.2292 0.8592 0.8463 0.5975 0.8096
103 0.9024 0.2206 0.8657 0.8451 0.5752 0.8052
104 0.9051 0.2088 0.8666 0.8488 0.6174 0.8118
105 0.9066 0.2054 0.8695 0.8487 0.5996 0.8119
106 0.9080 0.2001 0.8684 0.8488 0.6245 0.8102
107 0.9033 0.2113 0.8641 0.8513 0.5343 0.8138
108 0.9051 0.2130 0.8666 0.8474 0.6109 0.8102
109 0.9006 0.2106 0.8608 0.8414 0.6447 0.7972
110 0.9025 0.2265 0.8632 0.8362 0.6255 0.7952
111 0.9027 0.2245 0.8639 0.8523 0.6084 0.8119
112 0.9037 0.2115 0.8650 0.8534 0.6068 0.8139
113 0.9042 0.2097 0.8672 0.8568 0.6046 0.8192
114 0.9096 0.1954 0.8705 0.8583 0.6111 0.8201
115 0.9072 0.1995 0.8698 0.8563 0.5923 0.8181
116 0.9093 0.1923 0.8721 0.8531 0.6017 0.8113
117 0.9077 0.1913 0.8676 0.8560 0.5849 0.8175
118 0.9037 0.2027 0.8673 0.8542 0.6319 0.8175
119 0.9042 0.2063 0.8677 0.8435 0.6775 0.8062
120 0.9064 0.2158 0.8713 0.8197 0.6724 0.7725
121 0.9027 0.2186 0.8627 0.8550 0.5556 0.8202
122 0.9025 0.2166 0.8622 0.8424 0.6366 0.8062
123 0.9057 0.2016 0.8655 0.8378 0.6347 0.7976
124 0.9082 0.1903 0.8691 0.8452 0.6416 0.8048
125 0.9057 0.1880 0.8662 0.8471 0.6382 0.8090
126 0.9081 0.1898 0.8702 0.8482 0.6550 0.8124
127 0.9076 0.1885 0.8706 0.8466 0.6273 0.8049
128 0.9096 0.1883 0.8720 0.8513 0.6676 0.8181
129 0.9059 0.2085 0.8655 0.8357 0.6174 0.7966
130 0.9003 0.2307 0.8610 0.8342 0.4971 0.7921
131 0.9034 0.2263 0.8652 0.8409 0.5846 0.8004
132 0.9037 0.2100 0.8655 0.8536 0.5500 0.8177
133 0.9093 0.1890 0.8710 0.8543 0.5457 0.8126
134 0.9065 0.1846 0.8676 0.8526 0.6081 0.8114
135 0.9120 0.1747 0.8743 0.8546 0.6101 0.8147
136 0.9108 0.1831 0.8728 0.8542 0.5752 0.8113
137 0.9130 0.1834 0.8762 0.8491 0.6010 0.8083
138 0.9083 0.1967 0.8699 0.8509 0.6425 0.8107
139 0.9076 0.1934 0.8693 0.8466 0.7001 0.8124
140 0.9032 0.2192 0.8627 0.8394 0.6669 0.7986
141 0.9057 0.2101 0.8660 0.8496 0.6445 0.8127
142 0.9062 0.1965 0.8686 0.8489 0.7111 0.8067
143 0.9063 0.1948 0.8693 0.8514 0.5676 0.8070
144 0.9125 0.1738 0.8759 0.8524 0.6261 0.8138
145 0.9131 0.1710 0.8790 0.8524 0.6124 0.8132
146 0.9107 0.1759 0.8752 0.8520 0.6084 0.8126
147 0.9112 0.1718 0.8736 0.8609 0.6240 0.8233
148 0.9115 0.1783 0.8743 0.8479 0.5934 0.8064
149 0.9101 0.1858 0.8740 0.8480 0.7351 0.8067
150 0.9066 0.2113 0.8666 0.8520 0.6075 0.8106
151 0.9050 0.2057 0.8679 0.8497 0.6850 0.8081
152 0.9030 0.2098 0.8649 0.8589 0.5289 0.8201
153 0.9048 0.1969 0.8667 0.8539 0.6105 0.8155
154 0.9106 0.1790 0.8757 0.8601 0.6144 0.8222
155 0.9100 0.1768 0.8738 0.8615 0.5922 0.8237
156 0.9143 0.1717 0.8762 0.8605 0.5556 0.8233
157 0.9142 0.1646 0.8780 0.8536 0.6743 0.8135
158 0.9098 0.1876 0.8716 0.8468 0.6940 0.8056
159 0.9071 0.1911 0.8675 0.8493 0.6422 0.8048
160 0.9123 0.1806 0.8764 0.8569 0.6036 0.8195
161 0.9117 0.1737 0.8733 0.8552 0.6044 0.8183
162 0.9121 0.1659 0.8766 0.8575 0.5998 0.8201
163 0.9169 0.1555 0.8809 0.8606 0.6059 0.8213
164 0.9125 0.1658 0.8742 0.8598 0.6042 0.8236
165 0.9167 0.1571 0.8818 0.8596 0.6186 0.8230
166 0.9149 0.1603 0.8782 0.8605 0.6128 0.8226
167 0.9166 0.1602 0.8812 0.8599 0.6129 0.8225
168 0.9203 0.1480 0.8837 0.8624 0.6217 0.8256
169 0.9158 0.1587 0.8796 0.8523 0.6370 0.8132
170 0.9167 0.1523 0.8799 0.8597 0.6615 0.8222
171 0.9140 0.1559 0.8757 0.8575 0.6704 0.8213
172 0.9133 0.1599 0.8757 0.8583 0.6766 0.8195
173 0.9150 0.1573 0.8789 0.8607 0.6721 0.8239
174 0.9152 0.1525 0.8768 0.8590 0.6706 0.8212
175 0.9168 0.1499 0.8795 0.8578 0.6654 0.8190
176 0.9125 0.1621 0.8750 0.8632 0.6754 0.8257
177 0.9182 0.1527 0.8822 0.8604 0.6900 0.8242
178 0.9179 0.1530 0.8837 0.8562 0.6658 0.8194
179 0.9201 0.1462 0.8862 0.8577 0.6882 0.8190
180 0.9184 0.1471 0.8815 0.8595 0.7181 0.8234
181 0.9154 0.1599 0.8795 0.8552 0.6986 0.8177
182 0.9184 0.1495 0.8828 0.8571 0.6971 0.8204
183 0.9214 0.1432 0.8859 0.8593 0.7027 0.8222
184 0.9170 0.1484 0.8792 0.8586 0.7140 0.8207
185 0.9190 0.1456 0.8839 0.8576 0.7112 0.8220
186 0.9187 0.1458 0.8842 0.8548 0.7119 0.8169
187 0.9214 0.1448 0.8859 0.8584 0.7070 0.8208
188 0.9166 0.1496 0.8822 0.8575 0.7107 0.8208
189 0.9199 0.1423 0.8848 0.8551 0.7259 0.8168
190 0.9228 0.1388 0.8872 0.8548 0.7357 0.8190
191 0.9165 0.1487 0.8807 0.8507 0.7698 0.8101
192 0.9190 0.1446 0.8829 0.8548 0.7450 0.8165
193 0.9189 0.1458 0.8829 0.8506 0.8116 0.8157
194 0.9212 0.1435 0.8850 0.8556 0.7695 0.8201
195 0.9222 0.1410 0.8881 0.8555 0.7741 0.8190
196 0.9204 0.1436 0.8844 0.8573 0.7373 0.8198
197 0.9216 0.1400 0.8871 0.8559 0.7521 0.8204
198 0.9231 0.1380 0.8883 0.8561 0.7372 0.8175
199 0.9175 0.1426 0.8800 0.8544 0.7310 0.8177
