epoch train_BCELoss train_SoftDiceLoss train_iou train_loss train_mAP val_BCELoss val_SoftDiceLoss val_iou val_loss val_mAP
0 0.5617 0.5946 0.2832 1.1557 0.1910 0.4116 0.6976 0.5237 1.1088 0.4357
1 0.2709 0.2675 0.6679 0.5385 0.6017 0.2599 0.5953 0.6865 0.8555 0.6391
2 0.2347 0.2237 0.7001 0.4587 0.6442 0.2376 0.5644 0.7244 0.8026 0.6736
3 0.2160 0.2027 0.7160 0.4191 0.6614 0.2097 0.5718 0.7253 0.7821 0.6859
4 0.2086 0.1912 0.7451 0.4003 0.6939 0.2297 0.5597 0.7403 0.7902 0.6922
5 0.1917 0.1743 0.7571 0.3665 0.7097 0.1795 0.5271 0.7708 0.7076 0.7287
6 0.1601 0.1514 0.7776 0.3122 0.7312 0.1692 0.5303 0.7636 0.7005 0.7309
7 0.1479 0.1415 0.7959 0.2902 0.7514 0.1863 0.5222 0.7803 0.7095 0.7351
8 0.1316 0.1226 0.8101 0.2550 0.7677 0.1949 0.5236 0.7890 0.7197 0.7558
9 0.1216 0.1141 0.8167 0.2366 0.7753 0.1711 0.5107 0.8028 0.6831 0.7700
10 0.1164 0.1131 0.8223 0.2305 0.7800 0.1647 0.5094 0.8049 0.6753 0.7732
11 0.1228 0.1151 0.8205 0.2389 0.7790 0.1662 0.5042 0.8128 0.6716 0.7839
12 0.1229 0.1172 0.8134 0.2410 0.7715 0.1549 0.5162 0.8042 0.6723 0.7704
13 0.1240 0.1114 0.8172 0.2363 0.7769 0.1747 0.5148 0.7970 0.6908 0.7608
14 0.1339 0.1247 0.8108 0.2596 0.7681 0.2792 0.5245 0.7889 0.8050 0.7436
15 0.1349 0.1200 0.8100 0.2558 0.7687 0.1936 0.5297 0.7809 0.7243 0.7472
16 0.1423 0.1290 0.8070 0.2722 0.7623 0.1716 0.5111 0.8097 0.6840 0.7755
17 0.1151 0.1075 0.8274 0.2237 0.7861 0.2009 0.5045 0.8026 0.7068 0.7716
18 0.1084 0.1013 0.8279 0.2107 0.7864 0.1895 0.4935 0.8210 0.6844 0.7894
19 0.0857 0.0799 0.8454 0.1667 0.8090 0.1986 0.4977 0.8167 0.6977 0.7880
20 0.0912 0.0821 0.8431 0.1745 0.8071 0.1927 0.4943 0.8195 0.6884 0.7901
21 0.0834 0.0796 0.8506 0.1641 0.8139 0.2183 0.4949 0.8212 0.7147 0.7924
22 0.0928 0.0845 0.8431 0.1784 0.8050 0.2350 0.4952 0.8186 0.7317 0.7881
23 0.0923 0.0817 0.8464 0.1751 0.8071 0.2021 0.4938 0.8068 0.6973 0.7645
24 0.1086 0.0993 0.8416 0.2089 0.8014 0.1925 0.4994 0.8209 0.6933 0.7889
25 0.0998 0.0895 0.8355 0.1903 0.7932 0.2133 0.5041 0.7726 0.7187 0.7287
26 0.1067 0.0938 0.8339 0.2015 0.7921 0.1777 0.5020 0.8148 0.6811 0.7803
27 0.0961 0.0907 0.8439 0.1880 0.8035 0.2004 0.4976 0.8146 0.6995 0.7811
28 0.0748 0.0694 0.8594 0.1454 0.8236 0.2412 0.4812 0.8340 0.7239 0.7989
29 0.0714 0.0649 0.8625 0.1375 0.8274 0.2180 0.4785 0.8369 0.6981 0.8091
30 0.0732 0.0634 0.8709 0.1378 0.8369 0.2014 0.4814 0.8385 0.6844 0.8102
31 0.0655 0.0626 0.8636 0.1294 0.8275 0.2311 0.4812 0.8341 0.7140 0.8059
32 0.0696 0.0640 0.8717 0.1348 0.8357 0.2466 0.4817 0.8386 0.7300 0.8088
33 0.0800 0.0728 0.8525 0.1539 0.8140 0.2161 0.4905 0.8255 0.7081 0.7957
34 0.0899 0.0802 0.8433 0.1712 0.8049 0.2308 0.4918 0.8228 0.7242 0.7891
35 0.1004 0.0923 0.8371 0.1939 0.7946 0.2256 0.5121 0.7959 0.7391 0.7621
36 0.0871 0.0819 0.8483 0.1702 0.8105 0.2564 0.4920 0.8254 0.7499 0.7957
37 0.0725 0.0664 0.8622 0.1402 0.8242 0.2440 0.4801 0.8358 0.7257 0.8040
38 0.0645 0.0586 0.8694 0.1243 0.8338 0.2727 0.4802 0.8198 0.7546 0.7899
39 0.0618 0.0590 0.8775 0.1221 0.8420 0.2485 0.4728 0.8362 0.7230 0.8065
40 0.0545 0.0513 0.8744 0.1071 0.8394 0.2544 0.4767 0.8333 0.7328 0.8030
41 0.0530 0.0492 0.8813 0.1036 0.8495 0.2477 0.4744 0.8421 0.7239 0.8137
42 0.0582 0.0527 0.8742 0.1121 0.8409 0.2622 0.4887 0.8323 0.7526 0.8070
43 0.0551 0.0489 0.8740 0.1053 0.8399 0.2513 0.4796 0.8322 0.7326 0.8030
44 0.0865 0.0755 0.8539 0.1632 0.8175 0.2039 0.4816 0.8385 0.6871 0.8038
45 0.0896 0.0782 0.8452 0.1690 0.8067 0.2160 0.5000 0.8122 0.7176 0.7853
46 0.0857 0.0748 0.8515 0.1617 0.8137 0.2531 0.4905 0.8244 0.7452 0.7941
47 0.0650 0.0582 0.8728 0.1245 0.8354 0.2319 0.4844 0.8431 0.7180 0.8141
48 0.0628 0.0563 0.8657 0.1204 0.8312 0.2310 0.4811 0.8421 0.7138 0.8141
49 0.0529 0.0500 0.8802 0.1042 0.8485 0.2025 0.4750 0.8498 0.6793 0.8216
50 0.0533 0.0494 0.8819 0.1040 0.8504 0.2057 0.4732 0.8494 0.6806 0.8212
51 0.0550 0.0509 0.8788 0.1073 0.8456 0.2193 0.4775 0.8461 0.6986 0.8186
52 0.0555 0.0479 0.8843 0.1048 0.8510 0.2232 0.4682 0.8421 0.6931 0.8097
53 0.0597 0.0533 0.8675 0.1143 0.8305 0.2068 0.4753 0.8380 0.6838 0.8097
54 0.0700 0.0616 0.8667 0.1329 0.8328 0.2502 0.5019 0.8215 0.7537 0.7944
55 0.0780 0.0714 0.8535 0.1506 0.8153 0.2497 0.4794 0.8250 0.7307 0.7859
56 0.0816 0.0724 0.8527 0.1553 0.8152 0.2319 0.4761 0.8304 0.7098 0.7980
57 0.0619 0.0574 0.8745 0.1207 0.8390 0.2781 0.4762 0.8356 0.7560 0.8053
58 0.0635 0.0543 0.8747 0.1191 0.8430 0.1731 0.4748 0.8474 0.6497 0.8124
59 0.0496 0.0466 0.8836 0.0975 0.8532 0.2116 0.4739 0.8465 0.6873 0.8151
60 0.0501 0.0463 0.8813 0.0979 0.8482 0.2163 0.4720 0.8513 0.6900 0.8207
61 0.0504 0.0471 0.8818 0.0989 0.8511 0.2264 0.4738 0.8487 0.7020 0.8131
62 0.0518 0.0476 0.8838 0.1008 0.8519 0.2202 0.4700 0.8361 0.6920 0.8016
63 0.0579 0.0539 0.8775 0.1131 0.8408 0.2210 0.4798 0.8415 0.7025 0.8106
64 0.0610 0.0540 0.8708 0.1163 0.8371 0.2221 0.4805 0.8362 0.7043 0.8019
65 0.0801 0.0697 0.8645 0.1510 0.8283 0.2561 0.4746 0.8369 0.7324 0.8028
66 0.0755 0.0702 0.8619 0.1470 0.8250 0.2903 0.4942 0.8230 0.7861 0.7923
67 0.0631 0.0577 0.8758 0.1222 0.8403 0.2003 0.4748 0.8349 0.6769 0.8001
68 0.0549 0.0509 0.8746 0.1072 0.8429 0.2306 0.4704 0.8446 0.7028 0.8144
69 0.0476 0.0427 0.8911 0.0917 0.8586 0.2215 0.4713 0.8465 0.6946 0.8179
70 0.0472 0.0439 0.8872 0.0925 0.8561 0.2179 0.4696 0.8489 0.6893 0.8192
71 0.0423 0.0399 0.8941 0.0836 0.8636 0.2277 0.4692 0.8489 0.6987 0.8213
72 0.0474 0.0424 0.8898 0.0913 0.8575 0.2451 0.4749 0.8464 0.7218 0.8171
73 0.0481 0.0438 0.8828 0.0933 0.8511 0.2341 0.4736 0.8474 0.7096 0.8169
74 0.0545 0.0484 0.8775 0.1043 0.8426 0.2132 0.4787 0.8488 0.6936 0.8121
75 0.0661 0.0589 0.8671 0.1263 0.8308 0.3238 0.4751 0.8379 0.8006 0.7995
76 0.0650 0.0589 0.8718 0.1252 0.8359 0.2326 0.4834 0.8378 0.7177 0.8076
77 0.0571 0.0518 0.8814 0.1103 0.8469 0.2631 0.4776 0.8484 0.7426 0.8154
78 0.0444 0.0415 0.8859 0.0874 0.8554 0.2845 0.4680 0.8466 0.7544 0.8135
79 0.0426 0.0387 0.8936 0.0828 0.8614 0.2439 0.4660 0.8504 0.7116 0.8195
80 0.0413 0.0381 0.8934 0.0808 0.8618 0.2512 0.4672 0.8458 0.7203 0.8154
81 0.0411 0.0367 0.8935 0.0792 0.8637 0.2466 0.4731 0.8473 0.7215 0.8173
82 0.0414 0.0370 0.8919 0.0799 0.8620 0.2403 0.4738 0.8404 0.7159 0.8109
83 0.0514 0.0452 0.8881 0.0981 0.8581 0.2207 0.4721 0.8510 0.6945 0.8186
84 0.0612 0.0559 0.8695 0.1185 0.8372 0.2818 0.4855 0.8336 0.7691 0.7992
85 0.0662 0.0557 0.8777 0.1232 0.8451 0.2835 0.4831 0.8300 0.7683 0.7948
86 0.0591 0.0526 0.8723 0.1131 0.8373 0.2592 0.4860 0.8255 0.7470 0.7933
87 0.0541 0.0504 0.8790 0.1060 0.8434 0.2814 0.4837 0.8459 0.7668 0.8142
88 0.0488 0.0446 0.8855 0.0948 0.8514 0.2365 0.4756 0.8500 0.7139 0.8186
89 0.0424 0.0404 0.8911 0.0843 0.8595 0.2543 0.4683 0.8520 0.7246 0.8220
90 0.0379 0.0354 0.8979 0.0749 0.8677 0.2582 0.4658 0.8509 0.7260 0.8222
91 0.0382 0.0359 0.9002 0.0756 0.8702 0.2716 0.4650 0.8572 0.7385 0.8250
92 0.0425 0.0390 0.8903 0.0830 0.8598 0.2811 0.4627 0.8430 0.7457 0.8127
93 0.0483 0.0439 0.8888 0.0938 0.8566 0.2607 0.4744 0.8431 0.7369 0.8100
94 0.0541 0.0489 0.8823 0.1045 0.8492 0.2203 0.4778 0.8321 0.6997 0.8005
95 0.0531 0.0479 0.8787 0.1024 0.8482 0.3246 0.4881 0.8415 0.8144 0.8053
96 0.0674 0.0604 0.8687 0.1293 0.8304 0.2477 0.4807 0.8386 0.7302 0.7990
97 0.0534 0.0468 0.8840 0.1016 0.8529 0.2017 0.4665 0.8485 0.6701 0.8162
98 0.0468 0.0424 0.8929 0.0906 0.8625 0.2081 0.4747 0.8509 0.6847 0.8245
99 0.0412 0.0385 0.8934 0.0813 0.8635 0.2436 0.4699 0.8533 0.7154 0.8249
