epoch train_BCELoss train_SoftDiceLoss train_iou train_loss train_mAP val_BCELoss val_SoftDiceLoss val_iou val_loss val_mAP
0 0.3418 0.4417 0.6324 1.1483 0.5726 0.3184 0.6840 0.6371 0.9839 0.5802
1 0.2652 0.3632 0.7130 0.8807 0.6569 0.2483 0.6413 0.7307 0.8032 0.6857
2 0.2481 0.3424 0.7359 0.8148 0.6857 0.2435 0.6412 0.7162 0.7914 0.6671
3 0.2291 0.3205 0.7500 0.7505 0.7038 0.2455 0.6256 0.7719 0.7101 0.7260
4 0.1987 0.2822 0.7760 0.6595 0.7334 0.1840 0.5880 0.7757 0.6421 0.7397
5 0.1835 0.2626 0.7827 0.6223 0.7411 0.1822 0.5864 0.7821 0.6268 0.7448
6 0.1922 0.2735 0.7832 0.6470 0.7372 0.1775 0.5738 0.7851 0.6309 0.7445
7 0.2071 0.2887 0.7719 0.6894 0.7274 0.2063 0.6055 0.7515 0.7146 0.7132
8 0.2064 0.2838 0.7806 0.6767 0.7383 0.2632 0.5942 0.7747 0.8244 0.7365
9 0.2016 0.2785 0.7835 0.6693 0.7412 0.2099 0.6148 0.7299 0.7336 0.6993
10 0.2030 0.2765 0.7752 0.6809 0.7308 0.2793 0.5982 0.7636 0.8584 0.7056
11 0.1937 0.2683 0.7930 0.6377 0.7530 0.1796 0.5778 0.7904 0.6193 0.7591
12 0.1776 0.2513 0.8013 0.5923 0.7659 0.1903 0.5697 0.8132 0.6022 0.7808
13 0.1595 0.2266 0.8180 0.5342 0.7810 0.1612 0.5579 0.8154 0.5641 0.7906
14 0.1418 0.2021 0.8277 0.4907 0.7933 0.1542 0.5497 0.8275 0.5310 0.7971
15 0.1400 0.2040 0.8296 0.4784 0.7948 0.1536 0.5473 0.8342 0.5252 0.8043
16 0.1345 0.1926 0.8362 0.4744 0.7996 0.1684 0.5575 0.8208 0.5633 0.7915
17 0.1488 0.2099 0.8314 0.5005 0.7961 0.1610 0.5515 0.8321 0.5264 0.7980
18 0.1626 0.2304 0.8207 0.5422 0.7798 0.1812 0.5687 0.8162 0.5631 0.7886
19 0.1627 0.2297 0.8196 0.5497 0.7813 0.1929 0.5663 0.8139 0.6389 0.7804
20 0.1707 0.2385 0.8058 0.5833 0.7654 0.2086 0.5631 0.8035 0.6905 0.7624
21 0.1606 0.2283 0.8221 0.5390 0.7837 0.1681 0.5554 0.8154 0.5883 0.7838
22 0.1452 0.2032 0.8275 0.5036 0.7910 0.1829 0.5742 0.8208 0.5900 0.7839
23 0.1374 0.1966 0.8368 0.4749 0.7997 0.1578 0.5566 0.8272 0.5413 0.8001
24 0.1250 0.1791 0.8538 0.4235 0.8155 0.1383 0.5321 0.8346 0.5082 0.8067
25 0.1208 0.1701 0.8535 0.4190 0.8182 0.1359 0.5325 0.8401 0.4883 0.8132
26 0.1171 0.1699 0.8507 0.4177 0.8161 0.1254 0.5326 0.8467 0.4687 0.8209
27 0.1252 0.1781 0.8564 0.4236 0.8224 0.1620 0.5412 0.8252 0.5757 0.7900
28 0.1446 0.2025 0.8362 0.4878 0.8008 0.1515 0.5453 0.8155 0.5483 0.7867
29 0.1499 0.2064 0.8348 0.5042 0.7969 0.1855 0.5471 0.8214 0.6196 0.7883
30 0.1591 0.2231 0.8246 0.5396 0.7882 0.1988 0.5520 0.8048 0.6937 0.7649
31 0.1462 0.2102 0.8275 0.5048 0.7904 0.1757 0.5429 0.8028 0.6374 0.7665
32 0.1406 0.1955 0.8408 0.4760 0.8057 0.1626 0.5444 0.8177 0.5560 0.7876
33 0.1175 0.1677 0.8505 0.4244 0.8154 0.1458 0.5337 0.8399 0.4965 0.8129
34 0.1102 0.1597 0.8605 0.3890 0.8257 0.1262 0.5224 0.8533 0.4672 0.8251
35 0.0998 0.1426 0.8707 0.3676 0.8380 0.1227 0.5189 0.8528 0.4624 0.8261
36 0.0998 0.1437 0.8639 0.3743 0.8305 0.1333 0.5194 0.8432 0.4933 0.8177
37 0.1089 0.1541 0.8594 0.3954 0.8246 0.1583 0.5292 0.8317 0.5592 0.8012
38 0.1157 0.1641 0.8529 0.4181 0.8151 0.1415 0.5307 0.8398 0.5136 0.8111
39 0.1285 0.1831 0.8394 0.4575 0.8031 0.1494 0.5360 0.8263 0.5655 0.7970
40 0.1408 0.1946 0.8322 0.4931 0.7909 0.2206 0.5915 0.7736 0.6892 0.7377
41 0.1377 0.1945 0.8392 0.4781 0.8012 0.1496 0.5449 0.8287 0.5304 0.7988
42 0.1277 0.1807 0.8481 0.4449 0.8101 0.1372 0.5321 0.8215 0.5434 0.7927
43 0.1064 0.1515 0.8619 0.3915 0.8271 0.1411 0.5262 0.8489 0.5085 0.8228
44 0.0959 0.1400 0.8660 0.3616 0.8298 0.1322 0.5205 0.8533 0.4845 0.8257
45 0.0871 0.1283 0.8765 0.3293 0.8390 0.1311 0.5161 0.8562 0.4860 0.8302
46 0.0858 0.1227 0.8724 0.3382 0.8377 0.1418 0.5158 0.8543 0.5427 0.8280
47 0.0923 0.1307 0.8754 0.3460 0.8375 0.1406 0.5224 0.8520 0.5098 0.8255
48 0.1084 0.1503 0.8652 0.3887 0.8291 0.1310 0.5356 0.8258 0.4914 0.8012
49 0.1110 0.1583 0.8558 0.4092 0.8192 0.1666 0.5226 0.8208 0.6365 0.7917
50 0.1317 0.1826 0.8404 0.4615 0.8023 0.1779 0.5587 0.7918 0.6248 0.7520
51 0.1222 0.1718 0.8522 0.4306 0.8167 0.1590 0.5385 0.8286 0.5432 0.8007
52 0.1139 0.1628 0.8615 0.4007 0.8258 0.1300 0.5181 0.8313 0.5067 0.8036
53 0.0935 0.1331 0.8742 0.3496 0.8392 0.1288 0.5223 0.8474 0.4817 0.8184
54 0.0884 0.1282 0.8727 0.3408 0.8379 0.1260 0.5187 0.8552 0.4558 0.8281
55 0.0860 0.1298 0.8873 0.3092 0.8516 0.1201 0.5159 0.8595 0.4388 0.8300
56 0.0772 0.1114 0.8856 0.3000 0.8509 0.1553 0.5156 0.8454 0.5486 0.8216
57 0.0840 0.1228 0.8760 0.3312 0.8423 0.1406 0.5172 0.8505 0.5020 0.8226
58 0.0865 0.1227 0.8788 0.3319 0.8422 0.1546 0.5219 0.8416 0.5651 0.8169
59 0.1058 0.1495 0.8662 0.3889 0.8307 0.1397 0.5315 0.8469 0.4892 0.8151
60 0.1145 0.1568 0.8504 0.4226 0.8146 0.1513 0.5446 0.8139 0.5433 0.7886
61 0.1173 0.1670 0.8600 0.4167 0.8239 0.1687 0.5282 0.8342 0.6118 0.8060
62 0.1030 0.1504 0.8588 0.3896 0.8228 0.1308 0.5335 0.8485 0.4683 0.8208
63 0.0880 0.1282 0.8787 0.3321 0.8433 0.1477 0.5156 0.8372 0.5429 0.8119
64 0.0781 0.1135 0.8841 0.3077 0.8485 0.1314 0.5041 0.8487 0.5196 0.8201
65 0.0725 0.1034 0.8913 0.2926 0.8578 0.1304 0.5021 0.8555 0.5152 0.8264
66 0.0717 0.1053 0.8869 0.2900 0.8517 0.1376 0.5060 0.8574 0.5302 0.8294
67 0.0762 0.1069 0.8834 0.3048 0.8474 0.1278 0.5210 0.8487 0.4749 0.8226
68 0.0858 0.1212 0.8781 0.3262 0.8426 0.1261 0.5195 0.8445 0.4743 0.8204
69 0.0941 0.1322 0.8731 0.3526 0.8342 0.1854 0.5100 0.8336 0.6770 0.8008
70 0.1134 0.1585 0.8573 0.4109 0.8218 0.1672 0.5542 0.8219 0.6103 0.7957
71 0.1034 0.1466 0.8655 0.3834 0.8293 0.1501 0.5193 0.8398 0.5674 0.8094
72 0.0974 0.1394 0.8672 0.3701 0.8320 0.1503 0.5350 0.8475 0.5309 0.8183
73 0.0860 0.1291 0.8778 0.3331 0.8434 0.1661 0.5311 0.8296 0.5792 0.7986
74 0.0733 0.1063 0.8939 0.2837 0.8602 0.1305 0.5007 0.8639 0.5018 0.8377
75 0.0676 0.0973 0.8915 0.2805 0.8581 0.1312 0.5036 0.8629 0.4913 0.8368
76 0.0643 0.0947 0.8898 0.2783 0.8579 0.1393 0.4991 0.8582 0.5306 0.8316
77 0.0674 0.0958 0.8901 0.2761 0.8566 0.1420 0.4999 0.8586 0.5273 0.8323
78 0.0706 0.1041 0.8895 0.2943 0.8554 0.1728 0.5175 0.8388 0.6141 0.8141
79 0.0886 0.1238 0.8746 0.3411 0.8364 0.1913 0.5414 0.8114 0.6679 0.7832
80 0.1054 0.1494 0.8614 0.3950 0.8268 0.1759 0.5472 0.8010 0.6464 0.7743
81 0.0996 0.1408 0.8705 0.3679 0.8344 0.1571 0.5355 0.8452 0.5455 0.8172
82 0.0927 0.1328 0.8757 0.3472 0.8420 0.1455 0.5248 0.8405 0.4983 0.8117
83 0.0757 0.1106 0.8848 0.3033 0.8505 0.1515 0.5149 0.8564 0.5446 0.8313
84 0.0647 0.0944 0.8915 0.2759 0.8578 0.1432 0.5045 0.8581 0.5193 0.8335
85 0.0619 0.0905 0.8958 0.2614 0.8627 0.1396 0.5072 0.8597 0.5040 0.8359
86 0.0616 0.0865 0.8990 0.2568 0.8647 0.1565 0.5065 0.8617 0.5518 0.8407
87 0.0630 0.0903 0.8934 0.2685 0.8593 0.1692 0.5068 0.8459 0.5903 0.8187
88 0.0664 0.0964 0.8855 0.2870 0.8504 0.1753 0.5105 0.8315 0.6824 0.8041
89 0.0746 0.1092 0.8864 0.3047 0.8511 0.1536 0.5057 0.8441 0.5804 0.8165
90 0.0988 0.1382 0.8606 0.3773 0.8230 0.1483 0.5188 0.8265 0.5917 0.7976
91 0.0979 0.1387 0.8630 0.3797 0.8262 0.2302 0.5641 0.7694 0.7802 0.7416
92 0.0850 0.1223 0.8761 0.3338 0.8425 0.1401 0.5132 0.8400 0.5331 0.8109
93 0.0673 0.0951 0.8904 0.2777 0.8567 0.1749 0.5023 0.8640 0.5974 0.8351
94 0.0593 0.0861 0.8992 0.2547 0.8680 0.1782 0.5026 0.8561 0.6066 0.8317
95 0.0571 0.0818 0.8958 0.2555 0.8636 0.1678 0.5034 0.8573 0.5807 0.8325
96 0.0547 0.0793 0.8982 0.2473 0.8656 0.1491 0.4955 0.8598 0.5430 0.8352
97 0.0562 0.0795 0.8999 0.2507 0.8662 0.1657 0.5034 0.8566 0.5850 0.8298
98 0.0687 0.0963 0.8911 0.2902 0.8571 0.1451 0.5129 0.8332 0.5394 0.8010
99 0.0855 0.1190 0.8787 0.3313 0.8430 0.2107 0.5443 0.8170 0.7420 0.7875
100 0.1034 0.1471 0.8655 0.3818 0.8288 0.1675 0.5304 0.8175 0.6235 0.7891
101 0.0975 0.1359 0.8745 0.3587 0.8411 0.1493 0.5268 0.8351 0.5244 0.8031
102 0.0808 0.1136 0.8818 0.3139 0.8449 0.1319 0.5088 0.8441 0.5076 0.8155
103 0.0695 0.1024 0.8904 0.2833 0.8573 0.1700 0.5015 0.8457 0.6088 0.8225
104 0.0626 0.0891 0.9000 0.2609 0.8661 0.1364 0.5020 0.8554 0.5282 0.8308
105 0.0600 0.0882 0.8972 0.2563 0.8664 0.1350 0.5001 0.8551 0.5256 0.8293
106 0.0596 0.0873 0.9003 0.2545 0.8677 0.1499 0.5015 0.8511 0.5610 0.8286
107 0.0572 0.0824 0.8972 0.2557 0.8646 0.2240 0.5042 0.8411 0.7699 0.8194
108 0.0639 0.0893 0.8925 0.2736 0.8594 0.1572 0.5191 0.8496 0.5678 0.8204
109 0.0741 0.1050 0.8864 0.3009 0.8519 0.1608 0.5120 0.8446 0.5913 0.8156
110 0.0806 0.1118 0.8776 0.3273 0.8426 0.1489 0.5338 0.8009 0.6009 0.7669
111 0.0892 0.1257 0.8778 0.3438 0.8419 0.1659 0.5387 0.8179 0.5912 0.7905
112 0.0856 0.1254 0.8842 0.3235 0.8503 0.1422 0.5093 0.8378 0.5410 0.8081
113 0.0663 0.0994 0.8913 0.2784 0.8600 0.1328 0.4982 0.8565 0.5136 0.8299
114 0.0597 0.0862 0.8983 0.2504 0.8640 0.1720 0.4939 0.8504 0.6307 0.8262
115 0.0571 0.0820 0.9019 0.2448 0.8687 0.1587 0.4900 0.8551 0.5901 0.8306
116 0.0559 0.0813 0.9026 0.2415 0.8722 0.1666 0.4961 0.8486 0.6014 0.8234
117 0.0527 0.0757 0.9038 0.2383 0.8695 0.1638 0.4958 0.8479 0.6369 0.8232
118 0.0633 0.0899 0.8989 0.2641 0.8682 0.1529 0.4902 0.8572 0.5790 0.8282
119 0.0698 0.0979 0.8930 0.2882 0.8590 0.1420 0.5122 0.8365 0.5541 0.8047
120 0.0844 0.1181 0.8830 0.3298 0.8501 0.1588 0.5134 0.8166 0.6149 0.7919
121 0.0795 0.1136 0.8776 0.3239 0.8438 0.1472 0.5259 0.8284 0.5567 0.7993
122 0.0854 0.1208 0.8800 0.3230 0.8464 0.1288 0.5013 0.8466 0.5037 0.8207
123 0.0681 0.0964 0.8954 0.2739 0.8627 0.1679 0.4997 0.8397 0.6463 0.8189
124 0.0631 0.0899 0.9003 0.2586 0.8676 0.1397 0.4973 0.8457 0.5327 0.8226
125 0.0571 0.0857 0.9024 0.2431 0.8711 0.1386 0.4961 0.8454 0.5281 0.8226
126 0.0546 0.0786 0.8987 0.2458 0.8671 0.1621 0.4927 0.8478 0.6032 0.8238
127 0.0536 0.0780 0.8970 0.2478 0.8657 0.1561 0.4866 0.8491 0.5883 0.8238
128 0.0619 0.0885 0.8956 0.2629 0.8607 0.1305 0.4925 0.8431 0.5249 0.8156
129 0.0807 0.1122 0.8850 0.3108 0.8487 0.2122 0.5244 0.8226 0.7197 0.7957
130 0.0869 0.1216 0.8769 0.3408 0.8427 0.1458 0.5207 0.8325 0.5550 0.7957
131 0.0796 0.1147 0.8793 0.3189 0.8462 0.1646 0.5264 0.8202 0.6858 0.7948
132 0.0681 0.0970 0.8891 0.2914 0.8544 0.2349 0.5014 0.8398 0.8063 0.8125
133 0.0638 0.0923 0.8924 0.2701 0.8590 0.1636 0.5056 0.8451 0.5764 0.8202
134 0.0573 0.0838 0.9018 0.2442 0.8687 0.1880 0.5014 0.8435 0.6463 0.8173
135 0.0521 0.0755 0.9052 0.2310 0.8752 0.1840 0.4995 0.8458 0.6358 0.8202
136 0.0530 0.0761 0.9038 0.2316 0.8731 0.1934 0.5009 0.8465 0.6559 0.8206
137 0.0523 0.0738 0.9073 0.2311 0.8759 0.1423 0.4981 0.8512 0.5402 0.8244
138 0.0559 0.0788 0.8967 0.2521 0.8662 0.1948 0.5247 0.8339 0.6933 0.8020
139 0.0696 0.0985 0.8907 0.2828 0.8572 0.1593 0.5017 0.8465 0.5932 0.8163
140 0.0703 0.0990 0.8851 0.2965 0.8507 0.1730 0.5230 0.8372 0.6027 0.8071
141 0.0727 0.1034 0.8915 0.2937 0.8570 0.1609 0.5086 0.8380 0.5901 0.8094
142 0.0629 0.0891 0.9008 0.2606 0.8697 0.1296 0.4969 0.8506 0.5117 0.8256
143 0.0558 0.0812 0.9033 0.2455 0.8706 0.1403 0.5007 0.8489 0.5441 0.8206
144 0.0511 0.0747 0.9097 0.2224 0.8789 0.1332 0.4964 0.8505 0.5385 0.8233
145 0.0474 0.0686 0.9113 0.2166 0.8824 0.1341 0.4921 0.8559 0.5359 0.8275
146 0.0454 0.0660 0.9103 0.2108 0.8793 0.1423 0.4934 0.8536 0.5512 0.8287
147 0.0484 0.0696 0.9047 0.2294 0.8726 0.1321 0.4842 0.8485 0.5560 0.8225
148 0.0572 0.0801 0.9003 0.2487 0.8682 0.1735 0.4932 0.8476 0.6458 0.8207
149 0.0597 0.0854 0.9008 0.2526 0.8676 0.1305 0.4946 0.8659 0.5350 0.8365
150 0.0805 0.1119 0.8828 0.3212 0.8473 0.2789 0.5405 0.7866 0.9898 0.7631
151 0.0753 0.1082 0.8858 0.3041 0.8502 0.1555 0.5040 0.8461 0.5737 0.8216
152 0.0698 0.0981 0.8924 0.2838 0.8573 0.1633 0.5296 0.8376 0.6027 0.8091
153 0.0594 0.0843 0.8992 0.2530 0.8658 0.1406 0.4989 0.8500 0.5336 0.8226
154 0.0548 0.0770 0.9068 0.2337 0.8748 0.1350 0.4913 0.8609 0.5105 0.8349
155 0.0483 0.0731 0.9098 0.2143 0.8802 0.1425 0.4923 0.8576 0.5302 0.8319
156 0.0469 0.0675 0.9104 0.2159 0.8788 0.1821 0.4896 0.8544 0.6514 0.8281
157 0.0460 0.0672 0.9091 0.2160 0.8779 0.1615 0.4890 0.8546 0.6024 0.8294
158 0.0497 0.0732 0.9043 0.2316 0.8723 0.1943 0.5083 0.8389 0.7164 0.8142
159 0.0637 0.0892 0.8937 0.2750 0.8616 0.1875 0.5146 0.8385 0.7026 0.8096
160 0.0903 0.1226 0.8761 0.3420 0.8410 0.2488 0.5388 0.7801 0.8675 0.7493
161 0.0942 0.1336 0.8713 0.3575 0.8379 0.1882 0.5269 0.8332 0.6953 0.8079
162 0.0723 0.1027 0.8932 0.2891 0.8614 0.1464 0.5196 0.8260 0.5550 0.8002
163 0.0634 0.0917 0.8987 0.2578 0.8683 0.1856 0.5132 0.8435 0.6831 0.8195
164 0.0529 0.0750 0.9074 0.2305 0.8766 0.1663 0.4957 0.8582 0.6168 0.8351
165 0.0488 0.0696 0.9112 0.2136 0.8827 0.1565 0.4938 0.8556 0.5947 0.8323
166 0.0485 0.0690 0.9109 0.2182 0.8796 0.1577 0.4936 0.8553 0.5928 0.8287
167 0.0476 0.0675 0.9058 0.2235 0.8753 0.1780 0.4888 0.8557 0.6501 0.8308
168 0.0511 0.0704 0.9065 0.2273 0.8746 0.1888 0.4898 0.8488 0.7030 0.8239
169 0.0549 0.0777 0.9011 0.2441 0.8713 0.2598 0.5032 0.8410 0.8420 0.8185
170 0.0908 0.1252 0.8774 0.3452 0.8424 0.1520 0.5210 0.8290 0.5893 0.8078
171 0.0692 0.0985 0.8961 0.2779 0.8640 0.1719 0.5283 0.8339 0.6306 0.8060
172 0.0597 0.0836 0.9018 0.2557 0.8689 0.1407 0.5158 0.8522 0.5197 0.8248
173 0.0529 0.0761 0.9078 0.2284 0.8781 0.1601 0.4957 0.8589 0.5802 0.8356
174 0.0480 0.0690 0.9089 0.2177 0.8788 0.1683 0.4929 0.8589 0.6130 0.8371
175 0.0442 0.0632 0.9110 0.2108 0.8821 0.1783 0.4935 0.8602 0.6356 0.8375
176 0.0468 0.0665 0.9071 0.2191 0.8788 0.1460 0.4948 0.8575 0.5504 0.8328
177 0.0492 0.0687 0.9119 0.2148 0.8806 0.1685 0.4932 0.8517 0.6137 0.8287
178 0.0515 0.0748 0.9053 0.2299 0.8724 0.1754 0.4900 0.8532 0.6492 0.8281
179 0.0617 0.0895 0.8946 0.2684 0.8637 0.1389 0.5031 0.8444 0.5630 0.8177
180 0.0694 0.0971 0.8929 0.2832 0.8586 0.1568 0.5258 0.8101 0.6394 0.7730
181 0.0717 0.1023 0.8916 0.2898 0.8568 0.1321 0.5124 0.8521 0.5198 0.8254
182 0.0612 0.0869 0.8955 0.2653 0.8627 0.1656 0.5118 0.8351 0.6547 0.8091
183 0.0513 0.0741 0.9042 0.2298 0.8709 0.1562 0.4965 0.8484 0.6181 0.8254
184 0.0456 0.0659 0.9107 0.2143 0.8780 0.1718 0.4956 0.8600 0.6330 0.8340
185 0.0440 0.0633 0.9170 0.1995 0.8878 0.1664 0.4952 0.8602 0.6195 0.8334
186 0.0404 0.0579 0.9114 0.1996 0.8804 0.1769 0.4936 0.8608 0.6513 0.8346
187 0.0418 0.0595 0.9129 0.2034 0.8830 0.1501 0.5040 0.8489 0.6020 0.8230
188 0.0510 0.0713 0.9056 0.2295 0.8739 0.1682 0.4919 0.8583 0.6304 0.8305
189 0.0591 0.0836 0.9035 0.2495 0.8737 0.1374 0.5147 0.8397 0.5235 0.8061
190 0.0730 0.1005 0.8893 0.2988 0.8554 0.1810 0.5434 0.8023 0.7012 0.7718
191 0.0671 0.0985 0.8851 0.2931 0.8505 0.1576 0.5221 0.8429 0.5923 0.8148
192 0.0528 0.0744 0.9036 0.2366 0.8714 0.1699 0.5073 0.8263 0.6194 0.7995
193 0.0467 0.0676 0.9088 0.2219 0.8785 0.1467 0.5012 0.8488 0.5554 0.8244
194 0.0412 0.0594 0.9121 0.2048 0.8811 0.1699 0.4957 0.8580 0.6092 0.8334
195 0.0436 0.0590 0.9117 0.2088 0.8818 0.1596 0.4937 0.8608 0.5800 0.8361
196 0.0392 0.0564 0.9142 0.1977 0.8867 0.1889 0.4930 0.8558 0.6712 0.8294
197 0.0429 0.0614 0.9126 0.2068 0.8803 0.1626 0.4954 0.8502 0.6104 0.8236
198 0.0484 0.0694 0.9082 0.2212 0.8775 0.1708 0.4909 0.8525 0.6468 0.8227
199 0.0539 0.0740 0.9013 0.2420 0.8688 0.3810 0.5433 0.7697 1.2413 0.7347
200 0.0715 0.0991 0.8912 0.2892 0.8548 0.1750 0.5147 0.8212 0.6750 0.7919
201 0.0697 0.0989 0.8858 0.2911 0.8528 0.1927 0.5145 0.8184 0.6838 0.7916
202 0.0583 0.0805 0.9035 0.2486 0.8722 0.1521 0.4947 0.8498 0.5803 0.8200
203 0.0461 0.0657 0.9098 0.2121 0.8784 0.1531 0.4933 0.8530 0.5689 0.8252
204 0.0428 0.0600 0.9184 0.1958 0.8892 0.1707 0.4913 0.8559 0.6208 0.8287
205 0.0394 0.0554 0.9193 0.1846 0.8922 0.1674 0.4926 0.8550 0.6083 0.8268
206 0.0406 0.0568 0.9123 0.1983 0.8822 0.1580 0.4873 0.8547 0.5984 0.8284
207 0.0453 0.0616 0.9156 0.2080 0.8837 0.1379 0.4885 0.8543 0.5359 0.8275
208 0.0442 0.0603 0.9131 0.2080 0.8815 0.1410 0.4959 0.8345 0.5781 0.8042
209 0.0525 0.0741 0.9030 0.2364 0.8715 0.3335 0.5300 0.7891 1.1293 0.7620
210 0.0658 0.0909 0.8942 0.2738 0.8610 0.1454 0.5185 0.8358 0.5564 0.8085
211 0.0568 0.0796 0.8981 0.2537 0.8658 0.2088 0.5291 0.8103 0.7935 0.7850
212 0.0528 0.0755 0.9079 0.2287 0.8773 0.1548 0.4910 0.8512 0.6100 0.8252
213 0.0462 0.0644 0.9135 0.2056 0.8838 0.1559 0.4877 0.8562 0.6080 0.8282
214 0.0406 0.0564 0.9156 0.1976 0.8869 0.1562 0.4833 0.8576 0.6149 0.8300
215 0.0374 0.0537 0.9134 0.1927 0.8872 0.1515 0.4888 0.8556 0.5943 0.8267
216 0.0380 0.0534 0.9166 0.1862 0.8865 0.1563 0.4828 0.8613 0.6067 0.8319
217 0.0360 0.0496 0.9208 0.1840 0.8903 0.1766 0.4898 0.8565 0.6538 0.8310
218 0.0416 0.0582 0.9156 0.1970 0.8840 0.1706 0.4882 0.8568 0.6698 0.8300
219 0.0541 0.0732 0.9097 0.2310 0.8766 0.1939 0.4931 0.8327 0.7209 0.8001
220 0.0625 0.0878 0.8992 0.2695 0.8664 0.2019 0.4901 0.8483 0.7406 0.8186
221 0.0542 0.0754 0.9006 0.2451 0.8680 0.1798 0.5023 0.8518 0.6498 0.8249
222 0.0469 0.0701 0.9045 0.2260 0.8736 0.1831 0.5102 0.8320 0.6930 0.7992
223 0.0435 0.0615 0.9128 0.2051 0.8812 0.1771 0.4932 0.8600 0.6403 0.8338
224 0.0430 0.0618 0.9106 0.2093 0.8818 0.1860 0.4854 0.8594 0.6583 0.8302
225 0.0395 0.0579 0.9134 0.1919 0.8824 0.1837 0.4871 0.8590 0.6463 0.8292
226 0.0384 0.0554 0.9157 0.1923 0.8878 0.1881 0.4862 0.8622 0.6632 0.8359
227 0.0379 0.0532 0.9150 0.1929 0.8864 0.1976 0.4904 0.8495 0.7129 0.8257
228 0.0408 0.0569 0.9130 0.2022 0.8840 0.1668 0.4900 0.8518 0.6320 0.8257
229 0.0498 0.0686 0.9049 0.2309 0.8752 0.1653 0.5119 0.8484 0.6190 0.8206
230 0.0615 0.0861 0.8942 0.2677 0.8606 0.1490 0.5052 0.8472 0.5810 0.8184
231 0.0563 0.0793 0.9011 0.2505 0.8687 0.2004 0.5021 0.8506 0.6927 0.8196
232 0.0603 0.0832 0.9020 0.2482 0.8704 0.1474 0.5035 0.8513 0.5860 0.8257
233 0.0459 0.0662 0.9152 0.2045 0.8850 0.1482 0.4854 0.8563 0.5785 0.8270
234 0.0374 0.0541 0.9161 0.1908 0.8868 0.1554 0.4893 0.8556 0.6025 0.8302
235 0.0383 0.0553 0.9183 0.1854 0.8908 0.1507 0.4845 0.8568 0.5879 0.8297
236 0.0354 0.0502 0.9220 0.1782 0.8924 0.1586 0.4844 0.8560 0.6112 0.8278
237 0.0381 0.0533 0.9198 0.1864 0.8905 0.1414 0.4849 0.8545 0.5679 0.8257
238 0.0425 0.0584 0.9171 0.1987 0.8905 0.1555 0.4964 0.8470 0.6128 0.8214
239 0.0525 0.0737 0.9036 0.2400 0.8725 0.2648 0.5677 0.8015 0.9038 0.7802
240 0.0687 0.0948 0.8961 0.2754 0.8632 0.2101 0.5664 0.7565 0.8567 0.7198
241 0.0634 0.0901 0.8960 0.2697 0.8632 0.1849 0.4982 0.8399 0.6686 0.8091
242 0.0518 0.0732 0.9096 0.2248 0.8808 0.1484 0.5032 0.8538 0.5894 0.8261
243 0.0442 0.0618 0.9144 0.2029 0.8856 0.1742 0.4954 0.8504 0.6523 0.8232
244 0.0393 0.0549 0.9159 0.1917 0.8865 0.1608 0.4919 0.8558 0.6038 0.8282
245 0.0375 0.0530 0.9161 0.1878 0.8888 0.1645 0.4900 0.8559 0.6154 0.8280
246 0.0377 0.0535 0.9189 0.1881 0.8897 0.1499 0.4878 0.8573 0.5743 0.8287
247 0.0384 0.0536 0.9160 0.1909 0.8859 0.1430 0.4830 0.8565 0.5601 0.8280
248 0.0383 0.0523 0.9173 0.1884 0.8863 0.1798 0.4907 0.8524 0.6754 0.8250
249 0.0601 0.0784 0.9069 0.2453 0.8758 0.1622 0.5173 0.8175 0.6282 0.7945
