epoch train_iou train_loss train_mAP val_iou val_mAP
0 0.5856 0.1568 0.5124 0.6156 0.5454
1 0.7089 0.1439 0.6521 0.7200 0.6620
2 0.7399 0.1607 0.6825 0.7699 0.7180
3 0.7600 0.1672 0.7081 0.7748 0.7298
4 0.7728 0.1736 0.7246 0.7792 0.7343
5 0.7953 0.1831 0.7488 0.7798 0.7367
6 0.7887 0.2095 0.7417 0.7926 0.7536
7 0.7878 0.2364 0.7393 0.7912 0.7546
8 0.7794 0.2680 0.7296 0.7707 0.7362
9 0.7866 0.2819 0.7396 0.7854 0.7548
10 0.7777 0.3206 0.7323 0.7859 0.7476
11 0.7934 0.3061 0.7484 0.8039 0.7671
12 0.8175 0.2922 0.7777 0.8083 0.7778
13 0.8320 0.2777 0.7913 0.8202 0.7877
14 0.8417 0.2769 0.8027 0.8311 0.8000
15 0.8541 0.2697 0.8168 0.8313 0.8005
16 0.8401 0.2925 0.8031 0.8254 0.7924
17 0.8409 0.3163 0.8024 0.8186 0.7838
18 0.8362 0.3532 0.7982 0.8078 0.7700
19 0.8328 0.3795 0.7958 0.8135 0.7754
20 0.8186 0.4251 0.7777 0.7899 0.7593
21 0.8310 0.4106 0.7932 0.8150 0.7863
22 0.8437 0.3997 0.8075 0.8360 0.8014
23 0.8562 0.3619 0.8194 0.8288 0.7978
24 0.8648 0.3482 0.8311 0.8341 0.8049
25 0.8778 0.3231 0.8440 0.8332 0.8025
26 0.8798 0.3420 0.8449 0.8357 0.8088
27 0.8649 0.3858 0.8313 0.8403 0.8107
28 0.8595 0.4212 0.8225 0.7206 0.6733
29 0.8536 0.4652 0.8168 0.8373 0.8062
30 0.8409 0.5165 0.8049 0.8228 0.7850
31 0.8429 0.5186 0.8060 0.8171 0.7851
32 0.8588 0.4834 0.8252 0.8307 0.8023
33 0.8695 0.4441 0.8369 0.8372 0.8084
34 0.8793 0.4165 0.8459 0.8493 0.8219
35 0.8902 0.3995 0.8569 0.8430 0.8160
36 0.8889 0.4103 0.8583 0.8394 0.8124
37 0.8831 0.4390 0.8507 0.8385 0.8120
38 0.8783 0.4710 0.8445 0.8341 0.8050
39 0.8648 0.5500 0.8298 0.8292 0.7889
40 0.8646 0.5625 0.8279 0.8392 0.8103
41 0.8655 0.5858 0.8309 0.8278 0.8022
42 0.8771 0.5311 0.8431 0.8449 0.8207
43 0.8785 0.5066 0.8460 0.8498 0.8268
44 0.8878 0.4744 0.8559 0.8527 0.8275
45 0.8905 0.4655 0.8586 0.8559 0.8300
46 0.8950 0.4732 0.8621 0.8517 0.8278
47 0.8945 0.4781 0.8634 0.8470 0.8196
48 0.8887 0.5153 0.8559 0.8434 0.8151
49 0.8743 0.6180 0.8428 0.8344 0.8036
50 0.8707 0.6581 0.8377 0.8321 0.8062
51 0.8745 0.6308 0.8405 0.8484 0.8226
52 0.8858 0.5752 0.8546 0.8113 0.7900
53 0.8912 0.5369 0.8593 0.8502 0.8218
54 0.9009 0.5090 0.8701 0.8511 0.8256
55 0.9029 0.5039 0.8737 0.8492 0.8232
56 0.9030 0.5132 0.8737 0.8561 0.8261
57 0.8976 0.5270 0.8684 0.8545 0.8266
58 0.8871 0.5984 0.8540 0.8371 0.8066
59 0.8837 0.6618 0.8510 0.8373 0.8091
60 0.8769 0.6966 0.8449 0.6587 0.6214
61 0.8802 0.7132 0.8488 0.8397 0.8123
62 0.8908 0.6621 0.8591 0.8526 0.8246
63 0.8947 0.6180 0.8637 0.8486 0.8243
64 0.8991 0.5915 0.8688 0.8586 0.8328
65 0.9032 0.5641 0.8757 0.8589 0.8331
66 0.9021 0.5768 0.8712 0.8534 0.8266
67 0.9041 0.5823 0.8752 0.8458 0.8187
68 0.8982 0.6209 0.8681 0.8387 0.8129
69 0.8932 0.6967 0.8618 0.8278 0.8012
70 0.8775 0.7942 0.8464 0.8021 0.7745
71 0.8957 0.7076 0.8665 0.8446 0.8137
72 0.8973 0.6598 0.8684 0.8445 0.8198
73 0.9013 0.6693 0.8722 0.8470 0.8260
74 0.9096 0.6215 0.8815 0.8543 0.8278
75 0.9110 0.5851 0.8836 0.8522 0.8262
76 0.9010 0.6472 0.8742 0.8584 0.8320
77 0.9068 0.6246 0.8789 0.8514 0.8262
78 0.9053 0.6714 0.8763 0.8459 0.8218
79 0.8903 0.7928 0.8610 0.8435 0.8183
80 0.8835 0.8668 0.8528 0.8384 0.8133
81 0.8873 0.8643 0.8572 0.8471 0.8220
82 0.8934 0.7570 0.8654 0.8412 0.8162
83 0.9028 0.7190 0.8747 0.8564 0.8286
84 0.9088 0.6713 0.8838 0.8515 0.8258
85 0.9123 0.6542 0.8861 0.8546 0.8311
86 0.9147 0.6626 0.8885 0.8553 0.8310
87 0.9081 0.7043 0.8814 0.8497 0.8261
88 0.9071 0.7196 0.8779 0.8450 0.8190
89 0.8977 0.7919 0.8692 0.8513 0.8251
90 0.8922 0.8955 0.8634 0.8292 0.7992
91 0.8909 0.8979 0.8625 0.8386 0.8100
92 0.9023 0.8103 0.8753 0.8508 0.8239
93 0.9079 0.7658 0.8819 0.8567 0.8327
94 0.9084 0.7306 0.8821 0.8564 0.8331
95 0.9120 0.7175 0.8871 0.8536 0.8299
96 0.9146 0.6946 0.8895 0.8555 0.8305
97 0.9105 0.7480 0.8843 0.8447 0.8209
98 0.9068 0.7807 0.8798 0.8450 0.8186
99 0.9082 0.8153 0.8818 0.8451 0.8179
100 0.9085 0.8156 0.8825 0.8511 0.8272
101 0.9118 0.7481 0.8863 0.8572 0.8350
102 0.9145 0.7121 0.8896 0.8551 0.8303
103 0.9178 0.7019 0.8955 0.8610 0.8363
104 0.9210 0.6825 0.8966 0.8563 0.8310
105 0.9198 0.6902 0.8965 0.8582 0.8339
106 0.9188 0.6936 0.8943 0.8569 0.8344
107 0.9153 0.6994 0.8907 0.8572 0.8303
108 0.9147 0.6998 0.8914 0.8557 0.8321
109 0.9139 0.7195 0.8892 0.8647 0.8410
110 0.9171 0.6932 0.8925 0.8370 0.8083
111 0.9131 0.7198 0.8888 0.8579 0.8322
112 0.9130 0.7115 0.8894 0.8529 0.8284
113 0.9176 0.6893 0.8926 0.8613 0.8381
114 0.9219 0.6546 0.8970 0.8646 0.8418
115 0.9220 0.6530 0.8987 0.8622 0.8398
116 0.9216 0.6393 0.8989 0.8638 0.8401
117 0.9253 0.6215 0.9021 0.8515 0.8279
118 0.9213 0.6482 0.8992 0.8587 0.8356
119 0.9208 0.6595 0.8976 0.8615 0.8368
120 0.9244 0.6504 0.9019 0.8551 0.8304
121 0.9202 0.6753 0.8966 0.8645 0.8406
122 0.9211 0.6753 0.8987 0.8598 0.8364
123 0.9188 0.6479 0.8965 0.8596 0.8351
124 0.9251 0.6226 0.9030 0.8628 0.8393
125 0.9226 0.6364 0.9004 0.8614 0.8377
126 0.9235 0.6213 0.9003 0.8617 0.8379
127 0.9275 0.6087 0.9065 0.8603 0.8377
128 0.9256 0.6250 0.9044 0.8535 0.8292
129 0.9201 0.6729 0.8965 0.8538 0.8263
130 0.9197 0.6701 0.8963 0.8530 0.8293
131 0.9192 0.6869 0.8963 0.8520 0.8279
132 0.9209 0.6541 0.8983 0.8573 0.8302
133 0.9223 0.6383 0.9008 0.8633 0.8365
134 0.9238 0.6162 0.9040 0.8649 0.8389
135 0.9251 0.6007 0.9038 0.8644 0.8385
136 0.9262 0.6177 0.9051 0.8607 0.8365
137 0.9232 0.6235 0.9017 0.8570 0.8315
138 0.9222 0.6267 0.9008 0.8522 0.8297
139 0.9236 0.6424 0.9012 0.8545 0.8306
140 0.9196 0.6623 0.8951 0.8560 0.8304
141 0.9194 0.6612 0.8966 0.8602 0.8350
142 0.9237 0.6218 0.9024 0.8595 0.8322
143 0.9253 0.6201 0.9045 0.8620 0.8346
144 0.9286 0.6075 0.9076 0.8667 0.8404
145 0.9258 0.5989 0.9052 0.8648 0.8389
146 0.9268 0.6038 0.9050 0.8601 0.8332
147 0.9257 0.6043 0.9057 0.8595 0.8331
148 0.9240 0.6066 0.9039 0.8579 0.8340
149 0.9259 0.6179 0.9047 0.8532 0.8273
150 0.9175 0.6775 0.8968 0.8477 0.8204
151 0.9221 0.6326 0.9008 0.8486 0.8239
152 0.9235 0.6476 0.9015 0.8571 0.8298
153 0.9254 0.6155 0.9053 0.8643 0.8376
154 0.9230 0.6234 0.9020 0.8641 0.8375
155 0.9253 0.6003 0.9045 0.8610 0.8349
156 0.9255 0.5885 0.9053 0.8563 0.8302
157 0.9268 0.5816 0.9073 0.8578 0.8327
158 0.9213 0.6549 0.8996 0.8546 0.8297
159 0.9260 0.6153 0.9042 0.8430 0.8202
160 0.9266 0.5996 0.9062 0.8626 0.8379
161 0.9245 0.5913 0.9038 0.8556 0.8327
162 0.9262 0.5876 0.9050 0.8636 0.8382
163 0.9328 0.5529 0.9130 0.8653 0.8410
164 0.9325 0.5581 0.9142 0.8620 0.8364
165 0.9318 0.5626 0.9128 0.8603 0.8361
166 0.9325 0.5588 0.9135 0.8582 0.8352
167 0.9289 0.5839 0.9092 0.8628 0.8374
168 0.9298 0.5703 0.9108 0.8637 0.8382
169 0.9346 0.5437 0.9160 0.8640 0.8381
170 0.9280 0.5919 0.9083 0.8590 0.8346
171 0.9297 0.5804 0.9101 0.8611 0.8362
172 0.9316 0.5451 0.9121 0.8610 0.8365
173 0.9341 0.5378 0.9144 0.8597 0.8363
174 0.9309 0.5646 0.9102 0.8624 0.8392
175 0.9335 0.5539 0.9135 0.8600 0.8365
176 0.9303 0.5670 0.9099 0.8606 0.8363
177 0.9330 0.5527 0.9142 0.8591 0.8358
178 0.9305 0.5650 0.9113 0.8618 0.8379
179 0.9298 0.5748 0.9104 0.8609 0.8349
180 0.9309 0.5781 0.9107 0.8587 0.8346
181 0.9322 0.5352 0.9161 0.8623 0.8379
182 0.9327 0.5438 0.9137 0.8621 0.8365
183 0.9336 0.5391 0.9144 0.8626 0.8376
184 0.9296 0.5646 0.9082 0.8633 0.8387
185 0.9330 0.5347 0.9144 0.8624 0.8379
186 0.9304 0.5473 0.9113 0.8643 0.8400
187 0.9340 0.5360 0.9168 0.8628 0.8381
188 0.9328 0.5346 0.9150 0.8629 0.8386
189 0.9330 0.5564 0.9131 0.8614 0.8383
190 0.9308 0.5677 0.9117 0.8653 0.8404
191 0.9345 0.5400 0.9155 0.8610 0.8364
192 0.9337 0.5333 0.9154 0.8622 0.8382
193 0.9318 0.5410 0.9137 0.8640 0.8398
194 0.9330 0.5536 0.9143 0.8653 0.8410
195 0.9304 0.5498 0.9127 0.8656 0.8423
196 0.9325 0.5428 0.9151 0.8637 0.8403
197 0.9336 0.5236 0.9161 0.8658 0.8423
198 0.9330 0.5369 0.9136 0.8627 0.8392
199 0.9318 0.5551 0.9138 0.8649 0.8416
