epoch train_BCELoss train_SoftDiceLoss train_iou train_loss train_mAP val_BCELoss val_SoftDiceLoss val_iou val_loss val_mAP
0 0.7611 0.6251 0.1827 1.3857 0.0612 0.7752 0.6688 0.3065 1.4439 0.1962
1 0.3176 0.3353 0.5940 0.6527 0.5249 0.3085 0.5607 0.6605 0.8694 0.5950
2 0.2350 0.2251 0.6987 0.4603 0.6381 0.2479 0.5339 0.6773 0.7822 0.6189
3 0.2113 0.2000 0.7223 0.4117 0.6663 0.3504 0.5479 0.6981 0.8988 0.6538
4 0.2053 0.1873 0.7391 0.3931 0.6855 0.2297 0.5241 0.7046 0.7543 0.6488
5 0.1992 0.1870 0.7370 0.3868 0.6841 0.3017 0.5416 0.6954 0.8439 0.6420
6 0.1837 0.1630 0.7562 0.3473 0.7103 0.2451 0.5220 0.7294 0.7677 0.6786
7 0.1823 0.1664 0.7584 0.3493 0.7109 0.2444 0.4977 0.7399 0.7428 0.6844
8 0.1720 0.1535 0.7779 0.3262 0.7302 0.3095 0.5323 0.7072 0.8427 0.6614
9 0.1616 0.1462 0.7778 0.3087 0.7318 0.2624 0.5016 0.7667 0.7650 0.7251
10 0.1568 0.1376 0.7942 0.2952 0.7508 0.2581 0.4830 0.7715 0.7421 0.7374
11 0.1405 0.1270 0.7997 0.2684 0.7591 0.2435 0.4684 0.7918 0.7130 0.7594
12 0.1247 0.1100 0.8219 0.2357 0.7826 0.2384 0.4869 0.7862 0.7264 0.7527
13 0.1084 0.0990 0.8333 0.2083 0.7983 0.2538 0.4755 0.7938 0.7304 0.7658
14 0.1024 0.0959 0.8336 0.1994 0.7986 0.2217 0.4671 0.8057 0.6900 0.7753
15 0.0958 0.0853 0.8481 0.1821 0.8146 0.2426 0.4564 0.8056 0.7002 0.7735
16 0.0904 0.0839 0.8359 0.1753 0.8019 0.2383 0.4609 0.8100 0.7005 0.7795
17 0.0946 0.0856 0.8455 0.1812 0.8116 0.2458 0.4640 0.8042 0.7111 0.7709
18 0.0914 0.0805 0.8436 0.1730 0.8102 0.2529 0.4757 0.7974 0.7299 0.7686
19 0.1011 0.0892 0.8431 0.1914 0.8067 0.2869 0.4710 0.8094 0.7592 0.7763
20 0.1117 0.1013 0.8328 0.2140 0.7979 0.2490 0.4596 0.8005 0.7098 0.7657
21 0.1034 0.0951 0.8363 0.1995 0.7999 0.2648 0.4505 0.7988 0.7165 0.7648
22 0.1177 0.1075 0.8247 0.2262 0.7875 0.2773 0.4889 0.7926 0.7673 0.7574
23 0.1325 0.1129 0.8129 0.2463 0.7732 0.2320 0.4815 0.7613 0.7147 0.7190
24 0.1223 0.1078 0.8178 0.2310 0.7797 0.2556 0.4652 0.7877 0.7221 0.7519
25 0.1231 0.1109 0.8097 0.2351 0.7713 0.1868 0.4669 0.8046 0.6549 0.7660
26 0.1128 0.1025 0.8298 0.2164 0.7938 0.2946 0.4699 0.7858 0.7658 0.7561
27 0.0944 0.0851 0.8413 0.1806 0.8053 0.2890 0.4415 0.8082 0.7319 0.7836
28 0.0850 0.0783 0.8588 0.1644 0.8261 0.2676 0.4678 0.8087 0.7368 0.7749
29 0.0817 0.0732 0.8568 0.1560 0.8252 0.2936 0.4586 0.8049 0.7537 0.7720
30 0.0715 0.0647 0.8689 0.1375 0.8374 0.2765 0.4474 0.8179 0.7254 0.7874
31 0.0667 0.0640 0.8677 0.1320 0.8381 0.2595 0.4561 0.8168 0.7171 0.7847
32 0.0633 0.0630 0.8700 0.1276 0.8370 0.2624 0.4563 0.8189 0.7202 0.7873
33 0.0619 0.0567 0.8729 0.1198 0.8429 0.2881 0.4529 0.8188 0.7425 0.7894
34 0.0677 0.0640 0.8674 0.1330 0.8369 0.3008 0.4501 0.8158 0.7524 0.7853
35 0.0710 0.0635 0.8678 0.1358 0.8383 0.2851 0.4472 0.8135 0.7338 0.7869
36 0.0678 0.0599 0.8723 0.1290 0.8410 0.3596 0.4469 0.8150 0.8081 0.7881
37 0.0755 0.0681 0.8642 0.1449 0.8316 0.2546 0.4516 0.8139 0.7077 0.7837
38 0.0832 0.0767 0.8521 0.1611 0.8185 0.3936 0.4747 0.7484 0.8698 0.6949
39 0.0834 0.0718 0.8622 0.1564 0.8292 0.2242 0.4652 0.8061 0.6906 0.7749
40 0.1008 0.0911 0.8334 0.1930 0.7954 0.3340 0.4976 0.7731 0.8327 0.7327
41 0.1071 0.0980 0.8424 0.2062 0.8067 0.3017 0.4504 0.8004 0.7535 0.7628
42 0.0870 0.0748 0.8585 0.1630 0.8260 0.3616 0.4734 0.7973 0.8365 0.7632
43 0.0817 0.0705 0.8543 0.1535 0.8229 0.2049 0.4595 0.8225 0.6657 0.7912
44 0.0737 0.0686 0.8696 0.1436 0.8368 0.2103 0.4535 0.7972 0.6653 0.7577
45 0.0674 0.0624 0.8741 0.1311 0.8436 0.2654 0.4522 0.8205 0.7192 0.7934
46 0.0630 0.0572 0.8745 0.1215 0.8458 0.2267 0.4469 0.8295 0.6752 0.8009
47 0.0524 0.0487 0.8856 0.1025 0.8583 0.2503 0.4445 0.8331 0.6965 0.8059
48 0.0505 0.0462 0.8895 0.0981 0.8624 0.2578 0.4437 0.8298 0.7032 0.8007
49 0.0533 0.0481 0.8857 0.1028 0.8583 0.2394 0.4368 0.8356 0.6779 0.8086
50 0.0487 0.0450 0.8892 0.0952 0.8622 0.2530 0.4379 0.8314 0.6926 0.8055
51 0.0575 0.0529 0.8837 0.1118 0.8525 0.2842 0.4474 0.8168 0.7333 0.7846
52 0.0581 0.0533 0.8766 0.1127 0.8471 0.3125 0.4421 0.8226 0.7563 0.7896
53 0.0594 0.0525 0.8844 0.1133 0.8545 0.2551 0.4402 0.8223 0.6969 0.7956
54 0.0781 0.0674 0.8666 0.1468 0.8372 0.3537 0.4485 0.8140 0.8039 0.7804
55 0.0814 0.0730 0.8636 0.1556 0.8306 0.2642 0.4474 0.8125 0.7131 0.7775
56 0.1076 0.0898 0.8411 0.1984 0.8060 0.3781 0.4567 0.7635 0.8360 0.7219
57 0.0970 0.0857 0.8457 0.1839 0.8087 0.2942 0.4683 0.8087 0.7639 0.7792
58 0.0702 0.0650 0.8620 0.1364 0.8308 0.2623 0.4228 0.8278 0.6868 0.7942
59 0.0646 0.0609 0.8693 0.1269 0.8385 0.3213 0.4428 0.8308 0.7658 0.8013
60 0.0633 0.0563 0.8761 0.1209 0.8458 0.2550 0.4181 0.8297 0.6746 0.7989
61 0.0548 0.0491 0.8841 0.1053 0.8556 0.3079 0.4185 0.8322 0.7282 0.8059
62 0.0455 0.0434 0.8956 0.0904 0.8697 0.2770 0.4339 0.8386 0.7127 0.8126
63 0.0458 0.0426 0.8973 0.0898 0.8709 0.3265 0.4192 0.8338 0.7475 0.8069
64 0.0445 0.0413 0.8969 0.0873 0.8692 0.3068 0.4203 0.8386 0.7289 0.8103
65 0.0447 0.0412 0.8905 0.0874 0.8651 0.3032 0.4195 0.8361 0.7245 0.8099
66 0.0425 0.0408 0.8941 0.0848 0.8666 0.2572 0.4246 0.8384 0.6837 0.8083
67 0.0494 0.0444 0.8875 0.0952 0.8573 0.2457 0.4039 0.8360 0.6514 0.8075
68 0.0476 0.0418 0.8932 0.0908 0.8658 0.2444 0.4075 0.8404 0.6537 0.8125
69 0.0655 0.0532 0.8822 0.1201 0.8524 0.3132 0.4455 0.8203 0.7603 0.7927
70 0.0707 0.0632 0.8695 0.1352 0.8374 0.2603 0.4471 0.8244 0.7091 0.7905
71 0.0737 0.0649 0.8660 0.1400 0.8352 0.3006 0.4272 0.8034 0.7295 0.7650
72 0.0683 0.0628 0.8738 0.1324 0.8436 0.3439 0.4389 0.7945 0.7846 0.7602
73 0.0833 0.0679 0.8652 0.1525 0.8348 0.4291 0.4708 0.7653 0.9014 0.7346
74 0.0738 0.0661 0.8642 0.1411 0.8323 0.2782 0.4226 0.8192 0.7025 0.7837
75 0.0598 0.0532 0.8809 0.1144 0.8518 0.2552 0.4509 0.8253 0.7077 0.7963
76 0.0514 0.0468 0.8861 0.0996 0.8598 0.3774 0.4219 0.8246 0.8012 0.8010
77 0.0479 0.0428 0.8959 0.0922 0.8712 0.2932 0.4096 0.8360 0.7047 0.8064
78 0.0448 0.0398 0.8960 0.0861 0.8702 0.3215 0.4119 0.8313 0.7353 0.8068
79 0.0418 0.0380 0.8982 0.0813 0.8720 0.3111 0.4136 0.8335 0.7266 0.8085
80 0.0393 0.0350 0.8967 0.0759 0.8728 0.3027 0.4125 0.8341 0.7171 0.8089
81 0.0379 0.0355 0.9043 0.0750 0.8797 0.3235 0.4009 0.8374 0.7263 0.8126
82 0.0393 0.0374 0.9034 0.0783 0.8772 0.3178 0.4161 0.8258 0.7359 0.7973
83 0.0456 0.0401 0.8946 0.0873 0.8678 0.2356 0.3985 0.8492 0.6358 0.8239
84 0.0447 0.0397 0.8944 0.0858 0.8682 0.2943 0.4330 0.8302 0.7291 0.7982
85 0.0513 0.0467 0.8901 0.0995 0.8616 0.3123 0.4312 0.8159 0.7452 0.7835
86 0.0503 0.0453 0.8844 0.0971 0.8575 0.3145 0.4573 0.8245 0.7734 0.7971
87 0.0665 0.0589 0.8731 0.1267 0.8428 0.3311 0.4569 0.7834 0.7895 0.7327
88 0.0755 0.0664 0.8692 0.1432 0.8350 0.3360 0.4649 0.7963 0.8023 0.7674
89 0.0812 0.0716 0.8630 0.1542 0.8338 0.3248 0.4967 0.7791 0.8227 0.7414
90 0.0636 0.0597 0.8732 0.1247 0.8439 0.3234 0.4459 0.8288 0.7710 0.7997
91 0.0547 0.0487 0.8808 0.1048 0.8541 0.3305 0.4294 0.8131 0.7617 0.7867
92 0.0585 0.0515 0.8811 0.1115 0.8534 0.3405 0.4339 0.8344 0.7762 0.8104
93 0.0431 0.0387 0.9008 0.0833 0.8764 0.3695 0.4240 0.8180 0.7953 0.7901
94 0.0405 0.0377 0.8948 0.0798 0.8705 0.3254 0.4285 0.8435 0.7558 0.8181
95 0.0359 0.0342 0.8988 0.0717 0.8763 0.3270 0.4207 0.8415 0.7497 0.8158
96 0.0362 0.0341 0.8955 0.0719 0.8713 0.3421 0.4249 0.8400 0.7690 0.8141
97 0.0368 0.0333 0.9076 0.0717 0.8859 0.3177 0.4290 0.8384 0.7487 0.8137
98 0.0366 0.0327 0.9050 0.0708 0.8814 0.3519 0.4104 0.8419 0.7644 0.8154
99 0.0349 0.0329 0.9037 0.0693 0.8794 0.3325 0.4280 0.8409 0.7624 0.8180
100 0.0413 0.0374 0.8968 0.0803 0.8712 0.2740 0.4363 0.8316 0.7121 0.8068
101 0.0432 0.0387 0.8937 0.0834 0.8677 0.3285 0.4164 0.8382 0.7466 0.8100
102 0.0530 0.0472 0.8840 0.1016 0.8577 0.3149 0.4474 0.8072 0.7639 0.7773
103 0.0938 0.0785 0.8537 0.1737 0.8208 0.2505 0.4693 0.7941 0.7211 0.7615
104 0.0818 0.0702 0.8630 0.1534 0.8309 0.3488 0.4655 0.7812 0.8160 0.7448
105 0.0670 0.0602 0.8702 0.1285 0.8412 0.3311 0.4575 0.8055 0.7903 0.7714
106 0.0772 0.0672 0.8674 0.1459 0.8366 0.2718 0.4555 0.8169 0.7288 0.7867
107 0.0538 0.0489 0.8818 0.1040 0.8534 0.3070 0.4208 0.8298 0.7297 0.8020
108 0.0479 0.0440 0.8922 0.0935 0.8654 0.2986 0.4311 0.8299 0.7315 0.8006
109 0.0385 0.0357 0.9011 0.0758 0.8761 0.3287 0.4088 0.8422 0.7395 0.8119
110 0.0372 0.0338 0.9051 0.0726 0.8808 0.3005 0.4159 0.8457 0.7184 0.8184
111 0.0354 0.0328 0.9088 0.0698 0.8845 0.3151 0.4187 0.8457 0.7358 0.8205
112 0.0343 0.0322 0.9068 0.0682 0.8839 0.3045 0.4177 0.8462 0.7242 0.8211
113 0.0341 0.0322 0.9039 0.0679 0.8804 0.3030 0.4148 0.8475 0.7199 0.8194
114 0.0356 0.0333 0.9016 0.0705 0.8782 0.3022 0.4303 0.8367 0.7345 0.8068
115 0.0328 0.0303 0.9097 0.0648 0.8860 0.3120 0.4208 0.8442 0.7347 0.8153
116 0.0346 0.0320 0.9066 0.0683 0.8838 0.3436 0.4349 0.8381 0.7804 0.8129
117 0.0414 0.0366 0.9036 0.0796 0.8798 0.3256 0.4381 0.8307 0.7656 0.8021
118 0.0526 0.0479 0.8814 0.1020 0.8546 0.3306 0.4576 0.8234 0.7899 0.7946
119 0.0582 0.0518 0.8810 0.1115 0.8539 0.2648 0.4500 0.7746 0.7165 0.7315
120 0.0813 0.0685 0.8590 0.1512 0.8267 1.1318 0.5691 0.6555 1.7025 0.5751
121 0.0766 0.0678 0.8581 0.1457 0.8262 0.3165 0.4559 0.8163 0.7739 0.7821
122 0.0602 0.0557 0.8740 0.1173 0.8433 0.3324 0.4567 0.8254 0.7908 0.8006
123 0.0506 0.0455 0.8932 0.0976 0.8662 0.2905 0.4482 0.8156 0.7405 0.7868
124 0.0453 0.0429 0.8944 0.0898 0.8692 0.4032 0.4217 0.8330 0.8268 0.8042
125 0.0436 0.0410 0.9016 0.0861 0.8772 0.3845 0.4259 0.8275 0.8124 0.8011
126 0.0366 0.0346 0.9048 0.0728 0.8832 0.4198 0.4242 0.8343 0.8461 0.8074
127 0.0381 0.0336 0.9118 0.0734 0.8876 0.3786 0.4251 0.8322 0.8058 0.8068
128 0.0327 0.0317 0.9089 0.0661 0.8874 0.4164 0.4154 0.8312 0.8338 0.8035
129 0.0333 0.0311 0.9114 0.0662 0.8898 0.4269 0.4013 0.8348 0.8303 0.8065
130 0.0337 0.0317 0.9113 0.0672 0.8878 0.4357 0.4039 0.8341 0.8419 0.8064
131 0.0317 0.0297 0.9091 0.0631 0.8857 0.4567 0.3987 0.8338 0.8574 0.8066
132 0.0338 0.0308 0.9092 0.0663 0.8852 0.3894 0.4220 0.8410 0.8134 0.8115
133 0.0377 0.0348 0.9059 0.0742 0.8813 0.3671 0.4059 0.8305 0.7750 0.7978
134 0.0475 0.0429 0.8963 0.0920 0.8705 0.2453 0.4131 0.8297 0.6602 0.7973
135 0.0515 0.0457 0.8907 0.0988 0.8649 0.3965 0.4253 0.8265 0.8236 0.7996
136 0.0604 0.0521 0.8813 0.1141 0.8517 0.2731 0.4245 0.8254 0.6993 0.7967
137 0.0558 0.0495 0.8898 0.1068 0.8614 0.2974 0.4210 0.8247 0.7202 0.7951
138 0.0537 0.0499 0.8897 0.1050 0.8622 0.3640 0.4158 0.8218 0.7818 0.7916
139 0.0458 0.0413 0.8944 0.0886 0.8675 0.2692 0.4256 0.8222 0.6966 0.7944
140 0.0417 0.0384 0.8982 0.0816 0.8734 0.3249 0.3926 0.8375 0.7196 0.8071
141 0.0344 0.0321 0.9033 0.0682 0.8811 0.3632 0.3961 0.8401 0.7614 0.8107
142 0.0303 0.0288 0.9105 0.0607 0.8891 0.3664 0.3874 0.8464 0.7560 0.8192
143 0.0309 0.0295 0.9088 0.0621 0.8876 0.3514 0.3897 0.8479 0.7432 0.8196
144 0.0291 0.0272 0.9147 0.0580 0.8936 0.3656 0.3898 0.8469 0.7576 0.8194
145 0.0306 0.0282 0.9157 0.0606 0.8953 0.3885 0.3937 0.8455 0.7844 0.8185
146 0.0292 0.0273 0.9175 0.0582 0.8971 0.3775 0.3913 0.8462 0.7710 0.8166
147 0.0306 0.0287 0.9202 0.0610 0.8976 0.3776 0.3955 0.8447 0.7753 0.8154
148 0.0368 0.0322 0.9079 0.0707 0.8861 0.2949 0.3992 0.8508 0.6962 0.8210
149 0.0388 0.0356 0.9066 0.0760 0.8820 0.3231 0.4176 0.8369 0.7427 0.8118
150 0.0412 0.0349 0.9013 0.0778 0.8782 0.2746 0.4061 0.8231 0.6826 0.7942
151 0.0427 0.0388 0.9009 0.0831 0.8762 0.3191 0.4444 0.8319 0.7653 0.7981
152 0.0449 0.0402 0.8917 0.0866 0.8668 0.2856 0.4225 0.8246 0.7099 0.7893
153 0.0523 0.0461 0.8881 0.1000 0.8591 0.3622 0.4188 0.8170 0.7827 0.7890
154 0.0494 0.0431 0.8922 0.0940 0.8677 0.3112 0.4244 0.8318 0.7373 0.8050
155 0.0450 0.0403 0.8940 0.0868 0.8708 0.3384 0.4158 0.8361 0.7561 0.8025
156 0.0389 0.0369 0.9091 0.0774 0.8845 0.3708 0.4101 0.8352 0.7828 0.8077
157 0.0331 0.0307 0.9099 0.0655 0.8871 0.2980 0.4078 0.8534 0.7079 0.8291
158 0.0308 0.0293 0.9117 0.0618 0.8884 0.3431 0.3989 0.8411 0.7441 0.8165
159 0.0283 0.0262 0.9176 0.0563 0.8978 0.2943 0.3920 0.8492 0.6885 0.8243
160 0.0268 0.0255 0.9209 0.0541 0.8993 0.3035 0.4038 0.8514 0.7094 0.8277
161 0.0293 0.0269 0.9182 0.0579 0.8981 0.2908 0.3967 0.8522 0.6897 0.8280
162 0.0284 0.0266 0.9159 0.0568 0.8963 0.3389 0.4092 0.8445 0.7502 0.8217
163 0.0332 0.0321 0.9116 0.0669 0.8887 0.3509 0.3955 0.8464 0.7484 0.8198
164 0.0300 0.0274 0.9122 0.0592 0.8919 0.3003 0.3981 0.8385 0.7005 0.8080
165 0.0326 0.0299 0.9094 0.0641 0.8854 0.3371 0.3930 0.8448 0.7322 0.8125
166 0.0352 0.0317 0.9072 0.0687 0.8846 0.3085 0.4047 0.8417 0.7152 0.8106
167 0.0587 0.0502 0.8890 0.1104 0.8622 0.3489 0.4326 0.7912 0.7830 0.7472
168 0.0552 0.0468 0.8907 0.1035 0.8626 0.3458 0.4215 0.8268 0.7692 0.7991
169 0.0476 0.0408 0.8959 0.0900 0.8699 0.2954 0.4425 0.8146 0.7395 0.7800
170 0.0445 0.0400 0.8975 0.0861 0.8728 0.2643 0.4168 0.8306 0.6830 0.8011
171 0.0447 0.0399 0.8981 0.0862 0.8726 0.2452 0.4281 0.8356 0.6752 0.8073
172 0.0410 0.0381 0.9005 0.0808 0.8754 0.3346 0.4033 0.8437 0.7401 0.8177
173 0.0305 0.0285 0.9055 0.0607 0.8857 0.3382 0.4009 0.8443 0.7412 0.8204
174 0.0320 0.0277 0.9123 0.0615 0.8914 0.3265 0.3907 0.8520 0.7195 0.8249
175 0.0274 0.0267 0.9159 0.0560 0.8969 0.3422 0.3865 0.8564 0.7309 0.8292
176 0.0276 0.0252 0.9199 0.0546 0.8994 0.3427 0.3861 0.8568 0.7311 0.8308
177 0.0258 0.0249 0.9203 0.0526 0.8995 0.3573 0.3958 0.8548 0.7554 0.8299
178 0.0265 0.0254 0.9132 0.0537 0.8927 0.3156 0.3895 0.8570 0.7073 0.8301
179 0.0265 0.0250 0.9168 0.0532 0.8970 0.3573 0.3832 0.8510 0.7427 0.8230
180 0.0275 0.0256 0.9184 0.0550 0.8987 0.3695 0.4071 0.8463 0.7788 0.8195
181 0.0278 0.0262 0.9187 0.0558 0.8989 0.4337 0.3904 0.8348 0.8263 0.8039
182 0.0398 0.0355 0.9005 0.0771 0.8767 0.4603 0.4484 0.7823 0.9106 0.7443
183 0.0695 0.0565 0.8802 0.1276 0.8527 0.3344 0.4818 0.7784 0.8175 0.7417
184 0.0674 0.0614 0.8746 0.1303 0.8458 0.4443 0.4893 0.7810 0.9350 0.7400
185 0.0584 0.0513 0.8884 0.1113 0.8611 0.3690 0.4095 0.8173 0.7804 0.7863
186 0.0505 0.0432 0.8930 0.0954 0.8688 0.2160 0.4254 0.8255 0.6432 0.7969
187 0.0453 0.0410 0.8977 0.0879 0.8745 0.2871 0.3985 0.8450 0.6877 0.8204
188 0.0346 0.0317 0.9037 0.0679 0.8816 0.3105 0.4037 0.8498 0.7162 0.8251
189 0.0339 0.0308 0.9115 0.0666 0.8892 0.4730 0.4114 0.8167 0.8865 0.7954
190 0.0303 0.0281 0.9205 0.0602 0.9019 0.4296 0.4146 0.8278 0.8464 0.8031
191 0.0289 0.0273 0.9167 0.0580 0.8975 0.3779 0.4051 0.8401 0.7852 0.8122
192 0.0258 0.0248 0.9203 0.0524 0.9028 0.3657 0.4060 0.8424 0.7740 0.8156
193 0.0295 0.0271 0.9190 0.0585 0.9003 0.3950 0.4080 0.8418 0.8053 0.8176
194 0.0298 0.0270 0.9139 0.0587 0.8937 0.3469 0.3988 0.8418 0.7480 0.8200
195 0.0260 0.0246 0.9212 0.0526 0.9025 0.3784 0.3979 0.8447 0.7784 0.8199
196 0.0282 0.0262 0.9205 0.0563 0.9015 0.4908 0.4102 0.8223 0.9031 0.7997
197 0.0302 0.0264 0.9119 0.0585 0.8909 0.3646 0.3872 0.8462 0.7540 0.8229
198 0.0275 0.0253 0.9181 0.0546 0.8984 0.4085 0.3913 0.8359 0.8018 0.8106
199 0.0288 0.0269 0.9170 0.0575 0.8947 0.3564 0.3955 0.8342 0.7539 0.8060
