epoch train_BCELoss train_SoftDiceLoss train_iou train_loss train_mAP val_BCELoss val_SoftDiceLoss val_iou val_loss val_mAP
0 0.5158 0.6033 0.2336 1.1187 0.1751 0.3801 0.7031 0.4930 1.0828 0.3964
1 0.2794 0.2730 0.6622 0.5525 0.6003 0.2026 0.5806 0.7169 0.7836 0.6591
2 0.2428 0.2255 0.6950 0.4686 0.6399 0.2038 0.5553 0.7465 0.7596 0.6990
3 0.2180 0.2033 0.7197 0.4218 0.6672 0.1792 0.5383 0.7533 0.7182 0.7032
4 0.1987 0.1840 0.7453 0.3834 0.6956 0.2193 0.5402 0.7457 0.7602 0.6879
5 0.1838 0.1780 0.7596 0.3625 0.7106 0.1571 0.5277 0.7860 0.6858 0.7405
6 0.1652 0.1519 0.7777 0.3178 0.7344 0.1704 0.5180 0.7918 0.6894 0.7446
7 0.1486 0.1414 0.7910 0.2908 0.7470 0.1644 0.5119 0.8089 0.6772 0.7645
8 0.1411 0.1341 0.8089 0.2761 0.7690 0.1408 0.5010 0.8233 0.6428 0.7856
9 0.1180 0.1122 0.8278 0.2311 0.7882 0.1453 0.5004 0.8184 0.6467 0.7793
10 0.1071 0.1074 0.8300 0.2154 0.7913 0.1513 0.4931 0.8164 0.6455 0.7781
11 0.1173 0.1098 0.8237 0.2281 0.7848 0.1534 0.4980 0.8229 0.6526 0.7871
12 0.1145 0.1064 0.8196 0.2218 0.7787 0.1880 0.4910 0.8098 0.6801 0.7715
13 0.1331 0.1217 0.8151 0.2557 0.7740 0.1714 0.4983 0.8097 0.6708 0.7709
14 0.1327 0.1245 0.8054 0.2581 0.7633 0.1628 0.4994 0.8145 0.6632 0.7755
15 0.1472 0.1337 0.7981 0.2818 0.7566 0.1766 0.5177 0.7967 0.6952 0.7481
16 0.1245 0.1116 0.8191 0.2371 0.7792 0.1782 0.4936 0.8135 0.6730 0.7754
17 0.1167 0.1083 0.8351 0.2261 0.7995 0.1410 0.4907 0.8215 0.6329 0.7876
18 0.0912 0.0850 0.8442 0.1773 0.8090 0.1792 0.4834 0.8255 0.6638 0.7941
19 0.0826 0.0764 0.8496 0.1601 0.8156 0.1645 0.4765 0.8324 0.6422 0.8011
20 0.0753 0.0746 0.8583 0.1511 0.8272 0.1600 0.4756 0.8367 0.6368 0.8070
21 0.0813 0.0753 0.8576 0.1578 0.8239 0.1702 0.4815 0.8302 0.6529 0.8000
22 0.0857 0.0781 0.8554 0.1649 0.8206 0.2057 0.4786 0.8206 0.6855 0.7901
23 0.0872 0.0836 0.8523 0.1720 0.8160 0.1961 0.4775 0.8249 0.6750 0.7882
24 0.0947 0.0876 0.8411 0.1835 0.8050 0.2316 0.4941 0.8237 0.7270 0.7894
25 0.1103 0.0972 0.8333 0.2086 0.7946 0.2101 0.4950 0.8116 0.7062 0.7746
26 0.1005 0.0878 0.8464 0.1895 0.8074 0.2095 0.4904 0.8201 0.7010 0.7869
27 0.0802 0.0755 0.8525 0.1570 0.8157 0.2255 0.4926 0.8227 0.7194 0.7929
28 0.0808 0.0737 0.8559 0.1557 0.8226 0.1825 0.4840 0.8332 0.6678 0.8046
29 0.0621 0.0607 0.8711 0.1241 0.8403 0.1860 0.4751 0.8385 0.6625 0.8079
30 0.0585 0.0548 0.8797 0.1146 0.8488 0.1834 0.4736 0.8399 0.6585 0.8109
31 0.0574 0.0525 0.8825 0.1112 0.8542 0.1728 0.4698 0.8395 0.6441 0.8101
32 0.0600 0.0560 0.8784 0.1174 0.8475 0.1933 0.4725 0.8373 0.6672 0.8070
33 0.0641 0.0564 0.8682 0.1217 0.8369 0.1875 0.4808 0.8249 0.6696 0.7936
34 0.0742 0.0645 0.8668 0.1400 0.8329 0.1787 0.5023 0.8054 0.6824 0.7686
35 0.0993 0.0903 0.8390 0.1907 0.8022 0.2630 0.4913 0.8359 0.7556 0.8059
36 0.0855 0.0755 0.8572 0.1623 0.8225 0.1761 0.4841 0.8232 0.6616 0.7851
37 0.0725 0.0643 0.8695 0.1381 0.8377 0.1798 0.4799 0.8177 0.6611 0.7825
38 0.0580 0.0537 0.8733 0.1132 0.8417 0.2282 0.4786 0.8302 0.7083 0.7978
39 0.0504 0.0475 0.8825 0.0994 0.8547 0.2213 0.4701 0.8365 0.6930 0.8055
40 0.0514 0.0443 0.8821 0.0971 0.8545 0.2297 0.4704 0.8326 0.7017 0.8006
41 0.0518 0.0476 0.8829 0.1008 0.8547 0.2494 0.4709 0.8339 0.7219 0.8058
42 0.0554 0.0502 0.8781 0.1071 0.8502 0.2322 0.4709 0.8445 0.7047 0.8156
43 0.0612 0.0558 0.8813 0.1184 0.8506 0.2523 0.4779 0.8322 0.7318 0.8024
44 0.0642 0.0559 0.8755 0.1215 0.8454 0.2292 0.4734 0.8179 0.7039 0.7810
45 0.0800 0.0643 0.8722 0.1456 0.8393 0.2459 0.4721 0.8308 0.7195 0.7986
46 0.0816 0.0701 0.8662 0.1531 0.8327 0.2119 0.4815 0.8219 0.6947 0.7913
47 0.0652 0.0576 0.8750 0.1241 0.8454 0.2222 0.4701 0.8330 0.6939 0.8013
48 0.0586 0.0563 0.8827 0.1164 0.8523 0.2007 0.4666 0.8386 0.6687 0.8063
49 0.0499 0.0467 0.8874 0.0981 0.8608 0.2203 0.4686 0.8412 0.6904 0.8115
50 0.0453 0.0447 0.8905 0.0914 0.8633 0.2103 0.4663 0.8380 0.6782 0.8079
51 0.0468 0.0432 0.8930 0.0916 0.8670 0.1967 0.4653 0.8403 0.6636 0.8097
52 0.0469 0.0432 0.8849 0.0915 0.8567 0.1789 0.4597 0.8458 0.6401 0.8137
53 0.0475 0.0444 0.8892 0.0933 0.8605 0.2161 0.4746 0.8436 0.6923 0.8137
54 0.0657 0.0575 0.8722 0.1246 0.8416 0.2520 0.4767 0.8363 0.7302 0.8016
55 0.0672 0.0579 0.8765 0.1265 0.8469 0.1834 0.4857 0.8239 0.6706 0.7867
56 0.0648 0.0574 0.8768 0.1236 0.8470 0.1974 0.4795 0.8281 0.6783 0.7930
57 0.0467 0.0432 0.8922 0.0914 0.8633 0.2166 0.4776 0.8268 0.6957 0.7968
58 0.0492 0.0442 0.8898 0.0950 0.8621 0.2016 0.4725 0.8395 0.6756 0.8043
59 0.0391 0.0374 0.9012 0.0781 0.8744 0.2258 0.4713 0.8444 0.6988 0.8148
60 0.0429 0.0390 0.8973 0.0835 0.8708 0.2321 0.4715 0.8455 0.7053 0.8148
61 0.0406 0.0381 0.8987 0.0803 0.8728 0.2297 0.4677 0.8436 0.6991 0.8129
62 0.0466 0.0425 0.8980 0.0907 0.8698 0.2345 0.4665 0.8448 0.7027 0.8119
63 0.0476 0.0438 0.8862 0.0929 0.8585 0.2353 0.4721 0.8386 0.7091 0.8083
64 0.0591 0.0543 0.8730 0.1148 0.8420 0.2492 0.4806 0.8234 0.7312 0.7916
65 0.0637 0.0555 0.8759 0.1207 0.8472 0.2498 0.4730 0.8444 0.7243 0.8143
66 0.0576 0.0509 0.8784 0.1099 0.8479 0.2333 0.4741 0.8277 0.7089 0.7945
67 0.0469 0.0431 0.8901 0.0914 0.8629 0.2332 0.4670 0.8456 0.7018 0.8187
68 0.0459 0.0408 0.8877 0.0883 0.8625 0.1877 0.4632 0.8502 0.6526 0.8216
69 0.0394 0.0376 0.9024 0.0786 0.8774 0.2065 0.4597 0.8513 0.6679 0.8227
70 0.0377 0.0360 0.9053 0.0753 0.8805 0.2123 0.4586 0.8537 0.6726 0.8234
71 0.0375 0.0354 0.9042 0.0745 0.8794 0.2184 0.4628 0.8553 0.6829 0.8261
72 0.0376 0.0351 0.9013 0.0744 0.8756 0.2151 0.4647 0.8507 0.6815 0.8212
73 0.0396 0.0348 0.9017 0.0760 0.8768 0.2117 0.4638 0.8535 0.6772 0.8225
74 0.0480 0.0426 0.8875 0.0921 0.8604 0.2002 0.4751 0.8338 0.6768 0.8012
75 0.0564 0.0499 0.8875 0.1078 0.8572 0.2283 0.4782 0.8251 0.7081 0.7913
76 0.0603 0.0537 0.8792 0.1155 0.8506 0.2148 0.4732 0.8408 0.6894 0.8127
77 0.0481 0.0434 0.8906 0.0931 0.8618 0.2157 0.4776 0.8419 0.6948 0.8102
78 0.0407 0.0383 0.8977 0.0805 0.8705 0.2209 0.4654 0.8460 0.6879 0.8139
79 0.0388 0.0361 0.9057 0.0765 0.8799 0.2094 0.4630 0.8470 0.6741 0.8167
80 0.0349 0.0326 0.9042 0.0693 0.8787 0.2048 0.4623 0.8529 0.6688 0.8220
81 0.0376 0.0337 0.9117 0.0730 0.8860 0.1942 0.4636 0.8519 0.6595 0.8228
82 0.0389 0.0366 0.9029 0.0772 0.8796 0.2024 0.4605 0.8469 0.6645 0.8117
83 0.0458 0.0399 0.8995 0.0874 0.8743 0.2295 0.4700 0.8348 0.7014 0.8069
84 0.0595 0.0551 0.8778 0.1160 0.8477 0.2400 0.4723 0.8372 0.7141 0.8103
85 0.0683 0.0582 0.8813 0.1280 0.8519 0.2164 0.4758 0.8238 0.6939 0.7907
86 0.0578 0.0535 0.8825 0.1128 0.8528 0.2283 0.4708 0.8415 0.7007 0.8150
87 0.0446 0.0405 0.8981 0.0868 0.8730 0.2404 0.4659 0.8426 0.7080 0.8148
88 0.0378 0.0343 0.9059 0.0737 0.8821 0.2277 0.4600 0.8479 0.6894 0.8213
89 0.0331 0.0319 0.9088 0.0667 0.8863 0.2346 0.4595 0.8481 0.6960 0.8215
90 0.0331 0.0313 0.9173 0.0661 0.8949 0.2316 0.4593 0.8528 0.6927 0.8258
91 0.0328 0.0303 0.9094 0.0649 0.8862 0.2359 0.4585 0.8488 0.6961 0.8204
92 0.0347 0.0323 0.9060 0.0686 0.8840 0.2042 0.4626 0.8422 0.6686 0.8103
93 0.0435 0.0398 0.8959 0.0850 0.8704 0.2403 0.4701 0.8311 0.7120 0.8001
94 0.0433 0.0383 0.8922 0.0833 0.8683 0.2117 0.4659 0.8404 0.6793 0.8095
95 0.0592 0.0523 0.8829 0.1130 0.8522 0.1835 0.4881 0.8311 0.6733 0.7980
96 0.0470 0.0419 0.8935 0.0905 0.8659 0.1983 0.4643 0.8480 0.6641 0.8171
97 0.0410 0.0381 0.8967 0.0808 0.8705 0.1816 0.4636 0.8520 0.6469 0.8204
98 0.0357 0.0323 0.9031 0.0697 0.8810 0.2239 0.4583 0.8526 0.6838 0.8227
99 0.0323 0.0301 0.9115 0.0641 0.8893 0.2134 0.4567 0.8590 0.6718 0.8300
