epoch train_BCELoss train_SoftDiceLoss train_iou train_loss train_mAP val_BCELoss val_SoftDiceLoss val_iou val_loss val_mAP
0 0.6238 0.6472 0.1814 2.0209 0.1368 0.5402 0.7467 0.3737 1.7835 0.3191
1 0.3331 0.4452 0.6152 1.1876 0.5433 0.2757 0.6541 0.6510 1.0101 0.5952
2 0.2838 0.3846 0.6821 0.9841 0.6184 0.2481 0.6292 0.6988 0.8853 0.6518
3 0.2556 0.3496 0.7093 0.8740 0.6525 0.2205 0.6075 0.7251 0.8141 0.6767
4 0.2336 0.3206 0.7291 0.8104 0.6772 0.2256 0.6070 0.7408 0.7660 0.6904
5 0.2090 0.2942 0.7521 0.7337 0.7040 0.2291 0.6021 0.7343 0.8306 0.6906
6 0.2052 0.2871 0.7626 0.7024 0.7181 0.2083 0.5780 0.7668 0.7321 0.7239
7 0.1827 0.2580 0.7878 0.6231 0.7443 0.1764 0.5723 0.7680 0.6771 0.7327
8 0.1611 0.2275 0.8093 0.5566 0.7696 0.1821 0.5696 0.7853 0.6343 0.7502
9 0.1501 0.2154 0.8197 0.5214 0.7796 0.1647 0.5530 0.7932 0.6131 0.7625
10 0.1400 0.2038 0.8209 0.4962 0.7833 0.1732 0.5578 0.7972 0.6155 0.7669
11 0.1450 0.2100 0.8242 0.5083 0.7855 0.1710 0.5527 0.7836 0.6567 0.7512
12 0.1567 0.2263 0.8084 0.5551 0.7645 0.2003 0.5653 0.7936 0.6826 0.7576
13 0.1643 0.2317 0.8113 0.5670 0.7689 0.1973 0.5706 0.7914 0.6508 0.7600
14 0.1702 0.2366 0.8067 0.5834 0.7661 0.2365 0.5637 0.7668 0.8037 0.7227
15 0.1690 0.2347 0.8099 0.5784 0.7701 0.1860 0.5631 0.7837 0.6655 0.7500
16 0.1665 0.2342 0.8124 0.5676 0.7739 0.1656 0.5485 0.7823 0.6629 0.7466
17 0.1441 0.2051 0.8304 0.5089 0.7938 0.1610 0.5506 0.8082 0.5645 0.7696
18 0.1303 0.1888 0.8369 0.4659 0.7980 0.1520 0.5380 0.8179 0.5665 0.7865
19 0.1193 0.1716 0.8522 0.4264 0.8169 0.1420 0.5256 0.8204 0.5536 0.7880
20 0.1142 0.1647 0.8561 0.4125 0.8205 0.1451 0.5298 0.8248 0.5423 0.7942
21 0.1160 0.1664 0.8517 0.4192 0.8160 0.1465 0.5263 0.8274 0.5537 0.7968
22 0.1228 0.1760 0.8530 0.4336 0.8155 0.2018 0.5516 0.7980 0.7047 0.7605
23 0.1396 0.1991 0.8384 0.4858 0.8015 0.1529 0.5387 0.8032 0.5878 0.7665
24 0.1493 0.2069 0.8256 0.5133 0.7868 0.1711 0.5419 0.8139 0.5944 0.7814
25 0.1495 0.2086 0.8242 0.5315 0.7857 0.1869 0.5712 0.7807 0.6964 0.7508
26 0.1493 0.2100 0.8354 0.5140 0.7986 0.1684 0.5425 0.8037 0.5985 0.7689
27 0.1325 0.1853 0.8512 0.4529 0.8163 0.1621 0.5400 0.8118 0.5974 0.7804
28 0.1153 0.1665 0.8618 0.4142 0.8258 0.1433 0.5196 0.8218 0.5468 0.7925
29 0.1016 0.1478 0.8672 0.3754 0.8322 0.1346 0.5231 0.8304 0.5208 0.8042
30 0.1009 0.1517 0.8705 0.3630 0.8368 0.1352 0.5266 0.8317 0.5148 0.8050
31 0.0982 0.1435 0.8620 0.3769 0.8280 0.1524 0.5335 0.8257 0.5428 0.7975
32 0.1058 0.1494 0.8634 0.3897 0.8274 0.1582 0.5288 0.8120 0.5976 0.7809
33 0.1142 0.1604 0.8569 0.4176 0.8220 0.1760 0.5302 0.8241 0.6222 0.7947
34 0.1113 0.1591 0.8579 0.4126 0.8220 0.1715 0.5322 0.8136 0.6347 0.7797
35 0.1404 0.2019 0.8254 0.5092 0.7915 0.1748 0.5428 0.7877 0.6571 0.7493
36 0.1242 0.1778 0.8459 0.4495 0.8094 0.1735 0.5579 0.8054 0.5977 0.7737
37 0.1119 0.1582 0.8623 0.4035 0.8269 0.1513 0.5289 0.8251 0.5513 0.7953
38 0.1007 0.1450 0.8674 0.3712 0.8334 0.1480 0.5285 0.8231 0.5753 0.7983
39 0.0866 0.1276 0.8809 0.3323 0.8483 0.1453 0.5116 0.8302 0.5582 0.8042
40 0.0792 0.1135 0.8858 0.3146 0.8524 0.1580 0.5120 0.8343 0.5871 0.8091
41 0.0810 0.1161 0.8856 0.3179 0.8551 0.1629 0.5166 0.8289 0.5880 0.8038
42 0.0884 0.1252 0.8725 0.3499 0.8395 0.1380 0.5163 0.8267 0.5632 0.8001
43 0.1015 0.1453 0.8646 0.3861 0.8287 0.1643 0.5393 0.8135 0.6270 0.7820
44 0.1200 0.1697 0.8478 0.4445 0.8102 0.2295 0.5708 0.7622 0.7733 0.6998
45 0.1447 0.2004 0.8343 0.5116 0.7979 0.2076 0.5559 0.7852 0.7129 0.7421
46 0.1285 0.1835 0.8515 0.4422 0.8162 0.1543 0.5354 0.8174 0.5718 0.7886
47 0.1105 0.1557 0.8605 0.4045 0.8277 0.1432 0.5248 0.8226 0.5838 0.7948
48 0.0968 0.1415 0.8765 0.3572 0.8455 0.1641 0.5242 0.8292 0.6093 0.8042
49 0.0806 0.1162 0.8845 0.3126 0.8523 0.1314 0.5088 0.8398 0.5214 0.8157
50 0.0744 0.1103 0.8857 0.3093 0.8552 0.1304 0.5083 0.8412 0.5142 0.8171
51 0.0776 0.1114 0.8841 0.3152 0.8531 0.1361 0.5109 0.8339 0.5271 0.8095
52 0.0901 0.1269 0.8757 0.3458 0.8424 0.1313 0.5115 0.8361 0.5263 0.8090
53 0.0916 0.1339 0.8729 0.3541 0.8394 0.1675 0.5163 0.8253 0.6368 0.7956
54 0.0977 0.1379 0.8710 0.3705 0.8359 0.1538 0.5157 0.8208 0.6260 0.7924
55 0.1135 0.1550 0.8632 0.4094 0.8293 0.1607 0.5247 0.8123 0.6336 0.7748
56 0.1095 0.1503 0.8654 0.4008 0.8331 0.1590 0.5336 0.8165 0.5975 0.7879
57 0.1008 0.1450 0.8702 0.3747 0.8377 0.1419 0.5224 0.8288 0.5225 0.8005
58 0.0809 0.1174 0.8885 0.3155 0.8567 0.1493 0.5139 0.8294 0.5893 0.8064
59 0.0744 0.1083 0.8845 0.3034 0.8508 0.1410 0.5078 0.8396 0.5574 0.8161
60 0.0687 0.1004 0.8909 0.2921 0.8603 0.1374 0.5000 0.8428 0.5468 0.8198
61 0.0662 0.0985 0.8928 0.2808 0.8619 0.1456 0.5041 0.8387 0.5607 0.8130
62 0.0809 0.1135 0.8850 0.3201 0.8530 0.1525 0.5223 0.8344 0.5654 0.8070
63 0.0839 0.1198 0.8835 0.3256 0.8511 0.1579 0.5154 0.8251 0.5911 0.7909
64 0.1054 0.1493 0.8611 0.3937 0.8242 0.1996 0.5292 0.8124 0.7192 0.7823
65 0.1354 0.1786 0.8468 0.4798 0.8049 0.1741 0.5528 0.7992 0.6201 0.7691
66 0.1166 0.1636 0.8570 0.4175 0.8242 0.1749 0.5450 0.8113 0.6163 0.7808
67 0.0997 0.1451 0.8677 0.3749 0.8322 0.1466 0.5097 0.8314 0.5570 0.8044
68 0.0754 0.1085 0.8849 0.3139 0.8553 0.1688 0.5176 0.8270 0.5974 0.7983
69 0.0727 0.1082 0.8908 0.2882 0.8603 0.1803 0.5109 0.8308 0.6545 0.8040
70 0.0643 0.0948 0.8990 0.2693 0.8698 0.1726 0.5004 0.8387 0.6232 0.8120
71 0.0659 0.0947 0.8999 0.2736 0.8728 0.1549 0.5007 0.8336 0.5891 0.8096
72 0.0613 0.0870 0.9016 0.2610 0.8706 0.1708 0.4913 0.8349 0.6342 0.8067
73 0.0725 0.1019 0.8883 0.3077 0.8549 0.1928 0.5160 0.8130 0.7293 0.7814
74 0.0869 0.1263 0.8803 0.3451 0.8469 0.1505 0.5014 0.8370 0.5946 0.8106
75 0.0918 0.1290 0.8802 0.3486 0.8468 0.2283 0.5303 0.7812 0.8719 0.7376
76 0.0894 0.1274 0.8769 0.3522 0.8448 0.2106 0.5115 0.8265 0.7161 0.7957
77 0.0831 0.1199 0.8868 0.3242 0.8529 0.1581 0.5052 0.8335 0.6257 0.8042
78 0.0671 0.0997 0.8955 0.2836 0.8647 0.1897 0.5057 0.8289 0.6893 0.7995
79 0.0615 0.0897 0.9036 0.2556 0.8754 0.1512 0.4945 0.8422 0.5862 0.8121
80 0.0597 0.0878 0.8982 0.2581 0.8683 0.1484 0.4925 0.8481 0.5708 0.8207
81 0.0549 0.0781 0.9075 0.2383 0.8787 0.1664 0.4915 0.8575 0.6237 0.8314
82 0.0597 0.0855 0.9028 0.2602 0.8741 0.1560 0.5021 0.8519 0.5766 0.8258
83 0.0660 0.0938 0.8916 0.2861 0.8607 0.1967 0.5109 0.8231 0.7102 0.7918
84 0.0846 0.1204 0.8786 0.3416 0.8457 0.1682 0.5284 0.8261 0.5997 0.7993
85 0.0884 0.1290 0.8782 0.3466 0.8455 0.1738 0.5340 0.8213 0.6203 0.7905
86 0.0816 0.1202 0.8769 0.3405 0.8440 0.1936 0.5284 0.8180 0.7105 0.7930
87 0.0769 0.1108 0.8903 0.3016 0.8580 0.2117 0.5145 0.8400 0.7082 0.8093
88 0.0624 0.0899 0.8952 0.2727 0.8655 0.1828 0.5023 0.8343 0.6507 0.8075
89 0.0567 0.0813 0.9073 0.2471 0.8770 0.1724 0.4990 0.8519 0.5965 0.8249
90 0.0545 0.0803 0.9073 0.2308 0.8777 0.1710 0.4943 0.8495 0.5994 0.8239
91 0.0547 0.0793 0.9096 0.2427 0.8780 0.1850 0.4923 0.8486 0.6339 0.8234
92 0.0565 0.0805 0.9029 0.2464 0.8730 0.1559 0.4885 0.8528 0.5746 0.8239
93 0.0710 0.1017 0.8986 0.2831 0.8680 0.1777 0.5024 0.8410 0.6526 0.8087
94 0.0919 0.1302 0.8748 0.3569 0.8423 0.3070 0.5714 0.7114 1.1288 0.6700
95 0.0904 0.1291 0.8729 0.3581 0.8385 0.1661 0.5083 0.8261 0.6369 0.7936
96 0.0858 0.1234 0.8781 0.3368 0.8446 0.1404 0.5182 0.8332 0.5211 0.8079
97 0.0731 0.1063 0.8885 0.3007 0.8584 0.1727 0.5017 0.8372 0.6524 0.8121
98 0.0604 0.0890 0.9051 0.2567 0.8767 0.1762 0.5053 0.8451 0.6262 0.8225
99 0.0545 0.0799 0.9085 0.2374 0.8806 0.1658 0.4919 0.8493 0.6075 0.8270
100 0.0482 0.0708 0.9112 0.2218 0.8833 0.1679 0.4905 0.8468 0.6206 0.8256
101 0.0479 0.0697 0.9133 0.2202 0.8889 0.1869 0.4875 0.8536 0.6490 0.8275
102 0.0484 0.0699 0.9120 0.2290 0.8852 0.1772 0.5076 0.8452 0.6460 0.8212
103 0.0584 0.0827 0.8995 0.2585 0.8688 0.2232 0.5129 0.8321 0.7549 0.8034
104 0.0820 0.1172 0.8880 0.3231 0.8551 0.1808 0.5181 0.8317 0.6443 0.8070
105 0.0842 0.1209 0.8806 0.3404 0.8487 0.1975 0.5223 0.8168 0.7466 0.7899
106 0.0838 0.1183 0.8835 0.3312 0.8513 0.1439 0.5069 0.8269 0.5853 0.8031
107 0.0761 0.1104 0.8965 0.2963 0.8644 0.1580 0.5209 0.8379 0.5666 0.8138
108 0.0587 0.0868 0.9021 0.2544 0.8753 0.1701 0.5017 0.8400 0.6322 0.8143
109 0.0544 0.0780 0.9075 0.2361 0.8804 0.1613 0.4875 0.8531 0.5918 0.8298
110 0.0472 0.0701 0.9122 0.2190 0.8838 0.1652 0.4878 0.8535 0.6009 0.8291
111 0.0477 0.0703 0.9160 0.2164 0.8897 0.1887 0.4920 0.8529 0.6579 0.8290
112 0.0475 0.0672 0.9119 0.2238 0.8845 0.1873 0.4947 0.8398 0.6631 0.8149
113 0.0546 0.0766 0.9039 0.2472 0.8763 0.1638 0.5167 0.8353 0.6079 0.8037
114 0.0722 0.1034 0.8920 0.2940 0.8591 0.1824 0.5205 0.8230 0.7094 0.7951
115 0.0857 0.1224 0.8811 0.3348 0.8485 0.1843 0.5380 0.8200 0.6619 0.7925
116 0.0714 0.1046 0.8901 0.2967 0.8567 0.1953 0.5158 0.8336 0.7066 0.8088
117 0.0586 0.0869 0.9011 0.2578 0.8709 0.1843 0.5006 0.8395 0.6554 0.8203
118 0.0516 0.0735 0.9112 0.2322 0.8814 0.1855 0.4934 0.8470 0.6397 0.8268
119 0.0446 0.0644 0.9144 0.2132 0.8887 0.1943 0.4911 0.8509 0.6551 0.8291
120 0.0435 0.0630 0.9150 0.2077 0.8889 0.1946 0.4915 0.8516 0.6553 0.8303
121 0.0433 0.0627 0.9184 0.2075 0.8912 0.1755 0.4856 0.8469 0.6295 0.8233
122 0.0441 0.0628 0.9154 0.2109 0.8877 0.2314 0.4891 0.8451 0.7754 0.8226
123 0.0525 0.0738 0.9071 0.2384 0.8765 0.2188 0.4956 0.8370 0.7719 0.8126
124 0.0538 0.0777 0.9037 0.2507 0.8741 0.2085 0.5123 0.8415 0.7206 0.8171
125 0.0710 0.0995 0.8914 0.2997 0.8598 0.2057 0.5205 0.8285 0.7191 0.7930
126 0.0702 0.1030 0.8904 0.2945 0.8602 0.1965 0.5091 0.8446 0.7112 0.8163
127 0.0604 0.0876 0.9008 0.2648 0.8711 0.1740 0.4933 0.8344 0.6873 0.8088
128 0.0535 0.0753 0.9172 0.2286 0.8887 0.1588 0.5164 0.8388 0.6140 0.8135
129 0.0435 0.0623 0.9158 0.2127 0.8890 0.1735 0.4885 0.8605 0.6350 0.8386
130 0.0412 0.0594 0.9219 0.2003 0.8960 0.1711 0.4860 0.8624 0.6206 0.8406
131 0.0408 0.0576 0.9212 0.1976 0.8933 0.1666 0.4824 0.8583 0.6266 0.8340
132 0.0453 0.0636 0.9134 0.2159 0.8864 0.1671 0.4787 0.8556 0.6287 0.8325
133 0.0475 0.0690 0.9085 0.2290 0.8809 0.2116 0.4879 0.8535 0.7293 0.8270
134 0.0585 0.0824 0.9026 0.2569 0.8732 0.1860 0.5150 0.8254 0.6900 0.7980
135 0.0846 0.1194 0.8814 0.3413 0.8503 0.1914 0.5327 0.8191 0.6521 0.7900
136 0.0798 0.1137 0.8911 0.3115 0.8612 0.1707 0.5021 0.8434 0.6423 0.8133
137 0.0657 0.0917 0.9030 0.2682 0.8739 0.1416 0.4991 0.8378 0.5572 0.8067
138 0.0538 0.0782 0.9085 0.2407 0.8808 0.1615 0.4804 0.8506 0.6101 0.8256
139 0.0437 0.0649 0.9145 0.2115 0.8898 0.1932 0.4897 0.8451 0.6741 0.8197
140 0.0455 0.0658 0.9163 0.2126 0.8890 0.1898 0.4895 0.8468 0.6693 0.8218
141 0.0427 0.0606 0.9226 0.1939 0.8951 0.1669 0.4782 0.8592 0.6145 0.8341
142 0.0405 0.0594 0.9199 0.1979 0.8943 0.1859 0.4835 0.8564 0.6544 0.8298
143 0.0470 0.0674 0.9135 0.2166 0.8859 0.1496 0.4889 0.8612 0.5627 0.8373
144 0.0568 0.0776 0.9101 0.2428 0.8831 0.1655 0.5094 0.8446 0.6129 0.8079
145 0.0661 0.0903 0.8986 0.2726 0.8671 0.1904 0.5115 0.8236 0.7276 0.7952
146 0.0600 0.0843 0.9056 0.2567 0.8776 0.2167 0.5020 0.8151 0.8031 0.7856
147 0.0546 0.0786 0.9049 0.2437 0.8747 0.2245 0.5014 0.8298 0.8166 0.8016
148 0.0464 0.0691 0.9173 0.2147 0.8885 0.1757 0.4978 0.8499 0.6469 0.8273
149 0.0406 0.0571 0.9226 0.1953 0.8989 0.1405 0.4833 0.8535 0.5552 0.8297
150 0.0394 0.0585 0.9255 0.1811 0.8994 0.1386 0.4796 0.8558 0.5493 0.8325
151 0.0388 0.0558 0.9238 0.1909 0.8988 0.1845 0.4804 0.8539 0.6624 0.8321
152 0.0412 0.0583 0.9192 0.2000 0.8929 0.1938 0.4930 0.8482 0.6956 0.8221
153 0.0473 0.0646 0.9175 0.2104 0.8923 0.1740 0.4968 0.8446 0.6665 0.8166
154 0.0502 0.0708 0.9112 0.2311 0.8818 0.2012 0.5078 0.8250 0.7564 0.7982
155 0.0555 0.0775 0.9031 0.2504 0.8737 0.1892 0.4970 0.8448 0.6731 0.8195
156 0.0551 0.0782 0.9042 0.2490 0.8762 0.1939 0.5365 0.8052 0.7676 0.7799
157 0.0617 0.0859 0.9087 0.2534 0.8782 0.1767 0.5016 0.8455 0.6343 0.8162
158 0.0435 0.0615 0.9225 0.1961 0.8955 0.1937 0.5155 0.8252 0.7449 0.7970
159 0.0390 0.0548 0.9233 0.1897 0.8989 0.1551 0.4801 0.8564 0.6096 0.8317
160 0.0359 0.0509 0.9247 0.1847 0.8997 0.1558 0.4809 0.8554 0.6064 0.8338
161 0.0367 0.0518 0.9201 0.1888 0.8953 0.1680 0.4794 0.8549 0.6258 0.8314
162 0.0338 0.0474 0.9253 0.1795 0.9000 0.1705 0.4745 0.8614 0.6443 0.8377
163 0.0456 0.0637 0.9209 0.2085 0.8954 0.1658 0.4840 0.8479 0.6403 0.8218
164 0.0563 0.0779 0.9063 0.2534 0.8777 0.1552 0.5138 0.8320 0.5622 0.8056
165 0.0661 0.0928 0.9008 0.2732 0.8712 0.2908 0.5412 0.7681 0.9816 0.7190
166 0.0655 0.0908 0.9000 0.2753 0.8718 0.1806 0.5130 0.8363 0.6565 0.8097
167 0.0519 0.0749 0.9150 0.2268 0.8898 0.2189 0.5026 0.8371 0.7744 0.8113
168 0.0441 0.0615 0.9206 0.2033 0.8955 0.1547 0.4840 0.8499 0.6015 0.8264
169 0.0376 0.0546 0.9232 0.1873 0.9001 0.1683 0.4777 0.8591 0.6094 0.8356
170 0.0368 0.0544 0.9269 0.1768 0.9020 0.1703 0.4780 0.8573 0.6196 0.8339
171 0.0334 0.0481 0.9261 0.1725 0.9029 0.1823 0.4747 0.8571 0.6672 0.8339
172 0.0364 0.0513 0.9222 0.1869 0.8967 0.1947 0.4834 0.8462 0.6852 0.8215
173 0.0379 0.0518 0.9248 0.1867 0.8993 0.2068 0.4951 0.8399 0.7130 0.8173
174 0.0471 0.0673 0.9153 0.2162 0.8881 0.2200 0.4870 0.8377 0.8250 0.8132
175 0.0638 0.0895 0.8989 0.2719 0.8685 0.1810 0.5045 0.8233 0.7094 0.7912
176 0.0684 0.0957 0.8990 0.2784 0.8716 0.1838 0.5138 0.8178 0.6712 0.7861
177 0.0463 0.0677 0.9146 0.2126 0.8870 0.1704 0.4844 0.8392 0.6782 0.8131
178 0.0425 0.0608 0.9194 0.2059 0.8932 0.1789 0.4752 0.8527 0.6542 0.8254
179 0.0353 0.0508 0.9234 0.1815 0.9009 0.1933 0.4752 0.8532 0.6883 0.8256
180 0.0352 0.0504 0.9265 0.1786 0.9029 0.1893 0.4757 0.8571 0.6714 0.8304
181 0.0328 0.0470 0.9267 0.1730 0.9030 0.2067 0.4744 0.8529 0.7228 0.8251
182 0.0355 0.0498 0.9226 0.1819 0.8973 0.2228 0.4785 0.8458 0.7898 0.8222
183 0.0460 0.0623 0.9173 0.2122 0.8902 0.1879 0.4870 0.8298 0.7341 0.8038
184 0.0467 0.0669 0.9173 0.2142 0.8918 0.2085 0.4971 0.8413 0.7425 0.8141
185 0.0564 0.0760 0.9091 0.2450 0.8813 0.1945 0.5009 0.8209 0.7609 0.7887
186 0.0593 0.0831 0.9064 0.2551 0.8769 0.1666 0.4807 0.8432 0.6795 0.8178
187 0.0419 0.0597 0.9184 0.2020 0.8916 0.1676 0.4826 0.8510 0.6267 0.8242
188 0.0397 0.0551 0.9245 0.1914 0.8998 0.1744 0.4839 0.8542 0.6513 0.8303
189 0.0371 0.0526 0.9244 0.1820 0.9015 0.1443 0.4759 0.8562 0.5823 0.8309
190 0.0351 0.0498 0.9290 0.1721 0.9068 0.1436 0.4774 0.8530 0.5809 0.8274
191 0.0327 0.0468 0.9304 0.1667 0.9080 0.1585 0.4756 0.8499 0.6326 0.8230
192 0.0321 0.0452 0.9277 0.1719 0.9032 0.1833 0.4750 0.8494 0.6938 0.8224
193 0.0341 0.0478 0.9295 0.1748 0.9050 0.1827 0.4809 0.8464 0.6731 0.8183
194 0.0432 0.0606 0.9172 0.2090 0.8888 0.2225 0.4907 0.8411 0.7678 0.8147
195 0.0750 0.1019 0.8940 0.2972 0.8627 0.1739 0.5150 0.8100 0.6826 0.7770
196 0.0705 0.0989 0.9022 0.2749 0.8738 0.1951 0.4971 0.8384 0.6941 0.8083
197 0.0550 0.0746 0.9088 0.2404 0.8837 0.1704 0.4846 0.8455 0.6376 0.8192
198 0.0432 0.0627 0.9257 0.1933 0.9017 0.1582 0.4769 0.8478 0.6174 0.8225
199 0.0381 0.0530 0.9264 0.1893 0.9017 0.1518 0.4759 0.8495 0.6018 0.8248
