epoch train_iou train_loss train_mAP val_iou val_loss val_mAP
0 0.6431 1.1190 0.5751 0.6790 1.0101 0.6240
1 0.7361 0.8161 0.6746 0.7418 0.8273 0.6787
2 0.7685 0.7187 0.7122 0.7563 0.7397 0.7012
3 0.7901 0.6399 0.7385 0.7694 0.6977 0.7275
4 0.7958 0.6042 0.7459 0.7843 0.6380 0.7358
5 0.8103 0.5532 0.7591 0.7894 0.6351 0.7457
6 0.8137 0.5567 0.7630 0.7894 0.6266 0.7424
7 0.8133 0.5616 0.7645 0.7899 0.6414 0.7481
8 0.8007 0.5847 0.7504 0.7935 0.6464 0.7567
9 0.8072 0.5670 0.7594 0.7979 0.6375 0.7615
10 0.8212 0.5486 0.7720 0.8109 0.6020 0.7701
11 0.8200 0.5212 0.7738 0.7928 0.6511 0.7607
12 0.8352 0.4756 0.7904 0.8142 0.5687 0.7760
13 0.8542 0.4224 0.8081 0.8281 0.5324 0.7867
14 0.8529 0.4122 0.8094 0.8337 0.5253 0.7972
15 0.8544 0.4023 0.8101 0.8296 0.5282 0.7924
16 0.8556 0.3957 0.8109 0.8241 0.5458 0.7917
17 0.8594 0.3937 0.8140 0.8143 0.5622 0.7734
18 0.8422 0.4581 0.7939 0.8148 0.5721 0.7733
19 0.8458 0.4381 0.7975 0.8034 0.6210 0.7659
20 0.8364 0.4843 0.7897 0.8079 0.6141 0.7667
21 0.8477 0.4409 0.8018 0.8205 0.5655 0.7837
22 0.8543 0.3978 0.8108 0.8144 0.6020 0.7806
23 0.8686 0.3625 0.8240 0.8307 0.5430 0.7928
24 0.8794 0.3143 0.8383 0.8241 0.5987 0.7851
25 0.8771 0.3208 0.8336 0.8273 0.5770 0.7892
26 0.8718 0.3228 0.8295 0.8297 0.5681 0.7879
27 0.8734 0.3344 0.8316 0.8285 0.5287 0.7883
28 0.8744 0.3348 0.8322 0.8254 0.5881 0.7869
29 0.8699 0.3580 0.8260 0.8248 0.6476 0.7851
30 0.8591 0.3967 0.8153 0.8197 0.6514 0.7826
31 0.8616 0.3780 0.8167 0.8249 0.5868 0.7831
32 0.8730 0.3383 0.8304 0.8241 0.5804 0.7904
33 0.8814 0.3020 0.8406 0.8372 0.5524 0.8006
34 0.8879 0.2832 0.8466 0.8313 0.5364 0.7974
35 0.8852 0.2807 0.8441 0.8303 0.5505 0.7939
36 0.8889 0.2728 0.8467 0.8323 0.5658 0.7923
37 0.8862 0.2820 0.8443 0.8265 0.5672 0.7844
38 0.8794 0.3029 0.8383 0.8221 0.6621 0.7903
39 0.8763 0.3223 0.8329 0.8459 0.5782 0.8125
40 0.8696 0.3533 0.8272 0.8301 0.7121 0.8002
41 0.8803 0.3150 0.8376 0.8162 0.7031 0.7714
42 0.8821 0.3025 0.8374 0.8270 0.5916 0.7863
43 0.8887 0.2739 0.8468 0.8367 0.5963 0.7965
44 0.8914 0.2499 0.8503 0.8436 0.6454 0.8072
45 0.8980 0.2393 0.8564 0.8407 0.6423 0.8032
46 0.8945 0.2507 0.8547 0.8359 0.6388 0.7986
47 0.8919 0.2506 0.8493 0.8349 0.7678 0.8008
48 0.8906 0.2619 0.8505 0.8275 0.5917 0.7852
49 0.8877 0.2778 0.8445 0.8363 0.6162 0.7888
50 0.8737 0.3272 0.8329 0.8341 0.6164 0.7957
51 0.8828 0.3078 0.8396 0.8381 0.5281 0.7995
52 0.8918 0.2700 0.8495 0.8312 0.5503 0.7899
53 0.8975 0.2419 0.8553 0.8353 0.6218 0.8049
54 0.8957 0.2349 0.8587 0.8362 0.6157 0.7998
55 0.9024 0.2221 0.8654 0.8373 0.6266 0.7988
56 0.9015 0.2201 0.8647 0.8378 0.6601 0.8014
57 0.8985 0.2388 0.8563 0.8390 0.6126 0.7998
58 0.8958 0.2428 0.8551 0.8325 0.6161 0.7945
59 0.8881 0.2749 0.8474 0.8378 0.6467 0.8010
60 0.8689 0.3648 0.8251 0.8270 0.6797 0.7845
61 0.8818 0.3192 0.8403 0.8292 0.5527 0.7906
62 0.8877 0.2711 0.8478 0.8408 0.6380 0.8050
63 0.8948 0.2521 0.8559 0.8396 0.5982 0.7974
64 0.9020 0.2280 0.8625 0.8535 0.5667 0.8188
65 0.9023 0.2239 0.8635 0.8515 0.5762 0.8155
66 0.9085 0.2120 0.8699 0.8461 0.5803 0.8089
67 0.8985 0.2294 0.8598 0.8388 0.6079 0.8020
68 0.8974 0.2393 0.8573 0.8378 0.6498 0.7986
69 0.8952 0.2404 0.8553 0.8335 0.6025 0.7970
70 0.8886 0.2739 0.8476 0.8393 0.5799 0.8002
71 0.8908 0.2652 0.8488 0.8492 0.6214 0.8102
72 0.8973 0.2330 0.8572 0.8440 0.5860 0.8070
73 0.9054 0.2194 0.8674 0.8458 0.5641 0.8069
74 0.9075 0.1982 0.8703 0.8447 0.6340 0.8067
75 0.9031 0.2063 0.8643 0.8496 0.6159 0.8119
76 0.9083 0.1999 0.8709 0.8467 0.6837 0.8112
77 0.9072 0.2004 0.8682 0.8403 0.7256 0.8054
78 0.9043 0.2114 0.8654 0.8457 0.6721 0.8117
79 0.8974 0.2415 0.8554 0.8332 0.5917 0.8001
80 0.8901 0.2725 0.8477 0.8146 0.6725 0.7650
81 0.8900 0.2679 0.8473 0.8314 0.6265 0.7918
82 0.8983 0.2410 0.8595 0.8442 0.6273 0.8119
83 0.9005 0.2182 0.8616 0.8299 0.6729 0.7987
84 0.9056 0.2008 0.8673 0.8491 0.6306 0.8135
85 0.9057 0.1992 0.8681 0.8544 0.6252 0.8168
86 0.9066 0.1963 0.8681 0.8487 0.6850 0.8081
87 0.9059 0.2031 0.8671 0.8481 0.6294 0.8133
88 0.9029 0.2070 0.8634 0.8346 0.7668 0.7928
89 0.8968 0.2424 0.8578 0.8380 0.5432 0.7962
90 0.8924 0.2791 0.8521 0.8328 0.6652 0.8002
91 0.8913 0.2665 0.8517 0.8421 0.6239 0.8105
92 0.8944 0.2368 0.8545 0.8446 0.6288 0.8079
93 0.9066 0.2059 0.8680 0.8459 0.6672 0.8161
94 0.9071 0.1987 0.8698 0.8491 0.6369 0.8132
95 0.9098 0.1928 0.8733 0.8486 0.6197 0.8148
96 0.9072 0.1929 0.8704 0.8468 0.6217 0.8113
97 0.9065 0.1918 0.8688 0.8512 0.6350 0.8194
98 0.9086 0.1963 0.8705 0.8504 0.5833 0.8189
99 0.9042 0.2018 0.8648 0.8501 0.6452 0.8190
100 0.9089 0.2006 0.8713 0.8473 0.7044 0.8141
101 0.9098 0.1882 0.8724 0.8515 0.6292 0.8151
102 0.9124 0.1764 0.8774 0.8404 0.7015 0.8032
103 0.9118 0.1781 0.8753 0.8484 0.6448 0.8130
104 0.9148 0.1653 0.8760 0.8518 0.6684 0.8188
105 0.9150 0.1636 0.8789 0.8531 0.6572 0.8207
106 0.9162 0.1659 0.8806 0.8533 0.6815 0.8213
107 0.9144 0.1676 0.8790 0.8508 0.7000 0.8171
108 0.9150 0.1679 0.8784 0.8486 0.7411 0.8153
109 0.9129 0.1744 0.8762 0.8408 0.6757 0.8076
110 0.9088 0.1870 0.8730 0.8450 0.7336 0.8101
111 0.9106 0.1795 0.8719 0.8402 0.7143 0.8041
112 0.9143 0.1721 0.8786 0.8400 0.8277 0.8075
113 0.9132 0.1664 0.8759 0.8414 0.8524 0.8055
114 0.9171 0.1615 0.8830 0.8436 0.8534 0.8075
115 0.9110 0.1697 0.8733 0.8467 0.7606 0.8119
116 0.9182 0.1576 0.8835 0.8465 0.8062 0.8107
117 0.9125 0.1606 0.8741 0.8467 0.7838 0.8138
118 0.9149 0.1655 0.8786 0.8515 0.7331 0.8160
119 0.9163 0.1724 0.8802 0.8408 0.8192 0.8016
120 0.9088 0.1949 0.8712 0.8375 0.7736 0.8031
121 0.9067 0.1821 0.8685 0.8536 0.6646 0.8172
122 0.9165 0.1689 0.8805 0.8529 0.6721 0.8165
123 0.9171 0.1562 0.8791 0.8518 0.6934 0.8191
124 0.9199 0.1516 0.8851 0.8528 0.6619 0.8161
125 0.9160 0.1549 0.8776 0.8536 0.6511 0.8169
126 0.9146 0.1580 0.8779 0.8536 0.6663 0.8194
127 0.9176 0.1539 0.8800 0.8486 0.6825 0.8149
128 0.9150 0.1580 0.8775 0.8519 0.7611 0.8175
129 0.9138 0.1670 0.8768 0.8478 0.7483 0.8167
130 0.9124 0.1711 0.8775 0.8499 0.7001 0.8153
131 0.9139 0.1707 0.8773 0.8514 0.7415 0.8188
132 0.9122 0.1611 0.8743 0.8486 0.7819 0.8125
133 0.9154 0.1569 0.8796 0.8530 0.7833 0.8161
134 0.9165 0.1523 0.8801 0.8493 0.7253 0.8161
135 0.9186 0.1458 0.8840 0.8485 0.7621 0.8154
136 0.9204 0.1469 0.8873 0.8479 0.7281 0.8125
137 0.9171 0.1512 0.8831 0.8476 0.7315 0.8123
138 0.9175 0.1504 0.8811 0.8445 0.7244 0.8124
139 0.9149 0.1620 0.8783 0.8379 0.8197 0.8014
140 0.9190 0.1617 0.8833 0.8439 0.5702 0.8084
141 0.9120 0.1709 0.8752 0.8446 0.7112 0.8077
142 0.9172 0.1580 0.8796 0.8415 0.7040 0.8050
143 0.9154 0.1592 0.8792 0.8505 0.7265 0.8138
144 0.9229 0.1412 0.8877 0.8513 0.7016 0.8130
145 0.9209 0.1425 0.8861 0.8512 0.7103 0.8138
146 0.9203 0.1442 0.8847 0.8520 0.7244 0.8163
147 0.9184 0.1455 0.8826 0.8541 0.7210 0.8162
148 0.9181 0.1470 0.8844 0.8492 0.7393 0.8095
149 0.9173 0.1517 0.8817 0.8483 0.7347 0.8126
150 0.9119 0.1731 0.8743 0.8390 0.6456 0.8026
151 0.9152 0.1683 0.8792 0.8419 0.6786 0.8067
152 0.9182 0.1541 0.8799 0.8459 0.7149 0.8101
153 0.9188 0.1470 0.8832 0.8482 0.7788 0.8107
154 0.9187 0.1512 0.8824 0.8488 0.6814 0.8141
155 0.9205 0.1435 0.8855 0.8497 0.6699 0.8123
156 0.9212 0.1428 0.8865 0.8493 0.7474 0.8130
157 0.9162 0.1488 0.8799 0.8431 0.7492 0.8046
158 0.9194 0.1438 0.8837 0.8461 0.7931 0.8143
159 0.9190 0.1456 0.8821 0.8475 0.7769 0.8133
160 0.9208 0.1379 0.8869 0.8507 0.7843 0.8167
161 0.9212 0.1358 0.8867 0.8485 0.7950 0.8127
162 0.9215 0.1448 0.8878 0.8522 0.7103 0.8153
163 0.9193 0.1353 0.8835 0.8513 0.7434 0.8165
164 0.9249 0.1312 0.8909 0.8524 0.7267 0.8161
165 0.9239 0.1301 0.8903 0.8524 0.7424 0.8183
166 0.9236 0.1282 0.8897 0.8505 0.7397 0.8159
167 0.9203 0.1349 0.8853 0.8508 0.7492 0.8163
168 0.9244 0.1289 0.8906 0.8510 0.7400 0.8161
169 0.9222 0.1296 0.8877 0.8527 0.7660 0.8180
170 0.9225 0.1293 0.8877 0.8587 0.7419 0.8231
171 0.9209 0.1383 0.8871 0.8528 0.7507 0.8189
172 0.9215 0.1292 0.8875 0.8502 0.7893 0.8162
173 0.9241 0.1292 0.8906 0.8516 0.7570 0.8165
174 0.9199 0.1329 0.8846 0.8531 0.7836 0.8188
175 0.9217 0.1330 0.8869 0.8502 0.7609 0.8143
176 0.9231 0.1288 0.8878 0.8514 0.7888 0.8157
177 0.9251 0.1235 0.8915 0.8556 0.7518 0.8200
178 0.9226 0.1254 0.8885 0.8555 0.7686 0.8206
179 0.9220 0.1308 0.8868 0.8538 0.7943 0.8184
180 0.9289 0.1209 0.8944 0.8539 0.7898 0.8173
181 0.9224 0.1300 0.8884 0.8487 0.7636 0.8172
182 0.9217 0.1298 0.8860 0.8504 0.7554 0.8167
183 0.9211 0.1287 0.8868 0.8518 0.7462 0.8175
184 0.9254 0.1266 0.8916 0.8491 0.7908 0.8161
185 0.9222 0.1294 0.8875 0.8504 0.7759 0.8162
186 0.9292 0.1199 0.8976 0.8530 0.7617 0.8179
187 0.9239 0.1259 0.8896 0.8508 0.7921 0.8166
188 0.9236 0.1271 0.8900 0.8514 0.8145 0.8145
189 0.9233 0.1279 0.8872 0.8546 0.7763 0.8195
190 0.9249 0.1263 0.8910 0.8530 0.8210 0.8162
191 0.9235 0.1277 0.8884 0.8485 0.8510 0.8139
192 0.9242 0.1227 0.8896 0.8528 0.8403 0.8153
193 0.9219 0.1247 0.8861 0.8516 0.8271 0.8167
194 0.9238 0.1268 0.8895 0.8505 0.8580 0.8181
195 0.9245 0.1199 0.8908 0.8483 0.8586 0.8162
196 0.9240 0.1234 0.8899 0.8511 0.8318 0.8157
197 0.9201 0.1248 0.8856 0.8510 0.8646 0.8175
198 0.9254 0.1226 0.8911 0.8468 0.8710 0.8125
199 0.9249 0.1228 0.8917 0.8502 0.8263 0.8150
