epoch train_BCELoss train_SoftDiceLoss train_iou train_loss train_mAP val_BCELoss val_SoftDiceLoss val_iou val_loss val_mAP
0 0.3263 0.3089 0.6453 0.6354 0.5836 0.5963 0.6162 0.6471 1.2128 0.5662
1 0.2355 0.2277 0.7094 0.4636 0.6542 0.2751 0.5783 0.6776 0.8538 0.6155
2 0.2173 0.2069 0.7261 0.4246 0.6743 0.1765 0.5518 0.7733 0.7289 0.7187
3 0.1912 0.1797 0.7412 0.3714 0.6920 0.1655 0.5350 0.7859 0.7012 0.7365
4 0.1791 0.1732 0.7541 0.3529 0.7067 0.1549 0.5241 0.7931 0.6797 0.7493
5 0.1565 0.1436 0.7816 0.3008 0.7355 0.1525 0.5224 0.7924 0.6757 0.7486
6 0.1670 0.1554 0.7731 0.3231 0.7272 0.1677 0.5274 0.7839 0.6958 0.7350
7 0.1746 0.1654 0.7660 0.3407 0.7191 0.1481 0.5351 0.7854 0.6839 0.7442
8 0.1736 0.1648 0.7717 0.3392 0.7274 0.1831 0.5428 0.7755 0.7267 0.7341
9 0.1771 0.1596 0.7738 0.3374 0.7292 0.2669 0.5683 0.7076 0.8361 0.6433
10 0.2026 0.1766 0.7528 0.3799 0.7045 0.1781 0.5594 0.7746 0.7383 0.7388
11 0.1794 0.1683 0.7708 0.3485 0.7263 0.1688 0.5237 0.7742 0.6933 0.7327
12 0.1547 0.1431 0.7886 0.2986 0.7458 0.1485 0.5115 0.8083 0.6610 0.7653
13 0.1406 0.1303 0.8091 0.2718 0.7718 0.1446 0.4958 0.8154 0.6414 0.7793
14 0.1235 0.1144 0.8149 0.2390 0.7782 0.1281 0.4949 0.8346 0.6242 0.7982
15 0.1165 0.1094 0.8216 0.2269 0.7831 0.1300 0.4969 0.8336 0.6280 0.7960
16 0.1165 0.1114 0.8276 0.2289 0.7907 0.1329 0.5061 0.8252 0.6400 0.7909
17 0.1241 0.1162 0.8171 0.2412 0.7779 0.1603 0.5198 0.8099 0.6811 0.7768
18 0.1366 0.1218 0.8101 0.2593 0.7696 0.3344 0.5465 0.7296 0.8820 0.6674
19 0.1504 0.1350 0.7999 0.2864 0.7601 0.2735 0.5372 0.7460 0.8117 0.6944
20 0.1637 0.1425 0.7936 0.3071 0.7527 0.1575 0.5412 0.7892 0.6996 0.7480
21 0.1387 0.1287 0.8062 0.2683 0.7678 0.1445 0.5020 0.7898 0.6477 0.7421
22 0.1266 0.1156 0.8258 0.2432 0.7899 0.1632 0.5048 0.8134 0.6691 0.7762
23 0.1102 0.1008 0.8311 0.2121 0.7948 0.1360 0.4839 0.8363 0.6212 0.7990
24 0.0990 0.0904 0.8437 0.1905 0.8103 0.1367 0.4887 0.8343 0.6266 0.8013
25 0.0919 0.0882 0.8457 0.1812 0.8102 0.1343 0.4885 0.8356 0.6240 0.8022
26 0.0903 0.0832 0.8443 0.1746 0.8102 0.1215 0.4880 0.8409 0.6108 0.8065
27 0.0935 0.0858 0.8442 0.1804 0.8097 0.1213 0.4988 0.8253 0.6212 0.7885
28 0.1036 0.0953 0.8317 0.2000 0.7978 0.1970 0.5219 0.7999 0.7200 0.7669
29 0.1319 0.1190 0.8101 0.2519 0.7728 0.1458 0.5077 0.8138 0.6546 0.7792
30 0.1434 0.1262 0.8051 0.2706 0.7658 0.2608 0.5275 0.7730 0.7895 0.7379
31 0.1286 0.1085 0.8245 0.2381 0.7859 0.2275 0.5385 0.8045 0.7670 0.7626
32 0.1154 0.1051 0.8317 0.2216 0.7957 0.1341 0.4926 0.8162 0.6279 0.7816
33 0.0939 0.0837 0.8443 0.1788 0.8093 0.1554 0.4770 0.8404 0.6338 0.8067
34 0.0889 0.0818 0.8453 0.1718 0.8129 0.1333 0.4813 0.8423 0.6158 0.8119
35 0.0834 0.0765 0.8508 0.1611 0.8179 0.1354 0.4800 0.8393 0.6167 0.8106
36 0.0823 0.0735 0.8548 0.1570 0.8219 0.1664 0.4794 0.8408 0.6471 0.8072
37 0.0895 0.0806 0.8551 0.1713 0.8218 0.1633 0.5074 0.8296 0.6719 0.8000
38 0.0918 0.0800 0.8452 0.1730 0.8109 0.2873 0.5256 0.7631 0.8138 0.7347
39 0.1211 0.1116 0.8302 0.2338 0.7907 0.1863 0.4894 0.8212 0.6769 0.7844
40 0.1214 0.1051 0.8213 0.2276 0.7858 0.2058 0.5093 0.8048 0.7162 0.7671
41 0.1157 0.1027 0.8303 0.2195 0.7920 0.1701 0.5203 0.8093 0.6915 0.7737
42 0.0991 0.0905 0.8438 0.1908 0.8072 0.1564 0.4896 0.8288 0.6474 0.7945
43 0.0941 0.0835 0.8496 0.1789 0.8164 0.1430 0.4960 0.8327 0.6403 0.8031
44 0.0768 0.0691 0.8552 0.1471 0.8236 0.1453 0.4802 0.8466 0.6269 0.8169
45 0.0702 0.0664 0.8692 0.1378 0.8392 0.1416 0.4802 0.8458 0.6231 0.8171
46 0.0655 0.0614 0.8618 0.1282 0.8313 0.1465 0.4791 0.8435 0.6269 0.8154
47 0.0717 0.0651 0.8646 0.1381 0.8324 0.1555 0.4799 0.8462 0.6367 0.8161
48 0.0839 0.0759 0.8544 0.1610 0.8220 0.1678 0.4953 0.8316 0.6645 0.8020
49 0.0913 0.0821 0.8413 0.1746 0.8066 0.2876 0.5236 0.7821 0.8123 0.7540
50 0.1108 0.0953 0.8359 0.2072 0.7997 0.1786 0.5307 0.8096 0.7104 0.7757
51 0.1112 0.0998 0.8367 0.2121 0.8028 0.2006 0.4927 0.8051 0.6947 0.7680
52 0.0949 0.0876 0.8447 0.1837 0.8109 0.1744 0.4779 0.8363 0.6536 0.8087
53 0.0867 0.0791 0.8584 0.1671 0.8248 0.1740 0.4820 0.8343 0.6573 0.7990
54 0.0729 0.0650 0.8676 0.1391 0.8341 0.1652 0.4847 0.8311 0.6513 0.8016
55 0.0631 0.0589 0.8674 0.1233 0.8388 0.1664 0.4750 0.8384 0.6428 0.8065
56 0.0633 0.0567 0.8734 0.1213 0.8423 0.1668 0.4779 0.8448 0.6461 0.8157
57 0.0739 0.0676 0.8644 0.1428 0.8320 0.1651 0.4816 0.8293 0.6482 0.8019
58 0.0823 0.0732 0.8569 0.1567 0.8230 0.1778 0.4972 0.8192 0.6763 0.7906
59 0.0930 0.0818 0.8478 0.1760 0.8109 0.2083 0.5177 0.8166 0.7273 0.7865
60 0.1169 0.1006 0.8351 0.2187 0.7975 0.1953 0.4963 0.8096 0.6929 0.7733
61 0.1177 0.1086 0.8273 0.2274 0.7907 0.1643 0.4857 0.8286 0.6515 0.7924
62 0.0867 0.0789 0.8544 0.1668 0.8200 0.1565 0.4879 0.8377 0.6458 0.8053
63 0.0713 0.0661 0.8672 0.1387 0.8369 0.1568 0.4768 0.8407 0.6350 0.8138
64 0.0633 0.0589 0.8775 0.1236 0.8472 0.1637 0.4704 0.8443 0.6355 0.8190
65 0.0550 0.0534 0.8793 0.1098 0.8488 0.1594 0.4679 0.8468 0.6288 0.8178
66 0.0601 0.0550 0.8752 0.1164 0.8443 0.1562 0.4668 0.8494 0.6244 0.8212
67 0.0638 0.0579 0.8640 0.1230 0.8333 0.2045 0.4802 0.8409 0.6862 0.8124
68 0.0682 0.0614 0.8674 0.1308 0.8351 0.1793 0.4788 0.8358 0.6596 0.8055
69 0.0838 0.0733 0.8523 0.1584 0.8208 0.1684 0.4796 0.8338 0.6494 0.8000
70 0.0823 0.0715 0.8591 0.1551 0.8246 0.1621 0.4805 0.8305 0.6439 0.7978
71 0.0806 0.0738 0.8600 0.1557 0.8290 0.2337 0.5266 0.8150 0.7615 0.7831
72 0.0730 0.0651 0.8595 0.1395 0.8292 0.1794 0.4724 0.8442 0.6533 0.8168
73 0.0726 0.0662 0.8662 0.1401 0.8336 0.2941 0.4802 0.8240 0.7759 0.7965
74 0.0571 0.0518 0.8767 0.1103 0.8467 0.1625 0.4697 0.8453 0.6338 0.8185
75 0.0581 0.0550 0.8687 0.1145 0.8419 0.1657 0.4686 0.8456 0.6358 0.8203
76 0.0512 0.0471 0.8808 0.0997 0.8523 0.1811 0.4726 0.8459 0.6552 0.8197
77 0.0548 0.0506 0.8753 0.1067 0.8457 0.1796 0.4699 0.8489 0.6510 0.8192
78 0.0678 0.0603 0.8752 0.1294 0.8448 0.1407 0.4699 0.8500 0.6121 0.8155
79 0.0651 0.0583 0.8713 0.1247 0.8381 0.1520 0.4798 0.8253 0.6334 0.7941
80 0.1007 0.0848 0.8420 0.1867 0.8069 0.1870 0.5064 0.8047 0.6946 0.7649
81 0.1143 0.0978 0.8336 0.2133 0.7967 0.1603 0.4879 0.8247 0.6495 0.7900
82 0.0868 0.0760 0.8563 0.1640 0.8244 0.1775 0.4828 0.8345 0.6618 0.8005
83 0.0663 0.0617 0.8732 0.1294 0.8422 0.1818 0.4718 0.8462 0.6551 0.8191
84 0.0570 0.0533 0.8791 0.1116 0.8484 0.1862 0.4714 0.8429 0.6591 0.8159
85 0.0545 0.0511 0.8857 0.1071 0.8570 0.1884 0.4712 0.8448 0.6612 0.8192
86 0.0550 0.0503 0.8820 0.1067 0.8514 0.2245 0.4747 0.8455 0.7007 0.8172
87 0.0586 0.0537 0.8769 0.1136 0.8472 0.2276 0.4722 0.8481 0.7014 0.8204
88 0.0717 0.0626 0.8689 0.1357 0.8367 0.1636 0.4907 0.8407 0.6557 0.8124
89 0.0943 0.0796 0.8457 0.1752 0.8127 0.1859 0.4916 0.8116 0.6790 0.7763
90 0.1026 0.0921 0.8425 0.1959 0.8062 0.2172 0.4794 0.8066 0.6982 0.7721
91 0.0929 0.0831 0.8531 0.1773 0.8196 0.1968 0.5086 0.8195 0.7067 0.7889
92 0.0739 0.0673 0.8621 0.1425 0.8313 0.1290 0.4766 0.8357 0.6073 0.8037
93 0.0650 0.0600 0.8752 0.1264 0.8429 0.1978 0.4741 0.8436 0.6734 0.8161
94 0.0586 0.0540 0.8807 0.1141 0.8499 0.1809 0.4713 0.8510 0.6538 0.8202
95 0.0520 0.0491 0.8878 0.1025 0.8573 0.1767 0.4700 0.8523 0.6483 0.8227
96 0.0492 0.0458 0.8854 0.0965 0.8575 0.1925 0.4681 0.8518 0.6622 0.8230
97 0.0513 0.0473 0.8823 0.1001 0.8523 0.1798 0.4699 0.8521 0.6512 0.8251
98 0.0659 0.0567 0.8744 0.1239 0.8444 0.2088 0.4733 0.8369 0.6836 0.8067
99 0.0822 0.0752 0.8553 0.1588 0.8225 0.2409 0.4981 0.8056 0.7402 0.7720
100 0.0920 0.0796 0.8461 0.1729 0.8132 0.1653 0.4942 0.8286 0.6610 0.7998
101 0.0783 0.0708 0.8572 0.1504 0.8277 0.1938 0.4941 0.8370 0.6894 0.8091
102 0.0728 0.0658 0.8647 0.1399 0.8338 0.1592 0.4849 0.8309 0.6456 0.8028
103 0.0609 0.0551 0.8766 0.1174 0.8453 0.1793 0.4873 0.8353 0.6680 0.8070
104 0.0518 0.0499 0.8881 0.1031 0.8602 0.1884 0.4655 0.8497 0.6555 0.8203
105 0.0484 0.0449 0.8848 0.0947 0.8562 0.1915 0.4663 0.8532 0.6593 0.8230
106 0.0491 0.0443 0.8859 0.0949 0.8548 0.1774 0.4687 0.8511 0.6477 0.8234
107 0.0488 0.0443 0.8907 0.0945 0.8606 0.1825 0.4739 0.8507 0.6579 0.8221
108 0.0504 0.0455 0.8903 0.0974 0.8615 0.2211 0.4778 0.8407 0.7005 0.8124
109 0.0675 0.0584 0.8764 0.1272 0.8453 0.2255 0.4837 0.8177 0.7107 0.7889
110 0.0715 0.0642 0.8671 0.1370 0.8332 0.2180 0.4840 0.8307 0.7035 0.8012
111 0.0842 0.0750 0.8572 0.1605 0.8262 0.2613 0.4891 0.8113 0.7517 0.7828
112 0.0741 0.0684 0.8674 0.1440 0.8358 0.1551 0.4667 0.8434 0.6234 0.8106
113 0.0588 0.0555 0.8844 0.1157 0.8552 0.1798 0.4624 0.8545 0.6439 0.8274
114 0.0497 0.0456 0.8881 0.0967 0.8605 0.1749 0.4611 0.8533 0.6376 0.8248
115 0.0472 0.0436 0.8898 0.0923 0.8623 0.1795 0.4612 0.8518 0.6424 0.8246
116 0.0472 0.0429 0.8918 0.0916 0.8641 0.1806 0.4606 0.8589 0.6429 0.8317
117 0.0448 0.0421 0.8923 0.0884 0.8644 0.1999 0.4626 0.8502 0.6641 0.8215
118 0.0498 0.0450 0.8846 0.0963 0.8554 0.1797 0.4620 0.8532 0.6433 0.8225
119 0.0676 0.0616 0.8713 0.1306 0.8401 0.2172 0.4833 0.8289 0.7018 0.7958
120 0.0782 0.0698 0.8592 0.1493 0.8273 0.2020 0.4961 0.7887 0.6996 0.7445
121 0.0795 0.0730 0.8570 0.1538 0.8219 0.1953 0.4928 0.8176 0.6897 0.7823
122 0.0548 0.0502 0.8827 0.1065 0.8529 0.1982 0.4702 0.8498 0.6700 0.8197
123 0.0536 0.0468 0.8835 0.1018 0.8552 0.2043 0.4702 0.8527 0.6761 0.8243
124 0.0464 0.0441 0.8852 0.0920 0.8579 0.1906 0.4597 0.8587 0.6520 0.8308
125 0.0454 0.0427 0.8954 0.0896 0.8678 0.1922 0.4603 0.8587 0.6541 0.8298
126 0.0484 0.0439 0.8869 0.0939 0.8592 0.1925 0.4606 0.8579 0.6548 0.8294
127 0.0507 0.0457 0.8902 0.0978 0.8609 0.1962 0.4631 0.8493 0.6609 0.8166
128 0.0491 0.0459 0.8820 0.0965 0.8538 0.2539 0.5035 0.8184 0.7586 0.7850
129 0.0589 0.0521 0.8796 0.1124 0.8472 0.2310 0.4775 0.8331 0.7100 0.8035
130 0.0789 0.0720 0.8489 0.1522 0.8142 0.1695 0.4849 0.8334 0.6558 0.8016
131 0.0766 0.0660 0.8702 0.1440 0.8410 0.2509 0.4855 0.8292 0.7379 0.7998
132 0.0584 0.0532 0.8772 0.1130 0.8467 0.1863 0.4764 0.8447 0.6643 0.8142
133 0.0517 0.0497 0.8856 0.1029 0.8572 0.1965 0.4650 0.8495 0.6632 0.8200
134 0.0470 0.0406 0.8879 0.0891 0.8598 0.1881 0.4616 0.8584 0.6513 0.8310
135 0.0477 0.0464 0.8878 0.0957 0.8611 0.1897 0.4638 0.8560 0.6552 0.8275
136 0.0427 0.0405 0.8895 0.0846 0.8615 0.1933 0.4608 0.8594 0.6557 0.8341
137 0.0464 0.0420 0.8914 0.0900 0.8620 0.2050 0.4707 0.8490 0.6773 0.8203
138 0.0591 0.0520 0.8821 0.1125 0.8515 0.1517 0.4908 0.8283 0.6440 0.7963
139 0.0528 0.0475 0.8875 0.1017 0.8578 0.1870 0.4798 0.8380 0.6681 0.8066
140 0.0665 0.0614 0.8701 0.1292 0.8362 0.2011 0.4878 0.8484 0.6902 0.8153
141 0.0647 0.0577 0.8680 0.1238 0.8364 0.2915 0.5213 0.8073 0.8142 0.7724
142 0.0653 0.0579 0.8753 0.1246 0.8433 0.1727 0.4829 0.8526 0.6572 0.8206
143 0.0539 0.0480 0.8884 0.1034 0.8597 0.1688 0.4811 0.8564 0.6514 0.8280
144 0.0444 0.0423 0.8923 0.0882 0.8648 0.1755 0.4668 0.8575 0.6440 0.8281
145 0.0407 0.0383 0.8980 0.0805 0.8699 0.1779 0.4665 0.8601 0.6461 0.8311
146 0.0444 0.0396 0.8955 0.0856 0.8698 0.1712 0.4692 0.8607 0.6421 0.8317
147 0.0440 0.0402 0.8931 0.0857 0.8666 0.1706 0.4747 0.8612 0.6470 0.8316
148 0.0487 0.0444 0.8921 0.0946 0.8627 0.1599 0.4673 0.8549 0.6289 0.8254
149 0.0525 0.0460 0.8927 0.1000 0.8626 0.1646 0.4891 0.8340 0.6552 0.8000
