epoch train_iou train_loss train_mAP val_iou val_mAP
0 0.6277 1.1383 0.5566 0.7210 0.6630
1 0.7533 0.7910 0.6908 0.7816 0.7294
2 0.7865 0.6691 0.7395 0.7804 0.7311
3 0.8071 0.5998 0.7603 0.8223 0.7826
4 0.8262 0.5393 0.7832 0.8292 0.7865
5 0.8378 0.4935 0.7944 0.8317 0.7906
6 0.8403 0.4818 0.7997 0.8316 0.7892
7 0.8353 0.5123 0.7927 0.8104 0.7715
8 0.8311 0.5318 0.7903 0.7989 0.7336
9 0.8261 0.5500 0.7861 0.8346 0.7996
10 0.8331 0.5267 0.7963 0.8227 0.7845
11 0.8462 0.4811 0.8102 0.8245 0.7766
12 0.8500 0.4654 0.8145 0.8344 0.7996
13 0.8724 0.3916 0.8377 0.8484 0.8182
14 0.8733 0.3610 0.8386 0.8415 0.8114
15 0.8821 0.3433 0.8489 0.8451 0.8142
16 0.8826 0.3427 0.8473 0.8538 0.8224
17 0.8832 0.3395 0.8506 0.8458 0.8184
18 0.8675 0.3996 0.8327 0.8371 0.8009
19 0.8620 0.4274 0.8281 0.8329 0.7962
20 0.8594 0.4255 0.8236 0.8286 0.7981
21 0.8566 0.4354 0.8218 0.8001 0.7675
22 0.8747 0.3800 0.8420 0.8448 0.8134
23 0.8844 0.3354 0.8498 0.8493 0.8200
24 0.8948 0.2964 0.8638 0.8579 0.8280
25 0.8977 0.2826 0.8677 0.8583 0.8280
26 0.8993 0.2808 0.8682 0.8549 0.8253
27 0.8976 0.2970 0.8633 0.8519 0.8225
28 0.8931 0.3134 0.8603 0.8501 0.8209
29 0.8826 0.3479 0.8493 0.8401 0.8074
30 0.8684 0.3888 0.8317 0.8441 0.8086
31 0.8824 0.3579 0.8487 0.8445 0.8205
32 0.8874 0.3277 0.8553 0.8455 0.8170
33 0.8940 0.2966 0.8638 0.8594 0.8300
34 0.9097 0.2509 0.8804 0.8589 0.8298
35 0.9094 0.2464 0.8796 0.8622 0.8329
36 0.9110 0.2433 0.8824 0.8630 0.8351
37 0.9067 0.2563 0.8770 0.8576 0.8291
38 0.9085 0.2578 0.8780 0.8464 0.8134
39 0.8883 0.3129 0.8556 0.8435 0.8092
40 0.8827 0.3591 0.8477 0.8377 0.8074
41 0.8865 0.3327 0.8540 0.8525 0.8248
42 0.9005 0.2816 0.8691 0.8569 0.8281
43 0.9073 0.2551 0.8783 0.8639 0.8397
44 0.9131 0.2381 0.8858 0.8636 0.8350
45 0.9167 0.2206 0.8905 0.8666 0.8371
46 0.9159 0.2196 0.8894 0.8695 0.8414
47 0.9176 0.2246 0.8929 0.8653 0.8370
48 0.9077 0.2480 0.8806 0.8558 0.8219
49 0.9063 0.2586 0.8781 0.8654 0.8361
50 0.8867 0.3356 0.8564 0.8519 0.8248
51 0.8947 0.3103 0.8661 0.8410 0.8166
52 0.9028 0.2840 0.8749 0.8577 0.8295
53 0.9134 0.2443 0.8859 0.8624 0.8379
54 0.9124 0.2315 0.8856 0.8712 0.8436
55 0.9237 0.2049 0.8991 0.8700 0.8424
56 0.9192 0.2142 0.8934 0.8685 0.8407
57 0.9202 0.2104 0.8962 0.8649 0.8354
58 0.9178 0.2113 0.8908 0.8572 0.8285
59 0.9074 0.2558 0.8813 0.8512 0.8234
60 0.8974 0.2909 0.8688 0.8352 0.8064
61 0.9023 0.2815 0.8721 0.8591 0.8282
62 0.9016 0.2717 0.8744 0.8609 0.8316
63 0.9111 0.2346 0.8857 0.8720 0.8465
64 0.9239 0.2073 0.8985 0.8694 0.8431
65 0.9230 0.2023 0.8963 0.8682 0.8424
66 0.9235 0.1971 0.8980 0.8733 0.8467
67 0.9199 0.2044 0.8954 0.8737 0.8471
68 0.9214 0.2032 0.8971 0.8720 0.8452
69 0.9180 0.2234 0.8907 0.8613 0.8307
70 0.8920 0.3207 0.8643 0.7758 0.7429
71 0.9026 0.2841 0.8752 0.8597 0.8281
72 0.9099 0.2475 0.8819 0.8596 0.8307
73 0.9194 0.2222 0.8925 0.8679 0.8425
74 0.9236 0.1952 0.9008 0.8660 0.8415
75 0.9279 0.1822 0.9035 0.8710 0.8450
76 0.9315 0.1815 0.9094 0.8667 0.8417
77 0.9176 0.2111 0.8904 0.8672 0.8429
78 0.9243 0.2018 0.9001 0.8651 0.8388
79 0.9195 0.2192 0.8959 0.8668 0.8410
80 0.9086 0.2465 0.8807 0.8487 0.8149
81 0.9026 0.2681 0.8757 0.8707 0.8439
82 0.9208 0.2146 0.8966 0.8700 0.8437
83 0.9231 0.1988 0.8993 0.8693 0.8422
84 0.9266 0.1890 0.9032 0.8710 0.8447
85 0.9294 0.1792 0.9065 0.8736 0.8466
86 0.9313 0.1780 0.9096 0.8730 0.8459
87 0.9244 0.1900 0.9022 0.8698 0.8403
88 0.9268 0.1858 0.9032 0.8595 0.8337
89 0.9156 0.2279 0.8899 0.8647 0.8389
90 0.9087 0.2574 0.8799 0.8635 0.8318
91 0.9103 0.2459 0.8842 0.8652 0.8369
92 0.9158 0.2180 0.8905 0.8597 0.8357
93 0.9264 0.1923 0.9035 0.8638 0.8396
94 0.9318 0.1764 0.9094 0.8703 0.8484
95 0.9335 0.1696 0.9113 0.8731 0.8507
96 0.9283 0.1759 0.9087 0.8718 0.8480
97 0.9306 0.1731 0.9097 0.8648 0.8431
98 0.9254 0.2038 0.9031 0.8638 0.8374
99 0.9087 0.2578 0.8839 0.8604 0.8324
100 0.9196 0.2134 0.8968 0.8618 0.8354
101 0.9246 0.1910 0.9006 0.8542 0.8313
102 0.9326 0.1698 0.9139 0.8686 0.8443
103 0.9303 0.1685 0.9083 0.8724 0.8496
104 0.9341 0.1622 0.9125 0.8692 0.8466
105 0.9394 0.1547 0.9197 0.8698 0.8465
106 0.9318 0.1671 0.9124 0.8700 0.8460
107 0.9338 0.1659 0.9132 0.8737 0.8497
108 0.9354 0.1590 0.9150 0.8697 0.8447
109 0.9351 0.1659 0.9145 0.8740 0.8479
110 0.9298 0.1808 0.9079 0.8684 0.8430
111 0.9329 0.1707 0.9138 0.8604 0.8359
112 0.9370 0.1576 0.9184 0.8748 0.8493
113 0.9366 0.1564 0.9169 0.8693 0.8442
114 0.9390 0.1523 0.9202 0.8710 0.8467
115 0.9372 0.1505 0.9181 0.8709 0.8466
116 0.9420 0.1426 0.9233 0.8666 0.8409
117 0.9404 0.1466 0.9220 0.8727 0.8477
118 0.9391 0.1539 0.9198 0.8619 0.8358
119 0.9367 0.1611 0.9165 0.8611 0.8345
120 0.9314 0.1643 0.9104 0.8660 0.8416
121 0.9323 0.1671 0.9123 0.8654 0.8369
122 0.9344 0.1576 0.9149 0.8680 0.8411
123 0.9412 0.1510 0.9208 0.8748 0.8470
124 0.9353 0.1557 0.9150 0.8762 0.8512
125 0.9409 0.1461 0.9231 0.8756 0.8529
126 0.9416 0.1441 0.9230 0.8735 0.8477
127 0.9405 0.1491 0.9212 0.8705 0.8440
128 0.9386 0.1500 0.9203 0.8696 0.8419
129 0.9399 0.1495 0.9195 0.8714 0.8429
130 0.9335 0.1657 0.9120 0.8666 0.8399
131 0.9344 0.1642 0.9132 0.8537 0.8303
132 0.9362 0.1548 0.9156 0.8655 0.8420
133 0.9413 0.1459 0.9219 0.8667 0.8416
134 0.9431 0.1399 0.9252 0.8708 0.8495
135 0.9395 0.1454 0.9222 0.8698 0.8470
136 0.9456 0.1359 0.9293 0.8690 0.8475
137 0.9440 0.1388 0.9263 0.8656 0.8429
138 0.9417 0.1408 0.9241 0.8702 0.8449
139 0.9417 0.1464 0.9214 0.8641 0.8400
140 0.9435 0.1406 0.9265 0.8621 0.8380
141 0.9380 0.1597 0.9192 0.8623 0.8375
142 0.9375 0.1581 0.9180 0.8664 0.8427
143 0.9380 0.1482 0.9218 0.8697 0.8445
144 0.9417 0.1393 0.9235 0.8692 0.8437
145 0.9400 0.1400 0.9226 0.8712 0.8460
146 0.9432 0.1357 0.9269 0.8718 0.8450
147 0.9427 0.1380 0.9248 0.8742 0.8482
148 0.9407 0.1411 0.9248 0.8743 0.8489
149 0.9408 0.1415 0.9212 0.8711 0.8434
150 0.9384 0.1477 0.9203 0.8626 0.8401
151 0.9372 0.1521 0.9188 0.8710 0.8440
152 0.9419 0.1412 0.9235 0.8722 0.8426
153 0.9421 0.1400 0.9238 0.8662 0.8379
154 0.9428 0.1401 0.9262 0.8674 0.8420
155 0.9471 0.1297 0.9302 0.8649 0.8390
156 0.9484 0.1294 0.9312 0.8722 0.8455
157 0.9484 0.1276 0.9327 0.8744 0.8485
158 0.9411 0.1426 0.9235 0.8672 0.8414
159 0.9426 0.1386 0.9251 0.8651 0.8379
160 0.9401 0.1435 0.9226 0.8699 0.8421
161 0.9440 0.1351 0.9283 0.8740 0.8478
162 0.9460 0.1314 0.9320 0.8734 0.8482
163 0.9475 0.1244 0.9331 0.8757 0.8509
164 0.9479 0.1250 0.9326 0.8727 0.8462
165 0.9449 0.1294 0.9286 0.8717 0.8456
166 0.9480 0.1234 0.9321 0.8744 0.8484
167 0.9447 0.1281 0.9291 0.8710 0.8426
168 0.9489 0.1239 0.9337 0.8732 0.8475
169 0.9473 0.1213 0.9325 0.8743 0.8478
170 0.9481 0.1255 0.9333 0.8704 0.8439
171 0.9531 0.1162 0.9395 0.8754 0.8485
172 0.9487 0.1247 0.9337 0.8783 0.8515
173 0.9474 0.1249 0.9315 0.8771 0.8491
174 0.9454 0.1246 0.9300 0.8754 0.8475
175 0.9468 0.1227 0.9318 0.8758 0.8478
176 0.9485 0.1225 0.9339 0.8746 0.8474
177 0.9484 0.1215 0.9337 0.8746 0.8469
178 0.9498 0.1182 0.9353 0.8728 0.8457
179 0.9507 0.1179 0.9370 0.8717 0.8461
180 0.9505 0.1192 0.9358 0.8728 0.8471
181 0.9465 0.1238 0.9315 0.8726 0.8455
182 0.9472 0.1195 0.9320 0.8745 0.8484
183 0.9502 0.1165 0.9357 0.8741 0.8485
184 0.9519 0.1200 0.9364 0.8734 0.8482
185 0.9486 0.1233 0.9340 0.8736 0.8469
186 0.9484 0.1202 0.9330 0.8712 0.8462
187 0.9520 0.1155 0.9378 0.8723 0.8470
188 0.9494 0.1175 0.9351 0.8736 0.8470
189 0.9499 0.1193 0.9369 0.8741 0.8496
190 0.9473 0.1226 0.9328 0.8738 0.8478
191 0.9509 0.1150 0.9368 0.8737 0.8485
192 0.9500 0.1195 0.9337 0.8741 0.8475
193 0.9474 0.1213 0.9323 0.8738 0.8472
194 0.9520 0.1158 0.9386 0.8725 0.8455
195 0.9480 0.1197 0.9333 0.8760 0.8496
196 0.9513 0.1163 0.9380 0.8743 0.8499
197 0.9492 0.1203 0.9346 0.8757 0.8479
198 0.9526 0.1130 0.9386 0.8781 0.8511
199 0.9513 0.1155 0.9377 0.8752 0.8483
