epoch train_iou train_loss train_mAP val_iou val_loss val_mAP
0 0.6445 0.2811 0.5758 0.6955 0.2121 0.6478
1 0.7153 0.2073 0.6555 0.7172 0.1975 0.6692
2 0.7541 0.1730 0.6994 0.7402 0.2344 0.6951
3 0.7693 0.1581 0.7196 0.7618 0.1785 0.7070
4 0.7702 0.1413 0.7201 0.7660 0.1647 0.7184
5 0.7971 0.1263 0.7497 0.7706 0.1654 0.7234
6 0.7863 0.1287 0.7369 0.7676 0.1648 0.7244
7 0.7890 0.1349 0.7395 0.7703 0.1650 0.7276
8 0.7851 0.1379 0.7358 0.7577 0.1880 0.7169
9 0.7802 0.1372 0.7287 0.7776 0.2043 0.7407
10 0.7861 0.1444 0.7352 0.7634 0.2165 0.7249
11 0.8056 0.1200 0.7596 0.7838 0.1896 0.7440
12 0.8159 0.1068 0.7688 0.7913 0.1998 0.7406
13 0.8252 0.0983 0.7810 0.8076 0.1668 0.7696
14 0.8465 0.0830 0.8051 0.8108 0.1689 0.7703
15 0.8422 0.0796 0.8000 0.8097 0.1641 0.7700
16 0.8443 0.0783 0.8026 0.8145 0.1800 0.7778
17 0.8367 0.0824 0.7944 0.8108 0.1781 0.7638
18 0.8363 0.0899 0.7924 0.8134 0.1669 0.7746
19 0.8353 0.0897 0.7916 0.8088 0.1858 0.7659
20 0.8228 0.0999 0.7785 0.7983 0.1921 0.7540
21 0.8340 0.0938 0.7880 0.8221 0.1578 0.7828
22 0.8364 0.0862 0.7932 0.8259 0.2098 0.7917
23 0.8491 0.0758 0.8083 0.8236 0.1725 0.7831
24 0.8624 0.0652 0.8239 0.8298 0.1604 0.7944
25 0.8619 0.0604 0.8218 0.8258 0.1643 0.7907
26 0.8641 0.0578 0.8238 0.8272 0.1921 0.7925
27 0.8619 0.0599 0.8229 0.8220 0.1683 0.7817
28 0.8599 0.0617 0.8205 0.7970 0.2163 0.7564
29 0.8461 0.0814 0.8042 0.8033 0.1978 0.7523
30 0.8381 0.0856 0.7938 0.7867 0.1878 0.7386
31 0.8454 0.0791 0.8021 0.8050 0.1771 0.7641
32 0.8529 0.0707 0.8119 0.8242 0.1816 0.7907
33 0.8635 0.0576 0.8228 0.8340 0.2159 0.7956
34 0.8737 0.0506 0.8343 0.8364 0.1991 0.8026
35 0.8793 0.0490 0.8418 0.8390 0.1768 0.8056
36 0.8761 0.0473 0.8361 0.8354 0.1839 0.7981
37 0.8738 0.0530 0.8378 0.8330 0.1868 0.8000
38 0.8672 0.0537 0.8285 0.7917 0.3024 0.7422
39 0.8592 0.0699 0.8176 0.8170 0.1744 0.7707
40 0.8476 0.0758 0.8058 0.8152 0.1755 0.7694
41 0.8563 0.0664 0.8176 0.8349 0.1551 0.7978
42 0.8719 0.0519 0.8353 0.8299 0.1615 0.7930
43 0.8861 0.0472 0.8477 0.8384 0.1838 0.7980
44 0.8849 0.0440 0.8490 0.8428 0.1890 0.8059
45 0.8828 0.0419 0.8479 0.8398 0.1835 0.8020
46 0.8884 0.0425 0.8528 0.8397 0.1952 0.7977
47 0.8810 0.0445 0.8426 0.8322 0.2114 0.7867
48 0.8792 0.0468 0.8419 0.8260 0.1728 0.7863
49 0.8576 0.0725 0.8162 0.8053 0.2756 0.7680
50 0.8474 0.0775 0.8068 0.7951 0.2532 0.7522
51 0.8545 0.0792 0.8129 0.8186 0.1926 0.7728
52 0.8695 0.0588 0.8278 0.8294 0.2298 0.7879
53 0.8776 0.0489 0.8412 0.8236 0.1890 0.7772
54 0.8844 0.0449 0.8467 0.8329 0.2222 0.7930
55 0.8872 0.0404 0.8531 0.8346 0.2263 0.7942
56 0.8869 0.0403 0.8514 0.8369 0.2175 0.7962
57 0.8808 0.0412 0.8451 0.8352 0.2203 0.7959
58 0.8799 0.0438 0.8420 0.8377 0.2477 0.7998
59 0.8779 0.0507 0.8367 0.8228 0.2147 0.7764
60 0.8623 0.0618 0.8230 0.7993 0.1782 0.7591
61 0.8668 0.0574 0.8283 0.8226 0.2300 0.7751
62 0.8760 0.0479 0.8377 0.8296 0.2158 0.7888
63 0.8851 0.0437 0.8516 0.8321 0.2063 0.7917
64 0.8864 0.0396 0.8508 0.8323 0.2239 0.7930
65 0.8925 0.0365 0.8580 0.8378 0.2310 0.7998
66 0.8905 0.0354 0.8557 0.8346 0.2244 0.7941
67 0.8927 0.0380 0.8587 0.8327 0.2222 0.7953
68 0.8824 0.0441 0.8454 0.8432 0.2436 0.8054
69 0.8792 0.0436 0.8428 0.8209 0.2035 0.7745
70 0.8723 0.0568 0.8344 0.8173 0.2740 0.7719
71 0.8710 0.0619 0.8322 0.8163 0.1959 0.7752
72 0.8785 0.0501 0.8424 0.8396 0.2091 0.8018
73 0.8903 0.0393 0.8532 0.8332 0.2168 0.7962
74 0.8885 0.0350 0.8535 0.8472 0.2363 0.8099
75 0.8976 0.0348 0.8640 0.8434 0.2262 0.8047
76 0.8953 0.0347 0.8617 0.8354 0.2509 0.7938
77 0.8925 0.0334 0.8570 0.8403 0.2340 0.7978
78 0.8901 0.0407 0.8550 0.8387 0.2307 0.7978
79 0.8855 0.0424 0.8482 0.8359 0.2116 0.7962
80 0.8844 0.0454 0.8470 0.8422 0.2657 0.8013
81 0.8800 0.0465 0.8445 0.8340 0.2127 0.7877
82 0.8908 0.0421 0.8556 0.8378 0.2443 0.8005
83 0.8876 0.0405 0.8521 0.8368 0.2710 0.8038
84 0.8960 0.0365 0.8600 0.8300 0.2462 0.7886
85 0.9005 0.0327 0.8674 0.8275 0.2426 0.7853
86 0.8969 0.0321 0.8633 0.8384 0.2488 0.7984
87 0.8963 0.0329 0.8619 0.8293 0.2153 0.7880
88 0.8887 0.0449 0.8508 0.8330 0.2752 0.7974
89 0.8815 0.0437 0.8446 0.8381 0.2438 0.7936
90 0.8760 0.0518 0.8382 0.7992 0.1817 0.7537
91 0.8743 0.0632 0.8341 0.8330 0.2339 0.7899
92 0.8934 0.0398 0.8595 0.8388 0.2389 0.8007
93 0.8909 0.0391 0.8561 0.8446 0.2658 0.8084
94 0.9003 0.0315 0.8674 0.8418 0.2760 0.8014
95 0.8994 0.0310 0.8673 0.8415 0.2762 0.8013
96 0.8938 0.0309 0.8592 0.8406 0.2819 0.8047
97 0.8985 0.0326 0.8657 0.8398 0.2064 0.8004
98 0.8971 0.0334 0.8629 0.8388 0.2331 0.7976
99 0.8931 0.0386 0.8583 0.8423 0.2423 0.8053
100 0.8953 0.0342 0.8603 0.8429 0.2658 0.8034
101 0.8953 0.0322 0.8620 0.8325 0.2694 0.7888
102 0.9030 0.0287 0.8694 0.8325 0.2760 0.7922
103 0.9005 0.0271 0.8655 0.8389 0.2858 0.7995
104 0.8980 0.0288 0.8645 0.8409 0.2547 0.7978
105 0.9041 0.0268 0.8701 0.8437 0.2639 0.8014
106 0.9023 0.0272 0.8684 0.8348 0.2587 0.7925
107 0.9062 0.0273 0.8750 0.8380 0.2775 0.7966
108 0.9025 0.0264 0.8695 0.8350 0.2635 0.7927
109 0.9007 0.0284 0.8679 0.8403 0.3038 0.8012
110 0.8995 0.0295 0.8660 0.8365 0.3190 0.7965
111 0.9049 0.0279 0.8723 0.8326 0.2971 0.7924
112 0.9057 0.0265 0.8765 0.8408 0.3031 0.7986
113 0.9062 0.0259 0.8741 0.8371 0.2920 0.7969
114 0.9105 0.0241 0.8769 0.8421 0.3065 0.8006
115 0.9140 0.0235 0.8824 0.8434 0.3040 0.8018
116 0.9074 0.0241 0.8745 0.8456 0.3050 0.8038
117 0.9060 0.0243 0.8727 0.8434 0.2849 0.8038
118 0.9079 0.0255 0.8750 0.8391 0.2971 0.7987
119 0.9051 0.0256 0.8717 0.8476 0.2908 0.8062
120 0.9045 0.0268 0.8710 0.8432 0.2843 0.8046
121 0.9012 0.0271 0.8689 0.8297 0.2704 0.7822
122 0.9023 0.0299 0.8684 0.8430 0.1789 0.8041
123 0.9047 0.0274 0.8732 0.8417 0.2634 0.8011
124 0.9138 0.0247 0.8830 0.8391 0.2509 0.7951
125 0.9080 0.0239 0.8763 0.8410 0.2510 0.7959
126 0.9090 0.0235 0.8775 0.8437 0.2600 0.8025
127 0.9059 0.0249 0.8731 0.8462 0.3201 0.8064
128 0.9038 0.0275 0.8710 0.8479 0.2980 0.8143
129 0.8960 0.0336 0.8635 0.8339 0.3481 0.7933
130 0.9001 0.0260 0.8677 0.8319 0.3154 0.7846
131 0.9046 0.0314 0.8718 0.8386 0.2971 0.7986
132 0.9067 0.0268 0.8732 0.8394 0.3344 0.8000
133 0.9105 0.0230 0.8797 0.8387 0.3104 0.7983
134 0.9120 0.0231 0.8793 0.8368 0.2876 0.7950
135 0.9065 0.0226 0.8761 0.8421 0.3001 0.7987
136 0.9130 0.0224 0.8818 0.8373 0.3086 0.7959
137 0.9041 0.0224 0.8728 0.8377 0.2892 0.7971
138 0.9110 0.0227 0.8805 0.8346 0.2929 0.7922
139 0.9072 0.0257 0.8737 0.8265 0.3980 0.7900
140 0.9000 0.0280 0.8687 0.8296 0.3301 0.7861
141 0.9004 0.0298 0.8681 0.8433 0.2803 0.8038
142 0.9092 0.0259 0.8787 0.8430 0.2962 0.8040
143 0.9086 0.0229 0.8799 0.8428 0.3063 0.8014
144 0.9077 0.0227 0.8768 0.8386 0.2938 0.7972
145 0.9115 0.0229 0.8799 0.8366 0.2718 0.7958
146 0.9094 0.0210 0.8792 0.8465 0.2868 0.8053
147 0.9124 0.0219 0.8811 0.8373 0.2889 0.7969
148 0.9132 0.0219 0.8811 0.8457 0.3258 0.8095
149 0.9104 0.0227 0.8782 0.8453 0.3342 0.8059
150 0.9079 0.0246 0.8765 0.8486 0.3192 0.8073
151 0.8907 0.0377 0.8588 0.8002 0.2531 0.7470
152 0.8900 0.0344 0.8560 0.8410 0.2499 0.7962
153 0.9104 0.0239 0.8792 0.8489 0.2892 0.8077
154 0.9106 0.0228 0.8790 0.8469 0.2717 0.8052
155 0.9121 0.0218 0.8810 0.8502 0.2681 0.8067
156 0.9130 0.0216 0.8822 0.8492 0.2875 0.8072
157 0.9053 0.0242 0.8744 0.8472 0.2839 0.8042
158 0.9083 0.0243 0.8776 0.8501 0.2671 0.8131
159 0.9113 0.0229 0.8789 0.8533 0.2575 0.8089
160 0.9153 0.0215 0.8856 0.8475 0.2629 0.8054
161 0.9129 0.0210 0.8811 0.8463 0.2599 0.8031
162 0.9116 0.0212 0.8816 0.8524 0.2593 0.8119
163 0.9150 0.0202 0.8857 0.8481 0.2784 0.8073
164 0.9164 0.0203 0.8865 0.8485 0.2657 0.8064
165 0.9162 0.0198 0.8863 0.8468 0.2730 0.8054
166 0.9126 0.0207 0.8816 0.8484 0.2662 0.8056
167 0.9184 0.0196 0.8881 0.8519 0.2772 0.8115
168 0.9154 0.0205 0.8861 0.8451 0.2932 0.8035
169 0.9162 0.0198 0.8852 0.8414 0.2893 0.8000
170 0.9155 0.0201 0.8857 0.8436 0.2788 0.8030
171 0.9153 0.0201 0.8839 0.8397 0.2857 0.7970
172 0.9144 0.0194 0.8845 0.8487 0.3082 0.8084
173 0.9134 0.0194 0.8841 0.8506 0.3061 0.8108
174 0.9169 0.0189 0.8871 0.8449 0.2983 0.8044
175 0.9156 0.0188 0.8837 0.8454 0.2916 0.8042
176 0.9115 0.0207 0.8811 0.8473 0.2986 0.8079
177 0.9154 0.0191 0.8860 0.8465 0.3001 0.8050
178 0.9161 0.0194 0.8852 0.8447 0.2890 0.8034
179 0.9158 0.0186 0.8855 0.8486 0.3142 0.8061
180 0.9223 0.0193 0.8927 0.8485 0.2938 0.8077
181 0.9135 0.0195 0.8852 0.8485 0.2945 0.8106
182 0.9215 0.0186 0.8916 0.8492 0.2945 0.8089
183 0.9185 0.0186 0.8881 0.8538 0.3060 0.8136
184 0.9190 0.0188 0.8907 0.8457 0.2944 0.8058
185 0.9185 0.0186 0.8884 0.8454 0.2943 0.8052
186 0.9162 0.0191 0.8862 0.8487 0.3150 0.8090
187 0.9172 0.0194 0.8886 0.8425 0.3017 0.8020
188 0.9184 0.0189 0.8878 0.8463 0.3087 0.8069
189 0.9200 0.0188 0.8897 0.8504 0.3227 0.8089
190 0.9186 0.0190 0.8892 0.8462 0.3256 0.8066
191 0.9155 0.0201 0.8852 0.8407 0.2758 0.8001
192 0.9135 0.0191 0.8837 0.8471 0.2679 0.8064
193 0.9165 0.0185 0.8865 0.8489 0.3085 0.8089
194 0.9185 0.0183 0.8878 0.8477 0.2992 0.8084
195 0.9170 0.0182 0.8860 0.8488 0.2914 0.8075
196 0.9167 0.0182 0.8873 0.8496 0.3273 0.8091
197 0.9154 0.0181 0.8835 0.8468 0.3209 0.8069
198 0.9202 0.0183 0.8899 0.8484 0.3157 0.8077
199 0.9148 0.0182 0.8858 0.8456 0.3331 0.8061
