epoch train_iou train_loss train_mAP val_iou val_mAP
0 0.6431 1.1125 0.5704 0.7136 0.6516
1 0.7497 0.7960 0.6902 0.7515 0.6993
2 0.7934 0.6629 0.7453 0.8027 0.7579
3 0.8111 0.6007 0.7658 0.7918 0.7548
4 0.8246 0.5296 0.7814 0.8191 0.7784
5 0.8349 0.5070 0.7929 0.8228 0.7810
6 0.8371 0.4947 0.7931 0.8189 0.7820
7 0.8362 0.5097 0.7943 0.8216 0.7866
8 0.8306 0.5244 0.7885 0.8157 0.7756
9 0.8376 0.5220 0.7981 0.8107 0.7697
10 0.8289 0.5538 0.7918 0.8210 0.7912
11 0.8337 0.5271 0.7940 0.8288 0.7894
12 0.8517 0.4670 0.8182 0.8403 0.8036
13 0.8579 0.4295 0.8245 0.8449 0.8121
14 0.8661 0.3998 0.8317 0.8493 0.8166
15 0.8798 0.3618 0.8476 0.8491 0.8181
16 0.8756 0.3713 0.8425 0.8583 0.8265
17 0.8795 0.3656 0.8492 0.8502 0.8186
18 0.8606 0.4222 0.8282 0.8419 0.8067
19 0.8588 0.4524 0.8236 0.8378 0.8018
20 0.8554 0.4672 0.8211 0.8329 0.7925
21 0.8616 0.4403 0.8292 0.8375 0.8066
22 0.8732 0.4005 0.8401 0.8474 0.8141
23 0.8761 0.3701 0.8435 0.8521 0.8221
24 0.8880 0.3299 0.8572 0.8562 0.8291
25 0.8959 0.3098 0.8646 0.8560 0.8296
26 0.8912 0.3084 0.8635 0.8491 0.8215
27 0.8906 0.3174 0.8592 0.8435 0.8169
28 0.8868 0.3350 0.8562 0.8536 0.8293
29 0.8802 0.3553 0.8468 0.8197 0.7841
30 0.8618 0.4166 0.8262 0.8271 0.7904
31 0.8689 0.3956 0.8353 0.8430 0.8145
32 0.8858 0.3467 0.8559 0.8503 0.8176
33 0.8912 0.3137 0.8612 0.8553 0.8269
34 0.9019 0.2847 0.8732 0.8535 0.8254
35 0.9007 0.2705 0.8714 0.8567 0.8305
36 0.8996 0.2761 0.8707 0.8550 0.8280
37 0.9055 0.2771 0.8782 0.8542 0.8238
38 0.8984 0.2955 0.8706 0.8446 0.8176
39 0.8865 0.3344 0.8564 0.8389 0.8109
40 0.8759 0.3688 0.8415 0.8418 0.8077
41 0.8848 0.3501 0.8546 0.8266 0.8044
42 0.8857 0.3140 0.8554 0.8421 0.8133
43 0.8996 0.2848 0.8688 0.8551 0.8257
44 0.9102 0.2520 0.8831 0.8614 0.8311
45 0.9118 0.2467 0.8847 0.8612 0.8320
46 0.9181 0.2315 0.8917 0.8617 0.8352
47 0.9084 0.2467 0.8818 0.8558 0.8274
48 0.9057 0.2558 0.8774 0.8540 0.8241
49 0.8852 0.3371 0.8534 0.8548 0.8209
50 0.8903 0.3262 0.8610 0.8536 0.8231
51 0.8890 0.3222 0.8601 0.8326 0.7972
52 0.8924 0.3060 0.8643 0.8536 0.8175
53 0.9097 0.2543 0.8821 0.8638 0.8354
54 0.9137 0.2257 0.8884 0.8598 0.8379
55 0.9128 0.2279 0.8887 0.8572 0.8348
56 0.9136 0.2290 0.8885 0.8588 0.8284
57 0.9153 0.2268 0.8890 0.8632 0.8351
58 0.9085 0.2463 0.8822 0.8602 0.8306
59 0.8993 0.2665 0.8696 0.8500 0.8227
60 0.8996 0.2920 0.8715 0.8339 0.8115
61 0.8910 0.3163 0.8616 0.8447 0.8147
62 0.9006 0.2865 0.8708 0.8524 0.8189
63 0.9075 0.2532 0.8811 0.8596 0.8310
64 0.9122 0.2355 0.8877 0.8643 0.8376
65 0.9141 0.2190 0.8887 0.8661 0.8396
66 0.9185 0.2113 0.8946 0.8660 0.8402
67 0.9159 0.2228 0.8906 0.8544 0.8275
68 0.9125 0.2364 0.8864 0.8471 0.8254
69 0.9095 0.2558 0.8828 0.8415 0.8106
70 0.8980 0.2916 0.8705 0.8432 0.8100
71 0.9014 0.2890 0.8734 0.8447 0.8163
72 0.9053 0.2540 0.8802 0.8506 0.8231
73 0.9143 0.2380 0.8899 0.8543 0.8256
74 0.9166 0.2189 0.8909 0.8594 0.8301
75 0.9218 0.1982 0.8964 0.8645 0.8366
76 0.9237 0.2007 0.8995 0.8606 0.8313
77 0.9223 0.2106 0.8970 0.8648 0.8371
78 0.9196 0.2096 0.8950 0.8652 0.8351
79 0.9142 0.2408 0.8890 0.8557 0.8265
80 0.8962 0.3084 0.8667 0.8199 0.7939
81 0.9035 0.2815 0.8737 0.8548 0.8268
82 0.9086 0.2579 0.8835 0.8571 0.8300
83 0.9134 0.2344 0.8900 0.8601 0.8345
84 0.9216 0.2070 0.8988 0.8668 0.8430
85 0.9234 0.2027 0.9012 0.8643 0.8399
86 0.9226 0.1987 0.8989 0.8644 0.8405
87 0.9240 0.2003 0.9006 0.8650 0.8363
88 0.9191 0.2165 0.8934 0.8582 0.8329
89 0.9129 0.2407 0.8890 0.8317 0.8032
90 0.8910 0.3213 0.8612 0.8451 0.8202
91 0.9075 0.2648 0.8807 0.8339 0.8047
92 0.9184 0.2316 0.8921 0.8536 0.8298
93 0.9243 0.2038 0.8996 0.8535 0.8303
94 0.9246 0.1933 0.8990 0.8574 0.8325
95 0.9242 0.2000 0.9013 0.8592 0.8355
96 0.9239 0.1955 0.9015 0.8599 0.8371
97 0.9245 0.1992 0.9001 0.8596 0.8326
98 0.9240 0.2032 0.9010 0.8628 0.8322
99 0.9158 0.2320 0.8921 0.8518 0.8228
100 0.9090 0.2410 0.8831 0.8624 0.8394
101 0.9225 0.2075 0.8991 0.8471 0.8223
102 0.9220 0.1998 0.8990 0.8608 0.8354
103 0.9254 0.1877 0.9038 0.8582 0.8361
104 0.9275 0.1811 0.9056 0.8621 0.8379
105 0.9334 0.1681 0.9117 0.8632 0.8396
106 0.9300 0.1745 0.9075 0.8613 0.8371
107 0.9302 0.1760 0.9095 0.8592 0.8344
108 0.9290 0.1783 0.9071 0.8619 0.8380
109 0.9309 0.1776 0.9096 0.8533 0.8282
110 0.9247 0.2040 0.9022 0.8589 0.8321
111 0.9289 0.1828 0.9062 0.8621 0.8374
112 0.9268 0.1856 0.9025 0.8596 0.8366
113 0.9302 0.1750 0.9094 0.8666 0.8413
114 0.9312 0.1727 0.9108 0.8673 0.8403
115 0.9376 0.1570 0.9172 0.8643 0.8391
116 0.9343 0.1647 0.9121 0.8629 0.8378
117 0.9343 0.1613 0.9157 0.8637 0.8402
118 0.9300 0.1750 0.9079 0.8580 0.8341
119 0.9312 0.1721 0.9093 0.8597 0.8359
120 0.9276 0.1834 0.9059 0.8632 0.8399
121 0.9331 0.1729 0.9109 0.8555 0.8285
122 0.9269 0.1817 0.9045 0.8614 0.8338
123 0.9336 0.1628 0.9123 0.8610 0.8355
124 0.9366 0.1582 0.9150 0.8598 0.8344
125 0.9365 0.1578 0.9177 0.8623 0.8371
126 0.9368 0.1522 0.9170 0.8630 0.8381
127 0.9348 0.1605 0.9137 0.8630 0.8370
128 0.9357 0.1577 0.9147 0.8603 0.8344
129 0.9338 0.1643 0.9130 0.8634 0.8375
130 0.9297 0.1855 0.9079 0.8582 0.8322
131 0.9282 0.1816 0.9073 0.8624 0.8371
132 0.9301 0.1810 0.9078 0.8645 0.8385
133 0.9319 0.1662 0.9122 0.8625 0.8380
134 0.9342 0.1587 0.9137 0.8652 0.8405
135 0.9369 0.1557 0.9184 0.8672 0.8430
136 0.9357 0.1617 0.9155 0.8636 0.8393
137 0.9348 0.1562 0.9139 0.8645 0.8386
138 0.9406 0.1491 0.9214 0.8600 0.8362
139 0.9315 0.1679 0.9108 0.8616 0.8369
140 0.9278 0.1829 0.9070 0.8623 0.8378
141 0.9303 0.1764 0.9098 0.8605 0.8371
142 0.9342 0.1710 0.9149 0.8647 0.8384
143 0.9381 0.1605 0.9184 0.8637 0.8365
144 0.9377 0.1518 0.9177 0.8669 0.8388
145 0.9345 0.1588 0.9142 0.8685 0.8416
146 0.9370 0.1512 0.9188 0.8679 0.8426
147 0.9365 0.1529 0.9167 0.8673 0.8429
148 0.9326 0.1742 0.9119 0.8600 0.8317
149 0.9343 0.1631 0.9126 0.8670 0.8421
150 0.9346 0.1645 0.9129 0.8684 0.8415
151 0.9308 0.1704 0.9097 0.8659 0.8401
152 0.9383 0.1535 0.9173 0.8687 0.8416
153 0.9379 0.1498 0.9185 0.8686 0.8395
154 0.9370 0.1512 0.9186 0.8670 0.8413
155 0.9399 0.1415 0.9226 0.8689 0.8429
156 0.9408 0.1439 0.9235 0.8660 0.8410
157 0.9379 0.1475 0.9181 0.8623 0.8394
158 0.9383 0.1506 0.9202 0.8617 0.8379
159 0.9358 0.1713 0.9169 0.8611 0.8360
160 0.9410 0.1456 0.9240 0.8640 0.8408
161 0.9422 0.1440 0.9261 0.8673 0.8444
162 0.9412 0.1449 0.9244 0.8659 0.8418
163 0.9469 0.1337 0.9291 0.8660 0.8421
164 0.9415 0.1403 0.9236 0.8653 0.8411
165 0.9452 0.1371 0.9285 0.8667 0.8424
166 0.9452 0.1372 0.9287 0.8661 0.8430
167 0.9442 0.1367 0.9264 0.8675 0.8448
168 0.9431 0.1367 0.9256 0.8662 0.8418
169 0.9410 0.1450 0.9237 0.8626 0.8381
170 0.9383 0.1438 0.9211 0.8636 0.8411
171 0.9420 0.1383 0.9250 0.8679 0.8436
172 0.9432 0.1375 0.9264 0.8648 0.8415
173 0.9443 0.1365 0.9282 0.8685 0.8446
174 0.9414 0.1382 0.9236 0.8711 0.8460
175 0.9437 0.1363 0.9247 0.8699 0.8450
176 0.9455 0.1286 0.9285 0.8700 0.8472
177 0.9456 0.1314 0.9299 0.8699 0.8464
178 0.9447 0.1298 0.9289 0.8670 0.8432
179 0.9425 0.1379 0.9247 0.8697 0.8456
180 0.9461 0.1284 0.9305 0.8679 0.8430
181 0.9444 0.1344 0.9279 0.8670 0.8425
182 0.9428 0.1366 0.9271 0.8714 0.8481
183 0.9458 0.1297 0.9303 0.8713 0.8462
184 0.9448 0.1298 0.9286 0.8716 0.8483
185 0.9451 0.1304 0.9288 0.8708 0.8477
186 0.9472 0.1295 0.9306 0.8680 0.8449
187 0.9457 0.1295 0.9283 0.8696 0.8456
188 0.9458 0.1302 0.9293 0.8668 0.8421
189 0.9494 0.1261 0.9337 0.8728 0.8481
190 0.9451 0.1322 0.9282 0.8658 0.8419
191 0.9424 0.1304 0.9263 0.8674 0.8432
192 0.9460 0.1319 0.9301 0.8669 0.8425
193 0.9476 0.1299 0.9320 0.8721 0.8457
194 0.9478 0.1265 0.9321 0.8714 0.8469
195 0.9446 0.1268 0.9295 0.8715 0.8470
196 0.9442 0.1313 0.9282 0.8721 0.8476
197 0.9447 0.1329 0.9267 0.8698 0.8454
198 0.9488 0.1232 0.9338 0.8715 0.8475
199 0.9500 0.1257 0.9348 0.8709 0.8457
