epoch train_iou train_loss train_mAP val_iou val_mAP
0 0.6455 1.1332 0.5828 0.4890 0.4510
1 0.7119 0.9282 0.6523 0.7377 0.6846
2 0.7405 0.8319 0.6903 0.7530 0.7115
3 0.7647 0.7606 0.7151 0.7678 0.7263
4 0.7859 0.6745 0.7392 0.7710 0.7358
5 0.8011 0.6271 0.7568 0.7930 0.7562
6 0.7930 0.6551 0.7452 0.7742 0.7376
7 0.7944 0.6571 0.7498 0.7794 0.7276
8 0.7938 0.6762 0.7504 0.7848 0.7430
9 0.7845 0.7053 0.7385 0.7299 0.6817
10 0.8008 0.6565 0.7592 0.7834 0.7411
11 0.7996 0.6412 0.7582 0.8007 0.7651
12 0.8173 0.5876 0.7785 0.8024 0.7593
13 0.8253 0.5624 0.7889 0.8052 0.7668
14 0.8382 0.5191 0.8028 0.8316 0.7953
15 0.8432 0.4946 0.8060 0.8317 0.7999
16 0.8423 0.5000 0.8076 0.8246 0.7950
17 0.8370 0.5319 0.7996 0.8116 0.7696
18 0.8238 0.5723 0.7854 0.7971 0.7531
19 0.8150 0.5901 0.7773 0.8126 0.7760
20 0.8120 0.6081 0.7749 0.7842 0.7530
21 0.8132 0.6062 0.7768 0.7892 0.7565
22 0.8289 0.5526 0.7942 0.8097 0.7698
23 0.8408 0.5031 0.8046 0.8389 0.8109
24 0.8494 0.4690 0.8152 0.8392 0.8127
25 0.8587 0.4428 0.8240 0.8450 0.8174
26 0.8588 0.4517 0.8253 0.8317 0.8069
27 0.8502 0.4647 0.8157 0.8239 0.7962
28 0.8431 0.4989 0.8080 0.6638 0.6124
29 0.8323 0.5466 0.7937 0.8131 0.7806
30 0.8337 0.5363 0.7984 0.7311 0.6825
31 0.8351 0.5372 0.8028 0.7724 0.7442
32 0.8438 0.4992 0.8102 0.8246 0.7976
33 0.8480 0.4758 0.8149 0.7858 0.7595
34 0.8614 0.4329 0.8277 0.8491 0.8197
35 0.8645 0.4127 0.8326 0.8455 0.8194
36 0.8699 0.4109 0.8390 0.8465 0.8195
37 0.8583 0.4385 0.8280 0.8246 0.7915
38 0.8431 0.5013 0.8089 0.8023 0.7715
39 0.8335 0.5419 0.7976 0.8125 0.7798
40 0.8357 0.5258 0.8040 0.7675 0.7388
41 0.8370 0.5176 0.8056 0.8169 0.7819
42 0.8526 0.4666 0.8201 0.8326 0.8056
43 0.8621 0.4370 0.8301 0.8369 0.8106
44 0.8693 0.4078 0.8408 0.8522 0.8257
45 0.8790 0.3813 0.8499 0.8532 0.8258
46 0.8701 0.3965 0.8408 0.8558 0.8244
47 0.8659 0.4111 0.8362 0.8527 0.8231
48 0.8578 0.4447 0.8241 0.8383 0.8071
49 0.8477 0.4744 0.8144 0.8248 0.7954
50 0.8412 0.5176 0.8072 0.8106 0.7803
51 0.8284 0.5630 0.7910 0.8135 0.7814
52 0.8549 0.4709 0.8204 0.8480 0.8166
53 0.8629 0.4330 0.8313 0.8392 0.8089
54 0.8690 0.4079 0.8402 0.8623 0.8328
55 0.8809 0.3751 0.8514 0.8606 0.8313
56 0.8759 0.3753 0.8467 0.8511 0.8258
57 0.8770 0.3883 0.8465 0.8094 0.7770
58 0.8628 0.4355 0.8312 0.8437 0.8142
59 0.8531 0.4715 0.8169 0.8067 0.7761
60 0.8462 0.4877 0.8134 0.6712 0.6302
61 0.8497 0.4761 0.8167 0.8273 0.7921
62 0.8608 0.4313 0.8285 0.8355 0.8099
63 0.8740 0.4016 0.8441 0.8448 0.8163
64 0.8828 0.3659 0.8525 0.8521 0.8250
65 0.8817 0.3625 0.8520 0.8551 0.8268
66 0.8831 0.3544 0.8537 0.8553 0.8272
67 0.8780 0.3749 0.8475 0.8149 0.7785
68 0.8634 0.4231 0.8310 0.7988 0.7523
69 0.8634 0.4305 0.8301 0.8425 0.8102
70 0.8553 0.4607 0.8213 0.6226 0.5803
71 0.8575 0.4565 0.8242 0.5875 0.5475
72 0.8695 0.4128 0.8385 0.8308 0.8044
73 0.8752 0.3863 0.8459 0.8517 0.8196
74 0.8893 0.3449 0.8590 0.8601 0.8309
75 0.8875 0.3466 0.8579 0.8620 0.8343
76 0.8805 0.3611 0.8485 0.8609 0.8332
77 0.8801 0.3666 0.8494 0.8364 0.8093
78 0.8695 0.3988 0.8384 0.8432 0.8123
79 0.8672 0.4183 0.8358 0.8246 0.7887
80 0.8595 0.4461 0.8282 0.7324 0.6882
81 0.8628 0.4279 0.8307 0.8148 0.7859
82 0.8766 0.3831 0.8464 0.8403 0.8148
83 0.8761 0.3869 0.8465 0.8396 0.8087
84 0.8888 0.3446 0.8599 0.8612 0.8340
85 0.8914 0.3261 0.8633 0.8614 0.8344
86 0.8906 0.3263 0.8610 0.8573 0.8276
87 0.8894 0.3334 0.8608 0.8428 0.8144
88 0.8775 0.3732 0.8465 0.7589 0.7166
89 0.8682 0.4101 0.8351 0.7899 0.7452
90 0.8645 0.4315 0.8333 0.8105 0.7805
91 0.8638 0.4373 0.8316 0.8387 0.8097
92 0.8736 0.3893 0.8414 0.8464 0.8198
93 0.8832 0.3631 0.8541 0.8484 0.8209
94 0.8904 0.3312 0.8617 0.8606 0.8308
95 0.8917 0.3254 0.8622 0.8626 0.8347
96 0.8923 0.3245 0.8641 0.8580 0.8294
97 0.8903 0.3316 0.8594 0.8469 0.8201
98 0.8843 0.3504 0.8544 0.8183 0.7925
99 0.8662 0.4124 0.8315 0.7736 0.7462
100 0.8797 0.3669 0.8505 0.8519 0.8228
101 0.8935 0.3190 0.8638 0.8463 0.8200
102 0.8917 0.3218 0.8618 0.8559 0.8268
103 0.9012 0.2881 0.8743 0.8569 0.8279
104 0.9018 0.2910 0.8726 0.8562 0.8276
105 0.9047 0.2815 0.8766 0.8593 0.8306
106 0.9023 0.2794 0.8738 0.8594 0.8315
107 0.9034 0.2899 0.8748 0.8549 0.8300
108 0.8932 0.3082 0.8660 0.8607 0.8333
109 0.9019 0.2855 0.8727 0.8542 0.8282
110 0.9009 0.2895 0.8731 0.8585 0.8290
111 0.9039 0.2848 0.8734 0.8540 0.8272
112 0.9037 0.2768 0.8764 0.8584 0.8309
113 0.9064 0.2714 0.8774 0.8601 0.8335
114 0.9066 0.2693 0.8782 0.8588 0.8331
115 0.9085 0.2636 0.8813 0.8576 0.8320
116 0.9096 0.2616 0.8833 0.8589 0.8339
117 0.9082 0.2617 0.8807 0.8595 0.8322
118 0.9088 0.2633 0.8795 0.8579 0.8290
119 0.9064 0.2690 0.8794 0.8551 0.8263
120 0.9017 0.2817 0.8712 0.8534 0.8257
121 0.8980 0.2871 0.8684 0.8618 0.8329
122 0.9061 0.2640 0.8786 0.8586 0.8291
123 0.9077 0.2564 0.8800 0.8600 0.8317
124 0.9128 0.2516 0.8860 0.8592 0.8340
125 0.9110 0.2574 0.8837 0.8614 0.8345
126 0.9112 0.2488 0.8831 0.8600 0.8338
127 0.9068 0.2592 0.8771 0.8659 0.8388
128 0.9078 0.2607 0.8801 0.8522 0.8262
129 0.9068 0.2677 0.8777 0.8604 0.8325
130 0.9092 0.2563 0.8803 0.8609 0.8327
131 0.9101 0.2487 0.8832 0.8627 0.8359
132 0.9121 0.2492 0.8838 0.8643 0.8328
133 0.9128 0.2525 0.8861 0.8627 0.8350
134 0.9100 0.2430 0.8835 0.8663 0.8373
135 0.9105 0.2528 0.8833 0.8680 0.8395
136 0.9122 0.2449 0.8843 0.8669 0.8382
137 0.9146 0.2378 0.8882 0.8643 0.8364
138 0.9117 0.2504 0.8833 0.8656 0.8380
139 0.9039 0.2622 0.8773 0.8641 0.8361
140 0.9093 0.2656 0.8824 0.8639 0.8400
141 0.9152 0.2419 0.8891 0.8603 0.8322
142 0.9126 0.2491 0.8844 0.8646 0.8379
143 0.9100 0.2480 0.8835 0.8628 0.8388
144 0.9122 0.2411 0.8842 0.8676 0.8416
145 0.9161 0.2327 0.8891 0.8649 0.8401
146 0.9117 0.2427 0.8855 0.8643 0.8415
147 0.9145 0.2419 0.8894 0.8634 0.8379
148 0.9123 0.2372 0.8858 0.8627 0.8385
149 0.9163 0.2335 0.8883 0.8566 0.8304
150 0.9083 0.2530 0.8807 0.8639 0.8399
151 0.9100 0.2473 0.8818 0.8605 0.8364
152 0.9131 0.2381 0.8864 0.8671 0.8381
153 0.9148 0.2351 0.8883 0.8608 0.8376
154 0.9181 0.2277 0.8898 0.8641 0.8395
155 0.9123 0.2370 0.8871 0.8671 0.8411
156 0.9180 0.2242 0.8915 0.8659 0.8415
157 0.9145 0.2354 0.8874 0.8694 0.8438
158 0.9198 0.2287 0.8924 0.8612 0.8347
159 0.9128 0.2355 0.8865 0.8538 0.8275
160 0.9192 0.2256 0.8928 0.8664 0.8399
161 0.9176 0.2251 0.8906 0.8657 0.8409
162 0.9149 0.2302 0.8893 0.8687 0.8422
163 0.9166 0.2286 0.8904 0.8681 0.8424
164 0.9179 0.2212 0.8905 0.8682 0.8425
165 0.9214 0.2137 0.8945 0.8679 0.8422
166 0.9238 0.2156 0.8967 0.8672 0.8415
167 0.9157 0.2283 0.8899 0.8678 0.8419
168 0.9191 0.2190 0.8941 0.8693 0.8418
169 0.9198 0.2216 0.8938 0.8696 0.8433
170 0.9206 0.2186 0.8948 0.8654 0.8403
171 0.9238 0.2091 0.8968 0.8675 0.8439
172 0.9199 0.2164 0.8943 0.8705 0.8452
173 0.9194 0.2218 0.8931 0.8711 0.8444
174 0.9214 0.2144 0.8958 0.8691 0.8441
175 0.9200 0.2123 0.8927 0.8711 0.8463
176 0.9174 0.2197 0.8905 0.8694 0.8448
177 0.9168 0.2179 0.8904 0.8696 0.8451
178 0.9178 0.2164 0.8904 0.8691 0.8422
179 0.9201 0.2145 0.8953 0.8697 0.8444
180 0.9203 0.2118 0.8933 0.8650 0.8355
181 0.9199 0.2167 0.8943 0.8688 0.8445
182 0.9203 0.2142 0.8943 0.8700 0.8445
183 0.9187 0.2222 0.8930 0.8694 0.8436
184 0.9237 0.2086 0.8981 0.8673 0.8423
185 0.9208 0.2161 0.8937 0.8679 0.8437
186 0.9194 0.2147 0.8923 0.8683 0.8442
187 0.9225 0.2113 0.8972 0.8677 0.8435
188 0.9197 0.2169 0.8934 0.8665 0.8401
189 0.9216 0.2137 0.8955 0.8694 0.8424
190 0.9192 0.2231 0.8925 0.8658 0.8410
191 0.9237 0.2033 0.8979 0.8630 0.8382
192 0.9200 0.2130 0.8940 0.8662 0.8411
193 0.9221 0.2090 0.8971 0.8659 0.8417
194 0.9241 0.2074 0.8981 0.8667 0.8422
195 0.9212 0.2129 0.8944 0.8654 0.8407
196 0.9208 0.2155 0.8950 0.8643 0.8401
197 0.9195 0.2164 0.8926 0.8659 0.8418
198 0.9225 0.2053 0.8969 0.8676 0.8427
199 0.9205 0.2171 0.8957 0.8658 0.8399
