epoch train_iou train_loss train_mAP val_iou val_mAP
0 0.6235 1.1605 0.5474 0.6691 0.5849
1 0.7299 0.8628 0.6696 0.7315 0.6751
2 0.7559 0.7899 0.7015 0.7740 0.7186
3 0.7692 0.7374 0.7154 0.7872 0.7388
4 0.7952 0.6616 0.7470 0.7834 0.7391
5 0.8020 0.6321 0.7543 0.7913 0.7477
6 0.7958 0.6358 0.7489 0.7800 0.7270
7 0.7963 0.6424 0.7471 0.8070 0.7649
8 0.7984 0.6486 0.7509 0.7771 0.7100
9 0.7946 0.6586 0.7497 0.8081 0.7601
10 0.8014 0.6372 0.7581 0.7959 0.7624
11 0.8118 0.5954 0.7729 0.8148 0.7804
12 0.8252 0.5544 0.7844 0.8252 0.7913
13 0.8335 0.5215 0.7935 0.8172 0.7776
14 0.8376 0.5021 0.7965 0.8323 0.7975
15 0.8430 0.4895 0.8059 0.8309 0.7992
16 0.8426 0.4767 0.8054 0.8256 0.7921
17 0.8423 0.4955 0.8052 0.8384 0.8026
18 0.8410 0.5044 0.8039 0.8333 0.7899
19 0.8408 0.4954 0.8021 0.8379 0.8050
20 0.8348 0.5243 0.7961 0.8210 0.7799
21 0.8320 0.5286 0.7927 0.8304 0.7907
22 0.8513 0.4701 0.8153 0.8375 0.8017
23 0.8538 0.4552 0.8184 0.8373 0.7998
24 0.8662 0.4103 0.8310 0.8442 0.8085
25 0.8716 0.4044 0.8359 0.8470 0.8127
26 0.8641 0.4121 0.8308 0.8434 0.8090
27 0.8640 0.4151 0.8300 0.8449 0.8072
28 0.8603 0.4344 0.8214 0.8374 0.8025
29 0.8603 0.4326 0.8246 0.8112 0.7808
30 0.8473 0.4738 0.8066 0.8303 0.7998
31 0.8550 0.4492 0.8173 0.8339 0.8072
32 0.8709 0.4032 0.8325 0.8495 0.8166
33 0.8737 0.3871 0.8400 0.8454 0.8169
34 0.8815 0.3582 0.8491 0.8492 0.8173
35 0.8821 0.3461 0.8492 0.8508 0.8183
36 0.8808 0.3469 0.8488 0.8477 0.8166
37 0.8786 0.3638 0.8456 0.8476 0.8154
38 0.8725 0.3741 0.8384 0.8413 0.8076
39 0.8697 0.4000 0.8360 0.8508 0.8159
40 0.8620 0.4325 0.8251 0.8336 0.8020
41 0.8653 0.4082 0.8299 0.8404 0.8059
42 0.8737 0.3861 0.8383 0.8473 0.8161
43 0.8890 0.3370 0.8567 0.8482 0.8206
44 0.8884 0.3255 0.8584 0.8464 0.8188
45 0.8915 0.3182 0.8622 0.8482 0.8207
46 0.8920 0.3156 0.8614 0.8478 0.8200
47 0.8919 0.3118 0.8609 0.8544 0.8233
48 0.8905 0.3305 0.8573 0.8443 0.8143
49 0.8724 0.3818 0.8378 0.8461 0.8127
50 0.8721 0.3786 0.8362 0.8363 0.8043
51 0.8757 0.3780 0.8433 0.8375 0.8096
52 0.8836 0.3488 0.8493 0.8501 0.8165
53 0.8921 0.3115 0.8596 0.8510 0.8234
54 0.8998 0.2929 0.8710 0.8533 0.8224
55 0.8947 0.2925 0.8638 0.8538 0.8228
56 0.8988 0.2875 0.8673 0.8564 0.8260
57 0.8977 0.2909 0.8677 0.8549 0.8251
58 0.8968 0.3017 0.8647 0.8525 0.8222
59 0.8831 0.3431 0.8503 0.8428 0.8096
60 0.8797 0.3693 0.8448 0.8403 0.8087
61 0.8826 0.3571 0.8490 0.8362 0.8097
62 0.8925 0.3122 0.8622 0.8480 0.8171
63 0.8950 0.2917 0.8625 0.8566 0.8275
64 0.9023 0.2768 0.8722 0.8574 0.8287
65 0.8995 0.2782 0.8681 0.8585 0.8281
66 0.9053 0.2634 0.8768 0.8557 0.8248
67 0.9039 0.2730 0.8747 0.8564 0.8281
68 0.8999 0.2752 0.8700 0.8501 0.8184
69 0.8924 0.3064 0.8589 0.8529 0.8220
70 0.8932 0.3149 0.8627 0.8490 0.8168
71 0.8883 0.3216 0.8587 0.8444 0.8114
72 0.8942 0.3029 0.8633 0.8555 0.8221
73 0.8998 0.2743 0.8719 0.8534 0.8255
74 0.9115 0.2477 0.8834 0.8580 0.8255
75 0.9077 0.2592 0.8780 0.8602 0.8299
76 0.9067 0.2573 0.8790 0.8616 0.8320
77 0.9052 0.2561 0.8754 0.8483 0.8212
78 0.9028 0.2796 0.8733 0.8516 0.8200
79 0.8996 0.2810 0.8693 0.8591 0.8267
80 0.8988 0.2982 0.8686 0.8486 0.8202
81 0.8920 0.3106 0.8628 0.8520 0.8254
82 0.8972 0.2936 0.8669 0.8575 0.8267
83 0.9046 0.2692 0.8748 0.8639 0.8345
84 0.9097 0.2459 0.8823 0.8659 0.8387
85 0.9076 0.2415 0.8797 0.8669 0.8387
86 0.9151 0.2336 0.8894 0.8667 0.8375
87 0.9093 0.2516 0.8807 0.8652 0.8345
88 0.9090 0.2509 0.8802 0.8476 0.8184
89 0.9049 0.2663 0.8748 0.8593 0.8309
90 0.8976 0.2959 0.8648 0.8588 0.8261
91 0.8983 0.2970 0.8665 0.8439 0.8160
92 0.9038 0.2690 0.8757 0.8614 0.8303
93 0.9107 0.2439 0.8833 0.8666 0.8377
94 0.9133 0.2284 0.8875 0.8681 0.8399
95 0.9131 0.2277 0.8876 0.8673 0.8379
96 0.9163 0.2228 0.8899 0.8686 0.8383
97 0.9129 0.2402 0.8873 0.8654 0.8362
98 0.9129 0.2379 0.8846 0.8518 0.8203
99 0.9111 0.2422 0.8835 0.8581 0.8264
100 0.9111 0.2458 0.8832 0.8493 0.8236
101 0.9177 0.2226 0.8923 0.8564 0.8252
102 0.9215 0.2165 0.8964 0.8574 0.8298
103 0.9235 0.2060 0.8984 0.8601 0.8323
104 0.9209 0.2084 0.8945 0.8607 0.8298
105 0.9216 0.2090 0.8945 0.8625 0.8325
106 0.9242 0.2002 0.9000 0.8656 0.8379
107 0.9173 0.2201 0.8907 0.8678 0.8391
108 0.9191 0.2122 0.8932 0.8624 0.8340
109 0.9168 0.2187 0.8899 0.8619 0.8327
110 0.9206 0.2181 0.8940 0.8626 0.8315
111 0.9206 0.2149 0.8947 0.8576 0.8290
112 0.9168 0.2189 0.8905 0.8601 0.8332
113 0.9247 0.2031 0.8994 0.8619 0.8381
114 0.9232 0.1969 0.8996 0.8652 0.8374
115 0.9290 0.1859 0.9046 0.8634 0.8375
116 0.9259 0.1955 0.9002 0.8608 0.8345
117 0.9207 0.2026 0.8957 0.8603 0.8314
118 0.9215 0.2024 0.8971 0.8594 0.8290
119 0.9143 0.2244 0.8859 0.8628 0.8352
120 0.9186 0.2215 0.8939 0.8585 0.8308
121 0.9166 0.2208 0.8896 0.8675 0.8410
122 0.9229 0.2021 0.8965 0.8599 0.8293
123 0.9255 0.1997 0.9009 0.8594 0.8306
124 0.9244 0.1961 0.8987 0.8627 0.8345
125 0.9236 0.1978 0.8993 0.8652 0.8382
126 0.9269 0.1876 0.9025 0.8643 0.8352
127 0.9270 0.1873 0.9012 0.8591 0.8291
128 0.9264 0.1898 0.9034 0.8645 0.8369
129 0.9208 0.2033 0.8950 0.8590 0.8296
130 0.9194 0.2077 0.8927 0.8560 0.8234
131 0.9238 0.2014 0.8966 0.8621 0.8351
132 0.9207 0.2034 0.8940 0.8581 0.8293
133 0.9275 0.1889 0.9034 0.8621 0.8329
134 0.9280 0.1828 0.9023 0.8649 0.8339
135 0.9315 0.1784 0.9071 0.8621 0.8311
136 0.9297 0.1769 0.9062 0.8612 0.8332
137 0.9273 0.1830 0.9030 0.8621 0.8315
138 0.9309 0.1786 0.9071 0.8590 0.8298
139 0.9240 0.2026 0.9000 0.8611 0.8310
140 0.9197 0.2064 0.8938 0.8605 0.8337
141 0.9263 0.1952 0.9006 0.8576 0.8274
142 0.9293 0.1849 0.9066 0.8623 0.8334
143 0.9262 0.1860 0.9038 0.8633 0.8341
144 0.9299 0.1816 0.9064 0.8650 0.8343
145 0.9269 0.1874 0.9029 0.8667 0.8364
146 0.9328 0.1727 0.9115 0.8637 0.8337
147 0.9302 0.1763 0.9064 0.8611 0.8320
148 0.9312 0.1762 0.9080 0.8603 0.8303
149 0.9270 0.1945 0.9034 0.8652 0.8363
150 0.9212 0.2023 0.8948 0.8607 0.8298
151 0.9219 0.2176 0.8952 0.8589 0.8288
152 0.9283 0.1854 0.9033 0.8607 0.8291
153 0.9311 0.1881 0.9079 0.8598 0.8291
154 0.9271 0.1863 0.9038 0.8608 0.8308
155 0.9285 0.1818 0.9057 0.8597 0.8286
156 0.9278 0.1821 0.9048 0.8598 0.8262
157 0.9357 0.1690 0.9128 0.8604 0.8313
158 0.9306 0.1794 0.9073 0.8629 0.8334
159 0.9277 0.1922 0.9039 0.8586 0.8272
160 0.9290 0.1818 0.9061 0.8594 0.8310
161 0.9291 0.1804 0.9062 0.8591 0.8279
162 0.9341 0.1721 0.9117 0.8585 0.8280
163 0.9331 0.1708 0.9110 0.8595 0.8299
164 0.9343 0.1649 0.9134 0.8589 0.8298
165 0.9308 0.1717 0.9083 0.8599 0.8294
166 0.9328 0.1658 0.9101 0.8598 0.8300
167 0.9345 0.1683 0.9125 0.8632 0.8341
168 0.9322 0.1685 0.9107 0.8627 0.8349
169 0.9321 0.1739 0.9075 0.8624 0.8346
170 0.9317 0.1705 0.9091 0.8585 0.8305
171 0.9331 0.1679 0.9112 0.8605 0.8327
172 0.9321 0.1690 0.9105 0.8597 0.8308
173 0.9361 0.1600 0.9143 0.8642 0.8358
174 0.9356 0.1587 0.9140 0.8641 0.8344
175 0.9363 0.1586 0.9158 0.8636 0.8345
176 0.9378 0.1591 0.9169 0.8627 0.8329
177 0.9370 0.1636 0.9167 0.8576 0.8293
178 0.9352 0.1610 0.9146 0.8626 0.8327
179 0.9348 0.1621 0.9129 0.8611 0.8327
180 0.9353 0.1579 0.9141 0.8628 0.8343
181 0.9336 0.1623 0.9132 0.8630 0.8345
182 0.9399 0.1515 0.9202 0.8621 0.8326
183 0.9370 0.1634 0.9157 0.8660 0.8371
184 0.9374 0.1588 0.9160 0.8624 0.8335
185 0.9357 0.1602 0.9139 0.8643 0.8349
186 0.9372 0.1576 0.9174 0.8625 0.8344
187 0.9372 0.1574 0.9181 0.8617 0.8305
188 0.9371 0.1588 0.9173 0.8643 0.8357
189 0.9354 0.1626 0.9135 0.8619 0.8321
190 0.9359 0.1649 0.9139 0.8616 0.8333
191 0.9353 0.1576 0.9146 0.8624 0.8329
192 0.9329 0.1619 0.9119 0.8633 0.8326
193 0.9343 0.1610 0.9144 0.8612 0.8323
194 0.9350 0.1566 0.9143 0.8603 0.8306
195 0.9375 0.1548 0.9169 0.8626 0.8334
196 0.9356 0.1619 0.9165 0.8615 0.8326
197 0.9391 0.1545 0.9195 0.8618 0.8316
198 0.9416 0.1483 0.9227 0.8576 0.8266
199 0.9345 0.1601 0.9129 0.8629 0.8327
