epoch train_BCELoss train_SoftDiceLoss train_iou train_loss train_mAP val_BCELoss val_SoftDiceLoss val_iou val_loss val_mAP
0 0.3479 0.4554 0.6162 1.1602 0.5575 0.4034 0.6432 0.6559 1.2863 0.5629
1 0.2699 0.3664 0.7128 0.8864 0.6583 0.3912 0.7229 0.5010 1.4434 0.4514
2 0.2487 0.3464 0.7281 0.8239 0.6774 0.2590 0.6057 0.7434 0.8451 0.6834
3 0.2223 0.3166 0.7627 0.7264 0.7140 0.2199 0.6118 0.7335 0.7551 0.6802
4 0.1953 0.2762 0.7841 0.6537 0.7397 0.1975 0.5919 0.7733 0.6604 0.7305
5 0.1944 0.2744 0.7953 0.6241 0.7545 0.1959 0.5879 0.7778 0.6496 0.7362
6 0.1897 0.2706 0.7886 0.6297 0.7456 0.1858 0.5802 0.7783 0.6335 0.7364
7 0.1889 0.2667 0.7893 0.6355 0.7447 0.2246 0.5808 0.7791 0.7621 0.7306
8 0.1863 0.2605 0.7843 0.6458 0.7414 0.2261 0.5994 0.7514 0.7534 0.6982
9 0.2154 0.2983 0.7655 0.7231 0.7147 0.1929 0.5815 0.7706 0.6643 0.7254
10 0.1931 0.2714 0.7937 0.6380 0.7513 0.2922 0.5937 0.7631 0.9214 0.7153
11 0.1749 0.2436 0.8124 0.5836 0.7728 0.1861 0.5629 0.7618 0.7003 0.7165
12 0.1614 0.2283 0.8226 0.5391 0.7862 0.1763 0.5638 0.7981 0.5846 0.7573
13 0.1573 0.2235 0.8229 0.5349 0.7840 0.1789 0.5596 0.8132 0.5735 0.7794
14 0.1469 0.2112 0.8370 0.4918 0.7990 0.1805 0.5662 0.8046 0.5925 0.7679
15 0.1432 0.2057 0.8410 0.4701 0.8057 0.1651 0.5576 0.8166 0.5437 0.7799
16 0.1325 0.1900 0.8509 0.4518 0.8142 0.1604 0.5544 0.8227 0.5320 0.7851
17 0.1366 0.1942 0.8354 0.4790 0.7986 0.1673 0.5555 0.8075 0.5643 0.7697
18 0.1448 0.2050 0.8348 0.4945 0.7986 0.1645 0.5504 0.8155 0.5706 0.7754
19 0.1535 0.2138 0.8236 0.5277 0.7862 0.1938 0.5731 0.7977 0.6088 0.7547
20 0.1706 0.2379 0.8107 0.5787 0.7694 0.1978 0.5716 0.7862 0.6589 0.7435
21 0.1602 0.2276 0.8258 0.5374 0.7900 0.1864 0.5826 0.7752 0.6368 0.7320
22 0.1494 0.2125 0.8341 0.5045 0.7964 0.1576 0.5388 0.8160 0.5651 0.7814
23 0.1313 0.1874 0.8435 0.4564 0.8072 0.1538 0.5382 0.8134 0.5495 0.7764
24 0.1187 0.1715 0.8574 0.4122 0.8232 0.1320 0.5252 0.8307 0.4945 0.7974
25 0.1091 0.1585 0.8650 0.3920 0.8324 0.1299 0.5268 0.8317 0.4854 0.8005
26 0.1069 0.1569 0.8625 0.3919 0.8275 0.1391 0.5274 0.8220 0.5142 0.7895
27 0.1115 0.1618 0.8605 0.4021 0.8245 0.1428 0.5301 0.8348 0.5423 0.7989
28 0.1218 0.1720 0.8442 0.4488 0.8108 0.1683 0.5497 0.8199 0.6120 0.7845
29 0.1350 0.1861 0.8465 0.4656 0.8110 0.1759 0.5507 0.7978 0.6331 0.7570
30 0.1330 0.1897 0.8328 0.4786 0.7932 0.1958 0.5501 0.8218 0.6381 0.7858
31 0.1349 0.1877 0.8476 0.4581 0.8105 0.1724 0.5647 0.8109 0.5843 0.7750
32 0.1105 0.1597 0.8522 0.4140 0.8197 0.1725 0.5478 0.8216 0.5845 0.7865
33 0.1059 0.1504 0.8639 0.3875 0.8302 0.1364 0.5271 0.8333 0.5111 0.8004
34 0.0945 0.1342 0.8760 0.3523 0.8431 0.1312 0.5169 0.8297 0.5019 0.7956
35 0.0878 0.1291 0.8720 0.3401 0.8399 0.1238 0.5175 0.8401 0.4698 0.8070
36 0.0864 0.1246 0.8782 0.3360 0.8459 0.1336 0.5226 0.8407 0.4828 0.8061
37 0.0909 0.1309 0.8750 0.3483 0.8421 0.2779 0.5472 0.7675 0.9002 0.7161
38 0.1141 0.1618 0.8627 0.4029 0.8298 0.1622 0.5400 0.8328 0.5342 0.7972
39 0.1201 0.1705 0.8474 0.4405 0.8126 0.1638 0.5348 0.8154 0.6105 0.7703
40 0.1396 0.1957 0.8377 0.4870 0.8011 0.1781 0.5514 0.8074 0.6070 0.7694
41 0.1173 0.1659 0.8542 0.4273 0.8193 0.1504 0.5330 0.8152 0.5820 0.7776
42 0.1105 0.1592 0.8575 0.4050 0.8228 0.1556 0.5267 0.8172 0.5806 0.7855
43 0.0953 0.1397 0.8709 0.3634 0.8386 0.1447 0.5272 0.8379 0.4981 0.8046
44 0.0886 0.1304 0.8786 0.3423 0.8475 0.1351 0.5238 0.8429 0.4818 0.8130
45 0.0828 0.1234 0.8854 0.3108 0.8539 0.1314 0.5177 0.8445 0.4766 0.8154
46 0.0799 0.1181 0.8832 0.3117 0.8533 0.1298 0.5144 0.8464 0.4861 0.8189
47 0.0820 0.1153 0.8850 0.3164 0.8516 0.1531 0.5294 0.8300 0.5309 0.7954
48 0.0953 0.1377 0.8711 0.3668 0.8369 0.1946 0.5454 0.8032 0.6789 0.7703
49 0.1080 0.1496 0.8689 0.3873 0.8339 0.1585 0.5435 0.8333 0.5634 0.8014
50 0.1197 0.1682 0.8540 0.4280 0.8193 0.1575 0.5272 0.8146 0.5784 0.7800
51 0.1039 0.1519 0.8661 0.3866 0.8311 0.1584 0.5297 0.8173 0.6300 0.7855
52 0.0946 0.1410 0.8698 0.3600 0.8383 0.2361 0.5234 0.8140 0.7821 0.7809
53 0.0826 0.1190 0.8830 0.3260 0.8500 0.1484 0.5212 0.8380 0.5559 0.8071
54 0.0716 0.1061 0.8908 0.2931 0.8610 0.1495 0.5068 0.8433 0.5664 0.8108
55 0.0679 0.0953 0.8934 0.2873 0.8620 0.1489 0.5080 0.8440 0.5607 0.8135
56 0.0708 0.1026 0.8919 0.2936 0.8619 0.1301 0.5080 0.8448 0.4954 0.8135
57 0.0754 0.1093 0.8868 0.3079 0.8540 0.1492 0.5084 0.8431 0.5684 0.8047
58 0.0859 0.1225 0.8811 0.3282 0.8479 0.1615 0.5103 0.8293 0.6233 0.7964
59 0.0952 0.1330 0.8729 0.3600 0.8384 0.1511 0.5206 0.8254 0.5716 0.7930
60 0.1061 0.1495 0.8632 0.3963 0.8308 0.1732 0.5451 0.8335 0.5662 0.8006
61 0.1080 0.1504 0.8674 0.3978 0.8346 0.2133 0.5499 0.7776 0.7671 0.7400
62 0.0962 0.1385 0.8768 0.3546 0.8430 0.1460 0.5145 0.8295 0.5721 0.7993
63 0.0818 0.1188 0.8835 0.3212 0.8514 0.1430 0.5241 0.8404 0.5361 0.8093
64 0.0710 0.1047 0.8959 0.2853 0.8669 0.1336 0.5073 0.8483 0.5159 0.8175
65 0.0637 0.0906 0.9001 0.2654 0.8710 0.1368 0.5063 0.8489 0.5270 0.8180
66 0.0628 0.0896 0.9000 0.2679 0.8703 0.1382 0.5086 0.8461 0.5313 0.8169
67 0.0703 0.0997 0.8933 0.2861 0.8627 0.1566 0.4970 0.8479 0.6005 0.8114
68 0.0772 0.1107 0.8811 0.3207 0.8492 0.1315 0.5116 0.8376 0.5116 0.8097
69 0.0793 0.1136 0.8852 0.3229 0.8520 0.1653 0.5347 0.8015 0.6650 0.7661
70 0.1058 0.1488 0.8666 0.3902 0.8326 0.1577 0.5245 0.8125 0.6349 0.7713
71 0.1045 0.1479 0.8709 0.3844 0.8363 0.1512 0.5322 0.8330 0.5373 0.7981
72 0.0869 0.1227 0.8801 0.3349 0.8476 0.1370 0.5165 0.8401 0.5092 0.8099
73 0.0715 0.1041 0.9002 0.2824 0.8690 0.1478 0.5047 0.8402 0.5515 0.8113
74 0.0584 0.0861 0.8970 0.2621 0.8639 0.1331 0.5001 0.8571 0.5032 0.8273
75 0.0576 0.0794 0.9063 0.2492 0.8779 0.1350 0.5003 0.8563 0.5042 0.8290
76 0.0572 0.0839 0.9039 0.2515 0.8743 0.1530 0.5042 0.8548 0.5499 0.8262
77 0.0596 0.0860 0.9028 0.2552 0.8714 0.1428 0.4963 0.8545 0.5505 0.8255
78 0.0595 0.0857 0.8961 0.2727 0.8645 0.1992 0.5305 0.8304 0.6808 0.7968
79 0.0890 0.1255 0.8792 0.3446 0.8472 0.1891 0.5335 0.8152 0.6867 0.7802
80 0.0918 0.1291 0.8720 0.3617 0.8381 0.1713 0.5303 0.8250 0.5777 0.7924
81 0.0858 0.1220 0.8829 0.3312 0.8516 0.1949 0.5410 0.8090 0.6755 0.7760
82 0.0875 0.1240 0.8764 0.3465 0.8468 0.1574 0.5178 0.8429 0.5544 0.8089
83 0.0660 0.0954 0.8950 0.2760 0.8633 0.1579 0.4988 0.8456 0.5892 0.8168
84 0.0578 0.0822 0.8997 0.2571 0.8699 0.1550 0.5049 0.8455 0.5666 0.8181
85 0.0556 0.0823 0.9043 0.2434 0.8752 0.1513 0.5019 0.8505 0.5504 0.8240
86 0.0543 0.0781 0.9066 0.2411 0.8777 0.1690 0.5011 0.8486 0.6095 0.8216
87 0.0589 0.0827 0.9052 0.2510 0.8755 0.1677 0.5022 0.8429 0.6092 0.8161
88 0.0657 0.0917 0.8954 0.2814 0.8657 0.1585 0.5191 0.8456 0.5646 0.8135
89 0.0821 0.1164 0.8816 0.3282 0.8497 0.1486 0.5219 0.8234 0.5667 0.7851
90 0.0980 0.1347 0.8689 0.3691 0.8370 0.2522 0.6142 0.7222 0.8010 0.6832
91 0.0933 0.1341 0.8795 0.3467 0.8462 0.1424 0.5188 0.8475 0.5030 0.8118
92 0.0764 0.1122 0.8891 0.3004 0.8591 0.1464 0.5129 0.8549 0.5392 0.8243
93 0.0659 0.0951 0.9010 0.2688 0.8722 0.1597 0.4986 0.8450 0.5967 0.8148
94 0.0553 0.0815 0.9064 0.2480 0.8771 0.1393 0.5013 0.8525 0.5273 0.8258
95 0.0507 0.0752 0.9040 0.2369 0.8754 0.1371 0.5013 0.8543 0.5195 0.8260
96 0.0526 0.0756 0.9110 0.2323 0.8824 0.1428 0.4999 0.8564 0.5360 0.8291
97 0.0515 0.0753 0.9080 0.2361 0.8797 0.1373 0.5036 0.8582 0.4959 0.8278
98 0.0576 0.0806 0.9038 0.2567 0.8732 0.1767 0.5015 0.8458 0.6277 0.8103
99 0.0769 0.1089 0.8865 0.3119 0.8538 0.1749 0.5137 0.8313 0.6440 0.8011
100 0.0830 0.1153 0.8829 0.3262 0.8481 0.2290 0.5687 0.7915 0.8169 0.7562
101 0.0770 0.1091 0.8889 0.3123 0.8578 0.1719 0.5271 0.8016 0.6403 0.7684
102 0.0755 0.1077 0.8931 0.2955 0.8623 0.1585 0.5172 0.8349 0.5607 0.8042
103 0.0629 0.0910 0.8991 0.2648 0.8704 0.1504 0.5086 0.8458 0.5476 0.8161
104 0.0535 0.0778 0.9027 0.2427 0.8737 0.1689 0.4975 0.8483 0.6039 0.8220
105 0.0489 0.0718 0.9093 0.2264 0.8817 0.1681 0.4965 0.8473 0.6011 0.8186
106 0.0470 0.0645 0.9155 0.2176 0.8868 0.1646 0.4927 0.8538 0.5892 0.8251
107 0.0498 0.0720 0.9096 0.2297 0.8810 0.1686 0.4981 0.8534 0.5943 0.8244
108 0.0501 0.0742 0.9047 0.2409 0.8737 0.2427 0.5113 0.8347 0.8382 0.8043
109 0.0611 0.0848 0.8996 0.2662 0.8694 0.1628 0.5242 0.8377 0.5704 0.8026
110 0.0909 0.1287 0.8781 0.3449 0.8445 0.1497 0.5237 0.8301 0.5469 0.8000
111 0.0744 0.1089 0.8920 0.3036 0.8609 0.1301 0.5027 0.8441 0.5030 0.8156
112 0.0655 0.0941 0.8992 0.2707 0.8681 0.1430 0.4992 0.8426 0.5427 0.8107
113 0.0545 0.0787 0.9037 0.2452 0.8742 0.1572 0.5008 0.8480 0.5758 0.8203
114 0.0519 0.0750 0.9069 0.2339 0.8786 0.1545 0.5011 0.8561 0.5560 0.8268
115 0.0481 0.0691 0.9103 0.2214 0.8839 0.1521 0.4999 0.8583 0.5458 0.8300
116 0.0487 0.0699 0.9122 0.2217 0.8856 0.1389 0.4929 0.8528 0.5262 0.8233
117 0.0472 0.0673 0.9123 0.2193 0.8838 0.1453 0.4972 0.8567 0.5516 0.8272
118 0.0521 0.0738 0.9059 0.2390 0.8764 0.2345 0.5201 0.8205 0.7633 0.7893
119 0.0576 0.0828 0.9012 0.2582 0.8719 0.2489 0.5317 0.8056 0.7900 0.7590
120 0.0697 0.0971 0.8948 0.2879 0.8645 0.2239 0.5190 0.8249 0.7679 0.7870
121 0.0694 0.0969 0.8911 0.2906 0.8593 0.1558 0.5249 0.8431 0.5767 0.8083
122 0.0579 0.0827 0.9023 0.2566 0.8727 0.1573 0.4965 0.8510 0.5827 0.8231
123 0.0514 0.0727 0.9096 0.2345 0.8814 0.1507 0.4986 0.8579 0.5538 0.8284
124 0.0470 0.0673 0.9191 0.2084 0.8922 0.1321 0.4947 0.8543 0.5210 0.8273
125 0.0451 0.0633 0.9149 0.2153 0.8860 0.1292 0.4915 0.8600 0.5130 0.8317
126 0.0425 0.0616 0.9179 0.2039 0.8910 0.1400 0.4856 0.8554 0.5520 0.8273
127 0.0415 0.0595 0.9184 0.2045 0.8893 0.1503 0.4917 0.8572 0.5805 0.8311
128 0.0464 0.0644 0.9182 0.2150 0.8900 0.1590 0.4958 0.8529 0.5972 0.8203
129 0.0544 0.0774 0.9058 0.2433 0.8753 0.1552 0.5061 0.8392 0.5890 0.8108
130 0.0697 0.0986 0.8940 0.2864 0.8613 0.2439 0.5175 0.8200 0.8579 0.7847
131 0.0727 0.1043 0.8919 0.2995 0.8627 0.1999 0.5109 0.8275 0.7213 0.7976
132 0.0590 0.0846 0.9003 0.2621 0.8720 0.1448 0.5057 0.8364 0.5731 0.8028
133 0.0525 0.0728 0.9090 0.2361 0.8806 0.1319 0.4901 0.8551 0.5154 0.8234
134 0.0457 0.0652 0.9128 0.2168 0.8853 0.1264 0.4895 0.8586 0.5102 0.8303
135 0.0415 0.0592 0.9229 0.1986 0.8972 0.1300 0.4893 0.8588 0.5165 0.8279
136 0.0383 0.0557 0.9176 0.1970 0.8913 0.1353 0.4889 0.8567 0.5345 0.8276
137 0.0449 0.0637 0.9166 0.2066 0.8901 0.1392 0.4912 0.8595 0.5234 0.8300
138 0.0526 0.0729 0.9124 0.2298 0.8858 0.1555 0.5224 0.8381 0.6344 0.8097
139 0.0509 0.0722 0.9097 0.2364 0.8814 0.1395 0.5054 0.8437 0.5730 0.8173
140 0.0624 0.0880 0.8998 0.2718 0.8688 0.1724 0.5158 0.8212 0.6820 0.7838
141 0.0646 0.0945 0.8954 0.2795 0.8645 0.1524 0.5174 0.8394 0.5675 0.8093
142 0.0610 0.0880 0.9025 0.2617 0.8727 0.1696 0.5107 0.8444 0.5905 0.8126
143 0.0497 0.0726 0.9080 0.2305 0.8804 0.1484 0.4983 0.8552 0.5629 0.8268
144 0.0430 0.0625 0.9164 0.2074 0.8882 0.1666 0.4945 0.8551 0.5938 0.8275
145 0.0395 0.0573 0.9222 0.1908 0.8974 0.1642 0.4942 0.8553 0.5964 0.8273
146 0.0386 0.0553 0.9248 0.1875 0.8994 0.1532 0.4920 0.8575 0.5738 0.8276
147 0.0396 0.0563 0.9201 0.1985 0.8951 0.1687 0.4954 0.8494 0.6116 0.8244
148 0.0400 0.0576 0.9203 0.2007 0.8937 0.1895 0.4960 0.8554 0.6775 0.8251
149 0.0514 0.0727 0.9126 0.2278 0.8852 0.1925 0.4912 0.8463 0.6875 0.8083
150 0.0597 0.0836 0.9004 0.2627 0.8711 0.3135 0.5394 0.7593 1.0821 0.7084
151 0.0623 0.0884 0.8984 0.2742 0.8688 0.2613 0.5632 0.7863 0.8457 0.7526
152 0.0693 0.0989 0.8963 0.2794 0.8667 0.1787 0.4941 0.8463 0.6456 0.8151
153 0.0515 0.0723 0.9094 0.2330 0.8820 0.1594 0.4932 0.8466 0.5865 0.8157
154 0.0446 0.0652 0.9127 0.2116 0.8862 0.1765 0.4954 0.8496 0.6358 0.8157
155 0.0439 0.0622 0.9169 0.2089 0.8921 0.1602 0.4902 0.8552 0.5750 0.8237
156 0.0407 0.0589 0.9208 0.1974 0.8951 0.1563 0.4851 0.8583 0.5703 0.8296
157 0.0398 0.0553 0.9230 0.1927 0.8976 0.1780 0.4844 0.8539 0.6452 0.8255
158 0.0452 0.0630 0.9162 0.2120 0.8884 0.1540 0.4936 0.8380 0.6030 0.8117
159 0.0482 0.0682 0.9136 0.2246 0.8876 0.2101 0.5043 0.8352 0.7414 0.7978
160 0.0681 0.0941 0.8954 0.2889 0.8659 0.1920 0.4996 0.8404 0.6892 0.8071
161 0.0625 0.0922 0.9069 0.2570 0.8771 0.1729 0.5094 0.8416 0.6500 0.8070
162 0.0540 0.0757 0.9054 0.2363 0.8770 0.1578 0.4979 0.8565 0.5829 0.8281
163 0.0416 0.0600 0.9161 0.2061 0.8883 0.1508 0.4883 0.8566 0.5603 0.8266
164 0.0381 0.0536 0.9237 0.1860 0.8993 0.1666 0.4882 0.8578 0.6036 0.8285
165 0.0378 0.0530 0.9240 0.1857 0.8969 0.1613 0.4886 0.8590 0.5879 0.8290
166 0.0356 0.0516 0.9235 0.1833 0.8988 0.1588 0.4850 0.8592 0.5787 0.8276
167 0.0363 0.0515 0.9216 0.1913 0.8954 0.1712 0.4887 0.8591 0.6199 0.8300
168 0.0366 0.0522 0.9222 0.1889 0.8977 0.2482 0.4906 0.8422 0.8080 0.8081
169 0.0430 0.0613 0.9137 0.2153 0.8863 0.2185 0.5015 0.8417 0.7340 0.8082
170 0.0690 0.0940 0.8988 0.2780 0.8684 0.1966 0.5454 0.8003 0.6819 0.7583
171 0.0738 0.1056 0.8897 0.3046 0.8584 0.1673 0.5148 0.8346 0.6229 0.8010
172 0.0578 0.0849 0.9081 0.2433 0.8828 0.1788 0.4934 0.8452 0.6486 0.8169
173 0.0486 0.0680 0.9125 0.2212 0.8873 0.1500 0.4928 0.8506 0.5524 0.8240
174 0.0417 0.0600 0.9210 0.1978 0.8969 0.1588 0.4915 0.8536 0.5829 0.8267
175 0.0414 0.0589 0.9224 0.1950 0.8975 0.1589 0.4874 0.8563 0.5799 0.8287
176 0.0400 0.0572 0.9184 0.1939 0.8924 0.1543 0.4858 0.8583 0.5644 0.8309
177 0.0410 0.0593 0.9209 0.1932 0.8954 0.1635 0.4901 0.8548 0.6041 0.8294
178 0.0398 0.0560 0.9214 0.1931 0.8979 0.1774 0.4910 0.8523 0.6425 0.8257
179 0.0440 0.0624 0.9144 0.2137 0.8872 0.1768 0.5039 0.8366 0.6621 0.8073
180 0.0491 0.0666 0.9137 0.2270 0.8879 0.1642 0.4929 0.8421 0.6462 0.8141
181 0.0530 0.0751 0.9089 0.2388 0.8810 0.1709 0.5011 0.8530 0.6002 0.8270
182 0.0449 0.0633 0.9163 0.2122 0.8890 0.1507 0.5186 0.8332 0.5900 0.7998
183 0.0395 0.0558 0.9225 0.1913 0.8979 0.1532 0.5009 0.8574 0.5722 0.8298
184 0.0382 0.0539 0.9206 0.1916 0.8966 0.1445 0.4877 0.8612 0.5473 0.8327
185 0.0362 0.0510 0.9220 0.1815 0.8944 0.1461 0.4880 0.8675 0.5445 0.8387
186 0.0346 0.0494 0.9251 0.1788 0.9006 0.1488 0.4872 0.8650 0.5574 0.8352
187 0.0355 0.0499 0.9218 0.1841 0.8976 0.1814 0.4912 0.8554 0.6416 0.8251
188 0.0346 0.0488 0.9215 0.1850 0.8940 0.1855 0.4960 0.8543 0.6612 0.8233
189 0.0437 0.0615 0.9175 0.2079 0.8880 0.1810 0.4918 0.8470 0.6616 0.8156
190 0.0525 0.0745 0.9045 0.2473 0.8742 0.2933 0.5255 0.7901 1.0056 0.7504
191 0.0727 0.0979 0.9019 0.2776 0.8739 0.1464 0.5020 0.8453 0.5580 0.8185
192 0.0537 0.0764 0.9144 0.2300 0.8871 0.1553 0.4963 0.8438 0.6135 0.8112
193 0.0428 0.0596 0.9190 0.2017 0.8933 0.1656 0.4945 0.8491 0.6232 0.8178
194 0.0353 0.0511 0.9268 0.1779 0.9007 0.1652 0.4872 0.8537 0.6275 0.8257
195 0.0350 0.0489 0.9291 0.1743 0.9043 0.1689 0.4855 0.8553 0.6339 0.8267
196 0.0345 0.0493 0.9268 0.1776 0.9020 0.1643 0.4887 0.8543 0.6222 0.8264
197 0.0346 0.0488 0.9269 0.1788 0.9037 0.1654 0.4884 0.8476 0.6268 0.8197
198 0.0373 0.0522 0.9230 0.1879 0.8979 0.1737 0.4863 0.8495 0.6773 0.8177
199 0.0452 0.0620 0.9149 0.2173 0.8876 0.1552 0.5088 0.8372 0.6091 0.8070
200 0.0496 0.0711 0.9093 0.2334 0.8804 0.1611 0.5060 0.8433 0.6059 0.8167
201 0.0516 0.0723 0.9111 0.2267 0.8833 0.1646 0.4997 0.8406 0.6361 0.8124
202 0.0437 0.0624 0.9202 0.2008 0.8925 0.1552 0.4940 0.8450 0.6067 0.8166
203 0.0439 0.0631 0.9214 0.1991 0.8952 0.1577 0.4871 0.8524 0.5908 0.8251
204 0.0349 0.0495 0.9284 0.1747 0.9042 0.1693 0.4846 0.8518 0.6281 0.8250
205 0.0343 0.0483 0.9265 0.1762 0.9027 0.1651 0.4844 0.8483 0.6191 0.8202
206 0.0330 0.0452 0.9272 0.1743 0.9029 0.1704 0.4877 0.8536 0.6273 0.8250
207 0.0337 0.0480 0.9275 0.1728 0.9036 0.1945 0.4932 0.8523 0.7071 0.8215
208 0.0373 0.0524 0.9227 0.1870 0.8957 0.1986 0.4907 0.8494 0.7094 0.8222
209 0.0398 0.0554 0.9183 0.1972 0.8913 0.2826 0.5027 0.8200 0.9233 0.7899
210 0.0498 0.0676 0.9106 0.2306 0.8823 0.2344 0.5033 0.8358 0.8270 0.8067
211 0.0552 0.0792 0.9144 0.2341 0.8874 0.2188 0.5456 0.8108 0.7571 0.7843
212 0.0422 0.0616 0.9191 0.2034 0.8914 0.1699 0.4945 0.8506 0.6231 0.8220
213 0.0377 0.0541 0.9221 0.1908 0.8975 0.1877 0.4861 0.8549 0.6819 0.8262
214 0.0337 0.0476 0.9286 0.1701 0.9044 0.1843 0.4803 0.8562 0.6642 0.8284
215 0.0325 0.0473 0.9288 0.1669 0.9032 0.1917 0.4801 0.8609 0.6798 0.8329
216 0.0322 0.0454 0.9272 0.1690 0.9038 0.1894 0.4813 0.8595 0.6816 0.8326
217 0.0317 0.0451 0.9282 0.1647 0.9042 0.1867 0.4818 0.8525 0.6928 0.8258
218 0.0323 0.0443 0.9298 0.1717 0.9059 0.2166 0.4851 0.8498 0.7593 0.8226
219 0.0437 0.0625 0.9133 0.2148 0.8878 0.1904 0.5177 0.8272 0.7160 0.7935
220 0.0530 0.0754 0.9087 0.2395 0.8796 0.1786 0.5009 0.8377 0.6778 0.8099
221 0.0643 0.0879 0.9014 0.2690 0.8707 0.1677 0.4967 0.8371 0.6692 0.8006
222 0.0494 0.0697 0.9149 0.2241 0.8867 0.1520 0.4991 0.8533 0.5697 0.8186
223 0.0412 0.0583 0.9212 0.1952 0.8970 0.1544 0.4876 0.8563 0.5996 0.8270
224 0.0385 0.0545 0.9236 0.1867 0.8990 0.1496 0.4826 0.8573 0.5915 0.8272
225 0.0333 0.0471 0.9275 0.1718 0.9047 0.1464 0.4821 0.8600 0.5787 0.8306
226 0.0351 0.0502 0.9263 0.1788 0.9010 0.1476 0.4800 0.8561 0.5864 0.8256
227 0.0349 0.0496 0.9256 0.1758 0.9008 0.1613 0.4815 0.8589 0.6036 0.8296
228 0.0354 0.0498 0.9261 0.1783 0.9007 0.1623 0.4858 0.8405 0.6422 0.8131
229 0.0357 0.0499 0.9192 0.1920 0.8924 0.1543 0.4812 0.8517 0.6325 0.8206
230 0.0427 0.0585 0.9181 0.2034 0.8893 0.1905 0.4934 0.8526 0.6790 0.8210
231 0.0474 0.0679 0.9146 0.2166 0.8869 0.2045 0.4871 0.8434 0.7402 0.8139
232 0.0413 0.0573 0.9211 0.1986 0.8947 0.1753 0.4951 0.8520 0.6201 0.8213
233 0.0358 0.0500 0.9236 0.1825 0.8979 0.1992 0.4922 0.8522 0.7084 0.8245
234 0.0307 0.0429 0.9290 0.1668 0.9035 0.1703 0.4817 0.8578 0.6223 0.8270
235 0.0333 0.0436 0.9293 0.1710 0.9052 0.1809 0.4852 0.8524 0.6548 0.8243
236 0.0309 0.0440 0.9300 0.1626 0.9086 0.1757 0.4814 0.8554 0.6379 0.8278
237 0.0303 0.0421 0.9284 0.1654 0.9035 0.1923 0.4976 0.8628 0.6699 0.8346
238 0.0398 0.0556 0.9257 0.1891 0.9007 0.1973 0.4907 0.8482 0.7053 0.8186
239 0.0348 0.0482 0.9247 0.1796 0.9015 0.2025 0.4920 0.8568 0.7186 0.8254
240 0.0531 0.0747 0.9085 0.2355 0.8807 0.1637 0.4986 0.8555 0.5984 0.8214
241 0.0621 0.0877 0.9000 0.2689 0.8721 0.2522 0.5093 0.8139 0.8810 0.7776
242 0.0479 0.0669 0.9128 0.2205 0.8845 0.1555 0.4871 0.8567 0.5913 0.8304
243 0.0361 0.0490 0.9252 0.1808 0.9009 0.1769 0.4849 0.8571 0.6461 0.8313
244 0.0313 0.0444 0.9315 0.1649 0.9082 0.1718 0.4814 0.8604 0.6295 0.8314
245 0.0305 0.0437 0.9306 0.1596 0.9063 0.1685 0.4796 0.8615 0.6194 0.8347
246 0.0317 0.0437 0.9344 0.1541 0.9116 0.1516 0.4764 0.8619 0.5872 0.8326
247 0.0313 0.0435 0.9311 0.1642 0.9079 0.1520 0.4847 0.8526 0.6024 0.8272
248 0.0367 0.0509 0.9219 0.1863 0.8950 0.1723 0.4958 0.8423 0.6566 0.8132
249 0.0412 0.0570 0.9184 0.1979 0.8933 0.2079 0.5250 0.8347 0.7558 0.8005
