epoch train_BCELoss train_SoftDiceLoss train_iou train_loss train_mAP val_BCELoss val_SoftDiceLoss val_iou val_loss val_mAP
0 0.5046 0.6024 0.2735 1.1064 0.2137 0.3944 0.7016 0.5111 1.0955 0.4192
1 0.2754 0.2685 0.6475 0.5440 0.5786 0.2413 0.5824 0.6854 0.8241 0.6153
2 0.2042 0.1926 0.7134 0.3972 0.6546 0.1972 0.5658 0.7176 0.7635 0.6609
3 0.1748 0.1569 0.7442 0.3323 0.6917 0.2239 0.5526 0.7391 0.7773 0.6786
4 0.1564 0.1448 0.7619 0.3020 0.7088 0.2373 0.5352 0.7090 0.7732 0.6495
5 0.1439 0.1252 0.7886 0.2700 0.7442 0.1884 0.5205 0.7956 0.7098 0.7530
6 0.1106 0.1007 0.8117 0.2123 0.7728 0.2341 0.5187 0.7869 0.7537 0.7388
7 0.0919 0.0840 0.8347 0.1770 0.7953 0.2226 0.5097 0.7950 0.7334 0.7536
8 0.0727 0.0659 0.8531 0.1399 0.8187 0.1923 0.5002 0.8015 0.6937 0.7624
9 0.0643 0.0573 0.8635 0.1228 0.8310 0.2046 0.4886 0.8183 0.6945 0.7827
10 0.0548 0.0522 0.8720 0.1084 0.8408 0.2147 0.4874 0.8177 0.7034 0.7820
11 0.0573 0.0537 0.8696 0.1123 0.8395 0.2188 0.4911 0.8133 0.7112 0.7768
12 0.0559 0.0505 0.8707 0.1077 0.8393 0.2205 0.4873 0.8064 0.7091 0.7672
13 0.0625 0.0547 0.8606 0.1185 0.8281 0.2125 0.5049 0.8081 0.7186 0.7679
14 0.0790 0.0696 0.8459 0.1499 0.8105 0.2155 0.5038 0.8039 0.7205 0.7595
15 0.1179 0.1015 0.8146 0.2205 0.7730 0.1995 0.4974 0.8000 0.6981 0.7541
16 0.0855 0.0766 0.8376 0.1632 0.7998 0.2031 0.4974 0.8057 0.7018 0.7685
17 0.0676 0.0589 0.8681 0.1280 0.8366 0.2577 0.4774 0.8184 0.7364 0.7767
18 0.0597 0.0529 0.8766 0.1141 0.8475 0.2238 0.4888 0.8329 0.7139 0.7994
19 0.0479 0.0441 0.8802 0.0935 0.8528 0.1842 0.4833 0.8397 0.6689 0.8065
20 0.0401 0.0389 0.8925 0.0805 0.8664 0.1825 0.4812 0.8384 0.6651 0.8052
21 0.0422 0.0398 0.8918 0.0835 0.8668 0.2021 0.4796 0.8320 0.6831 0.7953
22 0.0430 0.0406 0.8895 0.0852 0.8617 0.1907 0.4872 0.8256 0.6794 0.7930
23 0.0488 0.0456 0.8777 0.0959 0.8496 0.2382 0.4956 0.8188 0.7352 0.7846
24 0.0514 0.0476 0.8766 0.1005 0.8452 0.2690 0.5158 0.8043 0.7859 0.7667
25 0.0630 0.0559 0.8621 0.1203 0.8291 0.2301 0.4966 0.8118 0.7280 0.7720
26 0.0562 0.0522 0.8737 0.1099 0.8424 0.2401 0.4979 0.8230 0.7394 0.7837
27 0.0448 0.0416 0.8874 0.0879 0.8595 0.2385 0.4852 0.8220 0.7251 0.7811
28 0.0390 0.0378 0.8927 0.0785 0.8674 0.2760 0.4908 0.8300 0.7682 0.7982
29 0.0345 0.0328 0.9039 0.0690 0.8793 0.2738 0.4824 0.8328 0.7577 0.8013
30 0.0300 0.0284 0.9112 0.0602 0.8884 0.2711 0.4847 0.8347 0.7574 0.8043
31 0.0289 0.0281 0.9098 0.0588 0.8874 0.2622 0.4822 0.8328 0.7458 0.8011
32 0.0288 0.0274 0.9082 0.0580 0.8853 0.2847 0.4841 0.8220 0.7703 0.7894
33 0.0316 0.0296 0.9078 0.0630 0.8837 0.2827 0.4880 0.8272 0.7721 0.7941
34 0.0318 0.0300 0.9020 0.0635 0.8776 0.2591 0.4900 0.8195 0.7504 0.7898
35 0.0448 0.0394 0.8837 0.0858 0.8562 0.1717 0.5081 0.8027 0.6810 0.7599
36 0.0540 0.0486 0.8722 0.1041 0.8426 0.2854 0.4906 0.8240 0.7774 0.7876
37 0.0407 0.0380 0.8950 0.0804 0.8692 0.2650 0.4847 0.8103 0.7513 0.7728
38 0.0366 0.0345 0.9045 0.0728 0.8802 0.2650 0.4848 0.8200 0.7515 0.7832
39 0.0304 0.0311 0.9078 0.0633 0.8864 0.2955 0.4864 0.8199 0.7834 0.7886
40 0.0265 0.0259 0.9166 0.0543 0.8970 0.2754 0.4848 0.8228 0.7618 0.7880
41 0.0255 0.0244 0.9174 0.0519 0.8982 0.2924 0.4825 0.8265 0.7765 0.7946
42 0.0256 0.0252 0.9161 0.0528 0.8956 0.3003 0.4865 0.8190 0.7882 0.7867
43 0.0396 0.0368 0.8988 0.0782 0.8721 0.2463 0.4884 0.8058 0.7364 0.7707
44 0.0435 0.0391 0.8947 0.0842 0.8693 0.2312 0.5055 0.8119 0.7382 0.7731
45 0.0527 0.0465 0.8805 0.1008 0.8510 0.2554 0.4896 0.8193 0.7464 0.7861
46 0.0560 0.0502 0.8797 0.1079 0.8516 0.2727 0.4933 0.8200 0.7676 0.7831
47 0.0460 0.0426 0.8905 0.0904 0.8659 0.2743 0.4946 0.8015 0.7705 0.7620
48 0.0275 0.0268 0.9125 0.0562 0.8916 0.2874 0.4827 0.8365 0.7716 0.8024
49 0.0220 0.0218 0.9224 0.0457 0.9044 0.2971 0.4849 0.8373 0.7835 0.8038
50 0.0213 0.0207 0.9251 0.0440 0.9089 0.2981 0.4826 0.8371 0.7822 0.8036
51 0.0207 0.0205 0.9258 0.0432 0.9085 0.3116 0.4802 0.8356 0.7932 0.8034
52 0.0231 0.0227 0.9240 0.0479 0.9053 0.2691 0.4877 0.8362 0.7584 0.8019
53 0.0282 0.0277 0.9148 0.0578 0.8943 0.2647 0.4858 0.8152 0.7520 0.7798
54 0.0377 0.0334 0.9001 0.0729 0.8764 0.2527 0.4856 0.8243 0.7396 0.7856
55 0.0578 0.0492 0.8798 0.1087 0.8502 0.2663 0.4946 0.7910 0.7623 0.7424
56 0.0626 0.0558 0.8761 0.1200 0.8485 0.2813 0.5141 0.7822 0.7968 0.7359
57 0.0436 0.0397 0.8916 0.0852 0.8663 0.1807 0.4856 0.8198 0.6678 0.7799
58 0.0287 0.0277 0.9145 0.0583 0.8951 0.2536 0.4767 0.8370 0.7319 0.8036
59 0.0228 0.0227 0.9211 0.0476 0.9032 0.2640 0.4777 0.8392 0.7434 0.8078
60 0.0198 0.0199 0.9287 0.0417 0.9123 0.2547 0.4786 0.8378 0.7350 0.8055
61 0.0202 0.0200 0.9284 0.0423 0.9120 0.2571 0.4761 0.8381 0.7348 0.8043
62 0.0194 0.0189 0.9303 0.0405 0.9144 0.2689 0.4790 0.8401 0.7495 0.8073
63 0.0316 0.0268 0.9138 0.0605 0.8944 0.2175 0.4815 0.8358 0.7006 0.8024
64 0.0314 0.0284 0.9127 0.0617 0.8917 0.2890 0.4761 0.8330 0.7665 0.7963
65 0.0530 0.0461 0.8865 0.1009 0.8588 0.2589 0.4982 0.8266 0.7586 0.7843
66 0.0409 0.0372 0.8948 0.0798 0.8700 0.1930 0.4900 0.8313 0.6845 0.7959
67 0.0349 0.0324 0.9068 0.0692 0.8841 0.2514 0.4781 0.8234 0.7312 0.7862
68 0.0224 0.0219 0.9251 0.0464 0.9062 0.2280 0.4761 0.8342 0.7057 0.7995
69 0.0198 0.0189 0.9314 0.0409 0.9159 0.2125 0.4766 0.8336 0.6909 0.7993
70 0.0178 0.0183 0.9334 0.0384 0.9188 0.2192 0.4761 0.8389 0.6970 0.8044
71 0.0174 0.0175 0.9346 0.0370 0.9205 0.2301 0.4741 0.8378 0.7059 0.8038
72 0.0177 0.0175 0.9304 0.0374 0.9157 0.2640 0.4785 0.8382 0.7441 0.8054
73 0.0210 0.0198 0.9312 0.0430 0.9153 0.2728 0.4850 0.8288 0.7595 0.7950
74 0.0436 0.0379 0.8964 0.0834 0.8734 0.4155 0.4929 0.8239 0.9100 0.7915
75 0.0504 0.0428 0.8888 0.0950 0.8610 0.3098 0.4834 0.8354 0.7946 0.7990
76 0.0470 0.0423 0.8940 0.0911 0.8681 0.2419 0.4853 0.8260 0.7289 0.7925
77 0.0292 0.0278 0.9161 0.0591 0.8951 0.2505 0.4783 0.8384 0.7305 0.8067
78 0.0203 0.0200 0.9282 0.0426 0.9130 0.2549 0.4695 0.8487 0.7260 0.8191
79 0.0185 0.0189 0.9349 0.0397 0.9212 0.2746 0.4747 0.8480 0.7512 0.8162
80 0.0162 0.0163 0.9380 0.0348 0.9235 0.2742 0.4717 0.8468 0.7477 0.8138
81 0.0166 0.0170 0.9354 0.0359 0.9222 0.2754 0.4734 0.8439 0.7507 0.8123
82 0.0178 0.0176 0.9319 0.0377 0.9186 0.2539 0.4714 0.8449 0.7271 0.8115
83 0.0169 0.0174 0.9332 0.0366 0.9189 0.2796 0.4713 0.8412 0.7524 0.8090
84 0.0170 0.0168 0.9326 0.0361 0.9185 0.2936 0.4717 0.8474 0.7666 0.8162
85 0.0463 0.0404 0.8906 0.0887 0.8674 0.2907 0.4931 0.7861 0.7855 0.7423
86 0.0473 0.0430 0.8900 0.0922 0.8647 0.2850 0.4882 0.8130 0.7749 0.7736
87 0.0301 0.0286 0.9144 0.0608 0.8948 0.3116 0.4795 0.8365 0.7928 0.8053
88 0.0196 0.0198 0.9279 0.0416 0.9124 0.3045 0.4817 0.8375 0.7878 0.8050
89 0.0163 0.0167 0.9353 0.0353 0.9221 0.3328 0.4815 0.8363 0.8158 0.8047
90 0.0154 0.0159 0.9393 0.0336 0.9265 0.3248 0.4803 0.8402 0.8067 0.8084
91 0.0174 0.0166 0.9375 0.0364 0.9234 0.2875 0.4818 0.8352 0.7709 0.8034
92 0.0150 0.0153 0.9400 0.0328 0.9268 0.3151 0.4806 0.8370 0.7972 0.8041
93 0.0257 0.0225 0.9276 0.0504 0.9117 0.2950 0.4815 0.8273 0.7781 0.7892
94 0.0229 0.0218 0.9268 0.0469 0.9097 0.2692 0.4764 0.8375 0.7471 0.8019
95 0.0212 0.0207 0.9241 0.0441 0.9062 0.2728 0.4867 0.8296 0.7610 0.7939
96 0.0187 0.0185 0.9289 0.0394 0.9123 0.2971 0.4773 0.8358 0.7760 0.8011
97 0.0170 0.0168 0.9336 0.0362 0.9191 0.3085 0.4794 0.8329 0.7895 0.8001
98 0.0193 0.0173 0.9399 0.0391 0.9268 0.2950 0.4813 0.8422 0.7780 0.8072
99 0.0145 0.0151 0.9418 0.0322 0.9294 0.3158 0.4767 0.8421 0.7939 0.8097
