epoch train_iou train_loss train_mAP val_iou val_mAP
0 0.6135 1.1789 0.5397 0.7056 0.6261
1 0.7244 0.8911 0.6577 0.7465 0.6868
2 0.7454 0.8061 0.6861 0.7827 0.7351
3 0.7722 0.7287 0.7164 0.7859 0.7296
4 0.7819 0.7001 0.7295 0.7834 0.7355
5 0.7920 0.6690 0.7416 0.7928 0.7452
6 0.7900 0.6609 0.7387 0.8107 0.7636
7 0.7891 0.6725 0.7388 0.7855 0.7405
8 0.7804 0.6941 0.7323 0.8050 0.7618
9 0.7752 0.7189 0.7258 0.7836 0.7410
10 0.7855 0.6940 0.7386 0.7694 0.7053
11 0.7959 0.6469 0.7469 0.7984 0.7625
12 0.8130 0.5969 0.7713 0.8206 0.7766
13 0.8177 0.5822 0.7788 0.8225 0.7846
14 0.8236 0.5489 0.7822 0.8229 0.7874
15 0.8318 0.5253 0.7928 0.8223 0.7877
16 0.8326 0.5196 0.7922 0.8279 0.7913
17 0.8274 0.5439 0.7869 0.8072 0.7656
18 0.8218 0.5582 0.7795 0.8216 0.7826
19 0.8172 0.5819 0.7726 0.8087 0.7694
20 0.8131 0.5968 0.7709 0.8089 0.7657
21 0.8232 0.5617 0.7812 0.8263 0.7892
22 0.8357 0.5191 0.7966 0.8240 0.7832
23 0.8455 0.4851 0.8082 0.8298 0.7970
24 0.8544 0.4582 0.8186 0.8431 0.8059
25 0.8551 0.4444 0.8134 0.8405 0.8040
26 0.8554 0.4508 0.8169 0.8409 0.8077
27 0.8469 0.4800 0.8062 0.8340 0.8046
28 0.8459 0.4916 0.8079 0.8202 0.7849
29 0.8332 0.5130 0.7913 0.8292 0.7984
30 0.8366 0.5230 0.7982 0.8102 0.7703
31 0.8463 0.4924 0.8093 0.8270 0.7935
32 0.8496 0.4804 0.8107 0.8369 0.8022
33 0.8525 0.4586 0.8117 0.8424 0.8067
34 0.8618 0.4287 0.8250 0.8478 0.8130
35 0.8715 0.3998 0.8354 0.8417 0.8079
36 0.8656 0.4040 0.8311 0.8446 0.8130
37 0.8658 0.4251 0.8290 0.8353 0.8035
38 0.8558 0.4573 0.8193 0.8393 0.7977
39 0.8472 0.4827 0.8085 0.8305 0.7960
40 0.8444 0.5078 0.8092 0.8296 0.7910
41 0.8502 0.4786 0.8140 0.8236 0.7894
42 0.8587 0.4434 0.8230 0.8331 0.8008
43 0.8673 0.4163 0.8327 0.8393 0.8052
44 0.8737 0.3780 0.8381 0.8426 0.8103
45 0.8802 0.3597 0.8456 0.8469 0.8127
46 0.8781 0.3653 0.8436 0.8434 0.8089
47 0.8721 0.3929 0.8384 0.8418 0.8078
48 0.8709 0.4002 0.8323 0.8268 0.7954
49 0.8616 0.4392 0.8242 0.8378 0.7998
50 0.8489 0.4833 0.8097 0.8028 0.7650
51 0.8526 0.4651 0.8160 0.8306 0.7906
52 0.8600 0.4344 0.8253 0.8410 0.8089
53 0.8773 0.3879 0.8419 0.8475 0.8143
54 0.8781 0.3724 0.8444 0.8529 0.8206
55 0.8808 0.3509 0.8472 0.8504 0.8159
56 0.8775 0.3631 0.8443 0.8477 0.8144
57 0.8832 0.3555 0.8478 0.8499 0.8160
58 0.8732 0.3838 0.8393 0.8408 0.8087
59 0.8638 0.4338 0.8288 0.8264 0.7927
60 0.8529 0.4662 0.8166 0.8485 0.8149
61 0.8555 0.4466 0.8197 0.8397 0.7999
62 0.8637 0.4224 0.8299 0.8441 0.8113
63 0.8796 0.3758 0.8455 0.8529 0.8184
64 0.8848 0.3362 0.8509 0.8594 0.8269
65 0.8915 0.3146 0.8591 0.8610 0.8287
66 0.8859 0.3368 0.8509 0.8596 0.8255
67 0.8920 0.3293 0.8590 0.8555 0.8230
68 0.8830 0.3633 0.8507 0.8497 0.8153
69 0.8759 0.3764 0.8400 0.8473 0.8102
70 0.8647 0.4191 0.8286 0.8288 0.7865
71 0.8721 0.4023 0.8357 0.8353 0.8034
72 0.8757 0.3734 0.8418 0.8505 0.8195
73 0.8854 0.3486 0.8528 0.8531 0.8224
74 0.8932 0.3197 0.8628 0.8538 0.8233
75 0.8936 0.3080 0.8613 0.8527 0.8208
76 0.8965 0.2958 0.8646 0.8517 0.8228
77 0.8960 0.3108 0.8649 0.8485 0.8188
78 0.8897 0.3314 0.8572 0.8487 0.8184
79 0.8711 0.3941 0.8362 0.8456 0.8149
80 0.8720 0.3919 0.8350 0.8391 0.8024
81 0.8783 0.3748 0.8460 0.8494 0.8167
82 0.8818 0.3516 0.8484 0.8419 0.8075
83 0.8913 0.3174 0.8589 0.8523 0.8233
84 0.8990 0.2959 0.8672 0.8536 0.8214
85 0.9033 0.2761 0.8703 0.8539 0.8216
86 0.8941 0.2936 0.8627 0.8511 0.8200
87 0.9028 0.2819 0.8724 0.8523 0.8221
88 0.8933 0.3127 0.8595 0.8535 0.8219
89 0.8860 0.3347 0.8523 0.8478 0.8172
90 0.8770 0.3742 0.8430 0.8482 0.8145
91 0.8796 0.3646 0.8452 0.8405 0.8053
92 0.8902 0.3373 0.8573 0.8509 0.8167
93 0.8938 0.3106 0.8614 0.8551 0.8212
94 0.9001 0.2886 0.8667 0.8582 0.8292
95 0.9016 0.2782 0.8707 0.8590 0.8306
96 0.9044 0.2726 0.8731 0.8582 0.8290
97 0.8980 0.2962 0.8675 0.8549 0.8228
98 0.8943 0.2951 0.8634 0.8541 0.8228
99 0.8834 0.3417 0.8484 0.8376 0.8026
100 0.8969 0.2987 0.8651 0.8525 0.8198
101 0.8997 0.2813 0.8688 0.8603 0.8298
102 0.9077 0.2608 0.8775 0.8592 0.8249
103 0.9066 0.2574 0.8757 0.8549 0.8212
104 0.9079 0.2517 0.8769 0.8558 0.8239
105 0.9112 0.2448 0.8817 0.8554 0.8227
106 0.9107 0.2458 0.8814 0.8543 0.8246
107 0.9103 0.2416 0.8793 0.8563 0.8239
108 0.9092 0.2451 0.8788 0.8556 0.8225
109 0.9084 0.2495 0.8768 0.8558 0.8245
110 0.9054 0.2592 0.8748 0.8383 0.8014
111 0.8994 0.2863 0.8693 0.8491 0.8166
112 0.9008 0.2824 0.8714 0.8487 0.8167
113 0.9092 0.2479 0.8773 0.8488 0.8156
114 0.9117 0.2454 0.8818 0.8530 0.8219
115 0.9109 0.2419 0.8802 0.8547 0.8237
116 0.9156 0.2349 0.8882 0.8543 0.8226
117 0.9157 0.2279 0.8862 0.8588 0.8284
118 0.9098 0.2425 0.8812 0.8555 0.8250
119 0.9107 0.2406 0.8793 0.8546 0.8230
120 0.9058 0.2641 0.8765 0.8522 0.8197
121 0.9082 0.2556 0.8789 0.8601 0.8279
122 0.9076 0.2539 0.8770 0.8518 0.8210
123 0.9105 0.2469 0.8815 0.8603 0.8315
124 0.9089 0.2425 0.8808 0.8574 0.8242
125 0.9216 0.2185 0.8933 0.8569 0.8264
126 0.9121 0.2311 0.8837 0.8601 0.8305
127 0.9148 0.2265 0.8868 0.8555 0.8238
128 0.9157 0.2349 0.8880 0.8598 0.8260
129 0.9157 0.2301 0.8855 0.8495 0.8144
130 0.9113 0.2524 0.8804 0.8528 0.8231
131 0.9028 0.2744 0.8714 0.8527 0.8180
132 0.9119 0.2385 0.8817 0.8594 0.8284
133 0.9114 0.2411 0.8814 0.8608 0.8304
134 0.9144 0.2288 0.8872 0.8645 0.8346
135 0.9197 0.2147 0.8919 0.8650 0.8347
136 0.9192 0.2157 0.8916 0.8611 0.8304
137 0.9154 0.2236 0.8877 0.8627 0.8345
138 0.9144 0.2285 0.8862 0.8628 0.8325
139 0.9123 0.2485 0.8832 0.8622 0.8303
140 0.9116 0.2339 0.8818 0.8603 0.8261
141 0.9125 0.2485 0.8838 0.8514 0.8234
142 0.9168 0.2336 0.8890 0.8546 0.8233
143 0.9184 0.2159 0.8892 0.8614 0.8344
144 0.9199 0.2117 0.8927 0.8620 0.8326
145 0.9186 0.2072 0.8899 0.8632 0.8347
146 0.9223 0.2039 0.8968 0.8610 0.8317
147 0.9186 0.2146 0.8906 0.8617 0.8327
148 0.9144 0.2197 0.8871 0.8531 0.8248
149 0.9184 0.2198 0.8910 0.8578 0.8294
150 0.9096 0.2643 0.8803 0.8482 0.8197
151 0.9103 0.2518 0.8817 0.8532 0.8258
152 0.9171 0.2316 0.8885 0.8587 0.8328
153 0.9185 0.2231 0.8912 0.8634 0.8341
154 0.9179 0.2214 0.8904 0.8601 0.8339
155 0.9180 0.2135 0.8932 0.8619 0.8352
156 0.9204 0.2075 0.8923 0.8588 0.8326
157 0.9217 0.2135 0.8944 0.8604 0.8347
158 0.9171 0.2221 0.8890 0.8572 0.8273
159 0.9157 0.2289 0.8887 0.8578 0.8293
160 0.9173 0.2185 0.8897 0.8581 0.8306
161 0.9201 0.2146 0.8927 0.8612 0.8341
162 0.9226 0.2068 0.8957 0.8602 0.8338
163 0.9204 0.2050 0.8942 0.8617 0.8343
164 0.9256 0.1955 0.9002 0.8591 0.8311
165 0.9189 0.2062 0.8915 0.8611 0.8335
166 0.9237 0.1965 0.8972 0.8599 0.8320
167 0.9235 0.1957 0.8980 0.8635 0.8374
168 0.9202 0.2031 0.8935 0.8641 0.8380
169 0.9259 0.1939 0.8985 0.8632 0.8362
170 0.9262 0.1900 0.8988 0.8610 0.8329
171 0.9187 0.2032 0.8916 0.8621 0.8340
172 0.9240 0.1947 0.8978 0.8580 0.8292
173 0.9269 0.1852 0.9017 0.8596 0.8315
174 0.9252 0.1898 0.8989 0.8641 0.8346
175 0.9240 0.1956 0.8975 0.8621 0.8335
176 0.9239 0.1951 0.8985 0.8628 0.8345
177 0.9224 0.1989 0.8953 0.8630 0.8347
178 0.9266 0.1901 0.9010 0.8635 0.8356
179 0.9239 0.1947 0.8978 0.8651 0.8358
180 0.9278 0.1889 0.9034 0.8666 0.8383
181 0.9272 0.1860 0.9026 0.8665 0.8387
182 0.9217 0.1988 0.8944 0.8657 0.8374
183 0.9302 0.1820 0.9067 0.8642 0.8359
184 0.9278 0.1849 0.9016 0.8640 0.8380
185 0.9271 0.1834 0.9020 0.8654 0.8373
186 0.9258 0.1863 0.8981 0.8646 0.8375
187 0.9248 0.1933 0.9019 0.8654 0.8377
188 0.9273 0.1857 0.9021 0.8602 0.8317
189 0.9285 0.1879 0.9019 0.8631 0.8358
190 0.9247 0.1875 0.8986 0.8626 0.8347
191 0.9227 0.1923 0.8979 0.8597 0.8305
192 0.9237 0.1940 0.8978 0.8608 0.8343
193 0.9306 0.1806 0.9059 0.8571 0.8306
194 0.9296 0.1803 0.9057 0.8606 0.8322
195 0.9293 0.1786 0.9050 0.8599 0.8304
196 0.9266 0.1845 0.9019 0.8609 0.8314
197 0.9261 0.1857 0.9005 0.8637 0.8347
198 0.9228 0.1948 0.8974 0.8612 0.8311
199 0.9261 0.1909 0.8998 0.8609 0.8319
