epoch train_BCELoss train_SoftDiceLoss train_iou train_loss train_mAP val_BCELoss val_SoftDiceLoss val_iou val_loss val_mAP
0 0.3519 0.4611 0.6181 1.1706 0.5621 0.2878 0.6313 0.6783 1.0594 0.6168
1 0.2737 0.3780 0.6986 0.9094 0.6421 0.2787 0.6434 0.7000 0.8729 0.6424
2 0.2353 0.3292 0.7372 0.7832 0.6848 0.2260 0.6163 0.7413 0.7409 0.6980
3 0.2182 0.3059 0.7538 0.7295 0.7056 0.2189 0.5961 0.7663 0.7425 0.7125
4 0.1961 0.2768 0.7758 0.6663 0.7273 0.1973 0.5922 0.7750 0.6788 0.7313
5 0.1852 0.2710 0.7755 0.6387 0.7270 0.1859 0.5841 0.7816 0.6567 0.7416
6 0.1898 0.2697 0.7850 0.6390 0.7387 0.1940 0.5840 0.7829 0.6735 0.7389
7 0.1909 0.2688 0.7900 0.6434 0.7451 0.2109 0.5870 0.7784 0.7062 0.7393
8 0.1952 0.2705 0.7779 0.6659 0.7327 0.2097 0.6009 0.7486 0.7025 0.6942
9 0.1912 0.2667 0.7876 0.6434 0.7432 0.1847 0.5795 0.7586 0.6930 0.7161
10 0.1969 0.2704 0.7822 0.6596 0.7382 0.2185 0.5878 0.7806 0.6991 0.7412
11 0.1809 0.2570 0.7987 0.6056 0.7582 0.2991 0.6276 0.6478 1.0831 0.5655
12 0.1588 0.2263 0.8160 0.5470 0.7756 0.1731 0.5637 0.8047 0.6272 0.7696
13 0.1525 0.2165 0.8254 0.5243 0.7845 0.1547 0.5539 0.8146 0.5429 0.7855
14 0.1409 0.2025 0.8353 0.4927 0.7957 0.1431 0.5413 0.8230 0.5183 0.7917
15 0.1346 0.2017 0.8378 0.4623 0.7996 0.1432 0.5418 0.8233 0.5204 0.7941
16 0.1275 0.1866 0.8425 0.4561 0.8029 0.1432 0.5381 0.8259 0.5328 0.7944
17 0.1361 0.1897 0.8388 0.4781 0.7976 0.1489 0.5316 0.8237 0.5913 0.7886
18 0.1396 0.1988 0.8297 0.5018 0.7913 0.1958 0.5644 0.7922 0.6266 0.7607
19 0.1518 0.2145 0.8228 0.5297 0.7812 0.2113 0.5796 0.7532 0.7198 0.7032
20 0.1586 0.2226 0.8116 0.5505 0.7720 0.1659 0.5434 0.7901 0.6576 0.7495
21 0.1574 0.2206 0.8204 0.5417 0.7833 0.1393 0.5346 0.8249 0.5437 0.7978
22 0.1371 0.1933 0.8388 0.4741 0.8026 0.1453 0.5321 0.8136 0.5641 0.7791
23 0.1259 0.1812 0.8491 0.4385 0.8135 0.1446 0.5160 0.8260 0.5748 0.7947
24 0.1119 0.1650 0.8550 0.4152 0.8207 0.1394 0.5193 0.8386 0.5217 0.8072
25 0.1060 0.1492 0.8669 0.3946 0.8295 0.1364 0.5213 0.8408 0.5078 0.8109
26 0.1075 0.1565 0.8649 0.3922 0.8291 0.1301 0.5225 0.8339 0.5090 0.8048
27 0.1085 0.1579 0.8600 0.3968 0.8259 0.1516 0.5205 0.8334 0.5574 0.8052
28 0.1257 0.1795 0.8409 0.4555 0.8051 0.1415 0.5359 0.8387 0.4984 0.8088
29 0.1279 0.1789 0.8468 0.4576 0.8071 0.1623 0.5522 0.8065 0.5742 0.7697
30 0.1543 0.2138 0.8284 0.5249 0.7913 0.1971 0.5664 0.7921 0.6598 0.7475
31 0.1418 0.2003 0.8350 0.4906 0.7984 0.2136 0.5674 0.7790 0.7538 0.7373
32 0.1239 0.1781 0.8464 0.4445 0.8096 0.1560 0.5344 0.8201 0.5737 0.7942
33 0.1147 0.1658 0.8580 0.4097 0.8227 0.1428 0.5215 0.8383 0.5223 0.8127
34 0.1023 0.1491 0.8690 0.3727 0.8363 0.1439 0.5110 0.8432 0.5362 0.8153
35 0.0942 0.1338 0.8793 0.3550 0.8453 0.1413 0.5127 0.8455 0.5208 0.8188
36 0.0920 0.1324 0.8772 0.3430 0.8443 0.1404 0.5126 0.8392 0.5306 0.8136
37 0.0931 0.1345 0.8745 0.3529 0.8412 0.1529 0.5087 0.8401 0.5610 0.8142
38 0.1160 0.1624 0.8644 0.4086 0.8298 0.1327 0.5259 0.8376 0.5123 0.8056
39 0.1191 0.1686 0.8573 0.4178 0.8223 0.1729 0.5419 0.8167 0.5893 0.7859
40 0.1271 0.1791 0.8442 0.4578 0.8090 0.1594 0.5390 0.8027 0.6457 0.7700
41 0.1286 0.1850 0.8468 0.4549 0.8090 0.1673 0.5292 0.8166 0.6102 0.7875
42 0.1128 0.1618 0.8563 0.4132 0.8212 0.1381 0.5245 0.8312 0.5319 0.8040
43 0.1018 0.1485 0.8651 0.3760 0.8320 0.1368 0.5160 0.8445 0.5712 0.8186
44 0.0899 0.1301 0.8767 0.3447 0.8430 0.1214 0.5064 0.8506 0.4761 0.8254
45 0.0819 0.1200 0.8825 0.3200 0.8519 0.1230 0.5049 0.8520 0.4786 0.8260
46 0.0811 0.1181 0.8831 0.3168 0.8524 0.1266 0.5080 0.8502 0.4942 0.8242
47 0.0788 0.1141 0.8806 0.3193 0.8451 0.1239 0.5033 0.8461 0.5022 0.8192
48 0.0926 0.1307 0.8755 0.3518 0.8409 0.1426 0.5127 0.8421 0.5393 0.8114
49 0.1000 0.1473 0.8672 0.3785 0.8330 0.1569 0.5271 0.8303 0.5561 0.7957
50 0.1188 0.1709 0.8529 0.4341 0.8165 0.1563 0.5278 0.8346 0.5665 0.8040
51 0.1173 0.1681 0.8562 0.4168 0.8194 0.1423 0.5366 0.8284 0.5486 0.8006
52 0.1030 0.1492 0.8676 0.3793 0.8350 0.1301 0.5196 0.8465 0.4972 0.8202
53 0.0936 0.1374 0.8757 0.3556 0.8440 0.1490 0.5133 0.8392 0.5316 0.8094
54 0.0816 0.1196 0.8818 0.3197 0.8489 0.1432 0.5043 0.8537 0.5375 0.8267
55 0.0728 0.1080 0.8883 0.2960 0.8549 0.1371 0.4997 0.8540 0.5205 0.8266
56 0.0727 0.1060 0.8944 0.2918 0.8612 0.1296 0.4967 0.8533 0.5152 0.8261
57 0.0778 0.1125 0.8862 0.3138 0.8553 0.1518 0.5181 0.8328 0.5905 0.8048
58 0.0791 0.1117 0.8834 0.3169 0.8489 0.1420 0.5028 0.8529 0.5340 0.8256
59 0.1035 0.1430 0.8752 0.3743 0.8416 0.1527 0.5219 0.8341 0.5419 0.8040
60 0.1073 0.1516 0.8561 0.4032 0.8220 0.1638 0.5205 0.8377 0.5988 0.8038
61 0.1040 0.1438 0.8661 0.3879 0.8342 0.1606 0.5350 0.8281 0.5779 0.7957
62 0.0923 0.1325 0.8783 0.3435 0.8459 0.1517 0.5222 0.8352 0.5667 0.8079
63 0.0813 0.1176 0.8850 0.3210 0.8515 0.1229 0.5065 0.8615 0.4718 0.8341
64 0.0693 0.1021 0.8928 0.2881 0.8618 0.1270 0.5006 0.8629 0.4846 0.8368
65 0.0637 0.0948 0.8998 0.2630 0.8673 0.1257 0.4971 0.8645 0.4830 0.8389
66 0.0625 0.0902 0.8957 0.2720 0.8654 0.1217 0.4959 0.8516 0.5031 0.8238
67 0.0672 0.0957 0.8951 0.2796 0.8640 0.1646 0.4995 0.8444 0.6000 0.8153
68 0.0692 0.1001 0.8938 0.2880 0.8617 0.1274 0.5034 0.8545 0.5001 0.8261
69 0.0875 0.1231 0.8840 0.3331 0.8522 0.1466 0.5244 0.8397 0.5412 0.8155
70 0.0962 0.1343 0.8676 0.3667 0.8336 0.1451 0.5179 0.8377 0.5742 0.8053
71 0.0988 0.1411 0.8707 0.3715 0.8353 0.1503 0.5341 0.8300 0.5433 0.7996
72 0.0882 0.1258 0.8802 0.3367 0.8472 0.1542 0.5110 0.8469 0.5411 0.8192
73 0.0766 0.1090 0.8912 0.3036 0.8593 0.1154 0.4968 0.8614 0.4660 0.8308
74 0.0682 0.0979 0.8992 0.2751 0.8691 0.1178 0.4893 0.8632 0.4728 0.8377
75 0.0619 0.0907 0.8963 0.2637 0.8674 0.1186 0.4897 0.8651 0.4759 0.8399
76 0.0572 0.0842 0.9031 0.2532 0.8746 0.1370 0.4882 0.8627 0.5258 0.8374
77 0.0603 0.0881 0.9000 0.2594 0.8687 0.1333 0.4892 0.8588 0.5248 0.8314
78 0.0725 0.1041 0.8911 0.2976 0.8579 0.1379 0.5001 0.8414 0.5633 0.8115
79 0.0799 0.1098 0.8850 0.3198 0.8501 0.1591 0.5019 0.8516 0.5791 0.8224
80 0.1005 0.1400 0.8734 0.3659 0.8399 0.1922 0.5253 0.8110 0.7029 0.7671
81 0.0997 0.1428 0.8707 0.3739 0.8367 0.1593 0.5043 0.8424 0.5958 0.8095
82 0.0784 0.1101 0.8845 0.3148 0.8536 0.1363 0.5103 0.8446 0.5436 0.8190
83 0.0721 0.1030 0.8961 0.2903 0.8656 0.1390 0.4903 0.8493 0.5398 0.8233
84 0.0571 0.0852 0.9016 0.2535 0.8711 0.1320 0.4832 0.8542 0.5327 0.8280
85 0.0521 0.0748 0.9045 0.2408 0.8735 0.1345 0.4852 0.8580 0.5343 0.8340
86 0.0526 0.0742 0.9026 0.2447 0.8712 0.1286 0.4893 0.8618 0.5094 0.8368
87 0.0583 0.0822 0.9024 0.2517 0.8723 0.1454 0.4892 0.8501 0.5648 0.8248
88 0.0643 0.0921 0.8950 0.2752 0.8640 0.1820 0.4938 0.8460 0.6805 0.8165
89 0.0894 0.1276 0.8799 0.3430 0.8466 0.1642 0.5132 0.8247 0.5889 0.7956
90 0.0948 0.1354 0.8776 0.3519 0.8427 0.1400 0.5130 0.8359 0.5696 0.8118
91 0.0852 0.1210 0.8846 0.3285 0.8522 0.1512 0.5187 0.8459 0.5556 0.8167
92 0.0759 0.1100 0.8922 0.2959 0.8619 0.1529 0.4933 0.8592 0.5844 0.8320
93 0.0588 0.0851 0.9012 0.2639 0.8721 0.1340 0.4916 0.8631 0.5159 0.8399
94 0.0518 0.0758 0.9062 0.2371 0.8789 0.1356 0.4858 0.8687 0.5275 0.8440
95 0.0465 0.0686 0.9086 0.2256 0.8790 0.1358 0.4849 0.8677 0.5292 0.8416
96 0.0503 0.0719 0.9032 0.2385 0.8728 0.1453 0.4852 0.8648 0.5486 0.8400
97 0.0519 0.0744 0.9085 0.2353 0.8775 0.1423 0.4903 0.8594 0.5595 0.8315
98 0.0534 0.0764 0.9050 0.2454 0.8772 0.1304 0.4971 0.8601 0.5127 0.8323
99 0.0605 0.0860 0.8922 0.2739 0.8615 0.1830 0.4973 0.8512 0.6608 0.8231
100 0.0698 0.0988 0.8931 0.2916 0.8613 0.1433 0.5061 0.8376 0.5662 0.8108
101 0.0709 0.0999 0.8943 0.2870 0.8622 0.1320 0.4966 0.8566 0.5201 0.8286
102 0.0622 0.0898 0.8976 0.2715 0.8699 0.1285 0.4960 0.8480 0.5400 0.8228
103 0.0530 0.0767 0.9048 0.2434 0.8748 0.1520 0.4856 0.8538 0.5843 0.8273
104 0.0515 0.0734 0.9104 0.2296 0.8809 0.1150 0.4815 0.8691 0.4792 0.8411
105 0.0461 0.0678 0.9143 0.2108 0.8860 0.1172 0.4803 0.8701 0.4819 0.8445
106 0.0448 0.0632 0.9114 0.2169 0.8829 0.1197 0.4850 0.8681 0.4827 0.8422
107 0.0471 0.0680 0.9106 0.2289 0.8802 0.1388 0.4867 0.8590 0.5560 0.8340
108 0.0487 0.0703 0.9063 0.2375 0.8767 0.1396 0.4923 0.8594 0.5383 0.8332
109 0.0719 0.0992 0.9013 0.2793 0.8713 0.1246 0.5063 0.8537 0.5097 0.8239
110 0.0735 0.1061 0.8886 0.3040 0.8539 0.1423 0.5073 0.8291 0.5785 0.7966
111 0.0864 0.1181 0.8882 0.3268 0.8597 0.1385 0.5194 0.8449 0.5298 0.8139
112 0.0687 0.0978 0.8973 0.2764 0.8687 0.1282 0.4895 0.8526 0.5161 0.8256
113 0.0552 0.0833 0.9066 0.2453 0.8776 0.1244 0.4881 0.8662 0.5060 0.8404
114 0.0499 0.0724 0.9119 0.2238 0.8838 0.1349 0.4803 0.8658 0.5312 0.8400
115 0.0436 0.0642 0.9196 0.2054 0.8920 0.1311 0.4795 0.8664 0.5218 0.8417
116 0.0456 0.0645 0.9134 0.2143 0.8857 0.1421 0.4803 0.8621 0.5558 0.8393
117 0.0475 0.0662 0.9135 0.2164 0.8868 0.1456 0.4809 0.8608 0.5715 0.8367
118 0.0548 0.0785 0.9083 0.2399 0.8785 0.1308 0.4847 0.8587 0.5362 0.8321
119 0.0666 0.0930 0.8999 0.2785 0.8688 0.1869 0.5353 0.8103 0.6712 0.7773
120 0.0716 0.1011 0.8861 0.3076 0.8543 0.1501 0.5216 0.8326 0.5527 0.8063
121 0.0727 0.1048 0.8936 0.2927 0.8615 0.1492 0.5016 0.8519 0.5817 0.8264
122 0.0589 0.0830 0.9001 0.2608 0.8700 0.1441 0.4931 0.8522 0.5692 0.8233
123 0.0529 0.0761 0.9082 0.2358 0.8786 0.1402 0.4916 0.8522 0.5517 0.8266
124 0.0481 0.0685 0.9159 0.2168 0.8875 0.1422 0.4855 0.8584 0.5628 0.8341
125 0.0430 0.0635 0.9152 0.2068 0.8866 0.1395 0.4849 0.8592 0.5555 0.8347
126 0.0455 0.0644 0.9154 0.2147 0.8879 0.1369 0.4862 0.8653 0.5454 0.8409
127 0.0442 0.0636 0.9139 0.2175 0.8848 0.1683 0.4862 0.8485 0.6786 0.8239
128 0.0497 0.0694 0.9111 0.2243 0.8829 0.1697 0.4904 0.8596 0.6255 0.8331
129 0.0473 0.0669 0.9109 0.2250 0.8826 0.1323 0.4812 0.8466 0.5548 0.8139
130 0.0563 0.0799 0.9041 0.2538 0.8747 0.1348 0.4995 0.8540 0.5448 0.8242
131 0.0627 0.0895 0.8970 0.2704 0.8649 0.2261 0.5086 0.8185 0.8641 0.7948
132 0.0583 0.0821 0.9040 0.2564 0.8763 0.1810 0.5257 0.8079 0.6466 0.7689
133 0.0601 0.0844 0.9035 0.2508 0.8747 0.1305 0.4962 0.8538 0.5491 0.8279
134 0.0464 0.0672 0.9165 0.2076 0.8889 0.1353 0.4784 0.8550 0.5645 0.8302
135 0.0423 0.0631 0.9175 0.2030 0.8894 0.1362 0.4784 0.8576 0.5642 0.8331
136 0.0419 0.0601 0.9167 0.2000 0.8906 0.1438 0.4823 0.8636 0.5608 0.8351
137 0.0443 0.0619 0.9188 0.2064 0.8917 0.1690 0.4827 0.8587 0.6238 0.8331
138 0.0460 0.0661 0.9173 0.2058 0.8885 0.1802 0.4790 0.8562 0.6543 0.8286
139 0.0552 0.0768 0.9037 0.2539 0.8761 0.1589 0.4896 0.8562 0.5944 0.8303
140 0.0705 0.1000 0.8976 0.2819 0.8682 0.1563 0.5113 0.8273 0.6527 0.8002
141 0.0582 0.0830 0.9024 0.2577 0.8716 0.1419 0.4876 0.8519 0.5645 0.8263
142 0.0556 0.0754 0.9071 0.2439 0.8790 0.1295 0.5045 0.8435 0.5204 0.8147
143 0.0476 0.0695 0.9136 0.2189 0.8879 0.1348 0.4883 0.8539 0.5517 0.8287
144 0.0423 0.0616 0.9203 0.1986 0.8933 0.1404 0.4851 0.8580 0.5568 0.8338
145 0.0393 0.0574 0.9169 0.1959 0.8919 0.1354 0.4829 0.8578 0.5401 0.8326
146 0.0381 0.0545 0.9214 0.1913 0.8960 0.1386 0.4815 0.8618 0.5528 0.8363
147 0.0398 0.0570 0.9178 0.1980 0.8903 0.1492 0.4829 0.8530 0.5925 0.8261
148 0.0433 0.0596 0.9173 0.2075 0.8871 0.1314 0.4867 0.8570 0.5686 0.8291
149 0.0460 0.0653 0.9143 0.2216 0.8867 0.1208 0.4921 0.8497 0.4991 0.8230
150 0.0568 0.0788 0.9039 0.2535 0.8748 0.1392 0.4947 0.8413 0.5877 0.8143
151 0.0763 0.1064 0.8903 0.2977 0.8580 0.1298 0.4907 0.8540 0.5148 0.8267
152 0.0570 0.0819 0.9025 0.2507 0.8752 0.1408 0.4941 0.8577 0.5393 0.8319
153 0.0447 0.0646 0.9159 0.2098 0.8879 0.1533 0.4780 0.8617 0.5901 0.8358
154 0.0401 0.0583 0.9227 0.1972 0.8979 0.1635 0.4809 0.8534 0.6176 0.8296
155 0.0408 0.0571 0.9218 0.1926 0.8958 0.1628 0.4823 0.8543 0.6143 0.8309
156 0.0389 0.0552 0.9252 0.1874 0.8988 0.1773 0.4793 0.8580 0.6522 0.8340
157 0.0378 0.0527 0.9229 0.1890 0.8966 0.1645 0.4808 0.8606 0.6215 0.8339
158 0.0449 0.0639 0.9125 0.2148 0.8856 0.1617 0.4952 0.8569 0.6246 0.8333
159 0.0503 0.0715 0.9060 0.2352 0.8781 0.1690 0.4889 0.8469 0.6245 0.8166
160 0.0625 0.0896 0.9011 0.2679 0.8726 0.2477 0.5034 0.8364 0.8250 0.8053
161 0.0541 0.0771 0.9082 0.2393 0.8810 0.1510 0.5039 0.8509 0.5813 0.8222
162 0.0614 0.0838 0.9025 0.2580 0.8738 0.1393 0.5054 0.8442 0.5537 0.8163
163 0.0494 0.0689 0.9148 0.2190 0.8876 0.1154 0.4746 0.8677 0.4839 0.8405
164 0.0400 0.0566 0.9204 0.1944 0.8945 0.1237 0.4734 0.8718 0.4956 0.8457
165 0.0383 0.0560 0.9209 0.1851 0.8952 0.1237 0.4717 0.8702 0.5015 0.8435
166 0.0383 0.0522 0.9230 0.1856 0.8978 0.1276 0.4703 0.8693 0.5152 0.8430
167 0.0413 0.0575 0.9189 0.2021 0.8926 0.1353 0.4770 0.8723 0.5288 0.8446
168 0.0456 0.0637 0.9155 0.2140 0.8873 0.1437 0.4782 0.8504 0.6035 0.8243
169 0.0493 0.0692 0.9111 0.2282 0.8842 0.1444 0.4823 0.8527 0.5742 0.8256
170 0.0531 0.0756 0.9098 0.2318 0.8798 0.2197 0.4954 0.8432 0.7838 0.8133
171 0.0569 0.0819 0.9053 0.2547 0.8772 0.1380 0.4903 0.8518 0.5602 0.8213
172 0.0513 0.0725 0.9134 0.2262 0.8844 0.1321 0.4828 0.8599 0.5551 0.8305
173 0.0475 0.0674 0.9168 0.2098 0.8913 0.1433 0.4773 0.8642 0.5657 0.8370
174 0.0372 0.0529 0.9254 0.1805 0.9002 0.1447 0.4715 0.8641 0.5820 0.8401
175 0.0367 0.0519 0.9239 0.1861 0.8969 0.1438 0.4716 0.8641 0.5776 0.8405
176 0.0347 0.0490 0.9254 0.1784 0.8999 0.1487 0.4686 0.8638 0.5969 0.8401
177 0.0376 0.0515 0.9228 0.1845 0.8966 0.1479 0.4692 0.8697 0.6098 0.8446
178 0.0350 0.0488 0.9248 0.1792 0.8986 0.1884 0.4746 0.8606 0.7276 0.8357
179 0.0568 0.0751 0.9134 0.2427 0.8863 0.1698 0.4967 0.8463 0.6586 0.8185
180 0.0584 0.0804 0.9044 0.2504 0.8751 0.1812 0.5059 0.8286 0.6874 0.7972
181 0.0744 0.1023 0.8930 0.2972 0.8628 0.2426 0.5632 0.7166 0.9581 0.6516
182 0.0699 0.0968 0.9046 0.2644 0.8772 0.1609 0.4862 0.8349 0.6369 0.8055
183 0.0442 0.0635 0.9186 0.2057 0.8928 0.1361 0.4826 0.8421 0.5639 0.8180
184 0.0419 0.0598 0.9230 0.1949 0.8983 0.1334 0.4794 0.8565 0.5378 0.8310
185 0.0373 0.0570 0.9220 0.1869 0.8964 0.1325 0.4800 0.8580 0.5312 0.8339
186 0.0370 0.0527 0.9266 0.1825 0.9019 0.1401 0.4780 0.8601 0.5499 0.8340
187 0.0351 0.0496 0.9241 0.1831 0.8990 0.1463 0.4754 0.8537 0.5844 0.8306
188 0.0398 0.0557 0.9219 0.1943 0.8953 0.1458 0.4810 0.8553 0.5593 0.8314
189 0.0546 0.0754 0.9132 0.2324 0.8858 0.1538 0.4890 0.8520 0.5864 0.8252
190 0.0610 0.0846 0.9049 0.2575 0.8776 0.1742 0.5135 0.8208 0.6445 0.7880
191 0.0512 0.0728 0.9145 0.2275 0.8879 0.1459 0.4922 0.8550 0.5563 0.8279
192 0.0513 0.0734 0.9142 0.2242 0.8866 0.1423 0.4812 0.8586 0.5923 0.8300
193 0.0466 0.0668 0.9154 0.2160 0.8909 0.1340 0.4852 0.8586 0.5491 0.8340
194 0.0385 0.0548 0.9282 0.1820 0.9045 0.1378 0.4815 0.8611 0.5465 0.8352
195 0.0369 0.0547 0.9292 0.1772 0.9040 0.1387 0.4799 0.8621 0.5484 0.8359
196 0.0350 0.0497 0.9292 0.1725 0.9060 0.1479 0.4776 0.8563 0.5907 0.8305
197 0.0335 0.0469 0.9269 0.1768 0.9033 0.1613 0.4820 0.8584 0.6092 0.8343
198 0.0360 0.0502 0.9234 0.1865 0.8972 0.1406 0.4767 0.8635 0.5740 0.8370
199 0.0534 0.0754 0.9059 0.2396 0.8791 0.1548 0.5182 0.8393 0.5977 0.8106
200 0.0534 0.0740 0.9089 0.2401 0.8815 0.1365 0.4891 0.8573 0.5656 0.8281
201 0.0530 0.0741 0.9098 0.2399 0.8804 0.1905 0.4947 0.8102 0.7790 0.7811
202 0.0433 0.0613 0.9230 0.1951 0.8981 0.1747 0.4788 0.8578 0.6476 0.8345
203 0.0384 0.0548 0.9203 0.1938 0.8936 0.5687 0.5339 0.7844 1.5556 0.7394
204 0.0367 0.0512 0.9259 0.1818 0.8998 0.1439 0.4778 0.8636 0.5675 0.8389
205 0.0342 0.0484 0.9252 0.1759 0.9005 0.1409 0.4776 0.8629 0.5575 0.8385
206 0.0332 0.0470 0.9323 0.1647 0.9076 0.1587 0.4749 0.8549 0.6173 0.8328
207 0.0322 0.0459 0.9314 0.1672 0.9070 0.1468 0.4764 0.8632 0.5828 0.8405
208 0.0418 0.0570 0.9210 0.2005 0.8951 0.1512 0.4868 0.8542 0.5673 0.8298
209 0.0430 0.0610 0.9153 0.2102 0.8893 0.1688 0.4781 0.8523 0.6419 0.8251
210 0.0669 0.0927 0.9002 0.2722 0.8703 0.1687 0.5048 0.8470 0.6252 0.8178
211 0.0591 0.0850 0.9019 0.2534 0.8729 0.1277 0.4843 0.8632 0.5169 0.8320
212 0.0542 0.0762 0.9098 0.2356 0.8839 0.1258 0.4855 0.8655 0.5054 0.8404
213 0.0417 0.0609 0.9213 0.1976 0.8944 0.1349 0.4823 0.8614 0.5336 0.8368
214 0.0390 0.0538 0.9262 0.1846 0.9011 0.1225 0.4721 0.8707 0.4993 0.8459
215 0.0343 0.0505 0.9257 0.1735 0.9025 0.1239 0.4721 0.8681 0.5030 0.8446
216 0.0345 0.0492 0.9282 0.1725 0.9058 0.1347 0.4705 0.8664 0.5398 0.8429
217 0.0330 0.0468 0.9273 0.1711 0.9036 0.1354 0.4694 0.8680 0.5400 0.8444
218 0.0349 0.0483 0.9280 0.1760 0.9026 0.1638 0.4744 0.8614 0.6205 0.8359
219 0.0419 0.0568 0.9193 0.2001 0.8927 0.1369 0.4976 0.8580 0.5554 0.8276
220 0.0397 0.0564 0.9168 0.2002 0.8910 0.1661 0.4867 0.8495 0.6794 0.8252
221 0.0398 0.0558 0.9174 0.1983 0.8907 0.1672 0.4869 0.8546 0.6203 0.8281
222 0.0410 0.0587 0.9199 0.1981 0.8942 0.1650 0.4794 0.8658 0.6006 0.8407
223 0.0382 0.0541 0.9264 0.1850 0.9030 0.1456 0.4704 0.8719 0.5506 0.8462
224 0.0316 0.0438 0.9344 0.1595 0.9113 0.1541 0.4664 0.8706 0.5950 0.8469
225 0.0280 0.0388 0.9332 0.1527 0.9103 0.1532 0.4674 0.8686 0.5915 0.8462
226 0.0290 0.0416 0.9297 0.1572 0.9060 0.1507 0.4654 0.8651 0.6052 0.8388
227 0.0302 0.0413 0.9319 0.1591 0.9077 0.1448 0.4668 0.8766 0.5702 0.8506
228 0.0321 0.0442 0.9290 0.1708 0.9052 0.1535 0.4835 0.8635 0.5657 0.8374
229 0.0482 0.0639 0.9178 0.2169 0.8902 0.1619 0.4905 0.8483 0.6337 0.8227
230 0.0549 0.0750 0.9063 0.2425 0.8780 0.1723 0.5226 0.8298 0.6679 0.7947
231 0.0613 0.0856 0.9029 0.2556 0.8726 0.1583 0.4974 0.8315 0.6774 0.8067
232 0.0426 0.0606 0.9181 0.2022 0.8923 0.1438 0.4815 0.8606 0.5886 0.8355
233 0.0387 0.0557 0.9243 0.1852 0.8979 0.1641 0.4750 0.8654 0.6217 0.8399
234 0.0331 0.0469 0.9239 0.1744 0.8997 0.1347 0.4700 0.8701 0.5645 0.8448
235 0.0315 0.0444 0.9306 0.1647 0.9077 0.1330 0.4691 0.8670 0.5589 0.8416
236 0.0305 0.0425 0.9295 0.1622 0.9044 0.1457 0.4678 0.8677 0.5962 0.8427
237 0.0326 0.0444 0.9294 0.1697 0.9048 0.1510 0.4735 0.8624 0.6143 0.8347
238 0.0322 0.0450 0.9274 0.1674 0.9022 0.1456 0.4765 0.8640 0.5870 0.8373
239 0.0420 0.0570 0.9236 0.1931 0.8975 0.2647 0.5199 0.8015 0.9191 0.7599
240 0.0519 0.0731 0.9115 0.2284 0.8829 0.1770 0.4924 0.8381 0.6933 0.8079
241 0.0499 0.0708 0.9133 0.2185 0.8836 0.1597 0.4879 0.8541 0.5980 0.8337
242 0.0391 0.0549 0.9223 0.1899 0.8959 0.1585 0.4847 0.8621 0.6045 0.8415
243 0.0375 0.0534 0.9318 0.1748 0.9085 0.1902 0.4757 0.8605 0.6931 0.8388
244 0.0325 0.0454 0.9308 0.1626 0.9081 0.1568 0.4760 0.8647 0.6025 0.8431
245 0.0303 0.0424 0.9347 0.1568 0.9115 0.1584 0.4744 0.8660 0.6101 0.8429
246 0.0301 0.0420 0.9344 0.1551 0.9119 0.1568 0.4693 0.8645 0.6071 0.8423
247 0.0292 0.0388 0.9355 0.1496 0.9128 0.1487 0.4698 0.8570 0.6121 0.8346
248 0.0334 0.0456 0.9256 0.1777 0.9005 0.1464 0.4849 0.8639 0.5776 0.8373
249 0.0394 0.0551 0.9181 0.1995 0.8925 0.1614 0.4984 0.8577 0.5952 0.8325
