epoch train_iou train_loss train_mAP val_iou val_mAP
0 0.5490 0.0808 0.4707 0.6422 0.5851
1 0.6756 0.0613 0.6107 0.7049 0.6448
2 0.7071 0.0555 0.6463 0.7003 0.6299
3 0.7176 0.0507 0.6620 0.6234 0.5613
4 0.7388 0.0465 0.6848 0.7510 0.7067
5 0.7512 0.0444 0.6958 0.7358 0.6822
6 0.7612 0.0426 0.7101 0.7414 0.6843
7 0.7598 0.0403 0.7112 0.7565 0.7081
8 0.7745 0.0405 0.7302 0.7643 0.7203
9 0.7825 0.0370 0.7410 0.7708 0.7251
10 0.7991 0.0353 0.7554 0.7867 0.7476
11 0.7854 0.0346 0.7426 0.8019 0.7662
12 0.7947 0.0336 0.7516 0.7399 0.6929
13 0.7963 0.0327 0.7520 0.7959 0.7632
14 0.8060 0.0321 0.7655 0.7993 0.7635
15 0.8151 0.0299 0.7727 0.7872 0.7496
16 0.8088 0.0301 0.7684 0.7531 0.7055
17 0.8158 0.0287 0.7757 0.7172 0.6635
18 0.8153 0.0283 0.7739 0.7945 0.7627
19 0.8209 0.0283 0.7815 0.7595 0.7124
20 0.8226 0.0294 0.7822 0.8089 0.7718
21 0.8131 0.0275 0.7735 0.8019 0.7668
22 0.8250 0.0248 0.7874 0.7293 0.6981
23 0.8274 0.0258 0.7913 0.8067 0.7798
24 0.8362 0.0239 0.7974 0.7703 0.7415
25 0.8284 0.0263 0.7892 0.7870 0.7538
26 0.8347 0.0243 0.7992 0.7767 0.7393
27 0.8330 0.0235 0.7969 0.8143 0.7861
28 0.8419 0.0224 0.8072 0.8069 0.7732
29 0.8389 0.0207 0.8014 0.8095 0.7796
30 0.8416 0.0212 0.8059 0.8059 0.7724
31 0.8440 0.0222 0.8069 0.8232 0.7931
32 0.8523 0.0194 0.8162 0.7932 0.7606
33 0.8458 0.0202 0.8098 0.8203 0.7880
34 0.8522 0.0185 0.8198 0.7803 0.7540
35 0.8567 0.0195 0.8220 0.8136 0.7861
36 0.8525 0.0212 0.8176 0.8125 0.7762
37 0.8513 0.0194 0.8184 0.7657 0.7317
38 0.8487 0.0192 0.8163 0.8242 0.7942
39 0.8488 0.0169 0.8157 0.8123 0.7829
40 0.7813 1.0734 0.7339 0.7361 0.7007
41 0.8031 0.9413 0.7593 0.6940 0.6721
42 0.8145 0.8747 0.7752 0.6642 0.6035
43 0.8123 0.8861 0.7710 0.7634 0.7376
44 0.8235 0.8428 0.7856 0.8061 0.7767
45 0.8327 0.8055 0.7954 0.7311 0.6990
46 0.8346 0.7705 0.7966 0.7641 0.7097
47 0.8350 0.7746 0.7976 0.7992 0.7571
48 0.8437 0.7325 0.8113 0.7775 0.7489
49 0.8329 0.7847 0.7989 0.7965 0.7698
50 0.8413 0.7449 0.8050 0.8292 0.7951
51 0.8472 0.7015 0.8092 0.8148 0.7822
52 0.8370 0.7427 0.8018 0.8072 0.7702
53 0.8427 0.7241 0.8083 0.8327 0.8035
54 0.8517 0.6945 0.8177 0.8027 0.7632
55 0.8466 0.7223 0.8104 0.8187 0.7929
56 0.8467 0.7131 0.8122 0.8027 0.7719
57 0.8531 0.7080 0.8229 0.8257 0.7927
58 0.8546 0.6852 0.8199 0.8003 0.7681
59 0.8468 0.7108 0.8116 0.7111 0.6826
60 0.8584 0.6551 0.8248 0.7011 0.6686
61 0.8574 0.6490 0.8261 0.7652 0.7100
62 0.8523 0.6798 0.8190 0.7170 0.6999
63 0.8574 0.6498 0.8223 0.7501 0.7282
64 0.8695 0.6011 0.8371 0.8356 0.8093
65 0.8689 0.5959 0.8367 0.6645 0.6394
66 0.8587 0.6528 0.8244 0.7512 0.7012
67 0.8704 0.6071 0.8388 0.8109 0.7776
68 0.8757 0.5777 0.8425 0.8340 0.8046
69 0.8631 0.6076 0.8303 0.8079 0.7817
70 0.8671 0.6136 0.8346 0.7972 0.7757
71 0.8752 0.5796 0.8440 0.8264 0.8028
72 0.8670 0.6092 0.8372 0.8346 0.8032
73 0.8737 0.5829 0.8393 0.7830 0.7529
74 0.8609 0.6254 0.8274 0.7038 0.6680
75 0.8655 0.6057 0.8331 0.8203 0.7843
76 0.8717 0.5808 0.8420 0.6775 0.6565
77 0.8660 0.6106 0.8354 0.8282 0.7974
78 0.8714 0.5708 0.8393 0.7279 0.7083
79 0.8735 0.5868 0.8411 0.7571 0.7293
80 0.8719 0.5855 0.8407 0.8344 0.8082
81 0.8805 0.5429 0.8490 0.7871 0.7673
82 0.8786 0.5439 0.8468 0.7730 0.7392
83 0.8742 0.5861 0.8439 0.8169 0.7894
84 0.8775 0.5520 0.8467 0.7986 0.7600
85 0.8700 0.5744 0.8386 0.8225 0.7837
86 0.8651 0.5973 0.8350 0.8153 0.7906
87 0.8743 0.5660 0.8426 0.8349 0.8084
88 0.8858 0.5112 0.8575 0.7956 0.7564
89 0.8819 0.5214 0.8523 0.8404 0.8079
90 0.8847 0.5082 0.8534 0.8229 0.7911
91 0.8797 0.5285 0.8507 0.8347 0.8046
92 0.8830 0.5283 0.8536 0.7591 0.7345
93 0.8751 0.5580 0.8436 0.8271 0.8028
94 0.8752 0.5398 0.8450 0.8363 0.8106
95 0.8812 0.5320 0.8495 0.8272 0.7969
96 0.8684 0.5773 0.8375 0.8313 0.8048
97 0.8745 0.5631 0.8438 0.8155 0.7903
98 0.8820 0.5214 0.8531 0.8029 0.7654
99 0.8813 0.5129 0.8486 0.8134 0.7892
100 0.8773 0.5394 0.8462 0.8212 0.7935
101 0.8670 0.5843 0.8349 0.8197 0.7925
102 0.8769 0.5523 0.8451 0.7558 0.7160
103 0.8820 0.5178 0.8507 0.8144 0.7865
104 0.8810 0.5191 0.8510 0.7792 0.7493
105 0.8748 0.5551 0.8459 0.8367 0.8097
106 0.8828 0.5088 0.8523 0.8412 0.8144
107 0.8789 0.5274 0.8513 0.8001 0.7784
108 0.8862 0.5105 0.8545 0.8494 0.8173
109 0.8943 0.4810 0.8648 0.8233 0.7898
110 0.8876 0.4900 0.8591 0.7736 0.7518
111 0.8874 0.4932 0.8596 0.8367 0.8063
112 0.8866 0.4750 0.8573 0.7579 0.7369
113 0.8853 0.5039 0.8555 0.8261 0.8028
114 0.8798 0.5213 0.8492 0.8261 0.7939
115 0.8819 0.4982 0.8538 0.8203 0.7880
116 0.8925 0.4591 0.8644 0.7667 0.7406
117 0.8847 0.4773 0.8565 0.8187 0.7953
118 0.8828 0.4977 0.8550 0.8365 0.8069
119 0.8906 0.4764 0.8600 0.8307 0.8056
120 0.8948 0.4367 0.8667 0.8560 0.8291
121 0.9021 0.4018 0.8751 0.8332 0.8089
122 0.9052 0.3784 0.8795 0.8536 0.8285
123 0.9041 0.3896 0.8780 0.8542 0.8291
124 0.9091 0.3730 0.8841 0.8544 0.8299
125 0.9061 0.3988 0.8800 0.8529 0.8310
126 0.9119 0.3583 0.8862 0.8554 0.8334
127 0.9076 0.3789 0.8812 0.8593 0.8358
128 0.9040 0.3800 0.8767 0.8546 0.8316
129 0.9079 0.3687 0.8834 0.8567 0.8308
130 0.9074 0.3682 0.8818 0.8610 0.8361
131 0.9118 0.3661 0.8854 0.8582 0.8357
132 0.9126 0.3643 0.8873 0.8492 0.8240
133 0.9111 0.3572 0.8858 0.8599 0.8371
134 0.9134 0.3473 0.8883 0.8596 0.8357
135 0.9095 0.3604 0.8838 0.8593 0.8373
136 0.9143 0.3541 0.8894 0.8577 0.8337
137 0.9125 0.3545 0.8873 0.8579 0.8337
138 0.9142 0.3396 0.8889 0.8493 0.8273
139 0.9145 0.3452 0.8897 0.8498 0.8280
140 0.9126 0.3439 0.8873 0.8597 0.8352
141 0.9109 0.3436 0.8865 0.8585 0.8353
142 0.9156 0.3342 0.8930 0.8596 0.8364
143 0.9158 0.3388 0.8914 0.8541 0.8334
144 0.9137 0.3402 0.8902 0.8491 0.8261
145 0.9113 0.3507 0.8870 0.8559 0.8333
146 0.9139 0.3480 0.8897 0.8530 0.8270
147 0.9127 0.3291 0.8898 0.8555 0.8332
148 0.9140 0.3378 0.8897 0.8517 0.8275
149 0.9113 0.3497 0.8866 0.8446 0.8209
150 0.9190 0.3370 0.8963 0.8544 0.8305
151 0.9147 0.3498 0.8904 0.8606 0.8365
152 0.9143 0.3405 0.8888 0.8500 0.8279
153 0.9133 0.3485 0.8890 0.8539 0.8311
154 0.9183 0.3278 0.8955 0.8565 0.8333
155 0.9176 0.3376 0.8948 0.8549 0.8312
156 0.9145 0.3332 0.8917 0.8502 0.8254
157 0.9186 0.3313 0.8946 0.8612 0.8364
158 0.9174 0.3362 0.8935 0.8599 0.8351
159 0.9180 0.3309 0.8939 0.8535 0.8287
160 0.9190 0.3181 0.8959 0.8543 0.8300
161 0.9169 0.3256 0.8945 0.8546 0.8299
162 0.9189 0.3236 0.8960 0.8539 0.8305
163 0.9191 0.3163 0.8966 0.8573 0.8327
164 0.9167 0.3189 0.8958 0.8590 0.8356
165 0.9201 0.3171 0.8977 0.8556 0.8309
166 0.9193 0.3217 0.8955 0.8604 0.8374
167 0.9218 0.3127 0.8993 0.8605 0.8364
168 0.9165 0.3308 0.8914 0.8596 0.8353
169 0.9185 0.3247 0.8942 0.8589 0.8351
170 0.9156 0.3261 0.8928 0.8574 0.8343
171 0.9151 0.3297 0.8922 0.8590 0.8352
172 0.9175 0.3201 0.8945 0.8605 0.8369
173 0.9162 0.3296 0.8922 0.8593 0.8367
174 0.9172 0.3180 0.8957 0.8611 0.8379
175 0.9204 0.3149 0.8987 0.8592 0.8364
176 0.9183 0.3172 0.8934 0.8620 0.8386
177 0.9162 0.3142 0.8917 0.8609 0.8377
178 0.9173 0.3261 0.8938 0.8627 0.8403
179 0.9213 0.3060 0.8995 0.8615 0.8381
180 0.9176 0.3104 0.8939 0.8617 0.8381
181 0.9218 0.3039 0.9000 0.8610 0.8373
182 0.9219 0.3085 0.9001 0.8638 0.8404
183 0.9198 0.3095 0.8978 0.8646 0.8419
184 0.9159 0.3270 0.8920 0.8613 0.8385
185 0.9171 0.3213 0.8928 0.8612 0.8388
186 0.9189 0.3143 0.8965 0.8621 0.8391
187 0.9219 0.2992 0.9016 0.8614 0.8388
188 0.9204 0.3135 0.8976 0.8602 0.8387
189 0.9234 0.3098 0.9003 0.8622 0.8405
190 0.9164 0.3251 0.8955 0.8614 0.8400
191 0.9229 0.3025 0.9018 0.8632 0.8409
192 0.9174 0.3190 0.8953 0.8646 0.8430
193 0.9201 0.3126 0.8976 0.8622 0.8395
194 0.9197 0.3059 0.8974 0.8632 0.8397
195 0.9217 0.3124 0.8990 0.8621 0.8393
196 0.9189 0.3234 0.8966 0.8622 0.8403
197 0.9199 0.3085 0.8976 0.8621 0.8401
198 0.9231 0.2965 0.9003 0.8624 0.8400
199 0.9182 0.3229 0.8959 0.8638 0.8412
