epoch train_iou train_loss train_mAP val_iou val_mAP
0 0.6147 1.2111 0.5380 0.6920 0.6221
1 0.7136 0.9042 0.6487 0.7059 0.6243
2 0.7502 0.8070 0.6890 0.7445 0.6999
3 0.7601 0.7521 0.7029 0.7726 0.7290
4 0.7826 0.6812 0.7279 0.7864 0.7451
5 0.7963 0.6482 0.7443 0.8001 0.7621
6 0.7947 0.6420 0.7438 0.7991 0.7583
7 0.7881 0.6718 0.7360 0.7533 0.7094
8 0.7892 0.6687 0.7353 0.7930 0.7476
9 0.7748 0.7130 0.7253 0.7877 0.7486
10 0.7937 0.6646 0.7451 0.7972 0.7542
11 0.7996 0.6322 0.7538 0.7732 0.7055
12 0.8093 0.6043 0.7639 0.8245 0.7779
13 0.8289 0.5416 0.7852 0.8204 0.7815
14 0.8278 0.5310 0.7824 0.8363 0.7978
15 0.8400 0.4906 0.7969 0.8337 0.7964
16 0.8391 0.4953 0.7954 0.8377 0.7993
17 0.8392 0.5040 0.7973 0.8268 0.7909
18 0.8296 0.5533 0.7908 0.8108 0.7779
19 0.8280 0.5426 0.7861 0.8354 0.7944
20 0.8214 0.5862 0.7806 0.8017 0.7722
21 0.8269 0.5518 0.7854 0.8152 0.7841
22 0.8391 0.5068 0.8014 0.8201 0.7873
23 0.8451 0.4866 0.8069 0.8353 0.8020
24 0.8552 0.4578 0.8172 0.8412 0.8096
25 0.8575 0.4367 0.8166 0.8411 0.8076
26 0.8584 0.4294 0.8207 0.8420 0.8072
27 0.8547 0.4523 0.8136 0.8398 0.8018
28 0.8494 0.4634 0.8085 0.8233 0.7856
29 0.8471 0.5017 0.8045 0.8231 0.7850
30 0.8375 0.5194 0.7963 0.7945 0.7558
31 0.8392 0.5210 0.8004 0.8227 0.7901
32 0.8499 0.4691 0.8119 0.8436 0.8090
33 0.8589 0.4380 0.8228 0.8384 0.8078
34 0.8631 0.4202 0.8276 0.8526 0.8238
35 0.8685 0.3984 0.8349 0.8556 0.8242
36 0.8699 0.3955 0.8334 0.8511 0.8212
37 0.8635 0.4212 0.8277 0.8387 0.8107
38 0.8531 0.4606 0.8133 0.8282 0.7984
39 0.8528 0.4593 0.8150 0.8218 0.7904
40 0.8415 0.4997 0.8028 0.8239 0.7922
41 0.8499 0.4858 0.8111 0.8333 0.7974
42 0.8537 0.4644 0.8163 0.8262 0.7921
43 0.8664 0.4169 0.8307 0.8329 0.8017
44 0.8712 0.3885 0.8339 0.8487 0.8188
45 0.8737 0.3736 0.8384 0.8510 0.8215
46 0.8776 0.3601 0.8414 0.8585 0.8245
47 0.8758 0.3800 0.8419 0.8496 0.8189
48 0.8737 0.3948 0.8388 0.8400 0.8114
49 0.8588 0.4345 0.8237 0.8296 0.8010
50 0.8518 0.4675 0.8125 0.8158 0.7865
51 0.8604 0.4313 0.8249 0.8421 0.8040
52 0.8658 0.4145 0.8303 0.8423 0.8087
53 0.8739 0.3755 0.8377 0.8610 0.8294
54 0.8792 0.3578 0.8453 0.8568 0.8272
55 0.8867 0.3385 0.8507 0.8588 0.8284
56 0.8864 0.3402 0.8526 0.8552 0.8256
57 0.8790 0.3577 0.8447 0.8569 0.8288
58 0.8719 0.3890 0.8366 0.8534 0.8197
59 0.8728 0.3885 0.8382 0.8263 0.7999
60 0.8649 0.4144 0.8316 0.8306 0.7989
61 0.8693 0.3994 0.8315 0.8445 0.8200
62 0.8745 0.3821 0.8400 0.8506 0.8185
63 0.8831 0.3493 0.8478 0.8575 0.8255
64 0.8914 0.3206 0.8596 0.8593 0.8285
65 0.8940 0.3060 0.8602 0.8620 0.8321
66 0.8978 0.3098 0.8648 0.8555 0.8269
67 0.8899 0.3240 0.8549 0.8552 0.8221
68 0.8883 0.3254 0.8557 0.8497 0.8183
69 0.8748 0.3805 0.8389 0.8435 0.8132
70 0.8733 0.3871 0.8378 0.8442 0.8148
71 0.8645 0.4228 0.8302 0.8423 0.8114
72 0.8811 0.3612 0.8471 0.8458 0.8147
73 0.8880 0.3367 0.8542 0.8503 0.8207
74 0.8955 0.2998 0.8640 0.8542 0.8257
75 0.8961 0.2970 0.8635 0.8571 0.8282
76 0.9005 0.2890 0.8697 0.8636 0.8359
77 0.8953 0.3023 0.8646 0.8578 0.8285
78 0.8878 0.3264 0.8545 0.8557 0.8284
79 0.8783 0.3654 0.8433 0.8528 0.8252
80 0.8743 0.3873 0.8418 0.8230 0.7898
81 0.8780 0.3705 0.8455 0.8480 0.8149
82 0.8820 0.3533 0.8475 0.8530 0.8249
83 0.8974 0.2954 0.8657 0.8611 0.8327
84 0.9007 0.2818 0.8683 0.8664 0.8362
85 0.9009 0.2754 0.8683 0.8676 0.8363
86 0.9007 0.2780 0.8710 0.8604 0.8315
87 0.9006 0.2787 0.8695 0.8592 0.8268
88 0.8953 0.3020 0.8623 0.8480 0.8197
89 0.8903 0.3216 0.8574 0.8373 0.8075
90 0.8845 0.3500 0.8514 0.8536 0.8292
91 0.8763 0.3597 0.8407 0.8427 0.8155
92 0.8953 0.3058 0.8626 0.8476 0.8195
93 0.8969 0.2893 0.8672 0.8586 0.8305
94 0.9023 0.2715 0.8722 0.8675 0.8374
95 0.9019 0.2646 0.8718 0.8670 0.8386
96 0.9008 0.2729 0.8722 0.8612 0.8374
97 0.9068 0.2638 0.8789 0.8586 0.8269
98 0.8964 0.2921 0.8672 0.8417 0.8133
99 0.8860 0.3563 0.8531 0.8486 0.8216
100 0.8881 0.3254 0.8579 0.8657 0.8386
101 0.9032 0.2732 0.8732 0.8660 0.8389
102 0.8940 0.2830 0.8654 0.8615 0.8323
103 0.9097 0.2511 0.8810 0.8698 0.8401
104 0.9082 0.2533 0.8789 0.8670 0.8381
105 0.9077 0.2481 0.8800 0.8672 0.8375
106 0.9110 0.2457 0.8839 0.8670 0.8388
107 0.9108 0.2441 0.8826 0.8660 0.8380
108 0.9118 0.2449 0.8831 0.8627 0.8331
109 0.9061 0.2574 0.8763 0.8531 0.8257
110 0.9052 0.2614 0.8748 0.8574 0.8305
111 0.9082 0.2602 0.8784 0.8588 0.8275
112 0.9062 0.2616 0.8776 0.8583 0.8297
113 0.9141 0.2322 0.8844 0.8648 0.8343
114 0.9116 0.2336 0.8827 0.8677 0.8394
115 0.9152 0.2260 0.8859 0.8648 0.8369
116 0.9153 0.2321 0.8857 0.8661 0.8382
117 0.9173 0.2284 0.8898 0.8655 0.8359
118 0.9161 0.2365 0.8865 0.8587 0.8296
119 0.9080 0.2404 0.8777 0.8639 0.8357
120 0.9047 0.2597 0.8763 0.8599 0.8315
121 0.9083 0.2614 0.8780 0.8623 0.8317
122 0.9110 0.2448 0.8802 0.8627 0.8344
123 0.9095 0.2394 0.8815 0.8641 0.8337
124 0.9166 0.2331 0.8871 0.8604 0.8304
125 0.9148 0.2253 0.8869 0.8609 0.8310
126 0.9140 0.2236 0.8847 0.8673 0.8367
127 0.9187 0.2171 0.8901 0.8665 0.8358
128 0.9132 0.2312 0.8844 0.8643 0.8347
129 0.9171 0.2266 0.8897 0.8684 0.8343
130 0.9134 0.2315 0.8838 0.8560 0.8243
131 0.9142 0.2330 0.8845 0.8527 0.8228
132 0.9155 0.2310 0.8852 0.8648 0.8333
133 0.9143 0.2308 0.8864 0.8669 0.8385
134 0.9207 0.2090 0.8940 0.8713 0.8434
135 0.9211 0.2103 0.8933 0.8733 0.8447
136 0.9199 0.2114 0.8945 0.8682 0.8387
137 0.9214 0.2103 0.8950 0.8669 0.8371
138 0.9112 0.2369 0.8822 0.8654 0.8351
139 0.9138 0.2293 0.8857 0.8532 0.8232
140 0.9124 0.2356 0.8850 0.8561 0.8272
141 0.9134 0.2514 0.8862 0.8549 0.8264
142 0.9109 0.2401 0.8840 0.8590 0.8268
143 0.9157 0.2246 0.8877 0.8685 0.8415
144 0.9196 0.2136 0.8932 0.8659 0.8389
145 0.9174 0.2116 0.8909 0.8677 0.8404
146 0.9239 0.1974 0.8982 0.8677 0.8400
147 0.9188 0.2098 0.8918 0.8670 0.8405
148 0.9188 0.2127 0.8918 0.8632 0.8355
149 0.9100 0.2413 0.8828 0.8421 0.8056
150 0.9134 0.2486 0.8857 0.8558 0.8231
151 0.9138 0.2343 0.8858 0.8602 0.8276
152 0.9209 0.2097 0.8937 0.8643 0.8326
153 0.9216 0.2140 0.8935 0.8659 0.8369
154 0.9189 0.2077 0.8932 0.8631 0.8340
155 0.9212 0.2053 0.8953 0.8661 0.8361
156 0.9225 0.2003 0.8968 0.8641 0.8363
157 0.9246 0.2009 0.8987 0.8605 0.8345
158 0.9183 0.2223 0.8897 0.8566 0.8268
159 0.9206 0.2156 0.8929 0.8617 0.8275
160 0.9170 0.2170 0.8912 0.8641 0.8349
161 0.9208 0.2049 0.8945 0.8638 0.8344
162 0.9232 0.2013 0.8955 0.8679 0.8397
163 0.9237 0.1990 0.8992 0.8660 0.8371
164 0.9230 0.2008 0.8972 0.8659 0.8375
165 0.9274 0.1887 0.9029 0.8639 0.8370
166 0.9250 0.1962 0.9019 0.8667 0.8386
167 0.9235 0.2020 0.8981 0.8654 0.8364
168 0.9250 0.1936 0.8993 0.8663 0.8392
169 0.9238 0.1919 0.8984 0.8652 0.8374
170 0.9247 0.1986 0.8992 0.8656 0.8392
171 0.9274 0.1910 0.9018 0.8659 0.8386
172 0.9253 0.1922 0.9000 0.8661 0.8380
173 0.9296 0.1872 0.9057 0.8666 0.8380
174 0.9265 0.1852 0.9009 0.8692 0.8411
175 0.9253 0.1926 0.9001 0.8673 0.8380
176 0.9277 0.1838 0.9026 0.8672 0.8370
177 0.9271 0.1839 0.9026 0.8655 0.8373
178 0.9251 0.1871 0.8996 0.8625 0.8341
179 0.9270 0.1877 0.9027 0.8657 0.8355
180 0.9277 0.1845 0.9024 0.8656 0.8351
181 0.9269 0.1898 0.9010 0.8628 0.8347
182 0.9298 0.1826 0.9060 0.8652 0.8344
183 0.9277 0.1820 0.9030 0.8688 0.8403
184 0.9278 0.1816 0.9019 0.8682 0.8401
185 0.9283 0.1834 0.9044 0.8687 0.8409
186 0.9286 0.1856 0.9017 0.8695 0.8411
187 0.9247 0.1869 0.8995 0.8658 0.8346
188 0.9293 0.1840 0.9054 0.8677 0.8376
189 0.9247 0.1904 0.8992 0.8680 0.8377
190 0.9268 0.1879 0.9024 0.8578 0.8299
191 0.9277 0.1814 0.9015 0.8595 0.8317
192 0.9288 0.1787 0.9032 0.8609 0.8303
193 0.9256 0.1860 0.8998 0.8639 0.8362
194 0.9308 0.1752 0.9072 0.8635 0.8346
195 0.9335 0.1709 0.9099 0.8637 0.8355
196 0.9287 0.1761 0.9057 0.8636 0.8344
197 0.9297 0.1812 0.9053 0.8651 0.8341
198 0.9297 0.1767 0.9055 0.8644 0.8365
199 0.9285 0.1814 0.9049 0.8658 0.8368
