epoch train_iou train_loss train_mAP val_iou val_mAP
0 0.5462 0.0811 0.4714 0.5837 0.5225
1 0.6719 0.0612 0.6073 0.7264 0.6718
2 0.7136 0.0541 0.6533 0.6084 0.5302
3 0.7126 0.0526 0.6562 0.7412 0.6928
4 0.7453 0.0466 0.6938 0.7402 0.6820
5 0.7494 0.0455 0.6975 0.7824 0.7465
6 0.7638 0.0435 0.7113 0.7176 0.6619
7 0.7691 0.0425 0.7211 0.7166 0.6549
8 0.7758 0.0398 0.7311 0.7024 0.6487
9 0.7845 0.0365 0.7392 0.7867 0.7465
10 0.7807 0.0373 0.7365 0.7512 0.7097
11 0.7958 0.0354 0.7511 0.7801 0.7411
12 0.7969 0.0340 0.7560 0.7819 0.7499
13 0.8005 0.0316 0.7603 0.7891 0.7577
14 0.8043 0.0330 0.7612 0.7311 0.6804
15 0.8065 0.0309 0.7679 0.8142 0.7806
16 0.8214 0.0283 0.7826 0.8104 0.7738
17 0.8067 0.0306 0.7676 0.8133 0.7791
18 0.8186 0.0279 0.7791 0.7509 0.7075
19 0.8178 0.0278 0.7796 0.8028 0.7727
20 0.8182 0.0275 0.7771 0.7187 0.6625
21 0.8209 0.0276 0.7826 0.8090 0.7750
22 0.8282 0.0255 0.7907 0.8112 0.7754
23 0.8387 0.0256 0.7997 0.8053 0.7700
24 0.8396 0.0231 0.8018 0.8103 0.7773
25 0.8278 0.0247 0.7901 0.8173 0.7835
26 0.8347 0.0234 0.7974 0.8165 0.7847
27 0.8331 0.0234 0.7947 0.8059 0.7703
28 0.8382 0.0234 0.8014 0.7880 0.7507
29 0.8394 0.0201 0.8065 0.7968 0.7651
30 0.8411 0.0211 0.8057 0.7875 0.7476
31 0.8359 0.0227 0.7981 0.8125 0.7754
32 0.8371 0.0213 0.8017 0.8056 0.7713
33 0.8426 0.0201 0.8079 0.8030 0.7720
34 0.8446 0.0201 0.8093 0.8095 0.7695
35 0.8530 0.0185 0.8193 0.8206 0.7905
36 0.8515 0.0204 0.8143 0.8196 0.7928
37 0.8571 0.0192 0.8226 0.7787 0.7347
38 0.8476 0.0223 0.8128 0.8031 0.7732
39 0.8524 0.0194 0.8188 0.8172 0.7820
40 0.7863 1.0363 0.7414 0.7582 0.7073
41 0.7972 0.9791 0.7553 0.7764 0.7349
42 0.8038 0.9316 0.7607 0.6933 0.6665
43 0.8128 0.8875 0.7719 0.8195 0.7832
44 0.8011 0.9129 0.7589 0.8283 0.8008
45 0.8164 0.8373 0.7775 0.7753 0.7460
46 0.8211 0.8262 0.7841 0.8098 0.7834
47 0.8352 0.7709 0.7970 0.6445 0.6137
48 0.8306 0.7948 0.7924 0.8245 0.8000
49 0.8398 0.7456 0.8027 0.8175 0.7875
50 0.8418 0.7282 0.8045 0.5634 0.5368
51 0.8311 0.7884 0.7951 0.7722 0.7476
52 0.8297 0.7742 0.7926 0.8419 0.8126
53 0.8461 0.7106 0.8128 0.8038 0.7763
54 0.8429 0.7104 0.8035 0.7188 0.6655
55 0.8441 0.7177 0.8097 0.8365 0.8060
56 0.8433 0.7131 0.8086 0.7833 0.7500
57 0.8513 0.6956 0.8165 0.8327 0.8067
58 0.8530 0.6835 0.8190 0.7689 0.7251
59 0.8531 0.6696 0.8169 0.8498 0.8171
60 0.8577 0.6449 0.8248 0.8422 0.8109
61 0.8556 0.6609 0.8209 0.8198 0.7891
62 0.8627 0.6441 0.8297 0.8344 0.8063
63 0.8589 0.6433 0.8244 0.8054 0.7767
64 0.8668 0.6209 0.8323 0.7545 0.7131
65 0.8635 0.6377 0.8290 0.8357 0.8108
66 0.8637 0.6354 0.8293 0.8159 0.7828
67 0.8704 0.6049 0.8363 0.8528 0.8252
68 0.8676 0.5984 0.8332 0.8315 0.8016
69 0.8675 0.5970 0.8328 0.8107 0.7750
70 0.8681 0.5960 0.8329 0.8520 0.8281
71 0.8638 0.6309 0.8295 0.7236 0.6875
72 0.8632 0.5995 0.8306 0.8503 0.8225
73 0.8664 0.6009 0.8318 0.7255 0.6947
74 0.8699 0.5775 0.8367 0.8398 0.8052
75 0.8733 0.5660 0.8414 0.8012 0.7707
76 0.8739 0.5509 0.8413 0.8059 0.7680
77 0.8734 0.5621 0.8421 0.8288 0.7960
78 0.8762 0.5597 0.8424 0.8119 0.7892
79 0.8763 0.5675 0.8464 0.8288 0.7971
80 0.8765 0.5429 0.8450 0.8315 0.8028
81 0.8814 0.5308 0.8497 0.8450 0.8204
82 0.8793 0.5398 0.8467 0.7976 0.7659
83 0.8807 0.5306 0.8482 0.8263 0.7899
84 0.8820 0.5308 0.8505 0.8079 0.7826
85 0.8811 0.5482 0.8494 0.8028 0.7661
86 0.8806 0.5358 0.8486 0.8240 0.7903
87 0.8764 0.5581 0.8442 0.8326 0.8048
88 0.8786 0.5400 0.8479 0.8267 0.7994
89 0.8793 0.5469 0.8484 0.8277 0.7962
90 0.8788 0.5309 0.8469 0.8459 0.8181
91 0.8854 0.5134 0.8542 0.8315 0.8064
92 0.8809 0.5344 0.8502 0.8201 0.7889
93 0.8778 0.5238 0.8482 0.8466 0.8194
94 0.8883 0.4997 0.8595 0.6582 0.6326
95 0.8705 0.5923 0.8404 0.8274 0.7946
96 0.8780 0.5515 0.8455 0.8404 0.8120
97 0.8789 0.5413 0.8481 0.8542 0.8291
98 0.8826 0.5065 0.8514 0.8602 0.8356
99 0.8811 0.5141 0.8497 0.8336 0.7976
100 0.8853 0.5250 0.8552 0.8505 0.8224
101 0.8857 0.4915 0.8542 0.8386 0.8088
102 0.8813 0.5143 0.8512 0.8133 0.7852
103 0.8818 0.5243 0.8511 0.8507 0.8258
104 0.8838 0.5064 0.8516 0.8241 0.7913
105 0.8815 0.5137 0.8527 0.7720 0.7463
106 0.8869 0.4997 0.8575 0.8538 0.8296
107 0.8900 0.4818 0.8605 0.8369 0.8083
108 0.8877 0.4902 0.8558 0.8029 0.7739
109 0.8901 0.4944 0.8622 0.8273 0.7950
110 0.8872 0.4939 0.8568 0.8382 0.8123
111 0.8938 0.4844 0.8647 0.8099 0.7728
112 0.8863 0.4975 0.8563 0.8401 0.8108
113 0.8897 0.4866 0.8601 0.8589 0.8280
114 0.8949 0.4479 0.8655 0.8322 0.8118
115 0.8957 0.4452 0.8649 0.8534 0.8269
116 0.8937 0.4880 0.8639 0.7974 0.7726
117 0.8870 0.5138 0.8587 0.7664 0.7260
118 0.8820 0.5187 0.8521 0.8539 0.8285
119 0.8914 0.4677 0.8625 0.7372 0.6905
120 0.8924 0.4427 0.8634 0.8656 0.8391
121 0.9007 0.4120 0.8732 0.8617 0.8379
122 0.9087 0.3894 0.8806 0.8623 0.8391
123 0.9157 0.3673 0.8897 0.8636 0.8410
124 0.9105 0.3882 0.8834 0.8617 0.8369
125 0.9123 0.3726 0.8860 0.8619 0.8397
126 0.9140 0.3583 0.8872 0.8622 0.8393
127 0.9049 0.3844 0.8777 0.8678 0.8468
128 0.9173 0.3474 0.8915 0.8653 0.8413
129 0.9134 0.3660 0.8844 0.8626 0.8394
130 0.9145 0.3645 0.8882 0.8625 0.8387
131 0.9098 0.3681 0.8831 0.8593 0.8370
132 0.9104 0.3698 0.8848 0.8713 0.8489
133 0.9124 0.3541 0.8855 0.8686 0.8454
134 0.9159 0.3402 0.8905 0.8646 0.8398
135 0.9122 0.3535 0.8884 0.8667 0.8454
136 0.9136 0.3475 0.8895 0.8592 0.8355
137 0.9093 0.3606 0.8842 0.8644 0.8377
138 0.9131 0.3522 0.8884 0.8677 0.8440
139 0.9133 0.3527 0.8868 0.8683 0.8435
140 0.9187 0.3495 0.8937 0.8715 0.8474
141 0.9152 0.3408 0.8905 0.8667 0.8416
142 0.9190 0.3345 0.8940 0.8675 0.8434
143 0.9147 0.3481 0.8898 0.8692 0.8460
144 0.9163 0.3385 0.8920 0.8657 0.8438
145 0.9121 0.3491 0.8871 0.8650 0.8400
146 0.9174 0.3258 0.8935 0.8657 0.8409
147 0.9163 0.3421 0.8923 0.8651 0.8431
148 0.9151 0.3383 0.8921 0.8661 0.8431
149 0.9194 0.3292 0.8965 0.8620 0.8382
150 0.9182 0.3296 0.8939 0.8621 0.8357
151 0.9183 0.3387 0.8923 0.8709 0.8459
152 0.9162 0.3336 0.8931 0.8648 0.8428
153 0.9176 0.3290 0.8934 0.8641 0.8398
154 0.9203 0.3233 0.8973 0.8665 0.8427
155 0.9185 0.3318 0.8955 0.8678 0.8451
156 0.9191 0.3218 0.8970 0.8641 0.8412
157 0.9202 0.3181 0.8969 0.8689 0.8464
158 0.9164 0.3255 0.8933 0.8709 0.8481
159 0.9183 0.3273 0.8948 0.8694 0.8460
160 0.9200 0.3183 0.8962 0.8721 0.8476
161 0.9227 0.3129 0.9012 0.8718 0.8474
162 0.9207 0.3188 0.8966 0.8725 0.8474
163 0.9226 0.3062 0.9005 0.8739 0.8495
164 0.9180 0.3243 0.8947 0.8738 0.8501
165 0.9191 0.3155 0.8950 0.8739 0.8512
166 0.9185 0.3230 0.8949 0.8710 0.8470
167 0.9257 0.2983 0.9044 0.8706 0.8468
168 0.9204 0.3209 0.8976 0.8722 0.8487
169 0.9225 0.3017 0.9015 0.8731 0.8483
170 0.9163 0.3210 0.8929 0.8680 0.8457
171 0.9254 0.3089 0.9013 0.8710 0.8476
172 0.9241 0.3104 0.9031 0.8722 0.8487
173 0.9190 0.3184 0.8963 0.8725 0.8487
174 0.9231 0.3059 0.9022 0.8702 0.8466
175 0.9194 0.3231 0.8962 0.8708 0.8477
176 0.9174 0.3210 0.8959 0.8708 0.8480
177 0.9204 0.3264 0.8967 0.8674 0.8438
178 0.9220 0.3118 0.9005 0.8711 0.8475
179 0.9227 0.3017 0.9003 0.8716 0.8470
180 0.9245 0.3111 0.9028 0.8703 0.8476
181 0.9167 0.3217 0.8938 0.8719 0.8494
182 0.9220 0.3118 0.8995 0.8698 0.8470
183 0.9189 0.3182 0.8958 0.8718 0.8484
184 0.9217 0.3135 0.8992 0.8728 0.8499
185 0.9229 0.3124 0.9001 0.8708 0.8482
186 0.9184 0.3189 0.8964 0.8720 0.8490
187 0.9234 0.3064 0.9005 0.8721 0.8492
188 0.9262 0.3033 0.9031 0.8706 0.8483
189 0.9227 0.3042 0.9011 0.8692 0.8453
190 0.9226 0.3096 0.9004 0.8732 0.8508
191 0.9222 0.3078 0.8985 0.8728 0.8502
192 0.9249 0.2979 0.9030 0.8754 0.8523
193 0.9281 0.2956 0.9078 0.8711 0.8493
194 0.9242 0.3042 0.9028 0.8711 0.8487
195 0.9252 0.3025 0.9043 0.8716 0.8501
196 0.9237 0.3031 0.9021 0.8714 0.8487
197 0.9228 0.2981 0.9014 0.8720 0.8499
198 0.9195 0.3094 0.8979 0.8677 0.8462
199 0.9255 0.2972 0.9044 0.8712 0.8483
