epoch train_BCELoss train_SoftDiceLoss train_iou train_loss train_mAP val_BCELoss val_SoftDiceLoss val_iou val_loss val_mAP
0 0.3381 0.4405 0.6265 1.1628 0.5674 0.3382 0.6439 0.6992 1.0293 0.6463
1 0.2738 0.3749 0.7004 0.9100 0.6500 0.3381 0.6449 0.7095 1.0343 0.6578
2 0.2398 0.3297 0.7384 0.7903 0.6885 0.2535 0.6226 0.7469 0.7735 0.7017
3 0.2228 0.3112 0.7613 0.7303 0.7124 0.2666 0.6077 0.7715 0.7920 0.7321
4 0.2036 0.2873 0.7810 0.6620 0.7365 0.1983 0.5888 0.7856 0.6523 0.7463
5 0.1971 0.2804 0.7891 0.6348 0.7489 0.1987 0.5922 0.7931 0.6334 0.7534
6 0.1968 0.2745 0.7898 0.6434 0.7448 0.2187 0.6035 0.7692 0.6887 0.7258
7 0.2022 0.2792 0.7833 0.6632 0.7397 0.2459 0.6303 0.7528 0.7322 0.7072
8 0.2018 0.2847 0.7800 0.6682 0.7353 0.2043 0.5898 0.7857 0.6886 0.7478
9 0.2146 0.2933 0.7743 0.7071 0.7286 0.2323 0.6102 0.7013 0.8729 0.6590
10 0.2092 0.2862 0.7746 0.6906 0.7311 0.2033 0.5936 0.7474 0.6877 0.7052
11 0.1937 0.2674 0.7949 0.6377 0.7558 0.2331 0.5986 0.7873 0.6933 0.7516
12 0.1762 0.2474 0.8051 0.5876 0.7653 0.1744 0.5632 0.8063 0.6006 0.7698
13 0.1598 0.2267 0.8199 0.5390 0.7819 0.1944 0.5747 0.8140 0.6001 0.7804
14 0.1524 0.2206 0.8291 0.5082 0.7922 0.1666 0.5618 0.8240 0.5423 0.7921
15 0.1443 0.2098 0.8369 0.4793 0.8019 0.1566 0.5517 0.8251 0.5229 0.7939
16 0.1377 0.1993 0.8409 0.4725 0.8044 0.1565 0.5503 0.8217 0.5354 0.7898
17 0.1413 0.1992 0.8324 0.4926 0.7948 0.1664 0.5560 0.8213 0.5568 0.7874
18 0.1565 0.2228 0.8169 0.5390 0.7783 0.1698 0.5559 0.8201 0.5802 0.7887
19 0.1658 0.2294 0.8217 0.5518 0.7839 0.2337 0.5918 0.7749 0.7503 0.7405
20 0.1695 0.2336 0.8161 0.5708 0.7757 0.2110 0.5929 0.7769 0.6662 0.7458
21 0.1766 0.2496 0.8129 0.5706 0.7748 0.2345 0.5864 0.7561 0.7488 0.7055
22 0.1563 0.2216 0.8283 0.5177 0.7912 0.1625 0.5492 0.8185 0.5673 0.7852
23 0.1332 0.1893 0.8400 0.4674 0.8038 0.1547 0.5323 0.8402 0.5256 0.8060
24 0.1196 0.1749 0.8578 0.4157 0.8218 0.1486 0.5323 0.8344 0.5195 0.8006
25 0.1119 0.1587 0.8634 0.3952 0.8274 0.1472 0.5285 0.8422 0.5094 0.8091
26 0.1140 0.1677 0.8561 0.4120 0.8206 0.1507 0.5283 0.8432 0.5249 0.8121
27 0.1217 0.1763 0.8517 0.4332 0.8143 0.1437 0.5336 0.8354 0.5068 0.8025
28 0.1370 0.1916 0.8441 0.4668 0.8059 0.1700 0.5454 0.8128 0.6147 0.7779
29 0.1413 0.1982 0.8394 0.4905 0.8031 0.2368 0.5998 0.7500 0.8025 0.7105
30 0.1491 0.2071 0.8290 0.5121 0.7928 0.1756 0.5567 0.8217 0.5583 0.7803
31 0.1434 0.2053 0.8385 0.4961 0.7989 0.1616 0.5448 0.8233 0.5519 0.7887
32 0.1253 0.1759 0.8461 0.4447 0.8109 0.1743 0.5524 0.8299 0.5700 0.7958
33 0.1169 0.1698 0.8610 0.4060 0.8264 0.1435 0.5294 0.8381 0.5239 0.8071
34 0.1061 0.1541 0.8689 0.3858 0.8358 0.1345 0.5179 0.8517 0.4819 0.8225
35 0.0935 0.1350 0.8713 0.3573 0.8403 0.1299 0.5132 0.8476 0.4855 0.8186
36 0.0968 0.1380 0.8713 0.3604 0.8363 0.1313 0.5240 0.8507 0.4635 0.8204
37 0.0977 0.1398 0.8725 0.3662 0.8397 0.1537 0.5294 0.8427 0.5446 0.8099
38 0.1227 0.1732 0.8524 0.4355 0.8171 0.1461 0.5376 0.8406 0.5234 0.8046
39 0.1282 0.1795 0.8486 0.4519 0.8116 0.1759 0.5452 0.8139 0.6299 0.7758
40 0.1358 0.1930 0.8371 0.4812 0.7984 0.1755 0.5634 0.8226 0.5496 0.7903
41 0.1405 0.1967 0.8417 0.4829 0.8085 0.1921 0.5702 0.7894 0.6703 0.7595
42 0.1293 0.1840 0.8454 0.4503 0.8104 0.1494 0.5412 0.8358 0.5304 0.8065
43 0.1072 0.1522 0.8629 0.3891 0.8303 0.1358 0.5237 0.8443 0.4939 0.8186
44 0.1039 0.1531 0.8700 0.3713 0.8377 0.1345 0.5144 0.8532 0.4846 0.8256
45 0.0966 0.1452 0.8758 0.3476 0.8411 0.1328 0.5136 0.8512 0.4866 0.8239
46 0.0927 0.1340 0.8799 0.3389 0.8480 0.1269 0.5140 0.8561 0.4700 0.8298
47 0.1016 0.1468 0.8762 0.3638 0.8447 0.1330 0.5043 0.8476 0.5174 0.8201
48 0.1048 0.1490 0.8666 0.3824 0.8308 0.1407 0.5209 0.8414 0.5075 0.8127
49 0.1098 0.1575 0.8619 0.4029 0.8262 0.1560 0.5280 0.8196 0.5653 0.7820
50 0.1315 0.1839 0.8489 0.4583 0.8092 0.1540 0.5336 0.8244 0.5501 0.7929
51 0.1266 0.1827 0.8453 0.4530 0.8097 0.1524 0.5495 0.8226 0.5282 0.7886
52 0.1072 0.1568 0.8630 0.3929 0.8313 0.1958 0.5483 0.8129 0.6933 0.7815
53 0.0973 0.1394 0.8708 0.3679 0.8372 0.1471 0.5252 0.8438 0.5253 0.8180
54 0.0850 0.1233 0.8820 0.3252 0.8499 0.1352 0.5129 0.8485 0.5067 0.8192
55 0.0845 0.1246 0.8892 0.3118 0.8565 0.1333 0.5115 0.8500 0.5024 0.8225
56 0.0752 0.1106 0.8931 0.2976 0.8604 0.1366 0.5079 0.8516 0.5208 0.8240
57 0.0797 0.1135 0.8828 0.3232 0.8515 0.1449 0.5037 0.8490 0.5530 0.8218
58 0.0886 0.1239 0.8773 0.3413 0.8413 0.1486 0.5251 0.8251 0.5772 0.7938
59 0.1065 0.1506 0.8638 0.3889 0.8281 0.2074 0.5473 0.8243 0.7455 0.7906
60 0.1271 0.1773 0.8506 0.4488 0.8143 0.1863 0.5577 0.7871 0.6669 0.7431
61 0.1124 0.1621 0.8654 0.4018 0.8333 0.4511 0.5658 0.7598 1.3856 0.7297
62 0.1129 0.1601 0.8600 0.4059 0.8262 0.1437 0.5136 0.8470 0.5321 0.8171
63 0.0888 0.1267 0.8791 0.3404 0.8462 0.1432 0.5179 0.8496 0.5157 0.8210
64 0.0816 0.1172 0.8844 0.3138 0.8527 0.1306 0.5032 0.8520 0.5029 0.8221
65 0.0731 0.1091 0.8942 0.2895 0.8623 0.1343 0.5032 0.8547 0.5119 0.8264
66 0.0719 0.1017 0.8984 0.2859 0.8678 0.1463 0.5052 0.8501 0.5450 0.8232
67 0.0788 0.1123 0.8904 0.3065 0.8613 0.1553 0.5114 0.8351 0.5765 0.8043
68 0.0868 0.1249 0.8843 0.3253 0.8499 0.1497 0.5258 0.8199 0.5768 0.7898
69 0.0900 0.1254 0.8826 0.3426 0.8488 0.1625 0.5196 0.8239 0.5895 0.7930
70 0.1080 0.1552 0.8631 0.4017 0.8260 0.1780 0.5479 0.7980 0.6389 0.7674
71 0.1028 0.1414 0.8731 0.3735 0.8383 0.1691 0.5723 0.8251 0.5460 0.7931
72 0.1004 0.1470 0.8711 0.3685 0.8376 0.1571 0.5126 0.8282 0.6334 0.7958
73 0.0830 0.1205 0.8832 0.3226 0.8510 0.1184 0.5053 0.8583 0.4826 0.8315
74 0.0712 0.1006 0.8943 0.2858 0.8633 0.1321 0.4976 0.8532 0.5323 0.8266
75 0.0625 0.0891 0.8956 0.2782 0.8663 0.1264 0.4960 0.8499 0.5162 0.8233
76 0.0668 0.0974 0.8942 0.2776 0.8622 0.1278 0.5001 0.8537 0.5109 0.8270
77 0.0666 0.0955 0.8980 0.2769 0.8666 0.1397 0.5086 0.8481 0.5328 0.8208
78 0.0755 0.1047 0.8858 0.3130 0.8560 0.1429 0.5160 0.8444 0.5124 0.8175
79 0.0949 0.1358 0.8791 0.3463 0.8433 0.1585 0.5219 0.8238 0.5822 0.7925
80 0.0976 0.1371 0.8641 0.3823 0.8287 0.1690 0.5175 0.8189 0.6566 0.7850
81 0.1006 0.1413 0.8692 0.3775 0.8313 0.1925 0.5059 0.8353 0.7027 0.8066
82 0.0759 0.1076 0.8855 0.3106 0.8554 0.1526 0.5135 0.8452 0.5491 0.8162
83 0.0678 0.0951 0.8996 0.2712 0.8688 0.1528 0.5015 0.8562 0.5776 0.8251
84 0.0597 0.0860 0.9030 0.2496 0.8699 0.1384 0.4965 0.8518 0.5417 0.8252
85 0.0578 0.0862 0.9101 0.2380 0.8801 0.1411 0.4960 0.8551 0.5511 0.8297
86 0.0568 0.0799 0.9053 0.2451 0.8749 0.1446 0.4941 0.8556 0.5548 0.8280
87 0.0649 0.0945 0.8990 0.2680 0.8686 0.1580 0.4973 0.8446 0.5990 0.8166
88 0.0586 0.0845 0.8984 0.2641 0.8680 0.1908 0.4949 0.8483 0.6795 0.8194
89 0.0746 0.1039 0.8865 0.3050 0.8532 0.2217 0.5254 0.8265 0.7409 0.7957
90 0.0910 0.1285 0.8724 0.3583 0.8382 0.3178 0.5956 0.7119 1.1154 0.6811
91 0.0939 0.1337 0.8782 0.3514 0.8441 0.1609 0.5288 0.8210 0.5860 0.7922
92 0.0783 0.1131 0.8802 0.3258 0.8433 0.1467 0.5221 0.8458 0.5331 0.8178
93 0.0694 0.1035 0.8956 0.2854 0.8632 0.1551 0.5130 0.8326 0.5874 0.8062
94 0.0610 0.0895 0.9045 0.2544 0.8742 0.1487 0.4940 0.8465 0.5798 0.8213
95 0.0559 0.0821 0.9067 0.2438 0.8782 0.1523 0.4960 0.8494 0.5833 0.8243
96 0.0549 0.0792 0.9064 0.2412 0.8763 0.1794 0.4948 0.8477 0.6486 0.8218
97 0.0579 0.0831 0.9019 0.2516 0.8717 0.1464 0.5049 0.8386 0.5718 0.8078
98 0.0607 0.0855 0.9020 0.2580 0.8716 0.1353 0.4957 0.8577 0.5394 0.8292
99 0.0779 0.1091 0.8893 0.3068 0.8557 0.1780 0.5355 0.7994 0.6806 0.7672
100 0.0916 0.1283 0.8751 0.3578 0.8407 0.1437 0.5113 0.8251 0.5772 0.7957
101 0.0835 0.1175 0.8888 0.3128 0.8576 0.1523 0.5235 0.8395 0.5945 0.8115
102 0.0652 0.0952 0.8940 0.2825 0.8631 0.1439 0.5043 0.8513 0.5577 0.8220
103 0.0587 0.0849 0.8987 0.2593 0.8674 0.1491 0.4963 0.8563 0.5586 0.8286
104 0.0544 0.0776 0.9059 0.2412 0.8791 0.1369 0.4928 0.8580 0.5297 0.8321
105 0.0485 0.0722 0.9073 0.2261 0.8799 0.1489 0.4935 0.8561 0.5637 0.8312
106 0.0539 0.0762 0.9108 0.2316 0.8822 0.1471 0.4920 0.8540 0.5568 0.8263
107 0.0490 0.0703 0.9088 0.2268 0.8793 0.1805 0.4895 0.8465 0.6647 0.8189
108 0.0611 0.0841 0.9029 0.2593 0.8700 0.1438 0.5024 0.8464 0.5753 0.8185
109 0.0762 0.1065 0.8858 0.3109 0.8539 0.1508 0.5136 0.8288 0.5773 0.8013
110 0.0754 0.1057 0.8860 0.3112 0.8551 0.1905 0.5414 0.8088 0.6864 0.7757
111 0.0854 0.1187 0.8871 0.3211 0.8546 0.1226 0.5133 0.8588 0.4904 0.8252
112 0.0635 0.0908 0.8978 0.2704 0.8700 0.1365 0.5139 0.8402 0.5226 0.8148
113 0.0658 0.0945 0.9012 0.2668 0.8715 0.1290 0.5047 0.8492 0.5312 0.8168
114 0.0538 0.0768 0.9074 0.2372 0.8789 0.1373 0.4893 0.8625 0.5460 0.8341
115 0.0470 0.0677 0.9115 0.2179 0.8815 0.1356 0.4878 0.8661 0.5409 0.8371
116 0.0458 0.0662 0.9106 0.2210 0.8830 0.1386 0.4960 0.8590 0.5483 0.8317
117 0.0451 0.0640 0.9140 0.2156 0.8854 0.1378 0.4896 0.8573 0.5376 0.8257
118 0.0614 0.0873 0.8977 0.2646 0.8641 0.1428 0.5046 0.8599 0.5284 0.8281
119 0.0600 0.0833 0.8997 0.2638 0.8702 0.1407 0.5019 0.8446 0.5367 0.8114
120 0.0784 0.1125 0.8871 0.3184 0.8556 0.1689 0.5225 0.8110 0.6498 0.7737
121 0.0800 0.1121 0.8879 0.3093 0.8542 0.2762 0.6001 0.7317 0.9244 0.6760
122 0.0679 0.0958 0.8975 0.2787 0.8669 0.1723 0.5046 0.8405 0.6283 0.8124
123 0.0555 0.0791 0.9050 0.2394 0.8742 0.1535 0.4934 0.8570 0.5852 0.8242
124 0.0497 0.0693 0.9133 0.2252 0.8859 0.1628 0.4914 0.8558 0.6035 0.8279
125 0.0445 0.0652 0.9126 0.2102 0.8848 0.1682 0.4909 0.8562 0.6153 0.8272
126 0.0452 0.0644 0.9132 0.2128 0.8849 0.1847 0.4921 0.8484 0.6522 0.8203
127 0.0446 0.0625 0.9178 0.2119 0.8902 0.1643 0.4922 0.8498 0.6256 0.8234
128 0.0540 0.0756 0.9092 0.2373 0.8792 0.1443 0.4964 0.8445 0.5612 0.8174
129 0.0682 0.0976 0.8945 0.2859 0.8634 0.2050 0.5175 0.8165 0.7321 0.7862
130 0.0740 0.1036 0.8892 0.3063 0.8574 0.1873 0.5247 0.8102 0.7525 0.7762
131 0.0818 0.1135 0.8893 0.3137 0.8545 0.1866 0.5471 0.8120 0.7222 0.7822
132 0.0620 0.0871 0.9024 0.2593 0.8727 0.1319 0.5154 0.8362 0.5153 0.8084
133 0.0529 0.0753 0.9092 0.2290 0.8794 0.1431 0.4955 0.8377 0.5941 0.8094
134 0.0454 0.0657 0.9155 0.2135 0.8882 0.1416 0.4906 0.8490 0.5697 0.8219
135 0.0427 0.0636 0.9217 0.1966 0.8947 0.1485 0.4900 0.8482 0.5874 0.8219
136 0.0420 0.0589 0.9202 0.2003 0.8943 0.1630 0.4828 0.8484 0.6435 0.8226
137 0.0437 0.0616 0.9160 0.2078 0.8871 0.1542 0.4928 0.8458 0.6140 0.8175
138 0.0535 0.0767 0.9059 0.2464 0.8743 0.1400 0.4942 0.8368 0.5796 0.8094
139 0.0582 0.0821 0.8991 0.2595 0.8673 0.2081 0.5293 0.8036 0.7539 0.7674
140 0.0886 0.1231 0.8804 0.3396 0.8450 0.1664 0.5574 0.7974 0.6219 0.7611
141 0.0808 0.1145 0.8853 0.3209 0.8512 0.1816 0.5204 0.8215 0.6749 0.7900
142 0.0612 0.0862 0.9026 0.2572 0.8725 0.1553 0.4950 0.8364 0.6068 0.8085
143 0.0508 0.0735 0.9076 0.2352 0.8782 0.1410 0.4985 0.8460 0.5703 0.8187
144 0.0468 0.0670 0.9154 0.2140 0.8873 0.1359 0.4887 0.8498 0.5501 0.8204
145 0.0448 0.0663 0.9166 0.2049 0.8877 0.1394 0.4885 0.8452 0.5606 0.8178
146 0.0426 0.0594 0.9189 0.2058 0.8924 0.1390 0.4883 0.8535 0.5513 0.8240
147 0.0443 0.0621 0.9125 0.2143 0.8819 0.1461 0.4950 0.8482 0.5801 0.8186
148 0.0566 0.0754 0.9077 0.2421 0.8781 0.1840 0.5112 0.8354 0.6893 0.8002
149 0.0774 0.1085 0.8931 0.2967 0.8655 0.1671 0.5406 0.8112 0.6316 0.7651
150 0.0662 0.0926 0.8976 0.2758 0.8673 0.2162 0.4953 0.8470 0.7488 0.8175
151 0.0673 0.0947 0.8959 0.2825 0.8630 0.1622 0.5018 0.8498 0.6129 0.8207
152 0.0515 0.0731 0.9115 0.2321 0.8816 0.1579 0.5014 0.8556 0.5860 0.8279
153 0.0439 0.0605 0.9179 0.2058 0.8909 0.1470 0.4954 0.8634 0.5645 0.8355
154 0.0403 0.0597 0.9213 0.1932 0.8943 0.1670 0.4944 0.8632 0.6050 0.8365
155 0.0391 0.0565 0.9203 0.1943 0.8952 0.1661 0.4933 0.8635 0.6028 0.8362
156 0.0395 0.0550 0.9216 0.1976 0.8950 0.1610 0.4928 0.8616 0.5890 0.8333
157 0.0387 0.0555 0.9208 0.1934 0.8932 0.1719 0.4923 0.8560 0.6364 0.8284
158 0.0499 0.0655 0.9139 0.2220 0.8843 0.1473 0.4959 0.8548 0.5709 0.8252
159 0.0545 0.0777 0.9082 0.2397 0.8773 0.1557 0.4944 0.8452 0.5908 0.8136
160 0.0610 0.0843 0.9013 0.2676 0.8694 0.2103 0.5457 0.7991 0.7752 0.7607
161 0.0655 0.0925 0.8961 0.2772 0.8671 0.2948 0.5273 0.8190 0.9690 0.7778
162 0.0544 0.0777 0.9085 0.2393 0.8786 0.1588 0.4911 0.8494 0.6286 0.8220
163 0.0425 0.0613 0.9165 0.2090 0.8864 0.1923 0.4866 0.8474 0.7212 0.8195
164 0.0404 0.0567 0.9234 0.1941 0.8959 0.1656 0.4852 0.8518 0.6292 0.8233
165 0.0399 0.0590 0.9191 0.1899 0.8925 0.1629 0.4845 0.8548 0.6214 0.8258
166 0.0375 0.0530 0.9252 0.1823 0.8978 0.2018 0.4823 0.8552 0.7273 0.8273
167 0.0385 0.0551 0.9166 0.1963 0.8879 0.1675 0.4864 0.8507 0.6287 0.8203
168 0.0382 0.0542 0.9227 0.1924 0.8941 0.1831 0.4845 0.8445 0.6863 0.8161
169 0.0476 0.0654 0.9156 0.2239 0.8853 0.1895 0.5006 0.8429 0.6896 0.8124
170 0.0506 0.0719 0.9080 0.2377 0.8780 0.1759 0.5133 0.8456 0.6445 0.8160
171 0.0592 0.0797 0.9071 0.2514 0.8756 0.1545 0.5139 0.8281 0.6222 0.7981
172 0.0553 0.0778 0.9103 0.2382 0.8822 0.1476 0.4866 0.8486 0.5781 0.8215
173 0.0418 0.0583 0.9154 0.2068 0.8858 0.1570 0.4919 0.8482 0.5990 0.8201
174 0.0417 0.0590 0.9225 0.1935 0.8968 0.1542 0.4845 0.8516 0.6032 0.8239
175 0.0378 0.0544 0.9213 0.1937 0.8947 0.1494 0.4836 0.8527 0.5851 0.8252
176 0.0364 0.0514 0.9273 0.1791 0.9033 0.1423 0.4876 0.8556 0.5640 0.8303
177 0.0383 0.0547 0.9217 0.1892 0.8939 0.1623 0.4827 0.8550 0.6236 0.8256
178 0.0400 0.0561 0.9206 0.1928 0.8943 0.2044 0.5030 0.8260 0.7469 0.7958
179 0.0546 0.0755 0.9036 0.2503 0.8749 0.1986 0.5235 0.8337 0.7011 0.8028
180 0.0599 0.0854 0.9023 0.2612 0.8705 0.1533 0.5222 0.8375 0.5844 0.8025
181 0.0690 0.0920 0.8938 0.2811 0.8636 0.1809 0.5113 0.8157 0.6814 0.7863
182 0.0530 0.0778 0.9128 0.2251 0.8852 0.1936 0.5048 0.8392 0.7391 0.8124
183 0.0474 0.0655 0.9166 0.2142 0.8890 0.1837 0.4848 0.8487 0.6800 0.8185
184 0.0365 0.0525 0.9224 0.1844 0.8970 0.1887 0.4804 0.8538 0.6961 0.8276
185 0.0381 0.0504 0.9278 0.1838 0.9010 0.1725 0.4797 0.8553 0.6506 0.8292
186 0.0357 0.0494 0.9265 0.1762 0.9014 0.1737 0.4803 0.8605 0.6469 0.8340
187 0.0376 0.0541 0.9219 0.1884 0.8945 0.1646 0.4795 0.8580 0.6342 0.8285
188 0.0380 0.0535 0.9180 0.1955 0.8898 0.2165 0.4896 0.8386 0.7915 0.8055
189 0.0438 0.0617 0.9149 0.2137 0.8852 0.1906 0.5413 0.8255 0.7108 0.7933
190 0.0668 0.0932 0.8961 0.2771 0.8655 0.1653 0.4936 0.8356 0.6852 0.8046
191 0.0651 0.0875 0.9069 0.2580 0.8770 0.1515 0.5048 0.8318 0.5751 0.7956
192 0.0611 0.0869 0.9049 0.2524 0.8750 0.1484 0.5059 0.8502 0.5536 0.8226
193 0.0494 0.0695 0.9162 0.2141 0.8894 0.1811 0.4951 0.8558 0.6571 0.8280
194 0.0398 0.0572 0.9235 0.1901 0.8966 0.1569 0.4899 0.8551 0.5990 0.8282
195 0.0377 0.0533 0.9231 0.1820 0.8991 0.1674 0.4876 0.8554 0.6307 0.8302
196 0.0397 0.0557 0.9242 0.1865 0.8985 0.1458 0.4846 0.8496 0.5829 0.8237
197 0.0374 0.0527 0.9227 0.1849 0.8948 0.1661 0.4874 0.8556 0.6176 0.8268
198 0.0396 0.0555 0.9216 0.1933 0.8938 0.2002 0.4943 0.8524 0.7198 0.8225
199 0.0490 0.0676 0.9130 0.2224 0.8848 0.1626 0.4926 0.8439 0.6205 0.8117
200 0.0727 0.0970 0.8959 0.2910 0.8657 0.2048 0.5350 0.8114 0.7568 0.7749
201 0.0765 0.1073 0.8954 0.2990 0.8667 0.1904 0.4906 0.8393 0.7121 0.8117
202 0.0539 0.0748 0.9099 0.2324 0.8818 0.1453 0.5013 0.8567 0.5588 0.8274
203 0.0474 0.0679 0.9150 0.2140 0.8874 0.1740 0.4892 0.8408 0.6786 0.8168
204 0.0366 0.0534 0.9256 0.1786 0.9009 0.1733 0.4858 0.8524 0.6510 0.8273
205 0.0348 0.0502 0.9226 0.1779 0.8962 0.1790 0.4850 0.8502 0.6659 0.8246
206 0.0361 0.0507 0.9283 0.1729 0.9030 0.1732 0.4814 0.8560 0.6564 0.8281
207 0.0349 0.0479 0.9253 0.1765 0.9007 0.1510 0.4828 0.8520 0.6110 0.8252
208 0.0367 0.0511 0.9237 0.1833 0.8967 0.1680 0.4903 0.8534 0.6387 0.8279
209 0.0432 0.0602 0.9180 0.2058 0.8908 0.1633 0.4963 0.8460 0.6485 0.8178
210 0.0571 0.0796 0.9063 0.2529 0.8758 0.2092 0.5243 0.7904 0.7963 0.7612
211 0.0649 0.0918 0.9007 0.2682 0.8695 0.2073 0.4996 0.8400 0.7552 0.8099
212 0.0518 0.0716 0.9090 0.2326 0.8798 0.1401 0.4948 0.8429 0.5286 0.8135
213 0.0427 0.0613 0.9234 0.1913 0.8958 0.1781 0.4869 0.8471 0.6780 0.8202
214 0.0346 0.0490 0.9270 0.1777 0.9008 0.1648 0.4843 0.8508 0.6317 0.8230
215 0.0355 0.0508 0.9262 0.1775 0.9024 0.1661 0.4823 0.8521 0.6391 0.8262
216 0.0319 0.0455 0.9323 0.1642 0.9078 0.1864 0.4798 0.8521 0.7017 0.8233
217 0.0367 0.0498 0.9213 0.1871 0.8940 0.1876 0.4904 0.8343 0.7264 0.8078
218 0.0353 0.0498 0.9269 0.1811 0.9018 0.1653 0.5005 0.8362 0.6492 0.8017
219 0.0383 0.0551 0.9229 0.1882 0.8957 0.1592 0.4926 0.8381 0.6604 0.8073
220 0.0478 0.0682 0.9091 0.2290 0.8812 0.2126 0.5323 0.8311 0.7864 0.7978
221 0.0587 0.0810 0.9033 0.2590 0.8743 0.1749 0.5218 0.8316 0.6737 0.8037
222 0.0408 0.0595 0.9178 0.2021 0.8922 0.2030 0.4974 0.8526 0.7155 0.8278
223 0.0406 0.0559 0.9231 0.1881 0.8969 0.1608 0.4910 0.8520 0.6172 0.8233
224 0.0333 0.0475 0.9319 0.1680 0.9083 0.1725 0.4888 0.8514 0.6486 0.8268
225 0.0314 0.0451 0.9298 0.1647 0.9052 0.1746 0.4912 0.8497 0.6532 0.8255
226 0.0306 0.0425 0.9294 0.1618 0.9056 0.1920 0.4855 0.8539 0.7052 0.8286
227 0.0308 0.0434 0.9269 0.1693 0.9018 0.1867 0.4853 0.8518 0.6846 0.8250
228 0.0321 0.0449 0.9266 0.1710 0.9018 0.1966 0.4837 0.8550 0.7057 0.8263
229 0.0345 0.0490 0.9268 0.1761 0.9012 0.2137 0.4895 0.8470 0.7841 0.8187
230 0.0456 0.0642 0.9124 0.2189 0.8836 0.1785 0.5034 0.8383 0.6843 0.8093
231 0.0504 0.0725 0.9083 0.2320 0.8811 0.1662 0.5004 0.8357 0.6410 0.8049
232 0.0417 0.0595 0.9200 0.2031 0.8932 0.1542 0.4878 0.8524 0.6198 0.8228
233 0.0383 0.0542 0.9227 0.1895 0.8981 0.1701 0.4843 0.8576 0.6266 0.8314
234 0.0326 0.0467 0.9270 0.1713 0.9016 0.1677 0.4818 0.8601 0.6240 0.8344
235 0.0312 0.0454 0.9308 0.1651 0.9078 0.1724 0.4800 0.8614 0.6367 0.8349
236 0.0314 0.0440 0.9289 0.1677 0.9044 0.1746 0.4843 0.8618 0.6310 0.8358
237 0.0348 0.0467 0.9264 0.1766 0.9010 0.1982 0.5120 0.8324 0.6915 0.7911
238 0.0415 0.0576 0.9167 0.2020 0.8900 0.1834 0.4884 0.8498 0.6922 0.8230
239 0.0398 0.0547 0.9205 0.1969 0.8936 0.1747 0.4896 0.8588 0.6772 0.8304
240 0.0512 0.0699 0.9091 0.2363 0.8804 0.1847 0.5240 0.8228 0.7004 0.7917
241 0.0666 0.0942 0.9024 0.2691 0.8721 0.1721 0.5082 0.8510 0.6373 0.8208
242 0.0420 0.0594 0.9180 0.2039 0.8900 0.1792 0.4930 0.8483 0.6423 0.8202
243 0.0432 0.0606 0.9207 0.2005 0.8956 0.1890 0.4918 0.8487 0.6629 0.8230
244 0.0377 0.0521 0.9265 0.1792 0.9018 0.1709 0.4883 0.8582 0.6171 0.8321
245 0.0335 0.0478 0.9279 0.1677 0.9051 0.1741 0.4874 0.8605 0.6280 0.8353
246 0.0316 0.0456 0.9328 0.1600 0.9102 0.1745 0.4800 0.8525 0.6604 0.8261
247 0.0318 0.0443 0.9306 0.1644 0.9068 0.2009 0.4823 0.8619 0.7087 0.8373
248 0.0385 0.0531 0.9271 0.1814 0.9026 0.1440 0.4935 0.8547 0.5655 0.8261
249 0.0474 0.0654 0.9205 0.2074 0.8929 0.1458 0.4927 0.8360 0.5869 0.8061
