epoch train_BCELoss train_SoftDiceLoss train_iou train_loss train_mAP val_BCELoss val_SoftDiceLoss val_iou val_loss val_mAP
0 0.5155 0.6080 0.2566 1.1229 0.2043 0.3855 0.7044 0.5357 1.0895 0.4463
1 0.2712 0.2636 0.6731 0.5349 0.6057 0.2776 0.5833 0.6505 0.8612 0.5844
2 0.2248 0.2108 0.7147 0.4359 0.6581 0.2446 0.5674 0.7237 0.8126 0.6810
3 0.2144 0.1920 0.7298 0.4068 0.6750 0.2315 0.5621 0.7216 0.7943 0.6679
4 0.2014 0.1825 0.7472 0.3845 0.6952 0.2070 0.5627 0.7380 0.7703 0.6946
5 0.1781 0.1653 0.7651 0.3441 0.7179 0.2228 0.5340 0.7712 0.7578 0.7339
6 0.1756 0.1587 0.7732 0.3351 0.7266 0.1972 0.5242 0.7648 0.7224 0.7109
7 0.1501 0.1417 0.7933 0.2927 0.7486 0.1829 0.5175 0.7877 0.7016 0.7535
8 0.1243 0.1205 0.8088 0.2458 0.7702 0.1937 0.5054 0.8081 0.7003 0.7678
9 0.1214 0.1111 0.8243 0.2334 0.7857 0.1804 0.5103 0.8003 0.6919 0.7700
10 0.1086 0.1096 0.8296 0.2192 0.7922 0.1846 0.5080 0.8012 0.6939 0.7692
11 0.1027 0.0979 0.8333 0.2016 0.7940 0.2020 0.5098 0.8033 0.7131 0.7742
12 0.1142 0.1070 0.8221 0.2221 0.7840 0.2091 0.5153 0.8013 0.7256 0.7709
13 0.1216 0.1105 0.8219 0.2331 0.7828 0.2088 0.5129 0.8046 0.7230 0.7696
14 0.1305 0.1188 0.8179 0.2503 0.7786 0.1574 0.4994 0.8161 0.6581 0.7812
15 0.1373 0.1197 0.8230 0.2580 0.7838 0.2002 0.5210 0.7921 0.7224 0.7589
16 0.1191 0.1085 0.8262 0.2286 0.7852 0.1822 0.5055 0.8115 0.6890 0.7734
17 0.1132 0.0999 0.8376 0.2142 0.7994 0.2158 0.5049 0.8026 0.7221 0.7713
18 0.0888 0.0839 0.8464 0.1739 0.8128 0.1861 0.5013 0.8169 0.6888 0.7880
19 0.0773 0.0741 0.8594 0.1527 0.8250 0.1963 0.4940 0.8237 0.6919 0.7951
20 0.0680 0.0678 0.8648 0.1370 0.8329 0.1996 0.4908 0.8271 0.6919 0.7942
21 0.0705 0.0659 0.8685 0.1376 0.8358 0.1979 0.4939 0.8267 0.6932 0.7983
22 0.0828 0.0758 0.8518 0.1597 0.8182 0.2096 0.5002 0.8185 0.7113 0.7846
23 0.0828 0.0730 0.8630 0.1571 0.8297 0.2342 0.4901 0.8172 0.7259 0.7845
24 0.1004 0.0856 0.8457 0.1872 0.8112 0.2596 0.5055 0.8109 0.7665 0.7826
25 0.0970 0.0842 0.8465 0.1824 0.8092 0.2014 0.5047 0.8109 0.7073 0.7708
26 0.0974 0.0882 0.8431 0.1868 0.8042 0.2015 0.4979 0.8276 0.7010 0.7895
27 0.0869 0.0778 0.8537 0.1660 0.8202 0.2538 0.4873 0.8272 0.7427 0.7909
28 0.0742 0.0661 0.8668 0.1416 0.8354 0.2156 0.4821 0.8399 0.6993 0.8070
29 0.0609 0.0562 0.8775 0.1185 0.8470 0.2067 0.4779 0.8470 0.6863 0.8145
30 0.0581 0.0564 0.8816 0.1159 0.8504 0.2079 0.4802 0.8493 0.6898 0.8173
31 0.0608 0.0545 0.8770 0.1167 0.8491 0.2103 0.4829 0.8437 0.6949 0.8123
32 0.0592 0.0552 0.8762 0.1157 0.8454 0.2287 0.4841 0.8406 0.7145 0.8083
33 0.0831 0.0711 0.8650 0.1555 0.8320 0.2388 0.4957 0.8256 0.7362 0.7929
34 0.0820 0.0712 0.8663 0.1545 0.8334 0.2675 0.4932 0.8193 0.7624 0.7870
35 0.1073 0.0953 0.8439 0.2038 0.8098 0.2420 0.5159 0.8008 0.7594 0.7657
36 0.0913 0.0795 0.8510 0.1720 0.8149 0.2032 0.4962 0.8200 0.7010 0.7867
37 0.0726 0.0657 0.8665 0.1397 0.8351 0.2366 0.4847 0.8240 0.7230 0.7904
38 0.0643 0.0605 0.8715 0.1262 0.8410 0.2529 0.4824 0.8372 0.7370 0.8083
39 0.0544 0.0494 0.8827 0.1053 0.8542 0.2399 0.4750 0.8457 0.7167 0.8174
40 0.0515 0.0468 0.8876 0.0999 0.8600 0.2320 0.4716 0.8521 0.7054 0.8218
41 0.0534 0.0484 0.8839 0.1032 0.8542 0.2382 0.4732 0.8485 0.7133 0.8159
42 0.0561 0.0506 0.8849 0.1082 0.8579 0.2117 0.4778 0.8353 0.6914 0.8060
43 0.0635 0.0561 0.8779 0.1209 0.8480 0.2071 0.4774 0.8327 0.6862 0.8004
44 0.0642 0.0580 0.8752 0.1236 0.8427 0.3040 0.4787 0.8382 0.7844 0.8053
45 0.0751 0.0643 0.8683 0.1407 0.8351 0.2488 0.4966 0.8232 0.7470 0.7861
46 0.0795 0.0695 0.8648 0.1504 0.8329 0.3188 0.5021 0.8234 0.8225 0.7905
47 0.0675 0.0608 0.8747 0.1297 0.8446 0.2240 0.4750 0.8302 0.7007 0.8004
48 0.0533 0.0489 0.8874 0.1037 0.8588 0.2343 0.4824 0.8413 0.7186 0.8117
49 0.0505 0.0470 0.8888 0.0989 0.8601 0.2193 0.4736 0.8477 0.6947 0.8163
50 0.0440 0.0432 0.8983 0.0888 0.8717 0.2276 0.4769 0.8479 0.7063 0.8177
51 0.0463 0.0422 0.8925 0.0901 0.8647 0.2549 0.4783 0.8487 0.7350 0.8175
52 0.0509 0.0474 0.8887 0.0998 0.8604 0.2525 0.4867 0.8393 0.7409 0.8037
53 0.0504 0.0464 0.8868 0.0983 0.8573 0.2440 0.4807 0.8321 0.7265 0.7970
54 0.0697 0.0578 0.8738 0.1290 0.8435 0.2479 0.4777 0.8277 0.7273 0.7883
55 0.0754 0.0670 0.8607 0.1438 0.8273 0.3541 0.5107 0.8074 0.8666 0.7709
56 0.0712 0.0610 0.8768 0.1336 0.8469 0.2081 0.4896 0.8322 0.6994 0.8019
57 0.0627 0.0592 0.8776 0.1234 0.8504 0.2691 0.4736 0.8355 0.7446 0.8056
58 0.0547 0.0490 0.8890 0.1052 0.8612 0.2368 0.4754 0.8461 0.7141 0.8138
59 0.0492 0.0436 0.8920 0.0943 0.8674 0.2329 0.4713 0.8465 0.7061 0.8177
60 0.0424 0.0394 0.8962 0.0833 0.8697 0.2364 0.4723 0.8463 0.7105 0.8186
61 0.0448 0.0416 0.8954 0.0879 0.8702 0.2477 0.4750 0.8506 0.7245 0.8207
62 0.0462 0.0406 0.8954 0.0884 0.8708 0.2496 0.4721 0.8594 0.7236 0.8291
63 0.0471 0.0423 0.8912 0.0909 0.8632 0.2739 0.4770 0.8493 0.7527 0.8147
64 0.0571 0.0504 0.8825 0.1089 0.8566 0.2769 0.4901 0.8321 0.7689 0.7981
65 0.0653 0.0575 0.8724 0.1242 0.8405 0.3063 0.4969 0.8237 0.8048 0.7894
66 0.0551 0.0504 0.8788 0.1070 0.8487 0.3063 0.4795 0.8345 0.7876 0.7954
67 0.0632 0.0542 0.8782 0.1189 0.8471 0.2105 0.4789 0.8453 0.6913 0.8161
68 0.0500 0.0462 0.8894 0.0978 0.8626 0.2106 0.4746 0.8459 0.6871 0.8159
69 0.0409 0.0395 0.9017 0.0820 0.8753 0.2353 0.4712 0.8547 0.7084 0.8213
70 0.0384 0.0369 0.9064 0.0770 0.8829 0.2442 0.4699 0.8545 0.7161 0.8227
71 0.0417 0.0385 0.8971 0.0818 0.8733 0.2466 0.4718 0.8575 0.7203 0.8243
72 0.0439 0.0390 0.8999 0.0845 0.8745 0.2302 0.4678 0.8476 0.6999 0.8161
73 0.0449 0.0407 0.8960 0.0872 0.8701 0.2316 0.4802 0.8443 0.7137 0.8126
74 0.0577 0.0518 0.8752 0.1110 0.8452 0.2413 0.4822 0.8351 0.7253 0.8020
75 0.0578 0.0499 0.8866 0.1091 0.8581 0.2721 0.4823 0.8356 0.7564 0.8017
76 0.0591 0.0522 0.8842 0.1128 0.8547 0.2922 0.4804 0.8401 0.7744 0.8115
77 0.0543 0.0478 0.8873 0.1036 0.8613 0.2635 0.4769 0.8493 0.7422 0.8171
78 0.0438 0.0407 0.8964 0.0861 0.8695 0.2461 0.4703 0.8500 0.7183 0.8169
79 0.0375 0.0351 0.9070 0.0743 0.8817 0.2485 0.4663 0.8510 0.7168 0.8189
80 0.0350 0.0331 0.9050 0.0697 0.8799 0.2591 0.4641 0.8534 0.7252 0.8221
81 0.0374 0.0348 0.9025 0.0739 0.8787 0.2721 0.4716 0.8555 0.7456 0.8237
82 0.0380 0.0347 0.9064 0.0744 0.8805 0.2451 0.4641 0.8490 0.7110 0.8143
83 0.0412 0.0380 0.9030 0.0809 0.8773 0.2438 0.4748 0.8413 0.7205 0.8097
84 0.0462 0.0424 0.8925 0.0902 0.8647 0.2196 0.4824 0.8433 0.7037 0.8072
85 0.0597 0.0521 0.8769 0.1133 0.8478 0.2840 0.4737 0.8230 0.7597 0.7788
86 0.0533 0.0479 0.8844 0.1027 0.8571 0.2818 0.4744 0.8416 0.7581 0.8061
87 0.0450 0.0409 0.9037 0.0875 0.8776 0.3292 0.4847 0.8423 0.8157 0.8118
88 0.0424 0.0384 0.8990 0.0824 0.8748 0.2949 0.4779 0.8457 0.7746 0.8117
89 0.0370 0.0342 0.9038 0.0729 0.8800 0.3134 0.4760 0.8491 0.7913 0.8209
90 0.0344 0.0313 0.9077 0.0675 0.8839 0.3041 0.4743 0.8493 0.7804 0.8200
91 0.0327 0.0307 0.9105 0.0652 0.8877 0.2644 0.4782 0.8480 0.7444 0.8155
92 0.0375 0.0341 0.9095 0.0733 0.8862 0.2624 0.4745 0.8436 0.7388 0.8127
93 0.0377 0.0353 0.9037 0.0748 0.8791 0.2611 0.4728 0.8483 0.7357 0.8143
94 0.0367 0.0341 0.8995 0.0724 0.8741 0.3519 0.4919 0.8412 0.8456 0.8107
95 0.0602 0.0511 0.8838 0.1129 0.8543 0.2155 0.4675 0.8447 0.6849 0.8065
96 0.0542 0.0495 0.8890 0.1053 0.8597 0.2395 0.4617 0.8286 0.7030 0.7983
97 0.0436 0.0404 0.8972 0.0856 0.8726 0.2790 0.4745 0.8453 0.7553 0.8155
98 0.0412 0.0374 0.9043 0.0803 0.8798 0.2299 0.4685 0.8475 0.7003 0.8153
99 0.0332 0.0310 0.9132 0.0659 0.8907 0.2507 0.4612 0.8582 0.7139 0.8276
