epoch train_iou train_loss train_mAP val_iou val_mAP
0 0.6209 1.1697 0.5509 0.6526 0.5685
1 0.7170 0.8976 0.6495 0.7419 0.6763
2 0.7479 0.7957 0.6907 0.7471 0.6850
3 0.7742 0.7152 0.7227 0.7772 0.7356
4 0.7942 0.6541 0.7445 0.7916 0.7512
5 0.7981 0.6275 0.7502 0.7924 0.7554
6 0.8040 0.6218 0.7537 0.7874 0.7486
7 0.7926 0.6414 0.7428 0.7842 0.7478
8 0.7919 0.6563 0.7445 0.7794 0.7379
9 0.7934 0.6566 0.7434 0.8026 0.7694
10 0.7888 0.6723 0.7411 0.7811 0.7483
11 0.8083 0.6205 0.7649 0.7912 0.7547
12 0.8178 0.5696 0.7768 0.8077 0.7774
13 0.8317 0.5267 0.7919 0.8131 0.7745
14 0.8358 0.5053 0.7962 0.8198 0.7885
15 0.8462 0.4783 0.8080 0.8249 0.7939
16 0.8448 0.4716 0.8053 0.8290 0.7994
17 0.8399 0.5012 0.7968 0.8215 0.7901
18 0.8406 0.5115 0.8008 0.7967 0.7558
19 0.8268 0.5400 0.7822 0.8075 0.7764
20 0.8215 0.5694 0.7796 0.8126 0.7892
21 0.8344 0.5129 0.7943 0.7994 0.7713
22 0.8368 0.5035 0.7985 0.8292 0.7999
23 0.8532 0.4492 0.8158 0.8238 0.7900
24 0.8572 0.4435 0.8201 0.8394 0.8103
25 0.8613 0.4189 0.8250 0.8375 0.8090
26 0.8596 0.4186 0.8234 0.8383 0.8096
27 0.8564 0.4380 0.8186 0.8235 0.8007
28 0.8540 0.4429 0.8173 0.8338 0.8046
29 0.8482 0.4732 0.8111 0.8085 0.7649
30 0.8362 0.5329 0.7966 0.8091 0.7839
31 0.8365 0.5053 0.8007 0.8009 0.7742
32 0.8480 0.4781 0.8111 0.8255 0.7887
33 0.8599 0.4297 0.8214 0.8344 0.8055
34 0.8660 0.4032 0.8304 0.8458 0.8171
35 0.8784 0.3652 0.8437 0.8468 0.8191
36 0.8709 0.3765 0.8364 0.8418 0.8118
37 0.8698 0.3787 0.8332 0.8408 0.8118
38 0.8646 0.4136 0.8284 0.8241 0.7930
39 0.8548 0.4476 0.8163 0.7968 0.7696
40 0.8393 0.5058 0.8021 0.8214 0.7941
41 0.8532 0.4698 0.8168 0.8306 0.8011
42 0.8556 0.4383 0.8203 0.8349 0.8087
43 0.8704 0.3931 0.8371 0.8410 0.8154
44 0.8757 0.3688 0.8440 0.8406 0.8148
45 0.8828 0.3464 0.8505 0.8443 0.8191
46 0.8807 0.3496 0.8457 0.8419 0.8165
47 0.8778 0.3639 0.8434 0.8431 0.8145
48 0.8662 0.4054 0.8319 0.8454 0.8213
49 0.8626 0.4321 0.8250 0.8330 0.8046
50 0.8582 0.4352 0.8240 0.8309 0.8061
51 0.8676 0.4109 0.8326 0.8390 0.8162
52 0.8677 0.4002 0.8329 0.8384 0.8114
53 0.8748 0.3695 0.8417 0.8351 0.8085
54 0.8841 0.3345 0.8505 0.8445 0.8180
55 0.8926 0.3117 0.8611 0.8411 0.8161
56 0.8876 0.3210 0.8539 0.8471 0.8192
57 0.8870 0.3391 0.8554 0.8449 0.8192
58 0.8794 0.3529 0.8441 0.8105 0.7802
59 0.8739 0.3813 0.8388 0.8330 0.8108
60 0.8683 0.4120 0.8331 0.8353 0.8022
61 0.8740 0.3924 0.8389 0.8250 0.7996
62 0.8700 0.3824 0.8362 0.8302 0.8088
63 0.8811 0.3435 0.8497 0.8392 0.8151
64 0.8914 0.2956 0.8594 0.8442 0.8184
65 0.8908 0.2891 0.8573 0.8448 0.8203
66 0.8952 0.2946 0.8621 0.8486 0.8234
67 0.8934 0.2945 0.8610 0.8402 0.8163
68 0.8872 0.3301 0.8536 0.8457 0.8192
69 0.8784 0.3547 0.8450 0.8410 0.8115
70 0.8682 0.4156 0.8333 0.8074 0.7772
71 0.8773 0.3745 0.8433 0.8477 0.8191
72 0.8814 0.3530 0.8493 0.8399 0.8137
73 0.8941 0.3066 0.8606 0.8481 0.8208
74 0.8957 0.2990 0.8631 0.8541 0.8273
75 0.8939 0.2888 0.8639 0.8523 0.8254
76 0.8942 0.2904 0.8614 0.8519 0.8248
77 0.8970 0.3049 0.8676 0.8398 0.8144
78 0.8920 0.3114 0.8595 0.8450 0.8173
79 0.8904 0.3139 0.8571 0.8255 0.8034
80 0.8786 0.3639 0.8445 0.8412 0.8169
81 0.8830 0.3535 0.8488 0.8530 0.8239
82 0.8866 0.3216 0.8566 0.8089 0.7806
83 0.8980 0.2882 0.8660 0.8554 0.8299
84 0.8994 0.2783 0.8674 0.8462 0.8202
85 0.8998 0.2659 0.8693 0.8504 0.8266
86 0.9015 0.2643 0.8721 0.8444 0.8209
87 0.9026 0.2625 0.8714 0.8482 0.8257
88 0.8981 0.2961 0.8662 0.8365 0.8083
89 0.8944 0.3046 0.8605 0.8395 0.8071
90 0.8897 0.3255 0.8575 0.8310 0.8044
91 0.8871 0.3382 0.8530 0.8389 0.8135
92 0.8913 0.3105 0.8605 0.8308 0.8069
93 0.8939 0.3043 0.8609 0.8574 0.8322
94 0.9013 0.2677 0.8705 0.8550 0.8291
95 0.9053 0.2587 0.8756 0.8579 0.8329
96 0.9051 0.2576 0.8755 0.8524 0.8268
97 0.9062 0.2543 0.8766 0.8505 0.8216
98 0.9001 0.2838 0.8667 0.8476 0.8224
99 0.8946 0.3023 0.8621 0.8527 0.8252
100 0.8993 0.2908 0.8697 0.8531 0.8299
101 0.9092 0.2562 0.8795 0.8611 0.8341
102 0.9048 0.2589 0.8753 0.8574 0.8325
103 0.9118 0.2374 0.8820 0.8573 0.8323
104 0.9106 0.2378 0.8823 0.8595 0.8338
105 0.9146 0.2295 0.8849 0.8616 0.8361
106 0.9123 0.2357 0.8825 0.8579 0.8299
107 0.9141 0.2287 0.8857 0.8525 0.8273
108 0.9119 0.2316 0.8820 0.8588 0.8314
109 0.9097 0.2374 0.8794 0.8483 0.8225
110 0.9078 0.2538 0.8769 0.8626 0.8369
111 0.9104 0.2478 0.8805 0.8551 0.8261
112 0.9029 0.2564 0.8728 0.8579 0.8312
113 0.9156 0.2262 0.8866 0.8628 0.8347
114 0.9167 0.2245 0.8894 0.8598 0.8321
115 0.9129 0.2250 0.8842 0.8617 0.8346
116 0.9212 0.2093 0.8928 0.8629 0.8356
117 0.9132 0.2212 0.8854 0.8580 0.8304
118 0.9163 0.2167 0.8869 0.8600 0.8338
119 0.9140 0.2348 0.8864 0.8466 0.8187
120 0.9034 0.2802 0.8749 0.8490 0.8202
121 0.9099 0.2487 0.8814 0.8535 0.8272
122 0.9057 0.2477 0.8757 0.8533 0.8281
123 0.9169 0.2252 0.8894 0.8568 0.8317
124 0.9162 0.2256 0.8898 0.8604 0.8363
125 0.9176 0.2175 0.8909 0.8600 0.8353
126 0.9146 0.2183 0.8867 0.8617 0.8363
127 0.9140 0.2256 0.8866 0.8570 0.8308
128 0.9143 0.2218 0.8852 0.8572 0.8309
129 0.9124 0.2339 0.8830 0.8380 0.8167
130 0.9061 0.2525 0.8767 0.8419 0.8184
131 0.9133 0.2401 0.8836 0.8482 0.8215
132 0.9146 0.2267 0.8873 0.8539 0.8302
133 0.9171 0.2214 0.8877 0.8592 0.8331
134 0.9171 0.2087 0.8894 0.8593 0.8344
135 0.9208 0.2098 0.8934 0.8593 0.8337
136 0.9202 0.2073 0.8918 0.8617 0.8339
137 0.9189 0.2116 0.8913 0.8604 0.8334
138 0.9180 0.2130 0.8918 0.8646 0.8386
139 0.9133 0.2268 0.8872 0.8491 0.8249
140 0.9088 0.2400 0.8805 0.8484 0.8262
141 0.9185 0.2214 0.8920 0.8499 0.8232
142 0.9145 0.2138 0.8858 0.8547 0.8269
143 0.9193 0.1999 0.8942 0.8579 0.8319
144 0.9236 0.1971 0.8965 0.8552 0.8302
145 0.9214 0.1964 0.8934 0.8602 0.8322
146 0.9214 0.1953 0.8963 0.8566 0.8302
147 0.9222 0.1955 0.8970 0.8499 0.8246
148 0.9203 0.2128 0.8934 0.8543 0.8275
149 0.9192 0.2137 0.8927 0.8506 0.8291
150 0.9160 0.2288 0.8879 0.8419 0.8154
151 0.9123 0.2373 0.8833 0.8487 0.8250
152 0.9157 0.2221 0.8884 0.8564 0.8319
153 0.9180 0.2144 0.8920 0.8523 0.8276
154 0.9191 0.2042 0.8929 0.8562 0.8300
155 0.9187 0.2055 0.8927 0.8571 0.8322
156 0.9254 0.1902 0.8996 0.8519 0.8251
157 0.9243 0.2012 0.8989 0.8517 0.8264
158 0.9178 0.2051 0.8933 0.8605 0.8321
159 0.9205 0.2009 0.8944 0.8606 0.8341
160 0.9191 0.2002 0.8925 0.8623 0.8368
161 0.9199 0.1959 0.8928 0.8629 0.8373
162 0.9222 0.1944 0.8950 0.8610 0.8346
163 0.9249 0.1855 0.8991 0.8626 0.8377
164 0.9223 0.1940 0.8965 0.8580 0.8313
165 0.9284 0.1793 0.9030 0.8626 0.8369
166 0.9266 0.1793 0.9018 0.8618 0.8346
167 0.9217 0.1908 0.8956 0.8630 0.8374
168 0.9224 0.1909 0.8969 0.8581 0.8316
169 0.9283 0.1799 0.9034 0.8601 0.8341
170 0.9234 0.1910 0.8980 0.8585 0.8327
171 0.9291 0.1754 0.9048 0.8548 0.8276
172 0.9265 0.1775 0.9022 0.8573 0.8310
173 0.9248 0.1848 0.8987 0.8615 0.8347
174 0.9258 0.1830 0.9006 0.8611 0.8338
175 0.9260 0.1814 0.9000 0.8610 0.8344
176 0.9272 0.1798 0.9033 0.8611 0.8350
177 0.9239 0.1841 0.8975 0.8614 0.8339
178 0.9304 0.1771 0.9065 0.8635 0.8373
179 0.9291 0.1738 0.9053 0.8616 0.8346
180 0.9261 0.1814 0.8999 0.8617 0.8355
181 0.9266 0.1814 0.9011 0.8587 0.8331
182 0.9250 0.1804 0.8988 0.8608 0.8343
183 0.9250 0.1783 0.9006 0.8615 0.8340
184 0.9274 0.1776 0.9038 0.8600 0.8326
185 0.9272 0.1821 0.9026 0.8599 0.8335
186 0.9291 0.1731 0.9043 0.8620 0.8355
187 0.9297 0.1713 0.9072 0.8636 0.8365
188 0.9262 0.1768 0.9002 0.8593 0.8333
189 0.9265 0.1761 0.8998 0.8620 0.8357
190 0.9259 0.1813 0.9000 0.8618 0.8345
191 0.9278 0.1790 0.9041 0.8592 0.8335
192 0.9236 0.1826 0.8989 0.8629 0.8379
193 0.9255 0.1766 0.9009 0.8618 0.8361
194 0.9270 0.1808 0.9017 0.8656 0.8391
195 0.9322 0.1679 0.9080 0.8631 0.8375
196 0.9256 0.1798 0.9017 0.8604 0.8341
197 0.9311 0.1710 0.9058 0.8617 0.8359
198 0.9322 0.1677 0.9068 0.8647 0.8385
199 0.9281 0.1751 0.9029 0.8587 0.8321
