epoch train_iou train_loss train_mAP val_iou val_mAP
0 0.5478 1.1703 0.5076 0.7023 0.6389
1 0.5898 0.9625 0.5465 0.7324 0.6745
2 0.5623 0.8741 0.5197 0.7600 0.7044
3 0.5814 0.8382 0.5394 0.7868 0.7441
4 0.5906 0.7804 0.5451 0.7939 0.7516
5 0.5801 0.7884 0.5384 0.7962 0.7552
6 0.5761 0.7743 0.5355 0.7980 0.7517
7 0.5665 0.7736 0.5233 0.8073 0.7596
8 0.5831 0.7835 0.5419 0.7924 0.7406
9 0.5753 0.8066 0.5313 0.7947 0.7522
10 0.5808 0.7845 0.5374 0.7988 0.7645
11 0.5884 0.7153 0.5461 0.8165 0.7721
12 0.5768 0.7154 0.5340 0.8284 0.7864
13 0.5895 0.6513 0.5448 0.8194 0.7815
14 0.5783 0.6295 0.5355 0.8306 0.7924
15 0.5743 0.6320 0.5306 0.8305 0.7924
16 0.5857 0.6398 0.5415 0.8268 0.7927
17 0.5758 0.6231 0.5347 0.8259 0.7899
18 0.5856 0.6393 0.5413 0.8062 0.7678
19 0.5802 0.6945 0.5371 0.8277 0.7885
20 0.5859 0.7138 0.5435 0.8271 0.7852
21 0.5765 0.6380 0.5320 0.8248 0.7820
22 0.5782 0.6216 0.5375 0.8335 0.7960
23 0.5927 0.5990 0.5476 0.8308 0.7935
24 0.5891 0.5778 0.5452 0.8352 0.7988
25 0.5751 0.5571 0.5328 0.8359 0.8018
26 0.5798 0.5637 0.5329 0.8278 0.7959
27 0.5952 0.5765 0.5482 0.8325 0.7986
28 0.5801 0.5846 0.5338 0.8177 0.7798
29 0.5845 0.6241 0.5412 0.8266 0.7868
30 0.5779 0.6193 0.5360 0.8240 0.7843
31 0.5878 0.6046 0.5416 0.8260 0.7934
32 0.5663 0.5771 0.5228 0.8321 0.7987
33 0.5801 0.5600 0.5351 0.8478 0.8126
34 0.5765 0.5230 0.5309 0.8462 0.8133
35 0.5802 0.5206 0.5328 0.8495 0.8174
36 0.5794 0.5484 0.5339 0.8447 0.8121
37 0.5787 0.5428 0.5356 0.8367 0.8067
38 0.5865 0.5346 0.5395 0.8414 0.8010
39 0.5862 0.5698 0.5384 0.8203 0.7761
40 0.5762 0.6204 0.5331 0.8293 0.7948
41 0.5751 0.5819 0.5292 0.8305 0.8025
42 0.5714 0.5560 0.5268 0.8374 0.8058
43 0.5830 0.5246 0.5402 0.8422 0.8094
44 0.5773 0.5004 0.5331 0.8471 0.8149
45 0.5648 0.4859 0.5187 0.8466 0.8130
46 0.5815 0.4717 0.5328 0.8426 0.8087
47 0.5689 0.5071 0.5225 0.8482 0.8150
48 0.5855 0.4987 0.5405 0.8428 0.8083
49 0.5792 0.5028 0.5366 0.8247 0.7916
50 0.5791 0.5269 0.5340 0.8017 0.7623
51 0.5726 0.5347 0.5304 0.7916 0.7559
52 0.5866 0.5013 0.5345 0.8463 0.8131
53 0.5926 0.4910 0.5490 0.8422 0.8139
54 0.5770 0.4631 0.5324 0.8450 0.8138
55 0.5738 0.4542 0.5285 0.8469 0.8163
56 0.5693 0.4386 0.5263 0.8470 0.8133
57 0.5730 0.4703 0.5273 0.8459 0.8145
58 0.5809 0.4556 0.5343 0.8278 0.7907
59 0.5821 0.4990 0.5343 0.8395 0.8022
60 0.5698 0.5531 0.5236 0.8182 0.7814
61 0.5712 0.4922 0.5250 0.8408 0.8089
62 0.5864 0.4816 0.5410 0.8476 0.8097
63 0.5760 0.4563 0.5286 0.8473 0.8121
64 0.5802 0.4299 0.5331 0.8527 0.8178
65 0.5797 0.4179 0.5337 0.8521 0.8177
66 0.5736 0.4083 0.5262 0.8487 0.8196
67 0.6010 0.4038 0.5556 0.8472 0.8168
68 0.5683 0.4715 0.5226 0.8526 0.8214
69 0.5826 0.4930 0.5366 0.8367 0.8029
70 0.5723 0.5260 0.5303 0.8375 0.8025
71 0.5848 0.4713 0.5383 0.8478 0.8117
72 0.5712 0.4394 0.5256 0.8403 0.8034
73 0.5753 0.4246 0.5317 0.8529 0.8240
74 0.5917 0.3880 0.5452 0.8564 0.8257
75 0.5880 0.3878 0.5394 0.8561 0.8244
76 0.5935 0.3893 0.5461 0.8562 0.8256
77 0.5848 0.3983 0.5417 0.8537 0.8244
78 0.5792 0.4198 0.5320 0.8536 0.8192
79 0.5933 0.4291 0.5470 0.8471 0.8127
80 0.5769 0.4260 0.5300 0.8475 0.8139
81 0.5726 0.3916 0.5242 0.8508 0.8157
82 0.5899 0.3811 0.5425 0.8554 0.8248
83 0.5931 0.3547 0.5443 0.8572 0.8255
84 0.5962 0.3638 0.5512 0.8560 0.8260
85 0.5583 0.3424 0.5113 0.8566 0.8269
86 0.5799 0.3502 0.5334 0.8574 0.8267
87 0.5897 0.3445 0.5431 0.8556 0.8276
88 0.5822 0.3541 0.5366 0.8583 0.8284
89 0.5723 0.3596 0.5256 0.8540 0.8240
90 0.5707 0.3772 0.5226 0.8509 0.8202
91 0.5829 0.3603 0.5352 0.8580 0.8236
92 0.5711 0.3528 0.5262 0.8549 0.8246
93 0.5711 0.3293 0.5218 0.8597 0.8286
94 0.5920 0.3114 0.5422 0.8592 0.8309
95 0.5869 0.3197 0.5397 0.8575 0.8297
96 0.5821 0.3149 0.5335 0.8639 0.8322
97 0.5810 0.3260 0.5343 0.8593 0.8276
98 0.5755 0.3239 0.5261 0.8520 0.8215
99 0.5853 0.3065 0.5368 0.8596 0.8288
100 0.5867 0.3469 0.5400 0.8571 0.8257
101 0.5634 0.3511 0.5173 0.8620 0.8305
102 0.5636 0.3281 0.5155 0.8569 0.8240
103 0.5822 0.2968 0.5330 0.8564 0.8249
104 0.5811 0.2891 0.5330 0.8576 0.8286
105 0.5915 0.2931 0.5451 0.8580 0.8291
106 0.5814 0.2893 0.5342 0.8581 0.8305
107 0.5914 0.2895 0.5425 0.8555 0.8242
108 0.5659 0.3009 0.5195 0.8528 0.8202
109 0.5642 0.3281 0.5158 0.8537 0.8242
110 0.5793 0.3382 0.5288 0.8524 0.8244
111 0.5825 0.3015 0.5311 0.8528 0.8202
112 0.5766 0.2917 0.5270 0.8528 0.8260
113 0.5734 0.3037 0.5285 0.8534 0.8233
114 0.5652 0.2830 0.5158 0.8566 0.8274
115 0.5705 0.2790 0.5242 0.8563 0.8284
116 0.5889 0.2727 0.5439 0.8571 0.8275
117 0.5754 0.2743 0.5261 0.8568 0.8296
118 0.5755 0.2722 0.5277 0.8571 0.8262
119 0.5728 0.2853 0.5238 0.8541 0.8256
120 0.5719 0.3080 0.5248 0.8512 0.8188
121 0.5707 0.3029 0.5222 0.8488 0.8169
122 0.5700 0.2727 0.5256 0.8506 0.8236
123 0.5720 0.2806 0.5261 0.8536 0.8240
124 0.5788 0.2708 0.5341 0.8551 0.8269
125 0.5763 0.2649 0.5284 0.8542 0.8262
126 0.5810 0.2592 0.5353 0.8549 0.8266
127 0.5837 0.2869 0.5361 0.8551 0.8268
128 0.5681 0.2944 0.5231 0.8537 0.8249
129 0.5793 0.3109 0.5319 0.8348 0.7980
130 0.5833 0.3611 0.5376 0.8477 0.8150
131 0.5921 0.4022 0.5429 0.8478 0.8179
132 0.5740 0.4017 0.5280 0.8556 0.8276
133 0.5883 0.4111 0.5456 0.8542 0.8224
134 0.6080 0.4663 0.5634 0.8552 0.8232
135 0.5919 0.5246 0.5447 0.8535 0.8237
136 0.6023 0.6030 0.5580 0.8576 0.8290
137 0.6204 0.7190 0.5771 0.8511 0.8233
138 0.6171 0.8109 0.5783 0.8565 0.8261
139 0.6362 0.9749 0.5974 0.8540 0.8239
140 0.6651 1.1507 0.6280 0.8516 0.8214
141 0.9559  0.9559 0.3762 0.3762
142 0.9303  0.9303 0.3762 0.3762
143 0.9147  0.9147 0.3762 0.3762
144 0.8891  0.8891 0.3762 0.3762
145 0.8606  0.8606 0.3762 0.3762
146 0.8603  0.8603 0.3762 0.3762
147 0.8309  0.8309 0.3762 0.3762
148 0.8253  0.8253 0.3762 0.3762
149 0.8109  0.8109 0.3762 0.3762
150 0.8022  0.8022 0.3762 0.3762
151 0.7969  0.7969 0.3762 0.3762
152 0.7853  0.7853 0.3762 0.3762
153 0.7656  0.7656 0.3762 0.3762
154 0.7728  0.7728 0.3762 0.3762
155 0.7566  0.7566 0.3762 0.3762
156 0.7738  0.7738 0.3762 0.3762
157 0.7669  0.7669 0.3762 0.3762
158 0.7606  0.7606 0.3762 0.3762
159 0.7494  0.7494 0.3762 0.3762
