epoch train_BCELoss train_SoftDiceLoss train_iou train_loss train_mAP val_BCELoss val_SoftDiceLoss val_iou val_loss val_mAP
0 0.5636 0.6286 0.2300 1.1918 0.1825 0.6419 0.6851 0.3050 1.3270 0.1859
1 0.3147 0.3178 0.6290 0.6323 0.5608 0.3326 0.5613 0.6836 0.8941 0.6206
2 0.2370 0.2309 0.6973 0.4681 0.6388 0.2730 0.5378 0.7251 0.8111 0.6609
3 0.2241 0.2117 0.7120 0.4361 0.6572 0.2235 0.5216 0.7462 0.7457 0.6921
4 0.2038 0.1878 0.7369 0.3920 0.6822 0.1935 0.5194 0.7666 0.7134 0.7209
5 0.1938 0.1804 0.7436 0.3747 0.6921 0.2491 0.5071 0.7493 0.7569 0.6987
6 0.1884 0.1707 0.7517 0.3597 0.7000 0.2039 0.5203 0.7643 0.7248 0.7121
7 0.1753 0.1620 0.7601 0.3379 0.7123 0.2073 0.5155 0.7705 0.7234 0.7177
8 0.1695 0.1557 0.7701 0.3259 0.7229 0.1749 0.4966 0.7927 0.6722 0.7480
9 0.1560 0.1435 0.7883 0.3002 0.7449 0.1850 0.4758 0.7691 0.6617 0.7234
10 0.1385 0.1251 0.8030 0.2644 0.7642 0.1634 0.4741 0.8106 0.6386 0.7683
11 0.1261 0.1128 0.8171 0.2399 0.7788 0.1935 0.4696 0.8079 0.6641 0.7737
12 0.1138 0.1015 0.8193 0.2163 0.7830 0.1612 0.4647 0.8275 0.6270 0.7892
13 0.1114 0.1016 0.8302 0.2140 0.7923 0.1595 0.4673 0.8244 0.6280 0.7854
14 0.0982 0.0895 0.8391 0.1887 0.8015 0.1892 0.4645 0.8174 0.6549 0.7810
15 0.0942 0.0879 0.8410 0.1830 0.8068 0.1567 0.4572 0.8263 0.6151 0.7948
16 0.0810 0.0806 0.8504 0.1626 0.8152 0.1628 0.4553 0.8309 0.6193 0.7973
17 0.0863 0.0776 0.8468 0.1649 0.8132 0.1767 0.4535 0.8284 0.6314 0.7948
18 0.0906 0.0858 0.8469 0.1774 0.8111 0.1621 0.4538 0.8312 0.6171 0.7977
19 0.0974 0.0913 0.8352 0.1898 0.7995 0.1568 0.4511 0.8271 0.6092 0.7932
20 0.1030 0.0914 0.8356 0.1955 0.7986 0.2187 0.4686 0.8003 0.6884 0.7662
21 0.1087 0.0993 0.8264 0.2090 0.7890 0.2102 0.4711 0.7586 0.6822 0.7070
22 0.1220 0.1067 0.8209 0.2297 0.7827 0.2378 0.4828 0.7839 0.7215 0.7441
23 0.1202 0.1095 0.8197 0.2307 0.7802 0.3024 0.4701 0.7698 0.7737 0.7232
24 0.1229 0.1110 0.8203 0.2348 0.7805 0.2148 0.4838 0.7803 0.6996 0.7391
25 0.1295 0.1120 0.8209 0.2425 0.7819 0.2588 0.4964 0.7654 0.7561 0.7180
26 0.1113 0.0996 0.8343 0.2120 0.7968 0.2036 0.4646 0.7994 0.6694 0.7616
27 0.1015 0.0872 0.8437 0.1898 0.8097 0.2064 0.4664 0.8178 0.6740 0.7830
28 0.0886 0.0800 0.8511 0.1698 0.8177 0.2880 0.4608 0.8113 0.7501 0.7835
29 0.0737 0.0641 0.8599 0.1390 0.8293 0.1968 0.4532 0.8318 0.6512 0.8003
30 0.0758 0.0685 0.8610 0.1455 0.8318 0.2179 0.4574 0.8156 0.6766 0.7910
31 0.0629 0.0613 0.8686 0.1254 0.8383 0.2064 0.4535 0.8274 0.6612 0.7940
32 0.0656 0.0591 0.8697 0.1259 0.8406 0.2111 0.4493 0.8292 0.6618 0.7979
33 0.0649 0.0577 0.8746 0.1238 0.8466 0.2163 0.4486 0.8272 0.6663 0.7998
34 0.0667 0.0619 0.8634 0.1298 0.8324 0.2336 0.4499 0.8307 0.6848 0.8002
35 0.0611 0.0570 0.8745 0.1193 0.8419 0.2265 0.4519 0.8232 0.6798 0.7969
36 0.0851 0.0710 0.8520 0.1573 0.8213 0.2246 0.4683 0.8087 0.6941 0.7746
37 0.0877 0.0784 0.8551 0.1674 0.8203 0.2245 0.4525 0.8138 0.6785 0.7786
38 0.0834 0.0758 0.8527 0.1604 0.8205 0.3023 0.4683 0.7990 0.7719 0.7689
39 0.0929 0.0829 0.8523 0.1771 0.8199 0.2817 0.4800 0.7864 0.7630 0.7485
40 0.0946 0.0831 0.8380 0.1788 0.8046 0.2391 0.4735 0.8087 0.7138 0.7783
41 0.1092 0.0923 0.8376 0.2027 0.8027 0.3626 0.4722 0.7772 0.8361 0.7404
42 0.1056 0.0957 0.8406 0.2024 0.8047 0.2771 0.4740 0.8026 0.7524 0.7711
43 0.0861 0.0747 0.8550 0.1619 0.8218 0.2516 0.4753 0.8175 0.7280 0.7840
44 0.0783 0.0682 0.8644 0.1478 0.8334 0.2323 0.4531 0.8216 0.6866 0.7937
45 0.0677 0.0587 0.8706 0.1277 0.8391 0.2091 0.4467 0.8329 0.6572 0.8029
46 0.0591 0.0531 0.8789 0.1136 0.8482 0.2157 0.4447 0.8265 0.6618 0.7975
47 0.0541 0.0518 0.8805 0.1074 0.8503 0.2075 0.4403 0.8314 0.6493 0.8036
48 0.0487 0.0457 0.8923 0.0958 0.8651 0.2110 0.4407 0.8357 0.6531 0.8071
49 0.0573 0.0511 0.8851 0.1098 0.8565 0.2069 0.4403 0.8371 0.6486 0.8119
50 0.0495 0.0454 0.8852 0.0962 0.8590 0.2155 0.4462 0.8324 0.6631 0.8051
51 0.0594 0.0529 0.8733 0.1137 0.8438 0.2438 0.4558 0.8257 0.7010 0.7943
52 0.0545 0.0508 0.8762 0.1066 0.8472 0.2311 0.4512 0.8303 0.6836 0.8003
53 0.0659 0.0557 0.8760 0.1230 0.8475 0.3475 0.4713 0.7975 0.8202 0.7672
54 0.0725 0.0629 0.8644 0.1367 0.8348 0.2093 0.4451 0.8131 0.6558 0.7776
55 0.0901 0.0769 0.8505 0.1682 0.8172 0.2862 0.4761 0.7960 0.7637 0.7556
56 0.0982 0.0811 0.8437 0.1805 0.8077 0.3546 0.5095 0.7401 0.8653 0.6800
57 0.0762 0.0653 0.8577 0.1428 0.8235 0.2233 0.4606 0.8366 0.6851 0.7990
58 0.0656 0.0589 0.8679 0.1258 0.8369 0.3388 0.4800 0.7966 0.8199 0.7710
59 0.0716 0.0638 0.8766 0.1367 0.8448 0.2557 0.4603 0.8322 0.7174 0.8029
60 0.0607 0.0525 0.8761 0.1145 0.8475 0.2328 0.4534 0.8410 0.6876 0.8138
61 0.0565 0.0492 0.8813 0.1070 0.8527 0.2427 0.4473 0.8379 0.6913 0.8078
62 0.0485 0.0441 0.8888 0.0940 0.8632 0.2416 0.4487 0.8467 0.6918 0.8192
63 0.0472 0.0420 0.8871 0.0907 0.8611 0.2318 0.4466 0.8453 0.6800 0.8164
64 0.0460 0.0425 0.8942 0.0900 0.8686 0.2397 0.4481 0.8419 0.6893 0.8152
65 0.0409 0.0384 0.8930 0.0808 0.8682 0.2489 0.4431 0.8479 0.6935 0.8212
66 0.0415 0.0402 0.8925 0.0832 0.8648 0.2665 0.4466 0.8439 0.7146 0.8162
67 0.0467 0.0415 0.8912 0.0896 0.8630 0.2596 0.4503 0.8438 0.7115 0.8179
68 0.0531 0.0479 0.8869 0.1024 0.8586 0.2565 0.4564 0.8160 0.7143 0.7835
69 0.0595 0.0514 0.8831 0.1123 0.8538 0.2193 0.4431 0.8250 0.6638 0.7903
70 0.0666 0.0598 0.8705 0.1278 0.8388 0.8443 0.5361 0.6997 1.3818 0.6379
71 0.0896 0.0778 0.8514 0.1687 0.8205 0.2261 0.4748 0.7757 0.7021 0.7356
72 0.0852 0.0734 0.8570 0.1600 0.8241 0.3400 0.4771 0.7939 0.8185 0.7525
73 0.0913 0.0789 0.8608 0.1715 0.8271 0.2364 0.4759 0.7806 0.7135 0.7406
74 0.0793 0.0718 0.8583 0.1525 0.8280 0.2718 0.4722 0.8081 0.7454 0.7695
75 0.0752 0.0684 0.8691 0.1449 0.8404 0.1750 0.4521 0.8311 0.6285 0.7981
76 0.0534 0.0477 0.8882 0.1025 0.8587 0.2511 0.4512 0.8343 0.7038 0.8039
77 0.0487 0.0444 0.8893 0.0945 0.8611 0.1949 0.4418 0.8404 0.6383 0.8070
78 0.0433 0.0405 0.8925 0.0852 0.8669 0.2173 0.4379 0.8458 0.6568 0.8144
79 0.0408 0.0378 0.8993 0.0801 0.8743 0.2225 0.4466 0.8493 0.6708 0.8196
80 0.0421 0.0376 0.9015 0.0813 0.8763 0.2244 0.4441 0.8465 0.6702 0.8169
81 0.0417 0.0385 0.8988 0.0818 0.8731 0.2216 0.4445 0.8497 0.6677 0.8212
82 0.0396 0.0373 0.8984 0.0784 0.8745 0.2458 0.4418 0.8435 0.6892 0.8110
83 0.0426 0.0387 0.8890 0.0828 0.8609 0.2255 0.4382 0.8524 0.6654 0.8246
84 0.0418 0.0376 0.9008 0.0810 0.8735 0.2328 0.4419 0.8476 0.6762 0.8186
85 0.0518 0.0454 0.8884 0.0986 0.8594 0.2450 0.4518 0.8316 0.6983 0.8010
86 0.0684 0.0595 0.8716 0.1293 0.8412 0.2307 0.4435 0.8345 0.6757 0.8010
87 0.0816 0.0686 0.8641 0.1515 0.8329 0.2564 0.4689 0.8003 0.7267 0.7670
88 0.0908 0.0742 0.8553 0.1662 0.8202 0.3246 0.4896 0.7894 0.8155 0.7474
89 0.0833 0.0717 0.8593 0.1562 0.8257 0.2360 0.4568 0.8202 0.6942 0.7874
90 0.0663 0.0570 0.8726 0.1246 0.8443 0.2324 0.4575 0.8212 0.6915 0.7825
91 0.0504 0.0468 0.8877 0.0988 0.8592 0.2487 0.4464 0.8341 0.6966 0.8042
92 0.0478 0.0420 0.8926 0.0914 0.8687 0.2608 0.4484 0.8338 0.7108 0.8030
93 0.0477 0.0428 0.8931 0.0920 0.8678 0.2953 0.4361 0.8338 0.7331 0.8052
94 0.0391 0.0353 0.9003 0.0760 0.8759 0.2538 0.4408 0.8494 0.6963 0.8211
95 0.0365 0.0344 0.9057 0.0725 0.8827 0.2681 0.4402 0.8515 0.7100 0.8241
96 0.0363 0.0336 0.9000 0.0715 0.8773 0.2682 0.4402 0.8477 0.7101 0.8204
97 0.0343 0.0322 0.9074 0.0681 0.8835 0.2768 0.4384 0.8510 0.7169 0.8230
98 0.0346 0.0315 0.9028 0.0677 0.8794 0.2866 0.4387 0.8532 0.7270 0.8259
99 0.0357 0.0324 0.9049 0.0697 0.8811 0.2866 0.4390 0.8483 0.7273 0.8204
100 0.0355 0.0320 0.9021 0.0691 0.8807 0.2819 0.4371 0.8414 0.7208 0.8119
101 0.0452 0.0380 0.9018 0.0847 0.8760 0.3139 0.4618 0.8082 0.7771 0.7719
102 0.0499 0.0426 0.8932 0.0941 0.8650 0.2799 0.4409 0.8369 0.7223 0.8107
103 0.0605 0.0530 0.8788 0.1149 0.8501 0.2947 0.4936 0.7936 0.7895 0.7578
104 0.0737 0.0603 0.8743 0.1354 0.8457 0.3114 0.4751 0.7953 0.7880 0.7594
105 0.0925 0.0805 0.8471 0.1744 0.8145 0.4183 0.4607 0.8050 0.8805 0.7660
106 0.0690 0.0598 0.8746 0.1302 0.8452 0.2463 0.4628 0.8242 0.7105 0.7932
107 0.0545 0.0493 0.8833 0.1053 0.8569 0.2842 0.4454 0.8307 0.7311 0.7988
108 0.0495 0.0446 0.8951 0.0956 0.8682 0.2927 0.4279 0.8455 0.7224 0.8157
109 0.0412 0.0363 0.9028 0.0790 0.8784 0.2605 0.4233 0.8526 0.6856 0.8225
110 0.0388 0.0350 0.8981 0.0754 0.8736 0.2673 0.4192 0.8501 0.6884 0.8227
111 0.0359 0.0332 0.9010 0.0707 0.8773 0.2759 0.4319 0.8518 0.7096 0.8256
112 0.0387 0.0348 0.8977 0.0752 0.8749 0.2766 0.4289 0.8520 0.7073 0.8268
113 0.0358 0.0334 0.9021 0.0709 0.8789 0.2691 0.4249 0.8558 0.6958 0.8296
114 0.0346 0.0319 0.9046 0.0681 0.8803 0.2731 0.4225 0.8527 0.6974 0.8263
115 0.0374 0.0337 0.9058 0.0728 0.8819 0.2841 0.4152 0.8526 0.7011 0.8228
116 0.0360 0.0330 0.9044 0.0707 0.8790 0.2623 0.4317 0.8507 0.6957 0.8242
117 0.0417 0.0363 0.9007 0.0796 0.8759 0.2545 0.4378 0.8374 0.6939 0.8080
118 0.0462 0.0419 0.8952 0.0897 0.8687 0.4065 0.4573 0.8065 0.8654 0.7748
119 0.0592 0.0521 0.8874 0.1129 0.8588 0.1985 0.4733 0.8126 0.6732 0.7794
120 0.0918 0.0818 0.8544 0.1749 0.8230 0.2638 0.4486 0.8019 0.7139 0.7673
121 0.0802 0.0673 0.8642 0.1489 0.8315 0.2535 0.4492 0.8307 0.7044 0.8006
122 0.0767 0.0646 0.8741 0.1428 0.8456 0.1894 0.4478 0.8442 0.6388 0.8115
123 0.0516 0.0484 0.8866 0.1015 0.8593 0.2552 0.4501 0.8334 0.7070 0.8006
124 0.0601 0.0538 0.8843 0.1154 0.8582 0.2399 0.4509 0.8362 0.6925 0.8059
125 0.0400 0.0374 0.8969 0.0791 0.8740 0.2644 0.4380 0.8386 0.7041 0.8076
126 0.0384 0.0343 0.9026 0.0744 0.8795 0.2449 0.4458 0.8412 0.6924 0.8092
127 0.0313 0.0293 0.9097 0.0623 0.8869 0.2547 0.4426 0.8500 0.6991 0.8174
128 0.0324 0.0299 0.9053 0.0640 0.8826 0.2656 0.4436 0.8453 0.7110 0.8089
129 0.0330 0.0303 0.9126 0.0650 0.8883 0.2622 0.4390 0.8425 0.7030 0.8105
130 0.0361 0.0331 0.9054 0.0708 0.8810 0.2720 0.4420 0.8403 0.7159 0.8107
131 0.0350 0.0321 0.9123 0.0688 0.8902 0.2796 0.4343 0.8508 0.7157 0.8212
132 0.0494 0.0438 0.8914 0.0949 0.8663 0.2275 0.4555 0.8122 0.6846 0.7796
133 0.0631 0.0510 0.8791 0.1157 0.8533 0.3606 0.4309 0.8034 0.7933 0.7754
134 0.0545 0.0482 0.8886 0.1043 0.8623 0.2473 0.4478 0.8382 0.6967 0.8098
135 0.0627 0.0546 0.8783 0.1188 0.8500 0.2377 0.4574 0.8281 0.6966 0.7950
136 0.0555 0.0493 0.8829 0.1063 0.8561 0.2941 0.4416 0.8244 0.7374 0.7905
137 0.0650 0.0564 0.8852 0.1229 0.8566 0.2357 0.4494 0.8214 0.6866 0.7864
138 0.0557 0.0525 0.8827 0.1098 0.8545 0.2843 0.4502 0.8280 0.7360 0.7991
139 0.0446 0.0407 0.8937 0.0869 0.8677 0.2804 0.4375 0.8370 0.7195 0.8083
140 0.0405 0.0362 0.8997 0.0784 0.8754 0.2450 0.4452 0.8346 0.6917 0.8055
141 0.0358 0.0327 0.9097 0.0702 0.8862 0.2812 0.4373 0.8419 0.7202 0.8146
142 0.0340 0.0318 0.9091 0.0675 0.8870 0.2791 0.4433 0.8460 0.7241 0.8199
143 0.0301 0.0283 0.9096 0.0602 0.8881 0.2940 0.4388 0.8494 0.7345 0.8241
144 0.0288 0.0277 0.9139 0.0583 0.8920 0.2990 0.4382 0.8484 0.7389 0.8234
145 0.0285 0.0268 0.9132 0.0571 0.8914 0.3006 0.4351 0.8495 0.7375 0.8238
146 0.0283 0.0267 0.9162 0.0567 0.8937 0.3136 0.4361 0.8513 0.7515 0.8262
147 0.0321 0.0295 0.9110 0.0633 0.8885 0.2620 0.4430 0.8451 0.7067 0.8157
148 0.0344 0.0312 0.9062 0.0673 0.8839 0.2473 0.4477 0.8478 0.6968 0.8195
149 0.0395 0.0352 0.8992 0.0764 0.8773 0.2402 0.4411 0.8475 0.6830 0.8185
150 0.0364 0.0329 0.9076 0.0709 0.8835 0.2191 0.4459 0.8470 0.6666 0.8184
151 0.0477 0.0412 0.8986 0.0906 0.8750 0.3468 0.4993 0.7864 0.8471 0.7513
152 0.0621 0.0563 0.8754 0.1198 0.8465 0.2294 0.4507 0.8317 0.6816 0.8008
153 0.0552 0.0499 0.8822 0.1065 0.8564 0.2580 0.4458 0.8264 0.7053 0.7932
154 0.0445 0.0396 0.8952 0.0857 0.8695 0.2457 0.4371 0.8435 0.6845 0.8143
155 0.0394 0.0366 0.9032 0.0775 0.8802 0.2763 0.4428 0.8232 0.7207 0.7942
156 0.0376 0.0343 0.9015 0.0736 0.8780 0.2724 0.4309 0.8378 0.7051 0.8061
157 0.0334 0.0305 0.9117 0.0655 0.8930 0.3154 0.4295 0.8468 0.7467 0.8214
158 0.0310 0.0290 0.9105 0.0618 0.8897 0.2976 0.4324 0.8440 0.7317 0.8181
159 0.0299 0.0281 0.9108 0.0598 0.8897 0.3132 0.4368 0.8477 0.7517 0.8225
160 0.0308 0.0284 0.9178 0.0611 0.8980 0.3228 0.4300 0.8487 0.7546 0.8229
161 0.0275 0.0256 0.9149 0.0549 0.8956 0.2976 0.4318 0.8455 0.7312 0.8194
162 0.0284 0.0267 0.9169 0.0570 0.8970 0.2877 0.4241 0.8481 0.7136 0.8222
163 0.0295 0.0275 0.9139 0.0588 0.8925 0.2748 0.4375 0.8381 0.7140 0.8128
164 0.0290 0.0267 0.9097 0.0574 0.8876 0.3064 0.4323 0.8410 0.7404 0.8117
165 0.0329 0.0292 0.9146 0.0639 0.8927 0.3866 0.4519 0.8430 0.8402 0.8187
166 0.0444 0.0398 0.9030 0.0859 0.8773 0.2625 0.4410 0.8400 0.7052 0.8061
167 0.0520 0.0437 0.8948 0.0972 0.8686 0.3423 0.4613 0.8162 0.8052 0.7837
168 0.0804 0.0695 0.8640 0.1515 0.8340 0.3615 0.4521 0.7938 0.8153 0.7585
169 0.0790 0.0681 0.8652 0.1486 0.8358 0.2665 0.4560 0.8411 0.7240 0.8088
170 0.0538 0.0485 0.8851 0.1038 0.8613 0.2053 0.4410 0.8339 0.6479 0.8019
171 0.0503 0.0447 0.8911 0.0966 0.8663 0.3270 0.4365 0.8249 0.7654 0.7937
172 0.0487 0.0422 0.9020 0.0926 0.8804 0.3017 0.4295 0.8344 0.7330 0.8038
173 0.0427 0.0384 0.9026 0.0828 0.8788 0.2569 0.4408 0.8433 0.6995 0.8169
174 0.0328 0.0301 0.9099 0.0647 0.8892 0.2608 0.4361 0.8492 0.6987 0.8243
175 0.0278 0.0266 0.9134 0.0562 0.8916 0.2750 0.4332 0.8493 0.7101 0.8231
176 0.0283 0.0260 0.9171 0.0561 0.8960 0.2870 0.4307 0.8524 0.7195 0.8281
177 0.0282 0.0273 0.9147 0.0572 0.8933 0.2676 0.4195 0.8522 0.6889 0.8263
178 0.0269 0.0251 0.9166 0.0539 0.8951 0.2969 0.4210 0.8518 0.7198 0.8260
179 0.0274 0.0254 0.9128 0.0545 0.8918 0.2968 0.4242 0.8515 0.7229 0.8281
180 0.0294 0.0276 0.9120 0.0588 0.8896 0.3316 0.4206 0.8456 0.7541 0.8199
181 0.0352 0.0311 0.9064 0.0680 0.8863 0.3238 0.4290 0.8428 0.7547 0.8138
182 0.0624 0.0532 0.8864 0.1173 0.8586 0.2470 0.4421 0.8206 0.6908 0.7877
183 0.0471 0.0417 0.8886 0.0904 0.8624 0.3063 0.4285 0.8371 0.7364 0.8092
184 0.0485 0.0435 0.8945 0.0935 0.8672 0.3068 0.4616 0.8157 0.7700 0.7839
185 0.0462 0.0426 0.8889 0.0903 0.8636 0.1948 0.4357 0.8526 0.6320 0.8198
186 0.0423 0.0360 0.8950 0.0800 0.8721 0.2284 0.4288 0.8376 0.6587 0.8071
187 0.0348 0.0314 0.9065 0.0679 0.8839 0.2232 0.4310 0.8475 0.6559 0.8169
188 0.0333 0.0309 0.9061 0.0660 0.8849 0.2380 0.4433 0.8417 0.6829 0.8114
189 0.0280 0.0265 0.9144 0.0563 0.8931 0.2652 0.4244 0.8518 0.6914 0.8230
190 0.0325 0.0282 0.9165 0.0627 0.8954 0.2541 0.4303 0.8576 0.6862 0.8288
191 0.0246 0.0236 0.9197 0.0501 0.9004 0.2599 0.4326 0.8557 0.6943 0.8260
192 0.0248 0.0234 0.9175 0.0502 0.8986 0.2564 0.4309 0.8581 0.6891 0.8291
193 0.0241 0.0228 0.9222 0.0489 0.9032 0.2632 0.4317 0.8561 0.6967 0.8270
194 0.0232 0.0219 0.9210 0.0470 0.9013 0.2594 0.4303 0.8565 0.6916 0.8270
195 0.0260 0.0239 0.9201 0.0518 0.8997 0.2923 0.4317 0.8530 0.7259 0.8257
196 0.0272 0.0252 0.9208 0.0542 0.9003 0.2583 0.4283 0.8531 0.6884 0.8238
197 0.0377 0.0338 0.9070 0.0733 0.8841 0.2762 0.4367 0.8105 0.7143 0.7708
198 0.0463 0.0392 0.8951 0.0871 0.8708 0.2560 0.4794 0.7992 0.7366 0.7645
199 0.0411 0.0366 0.8993 0.0794 0.8763 0.2736 0.4439 0.8414 0.7192 0.8133
