epoch train_BCELoss train_SoftDiceLoss train_iou train_loss train_mAP val_BCELoss val_SoftDiceLoss val_iou val_loss val_mAP
0 0.4729 0.5796 0.4186 1.0520 0.3630 0.3604 0.6893 0.5435 1.0493 0.4672
1 0.2714 0.2633 0.6667 0.5347 0.6075 0.2473 0.6006 0.6790 0.8482 0.6149
2 0.2334 0.2182 0.7191 0.4519 0.6637 0.2072 0.5606 0.7266 0.7683 0.6678
3 0.2204 0.2036 0.7310 0.4244 0.6768 0.2165 0.5664 0.7388 0.7835 0.6891
4 0.1929 0.1800 0.7562 0.3735 0.7076 0.2002 0.5346 0.7544 0.7356 0.7050
5 0.1871 0.1655 0.7732 0.3533 0.7278 0.1801 0.5411 0.7468 0.7220 0.7004
6 0.1691 0.1524 0.7895 0.3222 0.7454 0.1790 0.5512 0.7716 0.7310 0.7258
7 0.1545 0.1403 0.7999 0.2957 0.7620 0.1788 0.5190 0.7904 0.6988 0.7477
8 0.1380 0.1257 0.8099 0.2647 0.7744 0.1645 0.5096 0.8108 0.6752 0.7752
9 0.1218 0.1117 0.8273 0.2344 0.7924 0.1570 0.5028 0.8129 0.6609 0.7748
10 0.1136 0.1077 0.8314 0.2224 0.7971 0.1582 0.5094 0.8115 0.6686 0.7757
11 0.1184 0.1060 0.8290 0.2255 0.7936 0.1460 0.5106 0.8118 0.6577 0.7774
12 0.1339 0.1186 0.8226 0.2535 0.7879 0.1705 0.5317 0.7913 0.7033 0.7522
13 0.1409 0.1278 0.8153 0.2697 0.7771 0.2520 0.5495 0.7569 0.8023 0.7234
14 0.1547 0.1397 0.7985 0.2953 0.7586 0.2504 0.5483 0.7543 0.7997 0.7084
15 0.1596 0.1394 0.7954 0.2998 0.7564 0.2114 0.5207 0.7782 0.7331 0.7321
16 0.1483 0.1309 0.8125 0.2803 0.7740 0.1632 0.5111 0.7956 0.6753 0.7499
17 0.1236 0.1105 0.8320 0.2351 0.7973 0.2160 0.5030 0.8010 0.7202 0.7644
18 0.1127 0.1005 0.8377 0.2143 0.8035 0.1740 0.5024 0.8198 0.6776 0.7844
19 0.1042 0.0958 0.8430 0.2012 0.8106 0.1459 0.4998 0.8212 0.6469 0.7846
20 0.0887 0.0860 0.8534 0.1759 0.8214 0.1551 0.4995 0.8229 0.6559 0.7885
21 0.0906 0.0851 0.8507 0.1768 0.8186 0.1860 0.5031 0.8196 0.6906 0.7839
22 0.1017 0.0901 0.8508 0.1930 0.8155 0.1746 0.5023 0.8190 0.6781 0.7863
23 0.1126 0.0985 0.8422 0.2122 0.8068 0.1646 0.4896 0.8139 0.6554 0.7707
24 0.1248 0.1073 0.8296 0.2333 0.7952 0.2031 0.5095 0.8072 0.7138 0.7776
25 0.1448 0.1258 0.8167 0.2717 0.7801 0.2272 0.5182 0.7996 0.7467 0.7601
26 0.1256 0.1133 0.8254 0.2400 0.7866 0.2044 0.5040 0.7963 0.7096 0.7564
27 0.1085 0.0990 0.8366 0.2087 0.8026 0.1749 0.5051 0.8119 0.6813 0.7772
28 0.1001 0.0881 0.8494 0.1895 0.8178 0.1876 0.5215 0.8058 0.7104 0.7695
29 0.0856 0.0790 0.8571 0.1659 0.8267 0.1611 0.4894 0.8271 0.6520 0.7945
30 0.0728 0.0723 0.8623 0.1465 0.8305 0.1618 0.4911 0.8272 0.6544 0.7939
31 0.0768 0.0726 0.8635 0.1507 0.8335 0.1773 0.4968 0.8142 0.6755 0.7838
32 0.0782 0.0698 0.8618 0.1493 0.8311 0.1711 0.4896 0.8163 0.6621 0.7833
33 0.0972 0.0855 0.8508 0.1839 0.8168 0.1850 0.5264 0.8045 0.7125 0.7703
34 0.1186 0.1027 0.8389 0.2225 0.8040 0.2115 0.5129 0.7916 0.7258 0.7537
35 0.1162 0.1033 0.8348 0.2207 0.8014 0.2194 0.5237 0.7913 0.7445 0.7528
36 0.1170 0.1036 0.8370 0.2219 0.8038 0.1738 0.4859 0.8348 0.6611 0.7994
37 0.0976 0.0886 0.8486 0.1875 0.8165 0.1923 0.4905 0.8171 0.6842 0.7798
38 0.0813 0.0734 0.8617 0.1561 0.8305 0.1668 0.4957 0.8235 0.6640 0.7897
39 0.0677 0.0637 0.8745 0.1328 0.8449 0.1922 0.4873 0.8328 0.6810 0.8001
40 0.0655 0.0592 0.8791 0.1261 0.8490 0.1855 0.4865 0.8367 0.6735 0.8044
41 0.0664 0.0580 0.8745 0.1258 0.8458 0.1650 0.4913 0.8286 0.6578 0.7957
42 0.0724 0.0649 0.8722 0.1386 0.8425 0.1624 0.4896 0.8283 0.6535 0.7928
43 0.0770 0.0688 0.8677 0.1472 0.8374 0.2261 0.4855 0.8178 0.7132 0.7790
44 0.0941 0.0817 0.8473 0.1771 0.8130 0.2017 0.4933 0.8247 0.6965 0.7922
45 0.1063 0.0933 0.8413 0.2009 0.8052 0.2285 0.5013 0.7902 0.7311 0.7401
46 0.1142 0.0970 0.8429 0.2124 0.8085 0.2001 0.5205 0.8034 0.7217 0.7689
47 0.0883 0.0764 0.8567 0.1659 0.8237 0.1890 0.4845 0.8293 0.6749 0.7974
48 0.0777 0.0691 0.8643 0.1482 0.8357 0.1786 0.4848 0.8329 0.6650 0.7980
49 0.0621 0.0560 0.8837 0.1196 0.8553 0.1732 0.4713 0.8428 0.6461 0.8093
50 0.0601 0.0531 0.8805 0.1146 0.8530 0.1707 0.4730 0.8417 0.6453 0.8097
51 0.0587 0.0524 0.8838 0.1126 0.8538 0.1881 0.4790 0.8379 0.6687 0.8038
52 0.0641 0.0587 0.8722 0.1241 0.8426 0.2722 0.4884 0.8071 0.7621 0.7730
53 0.0803 0.0718 0.8682 0.1535 0.8369 0.1462 0.4854 0.8360 0.6330 0.8038
54 0.0836 0.0735 0.8616 0.1584 0.8311 0.2389 0.4973 0.8137 0.7376 0.7814
55 0.0992 0.0891 0.8524 0.1897 0.8184 0.1808 0.5090 0.8089 0.6911 0.7701
56 0.0922 0.0815 0.8528 0.1750 0.8201 0.1539 0.4867 0.8337 0.6420 0.7996
57 0.0810 0.0724 0.8625 0.1548 0.8301 0.2005 0.4868 0.8311 0.6888 0.7994
58 0.0611 0.0563 0.8753 0.1188 0.8480 0.2262 0.4766 0.8351 0.7045 0.8023
59 0.0604 0.0545 0.8864 0.1164 0.8583 0.1874 0.4807 0.8407 0.6697 0.8103
60 0.0597 0.0521 0.8820 0.1134 0.8533 0.1827 0.4773 0.8454 0.6616 0.8145
61 0.0535 0.0505 0.8898 0.1056 0.8635 0.1588 0.4713 0.8479 0.6317 0.8136
62 0.0597 0.0544 0.8809 0.1156 0.8536 0.1644 0.4715 0.8372 0.6375 0.8084
63 0.0723 0.0623 0.8725 0.1362 0.8425 0.1964 0.4771 0.8200 0.6751 0.7797
64 0.0966 0.0851 0.8529 0.1831 0.8195 0.2373 0.5038 0.7989 0.7423 0.7656
65 0.0913 0.0774 0.8628 0.1700 0.8309 0.3300 0.5379 0.7578 0.8691 0.7017
66 0.0952 0.0834 0.8536 0.1800 0.8213 0.1439 0.5032 0.8280 0.6484 0.7879
67 0.0760 0.0659 0.8726 0.1434 0.8411 0.1893 0.5003 0.8315 0.6912 0.8010
68 0.0584 0.0538 0.8828 0.1136 0.8531 0.1953 0.4816 0.8313 0.6784 0.8017
69 0.0600 0.0538 0.8852 0.1153 0.8589 0.1765 0.4697 0.8452 0.6478 0.8143
70 0.0530 0.0486 0.8898 0.1031 0.8633 0.1781 0.4686 0.8460 0.6483 0.8155
71 0.0530 0.0472 0.8872 0.1017 0.8597 0.1777 0.4692 0.8479 0.6487 0.8192
72 0.0536 0.0484 0.8931 0.1035 0.8653 0.2202 0.4749 0.8455 0.6968 0.8161
73 0.0628 0.0561 0.8781 0.1204 0.8481 0.2123 0.4812 0.8284 0.6951 0.7906
74 0.0739 0.0678 0.8640 0.1431 0.8326 0.2279 0.4932 0.8182 0.7226 0.7888
75 0.0873 0.0752 0.8553 0.1640 0.8225 0.2733 0.5398 0.7668 0.8144 0.7368
76 0.0919 0.0799 0.8574 0.1732 0.8239 0.2120 0.5066 0.8127 0.7200 0.7794
77 0.0724 0.0665 0.8679 0.1404 0.8357 0.1652 0.4759 0.8314 0.6427 0.7954
78 0.0594 0.0548 0.8829 0.1157 0.8541 0.1848 0.4838 0.8414 0.6703 0.8119
79 0.0511 0.0468 0.8928 0.0995 0.8655 0.1749 0.4716 0.8490 0.6482 0.8175
80 0.0443 0.0437 0.8963 0.0896 0.8686 0.1794 0.4713 0.8473 0.6524 0.8166
81 0.0468 0.0431 0.8953 0.0915 0.8688 0.1793 0.4774 0.8488 0.6584 0.8173
82 0.0494 0.0444 0.8935 0.0953 0.8665 0.1755 0.4726 0.8492 0.6498 0.8175
83 0.0602 0.0576 0.8798 0.1192 0.8492 0.2035 0.4794 0.8275 0.6845 0.7911
84 0.0640 0.0582 0.8687 0.1236 0.8393 0.1866 0.4810 0.8298 0.6690 0.7982
85 0.0981 0.0862 0.8533 0.1857 0.8188 0.4013 0.5307 0.7595 0.9333 0.7094
86 0.0932 0.0794 0.8579 0.1741 0.8246 0.1579 0.4916 0.8216 0.6510 0.7893
87 0.0666 0.0613 0.8716 0.1294 0.8405 0.1471 0.4800 0.8414 0.6287 0.8073
88 0.0580 0.0534 0.8807 0.1129 0.8527 0.1600 0.4699 0.8458 0.6315 0.8157
89 0.0468 0.0451 0.8957 0.0935 0.8680 0.1567 0.4671 0.8501 0.6254 0.8184
90 0.0455 0.0449 0.8927 0.0919 0.8646 0.1430 0.4703 0.8487 0.6150 0.8177
91 0.0455 0.0413 0.8941 0.0884 0.8674 0.1600 0.4695 0.8509 0.6311 0.8207
92 0.0467 0.0438 0.8914 0.0921 0.8653 0.1628 0.4676 0.8455 0.6321 0.8162
93 0.0506 0.0462 0.8890 0.0983 0.8614 0.1962 0.4838 0.8397 0.6816 0.8075
94 0.0610 0.0535 0.8802 0.1159 0.8519 0.1866 0.4776 0.8346 0.6658 0.8053
95 0.0787 0.0696 0.8669 0.1497 0.8340 0.1922 0.4882 0.8073 0.6819 0.7685
96 0.0743 0.0668 0.8703 0.1424 0.8397 0.2029 0.4855 0.8283 0.6898 0.7980
97 0.0629 0.0576 0.8791 0.1220 0.8499 0.1677 0.4813 0.8370 0.6504 0.8072
98 0.0503 0.0476 0.8874 0.0994 0.8590 0.1976 0.4787 0.8442 0.6778 0.8154
99 0.0449 0.0415 0.8980 0.0879 0.8707 0.1620 0.4666 0.8544 0.6303 0.8236
100 0.0414 0.0382 0.9018 0.0812 0.8779 0.1629 0.4653 0.8518 0.6299 0.8213
101 0.0434 0.0393 0.9021 0.0843 0.8762 0.1747 0.4651 0.8525 0.6415 0.8246
102 0.0532 0.0465 0.8932 0.1012 0.8683 0.1525 0.4787 0.8460 0.6328 0.8184
103 0.0540 0.0495 0.8871 0.1051 0.8596 0.1919 0.4973 0.8298 0.6908 0.7963
104 0.0668 0.0603 0.8730 0.1286 0.8423 0.1820 0.4890 0.8288 0.6726 0.7934
105 0.0886 0.0745 0.8610 0.1646 0.8305 0.2610 0.5180 0.8072 0.7804 0.7719
106 0.0748 0.0656 0.8732 0.1418 0.8448 0.3490 0.5007 0.7961 0.8512 0.7611
107 0.0617 0.0568 0.8852 0.1201 0.8592 0.1927 0.4885 0.8348 0.6827 0.8017
108 0.0491 0.0457 0.8942 0.0964 0.8686 0.1906 0.4866 0.8379 0.6788 0.8041
109 0.0456 0.0405 0.8997 0.0878 0.8749 0.1870 0.4855 0.8367 0.6743 0.8087
110 0.0420 0.0383 0.9012 0.0819 0.8767 0.1850 0.4805 0.8453 0.6673 0.8155
111 0.0420 0.0383 0.9015 0.0819 0.8761 0.2005 0.4761 0.8458 0.6783 0.8149
112 0.0460 0.0398 0.8994 0.0874 0.8752 0.2099 0.4729 0.8449 0.6845 0.8125
113 0.0515 0.0450 0.8951 0.0981 0.8710 0.1907 0.4815 0.8443 0.6738 0.8145
114 0.0591 0.0549 0.8856 0.1156 0.8566 0.2047 0.4834 0.8308 0.6897 0.7953
115 0.0732 0.0662 0.8701 0.1408 0.8396 0.2364 0.4971 0.8112 0.7349 0.7761
116 0.0665 0.0601 0.8770 0.1282 0.8490 0.2286 0.4786 0.8310 0.7089 0.7998
117 0.0560 0.0487 0.8894 0.1062 0.8630 0.2020 0.4804 0.8370 0.6841 0.8070
118 0.0598 0.0529 0.8887 0.1143 0.8630 0.2055 0.4717 0.8453 0.6789 0.8167
119 0.0437 0.0405 0.8987 0.0858 0.8731 0.1890 0.4629 0.8502 0.6536 0.8208
120 0.0399 0.0378 0.9022 0.0793 0.8782 0.1885 0.4613 0.8503 0.6516 0.8202
121 0.0412 0.0369 0.9042 0.0798 0.8813 0.2082 0.4643 0.8476 0.6743 0.8169
122 0.0450 0.0414 0.8957 0.0881 0.8708 0.2024 0.4705 0.8398 0.6747 0.8111
123 0.0446 0.0403 0.8938 0.0866 0.8685 0.2380 0.4818 0.8319 0.7214 0.7980
124 0.0561 0.0490 0.8884 0.1066 0.8604 0.2184 0.4798 0.8310 0.7000 0.7998
125 0.0701 0.0610 0.8747 0.1325 0.8436 0.2278 0.4808 0.8131 0.7102 0.7788
126 0.0619 0.0541 0.8893 0.1176 0.8623 0.2373 0.4751 0.8358 0.7141 0.8040
127 0.0490 0.0447 0.8927 0.0953 0.8670 0.1990 0.4788 0.8485 0.6796 0.8162
128 0.0544 0.0485 0.8900 0.1046 0.8636 0.1394 0.4728 0.8487 0.6139 0.8196
129 0.0409 0.0395 0.9033 0.0822 0.8783 0.1704 0.4682 0.8515 0.6403 0.8198
130 0.0395 0.0370 0.9076 0.0782 0.8821 0.1592 0.4633 0.8595 0.6243 0.8292
131 0.0399 0.0370 0.9075 0.0786 0.8850 0.1762 0.4626 0.8502 0.6405 0.8209
132 0.0395 0.0371 0.9032 0.0783 0.8781 0.2056 0.4621 0.8536 0.6692 0.8219
133 0.0464 0.0412 0.9005 0.0892 0.8751 0.1844 0.4828 0.8355 0.6688 0.8034
134 0.0499 0.0460 0.8912 0.0975 0.8636 0.1960 0.4820 0.8386 0.6796 0.8010
135 0.0595 0.0513 0.8826 0.1124 0.8558 0.2417 0.4843 0.8373 0.7276 0.8030
136 0.0560 0.0480 0.8880 0.1055 0.8591 0.2543 0.5054 0.8142 0.7612 0.7850
137 0.0465 0.0400 0.9044 0.0882 0.8793 0.1982 0.4739 0.8359 0.6738 0.8030
138 0.0414 0.0385 0.9071 0.0816 0.8835 0.1882 0.4651 0.8433 0.6551 0.8148
139 0.0385 0.0346 0.9041 0.0748 0.8806 0.1814 0.4657 0.8509 0.6489 0.8227
140 0.0336 0.0324 0.9095 0.0677 0.8880 0.1853 0.4663 0.8496 0.6534 0.8221
141 0.0339 0.0322 0.9137 0.0678 0.8919 0.2138 0.4644 0.8483 0.6801 0.8168
142 0.0381 0.0361 0.9094 0.0759 0.8878 0.2554 0.4630 0.8533 0.7201 0.8237
143 0.0455 0.0407 0.8962 0.0879 0.8705 0.2036 0.4715 0.8458 0.6769 0.8172
144 0.0551 0.0480 0.8897 0.1047 0.8628 0.3224 0.5355 0.8037 0.8591 0.7708
145 0.0970 0.0788 0.8567 0.1773 0.8255 0.2593 0.5341 0.7751 0.7949 0.7337
146 0.0696 0.0621 0.8791 0.1332 0.8522 0.3017 0.5008 0.7832 0.8042 0.7413
147 0.0560 0.0499 0.8897 0.1075 0.8622 0.2181 0.4702 0.8504 0.6900 0.8218
148 0.0411 0.0381 0.9021 0.0808 0.8783 0.2271 0.4708 0.8508 0.6997 0.8207
149 0.0374 0.0347 0.9044 0.0738 0.8794 0.2044 0.4654 0.8473 0.6716 0.8173
150 0.0353 0.0325 0.9116 0.0695 0.8891 0.2058 0.4644 0.8503 0.6720 0.8206
151 0.0339 0.0316 0.9083 0.0673 0.8849 0.2191 0.4675 0.8489 0.6884 0.8172
152 0.0370 0.0353 0.9038 0.0739 0.8777 0.2313 0.4720 0.8430 0.7052 0.8089
153 0.0377 0.0341 0.9038 0.0735 0.8776 0.2274 0.4796 0.8285 0.7087 0.7911
154 0.0581 0.0497 0.8880 0.1094 0.8630 0.2265 0.4902 0.8314 0.7183 0.8001
155 0.0681 0.0595 0.8783 0.1293 0.8514 0.1983 0.5255 0.7656 0.7251 0.7242
156 0.0548 0.0486 0.8857 0.1049 0.8597 0.2319 0.4813 0.8295 0.7149 0.7953
157 0.0477 0.0440 0.8957 0.0933 0.8702 0.2146 0.4697 0.8371 0.6861 0.8040
158 0.0430 0.0396 0.9030 0.0842 0.8774 0.2345 0.4718 0.8380 0.7082 0.8075
159 0.0383 0.0366 0.9047 0.0766 0.8811 0.2498 0.4666 0.8486 0.7182 0.8220
160 0.0346 0.0322 0.9100 0.0686 0.8852 0.2480 0.4678 0.8497 0.7176 0.8234
161 0.0339 0.0317 0.9125 0.0673 0.8889 0.2102 0.4619 0.8545 0.6740 0.8238
162 0.0321 0.0302 0.9100 0.0641 0.8864 0.2368 0.4627 0.8472 0.7013 0.8131
163 0.0408 0.0361 0.9021 0.0786 0.8775 0.2537 0.4841 0.8172 0.7394 0.7822
164 0.0759 0.0661 0.8818 0.1436 0.8522 0.3356 0.5415 0.7839 0.8785 0.7494
165 0.0576 0.0516 0.8846 0.1108 0.8587 0.3099 0.5009 0.8268 0.8122 0.7964
166 0.0506 0.0448 0.8969 0.0970 0.8694 0.2501 0.4905 0.8230 0.7423 0.7877
167 0.0559 0.0498 0.8919 0.1073 0.8655 0.2240 0.4784 0.8389 0.7041 0.8061
168 0.0403 0.0382 0.9038 0.0801 0.8787 0.2139 0.4721 0.8523 0.6878 0.8187
169 0.0356 0.0340 0.9042 0.0713 0.8805 0.2048 0.4794 0.8413 0.6860 0.8096
170 0.0301 0.0300 0.9107 0.0619 0.8878 0.2033 0.4777 0.8418 0.6827 0.8120
171 0.0300 0.0293 0.9111 0.0611 0.8892 0.2435 0.4757 0.8410 0.7210 0.8117
172 0.0358 0.0333 0.9080 0.0708 0.8850 0.2498 0.4751 0.8353 0.7267 0.8055
173 0.0360 0.0333 0.9046 0.0710 0.8799 0.2728 0.4843 0.8294 0.7589 0.7976
174 0.0591 0.0512 0.8894 0.1118 0.8603 0.1662 0.4777 0.8344 0.6455 0.8031
175 0.0657 0.0578 0.8734 0.1251 0.8446 0.2206 0.4936 0.8050 0.7158 0.7696
176 0.0528 0.0500 0.8869 0.1044 0.8614 0.2299 0.4997 0.8183 0.7313 0.7874
177 0.0468 0.0431 0.8975 0.0916 0.8725 0.2789 0.4783 0.8412 0.7588 0.8130
178 0.0381 0.0340 0.9003 0.0738 0.8757 0.2243 0.4881 0.8379 0.7141 0.8108
179 0.0323 0.0313 0.9117 0.0653 0.8888 0.2644 0.4719 0.8428 0.7382 0.8153
180 0.0328 0.0310 0.9083 0.0656 0.8855 0.2525 0.4715 0.8429 0.7258 0.8150
181 0.0296 0.0285 0.9094 0.0598 0.8868 0.2743 0.4720 0.8475 0.7481 0.8186
182 0.0345 0.0311 0.9089 0.0674 0.8870 0.2455 0.4868 0.8479 0.7340 0.8149
183 0.0408 0.0380 0.8955 0.0804 0.8690 0.2039 0.4786 0.8077 0.6842 0.7696
184 0.0560 0.0509 0.8880 0.1085 0.8627 0.2709 0.4859 0.8267 0.7586 0.8017
185 0.0587 0.0532 0.8827 0.1134 0.8548 0.3079 0.4791 0.8206 0.7887 0.7918
186 0.0568 0.0496 0.8862 0.1080 0.8590 0.2539 0.5032 0.8197 0.7586 0.7867
187 0.0417 0.0380 0.9016 0.0814 0.8778 0.2359 0.4845 0.8400 0.7222 0.8103
188 0.0422 0.0369 0.9043 0.0808 0.8828 0.2109 0.4758 0.8496 0.6885 0.8218
189 0.0352 0.0325 0.9129 0.0695 0.8899 0.2172 0.4715 0.8480 0.6904 0.8189
190 0.0336 0.0334 0.9096 0.0686 0.8855 0.2213 0.4701 0.8466 0.6932 0.8166
191 0.0316 0.0289 0.9142 0.0623 0.8926 0.2093 0.4640 0.8575 0.6751 0.8267
192 0.0370 0.0334 0.9065 0.0721 0.8848 0.2491 0.4700 0.8376 0.7208 0.8031
193 0.0441 0.0387 0.8999 0.0845 0.8746 0.1949 0.4713 0.8387 0.6679 0.8066
194 0.0585 0.0509 0.8876 0.1110 0.8628 0.1733 0.4829 0.8325 0.6579 0.7959
195 0.0599 0.0506 0.8888 0.1121 0.8612 0.2375 0.4876 0.8138 0.7267 0.7820
196 0.0486 0.0459 0.8881 0.0960 0.8601 0.2409 0.4903 0.8218 0.7327 0.7904
197 0.0509 0.0473 0.8940 0.0999 0.8688 0.2280 0.4827 0.8312 0.7125 0.8002
198 0.0411 0.0384 0.9032 0.0812 0.8782 0.2237 0.4731 0.8398 0.6986 0.8081
199 0.0353 0.0334 0.9081 0.0705 0.8854 0.2164 0.4665 0.8492 0.6848 0.8194
