epoch train_BCELoss train_SoftDiceLoss train_iou train_loss train_mAP val_BCELoss val_SoftDiceLoss val_iou val_loss val_mAP
0 0.3368 0.4434 0.6326 1.1438 0.5735 0.2659 0.6564 0.6500 0.9989 0.5976
1 0.2585 0.3498 0.7203 0.8559 0.6674 0.2495 0.6243 0.6885 0.9322 0.6436
2 0.2319 0.3166 0.7466 0.7703 0.6953 0.2411 0.6182 0.7361 0.7635 0.6930
3 0.2030 0.2837 0.7759 0.6823 0.7268 0.2132 0.5913 0.7679 0.6984 0.7290
4 0.1887 0.2670 0.7922 0.6298 0.7487 0.2006 0.5851 0.7804 0.6747 0.7406
5 0.1824 0.2548 0.8087 0.5930 0.7671 0.1927 0.5843 0.7754 0.6605 0.7400
6 0.1780 0.2541 0.8000 0.5971 0.7553 0.2228 0.5921 0.7732 0.7164 0.7325
7 0.1783 0.2518 0.7915 0.6096 0.7467 0.1984 0.5751 0.7788 0.6589 0.7392
8 0.1769 0.2449 0.7934 0.6155 0.7498 0.2112 0.5867 0.7838 0.6667 0.7358
9 0.1907 0.2667 0.7843 0.6442 0.7382 0.2062 0.5753 0.7827 0.6801 0.7431
10 0.1898 0.2580 0.7977 0.6317 0.7526 0.1998 0.5677 0.7574 0.7359 0.7096
11 0.1743 0.2448 0.8058 0.5875 0.7649 0.2121 0.5725 0.7907 0.6730 0.7606
12 0.1506 0.2137 0.8278 0.5191 0.7920 0.1847 0.5662 0.7917 0.6288 0.7564
13 0.1430 0.2070 0.8386 0.4854 0.8014 0.1748 0.5511 0.8119 0.5662 0.7815
14 0.1229 0.1808 0.8570 0.4210 0.8202 0.1674 0.5400 0.8152 0.5739 0.7850
15 0.1182 0.1709 0.8595 0.4232 0.8225 0.1615 0.5359 0.8227 0.5634 0.7935
16 0.1158 0.1668 0.8538 0.4212 0.8182 0.1697 0.5366 0.8125 0.6013 0.7844
17 0.1317 0.1874 0.8461 0.4587 0.8093 0.1717 0.5459 0.8217 0.5532 0.7934
18 0.1418 0.2013 0.8337 0.4983 0.7976 0.1719 0.5502 0.8208 0.5650 0.7826
19 0.1507 0.2123 0.8285 0.5150 0.7887 0.1671 0.5449 0.8035 0.6097 0.7674
20 0.1514 0.2115 0.8250 0.5302 0.7835 0.2011 0.5397 0.8142 0.6854 0.7767
21 0.1478 0.2102 0.8316 0.5138 0.7939 0.1730 0.5422 0.8137 0.6207 0.7785
22 0.1247 0.1785 0.8519 0.4400 0.8170 0.1651 0.5485 0.8206 0.5565 0.7889
23 0.1157 0.1681 0.8570 0.4182 0.8202 0.1427 0.5272 0.8313 0.5183 0.8014
24 0.1062 0.1551 0.8661 0.3876 0.8314 0.1390 0.5190 0.8433 0.4896 0.8084
25 0.1015 0.1470 0.8746 0.3659 0.8394 0.1380 0.5180 0.8413 0.4968 0.8089
26 0.0997 0.1456 0.8734 0.3617 0.8372 0.1515 0.5226 0.8313 0.5478 0.7998
27 0.1041 0.1482 0.8643 0.3905 0.8310 0.1689 0.5403 0.8242 0.5778 0.7904
28 0.1188 0.1699 0.8552 0.4242 0.8186 0.1619 0.5311 0.8281 0.5692 0.7986
29 0.1168 0.1684 0.8519 0.4344 0.8176 0.2349 0.5626 0.7900 0.8269 0.7559
30 0.1409 0.1926 0.8361 0.5017 0.7993 0.1691 0.5499 0.8181 0.5595 0.7840
31 0.1408 0.2044 0.8476 0.4691 0.8112 0.1591 0.5224 0.8231 0.5870 0.7877
32 0.1117 0.1594 0.8620 0.4018 0.8267 0.1582 0.5241 0.8199 0.5774 0.7856
33 0.0979 0.1417 0.8677 0.3647 0.8339 0.1524 0.5154 0.8368 0.5430 0.8067
34 0.0904 0.1293 0.8773 0.3437 0.8453 0.1445 0.5144 0.8382 0.5137 0.8066
35 0.0858 0.1250 0.8782 0.3330 0.8448 0.1427 0.5142 0.8422 0.5074 0.8106
36 0.0818 0.1175 0.8797 0.3230 0.8474 0.1493 0.5173 0.8465 0.5091 0.8169
37 0.0884 0.1271 0.8755 0.3430 0.8413 0.1475 0.5123 0.8472 0.5217 0.8129
38 0.1001 0.1424 0.8727 0.3677 0.8385 0.1510 0.5145 0.8333 0.5369 0.7994
39 0.1003 0.1426 0.8564 0.3874 0.8231 0.1614 0.5144 0.8244 0.5681 0.7887
40 0.1257 0.1772 0.8507 0.4445 0.8127 0.1911 0.5453 0.8142 0.6332 0.7812
41 0.1144 0.1619 0.8583 0.4161 0.8252 0.1569 0.5219 0.8270 0.5714 0.7957
42 0.1106 0.1577 0.8560 0.4146 0.8230 0.1477 0.5247 0.8351 0.5201 0.8016
43 0.1034 0.1452 0.8744 0.3709 0.8400 0.1605 0.5207 0.8396 0.5589 0.8096
44 0.0839 0.1236 0.8771 0.3295 0.8469 0.1481 0.5143 0.8380 0.5347 0.8088
45 0.0784 0.1131 0.8852 0.3126 0.8538 0.1481 0.5123 0.8466 0.5224 0.8189
46 0.0828 0.1200 0.8871 0.3168 0.8555 0.1460 0.5095 0.8498 0.5103 0.8210
47 0.0798 0.1146 0.8832 0.3185 0.8512 0.1540 0.5178 0.8402 0.5380 0.8088
48 0.0975 0.1367 0.8728 0.3672 0.8376 0.1684 0.5239 0.8268 0.5811 0.7971
49 0.1018 0.1427 0.8694 0.3805 0.8330 0.1494 0.5283 0.8452 0.5287 0.8123
50 0.1073 0.1508 0.8595 0.4030 0.8231 0.1532 0.5423 0.8197 0.5349 0.7869
51 0.1088 0.1554 0.8615 0.3990 0.8268 0.1460 0.5234 0.8227 0.5655 0.7922
52 0.0931 0.1317 0.8801 0.3478 0.8474 0.1813 0.5467 0.8009 0.6441 0.7641
53 0.0804 0.1164 0.8875 0.3132 0.8553 0.1482 0.5069 0.8411 0.5285 0.8117
54 0.0731 0.1065 0.8892 0.2952 0.8566 0.1467 0.5045 0.8528 0.5387 0.8228
55 0.0676 0.0995 0.8962 0.2810 0.8668 0.1417 0.5028 0.8544 0.5174 0.8240
56 0.0644 0.0923 0.8942 0.2774 0.8632 0.1550 0.4967 0.8497 0.5551 0.8180
57 0.0647 0.0952 0.8929 0.2856 0.8623 0.1632 0.5038 0.8451 0.5691 0.8162
58 0.0755 0.1095 0.8863 0.3119 0.8552 0.1585 0.5149 0.8392 0.5516 0.8083
59 0.0783 0.1117 0.8808 0.3229 0.8476 0.1917 0.5260 0.8251 0.6655 0.7922
60 0.1089 0.1496 0.8656 0.4018 0.8283 0.1507 0.5161 0.8261 0.5553 0.7904
61 0.0982 0.1382 0.8682 0.3768 0.8343 0.1380 0.5059 0.8444 0.5177 0.8107
62 0.0755 0.1099 0.8864 0.3109 0.8532 0.1877 0.5196 0.8348 0.6513 0.8006
63 0.0714 0.1016 0.8909 0.2940 0.8605 0.1647 0.5078 0.8541 0.5769 0.8260
64 0.0633 0.0921 0.8941 0.2761 0.8640 0.1440 0.4982 0.8524 0.5269 0.8227
65 0.0579 0.0833 0.9056 0.2435 0.8736 0.1420 0.4971 0.8552 0.5218 0.8266
66 0.0579 0.0829 0.9024 0.2591 0.8726 0.1466 0.4967 0.8561 0.5338 0.8257
67 0.0614 0.0884 0.8953 0.2698 0.8633 0.1666 0.5071 0.8522 0.5737 0.8197
68 0.0685 0.0983 0.8916 0.2864 0.8600 0.2131 0.5118 0.8366 0.7153 0.8097
69 0.0803 0.1145 0.8805 0.3252 0.8459 0.1736 0.5249 0.8307 0.6199 0.8025
70 0.0887 0.1252 0.8767 0.3489 0.8423 0.1859 0.5123 0.8350 0.6411 0.8023
71 0.0812 0.1150 0.8829 0.3225 0.8511 0.1472 0.5092 0.8421 0.5419 0.8089
72 0.0704 0.1025 0.8869 0.2974 0.8540 0.2130 0.5238 0.8306 0.7278 0.8024
73 0.0622 0.0910 0.8971 0.2725 0.8647 0.1570 0.5088 0.8477 0.5455 0.8169
74 0.0563 0.0822 0.9071 0.2480 0.8778 0.1540 0.5008 0.8527 0.5292 0.8225
75 0.0547 0.0815 0.9065 0.2341 0.8753 0.1552 0.4997 0.8516 0.5389 0.8219
76 0.0530 0.0793 0.9058 0.2410 0.8776 0.1562 0.4994 0.8516 0.5472 0.8207
77 0.0584 0.0824 0.9061 0.2502 0.8746 0.1632 0.4994 0.8433 0.5955 0.8096
78 0.0622 0.0892 0.8966 0.2731 0.8660 0.1890 0.5112 0.8461 0.6548 0.8149
79 0.0735 0.1023 0.8896 0.3021 0.8587 0.2103 0.5137 0.8450 0.6803 0.8136
80 0.0849 0.1203 0.8810 0.3346 0.8434 0.2312 0.5377 0.8128 0.8206 0.7700
81 0.0730 0.1044 0.8902 0.3020 0.8587 0.1638 0.5069 0.8458 0.5907 0.8157
82 0.0720 0.1026 0.8882 0.3014 0.8560 0.1795 0.5020 0.8524 0.6129 0.8210
83 0.0579 0.0845 0.9002 0.2532 0.8683 0.1768 0.4975 0.8514 0.6018 0.8232
84 0.0501 0.0705 0.9109 0.2278 0.8809 0.1792 0.4938 0.8507 0.6112 0.8236
85 0.0510 0.0708 0.9087 0.2367 0.8799 0.1759 0.4958 0.8551 0.5974 0.8275
86 0.0528 0.0750 0.9112 0.2291 0.8825 0.1619 0.4996 0.8539 0.5729 0.8267
87 0.0548 0.0764 0.9095 0.2393 0.8818 0.1485 0.4982 0.8460 0.5501 0.8206
88 0.0563 0.0799 0.9017 0.2579 0.8732 0.1678 0.4982 0.8460 0.5801 0.8119
89 0.0695 0.1015 0.8901 0.2962 0.8590 0.1557 0.5068 0.8339 0.5727 0.8002
90 0.0852 0.1208 0.8781 0.3434 0.8433 0.2022 0.5264 0.8205 0.6953 0.7889
91 0.0770 0.1136 0.8818 0.3151 0.8503 0.1700 0.5141 0.8326 0.6210 0.8064
92 0.0699 0.0999 0.8940 0.2857 0.8640 0.1364 0.5052 0.8544 0.5220 0.8224
93 0.0542 0.0793 0.9014 0.2520 0.8712 0.1595 0.5069 0.8443 0.5799 0.8188
94 0.0536 0.0769 0.9089 0.2352 0.8824 0.1721 0.4965 0.8554 0.5943 0.8246
95 0.0475 0.0666 0.9124 0.2210 0.8858 0.1729 0.4949 0.8542 0.5972 0.8231
96 0.0465 0.0675 0.9128 0.2215 0.8850 0.1488 0.4990 0.8517 0.5500 0.8232
97 0.0500 0.0721 0.9114 0.2276 0.8833 0.1641 0.4945 0.8514 0.6025 0.8240
98 0.0552 0.0800 0.9000 0.2563 0.8678 0.1697 0.5045 0.8469 0.5935 0.8189
99 0.0578 0.0815 0.9053 0.2523 0.8756 0.1789 0.5224 0.8423 0.6130 0.8149
100 0.0853 0.1201 0.8845 0.3319 0.8486 0.1936 0.5166 0.8217 0.6644 0.7891
101 0.0815 0.1171 0.8885 0.3143 0.8557 0.1806 0.5210 0.8273 0.6334 0.7986
102 0.0733 0.1004 0.8928 0.2986 0.8602 0.1568 0.5279 0.8378 0.5401 0.8075
103 0.0614 0.0909 0.9032 0.2568 0.8734 0.1705 0.5085 0.8441 0.6102 0.8151
104 0.0551 0.0804 0.9017 0.2491 0.8732 0.1606 0.4989 0.8532 0.5672 0.8227
105 0.0486 0.0709 0.9171 0.2163 0.8906 0.1646 0.4976 0.8543 0.5818 0.8252
106 0.0483 0.0700 0.9089 0.2222 0.8789 0.1809 0.4968 0.8549 0.6300 0.8261
107 0.0478 0.0690 0.9129 0.2202 0.8854 0.1726 0.4979 0.8563 0.6038 0.8272
108 0.0514 0.0744 0.9074 0.2389 0.8768 0.1844 0.4962 0.8509 0.6380 0.8186
109 0.0649 0.0937 0.8920 0.2815 0.8592 0.1860 0.5096 0.8419 0.6283 0.8111
110 0.0753 0.1053 0.8941 0.3050 0.8619 0.1577 0.5099 0.8383 0.5786 0.8038
111 0.0614 0.0890 0.8962 0.2742 0.8657 0.1727 0.5066 0.8445 0.6047 0.8166
112 0.0544 0.0789 0.9042 0.2433 0.8743 0.1634 0.4923 0.8537 0.5967 0.8244
113 0.0452 0.0659 0.9106 0.2220 0.8827 0.1770 0.4945 0.8589 0.6122 0.8288
114 0.0444 0.0625 0.9163 0.2093 0.8899 0.1723 0.4909 0.8590 0.6002 0.8284
115 0.0429 0.0638 0.9170 0.2048 0.8909 0.1727 0.4894 0.8601 0.6015 0.8306
116 0.0411 0.0588 0.9203 0.2020 0.8927 0.1841 0.4873 0.8581 0.6298 0.8310
117 0.0428 0.0616 0.9138 0.2091 0.8868 0.2099 0.4897 0.8560 0.7022 0.8276
118 0.0486 0.0676 0.9150 0.2234 0.8887 0.1877 0.4956 0.8454 0.6565 0.8178
119 0.0537 0.0735 0.9061 0.2411 0.8775 0.1681 0.5031 0.8467 0.5866 0.8159
120 0.0587 0.0843 0.8982 0.2642 0.8664 0.1680 0.4986 0.8429 0.6015 0.8121
121 0.0624 0.0879 0.8975 0.2720 0.8654 0.2136 0.5077 0.8376 0.7431 0.8113
122 0.0537 0.0764 0.9124 0.2326 0.8838 0.1800 0.4967 0.8494 0.6464 0.8230
123 0.0465 0.0664 0.9178 0.2131 0.8896 0.1588 0.5003 0.8468 0.5612 0.8183
124 0.0436 0.0633 0.9202 0.2009 0.8936 0.1766 0.4916 0.8608 0.6025 0.8312
125 0.0419 0.0599 0.9212 0.1980 0.8958 0.1810 0.4914 0.8608 0.6134 0.8315
126 0.0386 0.0552 0.9188 0.1928 0.8910 0.1639 0.4871 0.8579 0.5800 0.8281
127 0.0403 0.0569 0.9202 0.1976 0.8944 0.1827 0.4879 0.8497 0.6461 0.8203
128 0.0430 0.0624 0.9188 0.2061 0.8893 0.1757 0.4961 0.8484 0.6493 0.8221
129 0.0538 0.0751 0.9082 0.2424 0.8787 0.1765 0.5202 0.8388 0.6212 0.8059
130 0.0837 0.1153 0.8867 0.3279 0.8519 0.1696 0.5353 0.8350 0.5499 0.8052
131 0.0709 0.1004 0.8992 0.2831 0.8697 0.2184 0.5058 0.8323 0.6992 0.8017
132 0.0602 0.0870 0.9054 0.2581 0.8742 0.1960 0.5031 0.8518 0.6651 0.8198
133 0.0552 0.0773 0.9111 0.2347 0.8843 0.1739 0.4925 0.8415 0.6399 0.8167
134 0.0450 0.0670 0.9130 0.2162 0.8862 0.1965 0.4909 0.8615 0.6646 0.8310
135 0.0417 0.0605 0.9140 0.2082 0.8872 0.1895 0.4900 0.8606 0.6421 0.8310
136 0.0411 0.0587 0.9208 0.1982 0.8935 0.1762 0.4888 0.8572 0.6197 0.8290
137 0.0428 0.0605 0.9170 0.2027 0.8918 0.1747 0.4881 0.8555 0.6129 0.8254
138 0.0493 0.0684 0.9131 0.2223 0.8848 0.1702 0.5016 0.8366 0.5975 0.8019
139 0.0533 0.0777 0.9069 0.2384 0.8764 0.2062 0.5140 0.8388 0.7189 0.8111
140 0.0697 0.0976 0.8909 0.2941 0.8576 0.1984 0.5107 0.8282 0.7510 0.7957
141 0.0633 0.0912 0.9019 0.2659 0.8736 0.2691 0.5445 0.7913 1.0108 0.7588
142 0.0568 0.0797 0.9035 0.2523 0.8748 0.1443 0.4992 0.8497 0.5294 0.8204
143 0.0488 0.0686 0.9137 0.2174 0.8877 0.1333 0.4949 0.8612 0.5037 0.8323
144 0.0424 0.0588 0.9190 0.2020 0.8924 0.1298 0.4921 0.8657 0.4883 0.8367
145 0.0422 0.0617 0.9217 0.1925 0.8952 0.1295 0.4908 0.8638 0.4905 0.8375
146 0.0373 0.0535 0.9222 0.1862 0.8970 0.1354 0.4868 0.8627 0.5076 0.8352
147 0.0380 0.0548 0.9216 0.1912 0.8973 0.1430 0.4871 0.8613 0.5422 0.8291
148 0.0496 0.0677 0.9128 0.2252 0.8851 0.1608 0.5105 0.8430 0.6285 0.8113
149 0.0455 0.0653 0.9122 0.2204 0.8834 0.1617 0.4893 0.8511 0.5932 0.8171
