epoch train_iou train_loss train_mAP val_iou val_mAP
0 0.6421 1.1509 0.5681 0.6766 0.5785
1 0.7205 0.8950 0.6570 0.7443 0.6901
2 0.7415 0.8188 0.6823 0.7819 0.7352
3 0.7694 0.7270 0.7153 0.7915 0.7427
4 0.7893 0.6644 0.7349 0.8057 0.7636
5 0.7867 0.6571 0.7369 0.8141 0.7755
6 0.7891 0.6498 0.7370 0.8160 0.7791
7 0.7934 0.6524 0.7414 0.8035 0.7631
8 0.7886 0.6618 0.7392 0.7978 0.7419
9 0.7799 0.7008 0.7315 0.7934 0.7544
10 0.7914 0.6726 0.7444 0.7742 0.7416
11 0.7978 0.6329 0.7530 0.8309 0.7951
12 0.8176 0.5765 0.7732 0.8249 0.7924
13 0.8285 0.5353 0.7863 0.8293 0.7999
14 0.8288 0.5168 0.7861 0.8470 0.8154
15 0.8348 0.4967 0.7927 0.8502 0.8175
16 0.8391 0.4984 0.7980 0.8434 0.8085
17 0.8327 0.5219 0.7938 0.8366 0.8058
18 0.8213 0.5486 0.7775 0.8124 0.7756
19 0.8290 0.5268 0.7874 0.8258 0.7929
20 0.8233 0.5672 0.7801 0.8213 0.7823
21 0.8239 0.5410 0.7807 0.8280 0.7929
22 0.8356 0.4997 0.7952 0.8377 0.8060
23 0.8446 0.4750 0.8045 0.8405 0.8082
24 0.8558 0.4389 0.8200 0.8462 0.8178
25 0.8622 0.4134 0.8254 0.8459 0.8175
26 0.8643 0.4096 0.8262 0.8435 0.8141
27 0.8528 0.4538 0.8133 0.8397 0.8097
28 0.8458 0.4774 0.8051 0.8324 0.8018
29 0.8463 0.4815 0.8081 0.8390 0.8093
30 0.8361 0.5214 0.7964 0.8323 0.8026
31 0.8385 0.5116 0.7981 0.8274 0.8000
32 0.8523 0.4636 0.8157 0.8388 0.8107
33 0.8612 0.4306 0.8235 0.8498 0.8207
34 0.8591 0.4150 0.8230 0.8534 0.8275
35 0.8728 0.3876 0.8372 0.8510 0.8237
36 0.8750 0.3729 0.8378 0.8565 0.8274
37 0.8687 0.3844 0.8328 0.8379 0.8095
38 0.8563 0.4424 0.8199 0.8498 0.8184
39 0.8508 0.4779 0.8119 0.8367 0.8007
40 0.8446 0.4935 0.8058 0.8346 0.8041
41 0.8408 0.4998 0.8006 0.8510 0.8179
42 0.8602 0.4318 0.8238 0.8357 0.8112
43 0.8659 0.4097 0.8287 0.8534 0.8267
44 0.8805 0.3562 0.8450 0.8591 0.8315
45 0.8828 0.3432 0.8496 0.8571 0.8308
46 0.8792 0.3578 0.8438 0.8536 0.8268
47 0.8803 0.3602 0.8437 0.8507 0.8231
48 0.8701 0.3922 0.8318 0.8479 0.8177
49 0.8607 0.4303 0.8258 0.8451 0.8167
50 0.8534 0.4407 0.8163 0.8434 0.8143
51 0.8557 0.4437 0.8163 0.8502 0.8201
52 0.8662 0.3956 0.8340 0.8363 0.8078
53 0.8786 0.3611 0.8438 0.8522 0.8275
54 0.8843 0.3368 0.8497 0.8572 0.8315
55 0.8881 0.3165 0.8550 0.8615 0.8351
56 0.8906 0.3091 0.8571 0.8576 0.8314
57 0.8854 0.3348 0.8498 0.8557 0.8285
58 0.8765 0.3704 0.8398 0.8425 0.8020
59 0.8693 0.3926 0.8308 0.8504 0.8209
60 0.8691 0.3961 0.8320 0.8127 0.7803
61 0.8564 0.4465 0.8209 0.8252 0.7928
62 0.8706 0.3948 0.8368 0.8480 0.8185
63 0.8852 0.3349 0.8528 0.8568 0.8317
64 0.8905 0.3162 0.8579 0.8548 0.8284
65 0.8930 0.3035 0.8602 0.8515 0.8251
66 0.8950 0.2968 0.8631 0.8510 0.8257
67 0.8885 0.3185 0.8543 0.8597 0.8306
68 0.8802 0.3502 0.8444 0.8640 0.8382
69 0.8793 0.3692 0.8440 0.8401 0.8060
70 0.8755 0.4023 0.8399 0.8505 0.8224
71 0.8735 0.3821 0.8382 0.8539 0.8266
72 0.8829 0.3507 0.8492 0.8570 0.8273
73 0.8949 0.3229 0.8623 0.8681 0.8393
74 0.8921 0.2993 0.8582 0.8648 0.8371
75 0.8976 0.2856 0.8645 0.8677 0.8412
76 0.8964 0.2874 0.8650 0.8602 0.8337
77 0.8960 0.2898 0.8637 0.8598 0.8317
78 0.8935 0.3010 0.8594 0.8491 0.8208
79 0.8953 0.3083 0.8643 0.8576 0.8278
80 0.8730 0.3708 0.8395 0.8420 0.8081
81 0.8738 0.3872 0.8387 0.8492 0.8244
82 0.8849 0.3436 0.8512 0.8550 0.8288
83 0.8928 0.3191 0.8605 0.8605 0.8343
84 0.8984 0.2842 0.8667 0.8640 0.8373
85 0.9043 0.2680 0.8745 0.8626 0.8349
86 0.9042 0.2679 0.8742 0.8600 0.8350
87 0.9011 0.2719 0.8720 0.8568 0.8303
88 0.9003 0.2905 0.8682 0.8494 0.8224
89 0.8833 0.3364 0.8521 0.8532 0.8249
90 0.8712 0.3944 0.8353 0.8297 0.7897
91 0.8839 0.3430 0.8509 0.8527 0.8227
92 0.8918 0.3073 0.8607 0.8590 0.8325
93 0.8999 0.2852 0.8683 0.8596 0.8317
94 0.9068 0.2616 0.8765 0.8577 0.8314
95 0.9060 0.2593 0.8746 0.8593 0.8337
96 0.9097 0.2491 0.8786 0.8615 0.8358
97 0.9049 0.2687 0.8747 0.8643 0.8400
98 0.9024 0.2844 0.8703 0.8567 0.8313
99 0.8898 0.3230 0.8568 0.8501 0.8215
100 0.8941 0.2996 0.8630 0.8569 0.8320
101 0.8988 0.2861 0.8671 0.8573 0.8298
102 0.9045 0.2653 0.8750 0.8621 0.8333
103 0.9059 0.2565 0.8757 0.8613 0.8350
104 0.9151 0.2350 0.8870 0.8582 0.8331
105 0.9112 0.2360 0.8815 0.8599 0.8345
106 0.9118 0.2315 0.8832 0.8606 0.8347
107 0.9096 0.2403 0.8816 0.8602 0.8338
108 0.9133 0.2330 0.8845 0.8583 0.8334
109 0.9127 0.2385 0.8852 0.8565 0.8326
110 0.9053 0.2663 0.8762 0.8614 0.8374
111 0.9082 0.2580 0.8776 0.8539 0.8281
112 0.9102 0.2412 0.8811 0.8590 0.8343
113 0.9138 0.2345 0.8842 0.8635 0.8379
114 0.9149 0.2267 0.8860 0.8658 0.8374
115 0.9182 0.2215 0.8897 0.8640 0.8379
116 0.9139 0.2233 0.8870 0.8626 0.8374
117 0.9175 0.2188 0.8908 0.8648 0.8399
118 0.9170 0.2250 0.8889 0.8540 0.8278
119 0.9150 0.2348 0.8860 0.8571 0.8343
120 0.9064 0.2598 0.8778 0.8516 0.8232
121 0.9093 0.2471 0.8800 0.8596 0.8345
122 0.9177 0.2226 0.8872 0.8569 0.8341
123 0.9155 0.2214 0.8860 0.8623 0.8323
124 0.9177 0.2249 0.8884 0.8625 0.8388
125 0.9170 0.2220 0.8893 0.8621 0.8375
126 0.9190 0.2160 0.8918 0.8592 0.8359
127 0.9202 0.2147 0.8928 0.8649 0.8407
128 0.9185 0.2149 0.8918 0.8572 0.8328
129 0.9124 0.2424 0.8842 0.8576 0.8310
130 0.9078 0.2512 0.8770 0.8643 0.8397
131 0.9112 0.2377 0.8809 0.8543 0.8278
132 0.9149 0.2252 0.8873 0.8580 0.8333
133 0.9154 0.2252 0.8900 0.8617 0.8376
134 0.9211 0.2092 0.8962 0.8583 0.8335
135 0.9213 0.2101 0.8946 0.8613 0.8380
136 0.9204 0.2015 0.8933 0.8606 0.8339
137 0.9251 0.1984 0.9004 0.8626 0.8391
138 0.9208 0.2070 0.8957 0.8532 0.8285
139 0.9168 0.2204 0.8900 0.8550 0.8311
140 0.9127 0.2392 0.8842 0.8281 0.7996
141 0.9147 0.2319 0.8891 0.8629 0.8388
142 0.9140 0.2236 0.8874 0.8593 0.8356
143 0.9182 0.2190 0.8907 0.8573 0.8334
144 0.9236 0.1989 0.8987 0.8603 0.8356
145 0.9163 0.2112 0.8900 0.8617 0.8371
146 0.9198 0.2047 0.8953 0.8640 0.8401
147 0.9219 0.2082 0.8957 0.8603 0.8370
148 0.9190 0.2186 0.8926 0.8649 0.8415
149 0.9189 0.2122 0.8919 0.8576 0.8328
150 0.9088 0.2610 0.8808 0.8608 0.8362
151 0.9141 0.2359 0.8866 0.8643 0.8383
152 0.9207 0.2119 0.8950 0.8630 0.8379
153 0.9189 0.2125 0.8915 0.8605 0.8367
154 0.9191 0.2084 0.8926 0.8599 0.8358
155 0.9248 0.2000 0.8992 0.8598 0.8345
156 0.9235 0.2022 0.8986 0.8601 0.8357
157 0.9212 0.2071 0.8939 0.8630 0.8381
158 0.9174 0.2128 0.8915 0.8621 0.8371
159 0.9186 0.2086 0.8918 0.8547 0.8316
160 0.9211 0.2048 0.8949 0.8632 0.8406
161 0.9222 0.1968 0.8953 0.8693 0.8448
162 0.9200 0.2002 0.8943 0.8648 0.8409
163 0.9260 0.1946 0.9001 0.8671 0.8434
164 0.9260 0.1887 0.9003 0.8682 0.8446
165 0.9237 0.1904 0.8979 0.8700 0.8478
166 0.9261 0.1925 0.9020 0.8673 0.8451
167 0.9301 0.1823 0.9050 0.8686 0.8442
168 0.9289 0.1784 0.9052 0.8688 0.8441
169 0.9263 0.1868 0.9013 0.8657 0.8411
170 0.9271 0.1852 0.9049 0.8686 0.8456
171 0.9248 0.1939 0.9005 0.8684 0.8448
172 0.9240 0.1908 0.9000 0.8656 0.8427
173 0.9259 0.1863 0.9012 0.8672 0.8440
174 0.9276 0.1859 0.9048 0.8708 0.8484
175 0.9256 0.1862 0.9004 0.8709 0.8474
176 0.9265 0.1843 0.9007 0.8732 0.8506
177 0.9288 0.1780 0.9051 0.8706 0.8462
178 0.9326 0.1732 0.9096 0.8715 0.8476
179 0.9257 0.1875 0.9012 0.8703 0.8466
180 0.9270 0.1863 0.9029 0.8708 0.8463
181 0.9265 0.1815 0.9020 0.8676 0.8429
182 0.9248 0.1894 0.8998 0.8674 0.8436
183 0.9303 0.1825 0.9067 0.8678 0.8422
184 0.9270 0.1837 0.9019 0.8691 0.8436
185 0.9294 0.1789 0.9053 0.8685 0.8436
186 0.9224 0.1915 0.8987 0.8710 0.8465
187 0.9289 0.1801 0.9046 0.8685 0.8436
188 0.9305 0.1747 0.9060 0.8741 0.8502
189 0.9296 0.1776 0.9062 0.8686 0.8463
190 0.9275 0.1812 0.9032 0.8686 0.8444
191 0.9274 0.1814 0.9032 0.8699 0.8448
192 0.9301 0.1758 0.9057 0.8698 0.8447
193 0.9261 0.1829 0.9018 0.8679 0.8427
194 0.9299 0.1771 0.9062 0.8678 0.8436
195 0.9326 0.1702 0.9100 0.8697 0.8447
196 0.9332 0.1708 0.9090 0.8695 0.8445
197 0.9263 0.1784 0.9023 0.8694 0.8439
198 0.9307 0.1731 0.9059 0.8702 0.8458
199 0.9286 0.1783 0.9044 0.8646 0.8395
