epoch train_iou train_loss train_mAP val_iou val_mAP
0 0.6159 1.6479 0.5426 0.6526 0.5518
1 0.7135 1.2681 0.6454 0.6470 0.5543
2 0.7420 1.1456 0.6806 0.7601 0.6978
3 0.7619 1.0393 0.7087 0.7799 0.7352
4 0.7845 0.9746 0.7357 0.7982 0.7526
5 0.7982 0.8966 0.7521 0.8016 0.7569
6 0.7902 0.9338 0.7410 0.7820 0.7269
7 0.8002 0.9105 0.7539 0.7886 0.7499
8 0.7888 0.9516 0.7421 0.7777 0.7421
9 0.7914 0.9556 0.7467 0.7977 0.7605
10 0.7970 0.9318 0.7527 0.8045 0.7645
11 0.8006 0.8946 0.7599 0.8161 0.7770
12 0.8246 0.7998 0.7848 0.8136 0.7816
13 0.8279 0.7682 0.7893 0.8191 0.7844
14 0.8387 0.7258 0.8019 0.8192 0.7852
15 0.8424 0.7057 0.8051 0.8264 0.7928
16 0.8383 0.7051 0.7985 0.8297 0.7940
17 0.8359 0.7147 0.7965 0.8282 0.7953
18 0.8356 0.7407 0.8001 0.8175 0.7865
19 0.8313 0.7532 0.7922 0.8311 0.7959
20 0.8204 0.7884 0.7817 0.7740 0.7325
21 0.8235 0.7905 0.7836 0.8206 0.7869
22 0.8408 0.6945 0.8060 0.8177 0.7851
23 0.8508 0.6498 0.8162 0.8241 0.7944
24 0.8645 0.6258 0.8296 0.8404 0.8099
25 0.8627 0.6029 0.8288 0.8422 0.8094
26 0.8633 0.6060 0.8295 0.8443 0.8078
27 0.8610 0.6118 0.8247 0.8219 0.7889
28 0.8468 0.6791 0.8123 0.8242 0.7941
29 0.8357 0.7086 0.7993 0.8083 0.7742
30 0.8316 0.7571 0.7960 0.8317 0.7988
31 0.8412 0.7088 0.8065 0.8282 0.7977
32 0.8475 0.6928 0.8128 0.8410 0.8013
33 0.8650 0.5906 0.8303 0.8441 0.8133
34 0.8674 0.5873 0.8351 0.8517 0.8189
35 0.8711 0.5643 0.8370 0.8506 0.8198
36 0.8731 0.5605 0.8414 0.8569 0.8254
37 0.8685 0.5716 0.8368 0.8463 0.8136
38 0.8608 0.6015 0.8281 0.8441 0.8096
39 0.8539 0.6613 0.8192 0.8073 0.7684
40 0.8469 0.6965 0.8127 0.7573 0.7216
41 0.8427 0.7159 0.8099 0.8256 0.7936
42 0.8615 0.6207 0.8307 0.8382 0.8056
43 0.8668 0.5671 0.8349 0.8432 0.8130
44 0.8760 0.5297 0.8446 0.8451 0.8173
45 0.8741 0.5324 0.8425 0.8460 0.8162
46 0.8775 0.5384 0.8437 0.8469 0.8160
47 0.8740 0.5501 0.8409 0.8449 0.8156
48 0.8657 0.5832 0.8322 0.8305 0.7966
49 0.8600 0.6148 0.8267 0.8262 0.7954
50 0.8592 0.6260 0.8230 0.8341 0.8016
51 0.8646 0.5944 0.8344 0.8379 0.8054
52 0.8642 0.5921 0.8334 0.8373 0.8034
53 0.8787 0.5312 0.8479 0.8435 0.8171
54 0.8816 0.5010 0.8508 0.8439 0.8130
55 0.8914 0.4684 0.8616 0.8485 0.8198
56 0.8903 0.4570 0.8623 0.8431 0.8160
57 0.8824 0.5020 0.8512 0.8442 0.8139
58 0.8758 0.5252 0.8410 0.8385 0.8060
59 0.8769 0.5624 0.8461 0.8184 0.7865
60 0.8660 0.6049 0.8353 0.8171 0.7864
61 0.8753 0.5574 0.8445 0.8415 0.8073
62 0.8737 0.5477 0.8443 0.8399 0.8136
63 0.8824 0.5155 0.8520 0.8480 0.8172
64 0.8947 0.4554 0.8649 0.8532 0.8207
65 0.8902 0.4683 0.8618 0.8532 0.8230
66 0.8936 0.4600 0.8641 0.8456 0.8190
67 0.8978 0.4549 0.8683 0.8439 0.8183
68 0.8887 0.4897 0.8606 0.8441 0.8160
69 0.8778 0.5212 0.8470 0.8439 0.8145
70 0.8684 0.5756 0.8381 0.8430 0.8131
71 0.8736 0.5445 0.8431 0.8512 0.8161
72 0.8847 0.5061 0.8557 0.8459 0.8162
73 0.8925 0.4461 0.8602 0.8597 0.8292
74 0.8949 0.4459 0.8652 0.8601 0.8308
75 0.8965 0.4254 0.8677 0.8601 0.8300
76 0.8947 0.4262 0.8654 0.8597 0.8280
77 0.8983 0.4277 0.8694 0.8518 0.8209
78 0.8905 0.4721 0.8599 0.8411 0.8091
79 0.8794 0.5199 0.8496 0.8238 0.7906
80 0.8640 0.6006 0.8304 0.8419 0.8099
81 0.8822 0.5159 0.8523 0.8294 0.7930
82 0.8821 0.5001 0.8514 0.8424 0.8105
83 0.8918 0.4666 0.8655 0.8506 0.8213
84 0.8960 0.4373 0.8667 0.8541 0.8221
85 0.8996 0.4261 0.8711 0.8529 0.8232
86 0.8986 0.4109 0.8707 0.8484 0.8188
87 0.9022 0.4126 0.8733 0.8566 0.8275
88 0.8899 0.4593 0.8629 0.8387 0.8149
89 0.8879 0.4924 0.8595 0.8331 0.8011
90 0.8712 0.5669 0.8417 0.8372 0.8036
91 0.8797 0.5076 0.8492 0.8410 0.8131
92 0.8902 0.4805 0.8602 0.8408 0.8096
93 0.8916 0.4570 0.8628 0.8520 0.8202
94 0.8993 0.4168 0.8716 0.8507 0.8204
95 0.9077 0.3895 0.8817 0.8507 0.8232
96 0.9092 0.3875 0.8827 0.8523 0.8226
97 0.9078 0.3931 0.8821 0.8467 0.8161
98 0.8998 0.4323 0.8731 0.8527 0.8221
99 0.8919 0.4638 0.8615 0.8493 0.8118
100 0.8995 0.4326 0.8718 0.8499 0.8180
101 0.9061 0.3846 0.8801 0.8456 0.8154
102 0.9016 0.3954 0.8772 0.8537 0.8240
103 0.9079 0.3777 0.8807 0.8557 0.8239
104 0.9082 0.3594 0.8820 0.8560 0.8256
105 0.9079 0.3737 0.8831 0.8586 0.8275
106 0.9097 0.3654 0.8829 0.8563 0.8264
107 0.9034 0.3809 0.8778 0.8544 0.8230
108 0.9091 0.3687 0.8852 0.8523 0.8251
109 0.9023 0.3937 0.8748 0.8555 0.8249
110 0.9047 0.3944 0.8784 0.8508 0.8203
111 0.8997 0.3938 0.8756 0.8571 0.8269
112 0.9008 0.3972 0.8754 0.8569 0.8290
113 0.9123 0.3532 0.8891 0.8547 0.8267
114 0.9133 0.3559 0.8884 0.8572 0.8288
115 0.9099 0.3583 0.8878 0.8560 0.8251
116 0.9158 0.3442 0.8918 0.8611 0.8320
117 0.9111 0.3596 0.8864 0.8532 0.8266
118 0.9072 0.3689 0.8849 0.8431 0.8107
119 0.9060 0.3821 0.8821 0.8511 0.8190
120 0.9081 0.3580 0.8845 0.8468 0.8138
121 0.9118 0.3718 0.8871 0.8591 0.8296
122 0.9140 0.3524 0.8902 0.8499 0.8185
123 0.9117 0.3536 0.8896 0.8536 0.8272
124 0.9106 0.3571 0.8858 0.8537 0.8267
125 0.9195 0.3219 0.8979 0.8557 0.8273
126 0.9159 0.3353 0.8928 0.8513 0.8233
127 0.9156 0.3334 0.8925 0.8597 0.8286
128 0.9102 0.3447 0.8871 0.8582 0.8296
129 0.9108 0.3486 0.8872 0.8479 0.8143
130 0.9012 0.4114 0.8771 0.8446 0.8149
131 0.9000 0.4030 0.8753 0.8470 0.8150
132 0.9123 0.3661 0.8890 0.8517 0.8231
133 0.9158 0.3370 0.8932 0.8454 0.8173
134 0.9140 0.3537 0.8898 0.8540 0.8250
135 0.9146 0.3411 0.8931 0.8521 0.8230
136 0.9155 0.3384 0.8928 0.8562 0.8284
137 0.9174 0.3355 0.8957 0.8561 0.8278
138 0.9144 0.3364 0.8915 0.8549 0.8240
139 0.9084 0.3611 0.8872 0.8507 0.8231
140 0.9092 0.3662 0.8864 0.8346 0.8081
141 0.9078 0.3694 0.8857 0.8466 0.8150
142 0.9141 0.3631 0.8931 0.8473 0.8213
143 0.9125 0.3474 0.8906 0.8539 0.8258
144 0.9172 0.3306 0.8946 0.8598 0.8298
145 0.9154 0.3352 0.8946 0.8603 0.8326
146 0.9193 0.3228 0.8972 0.8627 0.8340
147 0.9148 0.3307 0.8928 0.8580 0.8285
148 0.9172 0.3276 0.8975 0.8619 0.8338
149 0.9119 0.3445 0.8912 0.8632 0.8353
150 0.9056 0.3805 0.8802 0.8552 0.8230
151 0.9102 0.3716 0.8889 0.8600 0.8312
152 0.9179 0.3303 0.8964 0.8459 0.8165
153 0.9204 0.3248 0.8994 0.8577 0.8316
154 0.9161 0.3296 0.8964 0.8559 0.8273
155 0.9212 0.3134 0.9005 0.8622 0.8339
156 0.9177 0.3207 0.8963 0.8575 0.8282
157 0.9195 0.3248 0.8984 0.8589 0.8290
158 0.9183 0.3165 0.8989 0.8561 0.8268
159 0.9188 0.3306 0.8968 0.8518 0.8218
160 0.9206 0.3215 0.8989 0.8603 0.8303
161 0.9194 0.3161 0.8980 0.8572 0.8274
162 0.9232 0.3034 0.9025 0.8584 0.8305
163 0.9213 0.3061 0.9020 0.8635 0.8364
164 0.9214 0.3062 0.8989 0.8606 0.8327
165 0.9247 0.2941 0.9048 0.8627 0.8338
166 0.9223 0.3011 0.9042 0.8626 0.8340
167 0.9194 0.3077 0.8989 0.8610 0.8321
168 0.9258 0.3014 0.9062 0.8617 0.8332
169 0.9222 0.2966 0.9021 0.8597 0.8311
170 0.9252 0.2926 0.9044 0.8598 0.8311
171 0.9267 0.2883 0.9054 0.8594 0.8305
172 0.9201 0.3082 0.9011 0.8608 0.8313
173 0.9238 0.2910 0.9042 0.8628 0.8341
174 0.9256 0.2861 0.9071 0.8613 0.8329
175 0.9274 0.2878 0.9096 0.8645 0.8364
176 0.9223 0.2969 0.9030 0.8637 0.8349
177 0.9234 0.2879 0.9049 0.8594 0.8302
178 0.9220 0.2942 0.9028 0.8662 0.8377
179 0.9225 0.2965 0.9022 0.8665 0.8395
180 0.9247 0.2930 0.9060 0.8636 0.8368
181 0.9216 0.2923 0.9023 0.8634 0.8344
182 0.9284 0.2858 0.9101 0.8611 0.8332
183 0.9245 0.2912 0.9053 0.8653 0.8374
184 0.9241 0.2918 0.9049 0.8642 0.8379
185 0.9227 0.2934 0.9009 0.8644 0.8379
186 0.9248 0.2871 0.9035 0.8636 0.8359
187 0.9248 0.2893 0.9056 0.8608 0.8333
188 0.9266 0.2843 0.9076 0.8641 0.8335
189 0.9216 0.2998 0.9019 0.8609 0.8323
190 0.9222 0.2923 0.9024 0.8648 0.8376
191 0.9208 0.3008 0.9015 0.8636 0.8357
192 0.9224 0.2910 0.9033 0.8646 0.8375
193 0.9255 0.2883 0.9070 0.8646 0.8361
194 0.9258 0.2854 0.9059 0.8642 0.8362
195 0.9200 0.2976 0.9016 0.8626 0.8352
196 0.9289 0.2777 0.9102 0.8643 0.8368
197 0.9228 0.2887 0.9032 0.8620 0.8341
198 0.9283 0.2788 0.9095 0.8663 0.8374
199 0.9243 0.2812 0.9065 0.8606 0.8319
