epoch train_BCELoss train_SoftDiceLoss train_iou train_loss train_mAP val_BCELoss val_SoftDiceLoss val_iou val_loss val_mAP
0 0.6002 0.6371 0.1584 1.2368 0.1169 0.6374 0.6910 0.3020 1.3283 0.1812
1 0.3141 0.3241 0.6231 0.6381 0.5510 0.2634 0.5632 0.6846 0.8267 0.6231
2 0.2442 0.2337 0.6888 0.4781 0.6313 0.2330 0.5307 0.7206 0.7641 0.6593
3 0.2132 0.2012 0.7152 0.4147 0.6606 0.2521 0.5280 0.7135 0.7807 0.6616
4 0.2059 0.1952 0.7270 0.4015 0.6737 0.1998 0.5110 0.7535 0.7114 0.7135
5 0.1978 0.1826 0.7473 0.3809 0.6989 0.1772 0.5113 0.7568 0.6891 0.7114
6 0.2020 0.1866 0.7412 0.3891 0.6889 0.2133 0.5079 0.7562 0.7220 0.7176
7 0.1793 0.1618 0.7692 0.3419 0.7207 0.2295 0.5070 0.7328 0.7374 0.6790
8 0.1735 0.1546 0.7717 0.3288 0.7264 0.4997 0.5333 0.7030 1.0341 0.6585
9 0.1567 0.1449 0.7868 0.3024 0.7447 0.1827 0.4794 0.7823 0.6631 0.7395
10 0.1434 0.1282 0.8059 0.2725 0.7623 0.2078 0.4818 0.7871 0.6907 0.7491
11 0.1345 0.1260 0.8078 0.2613 0.7687 0.2221 0.4806 0.7739 0.7038 0.7309
12 0.1215 0.1099 0.8217 0.2323 0.7812 0.2472 0.4789 0.7880 0.7273 0.7511
13 0.1159 0.1104 0.8240 0.2272 0.7863 0.2012 0.4692 0.8058 0.6715 0.7739
14 0.1018 0.0924 0.8372 0.1951 0.8000 0.2122 0.4686 0.8097 0.6820 0.7806
15 0.1043 0.0921 0.8377 0.1975 0.8019 0.2047 0.4620 0.8155 0.6680 0.7824
16 0.0936 0.0890 0.8485 0.1837 0.8129 0.1936 0.4606 0.8214 0.6556 0.7894
17 0.0938 0.0869 0.8496 0.1818 0.8148 0.1871 0.4586 0.8196 0.6470 0.7872
18 0.0964 0.0859 0.8408 0.1835 0.8057 0.1874 0.4632 0.8200 0.6519 0.7887
19 0.0985 0.0879 0.8467 0.1874 0.8112 0.2036 0.4567 0.8127 0.6617 0.7779
20 0.1121 0.0989 0.8236 0.2121 0.7875 0.2086 0.4698 0.7918 0.6797 0.7559
21 0.1131 0.0987 0.8302 0.2129 0.7936 0.1918 0.4621 0.8137 0.6552 0.7760
22 0.1176 0.1047 0.8286 0.2233 0.7935 0.2502 0.4819 0.7871 0.7333 0.7529
23 0.1290 0.1158 0.8237 0.2458 0.7826 0.2113 0.4734 0.8069 0.6860 0.7754
24 0.1334 0.1169 0.8210 0.2514 0.7818 0.1957 0.4766 0.7973 0.6736 0.7671
25 0.1272 0.1118 0.8201 0.2399 0.7797 0.1845 0.4716 0.8079 0.6574 0.7725
26 0.1198 0.1071 0.8276 0.2279 0.7925 0.2327 0.4629 0.8006 0.6970 0.7654
27 0.1031 0.0902 0.8389 0.1944 0.8047 0.2052 0.4611 0.8213 0.6679 0.7924
28 0.0937 0.0865 0.8435 0.1813 0.8106 0.2281 0.4512 0.8236 0.6809 0.7955
29 0.0901 0.0790 0.8525 0.1704 0.8213 0.1994 0.4536 0.8252 0.6545 0.7946
30 0.0797 0.0720 0.8557 0.1529 0.8223 0.2109 0.4538 0.8354 0.6663 0.8068
31 0.0714 0.0647 0.8661 0.1373 0.8348 0.2178 0.4531 0.8317 0.6725 0.8030
32 0.0711 0.0638 0.8707 0.1361 0.8405 0.2210 0.4529 0.8326 0.6754 0.8032
33 0.0683 0.0600 0.8786 0.1296 0.8485 0.2287 0.4509 0.8307 0.6812 0.8015
34 0.0687 0.0602 0.8716 0.1302 0.8409 0.2460 0.4479 0.8324 0.6955 0.8049
35 0.0772 0.0694 0.8659 0.1479 0.8351 0.2317 0.4561 0.8149 0.6894 0.7865
36 0.0774 0.0682 0.8631 0.1468 0.8305 0.1990 0.4549 0.8300 0.6555 0.7996
37 0.0873 0.0754 0.8512 0.1639 0.8161 0.2495 0.4653 0.8125 0.7164 0.7789
38 0.0875 0.0766 0.8534 0.1652 0.8189 0.1956 0.4556 0.8239 0.6527 0.7953
39 0.1071 0.0974 0.8360 0.2056 0.7998 0.2731 0.4738 0.7939 0.7483 0.7605
40 0.1027 0.0920 0.8379 0.1958 0.8034 0.2132 0.4761 0.7760 0.6907 0.7392
41 0.1069 0.0934 0.8277 0.2015 0.7914 0.4377 0.5332 0.7103 0.9723 0.6467
42 0.1067 0.0959 0.8413 0.2038 0.8045 0.2207 0.4707 0.8138 0.6928 0.7790
43 0.0799 0.0676 0.8597 0.1487 0.8279 0.2182 0.4887 0.8017 0.7082 0.7686
44 0.0848 0.0720 0.8616 0.1581 0.8306 0.2495 0.4483 0.8397 0.6996 0.8098
45 0.0739 0.0656 0.8650 0.1409 0.8351 0.2128 0.4516 0.8347 0.6660 0.8074
46 0.0637 0.0601 0.8743 0.1252 0.8446 0.2299 0.4477 0.8360 0.6793 0.8065
47 0.0564 0.0527 0.8838 0.1105 0.8564 0.2447 0.4435 0.8395 0.6900 0.8088
48 0.0561 0.0512 0.8831 0.1087 0.8557 0.2459 0.4452 0.8400 0.6929 0.8118
49 0.0537 0.0493 0.8815 0.1044 0.8553 0.2644 0.4437 0.8405 0.7100 0.8147
50 0.0572 0.0509 0.8810 0.1095 0.8525 0.2542 0.4461 0.8412 0.7021 0.8117
51 0.0563 0.0533 0.8770 0.1110 0.8472 0.2533 0.4449 0.8409 0.7000 0.8107
52 0.0666 0.0615 0.8692 0.1294 0.8386 0.2232 0.4440 0.8383 0.6691 0.8076
53 0.0697 0.0604 0.8685 0.1314 0.8388 0.2230 0.4465 0.8367 0.6711 0.8085
54 0.0698 0.0621 0.8699 0.1332 0.8427 0.2601 0.4603 0.8235 0.7220 0.7914
55 0.0853 0.0756 0.8524 0.1621 0.8189 0.2137 0.4669 0.8215 0.6819 0.7874
56 0.0998 0.0849 0.8473 0.1860 0.8130 0.2588 0.4549 0.7947 0.7153 0.7569
57 0.1160 0.0992 0.8279 0.2163 0.7909 0.2715 0.4728 0.8049 0.7458 0.7730
58 0.0888 0.0773 0.8527 0.1674 0.8200 0.2106 0.4455 0.8367 0.6579 0.8089
59 0.0694 0.0647 0.8700 0.1355 0.8407 0.2939 0.4592 0.8096 0.7548 0.7753
60 0.0728 0.0634 0.8653 0.1376 0.8347 0.2505 0.4531 0.8351 0.7053 0.8030
61 0.0606 0.0553 0.8785 0.1174 0.8505 0.2783 0.4566 0.8274 0.7367 0.7973
62 0.0540 0.0477 0.8848 0.1032 0.8568 0.2508 0.4483 0.8352 0.7009 0.8056
63 0.0508 0.0474 0.8947 0.0997 0.8685 0.2911 0.4426 0.8427 0.7356 0.8154
64 0.0510 0.0452 0.8896 0.0976 0.8639 0.2854 0.4446 0.8414 0.7318 0.8140
65 0.0470 0.0435 0.8906 0.0919 0.8646 0.2907 0.4381 0.8403 0.7307 0.8126
66 0.0510 0.0454 0.8919 0.0979 0.8653 0.2849 0.4461 0.8378 0.7328 0.8083
67 0.0536 0.0455 0.8862 0.1005 0.8591 0.2568 0.4412 0.8411 0.6998 0.8132
68 0.0542 0.0499 0.8873 0.1055 0.8596 0.2842 0.4482 0.8347 0.7341 0.8081
69 0.0521 0.0462 0.8845 0.0997 0.8562 0.2837 0.4472 0.8351 0.7327 0.8044
70 0.0581 0.0503 0.8809 0.1098 0.8522 0.3582 0.4515 0.8161 0.8115 0.7846
71 0.0758 0.0669 0.8704 0.1442 0.8397 0.2879 0.4636 0.8146 0.7531 0.7818
72 0.0876 0.0735 0.8607 0.1624 0.8303 0.2294 0.4656 0.8157 0.6965 0.7838
73 0.0753 0.0665 0.8665 0.1432 0.8347 0.3158 0.4704 0.7981 0.7878 0.7691
74 0.0983 0.0830 0.8554 0.1826 0.8212 0.2268 0.4507 0.8385 0.6790 0.8103
75 0.0771 0.0703 0.8650 0.1488 0.8337 0.1989 0.4540 0.8347 0.6545 0.8064
76 0.0553 0.0499 0.8851 0.1066 0.8583 0.2522 0.4383 0.8387 0.6924 0.8079
77 0.0535 0.0482 0.8904 0.1032 0.8637 0.2872 0.4417 0.8358 0.7307 0.8078
78 0.0480 0.0444 0.8909 0.0939 0.8645 0.2907 0.4384 0.8463 0.7310 0.8201
79 0.0435 0.0414 0.9024 0.0865 0.8763 0.2857 0.4311 0.8501 0.7188 0.8239
80 0.0449 0.0409 0.8967 0.0874 0.8719 0.2795 0.4285 0.8511 0.7100 0.8261
81 0.0428 0.0399 0.8984 0.0843 0.8727 0.2758 0.4409 0.8481 0.7186 0.8200
82 0.0483 0.0435 0.8961 0.0934 0.8721 0.2061 0.4314 0.8583 0.6395 0.8276
83 0.0427 0.0387 0.9004 0.0828 0.8743 0.2371 0.4269 0.8586 0.6660 0.8294
84 0.0428 0.0391 0.8943 0.0834 0.8683 0.3030 0.4293 0.8471 0.7343 0.8199
85 0.0465 0.0404 0.8919 0.0883 0.8646 0.2929 0.4399 0.8420 0.7347 0.8135
86 0.0745 0.0685 0.8646 0.1443 0.8341 0.3114 0.4728 0.8161 0.7856 0.7850
87 0.0806 0.0720 0.8603 0.1539 0.8292 0.1964 0.4531 0.8234 0.6511 0.7892
88 0.0843 0.0725 0.8623 0.1581 0.8312 0.2759 0.4631 0.8217 0.7408 0.7891
89 0.0851 0.0740 0.8568 0.1604 0.8224 0.2894 0.4523 0.8099 0.7434 0.7797
90 0.0711 0.0640 0.8715 0.1365 0.8430 0.3046 0.4527 0.8280 0.7591 0.8012
91 0.0678 0.0603 0.8775 0.1295 0.8472 0.2233 0.4508 0.8349 0.6758 0.8069
92 0.0542 0.0496 0.8828 0.1053 0.8558 0.2816 0.4602 0.8354 0.7436 0.8086
93 0.0491 0.0441 0.8916 0.0948 0.8657 0.2734 0.4511 0.8417 0.7265 0.8186
94 0.0442 0.0421 0.8938 0.0879 0.8696 0.2263 0.4433 0.8512 0.6716 0.8253
95 0.0399 0.0370 0.8993 0.0786 0.8762 0.2711 0.4438 0.8418 0.7168 0.8163
96 0.0413 0.0371 0.9048 0.0800 0.8813 0.2812 0.4417 0.8453 0.7248 0.8203
97 0.0385 0.0362 0.8985 0.0763 0.8738 0.2656 0.4490 0.8455 0.7165 0.8203
98 0.0417 0.0394 0.9001 0.0827 0.8759 0.2704 0.4258 0.8462 0.6983 0.8195
99 0.0416 0.0375 0.8992 0.0807 0.8743 0.3095 0.4394 0.8432 0.7509 0.8173
100 0.0374 0.0353 0.9012 0.0742 0.8760 0.2747 0.4400 0.8466 0.7166 0.8224
101 0.0547 0.0495 0.8845 0.1057 0.8566 0.2932 0.4324 0.8345 0.7276 0.8063
102 0.0536 0.0480 0.8856 0.1032 0.8591 0.2427 0.4458 0.8318 0.6904 0.8059
103 0.0501 0.0445 0.8875 0.0961 0.8618 0.2459 0.4492 0.8442 0.6969 0.8167
104 0.0710 0.0616 0.8628 0.1340 0.8302 0.2265 0.4456 0.8191 0.6740 0.7860
105 0.0655 0.0542 0.8824 0.1212 0.8541 0.2956 0.4650 0.8204 0.7621 0.7917
106 0.0619 0.0535 0.8799 0.1169 0.8518 0.4141 0.4656 0.7776 0.8815 0.7281
107 0.0543 0.0482 0.8887 0.1040 0.8641 0.2667 0.4544 0.8305 0.7228 0.8027
108 0.0504 0.0444 0.8903 0.0965 0.8669 0.2944 0.4404 0.8455 0.7368 0.8200
109 0.0395 0.0358 0.9015 0.0769 0.8768 0.3214 0.4444 0.8347 0.7678 0.8103
110 0.0394 0.0367 0.9019 0.0777 0.8786 0.3402 0.4492 0.8370 0.7912 0.8146
111 0.0357 0.0340 0.9061 0.0714 0.8841 0.3054 0.4423 0.8484 0.7498 0.8240
112 0.0330 0.0316 0.9057 0.0664 0.8836 0.3101 0.4416 0.8484 0.7537 0.8234
113 0.0345 0.0325 0.9101 0.0687 0.8877 0.3067 0.4405 0.8539 0.7492 0.8282
114 0.0321 0.0300 0.9084 0.0638 0.8836 0.3325 0.4420 0.8483 0.7765 0.8201
115 0.0414 0.0383 0.9009 0.0814 0.8772 0.3405 0.4378 0.8312 0.7804 0.8041
116 0.0433 0.0386 0.8974 0.0834 0.8737 0.3238 0.4383 0.8443 0.7641 0.8201
117 0.0388 0.0357 0.9028 0.0761 0.8788 0.3485 0.4443 0.8351 0.7948 0.8089
118 0.0494 0.0433 0.8979 0.0943 0.8735 0.3592 0.4521 0.8281 0.8133 0.7997
119 0.0557 0.0486 0.8858 0.1057 0.8586 0.2924 0.4434 0.8317 0.7378 0.8029
120 0.0619 0.0536 0.8824 0.1170 0.8531 0.2979 0.4408 0.8133 0.7406 0.7799
121 0.0869 0.0750 0.8544 0.1632 0.8215 0.2456 0.4526 0.8317 0.6998 0.8055
122 0.0674 0.0600 0.8776 0.1288 0.8466 0.2589 0.4533 0.8326 0.7140 0.8054
123 0.0563 0.0515 0.8901 0.1094 0.8616 0.1937 0.4539 0.8390 0.6493 0.8052
124 0.0484 0.0448 0.8955 0.0947 0.8700 0.1984 0.4466 0.8454 0.6468 0.8153
125 0.0430 0.0400 0.8975 0.0847 0.8737 0.3006 0.4443 0.8449 0.7469 0.8171
126 0.0374 0.0355 0.9014 0.0745 0.8763 0.2631 0.4296 0.8563 0.6947 0.8277
127 0.0347 0.0325 0.9103 0.0689 0.8876 0.2954 0.4210 0.8565 0.7186 0.8315
128 0.0343 0.0322 0.9121 0.0682 0.8880 0.2867 0.4204 0.8573 0.7092 0.8306
129 0.0331 0.0309 0.9139 0.0658 0.8915 0.2702 0.4216 0.8564 0.6940 0.8290
130 0.0340 0.0319 0.9099 0.0675 0.8856 0.2813 0.4178 0.8565 0.7013 0.8299
131 0.0376 0.0349 0.9024 0.0741 0.8776 0.2628 0.4375 0.8516 0.7022 0.8249
132 0.0376 0.0344 0.9076 0.0736 0.8833 0.2963 0.4457 0.8445 0.7439 0.8171
133 0.0421 0.0367 0.9029 0.0804 0.8796 0.2357 0.4483 0.8403 0.6859 0.8065
134 0.0489 0.0431 0.8960 0.0936 0.8700 0.2885 0.4409 0.8380 0.7313 0.8081
135 0.0556 0.0491 0.8823 0.1062 0.8553 0.2748 0.4603 0.8211 0.7370 0.7923
136 0.0494 0.0424 0.8889 0.0933 0.8636 0.2921 0.4344 0.8431 0.7285 0.8114
137 0.0520 0.0455 0.8823 0.0990 0.8536 0.3374 0.4576 0.8034 0.7969 0.7638
138 0.0494 0.0457 0.8997 0.0967 0.8729 0.3769 0.4818 0.7957 0.8603 0.7644
139 0.0534 0.0488 0.8903 0.1037 0.8638 0.2788 0.4449 0.8463 0.7256 0.8167
140 0.0514 0.0450 0.8899 0.0980 0.8639 0.3026 0.4265 0.8523 0.7313 0.8257
141 0.0392 0.0369 0.9031 0.0777 0.8813 0.2818 0.4248 0.8500 0.7087 0.8232
142 0.0339 0.0315 0.9065 0.0670 0.8824 0.2909 0.4298 0.8514 0.7229 0.8231
143 0.0301 0.0289 0.9118 0.0607 0.8898 0.3067 0.4383 0.8487 0.7471 0.8228
144 0.0323 0.0293 0.9095 0.0634 0.8883 0.3077 0.4320 0.8502 0.7419 0.8253
145 0.0321 0.0302 0.9105 0.0640 0.8901 0.3142 0.4358 0.8564 0.7521 0.8302
146 0.0308 0.0288 0.9125 0.0613 0.8901 0.3131 0.4301 0.8504 0.7454 0.8244
147 0.0305 0.0288 0.9130 0.0610 0.8904 0.3180 0.4259 0.8487 0.7462 0.8224
148 0.0341 0.0322 0.9117 0.0680 0.8876 0.3546 0.4452 0.8383 0.8018 0.8145
149 0.0457 0.0410 0.8962 0.0883 0.8687 0.3306 0.4221 0.8411 0.7549 0.8124
150 0.0547 0.0482 0.8912 0.1045 0.8642 0.2387 0.4449 0.8289 0.6855 0.7969
151 0.0571 0.0489 0.8869 0.1076 0.8601 0.3067 0.4513 0.8249 0.7598 0.7874
152 0.0636 0.0539 0.8760 0.1189 0.8469 0.2559 0.4696 0.8076 0.7270 0.7806
153 0.0727 0.0676 0.8747 0.1418 0.8439 0.2626 0.4454 0.8419 0.7100 0.8131
154 0.0552 0.0502 0.8966 0.1070 0.8668 0.2821 0.4412 0.8329 0.7253 0.8003
155 0.0479 0.0418 0.8968 0.0913 0.8706 0.3193 0.4398 0.8361 0.7611 0.8080
156 0.0415 0.0373 0.8994 0.0805 0.8745 0.2687 0.4272 0.8561 0.6980 0.8287
157 0.0380 0.0342 0.9075 0.0739 0.8862 0.2738 0.3983 0.8530 0.6745 0.8289
158 0.0390 0.0349 0.9088 0.0756 0.8880 0.2402 0.4196 0.8573 0.6621 0.8301
159 0.0339 0.0302 0.9099 0.0659 0.8887 0.2359 0.4203 0.8616 0.6585 0.8340
160 0.0306 0.0291 0.9150 0.0614 0.8945 0.2429 0.4183 0.8606 0.6635 0.8333
161 0.0325 0.0297 0.9066 0.0640 0.8851 0.2631 0.4353 0.8524 0.7005 0.8249
162 0.0298 0.0284 0.9143 0.0599 0.8932 0.2718 0.4249 0.8575 0.6989 0.8323
163 0.0302 0.0276 0.9142 0.0596 0.8938 0.2770 0.4196 0.8600 0.6988 0.8324
164 0.0306 0.0284 0.9193 0.0607 0.8986 0.2862 0.4318 0.8561 0.7201 0.8268
165 0.0299 0.0272 0.9117 0.0588 0.8906 0.2975 0.4321 0.8535 0.7316 0.8266
166 0.0455 0.0400 0.9060 0.0871 0.8835 0.3484 0.4238 0.8356 0.7744 0.8099
167 0.0574 0.0505 0.8755 0.1094 0.8478 0.2586 0.4500 0.8340 0.7103 0.8077
168 0.0551 0.0476 0.8832 0.1042 0.8556 0.3460 0.4287 0.8315 0.7767 0.8008
169 0.0650 0.0544 0.8768 0.1209 0.8472 0.2542 0.4380 0.8380 0.6941 0.8096
170 0.0503 0.0418 0.8946 0.0937 0.8712 0.3171 0.4279 0.8367 0.7470 0.8123
171 0.0407 0.0370 0.9035 0.0795 0.8795 0.3158 0.4314 0.8349 0.7494 0.8057
172 0.0350 0.0326 0.9055 0.0693 0.8817 0.3544 0.4306 0.8413 0.7870 0.8170
173 0.0354 0.0320 0.9112 0.0691 0.8899 0.3424 0.4204 0.8577 0.7649 0.8326
174 0.0299 0.0276 0.9128 0.0593 0.8907 0.3314 0.4173 0.8562 0.7509 0.8325
175 0.0289 0.0272 0.9201 0.0579 0.9003 0.3049 0.4183 0.8565 0.7254 0.8323
176 0.0253 0.0250 0.9188 0.0522 0.8978 0.3176 0.4178 0.8561 0.7377 0.8318
177 0.0272 0.0260 0.9149 0.0550 0.8942 0.3309 0.4150 0.8552 0.7482 0.8296
178 0.0282 0.0268 0.9156 0.0569 0.8948 0.3392 0.4218 0.8510 0.7633 0.8277
179 0.0280 0.0264 0.9156 0.0561 0.8959 0.3378 0.4292 0.8419 0.7691 0.8165
180 0.0307 0.0277 0.9161 0.0602 0.8938 0.3044 0.4187 0.8580 0.7254 0.8320
181 0.0291 0.0266 0.9137 0.0575 0.8917 0.3349 0.4294 0.8483 0.7664 0.8203
182 0.0279 0.0261 0.9121 0.0558 0.8907 0.3121 0.4299 0.8457 0.7439 0.8176
183 0.0310 0.0283 0.9071 0.0610 0.8847 0.3021 0.4287 0.8552 0.7330 0.8262
184 0.0555 0.0496 0.8920 0.1066 0.8648 0.2892 0.4653 0.7973 0.7562 0.7593
185 0.0676 0.0587 0.8785 0.1278 0.8487 0.3236 0.4893 0.7785 0.8141 0.7432
186 0.0586 0.0510 0.8874 0.1112 0.8606 0.2905 0.4567 0.8331 0.7489 0.8065
187 0.0386 0.0350 0.9004 0.0753 0.8780 0.3505 0.4404 0.8313 0.7929 0.8059
188 0.0439 0.0402 0.8995 0.0857 0.8783 0.3347 0.4347 0.8299 0.7717 0.8008
189 0.0348 0.0329 0.9038 0.0694 0.8816 0.3376 0.4362 0.8563 0.7761 0.8299
190 0.0325 0.0297 0.9133 0.0640 0.8906 0.3175 0.4311 0.8534 0.7508 0.8304
191 0.0273 0.0261 0.9158 0.0552 0.8951 0.3262 0.4273 0.8516 0.7558 0.8278
192 0.0268 0.0258 0.9137 0.0544 0.8936 0.3214 0.4262 0.8512 0.7499 0.8267
193 0.0268 0.0258 0.9200 0.0544 0.9017 0.3246 0.4266 0.8546 0.7536 0.8290
194 0.0273 0.0252 0.9178 0.0543 0.8987 0.3191 0.4282 0.8517 0.7495 0.8271
195 0.0262 0.0247 0.9200 0.0528 0.8997 0.3371 0.4269 0.8535 0.7662 0.8288
196 0.0295 0.0271 0.9183 0.0585 0.8983 0.3112 0.4256 0.8555 0.7390 0.8290
197 0.0293 0.0276 0.9099 0.0586 0.8884 0.3781 0.4540 0.8393 0.8340 0.8131
198 0.0496 0.0431 0.8984 0.0943 0.8743 0.2820 0.4377 0.8512 0.7218 0.8213
199 0.0515 0.0404 0.8952 0.0935 0.8698 0.2611 0.4363 0.8266 0.6994 0.7937
