epoch train_BCELoss train_SoftDiceLoss train_iou train_loss train_mAP val_BCELoss val_SoftDiceLoss val_iou val_loss val_mAP
0 0.7728 0.5857 0.2440 1.3580 0.1303 0.5160 0.6751 0.2833 1.1906 0.1922
1 0.2679 0.2587 0.6535 0.5267 0.5881 0.2140 0.5883 0.7088 0.8026 0.6502
2 0.2277 0.2100 0.6984 0.4380 0.6361 0.2007 0.5591 0.7265 0.7603 0.6730
3 0.1782 0.1690 0.7376 0.3477 0.6818 0.1725 0.5176 0.7648 0.6911 0.7154
4 0.1629 0.1480 0.7670 0.3116 0.7150 0.1663 0.5269 0.7636 0.6942 0.7153
5 0.1488 0.1336 0.7822 0.2833 0.7324 0.2151 0.5187 0.7887 0.7349 0.7447
6 0.1212 0.1117 0.8027 0.2339 0.7574 0.1831 0.5081 0.7921 0.6924 0.7523
7 0.0995 0.0887 0.8259 0.1893 0.7838 0.2111 0.5244 0.7854 0.7367 0.7466
8 0.0747 0.0680 0.8482 0.1438 0.8120 0.1651 0.4930 0.8143 0.6596 0.7804
9 0.0671 0.0637 0.8583 0.1320 0.8251 0.1530 0.4933 0.8172 0.6477 0.7813
10 0.0578 0.0562 0.8673 0.1152 0.8350 0.1486 0.4936 0.8182 0.6436 0.7850
11 0.0580 0.0568 0.8636 0.1161 0.8289 0.1697 0.4950 0.8163 0.6662 0.7841
12 0.0649 0.0567 0.8619 0.1229 0.8284 0.2030 0.4952 0.8082 0.6996 0.7695
13 0.0681 0.0596 0.8580 0.1288 0.8233 0.1854 0.4998 0.8116 0.6867 0.7794
14 0.0764 0.0665 0.8526 0.1441 0.8155 0.1781 0.5017 0.8088 0.6812 0.7721
15 0.0933 0.0812 0.8307 0.1757 0.7911 0.2003 0.5098 0.8017 0.7114 0.7689
16 0.0914 0.0760 0.8455 0.1687 0.8091 0.1543 0.4946 0.8293 0.6504 0.7945
17 0.0663 0.0606 0.8664 0.1284 0.8315 0.1759 0.4892 0.8285 0.6666 0.7966
18 0.0586 0.0520 0.8772 0.1119 0.8472 0.1785 0.4793 0.8333 0.6594 0.8025
19 0.0415 0.0392 0.8922 0.0822 0.8637 0.1826 0.4744 0.8338 0.6588 0.8036
20 0.0399 0.0374 0.8940 0.0789 0.8696 0.1867 0.4769 0.8371 0.6654 0.8070
21 0.0381 0.0365 0.8930 0.0762 0.8668 0.1922 0.4727 0.8357 0.6667 0.8061
22 0.0409 0.0383 0.8939 0.0808 0.8674 0.1810 0.4742 0.8321 0.6570 0.8022
23 0.0470 0.0442 0.8852 0.0927 0.8551 0.1681 0.4848 0.8307 0.6545 0.7990
24 0.0621 0.0541 0.8732 0.1177 0.8411 0.1821 0.4819 0.8264 0.6657 0.7916
25 0.0839 0.0762 0.8425 0.1615 0.8046 0.3191 0.5251 0.7646 0.8455 0.7262
26 0.0705 0.0620 0.8595 0.1340 0.8269 0.1620 0.4945 0.8260 0.6580 0.7993
27 0.0549 0.0498 0.8774 0.1062 0.8489 0.1851 0.4924 0.8303 0.6790 0.7971
28 0.0506 0.0451 0.8882 0.0973 0.8595 0.1756 0.4847 0.8425 0.6621 0.8117
29 0.0357 0.0341 0.8993 0.0716 0.8746 0.1723 0.4831 0.8374 0.6573 0.8064
30 0.0323 0.0320 0.9030 0.0660 0.8803 0.1785 0.4844 0.8422 0.6648 0.8113
31 0.0310 0.0302 0.9065 0.0630 0.8831 0.1882 0.4788 0.8441 0.6690 0.8144
32 0.0311 0.0295 0.9067 0.0624 0.8833 0.1868 0.4781 0.8447 0.6668 0.8141
33 0.0347 0.0319 0.9013 0.0684 0.8757 0.2095 0.4846 0.8382 0.6958 0.8103
34 0.0398 0.0365 0.8942 0.0780 0.8688 0.1896 0.4854 0.8085 0.6767 0.7713
35 0.0708 0.0623 0.8667 0.1346 0.8348 0.2586 0.4977 0.8227 0.7579 0.7904
36 0.0655 0.0567 0.8656 0.1237 0.8336 0.1758 0.4855 0.8059 0.6630 0.7678
37 0.0551 0.0484 0.8842 0.1052 0.8554 0.1995 0.4823 0.8493 0.6837 0.8171
38 0.0419 0.0390 0.8972 0.0827 0.8721 0.1979 0.4749 0.8463 0.6748 0.8192
39 0.0300 0.0291 0.9094 0.0610 0.8889 0.1943 0.4679 0.8455 0.6642 0.8175
40 0.0249 0.0248 0.9166 0.0515 0.8971 0.1942 0.4701 0.8445 0.6664 0.8171
41 0.0275 0.0257 0.9164 0.0550 0.8969 0.1901 0.4693 0.8475 0.6614 0.8207
42 0.0295 0.0281 0.9114 0.0594 0.8910 0.2203 0.4792 0.8480 0.7015 0.8174
43 0.0336 0.0329 0.9029 0.0683 0.8803 0.2315 0.4784 0.8427 0.7116 0.8130
44 0.0497 0.0454 0.8783 0.0967 0.8484 0.2019 0.4945 0.8091 0.6979 0.7722
45 0.0669 0.0551 0.8735 0.1235 0.8424 0.2330 0.5000 0.8230 0.7349 0.7881
46 0.0651 0.0585 0.8663 0.1251 0.8347 0.1988 0.4930 0.8292 0.6937 0.7969
47 0.0464 0.0419 0.8901 0.0900 0.8643 0.1804 0.4811 0.8369 0.6634 0.8072
48 0.0325 0.0297 0.9098 0.0641 0.8882 0.1925 0.4775 0.8407 0.6720 0.8115
49 0.0259 0.0247 0.9172 0.0525 0.8987 0.1862 0.4784 0.8389 0.6666 0.8094
50 0.0237 0.0238 0.9209 0.0495 0.9030 0.1881 0.4763 0.8390 0.6665 0.8108
51 0.0246 0.0236 0.9214 0.0502 0.9030 0.1983 0.4821 0.8427 0.6825 0.8168
52 0.0225 0.0217 0.9222 0.0462 0.9043 0.2364 0.4790 0.8374 0.7172 0.8108
53 0.0247 0.0240 0.9190 0.0506 0.9003 0.1995 0.4786 0.8401 0.6800 0.8129
54 0.0383 0.0333 0.9016 0.0734 0.8803 0.2048 0.4877 0.8333 0.6944 0.8017
55 0.0467 0.0415 0.8930 0.0898 0.8662 0.2003 0.4796 0.8327 0.6817 0.7982
56 0.0413 0.0390 0.8925 0.0821 0.8676 0.2012 0.4837 0.8288 0.6868 0.7974
57 0.0295 0.0285 0.9097 0.0598 0.8876 0.2004 0.4718 0.8418 0.6741 0.8135
58 0.0265 0.0256 0.9219 0.0541 0.9031 0.2052 0.4686 0.8461 0.6758 0.8163
59 0.0220 0.0215 0.9235 0.0456 0.9069 0.1943 0.4750 0.8445 0.6713 0.8172
60 0.0189 0.0196 0.9295 0.0405 0.9149 0.2025 0.4741 0.8495 0.6786 0.8232
61 0.0188 0.0192 0.9315 0.0402 0.9161 0.2137 0.4709 0.8504 0.6867 0.8228
62 0.0188 0.0186 0.9300 0.0395 0.9143 0.2299 0.4731 0.8487 0.7051 0.8222
63 0.0194 0.0193 0.9295 0.0408 0.9154 0.2261 0.4697 0.8463 0.6978 0.8192
64 0.0316 0.0288 0.9118 0.0624 0.8912 0.2349 0.4715 0.8335 0.7083 0.8016
65 0.0370 0.0323 0.9047 0.0711 0.8821 0.1571 0.4900 0.7500 0.6487 0.7117
66 0.0581 0.0501 0.8798 0.1099 0.8520 0.2479 0.4858 0.8074 0.7356 0.7738
67 0.0358 0.0327 0.9045 0.0705 0.8845 0.2633 0.4790 0.8189 0.7443 0.7862
68 0.0236 0.0230 0.9217 0.0487 0.9050 0.2432 0.4647 0.8384 0.7099 0.8112
69 0.0203 0.0196 0.9324 0.0421 0.9181 0.2285 0.4635 0.8402 0.6941 0.8126
70 0.0169 0.0175 0.9334 0.0367 0.9203 0.2330 0.4629 0.8416 0.6980 0.8139
71 0.0170 0.0171 0.9348 0.0365 0.9214 0.2418 0.4629 0.8429 0.7067 0.8171
72 0.0171 0.0173 0.9352 0.0368 0.9205 0.2581 0.4666 0.8373 0.7267 0.8095
73 0.0249 0.0235 0.9200 0.0505 0.9002 0.2176 0.4722 0.8288 0.6917 0.7968
74 0.0214 0.0209 0.9217 0.0443 0.9051 0.2560 0.4870 0.8417 0.7451 0.8131
75 0.0526 0.0453 0.8917 0.0998 0.8661 0.1972 0.4802 0.8149 0.6791 0.7762
76 0.0525 0.0464 0.8912 0.1007 0.8652 0.2553 0.4784 0.8338 0.7355 0.8048
77 0.0312 0.0282 0.9158 0.0615 0.8989 0.2083 0.4687 0.8463 0.6791 0.8145
78 0.0205 0.0205 0.9278 0.0433 0.9125 0.2254 0.4679 0.8515 0.6955 0.8237
79 0.0182 0.0184 0.9341 0.0389 0.9208 0.2171 0.4676 0.8441 0.6869 0.8151
80 0.0169 0.0175 0.9369 0.0368 0.9227 0.2154 0.4682 0.8486 0.6858 0.8214
81 0.0163 0.0166 0.9363 0.0353 0.9242 0.2191 0.4728 0.8487 0.6941 0.8208
82 0.0153 0.0157 0.9404 0.0334 0.9287 0.2323 0.4738 0.8455 0.7084 0.8173
83 0.0155 0.0158 0.9380 0.0337 0.9253 0.2734 0.4711 0.8443 0.7467 0.8161
84 0.0509 0.0425 0.8993 0.0955 0.8778 0.2801 0.5050 0.8150 0.7870 0.7837
85 0.0748 0.0597 0.8754 0.1363 0.8466 0.1899 0.4905 0.8233 0.6822 0.7869
86 0.0514 0.0469 0.8909 0.1003 0.8650 0.2209 0.4715 0.8485 0.6944 0.8190
87 0.0299 0.0282 0.9159 0.0601 0.8968 0.1974 0.4680 0.8349 0.6675 0.8040
88 0.0219 0.0208 0.9300 0.0449 0.9150 0.2067 0.4704 0.8473 0.6792 0.8183
89 0.0199 0.0201 0.9334 0.0424 0.9204 0.2240 0.4712 0.8492 0.6972 0.8215
90 0.0178 0.0170 0.9349 0.0372 0.9227 0.2181 0.4698 0.8470 0.6901 0.8191
91 0.0159 0.0163 0.9378 0.0346 0.9247 0.2316 0.4683 0.8477 0.7020 0.8208
92 0.0167 0.0168 0.9358 0.0359 0.9223 0.2311 0.4655 0.8502 0.6985 0.8233
93 0.0158 0.0161 0.9374 0.0344 0.9232 0.2333 0.4659 0.8447 0.7015 0.8179
94 0.0168 0.0167 0.9340 0.0358 0.9199 0.2325 0.4766 0.8355 0.7111 0.8056
95 0.0278 0.0259 0.9110 0.0557 0.8917 0.2170 0.4714 0.8230 0.6904 0.7909
96 0.0309 0.0274 0.9131 0.0604 0.8945 0.2142 0.4724 0.8420 0.6885 0.8114
97 0.0296 0.0293 0.9184 0.0610 0.8998 0.2033 0.4650 0.8447 0.6705 0.8172
98 0.0177 0.0181 0.9352 0.0382 0.9212 0.2339 0.4652 0.8461 0.7010 0.8204
99 0.0144 0.0150 0.9409 0.0319 0.9281 0.2505 0.4627 0.8492 0.7153 0.8248
