epoch train_iou train_loss train_mAP val_iou val_mAP
0 0.6096 2.0340 0.5363 0.7054 0.6202
1 0.7265 1.4937 0.6624 0.7065 0.6369
2 0.7612 1.3230 0.7020 0.7827 0.7312
3 0.7805 1.1779 0.7291 0.7821 0.7220
4 0.8009 1.0964 0.7544 0.7972 0.7566
5 0.8169 1.0138 0.7694 0.7955 0.7556
6 0.8122 1.0349 0.7664 0.7930 0.7553
7 0.8044 1.0664 0.7558 0.8055 0.7615
8 0.7968 1.1163 0.7519 0.7872 0.7530
9 0.8048 1.0954 0.7550 0.8165 0.7787
10 0.8130 1.0556 0.7687 0.7901 0.7427
11 0.8157 1.0148 0.7733 0.8104 0.7746
12 0.8275 0.9372 0.7866 0.8120 0.7815
13 0.8332 0.8908 0.7933 0.8290 0.7980
14 0.8467 0.8245 0.8049 0.8342 0.8037
15 0.8523 0.7793 0.8152 0.8340 0.8048
16 0.8514 0.8023 0.8142 0.8242 0.7923
17 0.8473 0.8372 0.8097 0.8199 0.7909
18 0.8490 0.8273 0.8102 0.8088 0.7760
19 0.8350 0.9016 0.7945 0.8201 0.7934
20 0.8400 0.8860 0.7963 0.8141 0.7829
21 0.8427 0.8677 0.8007 0.8250 0.7906
22 0.8513 0.7885 0.8150 0.8314 0.7992
23 0.8649 0.7330 0.8273 0.8401 0.8124
24 0.8695 0.6967 0.8371 0.8382 0.8109
25 0.8761 0.6521 0.8425 0.8373 0.8101
26 0.8744 0.6618 0.8387 0.8379 0.8084
27 0.8795 0.6530 0.8452 0.8228 0.7948
28 0.8625 0.7466 0.8287 0.8455 0.8168
29 0.8482 0.8332 0.8124 0.8138 0.7784
30 0.8436 0.8779 0.8058 0.8124 0.7790
31 0.8561 0.7793 0.8216 0.8311 0.8000
32 0.8604 0.7300 0.8232 0.8418 0.8133
33 0.8751 0.6807 0.8427 0.8404 0.8115
34 0.8787 0.6109 0.8473 0.8481 0.8214
35 0.8843 0.6200 0.8507 0.8509 0.8238
36 0.8906 0.5728 0.8580 0.8498 0.8220
37 0.8802 0.6252 0.8459 0.8431 0.8131
38 0.8792 0.6383 0.8432 0.8332 0.8062
39 0.8748 0.6667 0.8392 0.8360 0.8073
40 0.8628 0.7508 0.8270 0.8253 0.7927
41 0.8657 0.7273 0.8300 0.8176 0.7881
42 0.8739 0.6654 0.8408 0.8402 0.8100
43 0.8835 0.6126 0.8525 0.8402 0.8135
44 0.9007 0.5319 0.8673 0.8530 0.8246
45 0.8968 0.5302 0.8671 0.8480 0.8200
46 0.9005 0.5343 0.8676 0.8476 0.8197
47 0.8900 0.5624 0.8594 0.8560 0.8279
48 0.8837 0.6244 0.8502 0.8505 0.8204
49 0.8757 0.6527 0.8417 0.8120 0.7877
50 0.8670 0.7139 0.8331 0.8246 0.7882
51 0.8651 0.7187 0.8318 0.8338 0.8044
52 0.8788 0.6329 0.8467 0.8292 0.8020
53 0.8897 0.5677 0.8560 0.8411 0.8127
54 0.8954 0.5412 0.8643 0.8414 0.8141
55 0.9036 0.4958 0.8720 0.8433 0.8183
56 0.8971 0.5190 0.8648 0.8491 0.8232
57 0.9005 0.5071 0.8688 0.8385 0.8135
58 0.8946 0.5419 0.8638 0.8504 0.8210
59 0.8883 0.5874 0.8564 0.8374 0.8073
60 0.8812 0.6370 0.8484 0.8294 0.8038
61 0.8853 0.6301 0.8532 0.8333 0.8041
62 0.8899 0.5690 0.8592 0.8388 0.8130
63 0.9000 0.5086 0.8710 0.8518 0.8268
64 0.9023 0.4892 0.8735 0.8527 0.8291
65 0.9060 0.4824 0.8781 0.8536 0.8288
66 0.9036 0.4863 0.8745 0.8501 0.8250
67 0.9013 0.4841 0.8726 0.8284 0.7995
68 0.8947 0.5544 0.8632 0.8381 0.8105
69 0.8931 0.5662 0.8620 0.8336 0.8049
70 0.8854 0.6248 0.8538 0.8435 0.8144
71 0.8816 0.6466 0.8493 0.8392 0.8117
72 0.8913 0.5557 0.8586 0.8379 0.8138
73 0.9015 0.5086 0.8720 0.8557 0.8296
74 0.9071 0.4756 0.8778 0.8565 0.8333
75 0.9120 0.4491 0.8855 0.8568 0.8322
76 0.9073 0.4686 0.8803 0.8624 0.8358
77 0.9090 0.4720 0.8814 0.8556 0.8296
78 0.9089 0.4687 0.8812 0.8500 0.8216
79 0.8966 0.5273 0.8654 0.8420 0.8151
80 0.8898 0.5874 0.8595 0.8366 0.8097
81 0.8914 0.5639 0.8615 0.8418 0.8163
82 0.8950 0.5322 0.8651 0.8542 0.8298
83 0.9063 0.4820 0.8764 0.8611 0.8305
84 0.9121 0.4292 0.8848 0.8606 0.8335
85 0.9089 0.4347 0.8831 0.8597 0.8325
86 0.9189 0.4111 0.8922 0.8603 0.8344
87 0.9119 0.4344 0.8849 0.8560 0.8270
88 0.9092 0.4623 0.8830 0.8594 0.8325
89 0.9043 0.4969 0.8772 0.8478 0.8219
90 0.8916 0.5716 0.8623 0.8335 0.8041
91 0.8913 0.5867 0.8613 0.8481 0.8264
92 0.9019 0.5282 0.8734 0.8539 0.8246
93 0.9107 0.4658 0.8837 0.8548 0.8273
94 0.9129 0.4514 0.8840 0.8610 0.8353
95 0.9146 0.4265 0.8869 0.8605 0.8353
96 0.9125 0.4403 0.8848 0.8532 0.8306
97 0.9155 0.4219 0.8890 0.8565 0.8331
98 0.9064 0.4788 0.8783 0.8395 0.8107
99 0.9008 0.5062 0.8703 0.8496 0.8151
100 0.9060 0.4840 0.8771 0.8608 0.8331
101 0.9132 0.4423 0.8870 0.8586 0.8323
102 0.9172 0.4178 0.8908 0.8589 0.8339
103 0.9182 0.4073 0.8935 0.8572 0.8305
104 0.9172 0.4001 0.8904 0.8577 0.8305
105 0.9245 0.3776 0.9001 0.8620 0.8359
106 0.9233 0.3736 0.8978 0.8598 0.8351
107 0.9209 0.3907 0.8954 0.8569 0.8293
108 0.9164 0.3930 0.8903 0.8557 0.8327
109 0.9221 0.3929 0.8965 0.8573 0.8350
110 0.9191 0.4072 0.8943 0.8586 0.8308
111 0.9149 0.4077 0.8910 0.8647 0.8365
112 0.9200 0.3929 0.8950 0.8586 0.8341
113 0.9229 0.3814 0.8990 0.8552 0.8275
114 0.9228 0.3725 0.8992 0.8571 0.8308
115 0.9227 0.3659 0.8994 0.8590 0.8347
116 0.9257 0.3635 0.9026 0.8588 0.8344
117 0.9255 0.3603 0.9027 0.8622 0.8370
118 0.9243 0.3673 0.8997 0.8562 0.8293
119 0.9190 0.4020 0.8925 0.8638 0.8377
120 0.9184 0.4107 0.8919 0.8573 0.8334
121 0.9195 0.4088 0.8921 0.8564 0.8311
122 0.9198 0.3857 0.8949 0.8636 0.8361
123 0.9280 0.3526 0.9047 0.8575 0.8347
124 0.9249 0.3593 0.9017 0.8614 0.8374
125 0.9257 0.3585 0.9022 0.8637 0.8393
126 0.9230 0.3610 0.8998 0.8653 0.8411
127 0.9251 0.3552 0.9008 0.8528 0.8298
128 0.9265 0.3467 0.9026 0.8627 0.8353
129 0.9216 0.3773 0.8973 0.8425 0.8185
130 0.9209 0.3933 0.8966 0.8576 0.8316
131 0.9154 0.4133 0.8890 0.8577 0.8350
132 0.9242 0.3784 0.9007 0.8621 0.8381
133 0.9279 0.3535 0.9057 0.8590 0.8327
134 0.9269 0.3485 0.9053 0.8631 0.8364
135 0.9303 0.3324 0.9100 0.8636 0.8373
136 0.9290 0.3440 0.9059 0.8605 0.8334
137 0.9302 0.3336 0.9066 0.8574 0.8310
138 0.9261 0.3510 0.9038 0.8628 0.8373
139 0.9233 0.3623 0.9010 0.8548 0.8270
140 0.9178 0.3876 0.8935 0.8446 0.8204
141 0.9248 0.3757 0.9008 0.8612 0.8375
142 0.9265 0.3623 0.9027 0.8538 0.8329
143 0.9266 0.3475 0.9044 0.8598 0.8363
144 0.9293 0.3326 0.9061 0.8605 0.8364
145 0.9297 0.3353 0.9079 0.8598 0.8351
146 0.9302 0.3344 0.9099 0.8592 0.8339
147 0.9340 0.3222 0.9128 0.8584 0.8347
148 0.9286 0.3371 0.9061 0.8618 0.8368
149 0.9250 0.3494 0.9011 0.8574 0.8309
150 0.9264 0.3561 0.9037 0.8642 0.8383
151 0.9219 0.3763 0.8963 0.8464 0.8173
152 0.9211 0.3774 0.8999 0.8581 0.8322
153 0.9272 0.3465 0.9042 0.8507 0.8231
154 0.9289 0.3352 0.9071 0.8578 0.8316
155 0.9314 0.3341 0.9097 0.8578 0.8313
156 0.9284 0.3326 0.9057 0.8620 0.8367
157 0.9306 0.3246 0.9109 0.8609 0.8345
158 0.9272 0.3310 0.9059 0.8661 0.8393
159 0.9285 0.3395 0.9059 0.8586 0.8305
160 0.9245 0.3527 0.9030 0.8647 0.8392
161 0.9325 0.3175 0.9120 0.8656 0.8423
162 0.9307 0.3168 0.9095 0.8660 0.8423
163 0.9343 0.3141 0.9139 0.8652 0.8430
164 0.9309 0.3146 0.9116 0.8695 0.8442
165 0.9329 0.3118 0.9131 0.8676 0.8422
166 0.9296 0.3214 0.9085 0.8672 0.8416
167 0.9381 0.2996 0.9197 0.8688 0.8422
168 0.9328 0.3124 0.9121 0.8682 0.8417
169 0.9374 0.2972 0.9177 0.8684 0.8416
170 0.9323 0.3139 0.9110 0.8669 0.8444
171 0.9369 0.2990 0.9183 0.8667 0.8434
172 0.9356 0.3021 0.9144 0.8645 0.8400
173 0.9318 0.3120 0.9116 0.8598 0.8339
174 0.9327 0.3147 0.9116 0.8636 0.8361
175 0.9349 0.2980 0.9136 0.8646 0.8382
176 0.9344 0.3040 0.9150 0.8626 0.8363
177 0.9348 0.3029 0.9160 0.8645 0.8380
178 0.9365 0.3008 0.9168 0.8663 0.8412
179 0.9360 0.3026 0.9160 0.8593 0.8333
180 0.9344 0.3076 0.9137 0.8606 0.8367
181 0.9373 0.2945 0.9174 0.8639 0.8386
182 0.9336 0.3021 0.9131 0.8617 0.8383
183 0.9347 0.3035 0.9134 0.8645 0.8410
184 0.9325 0.3084 0.9128 0.8642 0.8404
185 0.9344 0.3036 0.9135 0.8646 0.8406
186 0.9359 0.2952 0.9164 0.8636 0.8393
187 0.9361 0.2974 0.9164 0.8617 0.8368
188 0.9324 0.3059 0.9124 0.8642 0.8368
189 0.9365 0.2906 0.9174 0.8619 0.8369
190 0.9341 0.3010 0.9148 0.8629 0.8377
191 0.9353 0.3068 0.9147 0.8651 0.8411
192 0.9327 0.3040 0.9139 0.8645 0.8404
193 0.9329 0.3017 0.9132 0.8627 0.8362
194 0.9354 0.2954 0.9148 0.8627 0.8383
195 0.9341 0.2976 0.9145 0.8619 0.8382
196 0.9367 0.2863 0.9179 0.8626 0.8365
197 0.9381 0.2859 0.9182 0.8646 0.8389
198 0.9371 0.2904 0.9179 0.8625 0.8371
199 0.9348 0.2923 0.9152 0.8621 0.8363
