epoch train_iou train_loss train_mAP val_iou val_mAP
0 0.6111 1.2222 0.5409 0.6994 0.6159
1 0.7087 0.9173 0.6453 0.7237 0.6500
2 0.7479 0.8076 0.6859 0.7535 0.6928
3 0.7696 0.7376 0.7132 0.7858 0.7425
4 0.7832 0.6835 0.7309 0.7903 0.7361
5 0.7866 0.6597 0.7347 0.8006 0.7594
6 0.7953 0.6532 0.7417 0.7877 0.7387
7 0.7806 0.6914 0.7295 0.8065 0.7595
8 0.7830 0.6821 0.7315 0.7938 0.7543
9 0.7882 0.6740 0.7397 0.7885 0.7453
10 0.7795 0.6962 0.7342 0.7967 0.7577
11 0.8026 0.6379 0.7574 0.7902 0.7575
12 0.8177 0.5791 0.7735 0.8120 0.7746
13 0.8216 0.5597 0.7799 0.8268 0.7844
14 0.8295 0.5234 0.7895 0.8195 0.7810
15 0.8381 0.4952 0.7977 0.8309 0.7923
16 0.8398 0.5026 0.7992 0.8252 0.7888
17 0.8390 0.5074 0.7992 0.8287 0.7934
18 0.8296 0.5267 0.7912 0.8154 0.7840
19 0.8280 0.5438 0.7871 0.7977 0.7543
20 0.8066 0.6229 0.7618 0.8121 0.7746
21 0.8271 0.5453 0.7847 0.8201 0.7849
22 0.8346 0.5118 0.7948 0.8349 0.8007
23 0.8460 0.4767 0.8078 0.8368 0.8029
24 0.8532 0.4496 0.8155 0.8350 0.8016
25 0.8529 0.4431 0.8170 0.8371 0.8049
26 0.8537 0.4477 0.8159 0.8363 0.8052
27 0.8537 0.4500 0.8129 0.8220 0.7826
28 0.8446 0.4884 0.8059 0.7971 0.7605
29 0.8497 0.4848 0.8107 0.8226 0.7923
30 0.8241 0.5564 0.7855 0.8026 0.7686
31 0.8406 0.5177 0.8027 0.8317 0.7924
32 0.8414 0.4861 0.8035 0.8253 0.7900
33 0.8596 0.4389 0.8232 0.8431 0.8124
34 0.8634 0.4097 0.8294 0.8447 0.8107
35 0.8672 0.3961 0.8303 0.8457 0.8124
36 0.8655 0.4010 0.8292 0.8450 0.8118
37 0.8658 0.4093 0.8287 0.8288 0.7923
38 0.8596 0.4324 0.8215 0.8163 0.7785
39 0.8492 0.4567 0.8130 0.8383 0.8067
40 0.8441 0.4865 0.8097 0.8123 0.7769
41 0.8439 0.4903 0.8057 0.8268 0.7891
42 0.8599 0.4397 0.8233 0.8379 0.8025
43 0.8665 0.4061 0.8346 0.8351 0.8041
44 0.8714 0.3906 0.8377 0.8512 0.8163
45 0.8811 0.3607 0.8480 0.8510 0.8162
46 0.8732 0.3865 0.8418 0.8463 0.8143
47 0.8764 0.3677 0.8433 0.8502 0.8161
48 0.8667 0.4075 0.8336 0.8472 0.8145
49 0.8680 0.4100 0.8314 0.8313 0.8053
50 0.8565 0.4497 0.8211 0.8378 0.8001
51 0.8577 0.4512 0.8221 0.8287 0.7953
52 0.8618 0.4267 0.8249 0.8342 0.8035
53 0.8774 0.3713 0.8429 0.8442 0.8148
54 0.8836 0.3454 0.8500 0.8500 0.8201
55 0.8864 0.3326 0.8535 0.8496 0.8202
56 0.8880 0.3362 0.8578 0.8458 0.8153
57 0.8813 0.3459 0.8460 0.8485 0.8172
58 0.8798 0.3636 0.8456 0.8444 0.8145
59 0.8714 0.3898 0.8369 0.8499 0.8133
60 0.8699 0.4092 0.8337 0.8381 0.8034
61 0.8575 0.4402 0.8232 0.8137 0.7828
62 0.8717 0.3859 0.8372 0.8405 0.8108
63 0.8835 0.3425 0.8502 0.8455 0.8136
64 0.8832 0.3348 0.8521 0.8580 0.8275
65 0.8898 0.3096 0.8575 0.8558 0.8267
66 0.8928 0.3055 0.8608 0.8583 0.8293
67 0.8861 0.3319 0.8538 0.8487 0.8190
68 0.8847 0.3433 0.8510 0.8483 0.8136
69 0.8688 0.4000 0.8335 0.8408 0.8084
70 0.8656 0.4202 0.8310 0.8342 0.8012
71 0.8731 0.3995 0.8376 0.8341 0.8120
72 0.8810 0.3611 0.8474 0.8504 0.8224
73 0.8881 0.3307 0.8553 0.8523 0.8191
74 0.8901 0.3161 0.8584 0.8529 0.8233
75 0.8972 0.2948 0.8665 0.8534 0.8252
76 0.8965 0.2952 0.8658 0.8574 0.8272
77 0.8932 0.3070 0.8628 0.8534 0.8260
78 0.8896 0.3321 0.8562 0.8347 0.7924
79 0.8786 0.3829 0.8469 0.8447 0.8180
80 0.8724 0.3885 0.8388 0.8257 0.7857
81 0.8748 0.3924 0.8401 0.8504 0.8180
82 0.8858 0.3451 0.8507 0.8457 0.8133
83 0.8943 0.3198 0.8627 0.8495 0.8207
84 0.8970 0.2948 0.8654 0.8554 0.8230
85 0.9015 0.2780 0.8706 0.8589 0.8281
86 0.9019 0.2795 0.8715 0.8562 0.8274
87 0.8996 0.2893 0.8680 0.8522 0.8243
88 0.8922 0.3066 0.8596 0.8407 0.8066
89 0.8952 0.3146 0.8610 0.8465 0.8178
90 0.8821 0.3495 0.8478 0.8148 0.7811
91 0.8813 0.3583 0.8486 0.8097 0.7740
92 0.8855 0.3386 0.8524 0.8544 0.8208
93 0.8920 0.3050 0.8603 0.8525 0.8261
94 0.9035 0.2727 0.8744 0.8581 0.8292
95 0.9039 0.2575 0.8729 0.8613 0.8311
96 0.9083 0.2595 0.8805 0.8517 0.8233
97 0.9020 0.2653 0.8713 0.8543 0.8261
98 0.9009 0.2746 0.8687 0.8457 0.8180
99 0.8954 0.3029 0.8616 0.8441 0.8150
100 0.9004 0.2976 0.8680 0.8541 0.8234
101 0.9051 0.2674 0.8734 0.8538 0.8272
102 0.9032 0.2625 0.8743 0.8562 0.8284
103 0.9099 0.2429 0.8790 0.8530 0.8258
104 0.9051 0.2532 0.8762 0.8510 0.8237
105 0.9105 0.2356 0.8788 0.8533 0.8234
106 0.9115 0.2358 0.8837 0.8564 0.8291
107 0.9068 0.2451 0.8773 0.8533 0.8231
108 0.9119 0.2400 0.8835 0.8560 0.8275
109 0.9078 0.2581 0.8784 0.8600 0.8308
110 0.9030 0.2664 0.8712 0.8506 0.8218
111 0.9034 0.2624 0.8721 0.8475 0.8177
112 0.9045 0.2516 0.8739 0.8489 0.8195
113 0.9143 0.2359 0.8861 0.8538 0.8261
114 0.9147 0.2289 0.8860 0.8571 0.8273
115 0.9168 0.2255 0.8892 0.8557 0.8291
116 0.9134 0.2319 0.8825 0.8580 0.8294
117 0.9129 0.2345 0.8856 0.8609 0.8344
118 0.9119 0.2264 0.8835 0.8523 0.8237
119 0.9118 0.2421 0.8833 0.8563 0.8267
120 0.9089 0.2467 0.8812 0.8529 0.8213
121 0.9072 0.2380 0.8794 0.8544 0.8296
122 0.9148 0.2342 0.8869 0.8634 0.8329
123 0.9157 0.2272 0.8886 0.8598 0.8328
124 0.9184 0.2221 0.8919 0.8585 0.8300
125 0.9175 0.2127 0.8907 0.8606 0.8326
126 0.9183 0.2101 0.8916 0.8604 0.8325
127 0.9232 0.2037 0.8960 0.8579 0.8317
128 0.9175 0.2144 0.8892 0.8592 0.8313
129 0.9120 0.2379 0.8809 0.8593 0.8322
130 0.9124 0.2448 0.8828 0.8575 0.8270
131 0.9127 0.2429 0.8845 0.8589 0.8276
132 0.9163 0.2247 0.8894 0.8616 0.8341
133 0.9163 0.2247 0.8892 0.8640 0.8362
134 0.9226 0.2087 0.8956 0.8619 0.8353
135 0.9154 0.2168 0.8902 0.8626 0.8357
136 0.9196 0.2119 0.8926 0.8583 0.8316
137 0.9211 0.2076 0.8949 0.8522 0.8240
138 0.9200 0.2129 0.8921 0.8603 0.8334
139 0.9171 0.2257 0.8884 0.8586 0.8288
140 0.9064 0.2549 0.8774 0.8610 0.8338
141 0.9047 0.2648 0.8741 0.8560 0.8263
142 0.9194 0.2229 0.8928 0.8607 0.8343
143 0.9219 0.2115 0.8945 0.8569 0.8294
144 0.9207 0.2036 0.8948 0.8664 0.8381
145 0.9214 0.2075 0.8947 0.8628 0.8362
146 0.9225 0.1999 0.8968 0.8644 0.8371
147 0.9215 0.2124 0.8947 0.8652 0.8362
148 0.9200 0.2111 0.8940 0.8624 0.8351
149 0.9179 0.2199 0.8913 0.8614 0.8315
150 0.9141 0.2408 0.8881 0.8532 0.8237
151 0.9107 0.2386 0.8828 0.8545 0.8257
152 0.9212 0.2053 0.8960 0.8620 0.8308
153 0.9194 0.2095 0.8919 0.8664 0.8398
154 0.9241 0.1998 0.8982 0.8653 0.8406
155 0.9212 0.1993 0.8932 0.8660 0.8392
156 0.9226 0.1921 0.8984 0.8683 0.8407
157 0.9225 0.2019 0.8954 0.8634 0.8364
158 0.9191 0.2074 0.8929 0.8567 0.8306
159 0.9226 0.2129 0.8958 0.8616 0.8340
160 0.9195 0.2086 0.8929 0.8674 0.8381
161 0.9209 0.2014 0.8940 0.8650 0.8364
162 0.9280 0.1913 0.9022 0.8628 0.8367
163 0.9252 0.1934 0.8998 0.8660 0.8387
164 0.9212 0.2007 0.8955 0.8629 0.8349
165 0.9251 0.1937 0.8994 0.8657 0.8368
166 0.9250 0.1958 0.9019 0.8681 0.8412
167 0.9255 0.1884 0.9003 0.8668 0.8381
168 0.9260 0.1915 0.8999 0.8622 0.8345
169 0.9276 0.1873 0.9034 0.8643 0.8368
170 0.9271 0.1894 0.9017 0.8654 0.8377
171 0.9250 0.1933 0.8990 0.8610 0.8350
172 0.9234 0.1939 0.8977 0.8608 0.8334
173 0.9290 0.1796 0.9057 0.8599 0.8337
174 0.9262 0.1862 0.9029 0.8619 0.8344
175 0.9249 0.1888 0.8988 0.8617 0.8350
176 0.9228 0.1946 0.8978 0.8627 0.8347
177 0.9299 0.1814 0.9063 0.8606 0.8349
178 0.9237 0.1905 0.8978 0.8612 0.8351
179 0.9274 0.1857 0.9027 0.8594 0.8319
180 0.9271 0.1871 0.9010 0.8556 0.8284
181 0.9289 0.1848 0.9053 0.8620 0.8344
182 0.9303 0.1789 0.9078 0.8620 0.8338
183 0.9283 0.1818 0.9026 0.8632 0.8353
184 0.9292 0.1797 0.9063 0.8638 0.8358
185 0.9267 0.1793 0.9029 0.8624 0.8344
186 0.9262 0.1812 0.9003 0.8630 0.8362
187 0.9285 0.1809 0.9042 0.8627 0.8334
188 0.9287 0.1780 0.9050 0.8590 0.8319
189 0.9335 0.1769 0.9100 0.8598 0.8309
190 0.9284 0.1787 0.9044 0.8592 0.8322
191 0.9254 0.1840 0.9004 0.8589 0.8316
192 0.9306 0.1770 0.9070 0.8590 0.8314
193 0.9272 0.1823 0.9027 0.8594 0.8319
194 0.9289 0.1793 0.9051 0.8607 0.8339
195 0.9306 0.1721 0.9076 0.8586 0.8338
196 0.9315 0.1778 0.9067 0.8606 0.8332
197 0.9317 0.1736 0.9064 0.8626 0.8362
198 0.9280 0.1809 0.9027 0.8623 0.8345
199 0.9282 0.1794 0.9032 0.8590 0.8326
