epoch train_BCELoss train_SoftDiceLoss train_iou train_loss train_mAP val_BCELoss val_SoftDiceLoss val_iou val_loss val_mAP
0 0.5254 0.6010 0.2987 1.1258 0.2404 0.4015 0.6968 0.5345 1.0980 0.4499
1 0.2668 0.2601 0.6496 0.5270 0.5823 0.3173 0.5941 0.6812 0.9117 0.6156
2 0.2197 0.2068 0.6936 0.4268 0.6340 0.2685 0.5750 0.7012 0.8440 0.6382
3 0.1807 0.1632 0.7353 0.3444 0.6789 0.2337 0.5433 0.7309 0.7778 0.6790
4 0.1664 0.1526 0.7474 0.3198 0.6971 0.2373 0.5526 0.7313 0.7907 0.6811
5 0.1747 0.1523 0.7615 0.3279 0.7126 0.3660 0.6255 0.6425 0.9921 0.5673
6 0.1331 0.1185 0.7905 0.2525 0.7479 0.2995 0.5531 0.7375 0.8536 0.6923
7 0.1120 0.1019 0.8140 0.2149 0.7753 0.2203 0.5188 0.7902 0.7403 0.7556
8 0.1016 0.0907 0.8292 0.1934 0.7918 0.2649 0.5200 0.7821 0.7862 0.7440
9 0.0834 0.0744 0.8409 0.1590 0.8079 0.1879 0.4994 0.8133 0.6886 0.7718
10 0.0757 0.0671 0.8524 0.1440 0.8204 0.1948 0.5030 0.8084 0.6991 0.7730
11 0.0733 0.0684 0.8498 0.1428 0.8168 0.1983 0.5012 0.8028 0.7008 0.7690
12 0.0755 0.0690 0.8473 0.1457 0.8133 0.2455 0.5200 0.7917 0.7666 0.7607
13 0.0870 0.0786 0.8322 0.1668 0.7955 0.2657 0.5166 0.7977 0.7834 0.7572
14 0.1119 0.1010 0.8247 0.2141 0.7877 0.2172 0.5124 0.7824 0.7309 0.7340
15 0.1150 0.0949 0.8174 0.2110 0.7770 0.2564 0.5316 0.7810 0.7893 0.7437
16 0.0852 0.0743 0.8370 0.1607 0.8023 0.2087 0.5146 0.8102 0.7244 0.7784
17 0.0756 0.0650 0.8535 0.1419 0.8228 0.2432 0.5006 0.8194 0.7451 0.7804
18 0.0661 0.0597 0.8612 0.1271 0.8309 0.2274 0.4921 0.8064 0.7208 0.7709
19 0.0582 0.0529 0.8682 0.1125 0.8406 0.2230 0.4991 0.8226 0.7236 0.7923
20 0.0495 0.0476 0.8787 0.0985 0.8526 0.2170 0.4934 0.8298 0.7118 0.7988
21 0.0492 0.0453 0.8777 0.0960 0.8516 0.2420 0.4881 0.8240 0.7316 0.7923
22 0.0455 0.0411 0.8787 0.0880 0.8517 0.2968 0.4990 0.8194 0.7972 0.7870
23 0.0553 0.0513 0.8688 0.1080 0.8378 0.3232 0.5085 0.7858 0.8331 0.7471
24 0.0737 0.0637 0.8513 0.1387 0.8173 0.2769 0.5136 0.7858 0.7918 0.7445
25 0.1216 0.1055 0.8150 0.2284 0.7798 0.2631 0.5362 0.7781 0.8005 0.7355
26 0.0984 0.0860 0.8386 0.1857 0.7997 0.3014 0.4991 0.7838 0.8019 0.7488
27 0.0792 0.0677 0.8523 0.1483 0.8213 0.2555 0.5100 0.8211 0.7669 0.7899
28 0.0569 0.0518 0.8732 0.1102 0.8456 0.2281 0.4892 0.8288 0.7190 0.7998
29 0.0492 0.0436 0.8844 0.0944 0.8590 0.2217 0.4908 0.8271 0.7142 0.7984
30 0.0414 0.0380 0.8878 0.0810 0.8652 0.2208 0.4855 0.8302 0.7080 0.8004
31 0.0426 0.0393 0.8864 0.0835 0.8614 0.2533 0.4888 0.8267 0.7438 0.7968
32 0.0422 0.0394 0.8868 0.0832 0.8613 0.2427 0.4850 0.8325 0.7294 0.8023
33 0.0576 0.0523 0.8701 0.1115 0.8428 0.3052 0.4959 0.8082 0.8027 0.7737
34 0.0806 0.0699 0.8487 0.1518 0.8136 0.3694 0.5372 0.7814 0.9079 0.7386
35 0.1013 0.0842 0.8322 0.1868 0.7967 0.2392 0.5253 0.7934 0.7657 0.7489
36 0.0693 0.0618 0.8562 0.1325 0.8253 0.2915 0.5055 0.7947 0.7987 0.7641
37 0.0580 0.0514 0.8734 0.1109 0.8457 0.2437 0.5128 0.8080 0.7579 0.7737
38 0.0494 0.0463 0.8789 0.0972 0.8546 0.2531 0.4876 0.8207 0.7424 0.7867
39 0.0411 0.0391 0.8917 0.0819 0.8677 0.2760 0.4910 0.8221 0.7686 0.7891
40 0.0350 0.0347 0.8944 0.0714 0.8704 0.2689 0.4874 0.8338 0.7580 0.8035
41 0.0354 0.0336 0.8957 0.0707 0.8727 0.2509 0.4835 0.8335 0.7362 0.8018
42 0.0380 0.0340 0.8977 0.0736 0.8742 0.2632 0.4807 0.8350 0.7457 0.8047
43 0.0364 0.0340 0.8952 0.0720 0.8706 0.2890 0.4816 0.8395 0.7723 0.8097
44 0.0412 0.0364 0.8887 0.0793 0.8646 0.2328 0.4974 0.8223 0.7317 0.7938
45 0.0564 0.0508 0.8667 0.1087 0.8374 1.0995 0.6799 0.5631 1.7808 0.4802
46 0.1276 0.1121 0.8154 0.2412 0.7800 0.2520 0.5060 0.7865 0.7595 0.7444
47 0.0930 0.0808 0.8474 0.1753 0.8144 0.2309 0.5008 0.7979 0.7333 0.7567
48 0.0582 0.0522 0.8763 0.1119 0.8487 0.1920 0.4915 0.8344 0.6851 0.8004
49 0.0440 0.0403 0.8910 0.0860 0.8669 0.1866 0.4821 0.8422 0.6704 0.8113
50 0.0370 0.0363 0.8949 0.0750 0.8736 0.1925 0.4812 0.8425 0.6755 0.8129
51 0.0389 0.0370 0.8920 0.0776 0.8690 0.2137 0.4762 0.8369 0.6916 0.8048
52 0.0379 0.0354 0.8938 0.0751 0.8709 0.2190 0.4828 0.8328 0.7035 0.8041
53 0.0531 0.0487 0.8819 0.1035 0.8538 0.2224 0.4866 0.8249 0.7108 0.7921
54 0.0785 0.0687 0.8544 0.1488 0.8239 0.2084 0.4993 0.8026 0.7092 0.7647
55 0.0640 0.0586 0.8621 0.1242 0.8332 0.2308 0.5198 0.8090 0.7520 0.7739
56 0.0520 0.0474 0.8802 0.1010 0.8522 0.2817 0.4918 0.8147 0.7752 0.7778
57 0.0555 0.0468 0.8772 0.1039 0.8495 0.2015 0.4993 0.8296 0.7024 0.7959
58 0.0463 0.0414 0.8895 0.0895 0.8661 0.2317 0.4743 0.8384 0.7078 0.8083
59 0.0322 0.0298 0.9044 0.0639 0.8843 0.2470 0.4745 0.8443 0.7234 0.8118
60 0.0324 0.0300 0.9088 0.0643 0.8886 0.2538 0.4722 0.8431 0.7278 0.8095
61 0.0288 0.0270 0.9102 0.0577 0.8904 0.2673 0.4720 0.8353 0.7412 0.8046
62 0.0308 0.0285 0.9065 0.0612 0.8852 0.2715 0.4816 0.8427 0.7549 0.8139
63 0.0298 0.0279 0.9096 0.0595 0.8874 0.3070 0.4887 0.8288 0.7973 0.7975
64 0.0316 0.0295 0.9011 0.0628 0.8790 0.2713 0.4806 0.8166 0.7537 0.7808
65 0.0574 0.0499 0.8763 0.1089 0.8481 0.3769 0.4934 0.7840 0.8720 0.7398
66 0.0629 0.0544 0.8728 0.1189 0.8448 0.2209 0.5015 0.8009 0.7240 0.7620
67 0.0620 0.0548 0.8761 0.1186 0.8490 0.5413 0.5547 0.6807 1.0974 0.6163
68 0.0421 0.0408 0.8918 0.0846 0.8682 0.2457 0.4810 0.8306 0.7285 0.8008
69 0.0345 0.0313 0.9061 0.0676 0.8848 0.2478 0.4735 0.8385 0.7232 0.8081
70 0.0278 0.0274 0.9130 0.0572 0.8926 0.2444 0.4726 0.8403 0.7189 0.8118
71 0.0289 0.0275 0.9108 0.0584 0.8911 0.2604 0.4734 0.8332 0.7357 0.8041
72 0.0313 0.0289 0.9068 0.0621 0.8859 0.2676 0.4753 0.8407 0.7447 0.8115
73 0.0293 0.0270 0.9114 0.0582 0.8906 0.2811 0.4786 0.8400 0.7614 0.8101
74 0.0326 0.0300 0.9038 0.0645 0.8816 0.2825 0.4872 0.8102 0.7713 0.7689
75 0.0353 0.0332 0.8930 0.0703 0.8696 0.2457 0.4904 0.8217 0.7378 0.7916
76 0.0404 0.0372 0.8893 0.0793 0.8645 0.3013 0.4775 0.8263 0.7807 0.7981
77 0.0298 0.0273 0.9082 0.0590 0.8873 0.2897 0.4763 0.8419 0.7680 0.8133
78 0.0243 0.0230 0.9175 0.0493 0.9005 0.3178 0.4752 0.8416 0.7950 0.8119
79 0.0219 0.0213 0.9214 0.0452 0.9049 0.3147 0.4704 0.8418 0.7871 0.8099
80 0.0205 0.0204 0.9256 0.0430 0.9091 0.3001 0.4673 0.8381 0.7694 0.8062
81 0.0210 0.0203 0.9265 0.0433 0.9100 0.2898 0.4697 0.8417 0.7614 0.8078
82 0.0219 0.0209 0.9239 0.0448 0.9077 0.2943 0.4738 0.8340 0.7700 0.7977
83 0.0221 0.0213 0.9193 0.0454 0.9020 0.3156 0.4785 0.8342 0.7960 0.8026
84 0.0243 0.0231 0.9154 0.0493 0.8972 0.3351 0.4800 0.8199 0.8169 0.7823
85 0.0316 0.0295 0.9019 0.0629 0.8804 0.3109 0.4758 0.8273 0.7886 0.7882
86 0.0677 0.0563 0.8747 0.1256 0.8465 0.5267 0.5861 0.6000 1.1139 0.5312
87 0.0900 0.0753 0.8460 0.1668 0.8151 0.2636 0.5134 0.8013 0.7785 0.7644
88 0.0424 0.0386 0.8936 0.0828 0.8691 0.2940 0.4739 0.8308 0.7697 0.7965
89 0.0300 0.0291 0.9074 0.0609 0.8884 0.2907 0.4788 0.8284 0.7713 0.8001
90 0.0307 0.0268 0.9128 0.0596 0.8937 0.2828 0.4760 0.8300 0.7607 0.8010
91 0.0259 0.0244 0.9133 0.0523 0.8957 0.2813 0.4726 0.8266 0.7558 0.7923
92 0.0265 0.0248 0.9136 0.0533 0.8956 0.2912 0.4749 0.8304 0.7680 0.8016
93 0.0286 0.0263 0.9121 0.0569 0.8926 0.3290 0.5067 0.7792 0.8373 0.7377
94 0.0491 0.0442 0.8815 0.0950 0.8557 0.3042 0.4826 0.8119 0.7886 0.7797
95 0.0574 0.0497 0.8785 0.1088 0.8488 0.2749 0.5004 0.7910 0.7770 0.7482
96 0.0691 0.0595 0.8663 0.1304 0.8370 0.2969 0.4996 0.8047 0.7982 0.7697
97 0.0434 0.0411 0.8939 0.0863 0.8688 0.3094 0.4752 0.7961 0.7867 0.7569
98 0.0317 0.0300 0.9069 0.0636 0.8864 0.2747 0.4726 0.8218 0.7492 0.7870
99 0.0239 0.0231 0.9185 0.0491 0.9010 0.2947 0.4747 0.8367 0.7713 0.8064
