epoch train_iou train_loss train_mAP val_iou val_mAP
0 0.6229 0.5858 0.5526 0.7194 0.6651
1 0.7096 0.4533 0.6502 0.7495 0.6998
2 0.7292 0.4198 0.6743 0.7515 0.6993
3 0.7616 0.3769 0.7095 0.7876 0.7452
4 0.7818 0.3482 0.7299 0.7897 0.7469
5 0.7934 0.3322 0.7442 0.7962 0.7546
6 0.7811 0.3545 0.7307 0.7854 0.7446
7 0.7788 0.3737 0.7311 0.7894 0.7511
8 0.7862 0.3751 0.7346 0.7805 0.7368
9 0.7778 0.4007 0.7307 0.7643 0.7179
10 0.7832 0.4064 0.7345 0.8082 0.7715
11 0.8052 0.3741 0.7628 0.7981 0.7576
12 0.8214 0.3412 0.7783 0.8253 0.7941
13 0.8326 0.3203 0.7896 0.8387 0.8083
14 0.8407 0.2888 0.8009 0.8380 0.8067
15 0.8560 0.2691 0.8182 0.8407 0.8113
16 0.8511 0.2814 0.8117 0.8348 0.8036
17 0.8436 0.3070 0.8073 0.8324 0.8031
18 0.8339 0.3438 0.7910 0.8309 0.7992
19 0.8334 0.3585 0.7915 0.8341 0.8001
20 0.8265 0.3937 0.7839 0.7695 0.7325
21 0.8431 0.3474 0.8026 0.8321 0.7974
22 0.8452 0.3298 0.8101 0.8340 0.8007
23 0.8611 0.2975 0.8248 0.8356 0.8079
24 0.8709 0.2811 0.8343 0.8530 0.8231
25 0.8733 0.2762 0.8381 0.8502 0.8222
26 0.8716 0.2723 0.8357 0.8537 0.8227
27 0.8688 0.2975 0.8347 0.8423 0.8149
28 0.8659 0.3166 0.8321 0.8417 0.8078
29 0.8585 0.3483 0.8190 0.8455 0.8181
30 0.8559 0.3623 0.8161 0.8342 0.8046
31 0.8618 0.3440 0.8247 0.8330 0.8011
32 0.8642 0.3437 0.8273 0.8278 0.7921
33 0.8730 0.3133 0.8380 0.8482 0.8194
34 0.8904 0.2691 0.8568 0.8564 0.8286
35 0.8871 0.2742 0.8525 0.8558 0.8298
36 0.8863 0.2628 0.8527 0.8569 0.8285
37 0.8826 0.2935 0.8506 0.8428 0.8168
38 0.8753 0.3279 0.8388 0.8458 0.8183
39 0.8718 0.3435 0.8345 0.8359 0.8007
40 0.8606 0.3913 0.8229 0.8262 0.7966
41 0.8685 0.3731 0.8317 0.8480 0.8186
42 0.8767 0.3298 0.8412 0.8371 0.8050
43 0.8829 0.3230 0.8480 0.8519 0.8240
44 0.8894 0.2974 0.8554 0.8525 0.8255
45 0.8982 0.2705 0.8675 0.8550 0.8285
46 0.8988 0.2741 0.8656 0.8502 0.8214
47 0.8982 0.2810 0.8662 0.8556 0.8284
48 0.8881 0.3268 0.8549 0.8524 0.8255
49 0.8744 0.3844 0.8397 0.8532 0.8196
50 0.8603 0.4403 0.8248 0.8463 0.8131
51 0.8717 0.3903 0.8366 0.8482 0.8191
52 0.8836 0.3520 0.8500 0.8242 0.7887
53 0.8926 0.3255 0.8599 0.8357 0.8048
54 0.9034 0.2982 0.8723 0.8478 0.8230
55 0.9037 0.2872 0.8730 0.8566 0.8334
56 0.9025 0.2950 0.8725 0.8471 0.8226
57 0.8999 0.3070 0.8681 0.8559 0.8306
58 0.8958 0.3344 0.8650 0.8432 0.8111
59 0.8836 0.3623 0.8489 0.8530 0.8232
60 0.8802 0.3989 0.8446 0.8020 0.7728
61 0.8772 0.4192 0.8437 0.8538 0.8203
62 0.8937 0.3564 0.8625 0.8529 0.8257
63 0.8991 0.3321 0.8671 0.8496 0.8261
64 0.8984 0.3218 0.8705 0.8605 0.8361
65 0.9036 0.3084 0.8730 0.8598 0.8365
66 0.9072 0.3115 0.8767 0.8525 0.8284
67 0.9066 0.3122 0.8770 0.8601 0.8356
68 0.8961 0.3478 0.8648 0.8566 0.8279
69 0.9005 0.3463 0.8679 0.8556 0.8270
70 0.8711 0.4739 0.8381 0.8384 0.8148
71 0.8843 0.4194 0.8520 0.8520 0.8246
72 0.8910 0.4013 0.8601 0.8487 0.8240
73 0.8974 0.3664 0.8671 0.8563 0.8322
74 0.9105 0.3222 0.8800 0.8556 0.8282
75 0.9113 0.3172 0.8830 0.8543 0.8285
76 0.9095 0.3156 0.8808 0.8609 0.8364
77 0.9110 0.3175 0.8840 0.8611 0.8375
78 0.9004 0.3617 0.8667 0.8595 0.8346
79 0.9002 0.3749 0.8660 0.8570 0.8269
80 0.8824 0.4562 0.8487 0.8282 0.8006
81 0.8974 0.4039 0.8669 0.8537 0.8234
82 0.8947 0.3983 0.8629 0.8605 0.8353
83 0.9077 0.3565 0.8781 0.8561 0.8331
84 0.9131 0.3301 0.8848 0.8667 0.8415
85 0.9164 0.3156 0.8891 0.8681 0.8421
86 0.9108 0.3377 0.8820 0.8656 0.8392
87 0.9118 0.3381 0.8839 0.8567 0.8312
88 0.9075 0.3587 0.8780 0.8624 0.8363
89 0.8970 0.4097 0.8672 0.8561 0.8285
90 0.8760 0.5098 0.8428 0.8301 0.8048
91 0.8760 0.5150 0.8414 0.8497 0.8251
92 0.8925 0.4364 0.8611 0.8575 0.8344
93 0.9052 0.3824 0.8748 0.8605 0.8333
94 0.9072 0.3747 0.8789 0.8665 0.8392
95 0.9124 0.3532 0.8853 0.8665 0.8404
96 0.9168 0.3395 0.8890 0.8656 0.8407
97 0.9150 0.3463 0.8881 0.8651 0.8401
98 0.9107 0.3692 0.8813 0.8629 0.8328
99 0.9000 0.4101 0.8719 0.8519 0.8244
100 0.9069 0.3873 0.8783 0.8585 0.8335
101 0.9077 0.3743 0.8803 0.8629 0.8362
102 0.9064 0.3791 0.8795 0.8667 0.8428
103 0.9116 0.3589 0.8851 0.8646 0.8412
104 0.9224 0.3217 0.8958 0.8678 0.8424
105 0.9187 0.3309 0.8908 0.8690 0.8433
106 0.9229 0.3152 0.8961 0.8672 0.8441
107 0.9232 0.3119 0.8976 0.8666 0.8418
108 0.9172 0.3352 0.8901 0.8639 0.8359
109 0.9145 0.3502 0.8884 0.8623 0.8365
110 0.9160 0.3428 0.8888 0.8562 0.8333
111 0.9131 0.3506 0.8862 0.8640 0.8380
112 0.9191 0.3267 0.8911 0.8687 0.8429
113 0.9211 0.3196 0.8965 0.8686 0.8440
114 0.9211 0.3225 0.8929 0.8680 0.8447
115 0.9227 0.3130 0.8963 0.8686 0.8435
116 0.9255 0.3012 0.9003 0.8693 0.8460
117 0.9220 0.3079 0.8985 0.8694 0.8471
118 0.9202 0.3180 0.8954 0.8688 0.8439
119 0.9201 0.3228 0.8937 0.8638 0.8422
120 0.9192 0.3386 0.8911 0.8652 0.8399
121 0.9152 0.3484 0.8870 0.8563 0.8276
122 0.9177 0.3288 0.8914 0.8673 0.8411
123 0.9208 0.3207 0.8963 0.8669 0.8434
124 0.9245 0.3134 0.8997 0.8701 0.8435
125 0.9227 0.3118 0.8977 0.8694 0.8424
126 0.9232 0.3081 0.8985 0.8673 0.8417
127 0.9204 0.3165 0.8940 0.8698 0.8424
128 0.9204 0.3289 0.8939 0.8756 0.8486
129 0.9127 0.3500 0.8876 0.8544 0.8244
130 0.9146 0.3473 0.8914 0.8417 0.8160
131 0.9162 0.3353 0.8894 0.8632 0.8391
132 0.9184 0.3233 0.8925 0.8688 0.8441
133 0.9255 0.3050 0.9008 0.8725 0.8463
134 0.9223 0.3178 0.8982 0.8675 0.8405
135 0.9239 0.3012 0.8981 0.8701 0.8447
136 0.9293 0.2902 0.9051 0.8640 0.8391
137 0.9258 0.2989 0.9007 0.8720 0.8468
138 0.9233 0.3024 0.8983 0.8696 0.8448
139 0.9212 0.3134 0.8954 0.8626 0.8358
140 0.9154 0.3426 0.8890 0.8555 0.8332
141 0.9137 0.3519 0.8892 0.8666 0.8400
142 0.9176 0.3320 0.8893 0.8644 0.8387
143 0.9210 0.3184 0.8947 0.8607 0.8350
144 0.9198 0.3210 0.8955 0.8597 0.8353
145 0.9256 0.2945 0.9003 0.8621 0.8368
146 0.9250 0.3010 0.9021 0.8649 0.8393
147 0.9256 0.3064 0.9021 0.8561 0.8310
148 0.9231 0.3175 0.8988 0.8653 0.8410
149 0.9170 0.3333 0.8910 0.8687 0.8457
150 0.9114 0.3592 0.8853 0.8429 0.8149
151 0.9134 0.3521 0.8860 0.8572 0.8335
152 0.9187 0.3228 0.8932 0.8645 0.8379
153 0.9222 0.3128 0.8981 0.8651 0.8411
154 0.9219 0.3115 0.8962 0.8655 0.8434
155 0.9317 0.2779 0.9095 0.8725 0.8487
156 0.9261 0.2962 0.9031 0.8683 0.8400
157 0.9305 0.2805 0.9077 0.8672 0.8429
158 0.9261 0.2995 0.9007 0.8687 0.8442
159 0.9208 0.3194 0.8947 0.8632 0.8375
160 0.9248 0.3081 0.8996 0.8617 0.8364
161 0.9286 0.2877 0.9054 0.8636 0.8376
162 0.9259 0.2982 0.9036 0.8649 0.8415
163 0.9260 0.2985 0.9035 0.8693 0.8417
164 0.9298 0.2793 0.9100 0.8689 0.8431
165 0.9300 0.2830 0.9075 0.8687 0.8418
166 0.9269 0.2906 0.9042 0.8675 0.8430
167 0.9317 0.2742 0.9093 0.8683 0.8387
168 0.9292 0.2845 0.9068 0.8741 0.8494
169 0.9311 0.2770 0.9089 0.8721 0.8470
170 0.9299 0.2804 0.9077 0.8705 0.8453
171 0.9310 0.2771 0.9085 0.8695 0.8428
172 0.9321 0.2736 0.9102 0.8688 0.8425
173 0.9308 0.2749 0.9082 0.8682 0.8418
174 0.9329 0.2628 0.9097 0.8690 0.8416
175 0.9319 0.2750 0.9092 0.8697 0.8427
176 0.9328 0.2704 0.9102 0.8716 0.8457
177 0.9340 0.2711 0.9109 0.8701 0.8442
178 0.9312 0.2771 0.9097 0.8705 0.8424
179 0.9323 0.2713 0.9088 0.8660 0.8415
180 0.9307 0.2788 0.9087 0.8694 0.8452
181 0.9293 0.2812 0.9045 0.8693 0.8462
182 0.9293 0.2758 0.9051 0.8723 0.8463
183 0.9310 0.2738 0.9086 0.8700 0.8445
184 0.9331 0.2631 0.9107 0.8725 0.8482
185 0.9332 0.2628 0.9109 0.8712 0.8459
186 0.9344 0.2594 0.9129 0.8724 0.8472
187 0.9323 0.2710 0.9111 0.8704 0.8447
188 0.9322 0.2653 0.9105 0.8720 0.8464
189 0.9377 0.2540 0.9168 0.8699 0.8436
190 0.9334 0.2627 0.9110 0.8720 0.8475
191 0.9330 0.2659 0.9103 0.8708 0.8452
192 0.9340 0.2625 0.9105 0.8706 0.8446
193 0.9370 0.2467 0.9160 0.8697 0.8441
194 0.9369 0.2572 0.9154 0.8702 0.8436
195 0.9338 0.2674 0.9115 0.8715 0.8454
196 0.9354 0.2615 0.9138 0.8703 0.8454
197 0.9313 0.2680 0.9101 0.8739 0.8483
198 0.9349 0.2633 0.9148 0.8695 0.8440
199 0.9349 0.2620 0.9120 0.8680 0.8415
