epoch train_iou train_loss train_mAP val_iou val_mAP
0 0.6331 1.1970 0.5603 0.7462 0.6730
1 0.7554 0.7880 0.6945 0.7898 0.7312
2 0.7777 0.6970 0.7261 0.8009 0.7557
3 0.8096 0.5875 0.7637 0.8152 0.7767
4 0.8339 0.5222 0.7914 0.8191 0.7807
5 0.8376 0.5009 0.7941 0.8197 0.7805
6 0.8346 0.5050 0.7915 0.8252 0.7922
7 0.8377 0.5201 0.7932 0.8088 0.7618
8 0.8310 0.5348 0.7874 0.8118 0.7699
9 0.8206 0.5836 0.7786 0.8283 0.7849
10 0.8352 0.5272 0.7970 0.7885 0.7547
11 0.8427 0.4869 0.8044 0.7956 0.7700
12 0.8574 0.4484 0.8209 0.8338 0.8001
13 0.8663 0.3979 0.8300 0.8366 0.8029
14 0.8747 0.3736 0.8382 0.8369 0.8057
15 0.8829 0.3441 0.8472 0.8424 0.8124
16 0.8868 0.3276 0.8515 0.8450 0.8138
17 0.8754 0.3694 0.8407 0.8427 0.8126
18 0.8740 0.3828 0.8392 0.8394 0.8107
19 0.8693 0.4068 0.8340 0.8131 0.7894
20 0.8536 0.4643 0.8174 0.8214 0.7906
21 0.8694 0.4225 0.8349 0.8363 0.8010
22 0.8793 0.3660 0.8457 0.8520 0.8150
23 0.8876 0.3257 0.8546 0.8412 0.8114
24 0.8921 0.2991 0.8591 0.8476 0.8210
25 0.8934 0.2993 0.8621 0.8543 0.8262
26 0.8945 0.2959 0.8649 0.8529 0.8234
27 0.8970 0.2941 0.8672 0.8424 0.8144
28 0.8868 0.3302 0.8537 0.8450 0.8166
29 0.8938 0.3189 0.8606 0.8380 0.8079
30 0.8702 0.4039 0.8373 0.8343 0.7985
31 0.8723 0.3873 0.8393 0.8450 0.8174
32 0.8907 0.3264 0.8594 0.8476 0.8218
33 0.9018 0.2835 0.8713 0.8528 0.8250
34 0.9040 0.2627 0.8777 0.8593 0.8302
35 0.9094 0.2499 0.8816 0.8592 0.8294
36 0.9120 0.2462 0.8831 0.8572 0.8287
37 0.9076 0.2677 0.8782 0.8541 0.8265
38 0.9009 0.2743 0.8708 0.8427 0.8124
39 0.8961 0.3078 0.8655 0.8294 0.7945
40 0.8808 0.3603 0.8502 0.8337 0.7989
41 0.8870 0.3277 0.8552 0.8175 0.7895
42 0.8985 0.2935 0.8684 0.8526 0.8270
43 0.9098 0.2573 0.8799 0.8602 0.8311
44 0.9145 0.2356 0.8867 0.8565 0.8288
45 0.9155 0.2271 0.8901 0.8568 0.8311
46 0.9176 0.2195 0.8894 0.8606 0.8341
47 0.9161 0.2340 0.8885 0.8600 0.8322
48 0.9117 0.2417 0.8832 0.8474 0.8184
49 0.8955 0.2926 0.8675 0.8526 0.8254
50 0.8977 0.3190 0.8691 0.8325 0.8037
51 0.8972 0.2998 0.8681 0.8600 0.8320
52 0.9029 0.2664 0.8745 0.8509 0.8243
53 0.9117 0.2359 0.8868 0.8603 0.8334
54 0.9164 0.2200 0.8915 0.8602 0.8338
55 0.9238 0.2040 0.8991 0.8631 0.8370
56 0.9192 0.2073 0.8953 0.8587 0.8340
57 0.9212 0.2083 0.8952 0.8603 0.8353
58 0.9100 0.2352 0.8838 0.8427 0.8155
59 0.9045 0.2818 0.8779 0.8530 0.8269
60 0.8986 0.2880 0.8689 0.8115 0.7835
61 0.9042 0.2877 0.8768 0.8439 0.8178
62 0.9056 0.2657 0.8784 0.8541 0.8300
63 0.9178 0.2191 0.8906 0.8544 0.8290
64 0.9198 0.2134 0.8957 0.8597 0.8357
65 0.9251 0.1900 0.9028 0.8581 0.8350
66 0.9263 0.1908 0.9039 0.8536 0.8284
67 0.9233 0.2104 0.9009 0.8577 0.8352
68 0.9199 0.2176 0.8937 0.8492 0.8234
69 0.9133 0.2295 0.8891 0.8543 0.8272
70 0.9131 0.2442 0.8851 0.8424 0.8180
71 0.9045 0.2763 0.8781 0.8460 0.8198
72 0.9122 0.2501 0.8857 0.8566 0.8285
73 0.9189 0.2215 0.8942 0.8594 0.8352
74 0.9272 0.1939 0.9033 0.8592 0.8317
75 0.9271 0.1865 0.9030 0.8569 0.8304
76 0.9277 0.1889 0.9047 0.8593 0.8335
77 0.9286 0.1917 0.9045 0.8588 0.8358
78 0.9261 0.1995 0.9026 0.8535 0.8294
79 0.9142 0.2448 0.8884 0.8622 0.8352
80 0.9056 0.2630 0.8798 0.8247 0.7990
81 0.8961 0.3030 0.8681 0.8444 0.8114
82 0.9137 0.2370 0.8877 0.8546 0.8294
83 0.9231 0.2065 0.8995 0.8619 0.8360
84 0.9298 0.1844 0.9075 0.8592 0.8347
85 0.9302 0.1783 0.9083 0.8601 0.8359
86 0.9244 0.1892 0.9017 0.8578 0.8327
87 0.9294 0.1874 0.9068 0.8644 0.8431
88 0.9290 0.1868 0.9080 0.8514 0.8276
89 0.9174 0.2308 0.8915 0.8552 0.8291
90 0.9121 0.2383 0.8881 0.8202 0.7945
91 0.9020 0.2828 0.8740 0.8566 0.8323
92 0.9180 0.2324 0.8938 0.8600 0.8349
93 0.9240 0.2074 0.9010 0.8576 0.8345
94 0.9284 0.1879 0.9066 0.8677 0.8446
95 0.9291 0.1790 0.9079 0.8689 0.8466
96 0.9291 0.1785 0.9083 0.8613 0.8381
97 0.9270 0.1911 0.9050 0.8574 0.8359
98 0.9240 0.1934 0.9014 0.8574 0.8334
99 0.9247 0.2018 0.9022 0.8570 0.8360
100 0.9267 0.1912 0.9041 0.8583 0.8359
101 0.9291 0.1736 0.9074 0.8604 0.8386
102 0.9345 0.1628 0.9134 0.8588 0.8363
103 0.9350 0.1653 0.9164 0.8610 0.8384
104 0.9314 0.1629 0.9103 0.8621 0.8391
105 0.9386 0.1534 0.9183 0.8626 0.8406
106 0.9338 0.1624 0.9144 0.8601 0.8386
107 0.9374 0.1573 0.9179 0.8610 0.8394
108 0.9369 0.1557 0.9169 0.8618 0.8379
109 0.9337 0.1738 0.9129 0.8584 0.8360
110 0.9341 0.1700 0.9127 0.8636 0.8394
111 0.9331 0.1685 0.9140 0.8658 0.8432
112 0.9339 0.1657 0.9132 0.8593 0.8370
113 0.9380 0.1554 0.9196 0.8628 0.8406
114 0.9384 0.1476 0.9203 0.8606 0.8392
115 0.9423 0.1425 0.9243 0.8625 0.8397
116 0.9366 0.1518 0.9161 0.8647 0.8422
117 0.9403 0.1434 0.9227 0.8647 0.8414
118 0.9405 0.1511 0.9219 0.8599 0.8378
119 0.9376 0.1562 0.9196 0.8573 0.8359
120 0.9279 0.2036 0.9040 0.8657 0.8424
121 0.9344 0.1736 0.9141 0.8585 0.8367
122 0.9346 0.1650 0.9132 0.8550 0.8315
123 0.9375 0.1549 0.9195 0.8646 0.8404
124 0.9432 0.1429 0.9254 0.8638 0.8399
125 0.9430 0.1420 0.9270 0.8645 0.8400
126 0.9368 0.1519 0.9188 0.8653 0.8413
127 0.9380 0.1494 0.9205 0.8631 0.8401
128 0.9393 0.1501 0.9204 0.8641 0.8400
129 0.9389 0.1514 0.9202 0.8642 0.8415
130 0.9365 0.1654 0.9145 0.8519 0.8239
131 0.9291 0.1988 0.9092 0.8622 0.8399
132 0.9366 0.1615 0.9145 0.8681 0.8432
133 0.9381 0.1548 0.9198 0.8675 0.8435
134 0.9414 0.1441 0.9234 0.8725 0.8495
135 0.9455 0.1438 0.9291 0.8734 0.8511
136 0.9449 0.1364 0.9283 0.8710 0.8477
137 0.9403 0.1440 0.9228 0.8681 0.8440
138 0.9406 0.1479 0.9221 0.8627 0.8393
139 0.9392 0.1495 0.9209 0.8631 0.8395
140 0.9385 0.1539 0.9198 0.8623 0.8404
141 0.9396 0.1514 0.9210 0.8662 0.8428
142 0.9418 0.1405 0.9252 0.8697 0.8444
143 0.9446 0.1378 0.9288 0.8678 0.8459
144 0.9449 0.1323 0.9312 0.8624 0.8411
145 0.9416 0.1373 0.9247 0.8645 0.8425
146 0.9484 0.1301 0.9331 0.8697 0.8471
147 0.9432 0.1386 0.9274 0.8708 0.8472
148 0.9429 0.1435 0.9258 0.8609 0.8361
149 0.9404 0.1460 0.9234 0.8652 0.8425
150 0.9410 0.1459 0.9237 0.8601 0.8295
151 0.9399 0.1471 0.9227 0.8707 0.8471
152 0.9412 0.1423 0.9242 0.8701 0.8472
153 0.9450 0.1347 0.9299 0.8696 0.8466
154 0.9444 0.1361 0.9284 0.8722 0.8496
155 0.9479 0.1273 0.9338 0.8691 0.8476
156 0.9464 0.1336 0.9321 0.8700 0.8481
157 0.9490 0.1296 0.9343 0.8640 0.8426
158 0.9408 0.1396 0.9235 0.8673 0.8447
159 0.9453 0.1390 0.9299 0.8552 0.8295
160 0.9420 0.1411 0.9273 0.8633 0.8420
161 0.9474 0.1291 0.9332 0.8642 0.8406
162 0.9472 0.1268 0.9323 0.8630 0.8394
163 0.9456 0.1308 0.9311 0.8617 0.8404
164 0.9470 0.1303 0.9325 0.8650 0.8425
165 0.9479 0.1279 0.9334 0.8642 0.8425
166 0.9455 0.1296 0.9300 0.8628 0.8414
167 0.9508 0.1172 0.9372 0.8665 0.8435
168 0.9486 0.1266 0.9332 0.8639 0.8421
169 0.9478 0.1227 0.9347 0.8625 0.8409
170 0.9504 0.1243 0.9378 0.8654 0.8441
171 0.9472 0.1256 0.9319 0.8636 0.8436
172 0.9492 0.1224 0.9330 0.8639 0.8430
173 0.9505 0.1191 0.9349 0.8643 0.8434
174 0.9469 0.1246 0.9324 0.8645 0.8444
175 0.9504 0.1185 0.9370 0.8635 0.8416
176 0.9483 0.1230 0.9331 0.8625 0.8434
177 0.9503 0.1200 0.9367 0.8643 0.8440
178 0.9488 0.1194 0.9354 0.8640 0.8443
179 0.9527 0.1135 0.9394 0.8627 0.8430
180 0.9467 0.1239 0.9324 0.8721 0.8499
181 0.9532 0.1193 0.9387 0.8710 0.8504
182 0.9525 0.1143 0.9381 0.8689 0.8472
183 0.9507 0.1163 0.9380 0.8681 0.8474
184 0.9514 0.1131 0.9372 0.8679 0.8467
185 0.9506 0.1159 0.9378 0.8680 0.8465
186 0.9539 0.1136 0.9402 0.8687 0.8471
187 0.9532 0.1139 0.9399 0.8695 0.8475
188 0.9514 0.1172 0.9380 0.8681 0.8461
189 0.9532 0.1136 0.9392 0.8699 0.8485
190 0.9503 0.1182 0.9367 0.8703 0.8480
191 0.9509 0.1160 0.9382 0.8697 0.8464
192 0.9510 0.1144 0.9386 0.8670 0.8450
193 0.9530 0.1124 0.9392 0.8672 0.8464
194 0.9489 0.1175 0.9348 0.8685 0.8457
195 0.9501 0.1168 0.9365 0.8695 0.8475
196 0.9504 0.1184 0.9368 0.8693 0.8480
197 0.9528 0.1112 0.9410 0.8686 0.8464
198 0.9488 0.1187 0.9352 0.8643 0.8431
199 0.9505 0.1140 0.9369 0.8660 0.8444
