epoch train_iou train_loss train_mAP val_iou val_loss val_mAP
0 0.6528 0.2727 0.5905 0.7283 0.2061 0.6727
1 0.7224 0.2059 0.6657 0.7188 0.2141 0.6587
2 0.7322 0.1792 0.6772 0.7439 0.2355 0.6859
3 0.7604 0.1614 0.7102 0.7654 0.1579 0.7184
4 0.7735 0.1449 0.7237 0.7914 0.1463 0.7493
5 0.7876 0.1377 0.7413 0.7975 0.1376 0.7537
6 0.7834 0.1357 0.7342 0.7988 0.1365 0.7579
7 0.7802 0.1397 0.7337 0.7834 0.1605 0.7365
8 0.7805 0.1470 0.7308 0.8007 0.1561 0.7518
9 0.7796 0.1493 0.7282 0.7573 0.1823 0.7046
10 0.7834 0.1457 0.7341 0.7918 0.1490 0.7355
11 0.7981 0.1300 0.7519 0.8154 0.1583 0.7764
12 0.8130 0.1191 0.7662 0.8181 0.1699 0.7768
13 0.8122 0.1114 0.7668 0.8089 0.1454 0.7630
14 0.8285 0.0910 0.7860 0.8227 0.1384 0.7829
15 0.8346 0.0909 0.7926 0.8190 0.1356 0.7787
16 0.8348 0.0838 0.7914 0.8274 0.1540 0.7911
17 0.8374 0.0922 0.7954 0.8207 0.1572 0.7814
18 0.8278 0.0965 0.7820 0.8114 0.1684 0.7703
19 0.8261 0.1058 0.7816 0.8025 0.1587 0.7538
20 0.8227 0.1083 0.7765 0.8055 0.1598 0.7647
21 0.8163 0.1035 0.7716 0.8137 0.1555 0.7751
22 0.8266 0.0882 0.7812 0.8279 0.1613 0.7835
23 0.8525 0.0802 0.8083 0.8178 0.1358 0.7796
24 0.8597 0.0668 0.8181 0.8319 0.1482 0.7905
25 0.8619 0.0603 0.8228 0.8271 0.1457 0.7846
26 0.8612 0.0634 0.8222 0.8226 0.1502 0.7847
27 0.8598 0.0655 0.8185 0.8268 0.1340 0.7876
28 0.8542 0.0697 0.8135 0.8232 0.1675 0.7856
29 0.8448 0.0854 0.8024 0.8193 0.2069 0.7755
30 0.8451 0.0859 0.7998 0.8024 0.1647 0.7522
31 0.8439 0.0782 0.8016 0.8216 0.1590 0.7798
32 0.8595 0.0666 0.8184 0.8323 0.1752 0.7948
33 0.8639 0.0617 0.8241 0.8333 0.1523 0.7937
34 0.8732 0.0535 0.8328 0.8290 0.1568 0.7911
35 0.8766 0.0521 0.8374 0.8316 0.1532 0.7913
36 0.8678 0.0513 0.8283 0.8342 0.1553 0.7946
37 0.8656 0.0556 0.8273 0.8301 0.1395 0.7938
38 0.8703 0.0572 0.8303 0.8303 0.1606 0.7853
39 0.8572 0.0668 0.8158 0.8181 0.1822 0.7713
40 0.8298 0.0993 0.7825 0.8136 0.1857 0.7749
41 0.8453 0.0770 0.8035 0.8206 0.2088 0.7764
42 0.8650 0.0616 0.8273 0.8247 0.1714 0.7825
43 0.8699 0.0556 0.8304 0.8258 0.1907 0.7858
44 0.8781 0.0471 0.8387 0.8407 0.1791 0.8020
45 0.8771 0.0472 0.8367 0.8425 0.1815 0.8026
46 0.8767 0.0478 0.8397 0.8400 0.1770 0.8023
47 0.8726 0.0490 0.8337 0.8473 0.1769 0.8102
48 0.8641 0.0530 0.8230 0.8306 0.2069 0.7933
49 0.8655 0.0605 0.8248 0.8174 0.1937 0.7722
50 0.8554 0.0684 0.8137 0.8187 0.2178 0.7766
51 0.8643 0.0641 0.8243 0.8361 0.1892 0.8001
52 0.8729 0.0488 0.8354 0.8477 0.1891 0.8132
53 0.8714 0.0528 0.8329 0.8373 0.1664 0.8011
54 0.8783 0.0456 0.8407 0.8343 0.1778 0.7963
55 0.8890 0.0424 0.8529 0.8336 0.1763 0.7950
56 0.8834 0.0417 0.8473 0.8363 0.1754 0.8010
57 0.8819 0.0412 0.8432 0.8179 0.1808 0.7739
58 0.8780 0.0502 0.8422 0.8143 0.1430 0.7710
59 0.8655 0.0534 0.8267 0.8276 0.1990 0.7880
60 0.8576 0.0683 0.8173 0.7865 0.1928 0.7401
61 0.8596 0.0648 0.8188 0.8195 0.1625 0.7758
62 0.8752 0.0486 0.8392 0.8266 0.1742 0.7864
63 0.8834 0.0465 0.8479 0.8407 0.1859 0.8006
64 0.8884 0.0427 0.8506 0.8337 0.1830 0.7942
65 0.8904 0.0374 0.8534 0.8367 0.1875 0.7980
66 0.8925 0.0395 0.8579 0.8371 0.1915 0.7998
67 0.8904 0.0378 0.8538 0.8384 0.2012 0.7995
68 0.8818 0.0425 0.8465 0.8331 0.1793 0.7912
69 0.8767 0.0539 0.8385 0.8107 0.2052 0.7665
70 0.8597 0.0695 0.8174 0.7981 0.2089 0.7638
71 0.8645 0.0603 0.8261 0.8206 0.1851 0.7868
72 0.8749 0.0489 0.8359 0.8420 0.2265 0.8031
73 0.8857 0.0413 0.8508 0.8393 0.1772 0.8005
74 0.8948 0.0388 0.8575 0.8425 0.1779 0.8032
75 0.8948 0.0356 0.8599 0.8467 0.1741 0.8103
76 0.8907 0.0353 0.8542 0.8442 0.1646 0.8063
77 0.8912 0.0377 0.8557 0.8378 0.1838 0.7983
78 0.8797 0.0431 0.8440 0.8283 0.2067 0.7850
79 0.8757 0.0509 0.8375 0.8414 0.1869 0.8048
80 0.8745 0.0487 0.8382 0.8246 0.2404 0.7879
81 0.8696 0.0575 0.8307 0.8174 0.1875 0.7826
82 0.8855 0.0455 0.8480 0.8318 0.1869 0.7924
83 0.8911 0.0400 0.8562 0.8484 0.1952 0.8108
84 0.8929 0.0380 0.8557 0.8364 0.1789 0.7992
85 0.8913 0.0329 0.8568 0.8392 0.1790 0.8018
86 0.8947 0.0370 0.8608 0.8392 0.2067 0.8018
87 0.8976 0.0335 0.8642 0.8383 0.2254 0.8005
88 0.8910 0.0411 0.8541 0.8040 0.1843 0.7575
89 0.8715 0.0553 0.8319 0.8239 0.2142 0.7859
90 0.8752 0.0520 0.8356 0.8315 0.1799 0.7936
91 0.8821 0.0427 0.8454 0.8291 0.1927 0.7916
92 0.8878 0.0373 0.8522 0.8370 0.2175 0.8012
93 0.8898 0.0357 0.8535 0.8465 0.1964 0.8069
94 0.8947 0.0323 0.8598 0.8431 0.1840 0.8052
95 0.9006 0.0307 0.8658 0.8423 0.1973 0.8042
96 0.8976 0.0311 0.8612 0.8490 0.2019 0.8137
97 0.8979 0.0320 0.8639 0.8416 0.2220 0.8018
98 0.8923 0.0400 0.8534 0.8325 0.2022 0.7936
99 0.8746 0.0496 0.8355 0.8231 0.2235 0.7864
100 0.8880 0.0398 0.8526 0.8479 0.1757 0.8142
101 0.8912 0.0366 0.8553 0.8361 0.1638 0.7983
102 0.8968 0.0325 0.8619 0.8414 0.1853 0.8067
103 0.9050 0.0293 0.8709 0.8415 0.1838 0.8085
104 0.9015 0.0283 0.8675 0.8443 0.1937 0.8089
105 0.8994 0.0297 0.8668 0.8425 0.1942 0.8072
106 0.9005 0.0282 0.8667 0.8421 0.2042 0.8081
107 0.9009 0.0282 0.8659 0.8352 0.2173 0.7993
108 0.9005 0.0289 0.8666 0.8416 0.1957 0.8041
109 0.8980 0.0296 0.8627 0.8335 0.1984 0.7975
110 0.8938 0.0322 0.8588 0.8265 0.1869 0.7853
111 0.8978 0.0348 0.8635 0.8366 0.2255 0.8020
112 0.8978 0.0307 0.8641 0.8418 0.2291 0.8066
113 0.9055 0.0272 0.8734 0.8374 0.2204 0.8011
114 0.9072 0.0261 0.8757 0.8397 0.2296 0.8050
115 0.9035 0.0260 0.8703 0.8381 0.2212 0.8029
116 0.9060 0.0265 0.8741 0.8384 0.2207 0.8012
117 0.9070 0.0269 0.8747 0.8370 0.2109 0.8005
118 0.9026 0.0254 0.8713 0.8413 0.2269 0.8066
119 0.9031 0.0276 0.8697 0.8482 0.2154 0.8163
120 0.8958 0.0291 0.8622 0.8235 0.2547 0.7840
121 0.8962 0.0345 0.8603 0.8337 0.1911 0.7957
122 0.9030 0.0306 0.8706 0.8411 0.2147 0.8059
123 0.9074 0.0276 0.8777 0.8395 0.2302 0.8052
124 0.9092 0.0283 0.8753 0.8417 0.2043 0.8058
125 0.9081 0.0245 0.8766 0.8449 0.2045 0.8093
126 0.9126 0.0252 0.8830 0.8402 0.2246 0.8032
127 0.9066 0.0254 0.8749 0.8335 0.2372 0.7946
128 0.9043 0.0268 0.8721 0.8403 0.2121 0.8002
129 0.9064 0.0276 0.8724 0.8380 0.2505 0.8016
130 0.9077 0.0260 0.8747 0.8240 0.2505 0.7804
131 0.9062 0.0263 0.8745 0.8360 0.2236 0.7977
132 0.9044 0.0252 0.8714 0.8324 0.2327 0.7931
133 0.9089 0.0238 0.8777 0.8274 0.2467 0.7888
134 0.9129 0.0228 0.8813 0.8369 0.2530 0.7995
135 0.9093 0.0225 0.8787 0.8344 0.2547 0.7980
136 0.9108 0.0235 0.8800 0.8385 0.2593 0.8018
137 0.9064 0.0237 0.8728 0.8323 0.2430 0.7954
138 0.9066 0.0241 0.8753 0.8390 0.2455 0.8007
139 0.9060 0.0283 0.8741 0.8372 0.2527 0.8032
140 0.9004 0.0333 0.8663 0.8032 0.2337 0.7513
141 0.8992 0.0329 0.8651 0.8418 0.2153 0.8046
142 0.9070 0.0286 0.8743 0.8370 0.2216 0.7999
143 0.9094 0.0234 0.8765 0.8393 0.2299 0.8012
144 0.9109 0.0228 0.8797 0.8441 0.2393 0.8064
145 0.9148 0.0229 0.8823 0.8408 0.2392 0.8024
146 0.9112 0.0229 0.8789 0.8461 0.2399 0.8106
147 0.9115 0.0237 0.8797 0.8424 0.2333 0.8067
148 0.9107 0.0240 0.8785 0.8450 0.2418 0.8097
149 0.9101 0.0235 0.8799 0.8345 0.2532 0.7948
150 0.9038 0.0289 0.8691 0.8271 0.2456 0.7877
151 0.9076 0.0266 0.8756 0.8326 0.2510 0.7966
152 0.8991 0.0329 0.8652 0.8477 0.2438 0.8107
153 0.9079 0.0268 0.8756 0.8436 0.2127 0.8054
154 0.9070 0.0231 0.8759 0.8434 0.2353 0.8072
155 0.9149 0.0216 0.8836 0.8404 0.2359 0.8035
156 0.9067 0.0214 0.8765 0.8436 0.2527 0.8064
157 0.9110 0.0218 0.8834 0.8370 0.2323 0.7993
158 0.9154 0.0226 0.8848 0.8338 0.2393 0.7942
159 0.9062 0.0240 0.8760 0.8333 0.2042 0.7918
160 0.9110 0.0217 0.8814 0.8413 0.2216 0.8019
161 0.9138 0.0220 0.8836 0.8456 0.2325 0.8071
162 0.9154 0.0204 0.8855 0.8462 0.2372 0.8066
163 0.9115 0.0207 0.8826 0.8455 0.2419 0.8061
164 0.9126 0.0214 0.8823 0.8455 0.2282 0.8040
165 0.9153 0.0203 0.8888 0.8450 0.2378 0.8048
166 0.9160 0.0222 0.8884 0.8436 0.2252 0.8025
167 0.9129 0.0210 0.8834 0.8432 0.2329 0.8012
168 0.9125 0.0200 0.8831 0.8490 0.2368 0.8101
169 0.9120 0.0204 0.8817 0.8448 0.2389 0.8050
170 0.9161 0.0202 0.8847 0.8472 0.2506 0.8094
171 0.9192 0.0197 0.8902 0.8433 0.2536 0.8023
172 0.9178 0.0198 0.8898 0.8501 0.2397 0.8103
173 0.9198 0.0192 0.8923 0.8447 0.2532 0.8055
174 0.9158 0.0197 0.8838 0.8479 0.2513 0.8090
175 0.9125 0.0204 0.8813 0.8472 0.2456 0.8071
176 0.9171 0.0196 0.8862 0.8461 0.2418 0.8060
177 0.9120 0.0192 0.8812 0.8456 0.2481 0.8042
178 0.9188 0.0195 0.8871 0.8446 0.2507 0.8077
179 0.9170 0.0190 0.8872 0.8441 0.2657 0.8041
180 0.9187 0.0193 0.8891 0.8427 0.2620 0.8044
181 0.9147 0.0204 0.8839 0.8429 0.2708 0.8013
182 0.9185 0.0196 0.8886 0.8418 0.2656 0.8013
183 0.9173 0.0193 0.8861 0.8413 0.2611 0.8030
184 0.9153 0.0190 0.8840 0.8424 0.2649 0.8030
185 0.9185 0.0196 0.8889 0.8412 0.2691 0.8028
186 0.9181 0.0185 0.8882 0.8405 0.2697 0.8006
187 0.9165 0.0186 0.8858 0.8426 0.2757 0.8023
188 0.9128 0.0190 0.8831 0.8401 0.2790 0.8001
189 0.9159 0.0192 0.8857 0.8424 0.2559 0.8025
190 0.9144 0.0196 0.8848 0.8425 0.2629 0.8031
191 0.9183 0.0190 0.8893 0.8448 0.2726 0.8061
192 0.9181 0.0191 0.8879 0.8445 0.2700 0.8049
193 0.9165 0.0188 0.8845 0.8427 0.2642 0.8046
194 0.9171 0.0189 0.8870 0.8472 0.2751 0.8100
195 0.9164 0.0191 0.8868 0.8443 0.2738 0.8077
196 0.9136 0.0189 0.8855 0.8456 0.2807 0.8085
197 0.9189 0.0184 0.8884 0.8450 0.2855 0.8083
198 0.9146 0.0185 0.8842 0.8396 0.2615 0.8019
199 0.9179 0.0183 0.8894 0.8455 0.2825 0.8094
