epoch train_iou train_loss train_mAP val_iou val_mAP
0 0.6192 1.1700 0.5537 0.7345 0.6718
1 0.7343 0.8487 0.6724 0.7751 0.7195
2 0.7827 0.6874 0.7327 0.7858 0.7280
3 0.8019 0.6333 0.7542 0.8163 0.7725
4 0.8189 0.5672 0.7741 0.8265 0.7833
5 0.8282 0.5364 0.7859 0.8256 0.7870
6 0.8326 0.5279 0.7907 0.8224 0.7802
7 0.8280 0.5445 0.7858 0.8111 0.7691
8 0.8292 0.5393 0.7879 0.8306 0.7918
9 0.8246 0.5443 0.7821 0.7700 0.7312
10 0.8234 0.5632 0.7839 0.8165 0.7761
11 0.8357 0.5179 0.8011 0.8461 0.8115
12 0.8463 0.4738 0.8086 0.8528 0.8194
13 0.8650 0.4233 0.8301 0.8553 0.8246
14 0.8691 0.3904 0.8368 0.8548 0.8230
15 0.8759 0.3683 0.8431 0.8607 0.8296
16 0.8750 0.3661 0.8392 0.8609 0.8294
17 0.8711 0.3767 0.8368 0.8551 0.8222
18 0.8642 0.4121 0.8276 0.8593 0.8232
19 0.8632 0.4255 0.8287 0.8440 0.8076
20 0.8470 0.4848 0.8115 0.8386 0.8051
21 0.8666 0.4229 0.8317 0.8522 0.8194
22 0.8727 0.3854 0.8370 0.8582 0.8249
23 0.8840 0.3472 0.8536 0.8579 0.8291
24 0.8900 0.3257 0.8599 0.8602 0.8256
25 0.8946 0.2948 0.8640 0.8623 0.8300
26 0.8970 0.2954 0.8649 0.8674 0.8351
27 0.8909 0.3110 0.8581 0.8590 0.8247
28 0.8775 0.3520 0.8428 0.8585 0.8245
29 0.8702 0.3979 0.8375 0.8419 0.8000
30 0.8690 0.3986 0.8352 0.8390 0.8097
31 0.8784 0.3765 0.8451 0.8553 0.8213
32 0.8871 0.3413 0.8557 0.8522 0.8209
33 0.8888 0.3197 0.8582 0.8564 0.8229
34 0.8995 0.2839 0.8690 0.8695 0.8388
35 0.9051 0.2625 0.8756 0.8691 0.8399
36 0.9028 0.2646 0.8727 0.8665 0.8359
37 0.9016 0.2750 0.8723 0.8691 0.8401
38 0.8948 0.3011 0.8634 0.8708 0.8369
39 0.8867 0.3287 0.8553 0.8605 0.8295
40 0.8776 0.3639 0.8443 0.8055 0.7621
41 0.8802 0.3594 0.8480 0.8518 0.8229
42 0.8980 0.3013 0.8681 0.8559 0.8250
43 0.9030 0.2751 0.8743 0.8659 0.8359
44 0.9080 0.2544 0.8802 0.8697 0.8390
45 0.9095 0.2430 0.8799 0.8697 0.8397
46 0.9148 0.2273 0.8893 0.8646 0.8385
47 0.9097 0.2390 0.8814 0.8682 0.8409
48 0.9044 0.2674 0.8742 0.8547 0.8201
49 0.8908 0.3256 0.8596 0.8470 0.8164
50 0.8790 0.3632 0.8444 0.8269 0.7910
51 0.8833 0.3605 0.8496 0.8598 0.8270
52 0.8982 0.2884 0.8695 0.8658 0.8391
53 0.9026 0.2715 0.8736 0.8586 0.8339
54 0.9111 0.2392 0.8836 0.8716 0.8426
55 0.9138 0.2303 0.8871 0.8708 0.8430
56 0.9124 0.2304 0.8866 0.8671 0.8350
57 0.9133 0.2252 0.8872 0.8622 0.8315
58 0.9055 0.2500 0.8773 0.8652 0.8362
59 0.9030 0.2871 0.8737 0.8444 0.8096
60 0.8873 0.3476 0.8553 0.8391 0.8074
61 0.8879 0.3308 0.8572 0.8471 0.8149
62 0.9056 0.2656 0.8778 0.8671 0.8382
63 0.9081 0.2563 0.8799 0.8722 0.8429
64 0.9136 0.2334 0.8874 0.8741 0.8434
65 0.9189 0.2150 0.8917 0.8752 0.8445
66 0.9191 0.2153 0.8930 0.8721 0.8435
67 0.9157 0.2276 0.8897 0.8720 0.8424
68 0.9103 0.2468 0.8847 0.8707 0.8410
69 0.9053 0.2691 0.8754 0.8625 0.8344
70 0.8891 0.3295 0.8589 0.8479 0.8147
71 0.8969 0.3079 0.8692 0.8584 0.8277
72 0.9074 0.2676 0.8798 0.8750 0.8442
73 0.9136 0.2335 0.8862 0.8685 0.8372
74 0.9195 0.2111 0.8953 0.8755 0.8453
75 0.9165 0.2159 0.8918 0.8770 0.8471
76 0.9209 0.2077 0.8966 0.8757 0.8475
77 0.9240 0.1994 0.9003 0.8746 0.8438
78 0.9195 0.2132 0.8940 0.8697 0.8395
79 0.9080 0.2455 0.8803 0.8592 0.8240
80 0.9051 0.2733 0.8768 0.8537 0.8185
81 0.9015 0.2749 0.8753 0.8644 0.8329
82 0.9118 0.2428 0.8860 0.8698 0.8420
83 0.9198 0.2180 0.8943 0.8754 0.8479
84 0.9216 0.2057 0.8988 0.8788 0.8481
85 0.9238 0.2002 0.8993 0.8796 0.8510
86 0.9269 0.1904 0.9040 0.8796 0.8504
87 0.9228 0.1995 0.9001 0.8798 0.8500
88 0.9181 0.2235 0.8914 0.8717 0.8430
89 0.9045 0.2715 0.8779 0.8566 0.8280
90 0.9026 0.2843 0.8762 0.8461 0.8116
91 0.9021 0.2845 0.8752 0.8575 0.8233
92 0.9060 0.2495 0.8787 0.8658 0.8341
93 0.9188 0.2209 0.8925 0.8674 0.8378
94 0.9221 0.2052 0.8982 0.8662 0.8410
95 0.9256 0.1937 0.9034 0.8672 0.8424
96 0.9212 0.1981 0.8973 0.8697 0.8416
97 0.9246 0.1907 0.8994 0.8699 0.8398
98 0.9183 0.2273 0.8916 0.8730 0.8450
99 0.9188 0.2170 0.8948 0.8695 0.8405
100 0.9156 0.2283 0.8899 0.8711 0.8411
101 0.9233 0.2073 0.8993 0.8633 0.8359
102 0.9235 0.1989 0.8995 0.8729 0.8436
103 0.9304 0.1792 0.9065 0.8758 0.8470
104 0.9327 0.1690 0.9102 0.8743 0.8456
105 0.9336 0.1703 0.9125 0.8751 0.8462
106 0.9304 0.1726 0.9094 0.8807 0.8517
107 0.9353 0.1679 0.9131 0.8812 0.8526
108 0.9295 0.1787 0.9055 0.8775 0.8494
109 0.9329 0.1728 0.9121 0.8771 0.8471
110 0.9209 0.2077 0.8968 0.8772 0.8501
111 0.9267 0.1901 0.9049 0.8763 0.8471
112 0.9291 0.1806 0.9065 0.8756 0.8482
113 0.9314 0.1756 0.9104 0.8732 0.8439
114 0.9337 0.1684 0.9120 0.8762 0.8477
115 0.9333 0.1620 0.9122 0.8760 0.8479
116 0.9352 0.1568 0.9148 0.8756 0.8487
117 0.9312 0.1677 0.9109 0.8768 0.8481
118 0.9345 0.1680 0.9123 0.8793 0.8509
119 0.9326 0.1763 0.9106 0.8735 0.8460
120 0.9261 0.1800 0.9032 0.8778 0.8500
121 0.9328 0.1725 0.9123 0.8736 0.8450
122 0.9305 0.1778 0.9098 0.8622 0.8356
123 0.9360 0.1678 0.9160 0.8739 0.8471
124 0.9346 0.1611 0.9135 0.8772 0.8495
125 0.9353 0.1588 0.9157 0.8743 0.8481
126 0.9373 0.1580 0.9178 0.8743 0.8476
127 0.9359 0.1595 0.9143 0.8792 0.8529
128 0.9344 0.1614 0.9127 0.8667 0.8374
129 0.9310 0.1807 0.9101 0.8758 0.8450
130 0.9357 0.1664 0.9153 0.8730 0.8470
131 0.9313 0.1715 0.9111 0.8726 0.8417
132 0.9364 0.1621 0.9159 0.8796 0.8536
133 0.9415 0.1497 0.9226 0.8802 0.8549
134 0.9386 0.1519 0.9194 0.8783 0.8529
135 0.9360 0.1556 0.9165 0.8802 0.8549
136 0.9366 0.1528 0.9170 0.8765 0.8505
137 0.9380 0.1539 0.9196 0.8781 0.8506
138 0.9374 0.1539 0.9186 0.8785 0.8504
139 0.9368 0.1530 0.9174 0.8767 0.8481
140 0.9257 0.1944 0.9043 0.8711 0.8409
141 0.9266 0.1934 0.9035 0.8789 0.8490
142 0.9338 0.1710 0.9126 0.8759 0.8461
143 0.9365 0.1625 0.9170 0.8804 0.8535
144 0.9357 0.1544 0.9159 0.8769 0.8491
145 0.9348 0.1619 0.9157 0.8787 0.8504
146 0.9388 0.1511 0.9207 0.8821 0.8530
147 0.9393 0.1516 0.9206 0.8804 0.8510
148 0.9361 0.1588 0.9161 0.8793 0.8531
149 0.9389 0.1587 0.9210 0.8784 0.8482
150 0.9366 0.1615 0.9160 0.8756 0.8485
151 0.9321 0.1705 0.9119 0.8754 0.8493
152 0.9337 0.1594 0.9128 0.8781 0.8504
153 0.9387 0.1539 0.9172 0.8797 0.8504
154 0.9432 0.1453 0.9251 0.8784 0.8514
155 0.9408 0.1505 0.9222 0.8789 0.8526
156 0.9445 0.1438 0.9276 0.8788 0.8520
157 0.9410 0.1481 0.9230 0.8772 0.8497
158 0.9369 0.1566 0.9172 0.8745 0.8496
159 0.9433 0.1456 0.9229 0.8735 0.8450
160 0.9415 0.1436 0.9237 0.8760 0.8474
161 0.9433 0.1407 0.9261 0.8802 0.8520
162 0.9421 0.1401 0.9236 0.8793 0.8500
163 0.9461 0.1334 0.9301 0.8797 0.8511
164 0.9459 0.1322 0.9293 0.8785 0.8502
165 0.9451 0.1350 0.9287 0.8794 0.8506
166 0.9442 0.1354 0.9272 0.8786 0.8497
167 0.9432 0.1392 0.9257 0.8797 0.8521
168 0.9430 0.1371 0.9261 0.8784 0.8493
169 0.9433 0.1389 0.9239 0.8783 0.8492
170 0.9415 0.1395 0.9241 0.8768 0.8487
171 0.9454 0.1338 0.9296 0.8768 0.8483
172 0.9457 0.1303 0.9304 0.8775 0.8494
173 0.9417 0.1392 0.9237 0.8750 0.8476
174 0.9454 0.1330 0.9289 0.8800 0.8514
175 0.9451 0.1304 0.9281 0.8791 0.8506
176 0.9444 0.1340 0.9297 0.8781 0.8506
177 0.9426 0.1354 0.9264 0.8764 0.8478
178 0.9462 0.1276 0.9303 0.8792 0.8487
179 0.9424 0.1353 0.9247 0.8802 0.8534
180 0.9444 0.1356 0.9287 0.8796 0.8514
181 0.9443 0.1366 0.9277 0.8781 0.8502
182 0.9452 0.1357 0.9276 0.8766 0.8501
183 0.9451 0.1328 0.9284 0.8779 0.8521
184 0.9476 0.1281 0.9311 0.8768 0.8504
185 0.9453 0.1288 0.9293 0.8764 0.8493
186 0.9453 0.1290 0.9284 0.8791 0.8523
187 0.9486 0.1272 0.9307 0.8791 0.8523
188 0.9480 0.1272 0.9310 0.8786 0.8516
189 0.9454 0.1323 0.9274 0.8816 0.8526
190 0.9472 0.1268 0.9313 0.8795 0.8524
191 0.9448 0.1312 0.9279 0.8787 0.8510
192 0.9425 0.1375 0.9255 0.8794 0.8524
193 0.9456 0.1305 0.9281 0.8778 0.8505
194 0.9455 0.1294 0.9302 0.8797 0.8519
195 0.9429 0.1322 0.9267 0.8799 0.8529
196 0.9481 0.1276 0.9316 0.8802 0.8522
197 0.9439 0.1350 0.9262 0.8787 0.8520
198 0.9462 0.1289 0.9292 0.8801 0.8532
199 0.9453 0.1310 0.9267 0.8803 0.8514
