epoch train_BCELoss train_SoftDiceLoss train_iou train_loss train_mAP val_BCELoss val_SoftDiceLoss val_iou val_loss val_mAP
0 0.3949 0.4469 0.5282 0.8418 0.4704 0.2615 0.2766 0.6578 0.5382 0.5929
1 0.2405 0.2305 0.6891 0.4711 0.6251 0.2136 0.2443 0.6736 0.4581 0.5985
2 0.1976 0.1875 0.7217 0.3853 0.6635 0.1897 0.1980 0.7216 0.3880 0.6650
3 0.1675 0.1558 0.7470 0.3236 0.6926 0.2046 0.1951 0.7230 0.4000 0.6685
4 0.1456 0.1340 0.7661 0.2799 0.7140 0.2045 0.1759 0.7163 0.3807 0.6578
5 0.1253 0.1127 0.7817 0.2383 0.7318 0.2038 0.1652 0.7436 0.3695 0.6900
6 0.1098 0.0998 0.8032 0.2101 0.7553 0.1981 0.1545 0.7531 0.3532 0.6998
7 0.0995 0.0878 0.8117 0.1878 0.7680 0.1976 0.1572 0.7674 0.3556 0.7117
8 0.0894 0.0825 0.8208 0.1725 0.7754 0.1852 0.1456 0.7751 0.3315 0.7200
9 0.0930 0.0821 0.8231 0.1757 0.7811 0.2675 0.1689 0.7497 0.4370 0.6941
10 0.0839 0.0739 0.8280 0.1586 0.7844 0.1869 0.1301 0.7872 0.3178 0.7362
11 0.0839 0.0706 0.8320 0.1550 0.7910 0.1852 0.1552 0.7641 0.3410 0.7080
12 0.0838 0.0736 0.8321 0.1581 0.7919 0.1700 0.1352 0.7894 0.3061 0.7387
13 0.0675 0.0606 0.8488 0.1289 0.8114 0.1955 0.1392 0.7811 0.3355 0.7287
14 0.0695 0.0619 0.8489 0.1322 0.8107 0.2066 0.1347 0.7870 0.3421 0.7329
15 0.0564 0.0519 0.8599 0.1092 0.8236 0.2020 0.1271 0.7966 0.3299 0.7467
16 0.0524 0.0478 0.8649 0.1012 0.8301 0.2118 0.1233 0.8025 0.3360 0.7547
17 0.0489 0.0448 0.8705 0.0946 0.8359 0.2052 0.1204 0.8030 0.3265 0.7548
18 0.0496 0.0443 0.8706 0.0949 0.8369 0.2160 0.1226 0.8020 0.3394 0.7535
19 0.0470 0.0428 0.8725 0.0908 0.8385 0.2092 0.1200 0.8026 0.3300 0.7545
20 0.0472 0.0434 0.8711 0.0916 0.8383 0.2197 0.1219 0.8042 0.3424 0.7577
21 0.0456 0.0415 0.8743 0.0881 0.8410 0.2090 0.1198 0.8033 0.3296 0.7556
22 0.0490 0.0433 0.8719 0.0933 0.8384 0.2095 0.1199 0.8047 0.3303 0.7578
23 0.0475 0.0428 0.8746 0.0913 0.8416 0.2104 0.1202 0.8025 0.3314 0.7537
24 0.0461 0.0430 0.8754 0.0901 0.8419 0.2127 0.1203 0.8051 0.3339 0.7569
25 0.0514 0.0457 0.8680 0.0980 0.8318 0.2117 0.1239 0.7934 0.3363 0.7479
26 0.0561 0.0508 0.8604 0.1078 0.8238 0.1901 0.1207 0.7996 0.3118 0.7515
27 0.0626 0.0543 0.8588 0.1178 0.8194 0.2278 0.1389 0.7834 0.3673 0.7373
28 0.0546 0.0490 0.8669 0.1045 0.8325 0.2278 0.1179 0.8050 0.3464 0.7607
29 0.0511 0.0464 0.8738 0.0986 0.8384 0.2041 0.1076 0.8045 0.3127 0.7592
30 0.0447 0.0395 0.8836 0.0854 0.8518 0.2032 0.1090 0.8067 0.3131 0.7614
31 0.0408 0.0371 0.8857 0.0791 0.8542 0.2076 0.1092 0.8050 0.3178 0.7614
32 0.0394 0.0362 0.8882 0.0769 0.8569 0.2121 0.1091 0.8100 0.3222 0.7662
33 0.0383 0.0347 0.8912 0.0742 0.8607 0.2158 0.1088 0.8083 0.3255 0.7651
34 0.0379 0.0342 0.8914 0.0733 0.8615 0.2166 0.1086 0.8066 0.3262 0.7622
35 0.0373 0.0341 0.8919 0.0726 0.8620 0.2174 0.1091 0.8040 0.3274 0.7596
36 0.0366 0.0336 0.8911 0.0714 0.8631 0.2181 0.1080 0.8071 0.3270 0.7629
37 0.0363 0.0335 0.8925 0.0710 0.8636 0.2204 0.1086 0.8045 0.3299 0.7604
38 0.0365 0.0332 0.8927 0.0709 0.8634 0.2197 0.1087 0.8061 0.3293 0.7613
39 0.0356 0.0328 0.8962 0.0697 0.8664 0.2193 0.1093 0.8064 0.3296 0.7617
40 0.0388 0.0348 0.8915 0.0748 0.8607 0.2255 0.1124 0.8096 0.3390 0.7682
41 0.0583 0.0496 0.8741 0.1090 0.8388 0.2913 0.1373 0.7954 0.4293 0.7480
42 0.0751 0.0678 0.8430 0.1437 0.8022 0.2580 0.1540 0.7677 0.4128 0.7150
43 0.0891 0.0783 0.8346 0.1683 0.7942 0.2312 0.1392 0.7833 0.3710 0.7391
44 0.0683 0.0597 0.8525 0.1289 0.8137 0.2070 0.1376 0.7896 0.3457 0.7460
45 0.0471 0.0445 0.8742 0.0928 0.8425 0.2047 0.1213 0.7973 0.3271 0.7546
46 0.0411 0.0386 0.8828 0.0808 0.8494 0.2109 0.1133 0.8098 0.3252 0.7682
47 0.0425 0.0380 0.8860 0.0817 0.8540 0.2085 0.1146 0.8069 0.3242 0.7666
48 0.0393 0.0361 0.8872 0.0766 0.8558 0.2079 0.1121 0.8099 0.3211 0.7679
49 0.0394 0.0356 0.8869 0.0763 0.8561 0.2055 0.1101 0.8129 0.3167 0.7700
50 0.0382 0.0356 0.8885 0.0751 0.8571 0.2032 0.1104 0.8117 0.3148 0.7703
51 0.0375 0.0350 0.8920 0.0738 0.8617 0.2053 0.1107 0.8128 0.3171 0.7711
52 0.0383 0.0350 0.8897 0.0746 0.8591 0.2058 0.1111 0.8121 0.3180 0.7712
53 0.0369 0.0344 0.8923 0.0726 0.8621 0.2040 0.1112 0.8131 0.3163 0.7713
54 0.0375 0.0346 0.8894 0.0734 0.8601 0.2097 0.1105 0.8124 0.3212 0.7713
55 0.0366 0.0344 0.8902 0.0723 0.8602 0.2066 0.1095 0.8125 0.3171 0.7709
56 0.0369 0.0339 0.8910 0.0721 0.8606 0.2092 0.1097 0.8121 0.3200 0.7708
57 0.0364 0.0336 0.8906 0.0712 0.8611 0.2086 0.1110 0.8127 0.3207 0.7718
58 0.0368 0.0337 0.8921 0.0718 0.8625 0.2085 0.1106 0.8122 0.3202 0.7713
59 0.0364 0.0337 0.8924 0.0715 0.8630 0.2114 0.1116 0.8128 0.3241 0.7718
