epoch train_BCELoss train_SoftDiceLoss train_iou train_loss train_mAP val_BCELoss val_SoftDiceLoss val_iou val_loss val_mAP
0 0.3841 0.4227 0.5506 0.8067 0.4890 0.2478 0.2722 0.6410 0.5200 0.5703
1 0.2303 0.2209 0.6891 0.4513 0.6240 0.2220 0.2011 0.7079 0.4232 0.6589
2 0.1861 0.1756 0.7245 0.3620 0.6678 0.1960 0.1872 0.7189 0.3834 0.6720
3 0.1424 0.1327 0.7585 0.2754 0.7061 0.1944 0.1617 0.7273 0.3565 0.6820
4 0.1376 0.1264 0.7706 0.2644 0.7143 0.2128 0.1432 0.7456 0.3564 0.6999
5 0.1106 0.1008 0.7952 0.2119 0.7483 0.2588 0.1528 0.7512 0.4121 0.7089
6 0.1030 0.0897 0.8015 0.1933 0.7559 0.2167 0.1485 0.7454 0.3656 0.6883
7 0.0942 0.0841 0.8171 0.1789 0.7713 0.2370 0.1410 0.7610 0.3784 0.7227
8 0.0903 0.0787 0.8211 0.1697 0.7775 0.1962 0.1332 0.7709 0.3300 0.7290
9 0.0808 0.0717 0.8294 0.1533 0.7890 0.2116 0.1277 0.7888 0.3401 0.7462
10 0.0767 0.0679 0.8392 0.1453 0.7972 0.1994 0.1141 0.7859 0.3140 0.7459
11 0.0744 0.0628 0.8434 0.1380 0.8051 0.1971 0.1233 0.7878 0.3212 0.7436
12 0.0702 0.0609 0.8435 0.1318 0.8052 0.1861 0.1202 0.7903 0.3071 0.7446
13 0.0592 0.0531 0.8573 0.1132 0.8207 0.2191 0.1095 0.7924 0.3293 0.7561
14 0.0615 0.0536 0.8603 0.1160 0.8225 0.2368 0.1148 0.7855 0.3520 0.7500
15 0.0519 0.0464 0.8681 0.0993 0.8354 0.2020 0.1046 0.8081 0.3075 0.7647
16 0.0484 0.0443 0.8715 0.0938 0.8396 0.2132 0.1021 0.8092 0.3162 0.7660
17 0.0466 0.0420 0.8754 0.0897 0.8437 0.2159 0.1000 0.8130 0.3167 0.7715
18 0.0470 0.0407 0.8753 0.0888 0.8438 0.2231 0.1020 0.8102 0.3259 0.7671
19 0.0444 0.0406 0.8793 0.0861 0.8467 0.2120 0.1024 0.8059 0.3152 0.7605
20 0.0447 0.0398 0.8772 0.0855 0.8454 0.2133 0.1019 0.8117 0.3161 0.7672
21 0.0435 0.0402 0.8784 0.0848 0.8465 0.2163 0.1005 0.8132 0.3176 0.7688
22 0.0434 0.0395 0.8772 0.0840 0.8467 0.2176 0.1011 0.8124 0.3195 0.7681
23 0.0438 0.0395 0.8789 0.0844 0.8478 0.2180 0.1019 0.8106 0.3208 0.7648
24 0.0429 0.0395 0.8779 0.0836 0.8459 0.2200 0.1010 0.8119 0.3219 0.7662
25 0.0487 0.0440 0.8692 0.0937 0.8346 0.2263 0.1029 0.8092 0.3299 0.7699
26 0.0633 0.0523 0.8660 0.1166 0.8305 0.2536 0.1245 0.7798 0.3789 0.7355
27 0.0677 0.0589 0.8544 0.1275 0.8150 0.2185 0.1336 0.7627 0.3528 0.7049
28 0.0882 0.0782 0.8334 0.1672 0.7939 0.2306 0.1149 0.7759 0.3463 0.7434
29 0.0722 0.0629 0.8504 0.1360 0.8148 0.2529 0.1320 0.7905 0.3858 0.7479
30 0.0567 0.0499 0.8660 0.1076 0.8340 0.2023 0.1051 0.8138 0.3084 0.7767
31 0.0475 0.0430 0.8731 0.0917 0.8437 0.2032 0.1009 0.8136 0.3052 0.7767
32 0.0453 0.0407 0.8749 0.0871 0.8445 0.2059 0.0999 0.8139 0.3068 0.7778
33 0.0444 0.0402 0.8762 0.0858 0.8457 0.2082 0.0990 0.8159 0.3082 0.7787
34 0.0435 0.0390 0.8791 0.0837 0.8498 0.2072 0.0982 0.8149 0.3064 0.7763
35 0.0418 0.0376 0.8827 0.0805 0.8513 0.2049 0.0982 0.8173 0.3042 0.7780
36 0.0424 0.0381 0.8823 0.0817 0.8532 0.2078 0.0990 0.8146 0.3079 0.7766
37 0.0411 0.0369 0.8830 0.0792 0.8543 0.2093 0.0985 0.8157 0.3088 0.7780
38 0.0413 0.0372 0.8846 0.0797 0.8557 0.2086 0.0983 0.8144 0.3079 0.7769
39 0.0412 0.0371 0.8838 0.0795 0.8535 0.2112 0.0995 0.8156 0.3116 0.7782
40 0.0446 0.0401 0.8799 0.0858 0.8484 0.1940 0.1052 0.8110 0.3001 0.7690
41 0.0440 0.0398 0.8804 0.0849 0.8482 0.2484 0.1033 0.8154 0.3527 0.7783
42 0.0466 0.0410 0.8795 0.0888 0.8483 0.2195 0.1068 0.8106 0.3273 0.7701
43 0.0440 0.0405 0.8768 0.0857 0.8473 0.2275 0.1149 0.8036 0.3435 0.7681
44 0.0450 0.0408 0.8792 0.0871 0.8474 0.2710 0.1136 0.8060 0.3855 0.7719
45 0.0393 0.0373 0.8893 0.0779 0.8614 0.2424 0.1040 0.8228 0.3474 0.7850
46 0.0359 0.0333 0.8954 0.0706 0.8677 0.2546 0.1037 0.8231 0.3593 0.7842
47 0.0352 0.0326 0.8971 0.0692 0.8700 0.2524 0.1025 0.8231 0.3560 0.7840
48 0.0345 0.0321 0.8991 0.0680 0.8717 0.2563 0.1023 0.8250 0.3596 0.7875
49 0.0328 0.0299 0.9016 0.0641 0.8762 0.2626 0.1020 0.8234 0.3656 0.7868
50 0.0331 0.0305 0.9014 0.0650 0.8749 0.2518 0.0998 0.8242 0.3527 0.7864
51 0.0325 0.0300 0.9013 0.0640 0.8745 0.2540 0.1005 0.8242 0.3555 0.7858
52 0.0321 0.0299 0.9000 0.0634 0.8741 0.2597 0.1020 0.8237 0.3627 0.7858
53 0.0322 0.0298 0.9002 0.0634 0.8732 0.2607 0.1017 0.8225 0.3635 0.7855
54 0.0319 0.0292 0.9024 0.0626 0.8763 0.2597 0.1021 0.8255 0.3628 0.7876
55 0.0321 0.0295 0.9027 0.0631 0.8771 0.2569 0.0997 0.8250 0.3576 0.7863
56 0.0317 0.0289 0.9024 0.0620 0.8771 0.2601 0.0998 0.8250 0.3609 0.7872
57 0.0317 0.0292 0.9012 0.0623 0.8752 0.2582 0.1007 0.8254 0.3599 0.7879
58 0.0316 0.0292 0.9031 0.0622 0.8780 0.2618 0.1015 0.8244 0.3642 0.7869
59 0.0317 0.0292 0.9006 0.0623 0.8753 0.2589 0.1009 0.8259 0.3608 0.7879
