epoch train_iou train_loss train_mAP val_iou val_mAP
0 0.6749 1.0416 0.6080 0.7040 0.6418
1 0.7595 0.7799 0.7049 0.7023 0.6579
2 0.7943 0.6720 0.7476 0.7965 0.7534
3 0.8113 0.6089 0.7695 0.8038 0.7556
4 0.8218 0.5584 0.7789 0.8097 0.7700
5 0.8306 0.5274 0.7906 0.8128 0.7751
6 0.8326 0.5224 0.7913 0.8077 0.7746
7 0.8283 0.5483 0.7882 0.8132 0.7772
8 0.8350 0.5361 0.7943 0.7839 0.7407
9 0.8274 0.5629 0.7884 0.8170 0.7764
10 0.8301 0.5534 0.7911 0.7770 0.7451
11 0.8377 0.5108 0.8019 0.8283 0.7930
12 0.8539 0.4624 0.8199 0.8337 0.8050
13 0.8603 0.4312 0.8282 0.8395 0.8070
14 0.8704 0.3926 0.8384 0.8526 0.8181
15 0.8793 0.3661 0.8483 0.8566 0.8209
16 0.8767 0.3744 0.8449 0.8546 0.8213
17 0.8705 0.3939 0.8399 0.8513 0.8138
18 0.8682 0.4245 0.8372 0.8229 0.7773
19 0.8557 0.4495 0.8225 0.7851 0.7376
20 0.8515 0.4784 0.8169 0.8267 0.7954
21 0.8582 0.4468 0.8271 0.8352 0.8000
22 0.8741 0.3953 0.8454 0.8414 0.8113
23 0.8782 0.3690 0.8494 0.8675 0.8346
24 0.8857 0.3383 0.8572 0.8635 0.8349
25 0.8934 0.3192 0.8668 0.8694 0.8409
26 0.8950 0.3159 0.8665 0.8696 0.8386
27 0.8861 0.3536 0.8575 0.8596 0.8272
28 0.8757 0.3799 0.8471 0.8467 0.8159
29 0.8791 0.3783 0.8484 0.8566 0.8261
30 0.8675 0.4164 0.8373 0.8500 0.8148
31 0.8743 0.4011 0.8448 0.8171 0.7768
32 0.8858 0.3489 0.8558 0.8547 0.8165
33 0.8929 0.3294 0.8646 0.8581 0.8243
34 0.9001 0.2928 0.8731 0.8730 0.8440
35 0.9032 0.2884 0.8757 0.8737 0.8453
36 0.9036 0.2845 0.8784 0.8657 0.8356
37 0.8996 0.3056 0.8719 0.8509 0.8272
38 0.8939 0.3240 0.8669 0.8486 0.8189
39 0.8818 0.3687 0.8513 0.8539 0.8207
40 0.8754 0.4005 0.8437 0.8521 0.8194
41 0.8784 0.3738 0.8491 0.8414 0.8089
42 0.8945 0.3345 0.8670 0.8603 0.8317
43 0.8973 0.3044 0.8727 0.8612 0.8325
44 0.9078 0.2790 0.8822 0.8650 0.8368
45 0.9093 0.2603 0.8821 0.8741 0.8458
46 0.9055 0.2732 0.8801 0.8657 0.8387
47 0.9072 0.2737 0.8835 0.8758 0.8528
48 0.8979 0.3083 0.8695 0.8642 0.8327
49 0.8936 0.3201 0.8654 0.8638 0.8322
50 0.8829 0.3644 0.8543 0.8506 0.8200
51 0.8933 0.3327 0.8653 0.8616 0.8323
52 0.9013 0.2968 0.8744 0.8678 0.8422
53 0.9037 0.2773 0.8788 0.8620 0.8351
54 0.9116 0.2534 0.8874 0.8671 0.8416
55 0.9145 0.2463 0.8907 0.8693 0.8423
56 0.9143 0.2458 0.8909 0.8761 0.8488
57 0.9056 0.2695 0.8803 0.8609 0.8345
58 0.9100 0.2702 0.8840 0.8675 0.8351
59 0.8973 0.3043 0.8701 0.8507 0.8227
60 0.8901 0.3390 0.8619 0.8483 0.8153
61 0.8939 0.3261 0.8666 0.8670 0.8398
62 0.8996 0.2955 0.8749 0.8562 0.8321
63 0.9083 0.2738 0.8842 0.8668 0.8404
64 0.9144 0.2458 0.8904 0.8779 0.8499
65 0.9177 0.2332 0.8949 0.8755 0.8490
66 0.9210 0.2237 0.8987 0.8756 0.8462
67 0.9160 0.2401 0.8919 0.8734 0.8454
68 0.9085 0.2608 0.8835 0.8485 0.8221
69 0.9014 0.3036 0.8762 0.8662 0.8383
70 0.8899 0.3293 0.8612 0.8575 0.8314
71 0.8971 0.3138 0.8707 0.8225 0.7825
72 0.9064 0.2806 0.8812 0.8680 0.8375
73 0.9175 0.2377 0.8938 0.8682 0.8389
74 0.9194 0.2297 0.8966 0.8772 0.8502
75 0.9212 0.2207 0.8980 0.8778 0.8528
76 0.9192 0.2268 0.8956 0.8740 0.8471
77 0.9196 0.2293 0.8953 0.8695 0.8423
78 0.9129 0.2487 0.8894 0.8687 0.8416
79 0.9081 0.2691 0.8826 0.8652 0.8375
80 0.8968 0.3149 0.8672 0.8602 0.8325
81 0.9025 0.2990 0.8769 0.8659 0.8320
82 0.9068 0.2747 0.8824 0.8664 0.8410
83 0.9143 0.2477 0.8917 0.8604 0.8337
84 0.9168 0.2407 0.8929 0.8763 0.8494
85 0.9233 0.2173 0.9021 0.8752 0.8477
86 0.9197 0.2172 0.8975 0.8766 0.8502
87 0.9210 0.2211 0.8972 0.8710 0.8433
88 0.9179 0.2368 0.8951 0.8696 0.8421
89 0.9124 0.2543 0.8876 0.8617 0.8317
90 0.8964 0.3055 0.8705 0.7699 0.7214
91 0.9031 0.2850 0.8767 0.8581 0.8257
92 0.9137 0.2437 0.8902 0.8669 0.8377
93 0.9200 0.2239 0.8965 0.8741 0.8462
94 0.9230 0.2094 0.8997 0.8721 0.8453
95 0.9259 0.2018 0.9037 0.8707 0.8444
96 0.9261 0.2031 0.9048 0.8764 0.8490
97 0.9240 0.2056 0.9019 0.8726 0.8441
98 0.9203 0.2308 0.8975 0.8712 0.8429
99 0.9168 0.2347 0.8929 0.8640 0.8320
100 0.9227 0.2196 0.8994 0.8762 0.8476
101 0.9261 0.2046 0.9036 0.8757 0.8465
102 0.9259 0.2046 0.9036 0.8787 0.8499
103 0.9295 0.1949 0.9083 0.8755 0.8471
104 0.9300 0.1899 0.9105 0.8787 0.8505
105 0.9316 0.1781 0.9103 0.8840 0.8550
106 0.9325 0.1815 0.9121 0.8817 0.8530
107 0.9362 0.1715 0.9173 0.8763 0.8499
108 0.9303 0.1835 0.9100 0.8722 0.8445
109 0.9267 0.2065 0.9060 0.8743 0.8483
110 0.9246 0.2122 0.9031 0.8812 0.8495
111 0.9263 0.1976 0.9060 0.8730 0.8474
112 0.9338 0.1836 0.9135 0.8725 0.8439
113 0.9305 0.1872 0.9103 0.8763 0.8489
114 0.9347 0.1780 0.9150 0.8784 0.8514
115 0.9350 0.1725 0.9152 0.8775 0.8502
116 0.9345 0.1735 0.9142 0.8813 0.8542
117 0.9320 0.1810 0.9122 0.8767 0.8537
118 0.9311 0.1856 0.9103 0.8788 0.8532
119 0.9317 0.1839 0.9104 0.8761 0.8465
120 0.9290 0.1939 0.9074 0.8705 0.8451
121 0.9295 0.1916 0.9098 0.8716 0.8434
122 0.9299 0.1935 0.9087 0.8746 0.8475
123 0.9351 0.1748 0.9151 0.8788 0.8532
124 0.9325 0.1781 0.9121 0.8797 0.8516
125 0.9343 0.1693 0.9137 0.8806 0.8555
126 0.9336 0.1708 0.9142 0.8838 0.8567
127 0.9368 0.1671 0.9174 0.8821 0.8531
128 0.9371 0.1669 0.9182 0.8854 0.8570
129 0.9311 0.1831 0.9118 0.8801 0.8514
130 0.9309 0.1885 0.9095 0.8653 0.8395
131 0.9330 0.1851 0.9124 0.8744 0.8463
132 0.9334 0.1789 0.9144 0.8706 0.8429
133 0.9346 0.1733 0.9150 0.8763 0.8481
134 0.9376 0.1668 0.9186 0.8819 0.8559
135 0.9350 0.1672 0.9147 0.8821 0.8576
136 0.9372 0.1640 0.9179 0.8808 0.8559
137 0.9382 0.1629 0.9191 0.8768 0.8526
138 0.9310 0.1804 0.9115 0.8789 0.8518
139 0.9334 0.1725 0.9140 0.8691 0.8400
140 0.9314 0.1853 0.9107 0.8684 0.8410
141 0.9313 0.1916 0.9111 0.8782 0.8483
142 0.9349 0.1719 0.9141 0.8663 0.8425
143 0.9367 0.1683 0.9176 0.8755 0.8499
144 0.9374 0.1634 0.9193 0.8791 0.8532
145 0.9388 0.1568 0.9210 0.8766 0.8511
146 0.9412 0.1532 0.9228 0.8795 0.8535
147 0.9375 0.1637 0.9187 0.8830 0.8535
148 0.9389 0.1607 0.9210 0.8718 0.8457
149 0.9308 0.1839 0.9100 0.8734 0.8476
150 0.9300 0.1896 0.9089 0.8788 0.8520
151 0.9300 0.1876 0.9098 0.8762 0.8498
152 0.9334 0.1836 0.9134 0.8751 0.8477
153 0.9357 0.1649 0.9166 0.8747 0.8500
154 0.9370 0.1600 0.9181 0.8825 0.8583
155 0.9387 0.1573 0.9211 0.8827 0.8583
156 0.9368 0.1601 0.9188 0.8884 0.8645
157 0.9392 0.1555 0.9207 0.8796 0.8553
158 0.9381 0.1615 0.9197 0.8790 0.8506
159 0.9343 0.1718 0.9137 0.8713 0.8448
160 0.9395 0.1566 0.9203 0.8826 0.8566
161 0.9393 0.1539 0.9198 0.8832 0.8583
162 0.9418 0.1516 0.9245 0.8839 0.8577
163 0.9430 0.1494 0.9248 0.8834 0.8581
164 0.9422 0.1482 0.9233 0.8823 0.8559
165 0.9422 0.1506 0.9246 0.8825 0.8579
166 0.9411 0.1499 0.9219 0.8811 0.8564
167 0.9448 0.1434 0.9289 0.8832 0.8570
168 0.9426 0.1467 0.9252 0.8826 0.8571
169 0.9438 0.1455 0.9273 0.8820 0.8565
170 0.9420 0.1465 0.9245 0.8826 0.8550
171 0.9408 0.1471 0.9235 0.8829 0.8576
172 0.9414 0.1529 0.9226 0.8830 0.8578
173 0.9411 0.1486 0.9223 0.8807 0.8558
174 0.9429 0.1449 0.9254 0.8832 0.8582
175 0.9429 0.1411 0.9256 0.8824 0.8573
176 0.9424 0.1452 0.9238 0.8837 0.8594
177 0.9448 0.1416 0.9273 0.8802 0.8555
178 0.9433 0.1435 0.9269 0.8828 0.8587
179 0.9436 0.1425 0.9248 0.8822 0.8584
180 0.9426 0.1454 0.9249 0.8829 0.8575
181 0.9405 0.1475 0.9215 0.8814 0.8553
182 0.9433 0.1432 0.9266 0.8829 0.8564
183 0.9432 0.1446 0.9259 0.8834 0.8593
184 0.9465 0.1369 0.9297 0.8841 0.8587
185 0.9410 0.1451 0.9234 0.8839 0.8594
186 0.9442 0.1379 0.9280 0.8808 0.8555
187 0.9442 0.1378 0.9271 0.8828 0.8572
188 0.9452 0.1397 0.9277 0.8816 0.8575
189 0.9432 0.1409 0.9255 0.8841 0.8589
190 0.9463 0.1353 0.9306 0.8803 0.8550
191 0.9429 0.1437 0.9254 0.8843 0.8596
192 0.9448 0.1389 0.9284 0.8833 0.8589
193 0.9428 0.1397 0.9254 0.8812 0.8570
194 0.9463 0.1342 0.9295 0.8812 0.8561
195 0.9433 0.1384 0.9265 0.8822 0.8575
196 0.9449 0.1400 0.9279 0.8823 0.8556
197 0.9422 0.1437 0.9238 0.8830 0.8579
198 0.9426 0.1404 0.9249 0.8838 0.8567
199 0.9457 0.1362 0.9278 0.8836 0.8578
