epoch train_iou train_loss train_mAP val_iou val_loss val_mAP
0 0.6018 1.2051 0.5206 0.6327 1.0634 0.5496
1 0.7096 0.8906 0.6413 0.6769 0.9751 0.6227
2 0.7582 0.7508 0.6935 0.7454 0.7690 0.6835
3 0.7754 0.6729 0.7162 0.7581 0.7691 0.6972
4 0.7989 0.6138 0.7411 0.7644 0.7099 0.7136
5 0.8047 0.5790 0.7511 0.7738 0.6746 0.7288
6 0.8091 0.5685 0.7522 0.7839 0.6686 0.7400
7 0.8068 0.5818 0.7526 0.7778 0.7920 0.7355
8 0.7954 0.6144 0.7414 0.7739 0.7431 0.7214
9 0.7993 0.6217 0.7462 0.7770 0.6993 0.7195
10 0.7919 0.6278 0.7406 0.7784 0.7093 0.7327
11 0.8138 0.5687 0.7655 0.7989 0.6448 0.7612
12 0.8219 0.5092 0.7751 0.8052 0.6105 0.7597
13 0.8353 0.4774 0.7880 0.8102 0.5795 0.7744
14 0.8424 0.4435 0.7971 0.8155 0.5782 0.7702
15 0.8548 0.4093 0.8079 0.8196 0.5665 0.7764
16 0.8552 0.4018 0.8080 0.8122 0.5809 0.7680
17 0.8487 0.4395 0.8015 0.8203 0.5799 0.7837
18 0.8494 0.4405 0.8036 0.7873 0.6593 0.7435
19 0.8237 0.5339 0.7755 0.7814 0.6586 0.7375
20 0.8221 0.5452 0.7745 0.7941 0.6271 0.7569
21 0.8285 0.5048 0.7804 0.8070 0.5671 0.7653
22 0.8318 0.4884 0.7865 0.8100 0.5655 0.7766
23 0.8506 0.4227 0.8016 0.8271 0.5655 0.7871
24 0.8636 0.3656 0.8171 0.8250 0.5838 0.7891
25 0.8673 0.3472 0.8230 0.8257 0.5623 0.7905
26 0.8681 0.3536 0.8238 0.8247 0.5838 0.7881
27 0.8605 0.3834 0.8149 0.8202 0.5768 0.7858
28 0.8544 0.4064 0.8065 0.8065 0.6513 0.7761
29 0.8470 0.4494 0.8030 0.7250 1.0713 0.6713
30 0.8234 0.5187 0.7777 0.7946 0.7349 0.7571
31 0.8356 0.4842 0.7895 0.8185 0.5806 0.7728
32 0.8494 0.4279 0.8036 0.8049 0.5793 0.7700
33 0.8583 0.3993 0.8146 0.8262 0.5899 0.7881
34 0.8706 0.3499 0.8271 0.8290 0.5820 0.7883
35 0.8757 0.3359 0.8301 0.8326 0.5730 0.7942
36 0.8774 0.3322 0.8352 0.8273 0.5787 0.7912
37 0.8756 0.3359 0.8306 0.8380 0.5641 0.7975
38 0.8646 0.3700 0.8203 0.8185 0.6532 0.7707
39 0.8626 0.3935 0.8156 0.8081 0.6546 0.7690
40 0.8477 0.4517 0.8010 0.7949 0.6400 0.7487
41 0.8462 0.4388 0.8047 0.8039 0.6076 0.7710
42 0.8617 0.3851 0.8168 0.8317 0.6047 0.8005
43 0.8771 0.3284 0.8365 0.8288 0.5761 0.7952
44 0.8761 0.3288 0.8348 0.8288 0.5597 0.7931
45 0.8774 0.3036 0.8353 0.8309 0.5505 0.7940
46 0.8779 0.3021 0.8336 0.8336 0.5779 0.7936
47 0.8782 0.3147 0.8362 0.8286 0.5909 0.7935
48 0.8771 0.3252 0.8344 0.8308 0.5877 0.7964
49 0.8670 0.3607 0.8217 0.8155 0.7073 0.7788
50 0.8524 0.4040 0.8071 0.8219 0.6401 0.7851
51 0.8527 0.4120 0.8079 0.8241 0.5974 0.7852
52 0.8709 0.3448 0.8287 0.8152 0.6099 0.7798
53 0.8771 0.3120 0.8347 0.8272 0.6152 0.7941
54 0.8888 0.2762 0.8480 0.8342 0.6345 0.7980
55 0.8960 0.2586 0.8557 0.8338 0.6376 0.7981
56 0.8878 0.2673 0.8470 0.8366 0.6461 0.8001
57 0.8863 0.2747 0.8436 0.8318 0.7134 0.7986
58 0.8808 0.3063 0.8389 0.8246 0.5878 0.7831
59 0.8611 0.3775 0.8192 0.8154 0.5617 0.7700
60 0.8663 0.3664 0.8242 0.8138 0.5916 0.7737
61 0.8678 0.3490 0.8266 0.8305 0.6371 0.7899
62 0.8674 0.3430 0.8272 0.8178 0.5966 0.7739
63 0.8763 0.3012 0.8317 0.8346 0.5862 0.7958
64 0.8871 0.2724 0.8472 0.8389 0.6390 0.7995
65 0.8914 0.2573 0.8505 0.8382 0.6509 0.7998
66 0.8944 0.2561 0.8539 0.8374 0.6188 0.8002
67 0.8940 0.2527 0.8551 0.8341 0.6555 0.7936
68 0.8827 0.2960 0.8424 0.8227 0.6201 0.7885
69 0.8724 0.3313 0.8295 0.8180 0.7293 0.7852
70 0.8682 0.3562 0.8238 0.8213 0.6453 0.7879
71 0.8626 0.3798 0.8192 0.8204 0.5648 0.7803
72 0.8777 0.3227 0.8333 0.8338 0.5822 0.7950
73 0.8879 0.2839 0.8474 0.8355 0.6638 0.7984
74 0.8914 0.2628 0.8509 0.8315 0.6596 0.7977
75 0.8981 0.2399 0.8587 0.8333 0.6799 0.7963
76 0.8934 0.2491 0.8527 0.8289 0.6921 0.7901
77 0.8966 0.2451 0.8554 0.8318 0.7129 0.7978
78 0.8840 0.2885 0.8423 0.8310 0.6495 0.7978
79 0.8864 0.3045 0.8426 0.8312 0.6486 0.7924
80 0.8778 0.3312 0.8355 0.8083 0.6903 0.7632
81 0.8792 0.3200 0.8362 0.8139 0.6808 0.7696
82 0.8799 0.3100 0.8384 0.8356 0.5808 0.7942
83 0.8867 0.2789 0.8442 0.8420 0.6581 0.8014
84 0.8940 0.2414 0.8543 0.8421 0.6025 0.8073
85 0.8970 0.2409 0.8578 0.8436 0.5971 0.8076
86 0.8968 0.2359 0.8557 0.8437 0.6076 0.8064
87 0.8986 0.2305 0.8592 0.8429 0.6426 0.8050
88 0.8933 0.2564 0.8529 0.8351 0.6510 0.7930
89 0.8807 0.3095 0.8384 0.8127 0.6093 0.7709
90 0.8735 0.3306 0.8311 0.8377 0.6051 0.8008
91 0.8805 0.3045 0.8398 0.8369 0.5508 0.8013
92 0.8871 0.2896 0.8468 0.8314 0.5798 0.7944
93 0.8955 0.2531 0.8555 0.8363 0.6030 0.7989
94 0.8958 0.2367 0.8555 0.8418 0.6087 0.8053
95 0.9018 0.2200 0.8643 0.8411 0.6025 0.8037
96 0.8982 0.2233 0.8586 0.8502 0.6301 0.8154
97 0.8979 0.2214 0.8585 0.8396 0.6530 0.8012
98 0.8930 0.2429 0.8514 0.8327 0.6978 0.7938
99 0.8872 0.2815 0.8463 0.8261 0.6414 0.7940
100 0.8867 0.2864 0.8480 0.8440 0.6068 0.8084
101 0.8964 0.2411 0.8567 0.8425 0.6009 0.8065
102 0.9019 0.2192 0.8617 0.8418 0.6592 0.8072
103 0.9048 0.2108 0.8668 0.8446 0.6102 0.8072
104 0.9031 0.2095 0.8654 0.8455 0.6047 0.8091
105 0.9044 0.2061 0.8640 0.8441 0.6319 0.8069
106 0.9021 0.2054 0.8622 0.8476 0.6262 0.8129
107 0.9058 0.1984 0.8679 0.8450 0.6786 0.8081
108 0.9046 0.2087 0.8645 0.8394 0.6962 0.8012
109 0.9047 0.2065 0.8658 0.8465 0.7426 0.8084
110 0.9065 0.2060 0.8687 0.8427 0.6967 0.8073
111 0.9064 0.2087 0.8682 0.8408 0.6281 0.8031
112 0.9067 0.2070 0.8683 0.8344 0.6830 0.7969
113 0.9039 0.2084 0.8646 0.8409 0.6483 0.8065
114 0.9093 0.1852 0.8714 0.8402 0.6720 0.8052
115 0.9128 0.1835 0.8771 0.8395 0.6835 0.8028
116 0.9106 0.1869 0.8733 0.8416 0.7280 0.8059
117 0.9160 0.1743 0.8794 0.8325 0.6902 0.7968
118 0.9071 0.1966 0.8687 0.8394 0.7151 0.8029
119 0.9105 0.1928 0.8730 0.8407 0.6584 0.8012
120 0.9092 0.2015 0.8705 0.8352 0.6395 0.7952
121 0.9013 0.2154 0.8618 0.8317 0.6103 0.7899
122 0.9026 0.2123 0.8643 0.8421 0.6439 0.8088
123 0.9110 0.1812 0.8731 0.8457 0.7006 0.8117
124 0.9069 0.1904 0.8690 0.8470 0.6721 0.8114
125 0.9133 0.1774 0.8730 0.8485 0.6636 0.8141
126 0.9136 0.1738 0.8761 0.8460 0.6857 0.8087
127 0.9145 0.1746 0.8781 0.8484 0.7094 0.8145
128 0.9082 0.1832 0.8707 0.8418 0.7476 0.8105
129 0.9101 0.1874 0.8724 0.8263 0.7448 0.7850
130 0.9039 0.2081 0.8649 0.8284 0.7683 0.7929
131 0.9036 0.2117 0.8676 0.8341 0.6731 0.7938
132 0.9055 0.1921 0.8671 0.8462 0.7679 0.8106
133 0.9095 0.1910 0.8727 0.8556 0.6675 0.8206
134 0.9134 0.1739 0.8749 0.8481 0.7217 0.8133
135 0.9093 0.1781 0.8705 0.8479 0.6986 0.8131
136 0.9090 0.1774 0.8717 0.8499 0.7227 0.8138
137 0.9127 0.1709 0.8767 0.8557 0.7241 0.8222
138 0.9115 0.1808 0.8752 0.8416 0.7795 0.8036
139 0.9063 0.1928 0.8688 0.8355 0.8123 0.8028
140 0.9062 0.1946 0.8691 0.8342 0.7822 0.8000
141 0.9081 0.1973 0.8696 0.8395 0.7707 0.8044
142 0.9106 0.1871 0.8731 0.8473 0.6720 0.8123
143 0.9130 0.1786 0.8773 0.8389 0.7267 0.8053
144 0.9132 0.1728 0.8759 0.8452 0.7142 0.8114
145 0.9142 0.1702 0.8768 0.8450 0.6969 0.8117
146 0.9148 0.1634 0.8799 0.8452 0.7101 0.8106
147 0.9129 0.1732 0.8764 0.8470 0.6817 0.8142
148 0.9171 0.1639 0.8809 0.8428 0.7064 0.8072
149 0.9113 0.1769 0.8763 0.8401 0.6609 0.8032
150 0.9085 0.1847 0.8705 0.8472 0.6510 0.8109
151 0.9052 0.1940 0.8687 0.8387 0.7292 0.8017
152 0.9064 0.2005 0.8692 0.8415 0.6223 0.8054
153 0.9095 0.1822 0.8704 0.8406 0.7434 0.8040
154 0.9134 0.1756 0.8771 0.8459 0.7097 0.8109
155 0.9190 0.1619 0.8832 0.8437 0.7225 0.8101
156 0.9152 0.1625 0.8778 0.8484 0.7217 0.8135
157 0.9178 0.1570 0.8805 0.8477 0.7571 0.8109
158 0.9138 0.1717 0.8777 0.8440 0.7626 0.8113
159 0.9143 0.1705 0.8757 0.8410 0.7923 0.8048
160 0.9146 0.1641 0.8764 0.8443 0.7642 0.8094
161 0.9175 0.1546 0.8814 0.8430 0.7745 0.8090
162 0.9145 0.1593 0.8778 0.8443 0.7453 0.8093
163 0.9176 0.1542 0.8823 0.8422 0.7524 0.8078
164 0.9152 0.1555 0.8773 0.8452 0.7745 0.8114
165 0.9187 0.1478 0.8825 0.8436 0.7842 0.8091
166 0.9174 0.1539 0.8821 0.8445 0.7834 0.8101
167 0.9203 0.1518 0.8853 0.8446 0.7865 0.8096
168 0.9207 0.1487 0.8859 0.8431 0.7757 0.8094
169 0.9189 0.1514 0.8845 0.8442 0.7730 0.8087
170 0.9168 0.1542 0.8800 0.8454 0.6965 0.8111
171 0.9178 0.1538 0.8810 0.8446 0.8020 0.8097
172 0.9153 0.1534 0.8802 0.8472 0.7754 0.8121
173 0.9164 0.1519 0.8816 0.8480 0.7884 0.8155
174 0.9218 0.1473 0.8877 0.8470 0.7721 0.8136
175 0.9186 0.1510 0.8846 0.8475 0.7541 0.8130
176 0.9213 0.1441 0.8864 0.8466 0.7740 0.8126
177 0.9197 0.1457 0.8829 0.8464 0.7772 0.8115
178 0.9203 0.1480 0.8844 0.8452 0.8065 0.8100
179 0.9184 0.1519 0.8821 0.8469 0.7742 0.8135
180 0.9197 0.1459 0.8840 0.8504 0.7301 0.8151
181 0.9212 0.1468 0.8888 0.8477 0.7676 0.8115
182 0.9179 0.1478 0.8821 0.8475 0.7596 0.8102
183 0.9173 0.1488 0.8801 0.8505 0.7342 0.8145
184 0.9199 0.1480 0.8852 0.8479 0.7628 0.8108
185 0.9201 0.1420 0.8836 0.8497 0.7623 0.8137
186 0.9213 0.1410 0.8859 0.8511 0.7695 0.8154
187 0.9203 0.1456 0.8853 0.8451 0.7894 0.8070
188 0.9201 0.1423 0.8853 0.8472 0.7933 0.8105
189 0.9156 0.1502 0.8792 0.8512 0.7872 0.8171
190 0.9201 0.1490 0.8839 0.8435 0.7189 0.8093
191 0.9197 0.1489 0.8842 0.8488 0.7310 0.8129
192 0.9211 0.1429 0.8865 0.8499 0.7447 0.8143
193 0.9192 0.1454 0.8821 0.8490 0.7626 0.8143
194 0.9204 0.1441 0.8867 0.8505 0.7495 0.8160
195 0.9181 0.1476 0.8823 0.8483 0.7597 0.8131
196 0.9210 0.1455 0.8852 0.8482 0.7682 0.8143
197 0.9234 0.1407 0.8871 0.8516 0.7477 0.8178
198 0.9195 0.1428 0.8829 0.8460 0.7341 0.8108
199 0.9200 0.1437 0.8838 0.8495 0.7594 0.8142
