epoch train_BCELoss train_SoftDiceLoss train_iou train_loss train_mAP val_BCELoss val_SoftDiceLoss val_iou val_loss val_mAP
0 0.5476 0.5889 0.2737 1.1360 0.2015 0.3898 0.6861 0.5344 1.0756 0.4562
1 0.2745 0.2682 0.6533 0.5427 0.5872 0.1828 0.5728 0.7125 0.7560 0.6576
2 0.2180 0.2026 0.7037 0.4210 0.6426 0.2244 0.5598 0.7112 0.7847 0.6558
3 0.1980 0.1825 0.7197 0.3810 0.6660 0.1860 0.5440 0.7608 0.7309 0.7161
4 0.1740 0.1571 0.7487 0.3318 0.6981 0.1506 0.5299 0.7695 0.6815 0.7315
5 0.1646 0.1467 0.7735 0.3121 0.7251 0.2363 0.5296 0.7541 0.7670 0.7102
6 0.1378 0.1269 0.7923 0.2656 0.7481 0.1781 0.5113 0.7757 0.6906 0.7377
7 0.1263 0.1117 0.8041 0.2390 0.7635 0.1674 0.5257 0.7991 0.6943 0.7648
8 0.0994 0.0933 0.8277 0.1939 0.7878 0.1812 0.5000 0.8029 0.6825 0.7692
9 0.0782 0.0694 0.8496 0.1487 0.8149 0.1476 0.4988 0.8127 0.6477 0.7816
10 0.0709 0.0637 0.8578 0.1358 0.8253 0.1472 0.4985 0.8138 0.6471 0.7853
11 0.0691 0.0628 0.8550 0.1332 0.8220 0.1382 0.4941 0.8219 0.6338 0.7922
12 0.0761 0.0675 0.8531 0.1448 0.8171 0.1392 0.4927 0.8113 0.6334 0.7790
13 0.0836 0.0740 0.8462 0.1588 0.8102 0.1892 0.4954 0.8044 0.6860 0.7727
14 0.0984 0.0840 0.8309 0.1836 0.7921 0.1934 0.5111 0.7932 0.7058 0.7570
15 0.1126 0.0957 0.8192 0.2095 0.7810 0.1781 0.5130 0.7968 0.6925 0.7585
16 0.0928 0.0831 0.8378 0.1771 0.8026 0.2135 0.5163 0.8020 0.7313 0.7707
17 0.0893 0.0792 0.8467 0.1697 0.8100 0.1632 0.4854 0.8182 0.6503 0.7865
18 0.0749 0.0663 0.8558 0.1426 0.8229 0.1794 0.4866 0.8128 0.6677 0.7761
19 0.0571 0.0543 0.8708 0.1129 0.8417 0.1535 0.4812 0.8327 0.6365 0.8034
20 0.0484 0.0456 0.8793 0.0954 0.8516 0.1535 0.4808 0.8373 0.6361 0.8072
21 0.0488 0.0451 0.8812 0.0954 0.8533 0.1565 0.4844 0.8322 0.6425 0.8002
22 0.0488 0.0453 0.8784 0.0956 0.8490 0.1761 0.4880 0.8377 0.6659 0.8077
23 0.0567 0.0508 0.8710 0.1090 0.8412 0.1822 0.4904 0.8205 0.6742 0.7856
24 0.0739 0.0645 0.8526 0.1397 0.8197 0.2330 0.5398 0.7542 0.7743 0.7078
25 0.0889 0.0759 0.8406 0.1661 0.8039 0.2554 0.5359 0.7732 0.7927 0.7344
26 0.0911 0.0783 0.8368 0.1707 0.8015 0.1789 0.5002 0.8158 0.6806 0.7850
27 0.0603 0.0545 0.8637 0.1163 0.8318 0.2104 0.4933 0.8231 0.7053 0.7917
28 0.0569 0.0510 0.8768 0.1095 0.8487 0.1813 0.4899 0.8380 0.6729 0.8078
29 0.0412 0.0368 0.8924 0.0796 0.8673 0.1711 0.4789 0.8383 0.6518 0.8088
30 0.0371 0.0355 0.8949 0.0742 0.8701 0.1708 0.4783 0.8368 0.6509 0.8083
31 0.0379 0.0350 0.8936 0.0746 0.8676 0.1669 0.4749 0.8440 0.6436 0.8111
32 0.0393 0.0363 0.8920 0.0773 0.8667 0.1769 0.4779 0.8200 0.6567 0.7870
33 0.0563 0.0508 0.8777 0.1086 0.8491 0.2328 0.4935 0.7751 0.7281 0.7352
34 0.0768 0.0666 0.8526 0.1448 0.8194 0.1774 0.5185 0.8036 0.6975 0.7654
35 0.1107 0.0923 0.8271 0.2044 0.7881 0.4832 0.6023 0.6514 1.0867 0.5916
36 0.0942 0.0850 0.8430 0.1807 0.8076 0.2432 0.4967 0.7988 0.7415 0.7686
37 0.0720 0.0652 0.8576 0.1387 0.8271 0.1862 0.4854 0.8239 0.6734 0.7940
38 0.0413 0.0393 0.8859 0.0821 0.8589 0.1684 0.4752 0.8382 0.6455 0.8087
39 0.0376 0.0351 0.8978 0.0743 0.8715 0.1843 0.4707 0.8407 0.6570 0.8123
40 0.0346 0.0317 0.8996 0.0680 0.8762 0.1838 0.4705 0.8449 0.6563 0.8169
41 0.0343 0.0325 0.9038 0.0685 0.8794 0.1861 0.4768 0.8372 0.6649 0.8109
42 0.0341 0.0324 0.8984 0.0683 0.8761 0.1920 0.4729 0.8403 0.6669 0.8097
43 0.0425 0.0384 0.8900 0.0826 0.8644 0.2019 0.4737 0.8346 0.6775 0.8065
44 0.0523 0.0466 0.8783 0.1004 0.8495 0.2035 0.4818 0.8288 0.6871 0.8010
45 0.0611 0.0504 0.8722 0.1130 0.8425 0.2751 0.5238 0.7289 0.8005 0.6822
46 0.0969 0.0848 0.8422 0.1831 0.8066 0.3865 0.5363 0.7512 0.9245 0.7016
47 0.0570 0.0537 0.8781 0.1123 0.8498 0.1934 0.4834 0.8283 0.6786 0.7989
48 0.0448 0.0407 0.8912 0.0872 0.8679 0.1806 0.4833 0.8396 0.6659 0.8072
49 0.0333 0.0313 0.9045 0.0663 0.8825 0.1772 0.4754 0.8424 0.6547 0.8138
50 0.0309 0.0299 0.9075 0.0627 0.8864 0.1733 0.4742 0.8482 0.6496 0.8197
51 0.0333 0.0309 0.9054 0.0661 0.8844 0.1784 0.4708 0.8412 0.6514 0.8126
52 0.0324 0.0314 0.9047 0.0655 0.8817 0.2428 0.4882 0.8365 0.7331 0.8058
53 0.0517 0.0477 0.8790 0.1011 0.8496 0.1827 0.4822 0.8116 0.6668 0.7715
54 0.0412 0.0370 0.8871 0.0799 0.8611 0.2417 0.4762 0.8355 0.7198 0.8038
55 0.0595 0.0517 0.8737 0.1128 0.8456 0.2186 0.5105 0.7950 0.7307 0.7561
56 0.0634 0.0553 0.8668 0.1203 0.8350 0.2158 0.5009 0.8043 0.7184 0.7685
57 0.0430 0.0398 0.8863 0.0845 0.8591 0.2156 0.4829 0.8142 0.7005 0.7805
58 0.0414 0.0370 0.9009 0.0801 0.8768 0.2095 0.4716 0.8398 0.6833 0.8105
59 0.0325 0.0314 0.9072 0.0657 0.8857 0.2050 0.4742 0.8430 0.6813 0.8143
60 0.0278 0.0265 0.9137 0.0562 0.8926 0.2016 0.4741 0.8437 0.6779 0.8151
61 0.0268 0.0259 0.9111 0.0546 0.8913 0.2125 0.4720 0.8456 0.6866 0.8189
62 0.0322 0.0296 0.9081 0.0637 0.8869 0.2287 0.4779 0.8300 0.7087 0.8026
63 0.0311 0.0290 0.9079 0.0620 0.8854 0.2091 0.4825 0.8324 0.6935 0.8028
64 0.0602 0.0524 0.8735 0.1143 0.8433 0.4429 0.5273 0.7404 0.9721 0.6928
65 0.0782 0.0645 0.8534 0.1443 0.8182 0.1724 0.5010 0.8187 0.6750 0.7846
66 0.0650 0.0579 0.8684 0.1245 0.8389 0.2135 0.5216 0.8072 0.7366 0.7737
67 0.0359 0.0341 0.8969 0.0718 0.8726 0.1878 0.4697 0.8497 0.6595 0.8212
68 0.0293 0.0282 0.9101 0.0593 0.8889 0.1882 0.4624 0.8527 0.6527 0.8261
69 0.0290 0.0261 0.9144 0.0570 0.8948 0.1718 0.4650 0.8509 0.6389 0.8251
70 0.0252 0.0258 0.9157 0.0529 0.8982 0.1736 0.4634 0.8497 0.6391 0.8232
71 0.0271 0.0256 0.9168 0.0547 0.8973 0.1958 0.4641 0.8546 0.6621 0.8308
72 0.0282 0.0262 0.9129 0.0563 0.8924 0.2418 0.4626 0.8536 0.7065 0.8272
73 0.0260 0.0246 0.9148 0.0525 0.8943 0.2554 0.4633 0.8435 0.7207 0.8147
74 0.0393 0.0345 0.8977 0.0756 0.8740 0.4538 0.5367 0.6730 0.9919 0.6244
75 0.0796 0.0660 0.8542 0.1471 0.8223 0.2524 0.5001 0.7884 0.7543 0.7542
76 0.0613 0.0533 0.8705 0.1163 0.8415 0.3019 0.5043 0.7588 0.8080 0.7119
77 0.0497 0.0463 0.8823 0.0978 0.8552 0.1672 0.4670 0.8323 0.6363 0.7984
78 0.0354 0.0325 0.9021 0.0697 0.8815 0.2181 0.4766 0.8369 0.6968 0.8071
79 0.0320 0.0289 0.9117 0.0628 0.8918 0.2144 0.4666 0.8468 0.6833 0.8184
80 0.0284 0.0253 0.9148 0.0557 0.8966 0.2142 0.4666 0.8484 0.6832 0.8202
81 0.0246 0.0235 0.9187 0.0502 0.9004 0.2159 0.4636 0.8509 0.6818 0.8228
82 0.0273 0.0247 0.9168 0.0540 0.8978 0.2163 0.4633 0.8516 0.6818 0.8225
83 0.0260 0.0246 0.9153 0.0525 0.8960 0.2126 0.4620 0.8469 0.6768 0.8157
84 0.0261 0.0253 0.9127 0.0534 0.8921 0.2077 0.4686 0.8403 0.6782 0.8081
85 0.0447 0.0400 0.8877 0.0865 0.8613 0.2390 0.4865 0.8119 0.7274 0.7764
86 0.0381 0.0354 0.8960 0.0754 0.8706 0.2459 0.4787 0.8300 0.7268 0.7999
87 0.0342 0.0315 0.9023 0.0677 0.8804 0.1828 0.4854 0.8295 0.6700 0.7966
88 0.0255 0.0249 0.9130 0.0524 0.8931 0.2079 0.4681 0.8510 0.6783 0.8201
89 0.0237 0.0231 0.9214 0.0489 0.9050 0.1770 0.4717 0.8442 0.6510 0.8136
90 0.0222 0.0226 0.9227 0.0470 0.9068 0.2058 0.4687 0.8483 0.6767 0.8201
91 0.0213 0.0211 0.9248 0.0445 0.9086 0.1941 0.4645 0.8497 0.6608 0.8202
92 0.0231 0.0219 0.9215 0.0471 0.9043 0.2159 0.4663 0.8392 0.6843 0.8052
93 0.0229 0.0221 0.9223 0.0470 0.9057 0.2445 0.4694 0.8467 0.7159 0.8135
94 0.0408 0.0354 0.8988 0.0780 0.8745 0.2612 0.5079 0.7984 0.7707 0.7612
95 0.0332 0.0312 0.9025 0.0663 0.8799 0.2468 0.4950 0.7712 0.7437 0.7341
96 0.0431 0.0393 0.8921 0.0843 0.8687 0.7571 0.5820 0.6488 1.3400 0.5963
97 0.0420 0.0375 0.8953 0.0815 0.8706 0.2294 0.4889 0.8241 0.7203 0.7936
98 0.0301 0.0285 0.9130 0.0607 0.8954 0.2145 0.4660 0.8522 0.6827 0.8285
99 0.0218 0.0216 0.9261 0.0456 0.9093 0.2299 0.4602 0.8537 0.6924 0.8293
