epoch train_iou train_loss train_mAP val_iou val_mAP
0 0.6298 1.1771 0.5609 0.7204 0.6516
1 0.7212 0.8865 0.6579 0.7505 0.6668
2 0.7413 0.8066 0.6801 0.7621 0.6927
3 0.7823 0.6850 0.7291 0.7615 0.7061
4 0.7976 0.6313 0.7441 0.8077 0.7577
5 0.8126 0.5793 0.7646 0.8130 0.7645
6 0.8082 0.5869 0.7579 0.8066 0.7614
7 0.8129 0.5790 0.7634 0.8109 0.7672
8 0.8041 0.6255 0.7567 0.7932 0.7446
9 0.8072 0.6127 0.7617 0.8239 0.7835
10 0.8107 0.6139 0.7650 0.8134 0.7732
11 0.8154 0.5927 0.7709 0.8274 0.7904
12 0.8313 0.5286 0.7881 0.8308 0.7931
13 0.8502 0.4640 0.8133 0.8372 0.8054
14 0.8613 0.4262 0.8220 0.8382 0.8030
15 0.8643 0.4060 0.8232 0.8407 0.8067
16 0.8578 0.4259 0.8174 0.8429 0.8058
17 0.8633 0.4133 0.8244 0.8442 0.8112
18 0.8564 0.4430 0.8166 0.8224 0.7800
19 0.8577 0.4525 0.8188 0.8473 0.8094
20 0.8342 0.5331 0.7970 0.8298 0.7972
21 0.8449 0.4801 0.8062 0.8221 0.7953
22 0.8615 0.4291 0.8251 0.8415 0.8118
23 0.8730 0.3825 0.8367 0.8412 0.8089
24 0.8787 0.3561 0.8419 0.8515 0.8194
25 0.8870 0.3389 0.8525 0.8480 0.8177
26 0.8845 0.3375 0.8517 0.8483 0.8178
27 0.8803 0.3624 0.8449 0.8459 0.8166
28 0.8782 0.3645 0.8432 0.8366 0.8007
29 0.8712 0.4049 0.8366 0.7989 0.7560
30 0.8568 0.4656 0.8164 0.8250 0.7936
31 0.8611 0.4305 0.8270 0.8445 0.8075
32 0.8716 0.3755 0.8362 0.8432 0.8100
33 0.8885 0.3346 0.8522 0.8517 0.8212
34 0.8950 0.3064 0.8618 0.8477 0.8208
35 0.8954 0.2939 0.8619 0.8484 0.8213
36 0.8985 0.2867 0.8651 0.8512 0.8238
37 0.8937 0.3101 0.8593 0.8503 0.8220
38 0.8972 0.3020 0.8621 0.8434 0.8079
39 0.8655 0.4104 0.8292 0.8435 0.8135
40 0.8630 0.4301 0.8291 0.8388 0.7987
41 0.8771 0.3795 0.8418 0.8395 0.8109
42 0.8845 0.3470 0.8494 0.8340 0.8085
43 0.8899 0.3187 0.8597 0.8502 0.8215
44 0.9007 0.2816 0.8714 0.8542 0.8256
45 0.8983 0.2820 0.8655 0.8565 0.8296
46 0.9014 0.2813 0.8708 0.8488 0.8195
47 0.8957 0.2949 0.8631 0.8510 0.8197
48 0.8893 0.3284 0.8563 0.8449 0.8121
49 0.8849 0.3422 0.8514 0.8401 0.8105
50 0.8708 0.3995 0.8356 0.8375 0.8094
51 0.8794 0.3518 0.8486 0.8507 0.8257
52 0.8950 0.3082 0.8611 0.8598 0.8303
53 0.9033 0.2694 0.8727 0.8523 0.8227
54 0.9095 0.2515 0.8797 0.8524 0.8201
55 0.9054 0.2542 0.8727 0.8531 0.8219
56 0.9082 0.2482 0.8803 0.8518 0.8231
57 0.9110 0.2424 0.8809 0.8574 0.8314
58 0.9039 0.2722 0.8718 0.8473 0.8191
59 0.8965 0.2975 0.8646 0.8158 0.7843
60 0.8813 0.3589 0.8469 0.8316 0.7938
61 0.8817 0.3519 0.8481 0.8431 0.8157
62 0.9041 0.2780 0.8745 0.8469 0.8230
63 0.9060 0.2676 0.8762 0.8561 0.8280
64 0.9083 0.2482 0.8801 0.8593 0.8344
65 0.9143 0.2293 0.8851 0.8614 0.8339
66 0.9130 0.2319 0.8838 0.8547 0.8264
67 0.9132 0.2361 0.8846 0.8483 0.8175
68 0.9083 0.2632 0.8808 0.8462 0.8161
69 0.8936 0.3126 0.8639 0.8547 0.8238
70 0.8863 0.3494 0.8518 0.8408 0.8060
71 0.9001 0.3067 0.8697 0.8526 0.8218
72 0.9013 0.2950 0.8708 0.8578 0.8321
73 0.9053 0.2760 0.8766 0.8594 0.8285
74 0.9094 0.2435 0.8817 0.8672 0.8392
75 0.9111 0.2361 0.8828 0.8666 0.8387
76 0.9103 0.2358 0.8828 0.8622 0.8337
77 0.9102 0.2420 0.8814 0.8566 0.8299
78 0.9122 0.2342 0.8830 0.8560 0.8343
79 0.9067 0.2567 0.8777 0.8484 0.8213
80 0.8835 0.3549 0.8520 0.8080 0.7794
81 0.8903 0.3354 0.8560 0.8451 0.8160
82 0.9001 0.2959 0.8698 0.8446 0.8162
83 0.9065 0.2652 0.8767 0.8523 0.8230
84 0.9181 0.2223 0.8916 0.8526 0.8288
85 0.9155 0.2259 0.8893 0.8524 0.8275
86 0.9140 0.2273 0.8853 0.8528 0.8273
87 0.9169 0.2207 0.8874 0.8594 0.8355
88 0.9107 0.2597 0.8833 0.8552 0.8269
89 0.8982 0.3011 0.8701 0.8409 0.8106
90 0.8888 0.3318 0.8559 0.8299 0.7988
91 0.8997 0.2874 0.8706 0.8460 0.8173
92 0.9084 0.2615 0.8793 0.8530 0.8281
93 0.9151 0.2346 0.8888 0.8576 0.8285
94 0.9166 0.2238 0.8890 0.8608 0.8344
95 0.9218 0.2082 0.8963 0.8646 0.8400
96 0.9264 0.1993 0.9018 0.8624 0.8376
97 0.9172 0.2149 0.8904 0.8631 0.8361
98 0.9170 0.2270 0.8878 0.8490 0.8201
99 0.9082 0.2577 0.8799 0.8452 0.8142
100 0.9109 0.2469 0.8812 0.8584 0.8285
101 0.9183 0.2200 0.8923 0.8586 0.8290
102 0.9175 0.2143 0.8930 0.8576 0.8309
103 0.9260 0.1934 0.9024 0.8571 0.8313
104 0.9323 0.1834 0.9100 0.8596 0.8350
105 0.9237 0.1928 0.8984 0.8584 0.8343
106 0.9281 0.1894 0.9030 0.8577 0.8321
107 0.9256 0.1906 0.9012 0.8564 0.8296
108 0.9285 0.1859 0.9044 0.8584 0.8322
109 0.9250 0.1988 0.9008 0.8571 0.8287
110 0.9194 0.2175 0.8927 0.8640 0.8373
111 0.9221 0.2053 0.8965 0.8592 0.8343
112 0.9224 0.1994 0.8968 0.8636 0.8353
113 0.9282 0.1816 0.9047 0.8590 0.8311
114 0.9290 0.1808 0.9056 0.8601 0.8341
115 0.9284 0.1786 0.9055 0.8605 0.8335
116 0.9306 0.1755 0.9083 0.8582 0.8305
117 0.9275 0.1877 0.9018 0.8580 0.8317
118 0.9272 0.1863 0.9030 0.8592 0.8314
119 0.9229 0.1938 0.8983 0.8572 0.8272
120 0.9180 0.2153 0.8935 0.8463 0.8157
121 0.9221 0.2151 0.8971 0.8436 0.8173
122 0.9226 0.1991 0.8979 0.8577 0.8311
123 0.9278 0.1911 0.9023 0.8632 0.8367
124 0.9292 0.1788 0.9065 0.8628 0.8346
125 0.9301 0.1771 0.9059 0.8601 0.8320
126 0.9307 0.1745 0.9079 0.8626 0.8325
127 0.9266 0.1868 0.9030 0.8585 0.8315
128 0.9303 0.1867 0.9067 0.8563 0.8273
129 0.9289 0.1781 0.9071 0.8615 0.8350
130 0.9265 0.1888 0.9039 0.8473 0.8227
131 0.9262 0.1869 0.9027 0.8573 0.8267
132 0.9279 0.1842 0.9032 0.8521 0.8245
133 0.9272 0.1793 0.9041 0.8559 0.8279
134 0.9278 0.1761 0.9057 0.8583 0.8303
135 0.9331 0.1664 0.9123 0.8598 0.8322
136 0.9356 0.1650 0.9145 0.8584 0.8338
137 0.9319 0.1692 0.9082 0.8645 0.8371
138 0.9315 0.1713 0.9101 0.8624 0.8355
139 0.9278 0.1833 0.9051 0.8579 0.8303
140 0.9263 0.1833 0.9036 0.8628 0.8356
141 0.9309 0.1812 0.9073 0.8665 0.8379
142 0.9315 0.1733 0.9081 0.8588 0.8299
143 0.9330 0.1689 0.9108 0.8594 0.8333
144 0.9352 0.1679 0.9120 0.8595 0.8339
145 0.9362 0.1653 0.9163 0.8584 0.8331
146 0.9373 0.1659 0.9155 0.8612 0.8377
147 0.9364 0.1592 0.9164 0.8600 0.8327
148 0.9335 0.1698 0.9123 0.8428 0.8166
149 0.9266 0.1838 0.9027 0.8540 0.8267
150 0.9321 0.1734 0.9092 0.8574 0.8284
151 0.9332 0.1677 0.9106 0.8522 0.8245
152 0.9329 0.1764 0.9107 0.8591 0.8317
153 0.9342 0.1642 0.9116 0.8602 0.8306
154 0.9360 0.1632 0.9147 0.8620 0.8327
155 0.9329 0.1652 0.9116 0.8608 0.8328
156 0.9353 0.1583 0.9152 0.8612 0.8325
157 0.9360 0.1570 0.9157 0.8601 0.8312
158 0.9345 0.1654 0.9142 0.8562 0.8297
159 0.9314 0.1724 0.9095 0.8583 0.8368
160 0.9286 0.1794 0.9056 0.8561 0.8290
161 0.9343 0.1610 0.9127 0.8559 0.8275
162 0.9380 0.1552 0.9187 0.8591 0.8328
163 0.9371 0.1549 0.9158 0.8588 0.8319
164 0.9346 0.1572 0.9147 0.8628 0.8356
165 0.9389 0.1528 0.9195 0.8616 0.8341
166 0.9366 0.1529 0.9163 0.8592 0.8334
167 0.9373 0.1532 0.9169 0.8614 0.8340
168 0.9399 0.1469 0.9194 0.8627 0.8350
169 0.9387 0.1502 0.9199 0.8600 0.8328
170 0.9382 0.1507 0.9187 0.8623 0.8345
171 0.9364 0.1525 0.9159 0.8607 0.8344
172 0.9415 0.1483 0.9226 0.8638 0.8367
173 0.9386 0.1457 0.9187 0.8612 0.8353
174 0.9416 0.1434 0.9227 0.8632 0.8375
175 0.9397 0.1477 0.9207 0.8609 0.8356
176 0.9387 0.1485 0.9184 0.8610 0.8344
177 0.9391 0.1452 0.9185 0.8628 0.8359
178 0.9390 0.1448 0.9192 0.8597 0.8329
179 0.9400 0.1441 0.9201 0.8629 0.8363
180 0.9389 0.1479 0.9182 0.8652 0.8393
181 0.9441 0.1416 0.9260 0.8643 0.8388
182 0.9387 0.1481 0.9197 0.8619 0.8334
183 0.9359 0.1487 0.9170 0.8595 0.8323
184 0.9408 0.1458 0.9223 0.8601 0.8328
185 0.9423 0.1421 0.9232 0.8616 0.8345
186 0.9426 0.1399 0.9236 0.8621 0.8364
187 0.9388 0.1482 0.9204 0.8622 0.8357
188 0.9418 0.1409 0.9249 0.8604 0.8319
189 0.9383 0.1451 0.9199 0.8597 0.8344
190 0.9375 0.1481 0.9179 0.8628 0.8365
191 0.9407 0.1460 0.9218 0.8593 0.8334
192 0.9412 0.1421 0.9239 0.8609 0.8351
193 0.9416 0.1411 0.9221 0.8605 0.8339
194 0.9418 0.1399 0.9239 0.8627 0.8369
195 0.9415 0.1391 0.9231 0.8626 0.8386
196 0.9400 0.1411 0.9212 0.8614 0.8344
197 0.9400 0.1423 0.9208 0.8641 0.8383
198 0.9423 0.1382 0.9233 0.8632 0.8369
199 0.9432 0.1360 0.9256 0.8591 0.8335
