epoch train_BCELoss train_SoftDiceLoss train_iou train_loss train_mAP val_BCELoss val_SoftDiceLoss val_iou val_loss val_mAP
0 0.3942 0.4112 0.5727 0.8054 0.5142 0.2702 0.2886 0.6436 0.5587 0.5761
1 0.2603 0.2420 0.6768 0.5025 0.6122 0.2120 0.2197 0.6851 0.4318 0.6352
2 0.2060 0.1923 0.7140 0.3986 0.6571 0.4021 0.3123 0.6281 0.7144 0.5738
3 0.1722 0.1582 0.7439 0.3308 0.6923 0.2038 0.1700 0.7294 0.3743 0.6829
4 0.1554 0.1356 0.7738 0.2914 0.7239 0.2207 0.1618 0.7302 0.3830 0.6772
5 0.1308 0.1153 0.7934 0.2466 0.7468 0.1620 0.1462 0.7768 0.3090 0.7373
6 0.1145 0.1020 0.8093 0.2171 0.7649 0.2465 0.1595 0.7653 0.4066 0.7213
7 0.1097 0.0966 0.8147 0.2071 0.7712 0.2018 0.1619 0.7643 0.3643 0.7243
8 0.0980 0.0875 0.8301 0.1863 0.7870 0.2213 0.1535 0.7596 0.3758 0.7251
9 0.0958 0.0801 0.8313 0.1767 0.7911 0.2105 0.1355 0.7839 0.3470 0.7446
10 0.0935 0.0825 0.8344 0.1769 0.7923 0.2176 0.1201 0.7996 0.3387 0.7648
11 0.0839 0.0714 0.8472 0.1562 0.8069 0.3055 0.1744 0.7422 0.4808 0.7000
12 0.0819 0.0694 0.8448 0.1522 0.8083 0.2189 0.1313 0.7841 0.3512 0.7463
13 0.0719 0.0638 0.8568 0.1367 0.8192 0.2072 0.1211 0.7961 0.3294 0.7634
14 0.0599 0.0520 0.8655 0.1131 0.8298 0.2314 0.1175 0.8030 0.3498 0.7631
15 0.0566 0.0487 0.8707 0.1065 0.8371 0.2064 0.1089 0.7991 0.3161 0.7563
16 0.0582 0.0513 0.8689 0.1107 0.8341 0.2753 0.1307 0.7917 0.4071 0.7523
17 0.0634 0.0556 0.8678 0.1202 0.8333 0.2456 0.1101 0.8032 0.3568 0.7701
18 0.0620 0.0522 0.8681 0.1154 0.8349 0.1920 0.1184 0.8110 0.3116 0.7681
19 0.0499 0.0428 0.8828 0.0940 0.8522 0.2211 0.0998 0.8224 0.3219 0.7798
20 0.0466 0.0397 0.8838 0.0877 0.8539 0.2842 0.1460 0.7836 0.4313 0.7425
21 0.0479 0.0423 0.8762 0.0914 0.8462 0.2315 0.0985 0.8162 0.3310 0.7845
22 0.0403 0.0358 0.8888 0.0775 0.8607 0.2294 0.0967 0.8223 0.3270 0.7845
23 0.0431 0.0367 0.8898 0.0811 0.8621 0.2049 0.0978 0.8154 0.3039 0.7785
24 0.0397 0.0352 0.8907 0.0763 0.8630 0.2133 0.1015 0.8269 0.3162 0.7903
25 0.0419 0.0360 0.8907 0.0794 0.8642 0.2186 0.1081 0.7851 0.3275 0.7404
26 0.0621 0.0532 0.8672 0.1165 0.8339 0.1540 0.1182 0.8117 0.2736 0.7740
27 0.0623 0.0542 0.8676 0.1177 0.8336 0.2273 0.1236 0.7834 0.3511 0.7287
28 0.0729 0.0605 0.8560 0.1345 0.8208 0.2422 0.1486 0.7812 0.3914 0.7378
29 0.0820 0.0707 0.8461 0.1537 0.8100 0.2417 0.1752 0.7412 0.4178 0.6971
30 0.0523 0.0483 0.8718 0.1019 0.8426 0.2033 0.1051 0.8110 0.3097 0.7760
31 0.0413 0.0417 0.8826 0.0844 0.8559 0.2066 0.1010 0.8117 0.3089 0.7790
32 0.0381 0.0357 0.8883 0.0753 0.8627 0.2081 0.0950 0.8160 0.3044 0.7824
33 0.0326 0.0302 0.8997 0.0643 0.8751 0.2175 0.0968 0.8159 0.3156 0.7818
34 0.0328 0.0301 0.8980 0.0645 0.8742 0.2228 0.0954 0.8183 0.3195 0.7853
35 0.0319 0.0289 0.9016 0.0624 0.8772 0.2253 0.0935 0.8191 0.3201 0.7865
36 0.0382 0.0334 0.8064 0.0732 0.7829 0.2092 0.0943 0.8180 0.3048 0.7844
37 0.0378 0.0326 0.8044 0.0721 0.7838 0.2226 0.0950 0.8163 0.3189 0.7823
38 0.0387 0.0341 0.8028 0.0744 0.7816 0.2116 0.0938 0.8173 0.3067 0.7843
39 0.0337 0.0293 0.8056 0.0647 0.7875 0.2125 0.0920 0.8186 0.3058 0.7836
40 0.0322 0.0286 0.8081 0.0625 0.7895 0.2228 0.0914 0.8244 0.3155 0.7876
41 0.0314 0.0277 0.8081 0.0608 0.7890 0.2308 0.0938 0.8178 0.3259 0.7824
42 0.0305 0.0275 0.8120 0.0597 0.7932 0.2314 0.0900 0.8251 0.3227 0.7888
43 0.0286 0.0252 0.8131 0.0556 0.7950 0.2356 0.0907 0.8253 0.3276 0.7892
44 0.0293 0.0259 0.8120 0.0569 0.7933 0.2356 0.0906 0.8256 0.3275 0.7897
45 0.0285 0.0251 0.8139 0.0552 0.7944 0.2394 0.0878 0.8259 0.3284 0.7910
46 0.0266 0.0238 0.8152 0.0522 0.7978 0.2442 0.0871 0.8271 0.3325 0.7920
47 0.0266 0.0237 0.8170 0.0519 0.7971 0.2540 0.0893 0.8197 0.3445 0.7843
48 0.0257 0.0232 0.8165 0.0508 0.7961 0.2502 0.0895 0.8170 0.3410 0.7807
49 0.0268 0.0240 0.8197 0.0526 0.7978 0.2759 0.0995 0.8148 0.3766 0.7805
50 0.0251 0.0225 0.8250 0.0493 0.8030 0.2707 0.0965 0.8160 0.3684 0.7827
51 0.0246 0.0221 0.8233 0.0485 0.8017 0.2609 0.0932 0.8150 0.3554 0.7800
52 0.0246 0.0220 0.8221 0.0484 0.8016 0.2601 0.0912 0.8154 0.3526 0.7812
53 0.0243 0.0220 0.8234 0.0482 0.8023 0.2585 0.0901 0.8196 0.3498 0.7846
54 0.0246 0.0219 0.8244 0.0483 0.8036 0.2629 0.0912 0.8212 0.3553 0.7854
55 0.0242 0.0220 0.8224 0.0480 0.8003 0.2566 0.0923 0.8200 0.3501 0.7845
56 0.0240 0.0215 0.8223 0.0473 0.8024 0.2567 0.0914 0.8169 0.3493 0.7808
57 0.0243 0.0222 0.8208 0.0483 0.7999 0.2672 0.0935 0.8196 0.3619 0.7842
58 0.0240 0.0216 0.8232 0.0474 0.8027 0.2567 0.0902 0.8224 0.3481 0.7872
59 0.0241 0.0215 0.8252 0.0474 0.8042 0.2601 0.0898 0.8215 0.3511 0.7859
60 0.0237 0.0215 0.8208 0.0471 0.8000 0.2609 0.0912 0.8209 0.3533 0.7849
61 0.0239 0.0214 0.8226 0.0472 0.8016 0.2629 0.0888 0.8277 0.3529 0.7922
62 0.0240 0.0215 0.8196 0.0473 0.7992 0.2642 0.0882 0.8266 0.3536 0.7915
63 0.0237 0.0214 0.8200 0.0469 0.8001 0.2624 0.0888 0.8270 0.3524 0.7916
64 0.0236 0.0212 0.8253 0.0466 0.8055 0.2626 0.0883 0.8233 0.3522 0.7878
65 0.0232 0.0212 0.8229 0.0463 0.8031 0.2665 0.0878 0.8295 0.3554 0.7950
66 0.0232 0.0210 0.8232 0.0460 0.8047 0.2633 0.0888 0.8282 0.3533 0.7931
67 0.0233 0.0209 0.8227 0.0460 0.8042 0.2671 0.0881 0.8283 0.3564 0.7922
68 0.0233 0.0208 0.8203 0.0460 0.8003 0.2655 0.0882 0.8283 0.3548 0.7931
69 0.0235 0.0210 0.8215 0.0464 0.8014 0.2657 0.0884 0.8280 0.3552 0.7938
70 0.0231 0.0210 0.8215 0.0459 0.8023 0.2636 0.0877 0.8224 0.3525 0.7873
71 0.0233 0.0208 0.8221 0.0459 0.8031 0.2641 0.0884 0.8271 0.3537 0.7919
72 0.0228 0.0207 0.8225 0.0453 0.8032 0.2624 0.0886 0.8237 0.3521 0.7876
73 0.0230 0.0206 0.8214 0.0455 0.8024 0.2647 0.0881 0.8277 0.3540 0.7932
74 0.0229 0.0206 0.8227 0.0454 0.8028 0.2625 0.0887 0.8196 0.3524 0.7836
