epoch train_iou train_loss train_mAP val_iou val_mAP
0 0.5614 0.0791 0.4874 0.5136 0.4738
1 0.6837 0.0592 0.6211 0.6924 0.6363
2 0.7130 0.0523 0.6558 0.6989 0.6303
3 0.7219 0.0500 0.6621 0.7485 0.6992
4 0.7384 0.0466 0.6858 0.6619 0.6034
5 0.7473 0.0449 0.6958 0.7561 0.7037
6 0.7664 0.0412 0.7178 0.7153 0.6636
7 0.7697 0.0418 0.7213 0.7559 0.7070
8 0.7746 0.0385 0.7263 0.7083 0.6490
9 0.7743 0.0377 0.7280 0.7732 0.7224
10 0.7796 0.0389 0.7357 0.7694 0.7185
11 0.8020 0.0342 0.7588 0.7754 0.7365
12 0.7904 0.0356 0.7500 0.7734 0.7381
13 0.7988 0.0317 0.7579 0.8058 0.7662
14 0.8072 0.0302 0.7680 0.7803 0.7440
15 0.8099 0.0316 0.7689 0.8000 0.7635
16 0.8112 0.0297 0.7721 0.7944 0.7554
17 0.8111 0.0294 0.7704 0.8076 0.7706
18 0.8163 0.0273 0.7792 0.8066 0.7669
19 0.8236 0.0266 0.7853 0.8208 0.7862
20 0.8169 0.0261 0.7799 0.8151 0.7833
21 0.8272 0.0262 0.7910 0.7459 0.6946
22 0.8351 0.0244 0.7967 0.8024 0.7719
23 0.8337 0.0238 0.7964 0.7638 0.7294
24 0.8293 0.0235 0.7908 0.8174 0.7843
25 0.8351 0.0229 0.7989 0.8206 0.7894
26 0.8364 0.0221 0.8003 0.7928 0.7644
27 0.8407 0.0216 0.8069 0.8225 0.7852
28 0.8335 0.0226 0.7963 0.8195 0.7852
29 0.8386 0.0229 0.8036 0.8158 0.7835
30 0.8444 0.0210 0.8093 0.8084 0.7736
31 0.8471 0.0194 0.8105 0.8265 0.7951
32 0.8525 0.0201 0.8178 0.8189 0.7879
33 0.8416 0.0220 0.8081 0.8098 0.7816
34 0.8484 0.0202 0.8135 0.8260 0.7953
35 0.8448 0.0200 0.8088 0.8112 0.7776
36 0.8494 0.0215 0.8126 0.8238 0.7938
37 0.8466 0.0191 0.8138 0.8229 0.7882
38 0.8502 0.0186 0.8166 0.8096 0.7785
39 0.8530 0.0200 0.8211 0.8286 0.7915
40 0.7832 1.0681 0.7407 0.7770 0.7302
41 0.8010 0.9493 0.7586 0.7931 0.7601
42 0.8050 0.9249 0.7648 0.7260 0.6758
43 0.8173 0.8558 0.7755 0.6967 0.6547
44 0.8238 0.8098 0.7885 0.7789 0.7314
45 0.8289 0.8051 0.7918 0.7203 0.6833
46 0.8387 0.7759 0.8037 0.7981 0.7690
47 0.8319 0.7761 0.7962 0.7689 0.7300
48 0.8236 0.7978 0.7868 0.8018 0.7696
49 0.8380 0.7512 0.8024 0.6689 0.6460
50 0.8432 0.7125 0.8090 0.7850 0.7582
51 0.8445 0.7416 0.8099 0.8217 0.7861
52 0.8436 0.7371 0.8107 0.8293 0.7933
53 0.8426 0.7295 0.8092 0.6383 0.6184
54 0.8456 0.7010 0.8100 0.8185 0.7802
55 0.8486 0.6835 0.8113 0.8066 0.7718
56 0.8535 0.6540 0.8201 0.7538 0.7019
57 0.8618 0.6433 0.8275 0.8107 0.7809
58 0.8559 0.6516 0.8246 0.7497 0.6990
59 0.8575 0.6508 0.8248 0.8215 0.7924
60 0.8572 0.6515 0.8235 0.8367 0.8053
61 0.8627 0.6221 0.8289 0.8337 0.7962
62 0.8616 0.6282 0.8291 0.6984 0.6596
63 0.8558 0.6630 0.8238 0.7769 0.7463
64 0.8615 0.6432 0.8281 0.5851 0.5565
65 0.8643 0.6302 0.8315 0.8370 0.8084
66 0.8607 0.6260 0.8282 0.7663 0.7356
67 0.8690 0.5879 0.8357 0.8323 0.8042
68 0.8639 0.6068 0.8309 0.8325 0.7982
69 0.8604 0.6268 0.8288 0.5946 0.5757
70 0.8523 0.6604 0.8179 0.8148 0.7781
71 0.8693 0.5892 0.8358 0.8384 0.8060
72 0.8703 0.5917 0.8369 0.8428 0.8097
73 0.8641 0.5808 0.8313 0.6935 0.6677
74 0.8665 0.6007 0.8337 0.8226 0.7924
75 0.8546 0.6339 0.8222 0.8342 0.8019
76 0.8655 0.6145 0.8325 0.7897 0.7671
77 0.8719 0.5692 0.8390 0.8473 0.8129
78 0.8695 0.5850 0.8392 0.8396 0.8111
79 0.8737 0.5584 0.8413 0.7930 0.7535
80 0.8692 0.5761 0.8365 0.7860 0.7500
81 0.8741 0.5805 0.8436 0.8447 0.8138
82 0.8738 0.5543 0.8421 0.8237 0.7856
83 0.8813 0.5437 0.8498 0.8066 0.7641
84 0.8655 0.5725 0.8320 0.7988 0.7589
85 0.8672 0.5895 0.8357 0.8159 0.7874
86 0.8681 0.5881 0.8360 0.8336 0.7931
87 0.8746 0.5440 0.8450 0.8425 0.8119
88 0.8742 0.5389 0.8399 0.8303 0.8013
89 0.8671 0.5948 0.8345 0.7609 0.7230
90 0.8788 0.5366 0.8456 0.8214 0.7883
91 0.8779 0.5457 0.8458 0.8181 0.7888
92 0.8733 0.5559 0.8419 0.8468 0.8094
93 0.8802 0.5226 0.8485 0.8289 0.7934
94 0.8751 0.5621 0.8457 0.7569 0.7321
95 0.8784 0.5416 0.8492 0.8495 0.8167
96 0.8691 0.5731 0.8393 0.7773 0.7302
97 0.8806 0.5423 0.8513 0.7992 0.7603
98 0.8862 0.5115 0.8546 0.8513 0.8198
99 0.8815 0.5416 0.8487 0.7999 0.7752
100 0.8800 0.5389 0.8492 0.8396 0.7999
101 0.8799 0.5379 0.8498 0.7939 0.7571
102 0.8857 0.4868 0.8563 0.8431 0.8120
103 0.8774 0.5220 0.8476 0.8442 0.8105
104 0.8895 0.4862 0.8614 0.8328 0.8079
105 0.8854 0.4879 0.8555 0.8133 0.7816
106 0.8884 0.4755 0.8583 0.8391 0.8132
107 0.8865 0.4880 0.8560 0.8155 0.7803
108 0.8803 0.5302 0.8513 0.8343 0.8022
109 0.8799 0.4927 0.8505 0.8343 0.8011
110 0.8779 0.5230 0.8490 0.8435 0.8109
111 0.8811 0.5125 0.8504 0.8253 0.7942
112 0.8791 0.5200 0.8466 0.7949 0.7715
113 0.8831 0.5102 0.8523 0.8449 0.8171
114 0.8860 0.5146 0.8577 0.8514 0.8267
115 0.8827 0.4898 0.8533 0.8373 0.7999
116 0.8857 0.5012 0.8573 0.8076 0.7870
117 0.8816 0.5252 0.8531 0.8540 0.8203
118 0.8858 0.4792 0.8549 0.7796 0.7499
119 0.8840 0.5052 0.8573 0.8379 0.8052
120 0.8959 0.4485 0.8701 0.8575 0.8292
121 0.8999 0.4026 0.8727 0.8559 0.8264
122 0.9044 0.3993 0.8770 0.8633 0.8345
123 0.9039 0.3928 0.8778 0.8544 0.8234
124 0.9033 0.3899 0.8789 0.8571 0.8267
125 0.9042 0.3815 0.8777 0.8593 0.8284
126 0.9038 0.3837 0.8781 0.8576 0.8327
127 0.9084 0.3774 0.8821 0.8614 0.8298
128 0.9120 0.3654 0.8890 0.8599 0.8280
129 0.9046 0.3832 0.8789 0.8610 0.8315
130 0.9054 0.3779 0.8784 0.8632 0.8341
131 0.9102 0.3616 0.8853 0.8647 0.8355
132 0.9114 0.3654 0.8864 0.8677 0.8404
133 0.9111 0.3632 0.8857 0.8611 0.8319
134 0.9101 0.3618 0.8846 0.8635 0.8351
135 0.9127 0.3428 0.8875 0.8676 0.8387
136 0.9120 0.3680 0.8874 0.8591 0.8292
137 0.9089 0.3746 0.8825 0.8651 0.8361
138 0.9086 0.3686 0.8824 0.8663 0.8358
139 0.9119 0.3474 0.8861 0.8640 0.8338
140 0.9098 0.3611 0.8846 0.8568 0.8257
141 0.9123 0.3549 0.8865 0.8683 0.8391
142 0.9083 0.3686 0.8818 0.8646 0.8369
143 0.9145 0.3498 0.8893 0.8585 0.8306
144 0.9148 0.3283 0.8916 0.8607 0.8309
145 0.9079 0.3531 0.8845 0.8575 0.8285
146 0.9146 0.3321 0.8913 0.8643 0.8337
147 0.9103 0.3466 0.8876 0.8652 0.8350
148 0.9099 0.3509 0.8854 0.8629 0.8313
149 0.9116 0.3479 0.8883 0.8606 0.8305
150 0.9135 0.3455 0.8897 0.8624 0.8326
151 0.9104 0.3440 0.8869 0.8621 0.8323
152 0.9070 0.3520 0.8824 0.8626 0.8312
153 0.9117 0.3392 0.8887 0.8598 0.8287
154 0.9153 0.3335 0.8928 0.8571 0.8280
155 0.9122 0.3395 0.8875 0.8579 0.8267
156 0.9153 0.3348 0.8901 0.8619 0.8304
157 0.9138 0.3359 0.8902 0.8636 0.8347
158 0.9113 0.3332 0.8890 0.8586 0.8297
159 0.9127 0.3347 0.8888 0.8625 0.8317
160 0.9193 0.3199 0.8967 0.8639 0.8335
161 0.9133 0.3314 0.8899 0.8605 0.8316
162 0.9172 0.3163 0.8963 0.8627 0.8323
163 0.9155 0.3195 0.8924 0.8641 0.8349
164 0.9185 0.3218 0.8949 0.8644 0.8351
165 0.9161 0.3256 0.8934 0.8621 0.8333
166 0.9200 0.3127 0.8965 0.8661 0.8359
167 0.9150 0.3280 0.8919 0.8642 0.8349
168 0.9154 0.3224 0.8933 0.8621 0.8325
169 0.9170 0.3177 0.8943 0.8643 0.8350
170 0.9165 0.3153 0.8954 0.8644 0.8352
171 0.9197 0.3083 0.8995 0.8620 0.8331
172 0.9173 0.3183 0.8948 0.8648 0.8351
173 0.9138 0.3224 0.8905 0.8642 0.8357
174 0.9161 0.3205 0.8953 0.8640 0.8350
175 0.9163 0.3225 0.8937 0.8631 0.8341
176 0.9146 0.3216 0.8936 0.8628 0.8346
177 0.9177 0.3199 0.8937 0.8639 0.8355
178 0.9178 0.3141 0.8964 0.8602 0.8338
179 0.9163 0.3238 0.8951 0.8618 0.8320
180 0.9138 0.3258 0.8911 0.8622 0.8325
181 0.9150 0.3233 0.8923 0.8620 0.8329
182 0.9191 0.3110 0.8979 0.8614 0.8323
183 0.9165 0.3172 0.8934 0.8652 0.8369
184 0.9170 0.3146 0.8948 0.8649 0.8363
185 0.9151 0.3258 0.8914 0.8648 0.8358
186 0.9169 0.3150 0.8943 0.8628 0.8338
187 0.9201 0.3091 0.8984 0.8656 0.8364
188 0.9192 0.3114 0.8962 0.8664 0.8369
189 0.9179 0.3206 0.8946 0.8636 0.8359
190 0.9171 0.3213 0.8963 0.8627 0.8340
191 0.9146 0.3305 0.8921 0.8648 0.8377
192 0.9192 0.3135 0.8957 0.8657 0.8380
193 0.9159 0.3237 0.8936 0.8639 0.8345
194 0.9165 0.3146 0.8953 0.8639 0.8363
195 0.9133 0.3237 0.8910 0.8621 0.8340
196 0.9173 0.3143 0.8947 0.8630 0.8350
197 0.9179 0.3169 0.8953 0.8644 0.8353
198 0.9174 0.3187 0.8945 0.8613 0.8328
199 0.9169 0.3102 0.8953 0.8632 0.8358
