epoch train_iou train_loss train_mAP val_iou val_loss val_mAP
0 0.6185 1.2065 0.5466 0.6845 0.9335 0.6302
1 0.6969 0.9344 0.6366 0.7042 0.9143 0.6391
2 0.7343 0.8105 0.6727 0.7197 0.8550 0.6483
3 0.7561 0.7485 0.6956 0.7419 0.7668 0.6772
4 0.7795 0.6606 0.7235 0.7543 0.7389 0.7037
5 0.7804 0.6464 0.7248 0.7683 0.7039 0.7245
6 0.7898 0.6412 0.7334 0.7659 0.6945 0.7209
7 0.7839 0.6505 0.7278 0.7500 0.7523 0.7005
8 0.7855 0.6515 0.7357 0.7675 0.7299 0.7137
9 0.7883 0.6497 0.7347 0.7499 0.7849 0.6933
10 0.7937 0.6380 0.7422 0.7768 0.6863 0.7313
11 0.8032 0.5878 0.7542 0.7909 0.6650 0.7546
12 0.8228 0.5372 0.7777 0.7961 0.6540 0.7575
13 0.8316 0.4969 0.7868 0.7991 0.6468 0.7617
14 0.8458 0.4469 0.8003 0.8113 0.5628 0.7701
15 0.8444 0.4402 0.7988 0.8146 0.5495 0.7744
16 0.8437 0.4458 0.7966 0.8106 0.5920 0.7632
17 0.8396 0.4672 0.7934 0.8062 0.6187 0.7720
18 0.8332 0.4918 0.7855 0.8136 0.5734 0.7782
19 0.8276 0.5047 0.7802 0.7967 0.6718 0.7531
20 0.8189 0.5404 0.7713 0.7806 0.7204 0.7298
21 0.8244 0.5208 0.7766 0.7481 0.8634 0.7126
22 0.8397 0.4625 0.7949 0.8100 0.5760 0.7671
23 0.8460 0.4337 0.8002 0.8153 0.5795 0.7794
24 0.8556 0.3857 0.8116 0.8275 0.5539 0.7945
25 0.8650 0.3719 0.8223 0.8259 0.5504 0.7892
26 0.8648 0.3673 0.8192 0.8272 0.5741 0.7875
27 0.8602 0.3859 0.8147 0.8097 0.6326 0.7793
28 0.8544 0.4121 0.8103 0.8222 0.5649 0.7864
29 0.8424 0.4500 0.7948 0.7940 0.6419 0.7528
30 0.8299 0.5131 0.7837 0.7925 0.6441 0.7483
31 0.8411 0.4717 0.7922 0.8044 0.6579 0.7686
32 0.8476 0.4422 0.8035 0.8202 0.5936 0.7847
33 0.8554 0.4041 0.8110 0.8129 0.6178 0.7793
34 0.8636 0.3669 0.8200 0.8252 0.5817 0.7925
35 0.8680 0.3557 0.8258 0.8221 0.5828 0.7883
36 0.8725 0.3319 0.8283 0.8262 0.5609 0.7905
37 0.8719 0.3518 0.8286 0.8159 0.5575 0.7805
38 0.8633 0.3796 0.8198 0.8104 0.6317 0.7724
39 0.8545 0.4088 0.8064 0.8243 0.5560 0.7811
40 0.8320 0.4994 0.7877 0.7767 0.6773 0.7323
41 0.8514 0.4258 0.8074 0.8123 0.6500 0.7766
42 0.8596 0.3859 0.8178 0.8137 0.5999 0.7799
43 0.8649 0.3590 0.8215 0.8244 0.5745 0.7887
44 0.8720 0.3349 0.8306 0.8281 0.5836 0.7916
45 0.8771 0.3167 0.8363 0.8349 0.5648 0.7962
46 0.8776 0.3159 0.8354 0.8336 0.5809 0.7971
47 0.8786 0.3267 0.8349 0.8311 0.6041 0.7972
48 0.8713 0.3626 0.8265 0.8223 0.5295 0.7833
49 0.8687 0.3644 0.8250 0.8231 0.5531 0.7841
50 0.8572 0.4100 0.8157 0.7971 0.6310 0.7623
51 0.8579 0.3931 0.8148 0.8152 0.5629 0.7684
52 0.8651 0.3597 0.8212 0.8353 0.5056 0.7923
53 0.8751 0.3328 0.8322 0.8256 0.6109 0.7841
54 0.8807 0.2995 0.8391 0.8320 0.5999 0.7969
55 0.8866 0.2768 0.8457 0.8313 0.6166 0.7958
56 0.8858 0.2785 0.8436 0.8245 0.6161 0.7906
57 0.8835 0.2974 0.8407 0.8316 0.5909 0.7923
58 0.8757 0.3336 0.8336 0.8304 0.6502 0.7879
59 0.8619 0.3799 0.8177 0.8246 0.5463 0.7833
60 0.8665 0.3684 0.8238 0.8193 0.6263 0.7804
61 0.8641 0.3666 0.8226 0.7924 0.8008 0.7573
62 0.8732 0.3287 0.8289 0.8327 0.5768 0.7940
63 0.8826 0.2992 0.8403 0.8338 0.6531 0.7994
64 0.8929 0.2640 0.8531 0.8384 0.6428 0.8058
65 0.8904 0.2682 0.8507 0.8422 0.6126 0.8076
66 0.8900 0.2597 0.8495 0.8304 0.6670 0.8001
67 0.8864 0.2699 0.8444 0.8284 0.6634 0.7929
68 0.8842 0.2897 0.8429 0.8256 0.6478 0.7903
69 0.8808 0.3076 0.8376 0.7996 0.6534 0.7544
70 0.8640 0.3727 0.8211 0.7679 0.7977 0.7155
71 0.8706 0.3372 0.8259 0.8243 0.6767 0.7845
72 0.8775 0.3178 0.8365 0.8274 0.6427 0.7913
73 0.8827 0.2961 0.8409 0.8272 0.5829 0.7906
74 0.8925 0.2596 0.8517 0.8423 0.5659 0.8078
75 0.8944 0.2490 0.8543 0.8466 0.5790 0.8137
76 0.8908 0.2566 0.8521 0.8429 0.5670 0.8085
77 0.8952 0.2482 0.8553 0.8358 0.7457 0.8016
78 0.8927 0.2656 0.8547 0.8103 0.6143 0.7748
79 0.8782 0.3217 0.8371 0.8246 0.6233 0.7845
80 0.8696 0.3446 0.8264 0.7835 0.8357 0.7462
81 0.8773 0.3302 0.8352 0.8115 0.7306 0.7792
82 0.8785 0.3066 0.8383 0.8252 0.6301 0.7886
83 0.8937 0.2621 0.8536 0.8345 0.6742 0.8010
84 0.8931 0.2536 0.8552 0.8375 0.6103 0.8030
85 0.8956 0.2411 0.8543 0.8375 0.6258 0.8040
86 0.9026 0.2270 0.8620 0.8284 0.6741 0.7941
87 0.8991 0.2291 0.8594 0.8430 0.6662 0.8059
88 0.8936 0.2648 0.8549 0.8265 0.6884 0.7887
89 0.8896 0.2782 0.8473 0.7908 0.9117 0.7531
90 0.8646 0.3815 0.8226 0.7626 1.2221 0.7317
91 0.8723 0.3483 0.8293 0.8240 0.5940 0.7898
92 0.8859 0.2849 0.8454 0.8243 0.7069 0.7873
93 0.8892 0.2709 0.8489 0.8321 0.6255 0.7977
94 0.8976 0.2306 0.8577 0.8389 0.6318 0.8017
95 0.9028 0.2163 0.8631 0.8402 0.6601 0.8044
96 0.9004 0.2233 0.8619 0.8377 0.7163 0.8050
97 0.8987 0.2306 0.8600 0.8301 0.5782 0.7933
98 0.8931 0.2605 0.8530 0.8203 0.5964 0.7861
99 0.8858 0.2766 0.8445 0.8266 0.5982 0.7797
100 0.8786 0.3161 0.8382 0.8357 0.6788 0.8030
101 0.8848 0.2930 0.8437 0.8185 0.6555 0.7781
102 0.8895 0.2644 0.8475 0.8388 0.6785 0.8028
103 0.8909 0.2546 0.8514 0.8277 0.6751 0.7879
104 0.9017 0.2167 0.8621 0.8421 0.6935 0.8083
105 0.9054 0.2105 0.8663 0.8464 0.6793 0.8144
106 0.9018 0.2151 0.8619 0.8437 0.6798 0.8101
107 0.9013 0.2199 0.8617 0.8374 0.6890 0.8012
108 0.9024 0.2262 0.8635 0.8298 0.8150 0.7931
109 0.8884 0.2753 0.8465 0.8011 0.7332 0.7612
110 0.8773 0.3297 0.8352 0.8227 0.6042 0.7815
111 0.8891 0.2773 0.8482 0.8007 0.8324 0.7564
112 0.8868 0.2771 0.8435 0.8350 0.5992 0.7954
113 0.9011 0.2364 0.8626 0.8336 0.6747 0.7987
114 0.9062 0.2107 0.8671 0.8318 0.6727 0.7924
115 0.8963 0.2184 0.8550 0.8362 0.6752 0.8001
116 0.9026 0.2147 0.8646 0.8365 0.7025 0.8000
117 0.9024 0.2186 0.8657 0.8378 0.7653 0.8044
118 0.8957 0.2475 0.8579 0.8241 0.6335 0.7893
119 0.8933 0.2661 0.8552 0.7211 1.0920 0.6609
120 0.8838 0.3155 0.8427 0.8064 0.6405 0.7695
121 0.8898 0.2659 0.8508 0.8036 0.8386 0.7588
122 0.8957 0.2417 0.8535 0.8340 0.7487 0.7994
123 0.9014 0.2212 0.8634 0.8397 0.8018 0.8063
124 0.9041 0.2067 0.8679 0.8405 0.7453 0.8042
125 0.9086 0.1953 0.8689 0.8436 0.7204 0.8078
126 0.9068 0.1969 0.8686 0.8397 0.7821 0.8060
127 0.9044 0.2106 0.8656 0.8409 0.7433 0.8061
128 0.9014 0.2144 0.8634 0.8256 0.6478 0.7894
129 0.8948 0.2397 0.8539 0.8068 0.8981 0.7692
130 0.8927 0.2584 0.8527 0.8094 0.6769 0.7669
131 0.8850 0.3015 0.8456 0.8133 0.6586 0.7760
132 0.8930 0.2554 0.8532 0.8395 0.6888 0.8024
133 0.9032 0.2115 0.8654 0.8407 0.6473 0.8032
134 0.9086 0.1977 0.8716 0.8469 0.6967 0.8112
135 0.9064 0.1905 0.8692 0.8439 0.7056 0.8087
136 0.9091 0.1844 0.8723 0.8446 0.7262 0.8079
137 0.9088 0.1964 0.8715 0.8504 0.6907 0.8148
138 0.9026 0.2255 0.8624 0.8385 0.6026 0.8012
139 0.8976 0.2406 0.8586 0.8066 0.6602 0.7600
140 0.8931 0.2606 0.8536 0.8114 0.6604 0.7647
141 0.8928 0.2560 0.8530 0.8376 0.7206 0.8073
142 0.8989 0.2340 0.8598 0.8391 0.7810 0.8034
143 0.9051 0.2103 0.8671 0.8433 0.6939 0.8111
144 0.9069 0.1962 0.8711 0.8438 0.6651 0.8090
145 0.9114 0.1869 0.8767 0.8452 0.6919 0.8093
146 0.9095 0.1802 0.8743 0.8458 0.7533 0.8097
147 0.9074 0.1855 0.8700 0.8465 0.6801 0.8088
148 0.9059 0.1995 0.8690 0.8453 0.8271 0.8100
149 0.8969 0.2481 0.8570 0.8149 0.7186 0.7681
150 0.8716 0.3585 0.8301 0.7997 0.8178 0.7612
151 0.8846 0.2926 0.8436 0.8212 0.6809 0.7845
152 0.8987 0.2418 0.8623 0.8341 0.6522 0.7948
153 0.9026 0.2131 0.8642 0.8369 0.6728 0.8025
154 0.9077 0.2003 0.8706 0.8454 0.6852 0.8127
155 0.9080 0.1904 0.8719 0.8449 0.6805 0.8131
156 0.9111 0.1877 0.8751 0.8451 0.7267 0.8135
157 0.9050 0.2108 0.8672 0.8428 0.5996 0.8064
158 0.9025 0.2129 0.8668 0.8357 0.6993 0.7986
159 0.8875 0.2868 0.8493 0.8384 0.6890 0.8049
160 0.8900 0.2804 0.8482 0.7991 0.8063 0.7548
161 0.8848 0.2676 0.8462 0.8222 0.7334 0.7822
162 0.9015 0.2337 0.8622 0.8492 0.6228 0.8161
163 0.9041 0.2051 0.8642 0.8405 0.6548 0.8065
164 0.9052 0.1997 0.8676 0.8449 0.6986 0.8107
165 0.9069 0.1941 0.8687 0.8455 0.7090 0.8103
166 0.9086 0.1908 0.8728 0.8451 0.6729 0.8124
167 0.9092 0.1883 0.8730 0.8445 0.7136 0.8121
168 0.9106 0.1894 0.8724 0.8448 0.7781 0.8132
169 0.9003 0.2343 0.8613 0.8370 0.5930 0.7970
170 0.9057 0.2053 0.8659 0.8210 0.8718 0.7855
171 0.9047 0.2140 0.8657 0.8219 0.7609 0.7817
172 0.9040 0.2075 0.8675 0.8441 0.7225 0.8090
173 0.9080 0.1883 0.8708 0.8416 0.7700 0.8060
174 0.9108 0.1803 0.8743 0.8426 0.7656 0.8099
175 0.9123 0.1746 0.8757 0.8440 0.7773 0.8109
176 0.9116 0.1724 0.8767 0.8455 0.7573 0.8103
177 0.9125 0.1771 0.8753 0.8436 0.7871 0.8091
178 0.9097 0.1840 0.8740 0.8369 0.7246 0.7988
179 0.9031 0.2114 0.8653 0.8236 0.7837 0.7831
180 0.8955 0.2405 0.8564 0.8429 0.5989 0.8008
181 0.8942 0.2467 0.8556 0.8313 0.7017 0.7897
182 0.9009 0.2176 0.8621 0.8407 0.6453 0.8040
183 0.9048 0.1976 0.8662 0.8460 0.6961 0.8157
184 0.9128 0.1789 0.8779 0.8520 0.6779 0.8200
185 0.9127 0.1696 0.8752 0.8524 0.6716 0.8192
186 0.9102 0.1747 0.8734 0.8477 0.7061 0.8137
187 0.9102 0.1784 0.8723 0.8418 0.7988 0.8037
188 0.9105 0.1848 0.8729 0.8394 0.8026 0.8010
189 0.9100 0.1923 0.8734 0.7059 2.1679 0.6547
190 0.8976 0.2264 0.8587 0.8184 0.6757 0.7822
191 0.8891 0.2761 0.8488 0.8277 0.5708 0.7880
192 0.8979 0.2510 0.8600 0.8352 0.5303 0.7968
193 0.9059 0.2061 0.8690 0.8457 0.6589 0.8108
194 0.9102 0.1873 0.8729 0.8452 0.6975 0.8087
195 0.9121 0.1747 0.8742 0.8486 0.6869 0.8131
196 0.9127 0.1780 0.8765 0.8436 0.6871 0.8082
197 0.9115 0.1725 0.8754 0.8424 0.6140 0.8024
198 0.9113 0.1798 0.8752 0.8377 0.8348 0.8053
199 0.9038 0.2126 0.8645 0.8367 0.6806 0.8044
