epoch train_BCELoss train_SoftDiceLoss train_iou train_loss train_mAP val_BCELoss val_SoftDiceLoss val_iou val_loss val_mAP
0 0.7999 0.5924 0.2488 1.3918 0.1336 0.5926 0.6752 0.3734 1.2674 0.2882
1 0.2891 0.2781 0.6442 0.5672 0.5821 0.3038 0.6045 0.6745 0.9086 0.6178
2 0.2139 0.2024 0.7050 0.4167 0.6472 0.3249 0.5821 0.6889 0.9074 0.6331
3 0.1947 0.1788 0.7275 0.3741 0.6737 0.2025 0.5455 0.7143 0.7487 0.6630
4 0.1887 0.1683 0.7453 0.3578 0.6945 0.2554 0.5409 0.7465 0.7971 0.7062
5 0.1728 0.1556 0.7537 0.3291 0.7047 0.2445 0.5379 0.7509 0.7832 0.7069
6 0.1524 0.1371 0.7800 0.2904 0.7355 0.1970 0.5352 0.7672 0.7332 0.7305
7 0.1272 0.1114 0.8027 0.2396 0.7616 0.2328 0.5156 0.7780 0.7493 0.7386
8 0.1115 0.0982 0.8147 0.2107 0.7771 0.2150 0.5084 0.7977 0.7245 0.7601
9 0.0865 0.0809 0.8312 0.1686 0.7949 0.2206 0.5002 0.7952 0.7219 0.7581
10 0.0749 0.0678 0.8473 0.1438 0.8145 0.2183 0.4995 0.7966 0.7190 0.7614
11 0.0763 0.0693 0.8480 0.1468 0.8139 0.2110 0.4915 0.8078 0.7037 0.7748
12 0.0844 0.0758 0.8381 0.1614 0.8025 0.3028 0.4980 0.7805 0.8020 0.7444
13 0.0946 0.0839 0.8298 0.1797 0.7928 0.2158 0.5104 0.7904 0.7272 0.7526
14 0.0929 0.0780 0.8291 0.1720 0.7924 0.2559 0.5515 0.7318 0.8083 0.6852
15 0.1219 0.1084 0.8021 0.2314 0.7602 0.2819 0.5361 0.7683 0.8191 0.7340
16 0.1177 0.1028 0.8153 0.2216 0.7772 0.3183 0.5202 0.7321 0.8398 0.6763
17 0.0953 0.0859 0.8392 0.1825 0.8033 0.2413 0.5234 0.7918 0.7659 0.7573
18 0.0719 0.0636 0.8556 0.1369 0.8244 0.2220 0.4937 0.8067 0.7171 0.7748
19 0.0575 0.0521 0.8706 0.1110 0.8397 0.2201 0.4940 0.8152 0.7155 0.7845
20 0.0521 0.0477 0.8724 0.1012 0.8445 0.2230 0.4897 0.8159 0.7141 0.7846
21 0.0502 0.0465 0.8747 0.0981 0.8457 0.2506 0.4905 0.8114 0.7425 0.7791
22 0.0549 0.0493 0.8701 0.1056 0.8406 0.2648 0.4849 0.8196 0.7512 0.7882
23 0.0618 0.0546 0.8627 0.1178 0.8325 0.2696 0.5192 0.7966 0.7901 0.7635
24 0.0776 0.0667 0.8480 0.1455 0.8127 0.2257 0.5467 0.6938 0.7732 0.6349
25 0.1080 0.0945 0.8224 0.2037 0.7834 0.2808 0.5067 0.7925 0.7889 0.7555
26 0.0921 0.0792 0.8433 0.1726 0.8076 0.2171 0.5223 0.7938 0.7407 0.7579
27 0.0955 0.0846 0.8381 0.1815 0.8021 0.2437 0.4924 0.7911 0.7377 0.7520
28 0.0598 0.0541 0.8678 0.1154 0.8370 0.2448 0.4810 0.8143 0.7274 0.7849
29 0.0453 0.0431 0.8836 0.0899 0.8552 0.2324 0.4798 0.8325 0.7138 0.8023
30 0.0439 0.0400 0.8871 0.0855 0.8605 0.2359 0.4791 0.8292 0.7165 0.8010
31 0.0434 0.0405 0.8839 0.0855 0.8557 0.2484 0.4791 0.8303 0.7290 0.8005
32 0.0440 0.0410 0.8802 0.0865 0.8526 0.2538 0.4891 0.8226 0.7444 0.7913
33 0.0567 0.0513 0.8704 0.1096 0.8410 0.2784 0.5019 0.8045 0.7817 0.7730
34 0.0614 0.0557 0.8654 0.1185 0.8334 0.2265 0.4894 0.8115 0.7173 0.7737
35 0.0878 0.0749 0.8418 0.1640 0.8068 0.3189 0.5259 0.7729 0.8458 0.7381
36 0.0751 0.0674 0.8540 0.1438 0.8202 0.2396 0.4912 0.8012 0.7323 0.7647
37 0.0529 0.0491 0.8732 0.1035 0.8451 0.3575 0.4951 0.7934 0.8542 0.7642
38 0.0488 0.0460 0.8786 0.0964 0.8511 0.2364 0.4801 0.8223 0.7181 0.7938
39 0.0378 0.0371 0.8908 0.0766 0.8666 0.2457 0.4694 0.8252 0.7167 0.7935
40 0.0359 0.0351 0.8963 0.0727 0.8719 0.2369 0.4693 0.8261 0.7078 0.7962
41 0.0338 0.0325 0.8986 0.0680 0.8742 0.2479 0.4681 0.8278 0.7176 0.7989
42 0.0348 0.0326 0.8969 0.0691 0.8732 0.2701 0.4766 0.8137 0.7483 0.7861
43 0.0415 0.0375 0.8891 0.0807 0.8621 0.2591 0.4777 0.8210 0.7383 0.7847
44 0.0552 0.0483 0.8718 0.1051 0.8417 0.3518 0.5233 0.7862 0.8763 0.7498
45 0.0858 0.0711 0.8389 0.1583 0.8026 0.5330 0.5828 0.6803 1.1173 0.6155
46 0.0931 0.0757 0.8428 0.1703 0.8085 0.2775 0.4985 0.8060 0.7775 0.7770
47 0.0664 0.0563 0.8646 0.1243 0.8372 0.2840 0.4824 0.8116 0.7681 0.7787
48 0.0460 0.0406 0.8878 0.0882 0.8626 0.2370 0.4739 0.8192 0.7126 0.7887
49 0.0381 0.0360 0.8964 0.0759 0.8728 0.2482 0.4731 0.8293 0.7230 0.7974
50 0.0321 0.0310 0.9030 0.0649 0.8798 0.2496 0.4747 0.8282 0.7260 0.7954
51 0.0326 0.0305 0.9004 0.0649 0.8777 0.2350 0.4691 0.8318 0.7058 0.8029
52 0.0317 0.0295 0.9042 0.0629 0.8822 0.2622 0.4704 0.8367 0.7343 0.8065
53 0.0341 0.0325 0.8984 0.0684 0.8738 0.2910 0.4896 0.8230 0.7822 0.7909
54 0.0753 0.0668 0.8622 0.1437 0.8315 0.2809 0.5098 0.7840 0.7924 0.7464
55 0.0846 0.0740 0.8424 0.1601 0.8090 0.2311 0.5220 0.7680 0.7545 0.7291
56 0.0714 0.0630 0.8598 0.1359 0.8289 0.2347 0.4920 0.7831 0.7281 0.7383
57 0.0557 0.0509 0.8778 0.1082 0.8486 0.2332 0.4761 0.8131 0.7110 0.7804
58 0.0378 0.0349 0.8976 0.0744 0.8738 0.2658 0.4703 0.8231 0.7378 0.7970
59 0.0322 0.0298 0.9045 0.0637 0.8828 0.2630 0.4690 0.8293 0.7337 0.8005
60 0.0299 0.0285 0.9055 0.0601 0.8860 0.2636 0.4686 0.8306 0.7339 0.8025
61 0.0299 0.0292 0.9068 0.0609 0.8845 0.2960 0.4686 0.8223 0.7664 0.7934
62 0.0311 0.0300 0.9045 0.0630 0.8831 0.2596 0.4701 0.8257 0.7314 0.7917
63 0.0340 0.0311 0.9020 0.0668 0.8788 0.3118 0.4703 0.8268 0.7840 0.8002
64 0.0308 0.0287 0.9056 0.0612 0.8826 0.2967 0.4731 0.8294 0.7715 0.8036
65 0.0379 0.0340 0.8948 0.0736 0.8686 0.2739 0.4781 0.8041 0.7536 0.7680
66 0.0469 0.0421 0.8830 0.0906 0.8559 0.2662 0.4726 0.8210 0.7406 0.7886
67 0.0399 0.0368 0.8996 0.0784 0.8748 0.2631 0.4847 0.7976 0.7496 0.7636
68 0.0334 0.0324 0.9051 0.0676 0.8826 0.2246 0.4654 0.8376 0.6919 0.8078
69 0.0264 0.0250 0.9131 0.0533 0.8938 0.2604 0.4650 0.8337 0.7272 0.8049
70 0.0243 0.0237 0.9192 0.0499 0.9018 0.2687 0.4637 0.8368 0.7343 0.8083
71 0.0240 0.0235 0.9178 0.0494 0.8993 0.2901 0.4628 0.8373 0.7548 0.8085
72 0.0297 0.0263 0.9125 0.0579 0.8936 0.2563 0.4633 0.8332 0.7215 0.8008
73 0.0262 0.0247 0.9131 0.0529 0.8925 0.2780 0.4639 0.8259 0.7437 0.7960
74 0.0349 0.0315 0.9024 0.0682 0.8804 0.3061 0.5014 0.8128 0.8091 0.7855
75 0.0517 0.0450 0.8850 0.0984 0.8590 0.2860 0.5032 0.7913 0.7907 0.7560
76 0.0662 0.0555 0.8688 0.1233 0.8367 0.4083 0.4959 0.7870 0.9060 0.7451
77 0.0403 0.0356 0.8928 0.0776 0.8683 0.2816 0.4799 0.8220 0.7632 0.7938
78 0.0317 0.0300 0.9092 0.0636 0.8877 0.2159 0.4601 0.8373 0.6780 0.8095
79 0.0238 0.0234 0.9197 0.0492 0.9008 0.2496 0.4600 0.8369 0.7116 0.8091
80 0.0241 0.0232 0.9220 0.0493 0.9044 0.2638 0.4597 0.8426 0.7255 0.8162
81 0.0224 0.0216 0.9234 0.0461 0.9062 0.2543 0.4583 0.8432 0.7146 0.8153
82 0.0222 0.0211 0.9227 0.0452 0.9053 0.2407 0.4588 0.8439 0.7013 0.8162
83 0.0264 0.0243 0.9141 0.0527 0.8948 0.3076 0.4758 0.8199 0.7854 0.7889
84 0.0422 0.0374 0.8924 0.0814 0.8669 0.2785 0.4718 0.8048 0.7519 0.7669
85 0.0626 0.0538 0.8621 0.1181 0.8304 0.2852 0.5147 0.7786 0.8012 0.7299
86 0.0527 0.0462 0.8783 0.1006 0.8513 0.2969 0.4860 0.8067 0.7845 0.7766
87 0.0379 0.0339 0.9039 0.0737 0.8801 0.2570 0.4695 0.8195 0.7284 0.7863
88 0.0276 0.0254 0.9156 0.0550 0.8954 0.2528 0.4628 0.8339 0.7176 0.8047
89 0.0227 0.0223 0.9228 0.0471 0.9060 0.2871 0.4603 0.8406 0.7494 0.8151
90 0.0230 0.0216 0.9253 0.0467 0.9094 0.2781 0.4595 0.8401 0.7396 0.8137
91 0.0220 0.0213 0.9240 0.0453 0.9073 0.2914 0.4578 0.8384 0.7512 0.8123
92 0.0227 0.0216 0.9232 0.0464 0.9053 0.2669 0.4668 0.8415 0.7357 0.8136
93 0.0283 0.0262 0.9156 0.0566 0.8973 0.2542 0.4593 0.8384 0.7155 0.8083
94 0.0284 0.0266 0.9093 0.0569 0.8890 0.2920 0.4718 0.8231 0.7656 0.7972
95 0.0522 0.0451 0.8856 0.0991 0.8585 0.2511 0.4791 0.8031 0.7318 0.7690
96 0.0421 0.0389 0.8888 0.0828 0.8624 0.2814 0.4905 0.7882 0.7736 0.7522
97 0.0405 0.0371 0.8991 0.0795 0.8779 0.2670 0.4753 0.8363 0.7441 0.8072
98 0.0255 0.0242 0.9168 0.0517 0.8983 0.2838 0.4652 0.8351 0.7510 0.8065
99 0.0209 0.0208 0.9264 0.0438 0.9100 0.2664 0.4560 0.8463 0.7244 0.8191
