epoch train_BCELoss train_SoftDiceLoss train_iou train_loss train_mAP val_BCELoss val_SoftDiceLoss val_iou val_loss val_mAP
0 0.3124 0.2934 0.6427 0.6059 0.5800 0.2575 0.6051 0.6741 0.8629 0.6279
1 0.2463 0.2324 0.7067 0.4790 0.6515 0.3686 0.5896 0.6983 0.9585 0.6470
2 0.2284 0.2102 0.7283 0.4390 0.6743 0.2217 0.5668 0.7308 0.7890 0.6868
3 0.1999 0.1864 0.7453 0.3867 0.6977 0.2011 0.5477 0.7539 0.7495 0.7153
4 0.1802 0.1702 0.7616 0.3510 0.7145 0.1926 0.5439 0.7654 0.7372 0.7291
5 0.1650 0.1512 0.7761 0.3169 0.7293 0.1836 0.5358 0.7690 0.7200 0.7312
6 0.1712 0.1576 0.7697 0.3294 0.7227 0.1974 0.5445 0.7573 0.7427 0.7192
7 0.1697 0.1545 0.7738 0.3248 0.7277 0.2484 0.5799 0.7096 0.8290 0.6542
8 0.1886 0.1746 0.7644 0.3638 0.7190 0.2277 0.5571 0.7482 0.7856 0.7056
9 0.1852 0.1726 0.7707 0.3585 0.7236 0.2318 0.5335 0.7573 0.7662 0.7167
10 0.1999 0.1840 0.7573 0.3846 0.7138 0.1962 0.5585 0.7326 0.7555 0.6928
11 0.1785 0.1618 0.7802 0.3410 0.7368 0.1778 0.5301 0.7801 0.7088 0.7431
12 0.1628 0.1489 0.7912 0.3125 0.7515 0.2084 0.5301 0.7759 0.7396 0.7425
13 0.1537 0.1420 0.7948 0.2966 0.7546 0.1805 0.5288 0.8001 0.7103 0.7635
14 0.1311 0.1204 0.8179 0.2524 0.7804 0.1830 0.5066 0.8016 0.6907 0.7666
15 0.1210 0.1133 0.8182 0.2352 0.7833 0.1616 0.5178 0.8080 0.6805 0.7742
16 0.1259 0.1194 0.8195 0.2463 0.7821 0.1683 0.5177 0.7983 0.6870 0.7666
17 0.1324 0.1258 0.8040 0.2591 0.7653 0.1728 0.5142 0.8043 0.6881 0.7734
18 0.1471 0.1249 0.8157 0.2729 0.7755 0.2189 0.5316 0.7627 0.7517 0.7154
19 0.1576 0.1421 0.7953 0.3007 0.7522 0.2260 0.5562 0.7750 0.7831 0.7370
20 0.1629 0.1460 0.7932 0.3097 0.7522 0.2202 0.5608 0.7652 0.7818 0.7299
21 0.1482 0.1356 0.8050 0.2848 0.7642 0.2731 0.5299 0.7842 0.8040 0.7458
22 0.1357 0.1257 0.8086 0.2625 0.7706 0.1651 0.5213 0.7916 0.6874 0.7564
23 0.1233 0.1148 0.8304 0.2392 0.7933 0.1833 0.5134 0.8139 0.6979 0.7825
24 0.1066 0.1010 0.8325 0.2087 0.7977 0.1741 0.5006 0.8182 0.6761 0.7851
25 0.1034 0.0959 0.8429 0.2003 0.8101 0.1753 0.5024 0.8166 0.6790 0.7851
26 0.0988 0.0942 0.8373 0.1941 0.8039 0.1843 0.4989 0.8264 0.6846 0.7917
27 0.1052 0.0970 0.8339 0.2033 0.7989 0.1976 0.5131 0.8146 0.7120 0.7814
28 0.1125 0.1042 0.8306 0.2177 0.7939 0.2024 0.5101 0.8078 0.7138 0.7734
29 0.1359 0.1222 0.8164 0.2591 0.7794 0.3061 0.5285 0.7701 0.8356 0.7321
30 0.1468 0.1358 0.7996 0.2836 0.7588 0.1966 0.5176 0.7925 0.7153 0.7555
31 0.1284 0.1198 0.8159 0.2492 0.7792 0.2275 0.5176 0.7981 0.7464 0.7672
32 0.1181 0.1053 0.8354 0.2245 0.8005 0.1861 0.4963 0.8167 0.6838 0.7790
33 0.1067 0.0970 0.8409 0.2049 0.8035 0.2005 0.5044 0.8306 0.7062 0.7977
34 0.0944 0.0833 0.8524 0.1788 0.8190 0.2083 0.5034 0.8258 0.7131 0.7965
35 0.0881 0.0802 0.8522 0.1695 0.8181 0.2082 0.5002 0.8272 0.7098 0.7983
36 0.0858 0.0789 0.8535 0.1659 0.8186 0.2045 0.4909 0.8271 0.6969 0.7976
37 0.0929 0.0818 0.8524 0.1759 0.8181 0.1901 0.4973 0.8265 0.6888 0.7960
38 0.1117 0.0978 0.8374 0.2107 0.8027 0.2523 0.4975 0.8000 0.7511 0.7618
39 0.1251 0.1096 0.8302 0.2358 0.7924 0.1733 0.5105 0.7933 0.6851 0.7567
40 0.1498 0.1324 0.8179 0.2832 0.7792 0.2728 0.5069 0.7931 0.7809 0.7516
41 0.1313 0.1171 0.8248 0.2494 0.7863 0.1746 0.4965 0.8177 0.6725 0.7806
42 0.1198 0.1084 0.8292 0.2293 0.7931 0.2058 0.5264 0.8127 0.7336 0.7779
43 0.0959 0.0888 0.8456 0.1859 0.8096 0.2171 0.5285 0.8107 0.7470 0.7788
44 0.0868 0.0789 0.8561 0.1669 0.8239 0.2107 0.5008 0.8286 0.7129 0.8001
45 0.0839 0.0750 0.8536 0.1601 0.8215 0.2177 0.4955 0.8272 0.7147 0.7994
46 0.0771 0.0697 0.8559 0.1481 0.8224 0.2238 0.5000 0.8272 0.7253 0.7981
47 0.0896 0.0807 0.8522 0.1714 0.8151 0.2334 0.4992 0.8188 0.7340 0.7912
48 0.0923 0.0818 0.8482 0.1753 0.8154 0.2318 0.4872 0.8193 0.7205 0.7877
49 0.1084 0.0994 0.8335 0.2089 0.7962 0.1877 0.5020 0.7739 0.6910 0.7339
50 0.1127 0.1002 0.8318 0.2140 0.7952 0.2943 0.5384 0.7850 0.8337 0.7417
51 0.1050 0.0987 0.8392 0.2049 0.8041 0.3033 0.5375 0.7957 0.8419 0.7626
52 0.0888 0.0803 0.8518 0.1704 0.8191 0.2568 0.4988 0.7966 0.7571 0.7581
53 0.0857 0.0773 0.8571 0.1641 0.8241 0.2273 0.4942 0.8223 0.7230 0.7915
54 0.0777 0.0706 0.8608 0.1496 0.8288 0.2192 0.4900 0.8256 0.7109 0.7968
55 0.0645 0.0650 0.8682 0.1307 0.8369 0.2180 0.4900 0.8267 0.7097 0.7978
56 0.0752 0.0669 0.8697 0.1433 0.8381 0.2612 0.4994 0.8243 0.7622 0.7952
57 0.0797 0.0716 0.8626 0.1526 0.8298 0.2550 0.4924 0.8220 0.7490 0.7915
58 0.0863 0.0779 0.8558 0.1655 0.8229 0.2496 0.4945 0.8224 0.7456 0.7906
59 0.1101 0.0975 0.8343 0.2087 0.7975 0.3816 0.5436 0.7803 0.9265 0.7437
60 0.1162 0.1060 0.8339 0.2233 0.7945 0.2291 0.5021 0.7806 0.7327 0.7423
61 0.1220 0.1110 0.8201 0.2341 0.7834 0.2550 0.4898 0.7969 0.7463 0.7593
62 0.0981 0.0912 0.8474 0.1906 0.8120 0.2240 0.5077 0.8272 0.7331 0.7971
63 0.0812 0.0721 0.8576 0.1546 0.8235 0.2116 0.5083 0.8271 0.7214 0.7980
64 0.0720 0.0632 0.8661 0.1365 0.8367 0.2006 0.4948 0.8352 0.6970 0.8089
65 0.0685 0.0603 0.8673 0.1300 0.8355 0.2004 0.4916 0.8370 0.6936 0.8094
66 0.0727 0.0653 0.8687 0.1394 0.8373 0.1932 0.4897 0.8409 0.6846 0.8119
67 0.0712 0.0635 0.8633 0.1360 0.8318 0.2304 0.4918 0.8139 0.7239 0.7792
68 0.0817 0.0746 0.8647 0.1574 0.8313 0.1887 0.4775 0.8324 0.6680 0.7988
69 0.1002 0.0873 0.8450 0.1887 0.8123 0.2293 0.4900 0.8229 0.7208 0.7928
70 0.1142 0.1021 0.8325 0.2174 0.7951 0.2250 0.5320 0.7961 0.7584 0.7667
71 0.1079 0.1006 0.8364 0.2096 0.8007 0.2257 0.5103 0.8138 0.7374 0.7790
72 0.0852 0.0767 0.8575 0.1631 0.8248 0.2694 0.5004 0.8188 0.7715 0.7882
73 0.0750 0.0681 0.8644 0.1444 0.8332 0.1926 0.4995 0.8379 0.6937 0.8093
74 0.0683 0.0620 0.8727 0.1317 0.8431 0.2410 0.4905 0.8366 0.7332 0.8094
75 0.0710 0.0609 0.8674 0.1333 0.8375 0.2294 0.4888 0.8403 0.7198 0.8105
76 0.0616 0.0560 0.8711 0.1190 0.8393 0.2043 0.4886 0.8394 0.6945 0.8090
77 0.0731 0.0625 0.8665 0.1369 0.8348 0.1988 0.4995 0.8227 0.6998 0.7897
78 0.0765 0.0707 0.8595 0.1485 0.8278 0.2375 0.4866 0.8171 0.7258 0.7833
79 0.0761 0.0680 0.8587 0.1454 0.8246 0.2300 0.5043 0.8235 0.7357 0.7959
80 0.0809 0.0705 0.8597 0.1526 0.8264 0.2343 0.4984 0.8150 0.7342 0.7864
81 0.0881 0.0751 0.8567 0.1645 0.8217 0.2363 0.4965 0.8170 0.7344 0.7828
82 0.0863 0.0781 0.8575 0.1656 0.8269 0.2697 0.4927 0.8111 0.7639 0.7779
83 0.0738 0.0683 0.8655 0.1435 0.8324 0.2350 0.4912 0.8267 0.7279 0.7978
84 0.0674 0.0589 0.8702 0.1276 0.8406 0.1988 0.4846 0.8320 0.6851 0.8013
85 0.0577 0.0567 0.8783 0.1158 0.8497 0.2064 0.4828 0.8389 0.6909 0.8087
86 0.0599 0.0544 0.8802 0.1157 0.8487 0.2216 0.4770 0.8406 0.7004 0.8112
87 0.0650 0.0571 0.8798 0.1234 0.8491 0.2499 0.4889 0.8274 0.7405 0.7995
88 0.0723 0.0653 0.8655 0.1390 0.8322 0.2125 0.4902 0.8295 0.7042 0.7993
89 0.0802 0.0682 0.8617 0.1498 0.8274 0.3643 0.5012 0.8139 0.8671 0.7849
90 0.1029 0.0909 0.8500 0.1950 0.8159 0.3467 0.4968 0.8044 0.8451 0.7718
91 0.1022 0.0889 0.8450 0.1923 0.8088 0.2646 0.4831 0.8065 0.7492 0.7750
92 0.0746 0.0647 0.8704 0.1407 0.8386 0.2530 0.4922 0.8154 0.7468 0.7825
93 0.0743 0.0709 0.8593 0.1465 0.8268 0.2650 0.4906 0.8300 0.7572 0.8035
94 0.0636 0.0606 0.8790 0.1255 0.8487 0.2755 0.4788 0.8337 0.7560 0.8024
95 0.0577 0.0525 0.8788 0.1117 0.8500 0.2719 0.4797 0.8354 0.7533 0.8062
96 0.0563 0.0506 0.8802 0.1084 0.8506 0.2630 0.4802 0.8390 0.7449 0.8108
97 0.0601 0.0526 0.8740 0.1142 0.8443 0.2571 0.4826 0.8326 0.7414 0.8030
98 0.0751 0.0664 0.8662 0.1429 0.8362 0.2945 0.4893 0.8268 0.7855 0.8004
99 0.0829 0.0716 0.8608 0.1558 0.8292 0.2638 0.5056 0.7955 0.7709 0.7632
100 0.1001 0.0876 0.8494 0.1889 0.8173 0.3909 0.5309 0.7923 0.9231 0.7606
101 0.0936 0.0818 0.8526 0.1767 0.8186 0.2217 0.5157 0.8141 0.7388 0.7820
102 0.0798 0.0697 0.8673 0.1508 0.8345 0.2790 0.4876 0.8396 0.7683 0.8082
103 0.0682 0.0606 0.8711 0.1301 0.8408 0.2221 0.4693 0.8382 0.6932 0.8078
104 0.0610 0.0556 0.8851 0.1180 0.8531 0.2415 0.4695 0.8338 0.7128 0.8052
105 0.0592 0.0544 0.8828 0.1151 0.8538 0.2299 0.4738 0.8383 0.7055 0.8082
106 0.0585 0.0520 0.8809 0.1119 0.8516 0.2213 0.4639 0.8431 0.6871 0.8143
107 0.0603 0.0559 0.8782 0.1177 0.8472 0.2206 0.4818 0.8440 0.7041 0.8107
108 0.0678 0.0631 0.8681 0.1323 0.8362 0.3019 0.5165 0.8082 0.8201 0.7790
109 0.0735 0.0640 0.8680 0.1388 0.8362 0.3092 0.4998 0.8148 0.8104 0.7779
110 0.0834 0.0704 0.8629 0.1551 0.8312 0.3424 0.5473 0.7848 0.8909 0.7517
111 0.0776 0.0693 0.8590 0.1481 0.8264 0.2444 0.5142 0.8250 0.7601 0.7970
112 0.0638 0.0589 0.8737 0.1240 0.8433 0.2259 0.4887 0.8383 0.7162 0.8087
113 0.0599 0.0535 0.8833 0.1148 0.8527 0.2362 0.4893 0.8320 0.7271 0.8022
114 0.0502 0.0467 0.8861 0.0983 0.8578 0.2312 0.4839 0.8371 0.7168 0.8081
115 0.0530 0.0488 0.8885 0.1033 0.8602 0.2201 0.4824 0.8379 0.7042 0.8097
116 0.0514 0.0475 0.8882 0.1004 0.8600 0.2274 0.4792 0.8460 0.7084 0.8181
117 0.0515 0.0460 0.8802 0.0990 0.8518 0.2348 0.4840 0.8361 0.7204 0.8066
118 0.0555 0.0479 0.8792 0.1048 0.8485 0.2481 0.4946 0.8328 0.7444 0.8004
119 0.0705 0.0624 0.8731 0.1343 0.8428 0.2295 0.4919 0.8209 0.7230 0.7942
120 0.0801 0.0691 0.8640 0.1505 0.8324 0.2648 0.5372 0.7993 0.8032 0.7668
121 0.0787 0.0702 0.8616 0.1502 0.8290 0.2992 0.5016 0.8268 0.8023 0.7976
122 0.0729 0.0649 0.8712 0.1392 0.8407 0.2648 0.5011 0.8234 0.7675 0.7950
123 0.0579 0.0516 0.8832 0.1109 0.8539 0.2778 0.4921 0.8292 0.7715 0.7993
124 0.0547 0.0490 0.8893 0.1052 0.8617 0.2762 0.4884 0.8361 0.7663 0.8076
125 0.0496 0.0447 0.8907 0.0957 0.8622 0.2794 0.4856 0.8384 0.7668 0.8105
126 0.0509 0.0465 0.8891 0.0989 0.8611 0.2459 0.4837 0.8405 0.7313 0.8124
127 0.0593 0.0538 0.8808 0.1145 0.8507 0.2297 0.4888 0.8373 0.7202 0.8071
128 0.0571 0.0518 0.8804 0.1104 0.8509 0.3146 0.5077 0.8190 0.8239 0.7905
129 0.0736 0.0657 0.8657 0.1406 0.8354 0.2224 0.5080 0.8057 0.7319 0.7740
130 0.0857 0.0773 0.8632 0.1644 0.8313 0.2317 0.4931 0.8081 0.7262 0.7657
131 0.0754 0.0682 0.8668 0.1450 0.8370 0.4966 0.5728 0.7449 1.0705 0.7073
132 0.0723 0.0657 0.8727 0.1393 0.8409 0.2335 0.4804 0.8320 0.7158 0.8029
133 0.0597 0.0536 0.8749 0.1147 0.8447 0.3028 0.4986 0.8256 0.8032 0.7989
134 0.0518 0.0468 0.8889 0.1001 0.8613 0.2652 0.4844 0.8401 0.7515 0.8130
135 0.0491 0.0460 0.8847 0.0966 0.8582 0.2709 0.4848 0.8374 0.7576 0.8107
136 0.0500 0.0454 0.8895 0.0969 0.8600 0.2676 0.4836 0.8337 0.7530 0.8073
137 0.0536 0.0471 0.8854 0.1022 0.8569 0.2498 0.4867 0.8334 0.7382 0.8069
138 0.0554 0.0509 0.8812 0.1078 0.8521 0.2443 0.4846 0.8374 0.7308 0.8065
139 0.0727 0.0634 0.8657 0.1376 0.8353 0.2416 0.4991 0.8132 0.7424 0.7803
140 0.0962 0.0840 0.8501 0.1816 0.8166 0.2367 0.5271 0.7945 0.7653 0.7612
141 0.0945 0.0821 0.8608 0.1780 0.8275 0.3200 0.5549 0.7715 0.8762 0.7389
142 0.0711 0.0650 0.8670 0.1375 0.8355 0.2391 0.5053 0.8185 0.7460 0.7863
143 0.0562 0.0514 0.8749 0.1090 0.8444 0.2764 0.4903 0.8352 0.7684 0.8076
144 0.0471 0.0436 0.8911 0.0922 0.8630 0.2524 0.4833 0.8368 0.7375 0.8053
145 0.0467 0.0440 0.8847 0.0922 0.8571 0.2660 0.4832 0.8374 0.7510 0.8091
146 0.0481 0.0454 0.8907 0.0950 0.8610 0.2521 0.4849 0.8454 0.7388 0.8185
147 0.0510 0.0466 0.8847 0.0990 0.8551 0.2612 0.4821 0.8409 0.7452 0.8125
148 0.0653 0.0575 0.8782 0.1243 0.8501 0.2292 0.4949 0.8275 0.7258 0.7951
149 0.0634 0.0570 0.8790 0.1218 0.8469 0.4256 0.4837 0.8138 0.9109 0.7776
