epoch train_iou train_loss train_mAP val_iou val_mAP
0 0.6404 0.5544 0.5693 0.7298 0.6667
1 0.7185 0.4398 0.6608 0.7418 0.6898
2 0.7393 0.4057 0.6854 0.7764 0.7215
3 0.7611 0.3591 0.7098 0.7619 0.7035
4 0.7820 0.3443 0.7335 0.7917 0.7486
5 0.7851 0.3288 0.7392 0.7979 0.7510
6 0.7945 0.3305 0.7484 0.8048 0.7579
7 0.7894 0.3470 0.7422 0.7979 0.7553
8 0.7915 0.3645 0.7416 0.8096 0.7698
9 0.7929 0.3852 0.7472 0.7515 0.7038
10 0.7806 0.4157 0.7307 0.7644 0.7076
11 0.8040 0.3630 0.7602 0.8233 0.7845
12 0.8250 0.3219 0.7826 0.8112 0.7780
13 0.8328 0.3069 0.7927 0.8341 0.7974
14 0.8486 0.2855 0.8094 0.8392 0.8044
15 0.8527 0.2668 0.8177 0.8419 0.8097
16 0.8562 0.2677 0.8162 0.8393 0.8056
17 0.8463 0.3007 0.8094 0.8312 0.7950
18 0.8423 0.3227 0.8019 0.8363 0.7994
19 0.8298 0.3564 0.7901 0.8307 0.7959
20 0.8357 0.3427 0.7917 0.8384 0.8031
21 0.8341 0.3594 0.7958 0.8132 0.7792
22 0.8471 0.3179 0.8083 0.8341 0.8012
23 0.8646 0.2914 0.8293 0.8510 0.8215
24 0.8706 0.2695 0.8339 0.8522 0.8264
25 0.8765 0.2651 0.8431 0.8515 0.8250
26 0.8758 0.2656 0.8399 0.8454 0.8138
27 0.8709 0.2890 0.8336 0.8450 0.8162
28 0.8650 0.3099 0.8273 0.8462 0.8147
29 0.8534 0.3498 0.8146 0.8095 0.7755
30 0.8483 0.3870 0.8084 0.8121 0.7754
31 0.8558 0.3547 0.8177 0.8355 0.8044
32 0.8669 0.3274 0.8311 0.8386 0.8101
33 0.8878 0.2704 0.8541 0.8299 0.8018
34 0.8845 0.2778 0.8523 0.8433 0.8169
35 0.8927 0.2556 0.8586 0.8437 0.8167
36 0.8899 0.2601 0.8549 0.8364 0.8067
37 0.8877 0.2740 0.8535 0.8462 0.8148
38 0.8754 0.3198 0.8378 0.8403 0.8096
39 0.8648 0.3790 0.8269 0.8290 0.7995
40 0.8632 0.3763 0.8280 0.8350 0.8067
41 0.8678 0.3666 0.8327 0.8378 0.8053
42 0.8833 0.3270 0.8492 0.8461 0.8198
43 0.8814 0.3093 0.8456 0.8469 0.8209
44 0.8960 0.2821 0.8629 0.8521 0.8218
45 0.8987 0.2658 0.8645 0.8512 0.8209
46 0.8947 0.2859 0.8609 0.8509 0.8204
47 0.8919 0.3004 0.8572 0.8450 0.8191
48 0.8853 0.3324 0.8520 0.8414 0.8123
49 0.8774 0.3597 0.8430 0.8348 0.8061
50 0.8757 0.3808 0.8403 0.8127 0.7782
51 0.8816 0.3699 0.8473 0.8295 0.7996
52 0.8766 0.3611 0.8434 0.8478 0.8216
53 0.8884 0.3302 0.8556 0.8511 0.8242
54 0.9022 0.2885 0.8721 0.8529 0.8254
55 0.9013 0.2906 0.8692 0.8547 0.8262
56 0.9001 0.2906 0.8674 0.8567 0.8296
57 0.8960 0.3135 0.8625 0.8574 0.8306
58 0.8913 0.3332 0.8596 0.8378 0.8072
59 0.8881 0.3565 0.8548 0.8366 0.8049
60 0.8782 0.4069 0.8438 0.8372 0.8018
61 0.8875 0.3745 0.8543 0.8311 0.8005
62 0.8870 0.3773 0.8521 0.8390 0.8106
63 0.8945 0.3454 0.8601 0.8503 0.8233
64 0.9030 0.3157 0.8737 0.8499 0.8243
65 0.9072 0.2978 0.8751 0.8509 0.8246
66 0.9078 0.2980 0.8766 0.8405 0.8159
67 0.9026 0.3251 0.8704 0.8449 0.8225
68 0.9029 0.3302 0.8721 0.8394 0.8114
69 0.8905 0.3952 0.8582 0.8507 0.8219
70 0.8906 0.4073 0.8592 0.8372 0.8090
71 0.8840 0.4242 0.8512 0.8383 0.8136
72 0.8922 0.3808 0.8583 0.8478 0.8200
73 0.8961 0.3675 0.8636 0.8496 0.8204
74 0.9053 0.3375 0.8748 0.8529 0.8233
75 0.9081 0.3254 0.8787 0.8603 0.8326
76 0.9126 0.3091 0.8827 0.8584 0.8284
77 0.9078 0.3298 0.8773 0.8515 0.8231
78 0.9025 0.3593 0.8726 0.8504 0.8214
79 0.8944 0.3984 0.8605 0.8510 0.8221
80 0.8773 0.4756 0.8465 0.8317 0.8053
81 0.8851 0.4520 0.8551 0.8145 0.7839
82 0.8843 0.4447 0.8530 0.8446 0.8096
83 0.9027 0.3734 0.8715 0.8560 0.8267
84 0.9118 0.3439 0.8827 0.8600 0.8321
85 0.9097 0.3417 0.8800 0.8597 0.8340
86 0.9090 0.3445 0.8797 0.8583 0.8325
87 0.9111 0.3479 0.8818 0.8425 0.8153
88 0.9028 0.3837 0.8728 0.8415 0.8160
89 0.9005 0.4038 0.8703 0.8399 0.8124
90 0.8761 0.5021 0.8411 0.8402 0.8108
91 0.8834 0.4810 0.8511 0.8421 0.8133
92 0.8956 0.4222 0.8634 0.8271 0.7976
93 0.8989 0.4157 0.8687 0.8512 0.8250
94 0.9064 0.3760 0.8774 0.8549 0.8281
95 0.9140 0.3449 0.8862 0.8576 0.8305
96 0.9170 0.3454 0.8894 0.8581 0.8339
97 0.9111 0.3626 0.8820 0.8489 0.8194
98 0.9106 0.3678 0.8821 0.8474 0.8189
99 0.8984 0.4247 0.8683 0.8244 0.7978
100 0.9006 0.4112 0.8702 0.8576 0.8316
101 0.9052 0.3865 0.8777 0.8539 0.8255
102 0.9088 0.3728 0.8808 0.8570 0.8298
103 0.9119 0.3601 0.8817 0.8598 0.8365
104 0.9155 0.3461 0.8899 0.8612 0.8347
105 0.9139 0.3494 0.8870 0.8614 0.8363
106 0.9120 0.3504 0.8856 0.8602 0.8345
107 0.9174 0.3355 0.8901 0.8612 0.8341
108 0.9188 0.3360 0.8894 0.8563 0.8303
109 0.9152 0.3509 0.8886 0.8573 0.8299
110 0.9099 0.3662 0.8817 0.8552 0.8260
111 0.9079 0.3707 0.8798 0.8641 0.8382
112 0.9173 0.3379 0.8894 0.8567 0.8308
113 0.9192 0.3274 0.8920 0.8595 0.8332
114 0.9178 0.3326 0.8922 0.8620 0.8373
115 0.9202 0.3185 0.8937 0.8623 0.8365
116 0.9258 0.3019 0.8993 0.8637 0.8388
117 0.9203 0.3242 0.8952 0.8630 0.8387
118 0.9179 0.3401 0.8923 0.8537 0.8258
119 0.9176 0.3335 0.8906 0.8465 0.8191
120 0.9133 0.3501 0.8843 0.8519 0.8243
121 0.9143 0.3487 0.8859 0.8506 0.8244
122 0.9249 0.3112 0.8987 0.8607 0.8344
123 0.9229 0.3137 0.8962 0.8577 0.8331
124 0.9168 0.3323 0.8883 0.8559 0.8296
125 0.9234 0.3087 0.8990 0.8566 0.8309
126 0.9207 0.3124 0.8946 0.8605 0.8332
127 0.9260 0.3086 0.9010 0.8565 0.8308
128 0.9258 0.3035 0.8982 0.8560 0.8293
129 0.9173 0.3363 0.8924 0.8544 0.8276
130 0.9106 0.3649 0.8828 0.8477 0.8169
131 0.9151 0.3413 0.8903 0.8561 0.8275
132 0.9158 0.3419 0.8890 0.8620 0.8364
133 0.9229 0.3148 0.8968 0.8599 0.8343
134 0.9237 0.3092 0.8988 0.8580 0.8349
135 0.9250 0.2996 0.9003 0.8607 0.8367
136 0.9231 0.3067 0.8983 0.8643 0.8391
137 0.9256 0.3024 0.9007 0.8661 0.8413
138 0.9224 0.3103 0.8966 0.8535 0.8258
139 0.9172 0.3347 0.8893 0.8508 0.8220
140 0.9094 0.3701 0.8803 0.8613 0.8332
141 0.9175 0.3340 0.8928 0.8605 0.8362
142 0.9217 0.3234 0.8951 0.8613 0.8351
143 0.9214 0.3169 0.8944 0.8598 0.8345
144 0.9232 0.3032 0.8988 0.8624 0.8371
145 0.9249 0.3005 0.9002 0.8629 0.8387
146 0.9242 0.2979 0.8987 0.8632 0.8380
147 0.9273 0.2915 0.9027 0.8568 0.8316
148 0.9232 0.3124 0.8984 0.8582 0.8323
149 0.9192 0.3281 0.8932 0.8554 0.8298
150 0.9216 0.3167 0.8960 0.8571 0.8316
151 0.9218 0.3151 0.8972 0.8528 0.8274
152 0.9205 0.3195 0.8950 0.8489 0.8234
153 0.9264 0.2995 0.9007 0.8612 0.8358
154 0.9300 0.2784 0.9077 0.8618 0.8350
155 0.9262 0.3022 0.9008 0.8647 0.8371
156 0.9315 0.2836 0.9075 0.8615 0.8361
157 0.9217 0.3040 0.8962 0.8613 0.8371
158 0.9293 0.2897 0.9042 0.8572 0.8312
159 0.9228 0.3215 0.8971 0.8593 0.8306
160 0.9232 0.3076 0.8967 0.8626 0.8349
161 0.9251 0.3058 0.9010 0.8559 0.8293
162 0.9260 0.2918 0.9000 0.8582 0.8322
163 0.9263 0.2897 0.9030 0.8635 0.8373
164 0.9277 0.2965 0.9034 0.8643 0.8385
165 0.9312 0.2805 0.9086 0.8630 0.8367
166 0.9287 0.2816 0.9062 0.8643 0.8373
167 0.9312 0.2770 0.9079 0.8622 0.8368
168 0.9319 0.2753 0.9102 0.8640 0.8377
169 0.9297 0.2815 0.9050 0.8664 0.8401
170 0.9292 0.2811 0.9047 0.8629 0.8355
171 0.9294 0.2808 0.9078 0.8620 0.8347
172 0.9309 0.2780 0.9075 0.8598 0.8321
173 0.9308 0.2733 0.9084 0.8574 0.8308
174 0.9319 0.2693 0.9097 0.8564 0.8298
175 0.9337 0.2614 0.9112 0.8609 0.8333
176 0.9318 0.2708 0.9097 0.8534 0.8256
177 0.9298 0.2782 0.9084 0.8593 0.8317
178 0.9268 0.2874 0.9032 0.8595 0.8325
179 0.9318 0.2787 0.9085 0.8582 0.8309
180 0.9305 0.2813 0.9083 0.8573 0.8311
181 0.9296 0.2787 0.9062 0.8606 0.8323
182 0.9309 0.2721 0.9083 0.8557 0.8261
183 0.9323 0.2706 0.9110 0.8581 0.8302
184 0.9310 0.2743 0.9085 0.8590 0.8325
185 0.9293 0.2768 0.9071 0.8566 0.8291
186 0.9273 0.2887 0.9042 0.8539 0.8249
187 0.9342 0.2620 0.9119 0.8586 0.8320
188 0.9282 0.2852 0.9067 0.8592 0.8304
189 0.9297 0.2799 0.9075 0.8571 0.8296
190 0.9329 0.2692 0.9089 0.8552 0.8276
191 0.9311 0.2745 0.9069 0.8582 0.8294
192 0.9303 0.2743 0.9074 0.8566 0.8302
193 0.9321 0.2635 0.9093 0.8609 0.8341
194 0.9357 0.2590 0.9133 0.8601 0.8335
195 0.9304 0.2757 0.9092 0.8638 0.8377
196 0.9318 0.2681 0.9080 0.8626 0.8358
197 0.9346 0.2612 0.9120 0.8605 0.8337
198 0.9304 0.2728 0.9081 0.8636 0.8373
199 0.9330 0.2674 0.9098 0.8603 0.8343
