epoch train_iou train_loss train_mAP val_iou val_mAP
0 0.6667 1.0516 0.5952 0.7346 0.6715
1 0.7516 0.8007 0.6949 0.7690 0.7207
2 0.7845 0.6963 0.7324 0.7729 0.7281
3 0.7988 0.6304 0.7471 0.7842 0.7317
4 0.8121 0.5865 0.7632 0.8063 0.7663
5 0.8204 0.5564 0.7759 0.8082 0.7701
6 0.8233 0.5552 0.7779 0.7979 0.7576
7 0.8111 0.5931 0.7640 0.7765 0.7398
8 0.8213 0.5710 0.7792 0.7885 0.7456
9 0.8129 0.5939 0.7666 0.7873 0.7458
10 0.8150 0.5945 0.7689 0.8064 0.7778
11 0.8268 0.5490 0.7857 0.8229 0.7799
12 0.8409 0.5023 0.8001 0.8374 0.8010
13 0.8431 0.4696 0.8042 0.8331 0.7976
14 0.8585 0.4343 0.8198 0.8358 0.7983
15 0.8635 0.4121 0.8253 0.8385 0.8008
16 0.8589 0.4160 0.8209 0.8345 0.7995
17 0.8535 0.4455 0.8146 0.8431 0.8055
18 0.8522 0.4450 0.8136 0.8304 0.7944
19 0.8427 0.4881 0.8021 0.8238 0.7859
20 0.8376 0.5037 0.7947 0.8155 0.7870
21 0.8414 0.4988 0.8039 0.8380 0.8029
22 0.8630 0.4280 0.8247 0.8376 0.8030
23 0.8715 0.3855 0.8350 0.8504 0.8111
24 0.8795 0.3487 0.8423 0.8568 0.8209
25 0.8850 0.3290 0.8483 0.8537 0.8181
26 0.8837 0.3355 0.8496 0.8557 0.8214
27 0.8759 0.3647 0.8400 0.8484 0.8149
28 0.8707 0.3867 0.8350 0.8474 0.8090
29 0.8646 0.4058 0.8271 0.8370 0.8008
30 0.8632 0.4254 0.8262 0.8308 0.7990
31 0.8622 0.4192 0.8271 0.8444 0.8048
32 0.8788 0.3701 0.8468 0.8380 0.8016
33 0.8841 0.3440 0.8513 0.8328 0.8029
34 0.8914 0.3150 0.8623 0.8590 0.8263
35 0.8946 0.3017 0.8606 0.8591 0.8238
36 0.8949 0.2930 0.8607 0.8613 0.8285
37 0.8888 0.3123 0.8553 0.8570 0.8255
38 0.8873 0.3253 0.8522 0.8332 0.7877
39 0.8770 0.3671 0.8397 0.8399 0.8059
40 0.8663 0.4050 0.8288 0.8271 0.7855
41 0.8740 0.3775 0.8393 0.8350 0.7923
42 0.8781 0.3572 0.8451 0.8524 0.8212
43 0.8873 0.3194 0.8549 0.8589 0.8285
44 0.8958 0.2921 0.8622 0.8621 0.8334
45 0.9025 0.2792 0.8717 0.8608 0.8296
46 0.9020 0.2735 0.8724 0.8598 0.8312
47 0.8998 0.2828 0.8664 0.8499 0.8233
48 0.8961 0.3006 0.8657 0.8543 0.8179
49 0.8820 0.3504 0.8490 0.8343 0.7994
50 0.8759 0.3741 0.8413 0.8325 0.8025
51 0.8812 0.3562 0.8475 0.8527 0.8224
52 0.8877 0.3254 0.8543 0.8557 0.8246
53 0.8976 0.2944 0.8637 0.8509 0.8222
54 0.8972 0.2707 0.8660 0.8600 0.8299
55 0.9072 0.2523 0.8764 0.8590 0.8320
56 0.9090 0.2521 0.8793 0.8593 0.8298
57 0.9006 0.2654 0.8695 0.8615 0.8308
58 0.8975 0.2867 0.8668 0.8540 0.8178
59 0.8921 0.3212 0.8581 0.8324 0.8007
60 0.8874 0.3370 0.8537 0.8381 0.8066
61 0.8874 0.3345 0.8536 0.8393 0.8073
62 0.8886 0.3137 0.8556 0.8605 0.8239
63 0.9023 0.2774 0.8724 0.8559 0.8243
64 0.9063 0.2523 0.8764 0.8596 0.8293
65 0.9085 0.2419 0.8784 0.8605 0.8311
66 0.9102 0.2391 0.8807 0.8586 0.8274
67 0.9065 0.2453 0.8768 0.8640 0.8312
68 0.9009 0.2787 0.8706 0.8352 0.8107
69 0.8991 0.2932 0.8684 0.8552 0.8268
70 0.8818 0.3490 0.8479 0.8416 0.8066
71 0.8909 0.3146 0.8591 0.8522 0.8210
72 0.8984 0.2865 0.8684 0.8537 0.8240
73 0.9049 0.2616 0.8753 0.8520 0.8215
74 0.9138 0.2334 0.8857 0.8603 0.8284
75 0.9125 0.2352 0.8836 0.8622 0.8319
76 0.9173 0.2313 0.8897 0.8641 0.8334
77 0.9142 0.2313 0.8847 0.8577 0.8279
78 0.9088 0.2476 0.8813 0.8531 0.8215
79 0.8978 0.2796 0.8667 0.8559 0.8242
80 0.8963 0.2946 0.8680 0.8171 0.7779
81 0.8861 0.3345 0.8541 0.8445 0.8117
82 0.9019 0.2735 0.8735 0.8569 0.8292
83 0.9082 0.2476 0.8802 0.8499 0.8204
84 0.9156 0.2309 0.8877 0.8583 0.8279
85 0.9137 0.2231 0.8868 0.8597 0.8303
86 0.9188 0.2171 0.8930 0.8531 0.8215
87 0.9144 0.2284 0.8866 0.8572 0.8262
88 0.9110 0.2425 0.8816 0.8406 0.8130
89 0.8971 0.2856 0.8658 0.8444 0.8103
90 0.8897 0.3175 0.8568 0.8477 0.8194
91 0.9048 0.2705 0.8765 0.8538 0.8225
92 0.9072 0.2605 0.8783 0.8552 0.8267
93 0.9088 0.2422 0.8792 0.8631 0.8338
94 0.9155 0.2294 0.8875 0.8594 0.8291
95 0.9176 0.2127 0.8896 0.8623 0.8344
96 0.9193 0.2117 0.8930 0.8618 0.8321
97 0.9177 0.2164 0.8924 0.8510 0.8189
98 0.9098 0.2469 0.8800 0.8528 0.8232
99 0.9038 0.2789 0.8736 0.8495 0.8177
100 0.9101 0.2396 0.8816 0.8644 0.8345
101 0.9141 0.2330 0.8857 0.8653 0.8351
102 0.9201 0.2109 0.8933 0.8627 0.8320
103 0.9229 0.2030 0.8961 0.8596 0.8274
104 0.9216 0.2050 0.8966 0.8625 0.8323
105 0.9216 0.2030 0.8986 0.8615 0.8331
106 0.9236 0.1947 0.8974 0.8643 0.8346
107 0.9240 0.1919 0.8983 0.8649 0.8329
108 0.9219 0.2032 0.8957 0.8581 0.8254
109 0.9165 0.2085 0.8899 0.8519 0.8239
110 0.9197 0.2142 0.8925 0.8569 0.8242
111 0.9185 0.2198 0.8921 0.8626 0.8338
112 0.9216 0.2017 0.8948 0.8535 0.8260
113 0.9221 0.1979 0.8982 0.8616 0.8327
114 0.9256 0.1903 0.9012 0.8577 0.8286
115 0.9237 0.1906 0.8991 0.8581 0.8287
116 0.9271 0.1895 0.9016 0.8575 0.8296
117 0.9218 0.1962 0.8954 0.8632 0.8326
118 0.9226 0.1937 0.8977 0.8590 0.8280
119 0.9223 0.2028 0.8946 0.8632 0.8344
120 0.9265 0.1912 0.9027 0.8568 0.8278
121 0.9216 0.2014 0.8968 0.8582 0.8252
122 0.9275 0.1897 0.9032 0.8591 0.8314
123 0.9265 0.1901 0.9011 0.8559 0.8286
124 0.9288 0.1813 0.9037 0.8577 0.8314
125 0.9270 0.1844 0.9007 0.8587 0.8308
126 0.9315 0.1731 0.9082 0.8597 0.8327
127 0.9270 0.1783 0.9030 0.8529 0.8266
128 0.9242 0.1878 0.8987 0.8547 0.8260
129 0.9289 0.1803 0.9032 0.8555 0.8251
130 0.9241 0.1931 0.9004 0.8525 0.8274
131 0.9282 0.1935 0.9027 0.8528 0.8236
132 0.9245 0.1935 0.8998 0.8596 0.8309
133 0.9261 0.1859 0.9011 0.8536 0.8243
134 0.9282 0.1786 0.9052 0.8618 0.8326
135 0.9301 0.1748 0.9083 0.8601 0.8311
136 0.9310 0.1722 0.9088 0.8582 0.8290
137 0.9312 0.1750 0.9071 0.8617 0.8314
138 0.9310 0.1754 0.9078 0.8611 0.8364
139 0.9285 0.1861 0.9053 0.8589 0.8276
140 0.9237 0.2034 0.8965 0.8527 0.8255
141 0.9206 0.2040 0.8953 0.8573 0.8280
142 0.9255 0.1893 0.8991 0.8655 0.8368
143 0.9305 0.1745 0.9065 0.8654 0.8361
144 0.9277 0.1803 0.9052 0.8683 0.8406
145 0.9334 0.1643 0.9106 0.8673 0.8391
146 0.9320 0.1683 0.9103 0.8698 0.8424
147 0.9321 0.1765 0.9091 0.8638 0.8385
148 0.9298 0.1719 0.9063 0.8632 0.8355
149 0.9310 0.1788 0.9070 0.8608 0.8385
150 0.9300 0.1779 0.9078 0.8659 0.8365
151 0.9272 0.1924 0.9037 0.8680 0.8382
152 0.9305 0.1751 0.9091 0.8586 0.8317
153 0.9309 0.1791 0.9073 0.8628 0.8358
154 0.9310 0.1683 0.9077 0.8594 0.8349
155 0.9327 0.1688 0.9138 0.8619 0.8351
156 0.9334 0.1623 0.9100 0.8654 0.8379
157 0.9309 0.1705 0.9076 0.8677 0.8376
158 0.9336 0.1665 0.9129 0.8641 0.8351
159 0.9322 0.1748 0.9090 0.8582 0.8273
160 0.9337 0.1659 0.9102 0.8565 0.8303
161 0.9317 0.1632 0.9088 0.8639 0.8347
162 0.9349 0.1631 0.9122 0.8639 0.8369
163 0.9381 0.1518 0.9169 0.8641 0.8355
164 0.9387 0.1537 0.9178 0.8616 0.8347
165 0.9380 0.1501 0.9173 0.8616 0.8347
166 0.9364 0.1540 0.9146 0.8614 0.8353
167 0.9368 0.1520 0.9165 0.8630 0.8339
168 0.9347 0.1603 0.9131 0.8610 0.8355
169 0.9347 0.1581 0.9141 0.8675 0.8373
170 0.9364 0.1559 0.9157 0.8621 0.8339
171 0.9355 0.1588 0.9146 0.8609 0.8320
172 0.9377 0.1512 0.9178 0.8636 0.8339
173 0.9386 0.1517 0.9174 0.8616 0.8341
174 0.9364 0.1565 0.9162 0.8645 0.8371
175 0.9398 0.1489 0.9209 0.8647 0.8364
176 0.9418 0.1463 0.9216 0.8608 0.8350
177 0.9376 0.1511 0.9181 0.8623 0.8345
178 0.9359 0.1553 0.9136 0.8629 0.8364
179 0.9383 0.1513 0.9178 0.8625 0.8339
180 0.9359 0.1555 0.9171 0.8591 0.8292
181 0.9340 0.1575 0.9115 0.8623 0.8353
182 0.9339 0.1541 0.9129 0.8629 0.8334
183 0.9382 0.1490 0.9193 0.8623 0.8345
184 0.9393 0.1502 0.9190 0.8620 0.8343
185 0.9401 0.1449 0.9201 0.8614 0.8341
186 0.9410 0.1466 0.9215 0.8618 0.8334
187 0.9394 0.1476 0.9196 0.8609 0.8343
188 0.9334 0.1616 0.9112 0.8639 0.8343
189 0.9400 0.1471 0.9188 0.8637 0.8375
190 0.9368 0.1533 0.9168 0.8683 0.8403
191 0.9353 0.1557 0.9132 0.8661 0.8368
192 0.9391 0.1470 0.9177 0.8625 0.8343
193 0.9396 0.1483 0.9187 0.8599 0.8319
194 0.9408 0.1456 0.9200 0.8596 0.8314
195 0.9410 0.1468 0.9209 0.8594 0.8323
196 0.9388 0.1461 0.9188 0.8604 0.8325
197 0.9410 0.1428 0.9200 0.8615 0.8334
198 0.9369 0.1487 0.9161 0.8599 0.8329
199 0.9368 0.1499 0.9160 0.8593 0.8302
