epoch train_iou train_loss train_mAP val_iou val_mAP
0 0.6344 1.1506 0.5617 0.6760 0.5953
1 0.7101 0.9321 0.6496 0.7417 0.6835
2 0.7479 0.7899 0.6933 0.7679 0.7108
3 0.7719 0.7200 0.7190 0.7831 0.7388
4 0.7884 0.6671 0.7386 0.7941 0.7536
5 0.7900 0.6497 0.7398 0.7990 0.7571
6 0.7893 0.6592 0.7410 0.8009 0.7612
7 0.7870 0.6690 0.7369 0.7947 0.7554
8 0.7891 0.6724 0.7427 0.7992 0.7605
9 0.7879 0.6690 0.7410 0.7817 0.7200
10 0.7936 0.6584 0.7463 0.8144 0.7790
11 0.7974 0.6456 0.7524 0.7914 0.7602
12 0.8106 0.6042 0.7695 0.8152 0.7794
13 0.8257 0.5435 0.7852 0.8236 0.7900
14 0.8292 0.5200 0.7918 0.8371 0.8032
15 0.8413 0.4845 0.8032 0.8382 0.8082
16 0.8406 0.4881 0.8033 0.8404 0.8069
17 0.8371 0.5145 0.7964 0.8334 0.8007
18 0.8308 0.5341 0.7893 0.8276 0.7906
19 0.8081 0.5848 0.7653 0.8127 0.7737
20 0.8231 0.5723 0.7843 0.8188 0.7770
21 0.8209 0.5612 0.7805 0.8198 0.7941
22 0.8332 0.5124 0.7947 0.8292 0.7982
23 0.8440 0.4845 0.8089 0.8494 0.8166
24 0.8532 0.4503 0.8165 0.8506 0.8200
25 0.8528 0.4381 0.8180 0.8516 0.8202
26 0.8524 0.4406 0.8167 0.8546 0.8203
27 0.8477 0.4611 0.8112 0.8431 0.8111
28 0.8478 0.4777 0.8117 0.8281 0.7845
29 0.8373 0.5069 0.8008 0.8325 0.8006
30 0.8384 0.5137 0.8023 0.8201 0.7937
31 0.8358 0.5148 0.7973 0.8275 0.7931
32 0.8393 0.4919 0.8030 0.8398 0.8073
33 0.8608 0.4304 0.8267 0.8367 0.8096
34 0.8661 0.3999 0.8296 0.8484 0.8209
35 0.8696 0.3817 0.8332 0.8500 0.8221
36 0.8710 0.3852 0.8358 0.8498 0.8228
37 0.8613 0.4209 0.8252 0.8451 0.8141
38 0.8665 0.4143 0.8282 0.8255 0.7966
39 0.8583 0.4463 0.8243 0.8327 0.8047
40 0.8495 0.4638 0.8145 0.7975 0.7417
41 0.8479 0.4681 0.8122 0.7943 0.7716
42 0.8492 0.4660 0.8138 0.8380 0.8040
43 0.8684 0.4082 0.8331 0.8494 0.8183
44 0.8699 0.3885 0.8372 0.8479 0.8203
45 0.8744 0.3762 0.8419 0.8518 0.8250
46 0.8719 0.3741 0.8358 0.8605 0.8321
47 0.8791 0.3517 0.8457 0.8480 0.8210
48 0.8696 0.3942 0.8365 0.8516 0.8197
49 0.8635 0.4271 0.8256 0.8244 0.7969
50 0.8557 0.4440 0.8213 0.8413 0.8103
51 0.8581 0.4366 0.8216 0.8443 0.8167
52 0.8601 0.4227 0.8256 0.8459 0.8175
53 0.8670 0.3872 0.8340 0.8503 0.8245
54 0.8819 0.3413 0.8447 0.8550 0.8279
55 0.8821 0.3346 0.8488 0.8561 0.8288
56 0.8828 0.3349 0.8480 0.8511 0.8256
57 0.8821 0.3458 0.8494 0.8511 0.8251
58 0.8766 0.3591 0.8403 0.8482 0.8166
59 0.8681 0.3916 0.8313 0.8316 0.8058
60 0.8581 0.4358 0.8205 0.8331 0.8081
61 0.8677 0.4274 0.8322 0.8436 0.8137
62 0.8676 0.3814 0.8316 0.8446 0.8204
63 0.8774 0.3612 0.8428 0.8591 0.8338
64 0.8854 0.3246 0.8519 0.8634 0.8367
65 0.8926 0.3110 0.8591 0.8602 0.8337
66 0.8862 0.3165 0.8527 0.8537 0.8255
67 0.8958 0.3093 0.8610 0.8488 0.8201
68 0.8846 0.3525 0.8490 0.8333 0.8024
69 0.8855 0.3531 0.8492 0.8504 0.8185
70 0.8614 0.4237 0.8222 0.8436 0.8123
71 0.8637 0.4156 0.8295 0.8351 0.8088
72 0.8782 0.3548 0.8440 0.8529 0.8215
73 0.8868 0.3320 0.8533 0.8527 0.8244
74 0.8967 0.2925 0.8666 0.8484 0.8224
75 0.8957 0.3018 0.8635 0.8540 0.8285
76 0.8961 0.2879 0.8640 0.8572 0.8291
77 0.8954 0.2957 0.8609 0.8582 0.8303
78 0.8940 0.3076 0.8609 0.8419 0.8050
79 0.8707 0.3952 0.8362 0.8278 0.7981
80 0.8674 0.3966 0.8327 0.8421 0.8137
81 0.8744 0.3723 0.8373 0.8487 0.8184
82 0.8804 0.3514 0.8480 0.8358 0.8125
83 0.8961 0.3152 0.8625 0.8513 0.8260
84 0.8902 0.3083 0.8589 0.8538 0.8299
85 0.8997 0.2852 0.8653 0.8543 0.8302
86 0.8976 0.2953 0.8659 0.8575 0.8325
87 0.8927 0.2941 0.8587 0.8523 0.8252
88 0.8932 0.3069 0.8600 0.8558 0.8272
89 0.8819 0.3426 0.8508 0.8485 0.8221
90 0.8715 0.4070 0.8383 0.8386 0.8076
91 0.8791 0.3680 0.8451 0.8448 0.8174
92 0.8857 0.3323 0.8543 0.8520 0.8255
93 0.8958 0.2972 0.8640 0.8504 0.8213
94 0.8994 0.2789 0.8667 0.8620 0.8356
95 0.9016 0.2735 0.8702 0.8622 0.8358
96 0.8994 0.2724 0.8656 0.8556 0.8292
97 0.8976 0.2811 0.8635 0.8588 0.8309
98 0.8977 0.2971 0.8641 0.8485 0.8222
99 0.8839 0.3458 0.8510 0.8422 0.8153
100 0.8943 0.2991 0.8615 0.8543 0.8285
101 0.9004 0.2779 0.8684 0.8557 0.8279
102 0.9011 0.2724 0.8697 0.8592 0.8315
103 0.9075 0.2496 0.8792 0.8557 0.8303
104 0.9090 0.2423 0.8775 0.8590 0.8325
105 0.9061 0.2478 0.8776 0.8601 0.8343
106 0.9127 0.2409 0.8823 0.8597 0.8311
107 0.9092 0.2449 0.8783 0.8563 0.8335
108 0.9052 0.2563 0.8738 0.8647 0.8368
109 0.9036 0.2523 0.8700 0.8548 0.8279
110 0.9080 0.2504 0.8767 0.8513 0.8248
111 0.9051 0.2573 0.8742 0.8587 0.8305
112 0.9075 0.2481 0.8784 0.8580 0.8293
113 0.9080 0.2407 0.8763 0.8525 0.8262
114 0.9123 0.2415 0.8806 0.8563 0.8323
115 0.9143 0.2302 0.8843 0.8541 0.8314
116 0.9173 0.2230 0.8885 0.8636 0.8392
117 0.9072 0.2431 0.8752 0.8594 0.8329
118 0.9085 0.2408 0.8778 0.8508 0.8261
119 0.9104 0.2407 0.8794 0.8535 0.8272
120 0.9009 0.2755 0.8705 0.8496 0.8246
121 0.9064 0.2570 0.8748 0.8565 0.8305
122 0.9100 0.2441 0.8809 0.8539 0.8262
123 0.9100 0.2366 0.8812 0.8595 0.8361
124 0.9136 0.2235 0.8833 0.8547 0.8299
125 0.9114 0.2277 0.8818 0.8580 0.8328
126 0.9156 0.2232 0.8857 0.8609 0.8359
127 0.9148 0.2260 0.8864 0.8646 0.8388
128 0.9122 0.2321 0.8819 0.8631 0.8380
129 0.9115 0.2338 0.8809 0.8575 0.8323
130 0.9084 0.2590 0.8767 0.8578 0.8286
131 0.9066 0.2578 0.8767 0.8532 0.8260
132 0.9099 0.2439 0.8803 0.8602 0.8344
133 0.9140 0.2236 0.8849 0.8595 0.8328
134 0.9141 0.2190 0.8835 0.8614 0.8357
135 0.9153 0.2155 0.8857 0.8620 0.8352
136 0.9170 0.2195 0.8910 0.8606 0.8362
137 0.9190 0.2116 0.8915 0.8625 0.8362
138 0.9158 0.2185 0.8880 0.8598 0.8373
139 0.9093 0.2348 0.8810 0.8599 0.8337
140 0.9114 0.2432 0.8831 0.8616 0.8322
141 0.9089 0.2388 0.8795 0.8591 0.8334
142 0.9097 0.2451 0.8804 0.8589 0.8329
143 0.9118 0.2321 0.8804 0.8604 0.8367
144 0.9156 0.2185 0.8855 0.8629 0.8369
145 0.9178 0.2117 0.8888 0.8644 0.8385
146 0.9186 0.2111 0.8917 0.8665 0.8415
147 0.9201 0.2077 0.8919 0.8601 0.8332
148 0.9170 0.2140 0.8893 0.8614 0.8370
149 0.9122 0.2271 0.8838 0.8642 0.8346
150 0.9064 0.2528 0.8769 0.8468 0.8174
151 0.9059 0.2561 0.8763 0.8618 0.8337
152 0.9127 0.2300 0.8839 0.8553 0.8290
153 0.9143 0.2204 0.8843 0.8627 0.8379
154 0.9223 0.2014 0.8949 0.8633 0.8374
155 0.9214 0.2009 0.8939 0.8646 0.8382
156 0.9209 0.2038 0.8932 0.8657 0.8391
157 0.9163 0.2152 0.8882 0.8672 0.8407
158 0.9199 0.2127 0.8929 0.8692 0.8421
159 0.9151 0.2319 0.8869 0.8647 0.8404
160 0.9154 0.2185 0.8871 0.8678 0.8418
161 0.9197 0.2080 0.8914 0.8671 0.8406
162 0.9195 0.2046 0.8916 0.8673 0.8401
163 0.9216 0.2008 0.8931 0.8687 0.8415
164 0.9200 0.2030 0.8922 0.8683 0.8407
165 0.9207 0.2051 0.8909 0.8699 0.8430
166 0.9186 0.2042 0.8927 0.8668 0.8409
167 0.9198 0.1993 0.8922 0.8675 0.8404
168 0.9202 0.1973 0.8944 0.8710 0.8454
169 0.9250 0.1929 0.8981 0.8671 0.8431
170 0.9221 0.2003 0.8947 0.8690 0.8427
171 0.9254 0.1933 0.8994 0.8678 0.8419
172 0.9206 0.1963 0.8932 0.8661 0.8421
173 0.9223 0.1927 0.8949 0.8654 0.8405
174 0.9226 0.1886 0.8968 0.8655 0.8405
175 0.9242 0.1908 0.8969 0.8664 0.8410
176 0.9229 0.1949 0.8965 0.8676 0.8438
177 0.9234 0.1928 0.8981 0.8671 0.8423
178 0.9270 0.1878 0.8998 0.8702 0.8446
179 0.9293 0.1818 0.9016 0.8702 0.8427
180 0.9213 0.1969 0.8946 0.8697 0.8442
181 0.9232 0.1914 0.8960 0.8654 0.8395
182 0.9247 0.1868 0.8977 0.8691 0.8444
183 0.9236 0.1899 0.8962 0.8679 0.8419
184 0.9211 0.1914 0.8935 0.8660 0.8410
185 0.9265 0.1851 0.8998 0.8684 0.8431
186 0.9192 0.1949 0.8917 0.8684 0.8412
187 0.9241 0.1925 0.9001 0.8708 0.8462
188 0.9278 0.1862 0.9016 0.8699 0.8442
189 0.9252 0.1916 0.8967 0.8679 0.8441
190 0.9243 0.1878 0.8976 0.8695 0.8415
191 0.9228 0.1927 0.8957 0.8715 0.8464
192 0.9235 0.1854 0.8964 0.8687 0.8451
193 0.9264 0.1822 0.9012 0.8656 0.8401
194 0.9281 0.1788 0.9020 0.8723 0.8476
195 0.9260 0.1865 0.8996 0.8704 0.8452
196 0.9258 0.1806 0.9005 0.8704 0.8466
197 0.9260 0.1827 0.8992 0.8695 0.8447
198 0.9239 0.1906 0.8965 0.8697 0.8456
199 0.9216 0.1890 0.8931 0.8659 0.8389
