epoch train_BCELoss train_SoftDiceLoss train_iou train_loss train_mAP val_BCELoss val_SoftDiceLoss val_iou val_loss val_mAP
0 0.5613 0.5951 0.2562 1.1559 0.1807 0.4634 0.6888 0.5030 1.1517 0.4284
1 0.2720 0.2684 0.6477 0.5405 0.5804 0.2229 0.5828 0.7035 0.8060 0.6472
2 0.2323 0.2215 0.6862 0.4542 0.6209 0.2300 0.5644 0.7036 0.7949 0.6504
3 0.2036 0.1871 0.7142 0.3912 0.6540 0.3138 0.5723 0.7106 0.8867 0.6653
4 0.1873 0.1718 0.7300 0.3597 0.6758 0.2552 0.5538 0.7108 0.8097 0.6627
5 0.1848 0.1682 0.7337 0.3536 0.6804 0.2945 0.5533 0.7373 0.8486 0.6875
6 0.1595 0.1456 0.7643 0.3059 0.7175 0.2116 0.5286 0.7685 0.7411 0.7269
7 0.1269 0.1150 0.7977 0.2429 0.7552 0.2285 0.5385 0.7709 0.7680 0.7362
8 0.1115 0.1019 0.8149 0.2145 0.7749 0.2011 0.5036 0.8052 0.7059 0.7655
9 0.0833 0.0761 0.8361 0.1605 0.7997 0.2388 0.5032 0.8085 0.7432 0.7746
10 0.0724 0.0678 0.8422 0.1414 0.8054 0.1998 0.4988 0.8173 0.6999 0.7817
11 0.0708 0.0647 0.8466 0.1367 0.8118 0.1875 0.4943 0.8167 0.6830 0.7806
12 0.0722 0.0646 0.8431 0.1379 0.8071 0.1979 0.5022 0.8041 0.7013 0.7633
13 0.0906 0.0775 0.8324 0.1692 0.7938 0.2100 0.5180 0.7844 0.7291 0.7430
14 0.1081 0.0963 0.8091 0.2054 0.7701 0.3332 0.5435 0.7586 0.8778 0.7144
15 0.1316 0.1154 0.7930 0.2480 0.7514 0.2169 0.5348 0.7808 0.7528 0.7428
16 0.1160 0.1079 0.8119 0.2250 0.7713 0.2229 0.5224 0.7935 0.7464 0.7526
17 0.0811 0.0763 0.8326 0.1585 0.7988 0.2412 0.5064 0.8115 0.7489 0.7780
18 0.0689 0.0615 0.8537 0.1316 0.8219 0.2234 0.4928 0.8243 0.7177 0.7897
19 0.0580 0.0526 0.8667 0.1120 0.8368 0.2139 0.4874 0.8285 0.7029 0.7966
20 0.0546 0.0511 0.8676 0.1071 0.8389 0.2194 0.4860 0.8278 0.7069 0.7948
21 0.0553 0.0490 0.8716 0.1056 0.8417 0.2052 0.4852 0.8262 0.6919 0.7941
22 0.0554 0.0489 0.8641 0.1057 0.8337 0.2916 0.4994 0.8158 0.7925 0.7774
23 0.0625 0.0588 0.8588 0.1226 0.8252 0.2132 0.4935 0.8012 0.7081 0.7655
24 0.0650 0.0565 0.8521 0.1228 0.8213 0.5308 0.5507 0.7231 1.0830 0.6641
25 0.1057 0.0911 0.8193 0.1979 0.7815 0.5135 0.5818 0.6720 1.0965 0.6002
26 0.1057 0.0933 0.8256 0.2002 0.7897 0.3328 0.5110 0.7790 0.8453 0.7370
27 0.0782 0.0706 0.8486 0.1502 0.8164 0.2309 0.4974 0.8129 0.7299 0.7775
28 0.0634 0.0586 0.8642 0.1234 0.8335 0.2159 0.4905 0.8226 0.7079 0.7889
29 0.0455 0.0424 0.8807 0.0894 0.8534 0.2515 0.4830 0.8280 0.7362 0.7974
30 0.0435 0.0401 0.8850 0.0851 0.8609 0.2354 0.4836 0.8303 0.7206 0.7964
31 0.0440 0.0402 0.8836 0.0857 0.8582 0.2441 0.4831 0.8245 0.7288 0.7913
32 0.0444 0.0402 0.8846 0.0862 0.8587 0.2426 0.4853 0.8306 0.7296 0.8008
33 0.0447 0.0401 0.8801 0.0863 0.8541 0.2692 0.4841 0.8237 0.7549 0.7919
34 0.0580 0.0502 0.8688 0.1096 0.8394 0.2105 0.5146 0.7992 0.7265 0.7563
35 0.0956 0.0806 0.8267 0.1775 0.7887 0.4369 0.5689 0.7243 1.0069 0.6772
36 0.0797 0.0704 0.8416 0.1514 0.8089 0.2019 0.4926 0.8101 0.6959 0.7730
37 0.0586 0.0534 0.8700 0.1134 0.8437 0.2132 0.4813 0.8219 0.6962 0.7852
38 0.0480 0.0441 0.8801 0.0936 0.8529 0.2403 0.4771 0.8338 0.7191 0.8000
39 0.0406 0.0373 0.8901 0.0796 0.8666 0.2287 0.4762 0.8323 0.7067 0.7981
40 0.0356 0.0325 0.8973 0.0699 0.8745 0.2268 0.4766 0.8321 0.7052 0.7981
41 0.0360 0.0332 0.8971 0.0709 0.8737 0.2517 0.4759 0.8393 0.7293 0.8047
42 0.0352 0.0322 0.8974 0.0690 0.8744 0.2440 0.4767 0.8394 0.7226 0.8056
43 0.0371 0.0336 0.8926 0.0724 0.8675 0.2476 0.4773 0.8234 0.7267 0.7877
44 0.0542 0.0478 0.8690 0.1036 0.8395 0.2716 0.4823 0.8083 0.7556 0.7695
45 0.1073 0.0884 0.8242 0.1970 0.7868 0.2909 0.5230 0.7587 0.8153 0.7268
46 0.0787 0.0703 0.8449 0.1504 0.8093 0.2987 0.4931 0.7963 0.7932 0.7577
47 0.0537 0.0489 0.8793 0.1042 0.8516 0.2837 0.4954 0.8139 0.7808 0.7779
48 0.0431 0.0391 0.8917 0.0839 0.8670 0.2179 0.4799 0.8283 0.6995 0.7929
49 0.0374 0.0349 0.8927 0.0740 0.8694 0.2250 0.4748 0.8350 0.7015 0.8008
50 0.0332 0.0320 0.9017 0.0670 0.8799 0.2264 0.4751 0.8361 0.7032 0.8017
51 0.0321 0.0312 0.9008 0.0651 0.8788 0.2386 0.4752 0.8376 0.7155 0.8036
52 0.0318 0.0303 0.8987 0.0638 0.8778 0.2688 0.4750 0.8346 0.7456 0.8026
53 0.0332 0.0307 0.8987 0.0656 0.8757 0.2530 0.4754 0.8284 0.7301 0.7923
54 0.0361 0.0336 0.8910 0.0714 0.8675 0.2755 0.4914 0.8317 0.7685 0.7952
55 0.0412 0.0375 0.8829 0.0803 0.8577 0.2756 0.4895 0.8080 0.7666 0.7703
56 0.0462 0.0411 0.8813 0.0888 0.8559 0.3100 0.4994 0.8011 0.8108 0.7653
57 0.0515 0.0440 0.8873 0.0972 0.8623 0.2802 0.5214 0.7586 0.8031 0.6989
58 0.0387 0.0361 0.8941 0.0766 0.8687 0.2890 0.4753 0.8098 0.7659 0.7681
59 0.0291 0.0274 0.9078 0.0583 0.8870 0.2420 0.4766 0.8436 0.7203 0.8115
60 0.0272 0.0253 0.9113 0.0544 0.8921 0.2495 0.4751 0.8461 0.7264 0.8142
61 0.0276 0.0254 0.9126 0.0548 0.8941 0.2430 0.4725 0.8464 0.7173 0.8130
62 0.0298 0.0283 0.9048 0.0599 0.8835 0.2677 0.4800 0.8369 0.7495 0.8054
63 0.0305 0.0281 0.8988 0.0603 0.8777 0.2972 0.4826 0.8301 0.7815 0.7954
64 0.0404 0.0338 0.8982 0.0760 0.8741 0.2639 0.4850 0.7915 0.7505 0.7445
65 0.0734 0.0623 0.8523 0.1372 0.8201 0.3256 0.5385 0.7478 0.8655 0.7023
66 0.1130 0.0971 0.8232 0.2115 0.7877 0.2517 0.4996 0.7591 0.7529 0.7138
67 0.0523 0.0476 0.8762 0.1016 0.8496 0.2686 0.4911 0.8036 0.7616 0.7715
68 0.0392 0.0372 0.8924 0.0782 0.8701 0.2425 0.4906 0.8215 0.7349 0.7877
69 0.0308 0.0298 0.9026 0.0625 0.8829 0.2682 0.4789 0.8351 0.7490 0.7996
70 0.0289 0.0273 0.9065 0.0581 0.8868 0.2656 0.4769 0.8363 0.7445 0.8004
71 0.0280 0.0263 0.9087 0.0562 0.8898 0.2784 0.4735 0.8414 0.7538 0.8049
72 0.0275 0.0258 0.9121 0.0552 0.8921 0.2858 0.4836 0.8324 0.7713 0.7982
73 0.0290 0.0268 0.9070 0.0576 0.8878 0.2435 0.4750 0.8015 0.7202 0.7619
74 0.0458 0.0414 0.8829 0.0889 0.8553 0.2557 0.4996 0.7916 0.7569 0.7494
75 0.0676 0.0589 0.8588 0.1281 0.8290 0.3439 0.5203 0.7975 0.8656 0.7595
76 0.0498 0.0453 0.8797 0.0969 0.8535 0.3213 0.4971 0.8046 0.8200 0.7745
77 0.0401 0.0379 0.8897 0.0797 0.8660 0.2773 0.4831 0.8308 0.7623 0.7963
78 0.0316 0.0294 0.9042 0.0629 0.8849 0.3218 0.4790 0.8077 0.8027 0.7742
79 0.0258 0.0252 0.9127 0.0529 0.8949 0.2924 0.4772 0.8311 0.7716 0.8008
80 0.0235 0.0233 0.9173 0.0488 0.8998 0.2984 0.4761 0.8345 0.7765 0.8038
81 0.0241 0.0236 0.9176 0.0498 0.8990 0.2852 0.4737 0.8360 0.7608 0.8036
82 0.0235 0.0228 0.9185 0.0484 0.9002 0.2786 0.4727 0.8382 0.7532 0.8058
83 0.0321 0.0303 0.9072 0.0643 0.8872 0.2901 0.4903 0.8281 0.7822 0.7947
84 0.0385 0.0345 0.8920 0.0747 0.8673 0.2173 0.4780 0.8182 0.6969 0.7760
85 0.0478 0.0418 0.8826 0.0913 0.8545 0.2817 0.4888 0.8006 0.7722 0.7608
86 0.0436 0.0384 0.8918 0.0838 0.8669 0.2856 0.4810 0.8260 0.7683 0.7906
87 0.0311 0.0294 0.9060 0.0624 0.8840 0.2894 0.4791 0.8297 0.7703 0.7989
88 0.0266 0.0255 0.9111 0.0541 0.8934 0.2836 0.4796 0.8331 0.7651 0.8032
89 0.0248 0.0238 0.9187 0.0507 0.9008 0.2785 0.4737 0.8409 0.7542 0.8096
90 0.0216 0.0213 0.9213 0.0449 0.9057 0.2936 0.4735 0.8414 0.7691 0.8106
91 0.0217 0.0211 0.9228 0.0450 0.9068 0.2843 0.4694 0.8449 0.7557 0.8121
92 0.0211 0.0208 0.9224 0.0440 0.9066 0.2892 0.4674 0.8497 0.7587 0.8159
93 0.0214 0.0207 0.9199 0.0442 0.9031 0.3178 0.4757 0.8362 0.7954 0.8040
94 0.0228 0.0220 0.9179 0.0468 0.9002 0.2718 0.4749 0.8384 0.7486 0.8054
95 0.0250 0.0235 0.9134 0.0504 0.8933 0.3193 0.4782 0.8288 0.7993 0.7924
96 0.0408 0.0355 0.8942 0.0782 0.8705 0.5166 0.5769 0.5970 1.0948 0.5071
97 0.0422 0.0393 0.8867 0.0833 0.8641 0.2872 0.4951 0.8076 0.7840 0.7740
98 0.0271 0.0259 0.9103 0.0550 0.8928 0.2962 0.4798 0.8315 0.7779 0.8002
99 0.0210 0.0205 0.9237 0.0436 0.9068 0.3098 0.4756 0.8397 0.7873 0.8055
