epoch train_iou train_loss train_mAP val_iou val_mAP
0 0.6662 1.0583 0.5948 0.6715 0.6024
1 0.7536 0.7977 0.6927 0.7533 0.6899
2 0.7796 0.6857 0.7310 0.7903 0.7456
3 0.8055 0.6158 0.7599 0.7987 0.7587
4 0.8239 0.5477 0.7807 0.8018 0.7641
5 0.8281 0.5305 0.7874 0.8187 0.7819
6 0.8348 0.5191 0.7932 0.8158 0.7788
7 0.8317 0.5372 0.7939 0.8162 0.7752
8 0.8241 0.5641 0.7817 0.8097 0.7736
9 0.8243 0.5634 0.7849 0.8130 0.7752
10 0.8285 0.5530 0.7899 0.8112 0.7698
11 0.8360 0.5258 0.7997 0.8160 0.7840
12 13 0.4712 0.8173 0.8418 0.8090
13 0.8631 0.4311 0.8309 0.8359 0.8019
14 0.8685 0.4051 0.8374 0.8461 0.8132
15 0.8724 0.3902 0.8430 0.8493 0.8174
16 0.8695 0.3939 0.8366 0.8541 0.8201
17 0.8736 0.4039 0.8416 0.8403 0.8102
18 0.8649 0.4223 0.8323 0.8419 0.8079
19 0.8631 0.4405 0.8305 0.8334 0.7959
20 0.8532 0.4725 0.8190 0.8309 0.7917
21 0.8627 0.4440 0.8316 0.8173 0.7835
22 0.8668 0.4219 0.8364 0.8401 0.8044
23 0.8756 0.3919 0.8460 0.8455 0.8157
24 0.8818 0.3593 0.8519 0.8606 0.8275
25 0.8904 0.3306 0.8617 0.8612 0.8299
26 0.8907 0.3313 0.8628 0.8661 0.8319
27 0.8830 0.3528 0.8534 0.8518 0.8206
28 0.8756 0.3852 0.8440 0.8088 0.7786
29 0.8660 0.4106 0.8353 0.8247 0.7897
30 0.8648 0.4311 0.8336 0.8421 0.8096
31 0.8731 0.4098 0.8456 0.8407 0.8013
32 0.8865 0.3576 0.8582 0.8569 0.8252
33 0.8909 0.3324 0.8629 0.8654 0.8299
34 0.8982 0.3125 0.8709 0.8607 0.8280
35 0.9066 0.2870 0.8808 0.8667 0.8341
36 0.9005 0.2975 0.8737 0.8656 0.8325
37 0.9001 0.3010 0.8724 0.8595 0.8282
38 0.8903 0.3311 0.8626 0.8557 0.8219
39 0.8831 0.3672 0.8535 0.8510 0.8230
40 0.8735 0.3875 0.8437 0.8204 0.7937
41 0.8829 0.3753 0.8555 0.8311 0.7976
42 0.8950 0.3275 0.8664 0.8445 0.8172
43 0.9009 0.3049 0.8758 0.8542 0.8258
44 0.9063 0.2785 0.8808 0.8593 0.8319
45 0.9088 0.2624 0.8845 0.8604 0.8309
46 0.9099 0.2662 0.8826 0.8642 0.8320
47 0.9015 0.2882 0.8750 0.8640 0.8321
48 0.9028 0.2953 0.8745 0.8658 0.8351
49 0.8910 0.3440 0.8644 0.8464 0.8167
50 0.8831 0.3681 0.8556 0.8443 0.8133
51 0.8858 0.3557 0.8573 0.8495 0.8236
52 0.9000 0.3004 0.8744 0.8544 0.8239
53 0.9063 0.2837 0.8807 0.8721 0.8416
54 0.9106 0.2609 0.8851 0.8668 0.8375
55 0.9148 0.2430 0.8897 0.8684 0.8392
56 0.9127 0.2494 0.8883 0.8646 0.8389
57 0.9137 0.2506 0.8898 0.8623 0.8361
58 0.9085 0.2660 0.8827 0.8597 0.8309
59 0.9018 0.2988 0.8755 0.8582 0.8294
60 0.8833 0.3654 0.8547 0.8577 0.8280
61 0.8990 0.3024 0.8727 0.8565 0.8245
62 0.9035 0.2869 0.8785 0.8535 0.8288
63 0.9086 0.2674 0.8845 0.8642 0.8315
64 0.9135 0.2492 0.8901 0.8678 0.8370
65 0.9144 0.2399 0.8895 0.8682 0.8376
66 0.9156 0.2420 0.8928 0.8676 0.8412
67 0.9135 0.2440 0.8880 0.8620 0.8315
68 0.9143 0.2552 0.8889 0.8345 0.8010
69 0.9027 0.2851 0.8781 0.8449 0.8125
70 0.8946 0.3306 0.8676 0.8419 0.8079
71 0.8993 0.3093 0.8735 0.8494 0.8175
72 0.9107 0.2694 0.8866 0.8609 0.8291
73 0.9103 0.2588 0.8843 0.8583 0.8317
74 0.9155 0.2385 0.8934 0.8633 0.8375
75 0.9243 0.2145 0.9037 0.8675 0.8397
76 0.9214 0.2176 0.8990 0.8650 0.8398
77 0.9185 0.2336 0.8959 0.8626 0.8322
78 0.9177 0.2436 0.8942 0.8596 0.8309
79 0.9072 0.2733 0.8832 0.8416 0.8132
80 0.8922 0.3472 0.8663 0.8551 0.8278
81 0.9025 0.2969 0.8770 0.8583 0.8314
82 0.9107 0.2645 0.8875 0.8600 0.8357
83 0.9166 0.2433 0.8921 0.8659 0.8407
84 0.9236 0.2114 0.9024 0.8653 0.8412
85 0.9226 0.2161 0.9013 0.8635 0.8388
86 0.9244 0.2150 0.9019 0.8681 0.8433
87 0.9203 0.2236 0.8975 0.8625 0.8315
88 0.9147 0.2500 0.8900 0.8650 0.8376
89 0.9129 0.2511 0.8880 0.8439 0.8096
90 0.8966 0.3150 0.8705 0.8334 0.7993
91 0.9044 0.2914 0.8794 0.8571 0.8261
92 0.9119 0.2572 0.8881 0.8662 0.8388
93 0.9217 0.2274 0.9003 0.8648 0.8392
94 0.9238 0.2122 0.9020 0.8676 0.8409
95 0.9234 0.2091 0.9022 0.8687 0.8409
96 0.9259 0.2110 0.9048 0.8705 0.8410
97 0.9219 0.2154 0.9011 0.8576 0.8329
98 0.9248 0.2096 0.9036 0.8599 0.8297
99 0.9115 0.2530 0.8874 0.8534 0.8255
100 0.9154 0.2397 0.8924 0.8678 0.8381
101 0.9212 0.2176 0.8987 0.8606 0.8316
102 0.9250 0.2065 0.9037 0.8661 0.8364
103 0.9264 0.2048 0.9051 0.8677 0.8401
104 0.9321 0.1859 0.9127 0.8673 0.8399
105 0.9318 0.1853 0.9125 0.8674 0.8405
106 0.9345 0.1773 0.9153 0.8706 0.8438
107 0.9328 0.1818 0.9118 0.8706 0.8441
108 0.9328 0.1847 0.9124 0.8677 0.8409
109 0.9283 0.2000 0.9057 0.8664 0.8387
110 0.9214 0.2139 0.8992 0.8638 0.8358
111 0.9269 0.2043 0.9052 0.8640 0.8373
112 0.9250 0.1980 0.9032 0.8677 0.8387
113 0.9340 0.1807 0.9145 0.8705 0.8446
114 0.9357 0.1748 0.9162 0.8673 0.8386
115 0.9352 0.1753 0.9165 0.8691 0.8391
116 0.9344 0.1744 0.9150 0.8672 0.8379
117 0.9373 0.1718 0.9180 0.8700 0.8411
118 0.9340 0.1765 0.9149 0.8690 0.8417
119 0.9311 0.1863 0.9097 0.8682 0.8419
120 0.9286 0.1978 0.9084 0.8588 0.8298
121 0.9309 0.1884 0.9102 0.8618 0.8337
122 0.9321 0.1841 0.9117 0.8653 0.8380
123 0.9346 0.1754 0.9151 0.8730 0.8433
124 0.9383 0.1671 0.9196 0.8698 0.8417
125 0.9362 0.1650 0.9171 0.8705 0.8418
126 0.9354 0.1714 0.9155 0.8697 0.8419
127 0.9361 0.1740 0.9169 0.8756 0.8445
128 0.9333 0.1778 0.9136 0.8715 0.8398
129 0.9314 0.1845 0.9131 0.8649 0.8380
130 0.9275 0.1990 0.9078 0.8696 0.8388
131 0.9269 0.1982 0.9066 0.8690 0.8398
132 0.9322 0.1844 0.9115 0.8700 0.8400
133 0.9345 0.1734 0.9152 0.8673 0.8401
134 0.9380 0.1643 0.9192 0.8739 0.8458
135 0.9376 0.1637 0.9190 0.8756 0.8474
136 0.9391 0.1626 0.9214 0.8765 0.8476
137 0.9351 0.1682 0.9153 0.8774 0.8495
138 0.9392 0.1611 0.9207 0.8736 0.8466
139 0.9361 0.1726 0.9158 0.8609 0.8329
140 0.9323 0.1809 0.9127 0.8668 0.8346
141 0.9286 0.1969 0.9062 0.8676 0.8382
142 0.9352 0.1735 0.9179 0.8696 0.8434
143 0.9383 0.1645 0.9198 0.8730 0.8445
144 0.9395 0.1595 0.9221 0.8736 0.8448
145 0.9398 0.1552 0.9223 0.8740 0.8459
146 0.9380 0.1590 0.9188 0.8735 0.8447
147 0.9380 0.1627 0.9196 0.8725 0.8452
148 0.9390 0.1615 0.9207 0.8693 0.8404
149 0.9359 0.1662 0.9162 0.8695 0.8418
150 0.9354 0.1705 0.9146 0.8747 0.8462
151 0.9296 0.1948 0.9074 0.8659 0.8388
152 0.9320 0.1798 0.9131 0.8712 0.8456
153 0.9372 0.1698 0.9185 0.8732 0.8447
154 0.9399 0.1572 0.9228 0.8738 0.8458
155 0.9367 0.1619 0.9188 0.8767 0.8496
156 0.9415 0.1555 0.9234 0.8749 0.8458
157 0.9392 0.1577 0.9220 0.8738 0.8460
158 0.9390 0.1652 0.9214 0.8655 0.8359
159 0.9340 0.1799 0.9147 0.8597 0.8341
160 0.9352 0.1674 0.9171 0.8671 0.8400
161 0.9402 0.1548 0.9220 0.8685 0.8407
162 0.9415 0.1529 0.9236 0.8670 0.8395
163 0.9416 0.1513 0.9245 0.8710 0.8446
164 0.9402 0.1517 0.9228 0.8688 0.8431
165 0.9425 0.1467 0.9251 0.8687 0.8422
166 0.9419 0.1506 0.9242 0.8698 0.8429
167 0.9446 0.1431 0.9266 0.8688 0.8416
168 0.9414 0.1509 0.9243 0.8673 0.8395
169 0.9408 0.1523 0.9225 0.8689 0.8416
170 0.9424 0.1487 0.9251 0.8749 0.8460
171 0.9436 0.1451 0.9261 0.8702 0.8421
172 0.9416 0.1470 0.9244 0.8715 0.8425
173 0.9466 0.1378 0.9292 0.8736 0.8460
174 0.9459 0.1371 0.9291 0.8711 0.8440
175 0.9448 0.1398 0.9285 0.8712 0.8434
176 0.9452 0.1416 0.9279 0.8715 0.8458
177 0.9440 0.1416 0.9268 0.8686 0.8424
178 0.9445 0.1417 0.9274 0.8689 0.8415
179 0.9433 0.1430 0.9259 0.8709 0.8409
180 0.9434 0.1414 0.9258 0.8682 0.8406
181 0.9451 0.1387 0.9280 0.8697 0.8436
182 0.9452 0.1373 0.9276 0.8715 0.8452
183 0.9445 0.1386 0.9272 0.8715 0.8469
184 0.9443 0.1426 0.9265 0.8766 0.8495
185 0.9447 0.1399 0.9277 0.8750 0.8475
186 0.9468 0.1359 0.9302 0.8737 0.8457
187 0.9427 0.1440 0.9258 0.8703 0.8424
188 0.9430 0.1444 0.9257 0.8702 0.8418
189 0.9434 0.1409 0.9266 0.8724 0.8431
190 0.9448 0.1388 0.9271 0.8749 0.8453
191 0.9446 0.1394 0.9278 0.8735 0.8459
192 0.9477 0.1379 0.9298 0.8751 0.8458
193 0.9464 0.1352 0.9297 0.8734 0.8439
194 0.9465 0.1337 0.9300 0.8738 0.8448
195 0.9456 0.1358 0.9290 0.8742 0.8462
196 0.9462 0.1327 0.9305 0.8739 0.8454
197 0.9441 0.1387 0.9276 0.8753 0.8454
198 0.9454 0.1350 0.9286 0.8700 0.8417
199 0.9453 0.1339 0.9287 0.8711 0.8428
