epoch train_BCELoss train_SoftDiceLoss train_iou train_loss train_mAP val_BCELoss val_SoftDiceLoss val_iou val_loss val_mAP
0 0.5124 0.5907 0.3214 1.1026 0.2565 0.3651 0.6826 0.5439 1.0474 0.4579
1 0.2645 0.2559 0.6570 0.5205 0.5895 0.2321 0.5792 0.7167 0.8118 0.6554
2 0.2257 0.2031 0.7043 0.4293 0.6447 0.1871 0.5453 0.7417 0.7332 0.6912
3 0.1910 0.1804 0.7341 0.3720 0.6793 0.1865 0.5440 0.7514 0.7313 0.7017
4 0.1715 0.1597 0.7575 0.3320 0.7023 0.1672 0.5209 0.7758 0.6891 0.7273
5 0.1537 0.1428 0.7750 0.2974 0.7256 0.1821 0.5192 0.7845 0.7025 0.7403
6 0.1391 0.1247 0.7896 0.2648 0.7439 0.1822 0.5184 0.7827 0.7017 0.7434
7 0.1204 0.1062 0.8170 0.2276 0.7760 0.1494 0.5168 0.8025 0.6674 0.7638
8 0.0906 0.0811 0.8347 0.1728 0.7968 0.1510 0.4894 0.8191 0.6418 0.7833
9 0.0832 0.0752 0.8506 0.1596 0.8158 0.1575 0.4852 0.8261 0.6441 0.7897
10 0.0676 0.0618 0.8646 0.1307 0.8314 0.1560 0.4839 0.8237 0.6414 0.7894
11 0.0706 0.0643 0.8597 0.1361 0.8259 0.1598 0.4859 0.8274 0.6471 0.7893
12 0.0722 0.0663 0.8545 0.1397 0.8197 0.1781 0.5030 0.8243 0.6825 0.7856
13 0.0811 0.0744 0.8453 0.1567 0.8098 0.2831 0.5242 0.7750 0.8087 0.7363
14 0.1025 0.0934 0.8331 0.1972 0.7936 0.1821 0.4970 0.7974 0.6806 0.7585
15 0.1270 0.1112 0.8172 0.2393 0.7755 0.2128 0.5185 0.7883 0.7326 0.7488
16 0.1097 0.1007 0.8270 0.2116 0.7860 0.1610 0.5029 0.8066 0.6653 0.7731
17 0.0817 0.0735 0.8473 0.1566 0.8135 0.1734 0.4930 0.8117 0.6678 0.7780
18 0.0670 0.0601 0.8687 0.1285 0.8367 0.1711 0.4816 0.8287 0.6545 0.7948
19 0.0544 0.0490 0.8819 0.1050 0.8531 0.1738 0.4796 0.8289 0.6551 0.7987
20 0.0496 0.0455 0.8832 0.0965 0.8569 0.1748 0.4792 0.8347 0.6557 0.8050
21 0.0478 0.0439 0.8847 0.0932 0.8560 0.1725 0.4810 0.8336 0.6552 0.8024
22 0.0538 0.0502 0.8787 0.1055 0.8489 0.1707 0.4778 0.8272 0.6502 0.7919
23 0.0476 0.0434 0.8843 0.0926 0.8540 0.2171 0.4823 0.8240 0.7012 0.7919
24 0.0752 0.0685 0.8528 0.1452 0.8189 0.1857 0.4957 0.8076 0.6829 0.7708
25 0.1160 0.1005 0.8221 0.2176 0.7805 0.1650 0.4961 0.8175 0.6625 0.7843
26 0.0891 0.0778 0.8501 0.1683 0.8149 0.1507 0.4897 0.8226 0.6420 0.7876
27 0.0778 0.0703 0.8599 0.1495 0.8251 0.1794 0.4881 0.8282 0.6693 0.7942
28 0.0564 0.0539 0.8776 0.1119 0.8474 0.1697 0.4820 0.8321 0.6535 0.7998
29 0.0456 0.0439 0.8880 0.0911 0.8603 0.1576 0.4721 0.8439 0.6315 0.8139
30 0.0412 0.0407 0.8911 0.0835 0.8659 0.1636 0.4725 0.8440 0.6379 0.8129
31 0.0394 0.0378 0.8933 0.0789 0.8659 0.1791 0.4752 0.8417 0.6561 0.8113
32 0.0407 0.0385 0.8932 0.0808 0.8673 0.2255 0.4777 0.8348 0.7050 0.8035
33 0.0423 0.0396 0.8880 0.0835 0.8584 0.2424 0.4742 0.8393 0.7185 0.8077
34 0.0468 0.0419 0.8878 0.0903 0.8575 0.2256 0.4915 0.8146 0.7188 0.7805
35 0.0864 0.0751 0.8502 0.1628 0.8147 0.2283 0.5096 0.6902 0.7394 0.6356
36 0.0997 0.0888 0.8402 0.1899 0.8022 0.1566 0.4950 0.8250 0.6533 0.7934
37 0.0648 0.0580 0.8758 0.1243 0.8446 0.1386 0.4709 0.8424 0.6113 0.8119
38 0.0476 0.0444 0.8898 0.0936 0.8627 0.1574 0.4632 0.8433 0.6224 0.8108
39 0.0391 0.0371 0.8982 0.0779 0.8737 0.1483 0.4633 0.8454 0.6136 0.8159
40 0.0362 0.0342 0.9017 0.0721 0.8762 0.1539 0.4633 0.8461 0.6191 0.8156
41 0.0355 0.0328 0.9031 0.0700 0.8801 0.1610 0.4641 0.8425 0.6270 0.8120
42 0.0367 0.0346 0.9001 0.0730 0.8751 0.1649 0.4664 0.8521 0.6330 0.8244
43 0.0419 0.0402 0.8920 0.0838 0.8646 0.1755 0.4703 0.8451 0.6477 0.8141
44 0.0589 0.0518 0.8741 0.1123 0.8426 0.1888 0.4730 0.8225 0.6635 0.7865
45 0.0599 0.0558 0.8700 0.1173 0.8383 0.1991 0.4883 0.8154 0.6891 0.7865
46 0.0684 0.0641 0.8668 0.1341 0.8335 0.1966 0.4895 0.8106 0.6878 0.7758
47 0.0578 0.0529 0.8793 0.1123 0.8493 0.1555 0.4806 0.8463 0.6379 0.8161
48 0.0396 0.0370 0.8975 0.0783 0.8730 0.1541 0.4670 0.8493 0.6231 0.8192
49 0.0311 0.0304 0.9092 0.0633 0.8854 0.1722 0.4652 0.8468 0.6394 0.8175
50 0.0284 0.0276 0.9144 0.0579 0.8927 0.1690 0.4645 0.8495 0.6355 0.8186
51 0.0281 0.0273 0.9133 0.0574 0.8918 0.1664 0.4653 0.8452 0.6336 0.8159
52 0.0280 0.0264 0.9107 0.0561 0.8893 0.1792 0.4651 0.8513 0.6463 0.8203
53 0.0312 0.0292 0.9093 0.0622 0.8869 0.1898 0.4673 0.8391 0.6591 0.8082
54 0.0417 0.0381 0.8959 0.0814 0.8687 0.1759 0.4727 0.8145 0.6505 0.7790
55 0.0956 0.0801 0.8496 0.1773 0.8128 0.1820 0.4854 0.8277 0.6691 0.7954
56 0.0680 0.0604 0.8699 0.1299 0.8379 0.1573 0.4897 0.8268 0.6488 0.7948
57 0.0418 0.0400 0.8910 0.0835 0.8647 0.1817 0.4720 0.8377 0.6557 0.8079
58 0.0366 0.0346 0.9042 0.0730 0.8811 0.1841 0.4785 0.8326 0.6646 0.8011
59 0.0278 0.0276 0.9128 0.0573 0.8917 0.1776 0.4638 0.8430 0.6435 0.8160
60 0.0254 0.0251 0.9182 0.0525 0.8975 0.1752 0.4630 0.8463 0.6403 0.8190
61 0.0263 0.0253 0.9168 0.0535 0.8962 0.1794 0.4631 0.8477 0.6446 0.8196
62 0.0256 0.0250 0.9174 0.0526 0.8978 0.1814 0.4631 0.8476 0.6466 0.8200
63 0.0258 0.0250 0.9176 0.0527 0.8961 0.1982 0.4681 0.8453 0.6683 0.8165
64 0.0353 0.0321 0.8983 0.0691 0.8763 0.2242 0.4717 0.8404 0.6979 0.8113
65 0.0488 0.0422 0.8870 0.0927 0.8592 0.1994 0.4977 0.8035 0.6987 0.7669
66 0.0580 0.0504 0.8803 0.1101 0.8497 0.1576 0.4775 0.8029 0.6371 0.7679
67 0.0392 0.0386 0.9001 0.0796 0.8753 0.1727 0.4732 0.8348 0.6479 0.8011
68 0.0310 0.0290 0.9125 0.0620 0.8903 0.1567 0.4697 0.8325 0.6286 0.8017
69 0.0250 0.0252 0.9206 0.0521 0.9003 0.1559 0.4669 0.8434 0.6249 0.8141
70 0.0223 0.0226 0.9235 0.0469 0.9049 0.1579 0.4677 0.8440 0.6278 0.8149
71 0.0228 0.0226 0.9242 0.0475 0.9056 0.1760 0.4652 0.8459 0.6433 0.8196
72 0.0241 0.0241 0.9230 0.0502 0.9037 0.1735 0.4658 0.8508 0.6414 0.8227
73 0.0246 0.0235 0.9215 0.0500 0.9022 0.1751 0.4684 0.8475 0.6457 0.8206
74 0.0244 0.0233 0.9161 0.0496 0.8972 0.1804 0.4702 0.8443 0.6526 0.8173
75 0.0292 0.0275 0.9092 0.0585 0.8853 0.1853 0.4698 0.8396 0.6571 0.8120
76 0.0250 0.0238 0.9183 0.0508 0.8983 0.1839 0.4630 0.8548 0.6489 0.8269
77 0.0230 0.0225 0.9221 0.0475 0.9031 0.1891 0.4593 0.8448 0.6506 0.8163
78 0.0210 0.0210 0.9251 0.0441 0.9086 0.2022 0.4596 0.8519 0.6639 0.8252
79 0.0193 0.0192 0.9289 0.0407 0.9139 0.1954 0.4591 0.8490 0.6566 0.8221
80 0.0174 0.0182 0.9356 0.0377 0.9203 0.1976 0.4583 0.8510 0.6580 0.8236
81 0.0183 0.0183 0.9318 0.0387 0.9174 0.1997 0.4581 0.8561 0.6599 0.8268
82 0.0183 0.0182 0.9336 0.0386 0.9192 0.1898 0.4574 0.8524 0.6493 0.8251
83 0.0194 0.0191 0.9313 0.0406 0.9150 0.1737 0.4647 0.8385 0.6404 0.8085
84 0.0226 0.0215 0.9234 0.0461 0.9061 0.2510 0.4770 0.8232 0.7300 0.7900
85 0.0787 0.0643 0.8625 0.1447 0.8303 0.1842 0.5051 0.7551 0.6908 0.7123
86 0.0927 0.0839 0.8452 0.1782 0.8064 0.1797 0.4773 0.8218 0.6591 0.7918
87 0.0499 0.0458 0.8906 0.0974 0.8624 0.1936 0.4786 0.8354 0.6742 0.8014
88 0.0312 0.0304 0.9105 0.0636 0.8903 0.1752 0.4720 0.8392 0.6493 0.8088
89 0.0235 0.0242 0.9234 0.0498 0.9048 0.1943 0.4682 0.8486 0.6646 0.8177
90 0.0221 0.0224 0.9284 0.0467 0.9111 0.1937 0.4653 0.8465 0.6612 0.8181
91 0.0216 0.0209 0.9270 0.0447 0.9094 0.2079 0.4638 0.8484 0.6739 0.8169
92 0.0216 0.0213 0.9260 0.0450 0.9097 0.2267 0.4661 0.8452 0.6950 0.8171
93 0.0343 0.0315 0.9131 0.0678 0.8912 0.2155 0.4642 0.8407 0.6816 0.8109
94 0.0340 0.0315 0.9083 0.0674 0.8860 0.2244 0.4846 0.8012 0.7110 0.7708
95 0.0454 0.0411 0.8879 0.0882 0.8597 0.2258 0.4787 0.8364 0.7063 0.8059
96 0.0587 0.0490 0.8882 0.1095 0.8617 0.1667 0.4871 0.8219 0.6557 0.7882
97 0.0332 0.0317 0.9105 0.0668 0.8900 0.1745 0.4727 0.8392 0.6491 0.8112
98 0.0309 0.0286 0.9171 0.0615 0.8981 0.1480 0.4690 0.8496 0.6191 0.8204
99 0.0198 0.0202 0.9289 0.0422 0.9132 0.1746 0.4692 0.8486 0.6460 0.8195
