epoch train_iou train_loss train_mAP val_iou val_mAP
0 0.6630 1.0620 0.5895 0.7350 0.6855
1 0.7445 0.8105 0.6822 0.7500 0.6909
2 0.7697 0.7263 0.7173 0.7942 0.7532
3 0.7951 0.6548 0.7475 0.8108 0.7743
4 0.8095 0.6034 0.7641 0.8206 0.7820
5 0.8223 0.5602 0.7758 0.8216 0.7834
6 0.8251 0.5552 0.7788 0.8276 0.7928
7 0.8079 0.5846 0.7611 0.8219 0.7838
8 0.8117 0.5858 0.7652 0.8196 0.7820
9 0.8132 0.5979 0.7669 0.8035 0.7685
10 0.8208 0.5902 0.7781 0.8265 0.7922
11 0.8281 0.5460 0.7875 0.8400 0.8078
12 0.8367 0.5200 0.7953 0.8428 0.8115
13 0.8465 0.4777 0.8079 0.8399 0.8095
14 0.8558 0.4321 0.8169 0.8472 0.8167
15 0.8644 0.4085 0.8268 0.8474 0.8169
16 0.8617 0.4330 0.8246 0.8449 0.8202
17 0.8576 0.4316 0.8180 0.8411 0.8095
18 0.8508 0.4554 0.8122 0.8371 0.8077
19 0.8405 0.4942 0.8017 0.8132 0.7749
20 0.8364 0.5192 0.7953 0.8298 0.7956
21 0.8507 0.4700 0.8105 0.8305 0.7984
22 0.8630 0.4274 0.8278 0.8382 0.8106
23 0.8680 0.4008 0.8324 0.8449 0.8126
24 0.8750 0.3671 0.8415 0.8508 0.8243
25 0.8823 0.3532 0.8490 0.8527 0.8255
26 0.8791 0.3582 0.8450 0.8488 0.8195
27 0.8748 0.3734 0.8415 0.8537 0.8224
28 0.8701 0.3811 0.8338 0.8436 0.8137
29 0.8626 0.4285 0.8238 0.8511 0.8197
30 0.8548 0.4660 0.8164 0.8148 0.7784
31 0.8571 0.4478 0.8206 0.8458 0.8127
32 0.8687 0.3909 0.8331 0.8533 0.8202
33 0.8839 0.3492 0.8511 0.8555 0.8267
34 0.8898 0.3253 0.8574 0.8548 0.8286
35 0.8950 0.3048 0.8628 0.8592 0.8306
36 0.8908 0.3191 0.8585 0.8575 0.8298
37 0.8878 0.3292 0.8537 0.8475 0.8186
38 0.8834 0.3459 0.8472 0.8594 0.8306
39 0.8738 0.3721 0.8367 0.8486 0.8161
40 0.8625 0.4250 0.8262 0.8356 0.8061
41 0.8769 0.3822 0.8423 0.8406 0.8184
42 0.8844 0.3550 0.8513 0.8418 0.8137
43 0.8885 0.3178 0.8568 0.8590 0.8281
44 0.9024 0.2702 0.8712 0.8605 0.8322
45 0.9023 0.2760 0.8707 0.8621 0.8339
46 0.8973 0.2857 0.8663 0.8501 0.8231
47 0.8975 0.2904 0.8661 0.8587 0.8329
48 0.8955 0.3086 0.8638 0.8587 0.8320
49 0.8826 0.3573 0.8491 0.8506 0.8202
50 0.8828 0.3630 0.8516 0.8528 0.8203
51 0.8785 0.3541 0.8447 0.8314 0.8006
52 0.8853 0.3318 0.8491 0.8552 0.8262
53 0.8986 0.2929 0.8668 0.8607 0.8344
54 0.9030 0.2730 0.8730 0.8628 0.8377
55 0.9036 0.2562 0.8755 0.8634 0.8383
56 0.9083 0.2543 0.8773 0.8592 0.8339
57 0.9039 0.2662 0.8740 0.8632 0.8353
58 0.8960 0.2961 0.8653 0.8652 0.8355
59 0.8917 0.3235 0.8593 0.8514 0.8214
60 0.8823 0.3494 0.8493 0.8410 0.8090
61 0.8879 0.3371 0.8532 0.8334 0.8016
62 0.8903 0.3250 0.8592 0.8519 0.8239
63 0.9024 0.2741 0.8730 0.8689 0.8409
64 0.9088 0.2427 0.8825 0.8679 0.8439
65 0.9097 0.2394 0.8819 0.8679 0.8415
66 0.9148 0.2441 0.8868 0.8610 0.8332
67 0.9087 0.2478 0.8789 0.8671 0.8424
68 0.9056 0.2586 0.8772 0.8628 0.8350
69 0.8972 0.2846 0.8668 0.8444 0.8160
70 0.8889 0.3321 0.8570 0.8522 0.8227
71 0.8929 0.3145 0.8625 0.8544 0.8255
72 0.8961 0.2973 0.8659 0.8632 0.8373
73 0.9073 0.2632 0.8784 0.8651 0.8399
74 0.9134 0.2283 0.8848 0.8667 0.8419
75 0.9123 0.2301 0.8846 0.8693 0.8457
76 0.9188 0.2203 0.8908 0.8675 0.8438
77 0.9117 0.2343 0.8832 0.8598 0.8323
78 0.9034 0.2783 0.8736 0.8568 0.8304
79 0.9017 0.2925 0.8715 0.8634 0.8350
80 0.8936 0.3090 0.8624 0.8312 0.7956
81 0.8964 0.3173 0.8650 0.8557 0.8297
82 0.9041 0.2734 0.8754 0.8610 0.8344
83 0.9097 0.2471 0.8805 0.8606 0.8351
84 0.9159 0.2277 0.8888 0.8605 0.8374
85 0.9200 0.2192 0.8931 0.8623 0.8381
86 0.9175 0.2194 0.8901 0.8661 0.8398
87 0.9129 0.2346 0.8844 0.8572 0.8344
88 0.9114 0.2483 0.8832 0.8704 0.8438
89 0.9105 0.2524 0.8830 0.8501 0.8267
90 0.8971 0.3134 0.8641 0.8459 0.8207
91 0.9032 0.2696 0.8739 0.8606 0.8334
92 0.9052 0.2625 0.8753 0.8678 0.8417
93 0.9129 0.2424 0.8852 0.8641 0.8361
94 0.9159 0.2243 0.8870 0.8700 0.8454
95 0.9213 0.2131 0.8970 0.8715 0.8462
96 0.9229 0.2101 0.8970 0.8699 0.8454
97 0.9153 0.2197 0.8894 0.8599 0.8353
98 0.9160 0.2226 0.8900 0.8672 0.8403
99 0.9079 0.2634 0.8783 0.8514 0.8285
100 0.9117 0.2502 0.8848 0.8593 0.8353
101 0.9137 0.2378 0.8836 0.8679 0.8446
102 0.9169 0.2159 0.8886 0.8654 0.8415
103 0.9204 0.2067 0.8943 0.8741 0.8508
104 0.9236 0.1964 0.8979 0.8728 0.8499
105 0.9240 0.1940 0.8983 0.8708 0.8484
106 0.9272 0.1894 0.9044 0.8710 0.8489
107 0.9247 0.1968 0.8998 0.8702 0.8446
108 0.9234 0.1990 0.8969 0.8797 0.8531
109 0.9176 0.2148 0.8928 0.8668 0.8447
110 0.9236 0.2034 0.8970 0.8717 0.8505
111 0.9201 0.2093 0.8942 0.8649 0.8397
112 0.9250 0.1940 0.9022 0.8688 0.8450
113 0.9279 0.1893 0.9021 0.8644 0.8430
114 0.9272 0.1898 0.9047 0.8691 0.8450
115 0.9284 0.1810 0.9054 0.8692 0.8454
116 0.9256 0.1855 0.9026 0.8691 0.8471
117 0.9263 0.1831 0.9022 0.8692 0.8466
118 0.9265 0.1863 0.9026 0.8671 0.8447
119 0.9252 0.1941 0.9000 0.8699 0.8459
120 0.9195 0.2080 0.8943 0.8676 0.8440
121 0.9239 0.2019 0.8981 0.8626 0.8368
122 0.9218 0.2062 0.8964 0.8724 0.8486
123 0.9272 0.1867 0.9028 0.8697 0.8433
124 0.9281 0.1857 0.9055 0.8734 0.8471
125 0.9276 0.1799 0.9033 0.8760 0.8518
126 0.9307 0.1772 0.9069 0.8748 0.8504
127 0.9302 0.1773 0.9060 0.8763 0.8519
128 0.9298 0.1783 0.9064 0.8719 0.8475
129 0.9231 0.1963 0.8994 0.8655 0.8413
130 0.9220 0.2032 0.8994 0.8577 0.8294
131 0.9227 0.2008 0.8969 0.8628 0.8389
132 0.9252 0.1944 0.8993 0.8697 0.8475
133 0.9272 0.1842 0.9040 0.8665 0.8411
134 0.9299 0.1759 0.9080 0.8676 0.8448
135 0.9328 0.1686 0.9110 0.8686 0.8451
136 0.9306 0.1742 0.9076 0.8678 0.8439
137 0.9293 0.1716 0.9081 0.8710 0.8447
138 0.9297 0.1800 0.9062 0.8672 0.8427
139 0.9259 0.1913 0.9010 0.8704 0.8424
140 0.9214 0.2205 0.8965 0.8535 0.8225
141 0.9204 0.2049 0.8938 0.8707 0.8465
142 0.9269 0.1878 0.9039 0.8686 0.8464
143 0.9287 0.1847 0.9062 0.8688 0.8425
144 0.9271 0.1834 0.9030 0.8731 0.8466
145 0.9331 0.1708 0.9121 0.8701 0.8439
146 0.9315 0.1683 0.9091 0.8734 0.8476
147 0.9321 0.1737 0.9097 0.8702 0.8434
148 0.9347 0.1672 0.9123 0.8746 0.8510
149 0.9294 0.1783 0.9069 0.8736 0.8487
150 0.9269 0.1849 0.9038 0.8698 0.8463
151 0.9275 0.1981 0.9038 0.8739 0.8488
152 0.9314 0.1752 0.9089 0.8677 0.8425
153 0.9308 0.1734 0.9072 0.8709 0.8462
154 0.9320 0.1632 0.9103 0.8700 0.8450
155 0.9317 0.1619 0.9108 0.8726 0.8494
156 0.9354 0.1579 0.9155 0.8747 0.8499
157 0.9349 0.1683 0.9123 0.8695 0.8462
158 0.9329 0.1702 0.9099 0.8647 0.8393
159 0.9266 0.2026 0.9022 0.8632 0.8411
160 0.9267 0.1843 0.9056 0.8743 0.8517
161 0.9322 0.1731 0.9092 0.8732 0.8493
162 0.9358 0.1601 0.9147 0.8751 0.8501
163 0.9340 0.1654 0.9122 0.8761 0.8525
164 0.9359 0.1597 0.9153 0.8774 0.8540
165 0.9370 0.1657 0.9153 0.8781 0.8541
166 0.9369 0.1581 0.9162 0.8763 0.8513
167 0.9372 0.1556 0.9163 0.8749 0.8520
168 0.9367 0.1624 0.9154 0.8765 0.8526
169 0.9354 0.1578 0.9143 0.8778 0.8525
170 0.9373 0.1556 0.9172 0.8757 0.8531
171 0.9362 0.1560 0.9153 0.8773 0.8529
172 0.9400 0.1529 0.9190 0.8762 0.8534
173 0.9351 0.1571 0.9139 0.8764 0.8531
174 0.9379 0.1549 0.9174 0.8744 0.8502
175 0.9378 0.1508 0.9179 0.8751 0.8518
176 0.9386 0.1548 0.9173 0.8755 0.8513
177 0.9354 0.1587 0.9142 0.8721 0.8469
178 0.9372 0.1521 0.9174 0.8745 0.8525
179 0.9384 0.1505 0.9185 0.8751 0.8523
180 0.9362 0.1516 0.9171 0.8777 0.8534
181 0.9372 0.1519 0.9178 0.8767 0.8522
182 0.9371 0.1519 0.9178 0.8754 0.8520
183 0.9380 0.1512 0.9186 0.8766 0.8543
184 0.9403 0.1471 0.9212 0.8743 0.8508
185 0.9401 0.1486 0.9180 0.8750 0.8517
186 0.9363 0.1510 0.9164 0.8733 0.8504
187 0.9413 0.1482 0.9229 0.8758 0.8532
188 0.9353 0.1587 0.9145 0.8740 0.8517
189 0.9373 0.1530 0.9154 0.8759 0.8522
190 0.9408 0.1482 0.9206 0.8741 0.8502
191 0.9410 0.1483 0.9214 0.8754 0.8529
192 0.9367 0.1551 0.9153 0.8734 0.8517
193 0.9429 0.1402 0.9249 0.8723 0.8506
194 0.9373 0.1521 0.9174 0.8700 0.8480
195 0.9384 0.1497 0.9195 0.8727 0.8505
196 0.9388 0.1456 0.9186 0.8745 0.8523
197 0.9415 0.1458 0.9212 0.8747 0.8518
198 0.9392 0.1490 0.9191 0.8756 0.8530
199 0.9388 0.1476 0.9193 0.8736 0.8507
