epoch train_BCELoss train_SoftDiceLoss train_iou train_loss train_mAP val_BCELoss val_SoftDiceLoss val_iou val_loss val_mAP
0 0.3457 0.4535 0.6217 1.1560 0.5590 0.3043 0.6686 0.6762 0.9227 0.6077
1 0.2630 0.3554 0.7203 0.8547 0.6653 0.2557 0.6398 0.7058 0.8016 0.6483
2 0.2367 0.3325 0.7397 0.7807 0.6852 0.2085 0.6076 0.7641 0.6997 0.7174
3 0.2158 0.3009 0.7631 0.7143 0.7136 0.1830 0.5928 0.7655 0.6678 0.7225
4 0.1914 0.2709 0.7820 0.6455 0.7357 0.1843 0.5911 0.7889 0.6305 0.7427
5 0.1821 0.2602 0.8024 0.6078 0.7540 0.1770 0.5854 0.7948 0.6104 0.7502
6 0.1752 0.2508 0.7947 0.6002 0.7505 0.1780 0.5838 0.7915 0.6045 0.7447
7 0.1834 0.2585 0.7903 0.6284 0.7436 0.1760 0.5822 0.7882 0.6367 0.7445
8 0.1867 0.2579 0.7873 0.6374 0.7406 0.2009 0.5939 0.7806 0.6562 0.7387
9 0.1922 0.2698 0.7936 0.6404 0.7489 0.1938 0.5772 0.7924 0.6467 0.7480
10 0.1848 0.2573 0.7915 0.6295 0.7460 0.2272 0.5908 0.7831 0.7335 0.7445
11 0.1759 0.2476 0.8090 0.5946 0.7704 0.2183 0.5848 0.7550 0.7336 0.7117
12 0.1623 0.2316 0.8084 0.5589 0.7676 0.1758 0.5583 0.7892 0.6641 0.7535
13 0.1491 0.2114 0.8208 0.5213 0.7802 0.1629 0.5547 0.8179 0.5398 0.7833
14 0.1372 0.2011 0.8394 0.4719 0.8038 0.1404 0.5412 0.8217 0.5225 0.7898
15 0.1297 0.1864 0.8400 0.4598 0.8045 0.1400 0.5411 0.8298 0.5083 0.7958
16 0.1286 0.1860 0.8364 0.4603 0.8008 0.1427 0.5354 0.8319 0.5244 0.7954
17 0.1348 0.1930 0.8327 0.4843 0.7935 0.1445 0.5505 0.8115 0.5195 0.7749
18 0.1295 0.1848 0.8381 0.4754 0.8007 0.1590 0.5581 0.8162 0.5823 0.7762
19 0.1453 0.2074 0.8224 0.5148 0.7841 0.1621 0.5560 0.8168 0.5900 0.7791
20 0.1586 0.2203 0.8193 0.5520 0.7772 0.1812 0.5686 0.8163 0.6030 0.7822
21 0.1529 0.2149 0.8304 0.5156 0.7938 0.1628 0.5561 0.8061 0.5660 0.7724
22 0.1393 0.1998 0.8402 0.4776 0.8020 0.1563 0.5440 0.8150 0.5455 0.7900
23 0.1227 0.1753 0.8481 0.4434 0.8102 0.1452 0.5404 0.8190 0.5105 0.7916
24 0.1187 0.1720 0.8544 0.4072 0.8215 0.1385 0.5238 0.8405 0.5159 0.8073
25 0.1031 0.1518 0.8635 0.3757 0.8303 0.1390 0.5235 0.8421 0.5081 0.8096
26 0.1053 0.1526 0.8622 0.3878 0.8269 0.1313 0.5175 0.8410 0.5118 0.8106
27 0.1107 0.1591 0.8519 0.4146 0.8177 0.1444 0.5232 0.8391 0.5332 0.8059
28 0.1217 0.1724 0.8527 0.4365 0.8163 0.1543 0.5337 0.8248 0.5581 0.7876
29 0.1319 0.1878 0.8396 0.4702 0.8038 0.1544 0.5314 0.8239 0.5630 0.7868
30 0.1337 0.1866 0.8496 0.4663 0.8084 0.1663 0.5538 0.8184 0.5791 0.7870
31 0.1286 0.1861 0.8397 0.4616 0.8037 0.1526 0.5367 0.8181 0.5519 0.7844
32 0.1202 0.1692 0.8550 0.4286 0.8183 0.1501 0.5363 0.8149 0.5666 0.7851
33 0.1107 0.1603 0.8655 0.3884 0.8297 0.1442 0.5214 0.8415 0.5524 0.8087
34 0.0991 0.1435 0.8715 0.3655 0.8383 0.1459 0.5146 0.8359 0.5595 0.8048
35 0.0909 0.1335 0.8716 0.3538 0.8390 0.1432 0.5129 0.8382 0.5444 0.8055
36 0.0885 0.1308 0.8774 0.3402 0.8427 0.1481 0.5081 0.8425 0.5614 0.8130
37 0.0917 0.1313 0.8716 0.3583 0.8368 0.1322 0.5191 0.8364 0.4999 0.8055
38 0.0978 0.1426 0.8665 0.3711 0.8332 0.1819 0.5290 0.8094 0.6413 0.7751
39 0.1236 0.1765 0.8524 0.4340 0.8167 0.1535 0.5318 0.8285 0.5684 0.7986
40 0.1237 0.1738 0.8461 0.4508 0.8078 0.1908 0.5662 0.7468 0.7330 0.7050
41 0.1103 0.1575 0.8571 0.4041 0.8188 0.1534 0.5265 0.8258 0.5886 0.7916
42 0.1094 0.1556 0.8632 0.3949 0.8283 0.1362 0.5306 0.8401 0.4944 0.8072
43 0.0900 0.1318 0.8722 0.3501 0.8368 0.1262 0.5141 0.8514 0.5001 0.8163
44 0.0788 0.1163 0.8811 0.3182 0.8467 0.1288 0.5121 0.8522 0.4981 0.8218
45 0.0759 0.1111 0.8841 0.3133 0.8522 0.1296 0.5100 0.8535 0.5046 0.8224
46 0.0771 0.1157 0.8815 0.3148 0.8483 0.1277 0.5125 0.8488 0.4991 0.8160
47 0.0745 0.1073 0.8838 0.3116 0.8477 0.1429 0.5107 0.8514 0.5318 0.8151
48 0.0880 0.1299 0.8787 0.3431 0.8437 0.1563 0.5302 0.8351 0.5635 0.8056
49 0.1006 0.1392 0.8643 0.3799 0.8281 0.1652 0.5378 0.8221 0.5828 0.7845
50 0.1082 0.1554 0.8574 0.4082 0.8214 0.1689 0.5360 0.8140 0.6546 0.7864
51 0.1091 0.1555 0.8605 0.4015 0.8245 0.1637 0.5256 0.8376 0.5891 0.8067
52 0.0880 0.1286 0.8774 0.3370 0.8453 0.1575 0.4969 0.8458 0.6174 0.8109
53 0.0882 0.1256 0.8769 0.3432 0.8437 0.1292 0.5086 0.8469 0.5060 0.8173
54 0.0742 0.1099 0.8892 0.2999 0.8557 0.1303 0.4996 0.8511 0.5174 0.8195
55 0.0646 0.0978 0.8948 0.2756 0.8617 0.1328 0.5004 0.8521 0.5209 0.8222
56 0.0633 0.0921 0.8917 0.2794 0.8607 0.1342 0.5033 0.8489 0.5206 0.8189
57 0.0679 0.0965 0.8879 0.2920 0.8548 0.1218 0.5059 0.8504 0.4914 0.8206
58 0.0735 0.1071 0.8863 0.3060 0.8518 0.1500 0.5082 0.8394 0.5682 0.8064
59 0.0924 0.1295 0.8781 0.3528 0.8449 0.1286 0.5266 0.8288 0.5332 0.8007
60 0.1003 0.1423 0.8678 0.3769 0.8296 0.2170 0.5724 0.7579 0.8044 0.7216
61 0.0959 0.1364 0.8742 0.3601 0.8399 0.1579 0.5275 0.8248 0.5910 0.7907
62 0.0957 0.1360 0.8712 0.3647 0.8358 0.1483 0.5262 0.8358 0.5223 0.8018
63 0.0768 0.1110 0.8858 0.3100 0.8532 0.1392 0.5056 0.8549 0.5347 0.8256
64 0.0652 0.0957 0.8878 0.2826 0.8551 0.1554 0.5033 0.8478 0.5938 0.8191
65 0.0601 0.0873 0.8942 0.2730 0.8599 0.1605 0.5030 0.8474 0.6061 0.8190
66 0.0588 0.0859 0.8961 0.2629 0.8635 0.1543 0.5037 0.8543 0.5884 0.8258
67 0.0666 0.0941 0.8924 0.2845 0.8592 0.1360 0.5047 0.8538 0.5198 0.8231
68 0.0738 0.1054 0.8924 0.2979 0.8594 0.1718 0.5261 0.8415 0.5956 0.8141
69 0.0728 0.1030 0.8903 0.3019 0.8568 0.1331 0.5033 0.8486 0.5550 0.8133
70 0.0973 0.1363 0.8637 0.3804 0.8271 0.1479 0.5174 0.8292 0.5415 0.7922
71 0.0995 0.1407 0.8708 0.3684 0.8351 0.1632 0.5347 0.8239 0.5955 0.7861
72 0.0805 0.1140 0.8888 0.3161 0.8544 0.1499 0.5055 0.8537 0.5665 0.8226
73 0.0700 0.0984 0.8901 0.2945 0.8587 0.1347 0.5137 0.8558 0.4968 0.8251
74 0.0650 0.0958 0.8967 0.2684 0.8663 0.1410 0.5010 0.8566 0.5409 0.8268
75 0.0604 0.0874 0.9024 0.2534 0.8726 0.1497 0.5002 0.8594 0.5614 0.8284
76 0.0583 0.0844 0.9030 0.2547 0.8703 0.1564 0.5040 0.8604 0.5816 0.8311
77 0.0599 0.0860 0.9023 0.2550 0.8709 0.1399 0.4984 0.8551 0.5463 0.8236
78 0.0603 0.0868 0.9015 0.2642 0.8696 0.1550 0.5177 0.8336 0.5729 0.8041
79 0.0739 0.1044 0.8892 0.3031 0.8561 0.1439 0.5259 0.8461 0.5604 0.8126
80 0.0878 0.1247 0.8793 0.3460 0.8461 0.4366 0.6243 0.6490 1.4305 0.5904
81 0.1094 0.1553 0.8654 0.3908 0.8331 0.1760 0.5313 0.8239 0.6301 0.7951
82 0.0935 0.1305 0.8777 0.3437 0.8457 0.1474 0.5170 0.8443 0.5686 0.8145
83 0.0727 0.1046 0.8939 0.2956 0.8621 0.1522 0.5045 0.8495 0.5651 0.8231
84 0.0597 0.0884 0.9004 0.2597 0.8699 0.1431 0.5032 0.8545 0.5516 0.8246
85 0.0581 0.0846 0.9007 0.2512 0.8708 0.1440 0.4993 0.8553 0.5516 0.8266
86 0.0559 0.0820 0.8993 0.2508 0.8708 0.1458 0.4991 0.8568 0.5524 0.8255
87 0.0643 0.0890 0.8969 0.2703 0.8651 0.1265 0.5020 0.8633 0.4888 0.8347
88 0.0654 0.0943 0.9011 0.2664 0.8688 0.1348 0.5005 0.8617 0.5394 0.8317
89 0.0674 0.0948 0.8917 0.2842 0.8599 0.1383 0.5033 0.8436 0.5519 0.8103
90 0.0830 0.1139 0.8820 0.3277 0.8487 0.1798 0.5508 0.8095 0.6583 0.7784
91 0.0770 0.1115 0.8861 0.3134 0.8528 0.1485 0.5142 0.8456 0.5584 0.8127
92 0.0680 0.0978 0.8930 0.2802 0.8611 0.1638 0.5032 0.8499 0.5900 0.8215
93 0.0540 0.0765 0.8993 0.2517 0.8691 0.1437 0.5063 0.8514 0.5406 0.8206
94 0.0515 0.0775 0.9064 0.2370 0.8768 0.1610 0.4947 0.8577 0.5899 0.8263
95 0.0495 0.0730 0.9122 0.2270 0.8833 0.1528 0.4906 0.8616 0.5629 0.8296
96 0.0485 0.0706 0.9116 0.2230 0.8817 0.1539 0.4952 0.8536 0.5719 0.8227
97 0.0480 0.0695 0.9107 0.2275 0.8800 0.1645 0.4971 0.8569 0.6179 0.8275
98 0.0567 0.0791 0.9032 0.2498 0.8718 0.1540 0.5030 0.8432 0.6052 0.8143
99 0.0602 0.0858 0.8989 0.2667 0.8655 0.1323 0.5052 0.8531 0.5101 0.8215
100 0.0669 0.0964 0.8944 0.2864 0.8602 0.1629 0.5238 0.8302 0.6229 0.8014
101 0.0648 0.0933 0.8984 0.2753 0.8661 0.1450 0.5144 0.8360 0.6014 0.8050
102 0.0578 0.0829 0.8988 0.2573 0.8689 0.1885 0.5100 0.8500 0.6773 0.8222
103 0.0548 0.0790 0.9069 0.2420 0.8768 0.1268 0.4946 0.8599 0.5094 0.8304
104 0.0469 0.0679 0.9115 0.2213 0.8834 0.1381 0.4941 0.8589 0.5413 0.8338
105 0.0441 0.0660 0.9118 0.2105 0.8856 0.1438 0.4897 0.8600 0.5572 0.8339
106 0.0437 0.0621 0.9143 0.2121 0.8855 0.1588 0.4870 0.8595 0.6195 0.8333
107 0.0443 0.0655 0.9103 0.2196 0.8793 0.1400 0.4947 0.8554 0.5663 0.8261
108 0.0455 0.0649 0.9135 0.2165 0.8852 0.1765 0.5029 0.8496 0.6521 0.8214
109 0.0606 0.0857 0.8997 0.2673 0.8672 0.1494 0.5195 0.8435 0.5889 0.8141
110 0.0820 0.1135 0.8882 0.3219 0.8541 0.1657 0.5194 0.8119 0.6428 0.7772
111 0.0966 0.1323 0.8841 0.3455 0.8510 0.1662 0.5308 0.8182 0.6234 0.7835
112 0.0724 0.1049 0.8908 0.2939 0.8597 0.1398 0.5062 0.8436 0.5484 0.8087
113 0.0642 0.0934 0.8997 0.2649 0.8673 0.1538 0.4976 0.8568 0.5825 0.8244
114 0.0573 0.0789 0.9062 0.2472 0.8767 0.1197 0.4984 0.8594 0.4891 0.8299
115 0.0535 0.0810 0.9123 0.2244 0.8842 0.1228 0.5001 0.8600 0.4946 0.8314
116 0.0485 0.0707 0.9129 0.2204 0.8840 0.1371 0.4930 0.8572 0.5502 0.8284
117 0.0535 0.0773 0.9078 0.2361 0.8785 0.1399 0.4896 0.8502 0.5723 0.8221
118 0.0554 0.0781 0.9041 0.2471 0.8727 0.1353 0.4953 0.8554 0.5466 0.8275
119 0.0546 0.0773 0.9026 0.2501 0.8727 0.1662 0.5116 0.8428 0.6100 0.8081
120 0.0709 0.1002 0.8908 0.2977 0.8578 0.1486 0.5089 0.8430 0.5772 0.8100
121 0.0622 0.0903 0.9007 0.2667 0.8696 0.3026 0.5511 0.7915 1.0015 0.7630
122 0.0598 0.0870 0.8988 0.2628 0.8692 0.1622 0.5014 0.8439 0.6261 0.8154
123 0.0557 0.0779 0.9053 0.2443 0.8747 0.1341 0.4944 0.8538 0.5484 0.8252
124 0.0462 0.0672 0.9099 0.2205 0.8818 0.1372 0.4919 0.8621 0.5425 0.8334
125 0.0452 0.0664 0.9101 0.2172 0.8827 0.1364 0.4918 0.8609 0.5360 0.8316
126 0.0426 0.0623 0.9167 0.2071 0.8895 0.1450 0.4930 0.8608 0.5646 0.8305
127 0.0421 0.0604 0.9167 0.2075 0.8883 0.1465 0.4939 0.8573 0.5673 0.8264
128 0.0479 0.0670 0.9126 0.2227 0.8838 0.1314 0.4939 0.8613 0.5201 0.8297
129 0.0533 0.0753 0.9001 0.2490 0.8680 0.1680 0.4992 0.8474 0.6333 0.8173
130 0.0725 0.1017 0.8924 0.2918 0.8610 0.1407 0.5167 0.8463 0.4924 0.8166
131 0.0721 0.1006 0.8980 0.2849 0.8673 0.1575 0.5043 0.8371 0.6249 0.8085
132 0.0599 0.0844 0.9051 0.2544 0.8766 0.1396 0.4941 0.8513 0.5585 0.8213
133 0.0465 0.0677 0.9119 0.2187 0.8844 0.1323 0.4924 0.8608 0.5409 0.8281
134 0.0413 0.0581 0.9187 0.2002 0.8915 0.1346 0.4855 0.8696 0.5396 0.8419
135 0.0409 0.0574 0.9178 0.2016 0.8926 0.1332 0.4868 0.8699 0.5347 0.8424
136 0.0420 0.0588 0.9184 0.1985 0.8916 0.1427 0.4860 0.8644 0.5552 0.8345
137 0.0437 0.0628 0.9161 0.2075 0.8886 0.1435 0.4869 0.8614 0.5599 0.8311
138 0.0397 0.0566 0.9137 0.2035 0.8844 0.1519 0.4887 0.8483 0.6047 0.8163
139 0.0475 0.0669 0.9116 0.2286 0.8812 0.1367 0.4935 0.8542 0.5466 0.8212
140 0.0624 0.0868 0.8994 0.2726 0.8673 0.2093 0.5137 0.8284 0.7500 0.7962
141 0.0776 0.1083 0.8897 0.3025 0.8579 0.1396 0.5017 0.8477 0.5576 0.8191
142 0.0520 0.0745 0.9092 0.2330 0.8817 0.1832 0.5069 0.8442 0.6699 0.8162
143 0.0488 0.0695 0.9169 0.2183 0.8880 0.1221 0.4946 0.8570 0.5082 0.8280
144 0.0433 0.0648 0.9166 0.2049 0.8888 0.1307 0.4845 0.8585 0.5360 0.8304
145 0.0410 0.0593 0.9155 0.2037 0.8894 0.1249 0.4857 0.8621 0.5206 0.8335
146 0.0389 0.0562 0.9171 0.1984 0.8895 0.1452 0.4877 0.8584 0.5678 0.8314
147 0.0395 0.0566 0.9210 0.1927 0.8918 0.1524 0.4878 0.8517 0.6055 0.8222
148 0.0452 0.0628 0.9166 0.2117 0.8885 0.1680 0.4985 0.8475 0.6408 0.8180
149 0.0437 0.0626 0.9165 0.2124 0.8880 0.1539 0.4889 0.8337 0.6335 0.7975
