epoch train_iou train_loss train_mAP val_iou val_mAP
0 0.6116 1.1927 0.5372 0.6972 0.6203
1 0.7150 0.9043 0.6492 0.7159 0.6369
2 0.7446 0.8181 0.6826 0.7636 0.7212
3 0.7666 0.7380 0.7079 0.7693 0.7174
4 0.7817 0.6905 0.7273 0.7907 0.7520
5 0.7919 0.6524 0.7395 0.7905 0.7504
6 0.7942 0.6538 0.7447 0.7826 0.7386
7 0.7877 0.6745 0.7377 0.8029 0.7635
8 0.7900 0.6630 0.7414 0.7879 0.7495
9 0.7877 0.6819 0.7394 0.8018 0.7606
10 0.7964 0.6592 0.7512 0.7993 0.7553
11 0.8043 0.6237 0.7585 0.8179 0.7805
12 0.8148 0.5827 0.7705 0.8246 0.7933
13 0.8226 0.5649 0.7803 0.8294 0.7956
14 0.8352 0.5068 0.7931 0.8366 0.8054
15 0.8444 0.4910 0.8028 0.8381 0.8048
16 0.8471 0.4769 0.8067 0.8315 0.7984
17 0.8337 0.5157 0.7902 0.8247 0.7888
18 0.8296 0.5353 0.7890 0.8383 0.8034
19 0.8252 0.5578 0.7836 0.8300 0.7948
20 0.8208 0.5796 0.7817 0.8114 0.7659
21 0.8292 0.5435 0.7903 0.8362 0.8025
22 0.8327 0.5223 0.7969 0.8329 0.8004
23 0.8483 0.4681 0.8111 0.8419 0.8100
24 0.8535 0.4487 0.8161 0.8437 0.8157
25 0.8596 0.4363 0.8239 0.8526 0.8200
26 0.8592 0.4261 0.8232 0.8520 0.8185
27 0.8553 0.4460 0.8172 0.8420 0.8108
28 0.8492 0.4717 0.8109 0.8378 0.8029
29 0.8435 0.4875 0.8035 0.8385 0.8106
30 0.8363 0.5122 0.7996 0.7999 0.7656
31 0.8454 0.4955 0.8086 0.8346 0.8083
32 0.8541 0.4505 0.8162 0.8376 0.8143
33 0.8573 0.4330 0.8220 0.8423 0.8090
34 0.8763 0.3739 0.8396 0.8512 0.8224
35 0.8738 0.3761 0.8383 0.8511 0.8222
36 0.8784 0.3650 0.8458 0.8521 0.8252
37 0.8765 0.3799 0.8428 0.8337 0.8066
38 0.8604 0.4274 0.8228 0.8399 0.8101
39 0.8545 0.4640 0.8198 0.8367 0.8077
40 0.8500 0.4679 0.8137 0.8359 0.8078
41 0.8541 0.4537 0.8188 0.8239 0.7940
42 0.8605 0.4248 0.8238 0.8496 0.8180
43 0.8754 0.3864 0.8421 0.8522 0.8236
44 0.8827 0.3534 0.8485 0.8583 0.8316
45 0.8841 0.3414 0.8523 0.8600 0.8308
46 0.8896 0.3289 0.8557 0.8572 0.8264
47 0.8847 0.3551 0.8511 0.8481 0.8222
48 0.8732 0.3868 0.8379 0.8410 0.8103
49 0.8592 0.4428 0.8226 0.8007 0.7679
50 0.8542 0.4532 0.8182 0.8443 0.8144
51 0.8692 0.4109 0.8352 0.8389 0.8137
52 0.8718 0.3976 0.8378 0.8317 0.7994
53 0.8788 0.3777 0.8451 0.8579 0.8304
54 0.8852 0.3447 0.8538 0.8544 0.8322
55 0.8890 0.3253 0.8567 0.8570 0.8322
56 0.8942 0.3202 0.8621 0.8567 0.8310
57 0.8879 0.3334 0.8558 0.8621 0.8341
58 0.8847 0.3526 0.8511 0.8432 0.8102
59 0.8779 0.3757 0.8447 0.8495 0.8172
60 0.8599 0.4325 0.8260 0.8447 0.8185
61 0.8723 0.3947 0.8379 0.8558 0.8275
62 0.8789 0.3617 0.8471 0.8554 0.8274
63 0.8896 0.3233 0.8560 0.8577 0.8296
64 0.8915 0.3187 0.8590 0.8674 0.8410
65 0.8942 0.3012 0.8638 0.8686 0.8431
66 0.8976 0.2889 0.8651 0.8659 0.8393
67 0.8973 0.3066 0.8654 0.8543 0.8281
68 0.8846 0.3444 0.8522 0.8618 0.8321
69 0.8801 0.3552 0.8468 0.8254 0.7972
70 0.8790 0.3800 0.8447 0.8229 0.7895
71 0.8724 0.3894 0.8376 0.8623 0.8325
72 0.8840 0.3437 0.8521 0.8542 0.8275
73 0.8913 0.3190 0.8616 0.8652 0.8387
74 0.8995 0.2935 0.8692 0.8612 0.8352
75 0.8983 0.2871 0.8687 0.8645 0.8389
76 0.8990 0.2843 0.8668 0.8627 0.8373
77 0.8967 0.2849 0.8648 0.8580 0.8314
78 0.8987 0.2990 0.8663 0.8620 0.8326
79 0.8867 0.3361 0.8516 0.8524 0.8227
80 0.8715 0.3899 0.8370 0.7922 0.7643
81 0.8816 0.3661 0.8502 0.8569 0.8300
82 0.8898 0.3229 0.8595 0.8549 0.8276
83 0.8916 0.3126 0.8603 0.8649 0.8357
84 0.9038 0.2764 0.8731 0.8661 0.8399
85 0.9028 0.2722 0.8726 0.8641 0.8371
86 0.9061 0.2714 0.8761 0.8665 0.8389
87 0.9053 0.2758 0.8726 0.8619 0.8346
88 0.8925 0.3066 0.8605 0.8539 0.8243
89 0.8916 0.3283 0.8604 0.8369 0.8089
90 0.8676 0.4212 0.8311 0.8437 0.8142
91 0.8809 0.3663 0.8505 0.8454 0.8189
92 0.8873 0.3345 0.8538 0.8558 0.8279
93 0.8958 0.3048 0.8659 0.8509 0.8233
94 0.9076 0.2627 0.8772 0.8588 0.8309
95 0.9066 0.2623 0.8774 0.8617 0.8355
96 0.9068 0.2705 0.8770 0.8587 0.8338
97 0.9030 0.2713 0.8753 0.8583 0.8334
98 0.8995 0.2904 0.8711 0.8567 0.8302
99 0.8906 0.3342 0.8595 0.8233 0.7910
100 0.9010 0.2962 0.8713 0.8611 0.8363
101 0.9030 0.2756 0.8739 0.8520 0.8261
102 0.9077 0.2603 0.8762 0.8610 0.8370
103 0.9092 0.2522 0.8805 0.8598 0.8355
104 0.9157 0.2328 0.8875 0.8652 0.8401
105 0.9124 0.2367 0.8825 0.8611 0.8370
106 0.9148 0.2318 0.8871 0.8628 0.8383
107 0.9160 0.2271 0.8883 0.8636 0.8388
108 0.9172 0.2285 0.8891 0.8630 0.8352
109 0.9130 0.2448 0.8842 0.8602 0.8326
110 0.9115 0.2524 0.8842 0.8613 0.8349
111 0.9031 0.2660 0.8740 0.8631 0.8387
112 0.9116 0.2523 0.8843 0.8629 0.8395
113 0.9178 0.2271 0.8914 0.8615 0.8364
114 0.9181 0.2252 0.8912 0.8637 0.8376
115 0.9165 0.2269 0.8907 0.8663 0.8400
116 0.9187 0.2142 0.8904 0.8645 0.8381
117 0.9193 0.2140 0.8938 0.8658 0.8383
118 0.9177 0.2306 0.8898 0.8649 0.8374
119 0.9161 0.2323 0.8891 0.8628 0.8392
120 0.9165 0.2353 0.8877 0.8527 0.8272
121 0.9107 0.2464 0.8829 0.8662 0.8416
122 0.9147 0.2398 0.8876 0.8564 0.8321
123 0.9161 0.2315 0.8886 0.8624 0.8347
124 0.9196 0.2225 0.8920 0.8677 0.8419
125 0.9190 0.2131 0.8922 0.8677 0.8418
126 0.9194 0.2173 0.8928 0.8687 0.8418
127 0.9216 0.2080 0.8946 0.8663 0.8413
128 0.9194 0.2137 0.8928 0.8658 0.8388
129 0.9161 0.2245 0.8881 0.8653 0.8404
130 0.9093 0.2493 0.8814 0.8530 0.8255
131 0.9142 0.2332 0.8877 0.8643 0.8389
132 0.9138 0.2265 0.8861 0.8631 0.8351
133 0.9218 0.2109 0.8958 0.8639 0.8409
134 0.9218 0.2031 0.8969 0.8692 0.8452
135 0.9261 0.1965 0.9014 0.8691 0.8451
136 0.9194 0.2130 0.8931 0.8694 0.8446
137 0.9256 0.1975 0.9003 0.8748 0.8483
138 0.9181 0.2127 0.8925 0.8691 0.8445
139 0.9210 0.2151 0.8943 0.8594 0.8346
140 0.9092 0.2579 0.8824 0.8491 0.8198
141 0.9114 0.2468 0.8828 0.8630 0.8355
142 0.9136 0.2324 0.8875 0.8675 0.8429
143 0.9224 0.2144 0.8974 0.8690 0.8453
144 0.9220 0.2031 0.8976 0.8683 0.8447
145 0.9257 0.1984 0.9026 0.8673 0.8440
146 0.9220 0.2033 0.8953 0.8680 0.8453
147 0.9201 0.2144 0.8945 0.8664 0.8424
148 0.9231 0.2088 0.8984 0.8581 0.8350
149 0.9223 0.2086 0.8971 0.8705 0.8428
150 0.9147 0.2342 0.8878 0.8557 0.8278
151 0.9148 0.2340 0.8862 0.8596 0.8359
152 0.9203 0.2099 0.8941 0.8618 0.8371
153 0.9213 0.2071 0.8976 0.8626 0.8407
154 0.9230 0.2011 0.8969 0.8664 0.8412
155 0.9283 0.1873 0.9042 0.8633 0.8383
156 0.9319 0.1834 0.9072 0.8651 0.8417
157 0.9194 0.2030 0.8934 0.8643 0.8412
158 0.9239 0.1988 0.8996 0.8615 0.8385
159 0.9219 0.2043 0.8968 0.8562 0.8344
160 0.9242 0.1988 0.8991 0.8674 0.8436
161 0.9265 0.1878 0.9034 0.8684 0.8429
162 0.9276 0.1856 0.9023 0.8651 0.8417
163 0.9305 0.1825 0.9084 0.8666 0.8431
164 0.9313 0.1763 0.9090 0.8658 0.8427
165 0.9293 0.1770 0.9040 0.8672 0.8445
166 0.9284 0.1844 0.9041 0.8667 0.8428
167 0.9323 0.1709 0.9091 0.8683 0.8447
168 0.9300 0.1797 0.9062 0.8680 0.8439
169 0.9306 0.1789 0.9085 0.8689 0.8428
170 0.9273 0.1903 0.9031 0.8676 0.8465
171 0.9307 0.1773 0.9078 0.8699 0.8464
172 0.9356 0.1705 0.9138 0.8714 0.8476
173 0.9274 0.1827 0.9028 0.8696 0.8465
174 0.9311 0.1736 0.9087 0.8693 0.8457
175 0.9338 0.1736 0.9114 0.8695 0.8464
176 0.9297 0.1781 0.9065 0.8699 0.8463
177 0.9301 0.1767 0.9065 0.8706 0.8470
178 0.9303 0.1745 0.9072 0.8691 0.8454
179 0.9286 0.1785 0.9031 0.8669 0.8435
180 0.9325 0.1719 0.9098 0.8666 0.8423
181 0.9326 0.1743 0.9107 0.8682 0.8451
182 0.9331 0.1705 0.9114 0.8672 0.8433
183 0.9298 0.1766 0.9060 0.8683 0.8431
184 0.9358 0.1670 0.9137 0.8667 0.8439
185 0.9363 0.1634 0.9147 0.8664 0.8431
186 0.9326 0.1732 0.9091 0.8678 0.8440
187 0.9344 0.1689 0.9127 0.8687 0.8453
188 0.9322 0.1731 0.9091 0.8684 0.8434
189 0.9332 0.1713 0.9107 0.8692 0.8462
190 0.9343 0.1638 0.9118 0.8687 0.8453
191 0.9344 0.1695 0.9136 0.8723 0.8483
192 0.9301 0.1712 0.9070 0.8674 0.8444
193 0.9351 0.1658 0.9148 0.8711 0.8477
194 0.9322 0.1691 0.9083 0.8703 0.8465
195 0.9349 0.1670 0.9142 0.8704 0.8460
196 0.9324 0.1687 0.9077 0.8692 0.8458
197 0.9341 0.1725 0.9126 0.8704 0.8480
198 0.9319 0.1748 0.9075 0.8697 0.8446
199 0.9370 0.1640 0.9146 0.8698 0.8475
