epoch train_iou train_loss train_mAP val_iou val_mAP
0 0.6250 1.1881 0.5515 0.7268 0.6519
1 0.7267 0.8786 0.6653 0.7419 0.6827
2 0.7562 0.7633 0.6973 0.7493 0.6965
3 0.7846 0.6745 0.7295 0.7855 0.7338
4 0.8092 0.6047 0.7577 0.8027 0.7590
5 0.8183 0.5581 0.7706 0.8040 0.7607
6 0.8144 0.5772 0.7664 0.7934 0.7543
7 0.8175 0.5748 0.7693 0.8042 0.7627
8 0.8135 0.5907 0.7657 0.7982 0.7450
9 0.8106 0.5985 0.7642 0.8047 0.7701
10 0.8061 0.6057 0.7595 0.8098 0.7648
11 0.8306 0.5432 0.7869 0.8168 0.7805
12 0.8392 0.4996 0.7988 0.8180 0.7863
13 0.8498 0.4645 0.8075 0.8341 0.7965
14 0.8614 0.4257 0.8230 0.8212 0.7898
15 0.8661 0.4027 0.8290 0.8262 0.7956
16 0.8650 0.3972 0.8276 0.8336 0.8029
17 0.8598 0.4117 0.8202 0.8396 0.8054
18 0.8561 0.4415 0.8202 0.8264 0.7946
19 0.8533 0.4691 0.8146 0.8307 0.7940
20 0.8450 0.4967 0.8065 0.8199 0.7861
21 0.8445 0.4812 0.8068 0.8143 0.7841
22 0.8682 0.4105 0.8307 0.8463 0.8143
23 0.8714 0.3770 0.8344 0.8386 0.8061
24 0.8838 0.3426 0.8475 0.8403 0.8114
25 0.8921 0.3161 0.8581 0.8410 0.8119
26 0.8895 0.3118 0.8557 0.8437 0.8135
27 0.8873 0.3303 0.8529 0.8265 0.7986
28 0.8721 0.3830 0.8366 0.8160 0.7893
29 0.8722 0.3811 0.8337 0.8235 0.7904
30 0.8660 0.4255 0.8258 0.8211 0.7916
31 0.8685 0.4136 0.8314 0.8410 0.8089
32 0.8738 0.3861 0.8401 0.8396 0.8096
33 0.8808 0.3350 0.8469 0.8445 0.8179
34 0.8914 0.3142 0.8599 0.8488 0.8220
35 0.8946 0.2902 0.8619 0.8513 0.8237
36 0.9026 0.2797 0.8701 0.8529 0.8228
37 0.8976 0.2889 0.8656 0.8550 0.8251
38 0.8930 0.3022 0.8612 0.8434 0.8097
39 0.8816 0.3415 0.8498 0.8435 0.8125
40 0.8833 0.3494 0.8466 0.8441 0.8101
41 0.8733 0.3943 0.8391 0.8380 0.8095
42 0.8943 0.3257 0.8596 0.8475 0.8148
43 0.8986 0.2979 0.8693 0.8536 0.8269
44 0.9045 0.2710 0.8734 0.8571 0.8279
45 0.9040 0.2614 0.8743 0.8572 0.8297
46 0.9081 0.2523 0.8785 0.8543 0.8239
47 0.9032 0.2662 0.8734 0.8505 0.8237
48 0.8952 0.2985 0.8620 0.8476 0.8207
49 0.8927 0.3168 0.8633 0.8444 0.8181
50 0.8832 0.3585 0.8475 0.8146 0.7727
51 0.8821 0.3644 0.8485 0.8536 0.8206
52 0.8959 0.2998 0.8637 0.8577 0.8288
53 0.9077 0.2557 0.8764 0.8587 0.8302
54 0.9088 0.2528 0.8803 0.8586 0.8302
55 0.9123 0.2363 0.8844 0.8598 0.8337
56 0.9085 0.2431 0.8786 0.8554 0.8281
57 0.9096 0.2415 0.8802 0.8446 0.8136
58 0.9049 0.2673 0.8748 0.8503 0.8196
59 0.9052 0.2618 0.8755 0.8417 0.8064
60 0.8634 0.4268 0.8289 0.8439 0.8135
61 0.8836 0.3595 0.8514 0.8310 0.8018
62 0.8980 0.3047 0.8665 0.8616 0.8317
63 0.9063 0.2681 0.8771 0.8467 0.8214
64 0.9124 0.2407 0.8854 0.8619 0.8329
65 0.9115 0.2447 0.8835 0.8604 0.8304
66 0.9128 0.2299 0.8848 0.8601 0.8306
67 0.9090 0.2383 0.8799 0.8637 0.8351
68 0.9077 0.2548 0.8788 0.8492 0.8186
69 0.9040 0.2804 0.8727 0.8464 0.8189
70 0.8913 0.3081 0.8598 0.7599 0.7329
71 0.8933 0.3104 0.8614 0.8516 0.8179
72 0.9035 0.2771 0.8758 0.8550 0.8274
73 0.9130 0.2458 0.8862 0.8679 0.8410
74 0.9195 0.2146 0.8926 0.8612 0.8327
75 0.9196 0.2214 0.8939 0.8584 0.8306
76 0.9171 0.2172 0.8894 0.8565 0.8282
77 0.9148 0.2325 0.8882 0.8536 0.8262
78 0.9136 0.2314 0.8856 0.8527 0.8257
79 0.9068 0.2670 0.8785 0.8614 0.8273
80 0.8983 0.2921 0.8665 0.8430 0.8147
81 0.9013 0.2967 0.8706 0.8541 0.8243
82 0.9044 0.2725 0.8748 0.8595 0.8325
83 0.9123 0.2499 0.8832 0.8197 0.7894
84 0.9167 0.2309 0.8904 0.8577 0.8303
85 0.9215 0.2117 0.8959 0.8630 0.8359
86 0.9207 0.2142 0.8946 0.8593 0.8323
87 0.9193 0.2151 0.8940 0.8602 0.8328
88 0.9145 0.2276 0.8886 0.8575 0.8314
89 0.9104 0.2490 0.8838 0.8496 0.8167
90 0.9065 0.2928 0.8765 0.8385 0.8160
91 0.9000 0.2920 0.8695 0.8411 0.8118
92 0.9112 0.2447 0.8849 0.8549 0.8260
93 0.9163 0.2319 0.8908 0.8620 0.8357
94 0.9152 0.2216 0.8892 0.8540 0.8278
95 0.9213 0.2075 0.8952 0.8585 0.8323
96 0.9216 0.2027 0.8969 0.8572 0.8313
97 0.9185 0.2133 0.8931 0.8598 0.8328
98 0.9194 0.2123 0.8921 0.8615 0.8347
99 0.9171 0.2173 0.8928 0.8503 0.8278
100 0.9195 0.2131 0.8947 0.8599 0.8339
101 0.9220 0.2052 0.8975 0.8589 0.8326
102 0.9232 0.1966 0.8975 0.8638 0.8375
103 0.9300 0.1814 0.9080 0.8663 0.8412
104 0.9249 0.1840 0.9020 0.8657 0.8395
105 0.9305 0.1765 0.9088 0.8647 0.8383
106 0.9290 0.1824 0.9055 0.8669 0.8418
107 0.9316 0.1748 0.9078 0.8687 0.8412
108 0.9274 0.1794 0.9039 0.8584 0.8328
109 0.9260 0.1907 0.9020 0.8676 0.8403
110 0.9253 0.1935 0.9006 0.8573 0.8325
111 0.9253 0.1905 0.9021 0.8512 0.8258
112 0.9262 0.1874 0.9036 0.8654 0.8388
113 0.9282 0.1831 0.9042 0.8682 0.8433
114 0.9348 0.1676 0.9134 0.8655 0.8391
115 0.9327 0.1704 0.9112 0.8661 0.8409
116 0.9337 0.1637 0.9115 0.8669 0.8430
117 0.9327 0.1649 0.9117 0.8687 0.8440
118 0.9283 0.1797 0.9057 0.8616 0.8397
119 0.9290 0.1774 0.9053 0.8632 0.8387
120 0.9253 0.1875 0.9020 0.8589 0.8304
121 0.9279 0.1957 0.9037 0.8557 0.8308
122 0.9275 0.1843 0.9048 0.8616 0.8358
123 0.9324 0.1743 0.9112 0.8590 0.8317
124 0.9314 0.1708 0.9089 0.8602 0.8346
125 0.9359 0.1605 0.9170 0.8601 0.8361
126 0.9377 0.1574 0.9187 0.8595 0.8346
127 0.9358 0.1633 0.9154 0.8609 0.8350
128 0.9309 0.1667 0.9103 0.8549 0.8329
129 0.9322 0.1697 0.9117 0.8474 0.8208
130 0.9273 0.1852 0.9018 0.8549 0.8285
131 0.9336 0.1714 0.9115 0.8475 0.8234
132 0.9311 0.1726 0.9090 0.8641 0.8383
133 0.9347 0.1642 0.9131 0.8582 0.8349
134 0.9335 0.1646 0.9129 0.8654 0.8412
135 0.9363 0.1610 0.9158 0.8631 0.8392
136 0.9414 0.1515 0.9229 0.8605 0.8353
137 0.9366 0.1543 0.9166 0.8658 0.8400
138 0.9340 0.1622 0.9131 0.8593 0.8343
139 0.9305 0.1737 0.9074 0.8599 0.8355
140 0.9268 0.1876 0.9015 0.8604 0.8311
141 0.9304 0.1886 0.9071 0.8538 0.8291
142 0.9342 0.1660 0.9146 0.8510 0.8248
143 0.9329 0.1640 0.9113 0.8580 0.8322
144 0.9386 0.1555 0.9192 0.8625 0.8386
145 0.9336 0.1636 0.9128 0.8614 0.8377
146 0.9349 0.1568 0.9160 0.8611 0.8385
147 0.9387 0.1520 0.9190 0.8647 0.8410
148 0.9340 0.1589 0.9148 0.8594 0.8338
149 0.9356 0.1646 0.9159 0.8594 0.8322
150 0.9280 0.1873 0.9065 0.8634 0.8380
151 0.9327 0.1693 0.9117 0.8609 0.8351
152 0.9299 0.1861 0.9082 0.8674 0.8416
153 0.9365 0.1656 0.9184 0.8658 0.8413
154 0.9360 0.1592 0.9179 0.8635 0.8393
155 0.9387 0.1504 0.9186 0.8611 0.8364
156 0.9436 0.1433 0.9255 0.8612 0.8350
157 0.9389 0.1490 0.9210 0.8542 0.8291
158 0.9367 0.1597 0.9185 0.8638 0.8387
159 0.9333 0.1687 0.9115 0.8632 0.8382
160 0.9377 0.1537 0.9184 0.8615 0.8373
161 0.9398 0.1496 0.9196 0.8623 0.8387
162 0.9404 0.1455 0.9208 0.8675 0.8444
163 0.9444 0.1396 0.9269 0.8667 0.8433
164 0.9407 0.1458 0.9219 0.8630 0.8385
165 0.9408 0.1421 0.9217 0.8665 0.8436
166 0.9400 0.1427 0.9205 0.8660 0.8427
167 0.9433 0.1410 0.9251 0.8648 0.8407
168 0.9408 0.1448 0.9212 0.8633 0.8403
169 0.9388 0.1486 0.9221 0.8664 0.8421
170 0.9392 0.1449 0.9208 0.8618 0.8379
171 0.9395 0.1432 0.9211 0.8638 0.8401
172 0.9434 0.1381 0.9256 0.8615 0.8380
173 0.9424 0.1394 0.9238 0.8652 0.8416
174 0.9463 0.1342 0.9302 0.8661 0.8424
175 0.9408 0.1427 0.9216 0.8636 0.8401
176 0.9439 0.1379 0.9269 0.8647 0.8419
177 0.9416 0.1411 0.9236 0.8634 0.8409
178 0.9409 0.1414 0.9227 0.8649 0.8407
179 0.9420 0.1361 0.9259 0.8599 0.8371
180 0.9444 0.1328 0.9280 0.8625 0.8392
181 0.9413 0.1415 0.9220 0.8628 0.8386
182 0.9427 0.1380 0.9246 0.8640 0.8394
183 0.9409 0.1418 0.9227 0.8639 0.8403
184 0.9452 0.1341 0.9273 0.8668 0.8431
185 0.9455 0.1351 0.9274 0.8669 0.8429
186 0.9419 0.1396 0.9237 0.8686 0.8451
187 0.9380 0.1403 0.9206 0.8678 0.8441
188 0.9451 0.1325 0.9286 0.8648 0.8411
189 0.9451 0.1313 0.9271 0.8633 0.8398
190 0.9469 0.1299 0.9307 0.8651 0.8409
191 0.9425 0.1370 0.9239 0.8704 0.8457
192 0.9450 0.1334 0.9272 0.8673 0.8435
193 0.9433 0.1354 0.9260 0.8672 0.8433
194 0.9451 0.1317 0.9284 0.8695 0.8453
195 0.9457 0.1301 0.9300 0.8687 0.8457
196 0.9439 0.1337 0.9276 0.8696 0.8447
197 0.9456 0.1282 0.9286 0.8680 0.8439
198 0.9433 0.1337 0.9266 0.8648 0.8405
199 0.9462 0.1287 0.9298 0.8663 0.8417
