epoch train_BCELoss train_SoftDiceLoss train_iou train_loss train_mAP val_BCELoss val_SoftDiceLoss val_iou val_loss val_mAP
0 0.6170 0.6350 0.0755 1.2515 0.0208 0.6308 0.7046 0.2266 1.3353 0.1606
1 0.3129 0.3232 0.6174 0.6359 0.5487 0.2858 0.5655 0.6587 0.8514 0.5981
2 0.2313 0.2225 0.7031 0.4540 0.6425 0.2651 0.5388 0.7016 0.8042 0.6450
3 0.2176 0.2032 0.7153 0.4211 0.6639 0.2889 0.5381 0.7112 0.8275 0.6628
4 0.2044 0.1869 0.7318 0.3918 0.6787 0.2732 0.5410 0.7306 0.8147 0.6809
5 0.1937 0.1781 0.7465 0.3723 0.6942 0.2598 0.5159 0.7265 0.7763 0.6787
6 0.1786 0.1627 0.7694 0.3420 0.7244 0.3180 0.5184 0.7570 0.8370 0.7092
7 0.1752 0.1557 0.7769 0.3317 0.7337 0.2375 0.5075 0.7515 0.7457 0.7032
8 0.1730 0.1541 0.7733 0.3279 0.7277 0.2626 0.5144 0.7529 0.7778 0.7041
9 0.1656 0.1496 0.7787 0.3158 0.7355 0.2850 0.5094 0.7499 0.7953 0.7086
10 0.1437 0.1308 0.7960 0.2753 0.7526 0.2380 0.5039 0.7731 0.7429 0.7308
11 0.1350 0.1210 0.8026 0.2569 0.7646 0.2066 0.4924 0.7829 0.7000 0.7470
12 0.1185 0.1089 0.8157 0.2284 0.7770 0.3180 0.5008 0.7722 0.8199 0.7324
13 0.1130 0.1022 0.8250 0.2162 0.7864 0.1978 0.4854 0.8059 0.6842 0.7669
14 0.1093 0.0971 0.8337 0.2075 0.7981 0.2864 0.4788 0.7909 0.7664 0.7552
15 0.0965 0.0852 0.8431 0.1827 0.8090 0.2453 0.4796 0.7975 0.7260 0.7669
16 0.0896 0.0840 0.8446 0.1746 0.8082 0.2499 0.4740 0.7991 0.7250 0.7679
17 0.0957 0.0889 0.8421 0.1857 0.8089 0.2323 0.4733 0.7994 0.7068 0.7693
18 0.0938 0.0809 0.8507 0.1757 0.8168 0.2776 0.4810 0.7955 0.7598 0.7599
19 0.0961 0.0864 0.8432 0.1836 0.8084 0.3019 0.4792 0.7935 0.7823 0.7568
20 0.1008 0.0932 0.8386 0.1951 0.8014 0.2728 0.4831 0.7980 0.7571 0.7657
21 0.1161 0.1010 0.8327 0.2181 0.7962 0.2288 0.4879 0.7817 0.7178 0.7435
22 0.1246 0.1060 0.8237 0.2316 0.7865 0.3335 0.4899 0.7469 0.8245 0.6829
23 0.1465 0.1304 0.8027 0.2778 0.7630 0.3118 0.4948 0.7673 0.8077 0.7334
24 0.1393 0.1222 0.8135 0.2625 0.7746 0.2762 0.5036 0.7659 0.7808 0.7214
25 0.1227 0.1106 0.8217 0.2342 0.7837 0.2615 0.4694 0.7917 0.7322 0.7564
26 0.1043 0.0904 0.8403 0.1958 0.8043 0.3492 0.4844 0.7858 0.8348 0.7480
27 0.1070 0.0958 0.8392 0.2040 0.8049 0.2274 0.4814 0.8056 0.7100 0.7780
28 0.0882 0.0807 0.8520 0.1700 0.8177 0.2678 0.4726 0.8001 0.7417 0.7628
29 0.0872 0.0790 0.8526 0.1673 0.8198 0.3287 0.4672 0.7969 0.7972 0.7660
30 0.0805 0.0699 0.8630 0.1516 0.8330 0.3047 0.4700 0.8120 0.7760 0.7860
31 0.0706 0.0603 0.8688 0.1321 0.8381 0.2839 0.4551 0.8205 0.7404 0.7907
32 0.0682 0.0621 0.8689 0.1316 0.8397 0.2766 0.4556 0.8208 0.7336 0.7931
33 0.0710 0.0628 0.8692 0.1351 0.8389 0.2716 0.4571 0.8188 0.7301 0.7914
34 0.0672 0.0630 0.8696 0.1315 0.8407 0.2759 0.4717 0.8133 0.7488 0.7866
35 0.0771 0.0692 0.8646 0.1475 0.8309 0.2396 0.4649 0.8144 0.7059 0.7802
36 0.0779 0.0693 0.8636 0.1483 0.8329 0.2206 0.4645 0.8200 0.6865 0.7859
37 0.0877 0.0756 0.8591 0.1645 0.8244 0.3470 0.4819 0.7901 0.8301 0.7597
38 0.0906 0.0813 0.8497 0.1732 0.8169 0.3182 0.4705 0.7989 0.7899 0.7653
39 0.0947 0.0805 0.8490 0.1763 0.8142 0.2662 0.4868 0.7865 0.7541 0.7470
40 0.1106 0.0971 0.8333 0.2088 0.7985 0.3698 0.5309 0.7021 0.9020 0.6538
41 0.1062 0.0929 0.8369 0.2003 0.8039 0.2471 0.4842 0.7976 0.7323 0.7663
42 0.0904 0.0770 0.8550 0.1686 0.8238 0.3007 0.4757 0.7902 0.7777 0.7613
43 0.0873 0.0755 0.8563 0.1640 0.8250 0.1961 0.4687 0.8217 0.6661 0.7884
44 0.0739 0.0641 0.8682 0.1393 0.8382 0.2539 0.4875 0.8103 0.7426 0.7827
45 0.0655 0.0584 0.8726 0.1252 0.8455 0.2790 0.4508 0.8210 0.7313 0.7946
46 0.0679 0.0586 0.8830 0.1278 0.8560 0.2880 0.4472 0.8262 0.7367 0.7992
47 0.0593 0.0564 0.8781 0.1171 0.8503 0.2582 0.4468 0.8337 0.7065 0.8077
48 0.0563 0.0514 0.8819 0.1091 0.8552 0.2620 0.4458 0.8346 0.7094 0.8077
49 0.0539 0.0484 0.8844 0.1037 0.8590 0.2847 0.4433 0.8318 0.7295 0.8039
50 0.0529 0.0489 0.8837 0.1032 0.8569 0.3003 0.4485 0.8258 0.7504 0.7961
51 0.0561 0.0505 0.8782 0.1079 0.8515 0.3461 0.4496 0.8207 0.7973 0.7920
52 0.0600 0.0536 0.8763 0.1149 0.8472 0.3008 0.4558 0.8207 0.7580 0.7917
53 0.0611 0.0554 0.8749 0.1178 0.8463 0.3560 0.4577 0.8174 0.8152 0.7905
54 0.0727 0.0636 0.8674 0.1377 0.8386 0.2285 0.4674 0.8021 0.6973 0.7661
55 0.0910 0.0773 0.8507 0.1696 0.8184 0.2286 0.4718 0.8098 0.7017 0.7752
56 0.0921 0.0816 0.8471 0.1749 0.8153 0.2871 0.4651 0.7777 0.7535 0.7311
57 0.1080 0.0963 0.8333 0.2055 0.7939 0.2559 0.4576 0.8075 0.7150 0.7715
58 0.0829 0.0754 0.8530 0.1596 0.8210 0.4249 0.4811 0.8144 0.9073 0.7786
59 0.0825 0.0694 0.8665 0.1532 0.8356 0.4001 0.4633 0.8121 0.8650 0.7839
60 0.0591 0.0532 0.8814 0.1136 0.8522 0.3047 0.4601 0.8353 0.7663 0.8067
61 0.0548 0.0495 0.8842 0.1057 0.8572 0.3540 0.4562 0.8198 0.8117 0.7926
62 0.0573 0.0516 0.8825 0.1104 0.8551 0.3503 0.4578 0.8273 0.8096 0.8019
63 0.0488 0.0438 0.8900 0.0941 0.8634 0.3381 0.4553 0.8322 0.7950 0.8047
64 0.0463 0.0436 0.8893 0.0914 0.8630 0.3418 0.4517 0.8333 0.7951 0.8058
65 0.0475 0.0430 0.8939 0.0920 0.8673 0.3478 0.4503 0.8315 0.7998 0.8048
66 0.0490 0.0437 0.8859 0.0941 0.8607 0.3728 0.4480 0.8324 0.8224 0.8074
67 0.0515 0.0458 0.8913 0.0988 0.8632 0.3115 0.4548 0.8301 0.7679 0.8055
68 0.0546 0.0502 0.8838 0.1063 0.8571 0.3946 0.4523 0.8160 0.8484 0.7835
69 0.0560 0.0503 0.8802 0.1077 0.8500 0.3576 0.4490 0.8277 0.8082 0.7975
70 0.0633 0.0574 0.8792 0.1221 0.8478 0.2559 0.4628 0.8238 0.7201 0.7929
71 0.0648 0.0534 0.8705 0.1196 0.8414 0.4336 0.4888 0.7604 0.9238 0.7156
72 0.0859 0.0747 0.8623 0.1619 0.8303 0.2584 0.4876 0.7907 0.7472 0.7511
73 0.0847 0.0733 0.8535 0.1593 0.8220 0.3034 0.4596 0.7966 0.7644 0.7578
74 0.0693 0.0612 0.8698 0.1318 0.8394 0.3366 0.4686 0.7955 0.8065 0.7550
75 0.0627 0.0574 0.8786 0.1215 0.8480 0.3184 0.4678 0.8194 0.7877 0.7915
76 0.0539 0.0488 0.8824 0.1041 0.8531 0.3161 0.4500 0.8389 0.7678 0.8106
77 0.0483 0.0440 0.8882 0.0939 0.8625 0.3959 0.4602 0.8252 0.8576 0.7998
78 0.0501 0.0438 0.8954 0.0955 0.8677 0.2985 0.4519 0.8335 0.7520 0.8057
79 0.0440 0.0405 0.8978 0.0860 0.8722 0.3611 0.4499 0.8326 0.8128 0.8064
80 0.0451 0.0407 0.8958 0.0873 0.8700 0.3549 0.4494 0.8327 0.8060 0.8078
81 0.0447 0.0410 0.8949 0.0874 0.8701 0.3615 0.4524 0.8309 0.8156 0.8054
82 0.0410 0.0381 0.8973 0.0807 0.8720 0.3265 0.4485 0.8343 0.7767 0.8078
83 0.0432 0.0392 0.8900 0.0838 0.8641 0.3428 0.4471 0.8369 0.7916 0.8094
84 0.0504 0.0456 0.8927 0.0975 0.8663 0.3700 0.4552 0.8218 0.8269 0.7876
85 0.0627 0.0529 0.8717 0.1169 0.8425 0.3483 0.4656 0.8209 0.8155 0.7902
86 0.0578 0.0505 0.8790 0.1097 0.8515 0.3408 0.4642 0.8159 0.8065 0.7823
87 0.0619 0.0536 0.8753 0.1169 0.8472 0.3425 0.4767 0.7999 0.8207 0.7702
88 0.0868 0.0760 0.8607 0.1641 0.8282 0.5322 0.5523 0.6819 1.0856 0.6442
89 0.0984 0.0860 0.8503 0.1857 0.8161 0.3753 0.4677 0.7971 0.8445 0.7652
90 0.0804 0.0708 0.8629 0.1525 0.8303 0.3943 0.4777 0.7868 0.8736 0.7498
91 0.0590 0.0508 0.8816 0.1113 0.8539 0.3858 0.4621 0.8090 0.8496 0.7818
92 0.0659 0.0574 0.8761 0.1248 0.8491 0.3561 0.4568 0.8275 0.8145 0.8026
93 0.0523 0.0474 0.8893 0.1012 0.8622 0.3183 0.4566 0.8274 0.7766 0.8035
94 0.0477 0.0442 0.8915 0.0935 0.8636 0.3694 0.4543 0.8295 0.8253 0.8023
95 0.0435 0.0389 0.8943 0.0839 0.8698 0.3444 0.4476 0.8315 0.7938 0.8071
96 0.0428 0.0386 0.9032 0.0831 0.8783 0.3500 0.4445 0.8340 0.7963 0.8094
97 0.0424 0.0384 0.8985 0.0823 0.8749 0.3277 0.4397 0.8360 0.7692 0.8088
98 0.0421 0.0381 0.8979 0.0818 0.8728 0.3406 0.4471 0.8281 0.7895 0.8016
99 0.0433 0.0376 0.8973 0.0825 0.8726 0.3586 0.4479 0.8298 0.8084 0.8007
100 0.0418 0.0385 0.8948 0.0818 0.8687 0.3261 0.4497 0.8306 0.7775 0.8050
101 0.0541 0.0469 0.8908 0.1025 0.8630 0.2283 0.4578 0.8178 0.6877 0.7799
102 0.0551 0.0483 0.8790 0.1048 0.8518 0.2817 0.4496 0.8175 0.7330 0.7881
103 0.0683 0.0599 0.8755 0.1297 0.8463 0.3320 0.4711 0.8087 0.8046 0.7772
104 0.0724 0.0630 0.8642 0.1368 0.8338 0.3671 0.4899 0.7488 0.8586 0.7027
105 0.0716 0.0617 0.8694 0.1347 0.8406 0.3587 0.4813 0.7946 0.8414 0.7597
106 0.0796 0.0706 0.8636 0.1515 0.8344 0.3041 0.4594 0.8185 0.7651 0.7872
107 0.0678 0.0590 0.8758 0.1283 0.8445 0.2780 0.4516 0.8311 0.7312 0.7998
108 0.0524 0.0476 0.8909 0.1015 0.8644 0.2777 0.4505 0.8379 0.7299 0.8115
109 0.0461 0.0416 0.8980 0.0892 0.8743 0.3061 0.4472 0.8407 0.7550 0.8145
110 0.0451 0.0391 0.8991 0.0857 0.8774 0.3148 0.4431 0.8428 0.7598 0.8196
111 0.0401 0.0365 0.9022 0.0783 0.8788 0.3319 0.4479 0.8379 0.7816 0.8169
112 0.0371 0.0345 0.9031 0.0733 0.8803 0.3140 0.4460 0.8407 0.7618 0.8182
113 0.0370 0.0347 0.9045 0.0733 0.8830 0.3308 0.4435 0.8433 0.7762 0.8192
114 0.0351 0.0324 0.9020 0.0692 0.8779 0.3085 0.4420 0.8524 0.7523 0.8296
115 0.0372 0.0334 0.9072 0.0722 0.8844 0.3394 0.4473 0.8359 0.7885 0.8123
116 0.0412 0.0361 0.9024 0.0789 0.8790 0.3587 0.4508 0.8323 0.8113 0.8059
117 0.0406 0.0368 0.8961 0.0790 0.8698 0.3572 0.4592 0.8266 0.8181 0.8002
118 0.0442 0.0394 0.8942 0.0851 0.8662 0.3124 0.4573 0.8259 0.7713 0.7993
119 0.0439 0.0386 0.8861 0.0840 0.8590 0.3246 0.4602 0.8205 0.7863 0.7860
120 0.0736 0.0613 0.8704 0.1363 0.8410 0.4078 0.4960 0.7627 0.9051 0.7228
121 0.0822 0.0734 0.8613 0.1570 0.8306 0.3835 0.4718 0.7893 0.8570 0.7609
122 0.0623 0.0540 0.8853 0.1178 0.8556 0.3748 0.4625 0.8112 0.8390 0.7775
123 0.0625 0.0548 0.8796 0.1188 0.8502 0.3410 0.4590 0.8154 0.8014 0.7834
124 0.0510 0.0462 0.8862 0.0988 0.8572 0.3715 0.4481 0.8201 0.8214 0.7924
125 0.0425 0.0378 0.8996 0.0819 0.8769 0.3137 0.4455 0.8335 0.7611 0.8044
126 0.0390 0.0352 0.9022 0.0758 0.8783 0.3151 0.4367 0.8400 0.7537 0.8102
127 0.0347 0.0318 0.9047 0.0681 0.8838 0.3293 0.4349 0.8439 0.7660 0.8143
128 0.0384 0.0327 0.9074 0.0728 0.8834 0.3156 0.4343 0.8433 0.7518 0.8136
129 0.0319 0.0298 0.9079 0.0634 0.8841 0.3335 0.4333 0.8430 0.7686 0.8113
130 0.0326 0.0298 0.9064 0.0640 0.8842 0.3674 0.4349 0.8395 0.8042 0.8096
131 0.0338 0.0306 0.9071 0.0662 0.8846 0.3709 0.4349 0.8441 0.8077 0.8133
132 0.0438 0.0383 0.9020 0.0838 0.8768 0.3430 0.4593 0.8200 0.8041 0.7904
133 0.0529 0.0469 0.8893 0.1013 0.8629 0.3246 0.4429 0.8134 0.7694 0.7846
134 0.0542 0.0497 0.8830 0.1053 0.8564 0.3096 0.4393 0.8338 0.7507 0.8002
135 0.0708 0.0609 0.8717 0.1332 0.8446 0.3528 0.4819 0.7927 0.8360 0.7568
136 0.0849 0.0694 0.8686 0.1557 0.8375 0.3364 0.4610 0.8186 0.7989 0.7888
137 0.0635 0.0569 0.8762 0.1218 0.8477 0.3876 0.4651 0.8184 0.8542 0.7869
138 0.0479 0.0415 0.8912 0.0910 0.8669 0.3658 0.4476 0.8244 0.8151 0.7932
139 0.0448 0.0409 0.8961 0.0873 0.8708 0.3468 0.4484 0.8365 0.7968 0.8093
140 0.0440 0.0387 0.8942 0.0843 0.8680 0.3543 0.4499 0.8350 0.8059 0.8086
141 0.0421 0.0369 0.9049 0.0807 0.8818 0.3406 0.4436 0.8376 0.7860 0.8049
142 0.0377 0.0330 0.9031 0.0725 0.8811 0.3221 0.4449 0.8414 0.7689 0.8142
143 0.0350 0.0333 0.9068 0.0700 0.8840 0.3407 0.4326 0.8470 0.7752 0.8206
144 0.0327 0.0297 0.9108 0.0641 0.8887 0.3332 0.4396 0.8458 0.7747 0.8185
145 0.0325 0.0293 0.9103 0.0636 0.8879 0.3343 0.4314 0.8515 0.7677 0.8237
146 0.0337 0.0308 0.9036 0.0663 0.8812 0.3498 0.4309 0.8532 0.7825 0.8232
147 0.0394 0.0349 0.9019 0.0759 0.8795 0.2992 0.4331 0.8411 0.7342 0.8100
148 0.0375 0.0327 0.9071 0.0719 0.8843 0.3116 0.4289 0.8517 0.7424 0.8203
149 0.0371 0.0331 0.9041 0.0718 0.8795 0.3893 0.4431 0.8333 0.8342 0.8033
150 0.0526 0.0437 0.8894 0.0979 0.8655 0.4055 0.4631 0.8101 0.8704 0.7788
151 0.0585 0.0519 0.8787 0.1119 0.8496 0.4133 0.4547 0.8145 0.8696 0.7794
152 0.0691 0.0600 0.8749 0.1305 0.8460 0.2877 0.4665 0.8195 0.7557 0.7874
153 0.0710 0.0626 0.8697 0.1351 0.8413 0.3128 0.4403 0.8331 0.7548 0.7996
154 0.0505 0.0445 0.8859 0.0965 0.8606 0.3521 0.4709 0.8131 0.8246 0.7842
155 0.0564 0.0466 0.8851 0.1046 0.8610 0.4339 0.4664 0.7945 0.9020 0.7518
156 0.0542 0.0479 0.8943 0.1038 0.8686 0.2602 0.4459 0.8408 0.7079 0.8109
157 0.0428 0.0391 0.9004 0.0836 0.8778 0.2549 0.4307 0.8454 0.6874 0.8145
158 0.0344 0.0318 0.9018 0.0679 0.8790 0.3247 0.4362 0.8405 0.7628 0.8090
159 0.0315 0.0297 0.9102 0.0629 0.8893 0.3197 0.4320 0.8482 0.7537 0.8191
160 0.0314 0.0294 0.9156 0.0626 0.8944 0.3318 0.4315 0.8471 0.7653 0.8182
161 0.0299 0.0279 0.9117 0.0597 0.8914 0.3088 0.4329 0.8529 0.7437 0.8262
162 0.0307 0.0276 0.9164 0.0601 0.8957 0.3160 0.4337 0.8511 0.7515 0.8243
163 0.0312 0.0288 0.9064 0.0618 0.8844 0.3049 0.4354 0.8527 0.7422 0.8257
164 0.0340 0.0296 0.9053 0.0654 0.8840 0.2949 0.4358 0.8487 0.7326 0.8224
165 0.0347 0.0309 0.9054 0.0674 0.8857 0.3149 0.4371 0.8463 0.7538 0.8158
166 0.0357 0.0324 0.9053 0.0698 0.8809 0.4004 0.4419 0.8301 0.8442 0.8007
167 0.0626 0.0552 0.8800 0.1194 0.8524 0.3260 0.4560 0.8284 0.7837 0.8021
168 0.0612 0.0535 0.8797 0.1161 0.8516 0.2952 0.4556 0.8242 0.7524 0.7906
169 0.0585 0.0510 0.8879 0.1110 0.8603 0.3146 0.4532 0.8318 0.7694 0.7982
170 0.0471 0.0410 0.8932 0.0897 0.8663 0.3443 0.4513 0.8292 0.7973 0.8028
171 0.0466 0.0420 0.8986 0.0902 0.8741 0.3385 0.4442 0.8385 0.7846 0.8107
172 0.0384 0.0346 0.9045 0.0747 0.8808 0.3472 0.4416 0.8305 0.7906 0.8019
173 0.0337 0.0306 0.9041 0.0660 0.8812 0.3789 0.4338 0.8413 0.8146 0.8128
174 0.0313 0.0283 0.9095 0.0614 0.8886 0.3976 0.4364 0.8404 0.8360 0.8146
175 0.0297 0.0274 0.9098 0.0589 0.8894 0.3981 0.4338 0.8435 0.8338 0.8161
176 0.0275 0.0255 0.9154 0.0549 0.8958 0.4012 0.4332 0.8465 0.8364 0.8201
177 0.0292 0.0271 0.9199 0.0582 0.9011 0.3908 0.4344 0.8433 0.8273 0.8180
178 0.0287 0.0264 0.9126 0.0569 0.8930 0.3700 0.4344 0.8420 0.8064 0.8169
179 0.0290 0.0266 0.9152 0.0574 0.8959 0.3943 0.4359 0.8403 0.8321 0.8158
180 0.0310 0.0291 0.9119 0.0620 0.8912 0.3972 0.4407 0.8358 0.8398 0.8032
181 0.0334 0.0309 0.9049 0.0661 0.8834 0.3557 0.4479 0.8359 0.8055 0.8087
182 0.0412 0.0365 0.8949 0.0795 0.8738 0.4194 0.4701 0.7951 0.8913 0.7645
183 0.0490 0.0413 0.8951 0.0919 0.8697 0.3921 0.4511 0.8261 0.8450 0.7948
184 0.0425 0.0385 0.8981 0.0825 0.8732 0.3552 0.4395 0.8345 0.7965 0.8051
185 0.0495 0.0433 0.8900 0.0944 0.8644 0.2949 0.4643 0.8010 0.7608 0.7610
186 0.0474 0.0403 0.8995 0.0894 0.8760 0.3230 0.4618 0.8324 0.7864 0.8058
187 0.0426 0.0363 0.9004 0.0806 0.8778 0.3263 0.4374 0.8354 0.7657 0.8023
188 0.0321 0.0293 0.9134 0.0633 0.8913 0.3537 0.4394 0.8317 0.7951 0.8031
189 0.0374 0.0334 0.9003 0.0725 0.8792 0.4036 0.4490 0.8272 0.8544 0.7980
190 0.0351 0.0308 0.9119 0.0677 0.8910 0.3762 0.4378 0.8413 0.8159 0.8150
191 0.0290 0.0271 0.9129 0.0580 0.8930 0.3623 0.4415 0.8472 0.8057 0.8208
192 0.0264 0.0256 0.9190 0.0539 0.8986 0.3770 0.4377 0.8482 0.8166 0.8211
193 0.0269 0.0253 0.9216 0.0540 0.9024 0.3705 0.4341 0.8462 0.8065 0.8192
194 0.0268 0.0248 0.9194 0.0535 0.8995 0.3814 0.4387 0.8403 0.8220 0.8129
195 0.0297 0.0271 0.9126 0.0585 0.8910 0.3734 0.4350 0.8454 0.8103 0.8196
196 0.0305 0.0278 0.9137 0.0601 0.8929 0.3746 0.4388 0.8379 0.8152 0.8117
197 0.0304 0.0278 0.9158 0.0601 0.8970 0.3986 0.4340 0.8471 0.8345 0.8203
198 0.0276 0.0256 0.9165 0.0550 0.8968 0.3998 0.4388 0.8322 0.8405 0.8089
199 0.0450 0.0388 0.9011 0.0855 0.8756 0.3984 0.4601 0.7988 0.8600 0.7525
