epoch train_iou train_loss train_mAP val_iou val_mAP
0 0.6083 1.1615 0.5318 0.6953 0.6028
1 0.7403 0.8178 0.6772 0.7663 0.7103
2 0.7629 0.7684 0.7075 0.7827 0.7297
3 0.7844 0.6748 0.7356 0.7935 0.7566
4 0.7992 0.6288 0.7506 0.8032 0.7620
5 0.8115 0.5962 0.7684 0.8035 0.7684
6 0.8046 0.5986 0.7562 0.8099 0.7665
7 0.8022 0.6268 0.7562 0.7951 0.7576
8 0.7965 0.6339 0.7508 0.8093 0.7687
9 0.8099 0.6072 0.7626 0.8227 0.7849
10 0.8097 0.5991 0.7649 0.8251 0.7883
11 0.8234 0.5547 0.7813 0.8241 0.7806
12 0.8258 0.5468 0.7863 0.8241 0.7936
13 0.8394 0.4891 0.7995 0.8341 0.8049
14 0.8491 0.4601 0.8084 0.8442 0.8135
15 0.8459 0.4649 0.8047 0.8442 0.8112
16 0.8560 0.4396 0.8201 0.8458 0.8125
17 0.8457 0.4673 0.8087 0.8406 0.8079
18 0.8485 0.4799 0.8086 0.8390 0.8076
19 0.8423 0.5071 0.8039 0.8114 0.7802
20 0.8273 0.5412 0.7889 0.8136 0.7661
21 0.8436 0.4903 0.8063 0.8444 0.8125
22 0.8512 0.4457 0.8139 0.8358 0.8044
23 0.8578 0.4256 0.8204 0.8471 0.8185
24 0.8672 0.3992 0.8311 0.8481 0.8177
25 0.8775 0.3667 0.8389 0.8456 0.8166
26 0.8723 0.3812 0.8369 0.8443 0.8155
27 0.8696 0.3797 0.8345 0.8402 0.8069
28 0.8640 0.4139 0.8234 0.8372 0.8049
29 0.8569 0.4385 0.8181 0.8323 0.7952
30 0.8524 0.4686 0.8149 0.8303 0.7972
31 0.8548 0.4471 0.8186 0.8454 0.8156
32 0.8718 0.3943 0.8371 0.8436 0.8087
33 0.8779 0.3658 0.8427 0.8464 0.8181
34 0.8832 0.3416 0.8505 0.8466 0.8174
35 0.8912 0.3229 0.8591 0.8478 0.8190
36 0.8896 0.3233 0.8574 0.8471 0.8197
37 0.8889 0.3168 0.8563 0.8506 0.8209
38 0.8805 0.3543 0.8441 0.8471 0.8148
39 0.8733 0.3835 0.8363 0.8466 0.8137
40 0.8687 0.4042 0.8339 0.8438 0.8087
41 0.8744 0.3817 0.8390 0.8303 0.8054
42 0.8850 0.3412 0.8524 0.8608 0.8299
43 0.8857 0.3335 0.8536 0.8535 0.8246
44 0.8927 0.3061 0.8594 0.8488 0.8219
45 0.8963 0.2936 0.8653 0.8518 0.8242
46 0.8925 0.3002 0.8585 0.8543 0.8249
47 0.8909 0.3127 0.8574 0.8559 0.8303
48 0.8878 0.3238 0.8550 0.8471 0.8171
49 0.8883 0.3369 0.8555 0.8441 0.8132
50 0.8769 0.3757 0.8427 0.8346 0.8056
51 0.8845 0.3460 0.8520 0.8511 0.8203
52 0.8951 0.3064 0.8628 0.8562 0.8285
53 0.8914 0.3113 0.8588 0.8555 0.8287
54 0.9044 0.2701 0.8747 0.8520 0.8226
55 0.9009 0.2699 0.8713 0.8577 0.8292
56 0.9056 0.2641 0.8743 0.8554 0.8281
57 0.9016 0.2721 0.8691 0.8560 0.8260
58 0.9043 0.2777 0.8735 0.8504 0.8167
59 0.8886 0.3195 0.8535 0.8381 0.8075
60 0.8829 0.3520 0.8479 0.8531 0.8266
61 0.8856 0.3338 0.8507 0.8532 0.8228
62 0.8941 0.3048 0.8628 0.8502 0.8203
63 0.9010 0.2845 0.8722 0.8566 0.8282
64 0.9030 0.2704 0.8739 0.8662 0.8353
65 0.9082 0.2560 0.8802 0.8638 0.8334
66 0.9019 0.2658 0.8699 0.8590 0.8275
67 0.9058 0.2624 0.8766 0.8579 0.8279
68 0.9036 0.2756 0.8722 0.8486 0.8212
69 0.9007 0.2829 0.8700 0.8494 0.8173
70 0.8924 0.3057 0.8613 0.8511 0.8201
71 0.8897 0.3297 0.8575 0.8486 0.8168
72 0.8995 0.2897 0.8677 0.8546 0.8257
73 0.9082 0.2605 0.8795 0.8523 0.8252
74 0.9082 0.2559 0.8811 0.8604 0.8323
75 0.9109 0.2454 0.8837 0.8554 0.8280
76 0.9063 0.2511 0.8781 0.8563 0.8272
77 0.9128 0.2376 0.8853 0.8557 0.8243
78 0.9084 0.2563 0.8776 0.8565 0.8279
79 0.9010 0.2770 0.8715 0.8536 0.8191
80 0.8967 0.2950 0.8659 0.8494 0.8186
81 0.8965 0.2991 0.8668 0.8505 0.8141
82 0.9062 0.2663 0.8771 0.8496 0.8196
83 0.9130 0.2400 0.8845 0.8551 0.8252
84 0.9080 0.2404 0.8800 0.8571 0.8250
85 0.9146 0.2276 0.8875 0.8537 0.8228
86 0.9137 0.2306 0.8854 0.8564 0.8244
87 0.9120 0.2277 0.8832 0.8592 0.8272
88 0.9101 0.2499 0.8809 0.8504 0.8221
89 0.9044 0.2634 0.8732 0.8426 0.8149
90 0.9056 0.2701 0.8741 0.8496 0.8206
91 0.9059 0.2706 0.8748 0.8550 0.8270
92 0.9114 0.2501 0.8855 0.8521 0.8232
93 0.9121 0.2378 0.8857 0.8482 0.8191
94 0.9146 0.2250 0.8888 0.8556 0.8269
95 0.9185 0.2154 0.8907 0.8527 0.8251
96 0.9143 0.2273 0.8864 0.8591 0.8314
97 0.9135 0.2282 0.8845 0.8563 0.8272
98 0.9188 0.2200 0.8914 0.8559 0.8278
99 0.9086 0.2542 0.8804 0.8525 0.8232
100 0.9129 0.2458 0.8861 0.8581 0.8292
101 0.9177 0.2308 0.8916 0.8569 0.8280
102 0.9222 0.2073 0.8958 0.8544 0.8233
103 0.9181 0.2120 0.8923 0.8552 0.8251
104 0.9250 0.2003 0.8989 0.8590 0.8296
105 0.9241 0.1989 0.8987 0.8577 0.8291
106 0.9236 0.1969 0.8973 0.8596 0.8303
107 0.9220 0.2006 0.8955 0.8557 0.8266
108 0.9191 0.2068 0.8917 0.8596 0.8287
109 0.9203 0.2102 0.8923 0.8600 0.8280
110 0.9246 0.2079 0.8986 0.8573 0.8264
111 0.9183 0.2178 0.8907 0.8525 0.8230
112 0.9184 0.2104 0.8917 0.8561 0.8261
113 0.9222 0.2005 0.8957 0.8605 0.8303
114 0.9269 0.1896 0.9004 0.8646 0.8362
115 0.9263 0.1899 0.9019 0.8600 0.8305
116 0.9266 0.1896 0.9027 0.8606 0.8306
117 0.9270 0.1844 0.9016 0.8579 0.8279
118 0.9268 0.1944 0.9014 0.8544 0.8266
119 0.9243 0.1978 0.9011 0.8610 0.8315
120 0.9219 0.2084 0.8954 0.8608 0.8335
121 0.9212 0.2090 0.8944 0.8577 0.8298
122 0.9231 0.2000 0.8988 0.8615 0.8321
123 0.9257 0.1899 0.9024 0.8616 0.8347
124 0.9288 0.1841 0.9060 0.8660 0.8389
125 0.9305 0.1774 0.9066 0.8658 0.8382
126 0.9319 0.1743 0.9074 0.8619 0.8322
127 0.9286 0.1799 0.9049 0.8585 0.8287
128 0.9263 0.1846 0.9028 0.8609 0.8323
129 0.9280 0.1909 0.9046 0.8576 0.8269
130 0.9202 0.2125 0.8951 0.8547 0.8291
131 0.9203 0.2120 0.8916 0.8617 0.8317
132 0.9285 0.1959 0.9066 0.8616 0.8316
133 0.9283 0.1895 0.9016 0.8621 0.8316
134 0.9248 0.1877 0.9011 0.8632 0.8335
135 0.9339 0.1745 0.9112 0.8647 0.8344
136 0.9287 0.1780 0.9033 0.8636 0.8355
137 0.9327 0.1744 0.9108 0.8630 0.8335
138 0.9305 0.1810 0.9072 0.8600 0.8311
139 0.9253 0.1919 0.9005 0.8575 0.8288
140 0.9270 0.1893 0.9013 0.8563 0.8328
141 0.9242 0.1881 0.8997 0.8599 0.8320
142 0.9312 0.1779 0.9073 0.8596 0.8333
143 0.9330 0.1793 0.9112 0.8607 0.8302
144 0.9260 0.1838 0.9044 0.8614 0.8343
145 0.9300 0.1744 0.9087 0.8615 0.8345
146 0.9330 0.1676 0.9110 0.8606 0.8321
147 0.9333 0.1692 0.9118 0.8617 0.8339
148 0.9341 0.1696 0.9108 0.8574 0.8305
149 0.9285 0.1866 0.9050 0.8580 0.8257
150 0.9217 0.1941 0.8957 0.8568 0.8296
151 0.9278 0.1932 0.9037 0.8598 0.8315
152 0.9288 0.1832 0.9070 0.8598 0.8314
153 0.9315 0.1739 0.9074 0.8597 0.8327
154 0.9338 0.1676 0.9124 0.8619 0.8345
155 0.9312 0.1682 0.9095 0.8622 0.8350
156 0.9348 0.1663 0.9137 0.8591 0.8316
157 0.9345 0.1675 0.9113 0.8532 0.8245
158 0.9301 0.1728 0.9092 0.8536 0.8224
159 0.9252 0.1930 0.9022 0.8465 0.8194
160 0.9307 0.1757 0.9084 0.8546 0.8274
161 0.9334 0.1674 0.9108 0.8547 0.8263
162 0.9346 0.1651 0.9135 0.8526 0.8260
163 0.9331 0.1669 0.9103 0.8581 0.8304
164 0.9346 0.1648 0.9125 0.8607 0.8309
165 0.9347 0.1657 0.9124 0.8589 0.8304
166 0.9357 0.1587 0.9151 0.8592 0.8309
167 0.9395 0.1533 0.9198 0.8580 0.8308
168 0.9350 0.1637 0.9137 0.8620 0.8341
169 0.9321 0.1673 0.9106 0.8596 0.8319
170 0.9349 0.1617 0.9134 0.8603 0.8333
171 0.9344 0.1625 0.9140 0.8612 0.8327
172 0.9358 0.1566 0.9169 0.8624 0.8367
173 0.9347 0.1590 0.9143 0.8614 0.8323
174 0.9351 0.1617 0.9136 0.8618 0.8328
175 0.9379 0.1549 0.9181 0.8648 0.8361
176 0.9301 0.1677 0.9074 0.8634 0.8356
177 0.9366 0.1569 0.9164 0.8624 0.8333
178 0.9380 0.1557 0.9173 0.8623 0.8311
179 0.9397 0.1502 0.9194 0.8595 0.8316
180 0.9382 0.1556 0.9190 0.8569 0.8299
181 0.9336 0.1651 0.9112 0.8560 0.8269
182 0.9380 0.1541 0.9173 0.8558 0.8267
183 0.9389 0.1521 0.9180 0.8547 0.8257
184 0.9389 0.1518 0.9166 0.8553 0.8274
185 0.9370 0.1580 0.9156 0.8560 0.8267
186 0.9371 0.1570 0.9160 0.8562 0.8275
187 0.9390 0.1577 0.9178 0.8555 0.8282
188 0.9357 0.1571 0.9160 0.8575 0.8294
189 0.9395 0.1492 0.9202 0.8584 0.8304
190 0.9350 0.1603 0.9125 0.8607 0.8304
191 0.9373 0.1528 0.9180 0.8607 0.8285
192 0.9407 0.1476 0.9208 0.8588 0.8311
193 0.9374 0.1559 0.9171 0.8571 0.8291
194 0.9357 0.1551 0.9141 0.8568 0.8280
195 0.9383 0.1539 0.9182 0.8578 0.8297
196 0.9409 0.1484 0.9193 0.8593 0.8288
197 0.9369 0.1519 0.9158 0.8593 0.8310
198 0.9349 0.1543 0.9133 0.8587 0.8273
199 0.9410 0.1465 0.9208 0.8546 0.8248
