epoch train_iou train_loss train_mAP val_iou val_mAP
0 0.6437 1.1227 0.5697 0.7151 0.6532
1 0.7377 0.8368 0.6753 0.7522 0.6990
2 0.7652 0.7576 0.7070 0.7716 0.7175
3 0.7934 0.6670 0.7406 0.7938 0.7462
4 0.8043 0.6231 0.7547 0.8099 0.7700
5 0.8045 0.6182 0.7552 0.8115 0.7713
6 0.8106 0.5988 0.7607 0.8184 0.7788
7 0.8053 0.6053 0.7549 0.8167 0.7794
8 0.8085 0.6082 0.7603 0.7919 0.7316
9 0.8058 0.6253 0.7606 0.8135 0.7778
10 0.8037 0.6420 0.7599 0.8021 0.7638
11 0.8218 0.5960 0.7791 0.8195 0.7841
12 0.8430 0.5037 0.8071 0.8312 0.7956
13 0.8444 0.4920 0.8146 0.8295 0.8047
14 0.8481 0.4832 0.8117 0.8422 0.8115
15 0.8498 0.4627 0.8147 0.8389 0.8113
16 0.8549 0.4634 0.8229 0.8499 0.8208
17 0.8429 0.4948 0.8069 0.8332 0.7983
18 0.8441 0.4910 0.8115 0.8316 0.7935
19 0.8391 0.5135 0.8021 0.8233 0.7869
20 0.8371 0.5220 0.8013 0.7876 0.7490
21 0.8419 0.5110 0.8062 0.8225 0.7868
22 0.8461 0.4831 0.8152 0.8426 0.8107
23 0.8543 0.4587 0.8199 0.8365 0.8111
24 0.8749 0.3992 0.8454 0.8566 0.8302
25 0.8650 0.4155 0.8339 0.8588 0.8320
26 0.8625 0.4252 0.8335 0.8502 0.8230
27 0.8671 0.4126 0.8380 0.8543 0.8275
28 0.8550 0.4526 0.8227 0.8337 0.8020
29 0.8391 0.5138 0.8075 0.8322 0.8044
30 0.8434 0.5106 0.8067 0.8384 0.8107
31 0.8556 0.4678 0.8206 0.8474 0.8163
32 0.8654 0.4426 0.8361 0.8554 0.8232
33 0.8704 0.4134 0.8400 0.8511 0.8263
34 0.8735 0.3994 0.8449 0.8616 0.8340
35 0.8737 0.3979 0.8452 0.8645 0.8375
36 0.8824 0.3608 0.8548 0.8625 0.8351
37 0.8809 0.3799 0.8536 0.8369 0.8124
38 0.8660 0.4153 0.8321 0.8621 0.8338
39 0.8687 0.4268 0.8397 0.8225 0.7862
40 0.8593 0.4692 0.8274 0.8208 0.7975
41 0.8537 0.4875 0.8232 0.8313 0.7971
42 0.8665 0.4289 0.8372 0.8557 0.8309
43 0.8601 0.4276 0.8337 0.8693 0.8424
44 0.8791 0.3586 0.8495 0.8644 0.8376
45 0.8809 0.3697 0.8522 0.8670 0.8394
46 0.8770 0.3739 0.8487 0.8662 0.8399
47 0.8775 0.3889 0.8498 0.8708 0.8453
48 0.8646 0.4153 0.8356 0.8591 0.8343
49 0.8684 0.4138 0.8377 0.8480 0.8221
50 0.8725 0.4100 0.8449 0.8452 0.8195
51 0.8709 0.4132 0.8424 0.8409 0.8163
52 0.8810 0.3838 0.8561 0.8554 0.8297
53 0.8798 0.3803 0.8573 0.8608 0.8361
54 0.8874 0.3531 0.8606 0.8655 0.8428
55 0.8826 0.3603 0.8560 0.8690 0.8459
56 0.8850 0.3548 0.8580 0.8654 0.8412
57 0.8830 0.3669 0.8568 0.8632 0.8385
58 0.8798 0.3817 0.8523 0.8604 0.8328
59 0.8746 0.3957 0.8485 0.8419 0.8197
60 0.8735 0.4067 0.8467 0.8349 0.8035
61 0.8673 0.4303 0.8388 0.8584 0.8335
62 0.8717 0.3911 0.8456 0.8645 0.8359
63 0.8848 0.3757 0.8619 0.8638 0.8376
64 0.9034 0.3052 0.8793 0.8689 0.8421
65 0.8855 0.3540 0.8580 0.8679 0.8427
66 0.8921 0.3341 0.8677 0.8662 0.8412
67 0.8953 0.3246 0.8713 0.8658 0.8374
68 0.8903 0.3485 0.8649 0.8556 0.8321
69 0.8813 0.3655 0.8560 0.8617 0.8335
70 0.8615 0.4500 0.8333 0.8392 0.8063
71 0.8889 0.3597 0.8655 0.8554 0.8204
72 0.8870 0.3581 0.8608 0.8684 0.8418
73 0.8899 0.3355 0.8632 0.8692 0.8433
74 0.8945 0.3306 0.8707 0.8731 0.8480
75 0.8962 0.3117 0.8728 0.8761 0.8524
76 0.9004 0.3051 0.8766 0.8739 0.8495
77 0.9009 0.2999 0.8776 0.8704 0.8458
78 0.8871 0.3629 0.8630 0.8635 0.8403
79 0.8854 0.3557 0.8608 0.8445 0.8173
80 0.8778 0.3853 0.8510 0.8668 0.8407
81 0.8838 0.3686 0.8579 0.8580 0.8308
82 0.8920 0.3386 0.8671 0.8629 0.8351
83 0.8912 0.3311 0.8686 0.8729 0.8512
84 0.8917 0.3216 0.8671 0.8810 0.8570
85 0.8998 0.3184 0.8776 0.8780 0.8565
86 0.9018 0.2997 0.8791 0.8741 0.8514
87 0.8943 0.3194 0.8680 0.8723 0.8499
88 0.8919 0.3290 0.8668 0.8734 0.8501
89 0.8870 0.3516 0.8623 0.8676 0.8403
90 0.8842 0.3642 0.8577 0.8514 0.8240
91 0.8873 0.3583 0.8624 0.8633 0.8365
92 0.9007 0.3063 0.8777 0.8613 0.8380
93 0.9019 0.3092 0.8803 0.8614 0.8386
94 0.9010 0.2986 0.8776 0.8714 0.8494
95 0.9063 0.2874 0.8867 0.8728 0.8513
96 0.9043 0.2786 0.8830 0.8728 0.8498
97 0.8955 0.3049 0.8710 0.8653 0.8377
98 0.9065 0.3016 0.8863 0.8644 0.8404
99 0.8964 0.3227 0.8712 0.8547 0.8285
100 0.8957 0.3218 0.8729 0.8584 0.8391
101 0.9031 0.2903 0.8781 0.8696 0.8453
102 0.9123 0.2673 0.8921 0.8736 0.8499
103 0.9056 0.2766 0.8839 0.8724 0.8453
104 0.9039 0.2797 0.8828 0.8776 0.8526
105 0.9098 0.2742 0.8894 0.8787 0.8544
106 0.9035 0.2830 0.8830 0.8757 0.8518
107 0.9112 0.2713 0.8904 0.8733 0.8520
108 0.9174 0.2435 0.8983 0.8698 0.8452
109 0.8999 0.2955 0.8749 0.8747 0.8494
110 0.9043 0.2886 0.8827 0.8755 0.8523
111 0.9016 0.2999 0.8803 0.8654 0.8406
112 0.9093 0.2737 0.8898 0.8638 0.8398
113 0.9147 0.2547 0.8941 0.8727 0.8492
114 0.9143 0.2597 0.8927 0.8803 0.8572
115 0.9136 0.2563 0.8936 0.8809 0.8577
116 0.9173 0.2349 0.8972 0.8763 0.8530
117 0.9102 0.2693 0.8898 0.8794 0.8570
118 0.9093 0.2757 0.8881 0.8757 0.8525
119 0.9121 0.2673 0.8914 0.8753 0.8481
120 0.9097 0.2736 0.8860 0.8752 0.8504
121 0.9002 0.3137 0.8787 0.8750 0.8488
122 0.9071 0.2767 0.8858 0.8813 0.8558
123 0.9116 0.2588 0.8897 0.8775 0.8522
124 0.9099 0.2658 0.8908 0.8802 0.8552
125 0.9074 0.2554 0.8852 0.8809 0.8558
126 0.9151 0.2523 0.8951 0.8834 0.8596
127 0.9145 0.2593 0.8939 0.8825 0.8581
128 0.9127 0.2617 0.8928 0.8819 0.8563
129 0.9079 0.2726 0.8885 0.8639 0.8392
130 0.9098 0.2598 0.8877 0.8751 0.8472
131 0.9089 0.2957 0.8844 0.8778 0.8528
132 0.9088 0.2816 0.8866 0.8772 0.8535
133 0.9120 0.2608 0.8891 0.8812 0.8565
134 0.9169 0.2433 0.8980 0.8841 0.8595
135 0.9192 0.2353 0.8993 0.8817 0.8570
136 0.9160 0.2413 0.8950 0.8834 0.8593
137 0.9073 0.2658 0.8844 0.8805 0.8582
138 0.9102 0.2647 0.8896 0.8776 0.8546
139 0.9122 0.2660 0.8937 0.8771 0.8548
140 0.9066 0.2862 0.8842 0.8764 0.8517
141 0.9107 0.2653 0.8903 0.8668 0.8445
142 0.9086 0.2649 0.8866 0.8790 0.8550
143 0.9168 0.2449 0.8940 0.8874 0.8633
144 0.9142 0.2520 0.8955 0.8851 0.8612
145 0.9140 0.2583 0.8928 0.8834 0.8593
146 0.9177 0.2335 0.8953 0.8836 0.8596
147 0.9196 0.2350 0.9010 0.8835 0.8608
148 0.9101 0.2592 0.8887 0.8811 0.8564
149 0.9045 0.2745 0.8788 0.8775 0.8511
150 0.9064 0.2704 0.8848 0.8734 0.8466
151 0.9065 0.2847 0.8859 0.8738 0.8518
152 0.9144 0.2462 0.8958 0.8775 0.8546
153 0.9169 0.2432 0.8960 0.8828 0.8615
154 0.9175 0.2327 0.8971 0.8811 0.8577
155 0.9145 0.2427 0.8957 0.8840 0.8612
156 0.9195 0.2291 0.8984 0.8888 0.8647
157 0.9177 0.2356 0.8981 0.8840 0.8594
158 0.9136 0.2520 0.8933 0.8840 0.8620
159 0.9131 0.2475 0.8927 0.8833 0.8591
160 0.9226 0.2302 0.9040 0.8830 0.8605
161 0.9201 0.2343 0.9004 0.8856 0.8615
162 0.9198 0.2230 0.9007 0.8851 0.8609
163 0.9213 0.2332 0.9025 0.8840 0.8607
164 0.9199 0.2222 0.9014 0.8871 0.8647
165 0.9177 0.2329 0.8956 0.8889 0.8651
166 0.9167 0.2329 0.8957 0.8852 0.8633
167 0.9189 0.2313 0.8976 0.8887 0.8654
168 0.9277 0.2122 0.9094 0.8892 0.8654
169 0.9237 0.2159 0.9050 0.8905 0.8666
170 0.9166 0.2392 0.8952 0.8862 0.8636
171 0.9185 0.2342 0.8984 0.8865 0.8633
172 0.9266 0.2097 0.9069 0.8905 0.8668
173 0.9292 0.2029 0.9113 0.8912 0.8685
174 0.9201 0.2186 0.8993 0.8916 0.8677
175 0.9199 0.2236 0.8998 0.8904 0.8669
176 0.9266 0.2087 0.9076 0.8916 0.8679
177 0.9212 0.2218 0.9022 0.8903 0.8695
178 0.9219 0.2171 0.9022 0.8907 0.8675
179 0.9236 0.2146 0.9033 0.8878 0.8641
180 0.9241 0.2169 0.9041 0.8894 0.8648
181 0.9234 0.2082 0.9028 0.8862 0.8624
182 0.9178 0.2241 0.8982 0.8895 0.8656
183 0.9252 0.2074 0.9073 0.8898 0.8663
184 0.9248 0.2144 0.9037 0.8883 0.8653
185 0.9215 0.2198 0.9012 0.8887 0.8663
186 0.9215 0.2197 0.8986 0.8884 0.8659
187 0.9279 0.2128 0.9087 0.8872 0.8636
188 0.9232 0.2165 0.9035 0.8869 0.8639
189 0.9261 0.2103 0.9070 0.8902 0.8669
190 0.9252 0.2104 0.9059 0.8910 0.8677
191 0.9246 0.2063 0.9052 0.8899 0.8661
192 0.9220 0.2218 0.9033 0.8849 0.8609
193 0.9255 0.2076 0.9035 0.8894 0.8645
194 0.9290 0.2019 0.9106 0.8878 0.8639
195 0.9238 0.2117 0.9038 0.8892 0.8655
196 0.9202 0.2181 0.9016 0.8922 0.8692
197 0.9255 0.2071 0.9058 0.8925 0.8695
198 0.9218 0.2195 0.9019 0.8900 0.8678
199 0.9248 0.2158 0.9057 0.8899 0.8665
