epoch train_BCELoss train_SoftDiceLoss train_iou train_loss train_mAP val_BCELoss val_SoftDiceLoss val_iou val_loss val_mAP
0 0.3883 0.4063 0.5693 0.7946 0.5103 0.2879 0.3111 0.6698 0.5990 0.6035
1 0.2465 0.2356 0.6785 0.4823 0.6187 0.2129 0.2371 0.6865 0.4503 0.6349
2 0.2000 0.1892 0.7227 0.3895 0.6683 0.1805 0.2201 0.7202 0.4011 0.6700
3 0.1821 0.1632 0.7421 0.3458 0.6922 0.2612 0.2397 0.7173 0.5013 0.6529
4 0.1745 0.1582 0.7481 0.3332 0.6971 0.3155 0.2614 0.6897 0.5776 0.6318
5 0.1527 0.1396 0.7656 0.2929 0.7188 0.1849 0.1876 0.7509 0.3731 0.7047
6 0.1256 0.1088 0.8026 0.2351 0.7598 0.1763 0.1548 0.7722 0.3318 0.7304
7 0.1094 0.0959 0.8097 0.2060 0.7685 0.2187 0.1727 0.7701 0.3920 0.7094
8 0.1075 0.0946 0.8170 0.2028 0.7746 0.1725 0.1373 0.7854 0.3106 0.7393
9 0.0931 0.0826 0.8290 0.1765 0.7914 0.1539 0.1465 0.7864 0.3014 0.7408
10 0.0847 0.0763 0.8346 0.1618 0.7974 0.1844 0.1480 0.7845 0.3333 0.7406
11 0.0779 0.0665 0.8479 0.1454 0.8117 0.1826 0.1398 0.7966 0.3235 0.7563
12 0.0634 0.0566 0.8610 0.1210 0.8270 0.1815 0.1149 0.8067 0.2976 0.7652
13 0.0695 0.0600 0.8596 0.1306 0.8248 0.1909 0.1287 0.8024 0.3208 0.7560
14 0.0757 0.0631 0.8555 0.1399 0.8202 0.2519 0.1741 0.7716 0.4271 0.7257
15 0.0616 0.0550 0.8662 0.1178 0.8344 0.1847 0.1271 0.8124 0.3131 0.7751
16 0.0492 0.0433 0.8758 0.0938 0.8473 0.1931 0.1254 0.8153 0.3198 0.7772
17 0.0473 0.0430 0.8797 0.0916 0.8510 0.1875 0.1211 0.8196 0.3099 0.7808
18 0.0462 0.0422 0.8825 0.0897 0.8547 0.1915 0.1230 0.8180 0.3159 0.7809
19 0.0450 0.0409 0.8815 0.0872 0.8529 0.1997 0.1225 0.8204 0.3235 0.7829
20 0.0441 0.0394 0.8835 0.0848 0.8572 0.1998 0.1225 0.8175 0.3236 0.7799
21 0.0429 0.0385 0.8862 0.0827 0.8587 0.1962 0.1213 0.8199 0.3188 0.7810
22 0.0426 0.0386 0.8875 0.0826 0.8593 0.1953 0.1205 0.8206 0.3171 0.7826
23 0.0431 0.0393 0.8843 0.0837 0.8567 0.1929 0.1210 0.8178 0.3152 0.7795
24 0.0420 0.0385 0.8880 0.0817 0.8601 0.1948 0.1206 0.8181 0.3167 0.7805
25 0.0486 0.0436 0.8790 0.0934 0.8494 0.2136 0.1259 0.8091 0.3407 0.7686
26 0.0758 0.0650 0.8564 0.1420 0.8218 0.3040 0.1945 0.7418 0.4996 0.6946
27 0.0956 0.0807 0.8362 0.1774 0.7994 0.1927 0.1697 0.7711 0.3632 0.7258
28 0.0758 0.0642 0.8615 0.1411 0.8272 0.1744 0.1437 0.7928 0.3191 0.7444
29 0.0914 0.0763 0.8471 0.1689 0.8113 0.1725 0.1715 0.7712 0.3452 0.7223
30 0.0685 0.0622 0.8628 0.1320 0.8295 0.1504 0.1095 0.8213 0.2612 0.7860
31 0.0483 0.0448 0.8818 0.0945 0.8539 0.1511 0.1034 0.8228 0.2558 0.7838
32 0.0471 0.0421 0.8847 0.0906 0.8583 0.1505 0.1035 0.8307 0.2554 0.7934
33 0.0433 0.0384 0.8877 0.0831 0.8605 0.1510 0.1044 0.8268 0.2568 0.7898
34 0.0406 0.0375 0.8883 0.0795 0.8622 0.1578 0.1031 0.8244 0.2623 0.7867
35 0.0410 0.0367 0.8896 0.0791 0.8635 0.1591 0.1031 0.8262 0.2635 0.7882
36 0.0388 0.0353 0.8943 0.0756 0.8691 0.1538 0.1008 0.8266 0.2560 0.7885
37 0.0378 0.0346 0.8926 0.0739 0.8671 0.1613 0.1024 0.8267 0.2651 0.7910
38 0.0404 0.0356 0.8912 0.0774 0.8656 0.1571 0.1023 0.8266 0.2608 0.7903
39 0.0395 0.0354 0.8943 0.0764 0.8681 0.1576 0.1042 0.8274 0.2631 0.7906
40 0.0456 0.0410 0.8858 0.0879 0.8578 0.1606 0.1114 0.8141 0.2733 0.7722
41 0.0521 0.0456 0.8735 0.0990 0.8428 0.2086 0.1185 0.8128 0.3283 0.7750
42 0.0682 0.0578 0.8692 0.1274 0.8346 0.2068 0.1727 0.7236 0.3806 0.6719
43 0.0942 0.0833 0.8396 0.1787 0.8036 0.1887 0.1276 0.7684 0.3174 0.7256
44 0.0763 0.0645 0.8571 0.1421 0.8241 0.1828 0.1551 0.7843 0.3390 0.7417
45 0.0506 0.0478 0.8771 0.0998 0.8486 0.1676 0.1196 0.8232 0.2886 0.7888
46 0.0423 0.0382 0.8906 0.0820 0.8655 0.1777 0.1189 0.8256 0.2980 0.7912
47 0.0414 0.0378 0.8930 0.0806 0.8679 0.1780 0.1176 0.8293 0.2970 0.7968
48 0.0412 0.0372 0.8924 0.0798 0.8671 0.1697 0.1146 0.8270 0.2857 0.7916
49 0.0374 0.0345 0.8969 0.0734 0.8724 0.1770 0.1121 0.8295 0.2906 0.7962
50 0.0349 0.0318 0.8974 0.0682 0.8744 0.1794 0.1134 0.8279 0.2943 0.7940
51 0.0358 0.0323 0.8975 0.0697 0.8739 0.1789 0.1137 0.8308 0.2940 0.7973
52 0.0346 0.0316 0.9000 0.0678 0.8760 0.1783 0.1140 0.8261 0.2937 0.7911
53 0.0350 0.0316 0.8984 0.0682 0.8738 0.1785 0.1130 0.8296 0.2930 0.7955
54 0.0354 0.0323 0.9007 0.0694 0.8764 0.1774 0.1123 0.8294 0.2912 0.7953
55 0.0441 0.0392 0.8961 0.0848 0.8695 0.2623 0.1236 0.8051 0.3873 0.7720
56 0.0513 0.0416 0.8819 0.0943 0.8541 0.2670 0.1413 0.7968 0.4095 0.7566
57 0.0477 0.0431 0.8828 0.0922 0.8562 0.1972 0.1102 0.8090 0.3090 0.7709
58 0.0401 0.0365 0.8931 0.0782 0.8665 0.2152 0.1185 0.7969 0.3351 0.7542
59 0.0511 0.0437 0.8834 0.0962 0.8555 0.3140 0.1458 0.7856 0.4614 0.7523
60 0.0565 0.0479 0.8789 0.1058 0.8494 0.2067 0.1483 0.7886 0.3565 0.7481
61 0.0611 0.0546 0.8734 0.1172 0.8456 0.1847 0.1256 0.8037 0.3116 0.7634
62 0.0687 0.0584 0.8637 0.1286 0.8338 0.2054 0.1320 0.7757 0.3390 0.7325
63 0.0551 0.0457 0.8878 0.1024 0.8629 0.1865 0.1263 0.8192 0.3141 0.7821
64 0.0366 0.0342 0.8985 0.0724 0.8764 0.2012 0.1207 0.8224 0.3234 0.7856
65 0.0334 0.0313 0.9018 0.0664 0.8805 0.2173 0.1217 0.8272 0.3405 0.7912
66 -7198134869821120053248.0000 1.6072 0.4823 -7201313307517245194240.0000 0.4737 1820310952487139237953536.0000 1.0000 0.4241 1821009725858351079751680.0000 0.4241
67   0.5156  0.5156   0.4241  0.4241
68   0.5179  0.5179   0.4241  0.4241
69   0.5184  0.5184   0.4241  0.4241
70   0.5159  0.5159   0.4241  0.4241
71   0.5159  0.5159   0.4241  0.4241
72   0.5171  0.5171   0.4241  0.4241
73   0.5169  0.5169   0.4241  0.4241
74   0.5179  0.5179   0.4241  0.4241
75   0.5156  0.5156   0.4241  0.4241
76   0.5176  0.5176   0.4241  0.4241
77   0.5169  0.5169   0.4241  0.4241
78   0.5179  0.5179   0.4241  0.4241
79   0.5166  0.5166   0.4241  0.4241
80   0.5161  0.5161   0.4241  0.4241
81   0.5164  0.5164   0.4241  0.4241
82   0.5174  0.5174   0.4241  0.4241
83   0.5171  0.5171   0.4241  0.4241
84   0.5164  0.5164   0.4241  0.4241
85   0.5174  0.5174   0.4241  0.4241
86   0.5159  0.5159   0.4241  0.4241
87   0.5169  0.5169   0.4241  0.4241
88   0.5159  0.5159   0.4241  0.4241
89   0.5161  0.5161   0.4241  0.4241
90   0.5164  0.5164   0.4241  0.4241
91   0.5171  0.5171   0.4241  0.4241
92   0.5176  0.5176   0.4241  0.4241
93   0.5164  0.5164   0.4241  0.4241
94   0.5176  0.5176   0.4241  0.4241
95   0.5176  0.5176   0.4241  0.4241
96   0.5169  0.5169   0.4241  0.4241
97   0.5164  0.5164   0.4241  0.4241
98   0.5164  0.5164   0.4241  0.4241
99   0.5166  0.5166   0.4241  0.4241
