epoch train_iou train_loss train_mAP val_iou val_loss val_mAP
0 0.6320 1.1622 0.5648 0.6880 0.9468 0.6270
1 0.7181 0.8765 0.6558 0.7248 0.8316 0.6506
2 0.7543 0.7645 0.6976 0.7364 0.8285 0.6793
3 0.7719 0.7133 0.7173 0.7638 0.7124 0.7055
4 0.7827 0.6570 0.7314 0.7679 0.6888 0.7099
5 0.7915 0.6215 0.7407 0.7748 0.6615 0.7228
6 0.7917 0.6208 0.7371 0.7818 0.6499 0.7300
7 0.7909 0.6370 0.7387 0.7841 0.6873 0.7410
8 0.7892 0.6333 0.7365 0.7668 0.7233 0.7078
9 0.7839 0.6805 0.7339 0.7608 0.7148 0.7026
10 0.7864 0.6699 0.7344 0.7420 0.7870 0.6638
11 0.8057 0.5927 0.7574 0.7910 0.6309 0.7385
12 0.8173 0.5589 0.7697 0.7926 0.6199 0.7409
13 0.8218 0.5291 0.7769 0.8152 0.5539 0.7700
14 0.8352 0.4797 0.7881 0.8224 0.5278 0.7811
15 0.8423 0.4594 0.7972 0.8211 0.5254 0.7779
16 0.8371 0.4690 0.7937 0.8173 0.5373 0.7722
17 0.8323 0.4769 0.7886 0.8176 0.5649 0.7750
18 0.8225 0.5114 0.7777 0.8030 0.5638 0.7566
19 0.8283 0.5434 0.7805 0.8010 0.6381 0.7561
20 0.8192 0.5439 0.7750 0.7766 0.6863 0.7239
21 0.8266 0.5158 0.7803 0.8161 0.5680 0.7732
22 0.8324 0.4860 0.7893 0.8207 0.5533 0.7809
23 0.8438 0.4398 0.7990 0.8232 0.5234 0.7791
24 0.8476 0.4172 0.8018 0.8335 0.5125 0.7906
25 0.8511 0.3982 0.8082 0.8376 0.5047 0.7965
26 0.8608 0.3882 0.8160 0.8342 0.5104 0.7923
27 0.8572 0.4008 0.8115 0.8272 0.5391 0.7893
28 0.8465 0.4314 0.8029 0.8179 0.5433 0.7755
29 0.8376 0.4692 0.7917 0.8122 0.5567 0.7700
30 0.8383 0.4818 0.7932 0.7800 0.7175 0.7255
31 0.8355 0.4970 0.7899 0.8145 0.5659 0.7633
32 0.8379 0.4614 0.7931 0.8201 0.5393 0.7742
33 0.8579 0.4024 0.8150 0.8228 0.5728 0.7841
34 0.8649 0.3763 0.8237 0.8290 0.5499 0.7858
35 0.8673 0.3501 0.8246 0.8302 0.5276 0.7882
36 0.8696 0.3486 0.8243 0.8362 0.5066 0.7929
37 0.8581 0.3909 0.8139 0.8295 0.5314 0.7841
38 0.8548 0.4039 0.8114 0.8364 0.5220 0.7970
39 0.8518 0.4182 0.8075 0.8217 0.5998 0.7768
40 0.8322 0.4972 0.7882 0.8116 0.5446 0.7653
41 0.8433 0.4455 0.7983 0.8312 0.5180 0.7905
42 0.8586 0.3999 0.8137 0.8175 0.5644 0.7707
43 0.8635 0.3650 0.8222 0.8380 0.5128 0.8002
44 0.8706 0.3482 0.8281 0.8411 0.5088 0.7987
45 0.8801 0.3142 0.8381 0.8383 0.5058 0.7962
46 0.8763 0.3230 0.8337 0.8360 0.5274 0.7950
47 0.8644 0.3621 0.8213 0.8145 0.5880 0.7656
48 0.8651 0.3666 0.8220 0.8193 0.6384 0.7688
49 0.8555 0.4216 0.8125 0.8134 0.5829 0.7645
50 0.8470 0.4326 0.8025 0.7940 0.6029 0.7435
51 0.8560 0.3931 0.8114 0.7827 0.7582 0.7192
52 0.8582 0.3741 0.8133 0.8191 0.5930 0.7760
53 0.8759 0.3217 0.8344 0.8283 0.5495 0.7909
54 0.8850 0.2917 0.8420 0.8421 0.5312 0.8026
55 0.8797 0.2916 0.8384 0.8401 0.5266 0.7999
56 0.8829 0.2861 0.8401 0.8396 0.5659 0.8006
57 0.8802 0.3044 0.8390 0.8307 0.5547 0.7873
58 0.8775 0.3348 0.8347 0.8239 0.5252 0.7796
59 0.8653 0.3708 0.8227 0.8100 0.6140 0.7713
60 0.8608 0.3781 0.8182 0.8344 0.5551 0.7867
61 0.8705 0.3532 0.8265 0.8200 0.5516 0.7720
62 0.8787 0.3213 0.8388 0.8194 0.5825 0.7802
63 0.8826 0.3020 0.8413 0.8284 0.5720 0.7870
64 0.8864 0.2825 0.8454 0.8333 0.5324 0.7906
65 0.8829 0.2747 0.8398 0.8360 0.5304 0.7966
66 0.8917 0.2624 0.8515 0.8316 0.5579 0.7939
67 0.8788 0.2964 0.8363 0.8322 0.5712 0.7901
68 0.8824 0.3070 0.8420 0.7805 0.8847 0.7331
69 0.8652 0.3598 0.8231 0.8244 0.6044 0.7827
70 0.8612 0.3848 0.8172 0.7865 0.7856 0.7341
71 0.8638 0.3663 0.8206 0.8303 0.6093 0.7865
72 0.8757 0.3202 0.8341 0.8379 0.5965 0.7999
73 0.8872 0.2905 0.8454 0.8332 0.5538 0.7952
74 0.8896 0.2598 0.8462 0.8341 0.5746 0.7959
75 0.8941 0.2485 0.8517 0.8360 0.5845 0.7966
76 0.8926 0.2557 0.8510 0.8347 0.6403 0.7934
77 0.8911 0.2709 0.8505 0.8388 0.5855 0.8006
78 0.8796 0.3034 0.8393 0.8298 0.6961 0.7867
79 0.8813 0.3110 0.8372 0.8299 0.6337 0.7869
80 0.8627 0.3763 0.8195 0.7950 0.6360 0.7581
81 0.8704 0.3489 0.8255 0.7787 0.8020 0.7288
82 0.8759 0.3331 0.8340 0.8345 0.5322 0.7940
83 0.8868 0.2876 0.8458 0.8425 0.5136 0.8010
84 0.8911 0.2647 0.8514 0.8490 0.5039 0.8084
85 0.8989 0.2438 0.8604 0.8471 0.5047 0.8048
86 0.8994 0.2408 0.8588 0.8429 0.4906 0.8001
87 0.8923 0.2593 0.8510 0.8399 0.4945 0.7987
88 0.8871 0.2738 0.8437 0.8178 0.6075 0.7689
89 0.8835 0.3013 0.8416 0.8367 0.5083 0.7986
90 0.8539 0.4046 0.8108 0.8065 0.6206 0.7502
91 0.8673 0.3589 0.8240 0.8163 0.6966 0.7752
92 0.8772 0.3236 0.8378 0.8462 0.5269 0.8101
93 0.8864 0.2792 0.8450 0.8451 0.6212 0.8095
94 0.8974 0.2522 0.8566 0.8392 0.5424 0.7993
95 0.8949 0.2450 0.8546 0.8396 0.5321 0.8002
96 0.8979 0.2367 0.8581 0.8480 0.5352 0.8070
97 0.8988 0.2373 0.8577 0.8373 0.6082 0.7982
98 0.8931 0.2556 0.8525 0.8400 0.6865 0.8056
99 0.8855 0.3021 0.8465 0.8146 0.5626 0.7677
100 0.8789 0.3104 0.8352 0.8329 0.5912 0.7834
101 0.8884 0.2728 0.8455 0.8344 0.5647 0.7929
102 0.8966 0.2475 0.8569 0.8370 0.5170 0.8006
103 0.8952 0.2464 0.8564 0.8463 0.4913 0.8043
104 0.8983 0.2292 0.8569 0.8419 0.5184 0.8030
105 0.9036 0.2139 0.8653 0.8435 0.5119 0.8055
106 0.9055 0.2141 0.8668 0.8419 0.5169 0.7990
107 0.9023 0.2230 0.8638 0.8440 0.5494 0.8018
108 0.9005 0.2262 0.8592 0.8441 0.5548 0.8064
109 0.9006 0.2326 0.8604 0.8405 0.5880 0.8007
110 0.9015 0.2261 0.8639 0.8366 0.6620 0.7964
111 0.8959 0.2413 0.8570 0.8340 0.5721 0.7921
112 0.9024 0.2205 0.8640 0.8412 0.5665 0.8038
113 0.9037 0.2125 0.8633 0.8491 0.5544 0.8112
114 0.9030 0.2092 0.8636 0.8449 0.5641 0.8040
115 0.9045 0.2055 0.8662 0.8450 0.5635 0.8044
116 0.9075 0.1976 0.8680 0.8449 0.5819 0.8053
117 0.9038 0.2093 0.8640 0.8436 0.6253 0.8044
118 0.9059 0.2067 0.8667 0.8444 0.5847 0.8064
119 0.9065 0.2090 0.8660 0.8357 0.6216 0.7969
120 0.9007 0.2239 0.8634 0.8356 0.6196 0.7864
121 0.9041 0.2300 0.8652 0.8390 0.5683 0.7992
122 0.9058 0.2064 0.8686 0.8422 0.5711 0.8047
123 0.9010 0.2052 0.8622 0.8494 0.5501 0.8093
124 0.9058 0.1982 0.8675 0.8468 0.5651 0.8066
125 0.9079 0.1949 0.8699 0.8456 0.5424 0.8053
126 0.9056 0.1969 0.8670 0.8476 0.5363 0.8064
127 0.9072 0.1898 0.8691 0.8468 0.5360 0.8061
128 0.9066 0.2071 0.8677 0.8428 0.5232 0.8024
129 0.9059 0.2096 0.8682 0.8482 0.6061 0.8118
130 0.9061 0.1993 0.8660 0.8449 0.6162 0.8019
131 0.9029 0.2129 0.8639 0.8433 0.7442 0.8113
132 0.9102 0.1948 0.8727 0.8424 0.6341 0.8031
133 0.9068 0.1979 0.8681 0.8430 0.6741 0.8028
134 0.9070 0.1878 0.8675 0.8501 0.6208 0.8126
135 0.9087 0.1877 0.8703 0.8499 0.6303 0.8107
136 0.9104 0.1802 0.8722 0.8506 0.6188 0.8119
137 0.9092 0.1887 0.8724 0.8461 0.6612 0.8087
138 0.9083 0.1916 0.8712 0.8371 0.6255 0.7935
139 0.9065 0.1955 0.8666 0.8351 0.7181 0.7940
140 0.9007 0.2270 0.8608 0.8057 0.7513 0.7518
141 0.8945 0.2498 0.8533 0.8356 0.5812 0.7965
142 0.9034 0.2172 0.8648 0.8350 0.6808 0.7958
143 0.9086 0.1999 0.8709 0.8402 0.6145 0.8001
144 0.9088 0.1879 0.8715 0.8451 0.6004 0.8054
145 0.9117 0.1823 0.8749 0.8455 0.6111 0.8040
146 0.9092 0.1831 0.8715 0.8421 0.6414 0.8025
147 0.9096 0.1841 0.8745 0.8396 0.6580 0.8018
148 0.9114 0.1893 0.8735 0.8405 0.5824 0.8023
149 0.9011 0.2152 0.8607 0.8461 0.6444 0.8064
150 0.9026 0.2123 0.8632 0.8359 0.6510 0.7936
151 0.9047 0.2056 0.8652 0.8361 0.5727 0.7999
152 0.9070 0.1973 0.8709 0.8386 0.5966 0.8030
153 0.9070 0.1910 0.8672 0.8412 0.6578 0.8029
154 0.9115 0.1764 0.8728 0.8407 0.6554 0.8046
155 0.9110 0.1724 0.8741 0.8431 0.6502 0.8067
156 0.9093 0.1822 0.8705 0.8431 0.6667 0.8065
157 0.9143 0.1696 0.8770 0.8360 0.7189 0.7972
158 0.9126 0.1759 0.8750 0.8395 0.7045 0.7999
159 0.9072 0.1912 0.8685 0.8439 0.6743 0.8062
160 0.9124 0.1742 0.8776 0.8474 0.6255 0.8083
161 0.9118 0.1692 0.8726 0.8505 0.6172 0.8120
162 0.9118 0.1685 0.8729 0.8502 0.6652 0.8121
163 0.9174 0.1644 0.8808 0.8543 0.6242 0.8160
164 0.9145 0.1604 0.8772 0.8537 0.6359 0.8141
165 0.9169 0.1624 0.8795 0.8554 0.6352 0.8160
166 0.9150 0.1671 0.8775 0.8525 0.6604 0.8144
167 0.9140 0.1618 0.8778 0.8551 0.6618 0.8172
168 0.9098 0.1727 0.8729 0.8561 0.6438 0.8162
169 0.9185 0.1552 0.8811 0.8541 0.6812 0.8172
170 0.9157 0.1656 0.8789 0.8500 0.6744 0.8118
171 0.9135 0.1629 0.8751 0.8481 0.6787 0.8115
172 0.9155 0.1632 0.8768 0.8490 0.6684 0.8121
173 0.9150 0.1615 0.8786 0.8523 0.6809 0.8161
174 0.9141 0.1620 0.8786 0.8520 0.6699 0.8142
175 0.9164 0.1565 0.8797 0.8514 0.6632 0.8142
176 0.9183 0.1567 0.8819 0.8501 0.6837 0.8125
177 0.9177 0.1533 0.8815 0.8503 0.6585 0.8136
178 0.9143 0.1602 0.8788 0.8522 0.6617 0.8136
179 0.9168 0.1605 0.8802 0.8483 0.7012 0.8102
180 0.9158 0.1585 0.8784 0.8494 0.7603 0.8137
181 0.9143 0.1695 0.8781 0.8506 0.6588 0.8137
182 0.9139 0.1628 0.8778 0.8490 0.6841 0.8124
183 0.9163 0.1564 0.8812 0.8472 0.6701 0.8087
184 0.9133 0.1553 0.8761 0.8490 0.6673 0.8100
185 0.9192 0.1522 0.8825 0.8506 0.6749 0.8115
186 0.9164 0.1562 0.8802 0.8461 0.6854 0.8084
187 0.9165 0.1583 0.8798 0.8497 0.6580 0.8113
188 0.9186 0.1541 0.8829 0.8509 0.6666 0.8108
189 0.9141 0.1614 0.8794 0.8513 0.6495 0.8106
190 0.9198 0.1550 0.8843 0.8434 0.6854 0.8037
191 0.9148 0.1579 0.8775 0.8464 0.6904 0.8079
192 0.9168 0.1524 0.8794 0.8474 0.6902 0.8070
193 0.9179 0.1496 0.8811 0.8510 0.6974 0.8094
194 0.9179 0.1530 0.8826 0.8501 0.7023 0.8083
195 0.9174 0.1536 0.8808 0.8500 0.6863 0.8102
196 0.9154 0.1577 0.8784 0.8486 0.6854 0.8094
197 0.9147 0.1551 0.8779 0.8487 0.6783 0.8112
198 0.9211 0.1447 0.8866 0.8507 0.7190 0.8123
199 0.9189 0.1490 0.8831 0.8370 0.7073 0.7947
