epoch train_BCELoss train_SoftDiceLoss train_iou train_loss train_mAP val_BCELoss val_SoftDiceLoss val_iou val_loss val_mAP
0 0.2972 0.2730 0.6518 0.5704 0.5828 0.4439 0.6763 0.5936 1.1205 0.5423
1 0.2114 0.1981 0.7057 0.4101 0.6489 0.2863 0.5732 0.7057 0.8602 0.6571
2 0.1866 0.1738 0.7382 0.3610 0.6837 0.3551 0.5767 0.6837 0.9325 0.6192
3 0.1502 0.1392 0.7758 0.2902 0.7272 0.2939 0.5535 0.7508 0.8482 0.7047
4 0.1235 0.1142 0.7911 0.2386 0.7456 0.1786 0.5207 0.7888 0.7002 0.7445
5 0.0923 0.0985 0.8072 0.1917 0.7633 0.1822 0.5142 0.7883 0.6974 0.7447
6 0.1065 0.0976 0.8077 0.2051 0.7669 0.2066 0.5220 0.7754 0.7297 0.7278
7 0.1013 0.0909 0.8177 0.1932 0.7763 0.2002 0.5096 0.7959 0.7108 0.7534
8 0.1173 0.1062 0.8049 0.2245 0.7605 0.2489 0.5306 0.7819 0.7806 0.7433
9 0.1409 0.1220 0.7813 0.2639 0.7327 0.2522 0.5158 0.7540 0.7691 0.7078
10 0.1468 0.1282 0.7824 0.2760 0.7357 0.6164 0.6037 0.6087 1.2210 0.5278
11 0.1170 0.1000 0.8147 0.2181 0.7750 0.2090 0.5064 0.7902 0.7167 0.7424
12 0.0841 0.0738 0.8420 0.1591 0.8068 0.2323 0.4952 0.7870 0.7289 0.7458
13 0.0746 0.0689 0.8404 0.1448 0.8080 0.2199 0.4949 0.8190 0.7161 0.7841
14 0.0587 0.0538 0.8636 0.1139 0.8335 0.2179 0.4894 0.8104 0.7088 0.7731
15 0.0542 0.0492 0.8679 0.1047 0.8397 0.2192 0.4882 0.8167 0.7089 0.7799
16 0.0532 0.0496 0.8687 0.1042 0.8388 0.2532 0.4930 0.8089 0.7477 0.7725
17 0.0603 0.0540 0.8579 0.1157 0.8268 0.1888 0.4884 0.8149 0.6787 0.7797
18 0.0642 0.0553 0.8561 0.1208 0.8247 0.2225 0.4960 0.8105 0.7199 0.7764
19 0.0833 0.0749 0.8347 0.1595 0.8006 0.2512 0.4956 0.8068 0.7483 0.7704
20 0.0996 0.0867 0.8268 0.1875 0.7882 0.1845 0.4962 0.7958 0.6821 0.7526
21 0.0930 0.0848 0.8283 0.1791 0.7910 0.1929 0.5083 0.7888 0.7026 0.7514
22 0.0771 0.0690 0.8499 0.1474 0.8162 0.2714 0.4928 0.8019 0.7659 0.7702
23 0.0557 0.0509 0.8681 0.1080 0.8396 0.2372 0.5044 0.8171 0.7431 0.7800
24 0.0463 0.0441 0.8805 0.0919 0.8548 0.2403 0.4841 0.8271 0.7261 0.7911
25 0.0435 0.0410 0.8835 0.0860 0.8564 0.2381 0.4843 0.8260 0.7241 0.7935
26 0.0424 0.0389 0.8855 0.0828 0.8601 0.2274 0.4832 0.8253 0.7124 0.7946
27 0.0433 0.0399 0.8816 0.0848 0.8547 0.2366 0.4759 0.8113 0.7142 0.7748
28 0.0465 0.0417 0.8803 0.0898 0.8519 0.2361 0.4845 0.8293 0.7224 0.7956
29 0.0578 0.0505 0.8703 0.1098 0.8397 0.3879 0.5127 0.7665 0.9022 0.7105
30 0.0840 0.0715 0.8439 0.1569 0.8091 0.2555 0.5124 0.7703 0.7689 0.7274
31 0.0791 0.0716 0.8420 0.1522 0.8072 0.2442 0.5144 0.7576 0.7600 0.7121
32 0.0604 0.0555 0.8638 0.1174 0.8342 0.2777 0.5024 0.8115 0.7817 0.7817
33 0.0458 0.0411 0.8782 0.0885 0.8528 0.2273 0.4863 0.8242 0.7153 0.7947
34 0.0386 0.0365 0.8914 0.0769 0.8674 0.2529 0.4789 0.8261 0.7336 0.7910
35 0.0360 0.0338 0.8924 0.0715 0.8674 0.2511 0.4809 0.8300 0.7337 0.7965
36 0.0375 0.0349 0.8947 0.0741 0.8714 0.2193 0.4819 0.8349 0.7029 0.8014
37 0.0367 0.0330 0.8912 0.0714 0.8686 0.2172 0.4733 0.8266 0.6923 0.7898
38 0.0428 0.0394 0.8820 0.0839 0.8565 0.2848 0.4874 0.8233 0.7738 0.7905
39 0.0516 0.0468 0.8731 0.0999 0.8422 0.3757 0.4820 0.8184 0.8595 0.7849
40 0.0906 0.0740 0.8424 0.1661 0.8057 0.2127 0.5193 0.7742 0.7334 0.7275
41 0.0779 0.0662 0.8537 0.1455 0.8193 0.2639 0.5072 0.7900 0.7726 0.7566
42 0.0523 0.0488 0.8777 0.1027 0.8492 0.2293 0.5009 0.8267 0.7318 0.7947
43 0.0412 0.0371 0.8934 0.0800 0.8682 0.2017 0.4758 0.8289 0.6793 0.7946
44 0.0364 0.0342 0.8929 0.0723 0.8697 0.2195 0.4803 0.8354 0.7016 0.8028
45 0.0319 0.0313 0.9011 0.0650 0.8782 0.2157 0.4789 0.8370 0.6965 0.8052
46 0.0331 0.0304 0.9012 0.0653 0.8789 0.2214 0.4770 0.8423 0.7003 0.8088
47 0.0328 0.0309 0.8991 0.0654 0.8759 0.2291 0.4772 0.8416 0.7082 0.8105
48 0.0334 0.0314 0.8971 0.0665 0.8728 0.2607 0.4884 0.8154 0.7509 0.7822
49 0.0353 0.0328 0.8937 0.0698 0.8700 0.2414 0.4784 0.8352 0.7217 0.8016
50 0.0393 0.0351 0.8937 0.0760 0.8670 0.2728 0.5104 0.7999 0.7847 0.7599
51 0.0430 0.0388 0.8848 0.0834 0.8588 0.2601 0.4736 0.8327 0.7356 0.7980
52 0.0374 0.0342 0.8953 0.0733 0.8712 0.2340 0.4879 0.8417 0.7236 0.8090
53 0.0302 0.0283 0.9059 0.0603 0.8853 0.2472 0.4805 0.8366 0.7296 0.8077
54 0.0268 0.0257 0.9132 0.0545 0.8949 0.2545 0.4710 0.8408 0.7274 0.8084
55 0.0245 0.0241 0.9174 0.0506 0.8973 0.2575 0.4752 0.8412 0.7346 0.8109
56 0.0243 0.0238 0.9169 0.0501 0.8979 0.2579 0.4698 0.8475 0.7297 0.8159
57 0.0252 0.0240 0.9156 0.0511 0.8955 0.2750 0.4749 0.8451 0.7518 0.8132
58 0.0266 0.0254 0.9077 0.0539 0.8879 0.2400 0.4797 0.8344 0.7215 0.7995
59 0.0290 0.0273 0.9074 0.0582 0.8860 0.2093 0.4737 0.8379 0.6848 0.8054
60 0.0569 0.0492 0.8751 0.1077 0.8453 0.5501 0.5525 0.7154 1.1037 0.6663
61 0.1121 0.0939 0.8271 0.2075 0.7916 0.3389 0.5520 0.7267 0.8924 0.6752
62 0.0682 0.0624 0.8598 0.1322 0.8286 0.4388 0.5540 0.7177 0.9941 0.6690
63 0.0473 0.0415 0.8813 0.0906 0.8564 0.2724 0.4902 0.8172 0.7645 0.7873
64 0.0347 0.0333 0.8980 0.0699 0.8746 0.2514 0.4825 0.8150 0.7358 0.7822
65 0.0311 0.0298 0.9045 0.0628 0.8844 0.2511 0.4749 0.8200 0.7279 0.7869
66 0.0308 0.0299 0.9026 0.0626 0.8822 0.2687 0.4718 0.8184 0.7424 0.7857
67 0.0310 0.0289 0.9047 0.0619 0.8821 0.3024 0.4687 0.8278 0.7729 0.7962
68 0.0362 0.0330 0.8954 0.0711 0.8733 0.2784 0.4886 0.8199 0.7688 0.7891
69 0.0288 0.0271 0.9016 0.0578 0.8804 0.3408 0.4762 0.8313 0.8187 0.8020
70 0.0398 0.0350 0.8922 0.0766 0.8672 0.3323 0.4944 0.7587 0.8284 0.7183
71 0.0382 0.0347 0.8965 0.0748 0.8721 0.2782 0.4831 0.8018 0.7631 0.7623
72 0.0466 0.0410 0.8883 0.0895 0.8632 0.2490 0.4763 0.8294 0.7272 0.8005
73 0.0286 0.0267 0.9070 0.0573 0.8873 0.2690 0.4748 0.8368 0.7458 0.8088
74 0.0245 0.0232 0.9192 0.0498 0.9017 0.2778 0.4667 0.8445 0.7466 0.8162
75 0.0231 0.0227 0.9209 0.0479 0.9047 0.2752 0.4654 0.8445 0.7426 0.8163
76 0.0226 0.0214 0.9190 0.0461 0.9022 0.2939 0.4663 0.8483 0.7622 0.8214
77 0.0235 0.0224 0.9199 0.0480 0.9024 0.2949 0.4673 0.8408 0.7642 0.8133
78 0.0232 0.0221 0.9179 0.0474 0.9007 0.3322 0.4676 0.8471 0.8017 0.8215
79 0.0241 0.0227 0.9131 0.0488 0.8958 0.2580 0.4695 0.8385 0.7294 0.8111
80 0.0253 0.0242 0.9107 0.0514 0.8913 0.2796 0.4790 0.8230 0.7605 0.7939
81 0.0238 0.0231 0.9196 0.0490 0.9006 0.3375 0.4686 0.8366 0.8081 0.8038
82 0.0214 0.0209 0.9215 0.0445 0.9047 0.2882 0.4686 0.8415 0.7588 0.8102
83 0.0203 0.0199 0.9240 0.0423 0.9083 0.3246 0.4762 0.8369 0.8028 0.8060
84 0.0179 0.0181 0.9303 0.0383 0.9161 0.3010 0.4690 0.8467 0.7720 0.8148
85 0.0173 0.0177 0.9327 0.0372 0.9195 0.3030 0.4683 0.8467 0.7733 0.8161
86 0.0171 0.0172 0.9326 0.0366 0.9184 0.3246 0.4700 0.8465 0.7967 0.8178
87 0.0176 0.0175 0.9309 0.0374 0.9166 0.3228 0.4719 0.8478 0.7967 0.8192
88 0.0198 0.0196 0.9270 0.0415 0.9119 0.2632 0.4767 0.8328 0.7417 0.7982
89 0.0587 0.0502 0.8774 0.1107 0.8480 0.5601 0.5322 0.7736 1.0937 0.7392
90 0.0958 0.0771 0.8414 0.1745 0.8052 0.2640 0.5457 0.7708 0.8109 0.7293
91 0.0649 0.0567 0.8654 0.1233 0.8387 0.2797 0.4901 0.7964 0.7716 0.7579
92 0.0405 0.0374 0.8907 0.0798 0.8668 0.3200 0.4748 0.8224 0.7967 0.7940
93 0.0306 0.0286 0.9118 0.0612 0.8922 0.2491 0.4771 0.8317 0.7282 0.8019
94 0.0247 0.0248 0.9203 0.0516 0.9015 0.2863 0.4713 0.8390 0.7596 0.8096
95 0.0224 0.0222 0.9213 0.0468 0.9053 0.2798 0.4700 0.8424 0.7519 0.8129
96 0.0220 0.0223 0.9225 0.0465 0.9064 0.2972 0.4694 0.8407 0.7688 0.8054
97 0.0243 0.0236 0.9195 0.0501 0.9018 0.2781 0.4729 0.8441 0.7530 0.8153
98 0.0219 0.0208 0.9169 0.0449 0.9011 0.3164 0.4718 0.8422 0.7901 0.8115
99 0.0267 0.0252 0.9146 0.0539 0.8957 0.2774 0.4841 0.8267 0.7633 0.7935
100 0.0260 0.0243 0.9119 0.0524 0.8928 0.3161 0.4759 0.8288 0.7939 0.7988
101 0.0247 0.0237 0.9153 0.0504 0.8982 0.2944 0.4763 0.8387 0.7725 0.8075
102 0.0217 0.0211 0.9193 0.0450 0.9032 0.3358 0.4769 0.8386 0.8147 0.8106
103 0.0212 0.0209 0.9285 0.0444 0.9134 0.2905 0.4683 0.8449 0.7609 0.8144
104 0.0171 0.0171 0.9327 0.0366 0.9187 0.2855 0.4678 0.8508 0.7554 0.8186
105 0.0160 0.0161 0.9350 0.0346 0.9225 0.2883 0.4707 0.8493 0.7611 0.8174
106 0.0162 0.0163 0.9349 0.0349 0.9230 0.2939 0.4697 0.8448 0.7658 0.8129
107 0.0173 0.0168 0.9335 0.0365 0.9207 0.3043 0.4701 0.8436 0.7765 0.8107
108 0.0222 0.0203 0.9272 0.0448 0.9119 0.2466 0.4737 0.8377 0.7223 0.8058
109 0.0403 0.0354 0.8991 0.0778 0.8761 0.2287 0.4992 0.7364 0.7294 0.6886
110 0.0661 0.0566 0.8591 0.1244 0.8294 0.3636 0.5205 0.7471 0.8856 0.7008
111 0.0588 0.0498 0.8761 0.1105 0.8487 0.2155 0.4927 0.8033 0.7100 0.7695
112 0.0391 0.0375 0.8968 0.0786 0.8741 0.2581 0.4730 0.8249 0.7332 0.7947
113 0.0252 0.0253 0.9149 0.0527 0.8970 0.2809 0.4663 0.8371 0.7494 0.8017
114 0.0209 0.0199 0.9251 0.0431 0.9105 0.2840 0.4700 0.8377 0.7560 0.8082
115 0.0177 0.0186 0.9320 0.0387 0.9191 0.2859 0.4716 0.8361 0.7596 0.8058
116 0.0189 0.0186 0.9293 0.0400 0.9151 0.2976 0.4683 0.8365 0.7680 0.8062
117 0.0218 0.0212 0.9219 0.0453 0.9052 0.2823 0.4779 0.8339 0.7622 0.8006
118 0.0216 0.0214 0.9209 0.0452 0.9047 0.2771 0.4846 0.8216 0.7637 0.7891
119 0.0200 0.0198 0.9239 0.0421 0.9063 0.3656 0.4817 0.8299 0.8493 0.7974
120 0.0351 0.0314 0.9029 0.0685 0.8824 0.3667 0.4860 0.8117 0.8546 0.7710
121 0.0403 0.0354 0.8972 0.0778 0.8747 1.1121 0.6494 0.6071 1.7627 0.5525
122 0.0339 0.0314 0.9007 0.0674 0.8786 0.3091 0.4983 0.8145 0.8092 0.7816
123 0.0237 0.0227 0.9215 0.0488 0.9047 0.3358 0.4767 0.8296 0.8146 0.7992
124 0.0182 0.0184 0.9309 0.0390 0.9170 0.3367 0.4797 0.8309 0.8186 0.8017
125 0.0173 0.0175 0.9348 0.0374 0.9217 0.3280 0.4780 0.8303 0.8081 0.8001
126 0.0163 0.0164 0.9357 0.0352 0.9237 0.3401 0.4803 0.8320 0.8225 0.8018
127 0.0158 0.0158 0.9353 0.0341 0.9220 0.3494 0.4771 0.8309 0.8285 0.8016
128 0.0168 0.0170 0.9350 0.0363 0.9213 0.3599 0.4798 0.8265 0.8417 0.7889
129 0.0404 0.0376 0.8954 0.0801 0.8726 0.3370 0.4944 0.8043 0.8332 0.7706
130 0.0331 0.0309 0.9026 0.0660 0.8804 0.3979 0.5407 0.7167 0.9399 0.6665
131 0.0498 0.0433 0.8858 0.0951 0.8622 0.2468 0.4980 0.7898 0.7466 0.7457
132 0.0247 0.0247 0.9154 0.0515 0.8982 0.3089 0.4793 0.8362 0.7902 0.8011
133 0.0194 0.0195 0.9247 0.0412 0.9101 0.2988 0.4786 0.8471 0.7795 0.8126
134 0.0167 0.0166 0.9341 0.0358 0.9215 0.2914 0.4771 0.8472 0.7705 0.8144
135 0.0155 0.0162 0.9387 0.0342 0.9266 0.2870 0.4762 0.8467 0.7652 0.8148
136 0.0147 0.0150 0.9385 0.0324 0.9270 0.3024 0.4762 0.8448 0.7806 0.8133
137 0.0149 0.0152 0.9377 0.0327 0.9266 0.3218 0.4767 0.8456 0.8005 0.8148
138 0.0188 0.0188 0.9334 0.0400 0.9203 0.2824 0.4897 0.8211 0.7740 0.7865
139 0.0275 0.0245 0.9177 0.0543 0.9000 0.2489 0.4849 0.8274 0.7356 0.8008
140 0.0330 0.0312 0.9056 0.0663 0.8833 0.3045 0.4906 0.8277 0.7968 0.7938
141 0.0230 0.0223 0.9221 0.0476 0.9057 0.2861 0.4756 0.8144 0.7636 0.7776
142 0.0215 0.0208 0.9262 0.0447 0.9120 0.2978 0.4805 0.8063 0.7801 0.7663
143 0.0175 0.0182 0.9297 0.0382 0.9160 0.3033 0.4731 0.8467 0.7784 0.8159
144 0.0141 0.0145 0.9403 0.0312 0.9289 0.3143 0.4736 0.8443 0.7900 0.8153
145 0.0137 0.0143 0.9423 0.0307 0.9327 0.3230 0.4731 0.8454 0.7981 0.8161
146 0.0141 0.0141 0.9404 0.0309 0.9288 0.2955 0.4728 0.8449 0.7705 0.8131
147 0.0135 0.0138 0.9422 0.0301 0.9310 0.2913 0.4719 0.8392 0.7653 0.8065
148 0.0137 0.0140 0.9421 0.0303 0.9301 0.2949 0.4719 0.8402 0.7688 0.8071
149 0.0150 0.0151 0.9379 0.0327 0.9251 0.2977 0.4736 0.8445 0.7734 0.8159
