epoch train_iou train_loss train_mAP val_iou val_mAP
0 0.6180 1.1906 0.5486 0.6420 0.5319
1 0.7185 0.9006 0.6514 0.7486 0.6863
2 0.7399 0.8108 0.6751 0.7705 0.7157
3 0.7665 0.7516 0.7126 0.7865 0.7478
4 0.7831 0.6893 0.7282 0.8034 0.7650
5 0.7839 0.6767 0.7336 0.8085 0.7722
6 0.7854 0.6626 0.7312 0.8030 0.7651
7 0.7931 0.6730 0.7396 0.8034 0.7663
8 0.7889 0.6693 0.7372 0.7753 0.7302
9 0.7851 0.6827 0.7367 0.8016 0.7593
10 0.7931 0.6588 0.7443 0.7982 0.7600
11 0.8124 0.6002 0.7672 0.7990 0.7561
12 0.8145 0.5962 0.7690 0.8236 0.7879
13 0.8218 0.5593 0.7825 0.8341 0.8038
14 0.8322 0.5308 0.7916 0.8350 0.8072
15 0.8425 0.5031 0.8005 0.8376 0.8102
16 0.8411 0.5012 0.7982 0.8316 0.8032
17 0.8375 0.5125 0.7963 0.8372 0.8065
18 0.8258 0.5366 0.7825 0.8148 0.7838
19 0.8160 0.5865 0.7735 0.8347 0.8022
20 0.8217 0.5590 0.7799 0.8387 0.8094
21 0.8314 0.5321 0.7887 0.8315 0.8018
22 0.8448 0.4879 0.8040 0.8394 0.8077
23 0.8541 0.4560 0.8148 0.8433 0.8143
24 0.8617 0.4230 0.8233 0.8521 0.8224
25 0.8620 0.4226 0.8241 0.8481 0.8185
26 0.8647 0.4194 0.8276 0.8504 0.8226
27 0.8631 0.4167 0.8238 0.8432 0.8145
28 0.8515 0.4638 0.8103 0.8431 0.8131
29 0.8514 0.4659 0.8138 0.8412 0.8115
30 0.8366 0.5207 0.7942 0.8312 0.7936
31 0.8515 0.4694 0.8104 0.8428 0.8119
32 0.8464 0.4779 0.8070 0.8334 0.8119
33 0.8551 0.4453 0.8180 0.8439 0.8147
34 0.8714 0.3969 0.8342 0.8468 0.8180
35 0.8806 0.3668 0.8468 0.8484 0.8214
36 0.8760 0.3739 0.8393 0.8468 0.8175
37 0.8712 0.3872 0.8350 0.8433 0.8154
38 0.8648 0.4168 0.8272 0.8380 0.8090
39 0.8628 0.4316 0.8236 0.8359 0.8013
40 0.8325 0.5390 0.7894 0.8093 0.7760
41 0.8456 0.4926 0.8049 0.8410 0.8107
42 0.8582 0.4390 0.8206 0.8522 0.8256
43 0.8753 0.3946 0.8402 0.8545 0.8252
44 0.8768 0.3750 0.8418 0.8555 0.8286
45 0.8813 0.3508 0.8436 0.8597 0.8332
46 0.8874 0.3462 0.8529 0.8574 0.8311
47 0.8762 0.3700 0.8417 0.8528 0.8264
48 0.8785 0.3745 0.8420 0.8290 0.7984
49 0.8613 0.4214 0.8251 0.8414 0.8091
50 0.8555 0.4572 0.8159 0.8363 0.8024
51 0.8595 0.4379 0.8204 0.8470 0.8157
52 0.8734 0.3974 0.8380 0.8493 0.8183
53 0.8806 0.3672 0.8435 0.8651 0.8357
54 0.8927 0.3277 0.8580 0.8675 0.8400
55 0.8881 0.3302 0.8551 0.8655 0.8387
56 0.8875 0.3282 0.8524 0.8620 0.8343
57 0.8834 0.3478 0.8481 0.8486 0.8190
58 0.8828 0.3495 0.8464 0.8338 0.7987
59 0.8774 0.3803 0.8403 0.8452 0.8161
60 0.8658 0.4251 0.8304 0.8255 0.7911
61 0.8662 0.4045 0.8319 0.8463 0.8154
62 0.8759 0.3774 0.8383 0.8329 0.8064
63 0.8795 0.3622 0.8457 0.8552 0.8270
64 0.8924 0.3133 0.8582 0.8619 0.8367
65 0.8998 0.2889 0.8701 0.8645 0.8386
66 0.8954 0.3068 0.8629 0.8632 0.8367
67 0.8970 0.2985 0.8622 0.8586 0.8304
68 0.8878 0.3339 0.8549 0.8560 0.8269
69 0.8789 0.3657 0.8451 0.8435 0.8117
70 0.8732 0.3931 0.8388 0.8453 0.8148
71 0.8776 0.3749 0.8407 0.8440 0.8127
72 0.8857 0.3505 0.8512 0.8526 0.8245
73 0.8877 0.3226 0.8556 0.8618 0.8351
74 0.8998 0.2907 0.8693 0.8573 0.8323
75 0.9015 0.2828 0.8706 0.8572 0.8303
76 0.9030 0.2764 0.8717 0.8629 0.8339
77 0.8989 0.2988 0.8675 0.8522 0.8258
78 0.8932 0.3209 0.8595 0.8515 0.8220
79 0.8842 0.3578 0.8484 0.8450 0.8178
80 0.8735 0.3856 0.8368 0.8402 0.8069
81 0.8787 0.3611 0.8423 0.8290 0.7928
82 0.8854 0.3458 0.8508 0.8525 0.8279
83 0.8938 0.3048 0.8597 0.8581 0.8334
84 0.9010 0.2838 0.8706 0.8575 0.8326
85 0.9053 0.2731 0.8774 0.8572 0.8332
86 0.9035 0.2663 0.8731 0.8609 0.8353
87 0.9021 0.2876 0.8716 0.8656 0.8382
88 0.9011 0.2923 0.8692 0.8556 0.8311
89 0.8923 0.3197 0.8606 0.8480 0.8207
90 0.8867 0.3419 0.8521 0.8587 0.8331
91 0.8899 0.3451 0.8562 0.8487 0.8156
92 0.8897 0.3342 0.8566 0.8568 0.8322
93 0.9000 0.2898 0.8657 0.8626 0.8329
94 0.9022 0.2712 0.8723 0.8610 0.8347
95 0.9065 0.2558 0.8754 0.8644 0.8389
96 0.9074 0.2604 0.8778 0.8665 0.8401
97 0.9031 0.2740 0.8740 0.8603 0.8369
98 0.9023 0.2725 0.8700 0.8632 0.8370
99 0.9000 0.2954 0.8697 0.8497 0.8194
100 0.9050 0.2711 0.8745 0.8693 0.8422
101 0.9031 0.2654 0.8740 0.8622 0.8362
102 0.9097 0.2504 0.8776 0.8577 0.8317
103 0.9123 0.2392 0.8819 0.8621 0.8345
104 0.9116 0.2409 0.8838 0.8629 0.8367
105 0.9099 0.2355 0.8798 0.8677 0.8424
106 0.9159 0.2248 0.8866 0.8636 0.8393
107 0.9120 0.2353 0.8822 0.8654 0.8375
108 0.9127 0.2407 0.8843 0.8613 0.8373
109 0.9160 0.2337 0.8882 0.8643 0.8367
110 0.9033 0.2671 0.8723 0.8618 0.8343
111 0.9032 0.2657 0.8720 0.8625 0.8388
112 0.9078 0.2451 0.8773 0.8659 0.8405
113 0.9151 0.2297 0.8858 0.8632 0.8373
114 0.9135 0.2300 0.8855 0.8642 0.8388
115 0.9150 0.2217 0.8863 0.8663 0.8422
116 0.9211 0.2189 0.8926 0.8686 0.8456
117 0.9174 0.2215 0.8903 0.8641 0.8368
118 0.9131 0.2322 0.8839 0.8630 0.8389
119 0.9170 0.2288 0.8898 0.8603 0.8357
120 0.9158 0.2405 0.8884 0.8601 0.8341
121 0.9143 0.2381 0.8851 0.8606 0.8373
122 0.9123 0.2333 0.8843 0.8627 0.8397
123 0.9182 0.2156 0.8902 0.8651 0.8393
124 0.9143 0.2207 0.8854 0.8655 0.8406
125 0.9202 0.2097 0.8925 0.8650 0.8400
126 0.9179 0.2164 0.8913 0.8660 0.8398
127 0.9216 0.2053 0.8929 0.8619 0.8374
128 0.9175 0.2152 0.8910 0.8650 0.8389
129 0.9182 0.2162 0.8918 0.8598 0.8335
130 0.9039 0.2644 0.8737 0.8495 0.8214
131 0.9143 0.2338 0.8863 0.8576 0.8322
132 0.9150 0.2357 0.8870 0.8649 0.8395
133 0.9198 0.2145 0.8925 0.8637 0.8364
134 0.9224 0.2025 0.8961 0.8610 0.8337
135 0.9198 0.2132 0.8944 0.8625 0.8371
136 0.9246 0.2010 0.8989 0.8630 0.8400
137 0.9193 0.2100 0.8930 0.8616 0.8385
138 0.9202 0.2149 0.8921 0.8612 0.8357
139 0.9171 0.2292 0.8885 0.8595 0.8320
140 0.9080 0.2588 0.8775 0.8685 0.8415
141 0.9113 0.2428 0.8812 0.8581 0.8338
142 0.9148 0.2342 0.8873 0.8579 0.8296
143 0.9175 0.2140 0.8900 0.8650 0.8387
144 0.9224 0.2046 0.8972 0.8667 0.8403
145 0.9279 0.1933 0.9006 0.8695 0.8424
146 0.9215 0.2051 0.8934 0.8665 0.8399
147 0.9216 0.2058 0.8953 0.8685 0.8425
148 0.9235 0.2062 0.8961 0.8693 0.8452
149 0.9153 0.2187 0.8884 0.8701 0.8459
150 0.9148 0.2372 0.8882 0.8669 0.8403
151 0.9158 0.2265 0.8875 0.8681 0.8417
152 0.9204 0.2140 0.8922 0.8634 0.8370
153 0.9259 0.1985 0.9004 0.8669 0.8417
154 0.9283 0.1916 0.9050 0.8643 0.8394
155 0.9294 0.1861 0.9048 0.8663 0.8417
156 0.9251 0.1938 0.8992 0.8612 0.8344
157 0.9213 0.2020 0.8958 0.8630 0.8365
158 0.9237 0.1996 0.8978 0.8627 0.8389
159 0.9224 0.2058 0.8963 0.8598 0.8339
160 0.9199 0.2091 0.8933 0.8587 0.8344
161 0.9250 0.1909 0.9007 0.8588 0.8347
162 0.9269 0.1890 0.9010 0.8629 0.8391
163 0.9286 0.1850 0.9047 0.8616 0.8380
164 0.9245 0.1936 0.8976 0.8640 0.8386
165 0.9295 0.1882 0.9047 0.8646 0.8410
166 0.9262 0.1859 0.9020 0.8622 0.8386
167 0.9244 0.1873 0.8992 0.8610 0.8376
168 0.9269 0.1865 0.9006 0.8620 0.8381
169 0.9260 0.1928 0.9018 0.8605 0.8365
170 0.9279 0.1877 0.9034 0.8621 0.8393
171 0.9282 0.1862 0.9049 0.8610 0.8363
172 0.9259 0.1854 0.9027 0.8611 0.8371
173 0.9249 0.1890 0.8994 0.8612 0.8383
174 0.9245 0.1834 0.8994 0.8610 0.8374
175 0.9281 0.1808 0.9026 0.8618 0.8388
176 0.9244 0.1839 0.8998 0.8619 0.8373
177 0.9287 0.1785 0.9031 0.8588 0.8355
178 0.9299 0.1793 0.9074 0.8594 0.8358
179 0.9303 0.1783 0.9054 0.8599 0.8358
180 0.9299 0.1798 0.9070 0.8590 0.8369
181 0.9331 0.1758 0.9088 0.8590 0.8349
182 0.9300 0.1747 0.9053 0.8540 0.8286
183 0.9320 0.1703 0.9095 0.8593 0.8353
184 0.9257 0.1839 0.9016 0.8607 0.8355
185 0.9353 0.1678 0.9139 0.8618 0.8383
186 0.9323 0.1696 0.9062 0.8600 0.8352
187 0.9310 0.1733 0.9081 0.8599 0.8367
188 0.9320 0.1716 0.9084 0.8618 0.8382
189 0.9307 0.1762 0.9077 0.8636 0.8398
190 0.9308 0.1740 0.9047 0.8636 0.8393
191 0.9315 0.1773 0.9082 0.8662 0.8422
192 0.9283 0.1803 0.9041 0.8639 0.8404
193 0.9320 0.1714 0.9076 0.8683 0.8444
194 0.9314 0.1718 0.9072 0.8679 0.8430
195 0.9270 0.1792 0.9031 0.8649 0.8413
196 0.9311 0.1752 0.9079 0.8667 0.8424
197 0.9342 0.1707 0.9103 0.8690 0.8444
198 0.9316 0.1738 0.9077 0.8703 0.8458
199 0.9327 0.1712 0.9089 0.8634 0.8365
