epoch train_BCELoss train_SoftDiceLoss train_iou train_loss train_mAP val_BCELoss val_SoftDiceLoss val_iou val_loss val_mAP
0 0.2899 0.2808 0.6302 0.5707 0.5645 0.2459 0.2698 0.6511 0.5160 0.5960
1 0.2122 0.1982 0.7050 0.4108 0.6478 0.2071 0.1687 0.7221 0.3763 0.6748
2 0.1841 0.1695 0.7356 0.3542 0.6814 0.1814 0.1559 0.7401 0.3380 0.6927
3 0.1634 0.1463 0.7578 0.3104 0.7045 0.2212 0.1828 0.7047 0.4046 0.6373
4 0.1370 0.1262 0.7822 0.2640 0.7332 0.2133 0.1356 0.7716 0.3497 0.7294
5 0.1302 0.1166 0.7889 0.2477 0.7427 0.4434 0.3101 0.6324 0.7542 0.5661
6 0.1189 0.1003 0.8112 0.2201 0.7673 0.2013 0.1340 0.7820 0.3363 0.7348
7 0.1032 0.0922 0.8263 0.1963 0.7858 0.2116 0.1591 0.7728 0.3716 0.7336
8 0.0993 0.0861 0.8243 0.1865 0.7850 0.1537 0.1248 0.7938 0.2795 0.7512
9 0.0918 0.0815 0.8338 0.1744 0.7942 0.2341 0.1265 0.8024 0.3616 0.7613
10 0.0820 0.0744 0.8414 0.1575 0.8056 0.2203 0.1308 0.8056 0.3523 0.7665
11 0.1211 0.1049 0.8118 0.2271 0.7737 0.2361 0.1592 0.7467 0.3964 0.7025
12 0.1017 0.0876 0.8247 0.1905 0.7866 0.1994 0.1299 0.7850 0.3305 0.7377
13 0.1105 0.0963 0.8261 0.2080 0.7875 0.1906 0.1494 0.7690 0.3411 0.7252
14 0.0966 0.0820 0.8325 0.1798 0.7970 0.3174 0.1722 0.7481 0.4907 0.7028
15 0.0799 0.0729 0.8478 0.1541 0.8142 0.1756 0.1120 0.8105 0.2889 0.7804
16 0.0621 0.0575 0.8631 0.1208 0.8334 0.1784 0.1086 0.8123 0.2884 0.7827
17 0.0563 0.0521 0.8696 0.1097 0.8390 0.1818 0.1041 0.8182 0.2872 0.7869
18 0.0533 0.0495 0.8695 0.1043 0.8414 0.1837 0.0999 0.8186 0.2850 0.7886
19 0.0545 0.0488 0.8691 0.1047 0.8404 0.1884 0.1028 0.8182 0.2926 0.7867
20 0.0508 0.0454 0.8766 0.0977 0.8482 0.1831 0.1021 0.8186 0.2865 0.7859
21 0.0516 0.0477 0.8735 0.1006 0.8438 0.1812 0.1017 0.8179 0.2843 0.7862
22 0.0502 0.0456 0.8771 0.0971 0.8486 0.1805 0.1016 0.8191 0.2835 0.7865
23 0.0500 0.0476 0.8728 0.0991 0.8442 0.1878 0.1038 0.8166 0.2930 0.7848
24 0.0493 0.0453 0.8763 0.0960 0.8481 0.1844 0.1018 0.8189 0.2876 0.7858
25 0.0665 0.0578 0.8533 0.1256 0.8220 0.2619 0.1384 0.7617 0.4016 0.7218
26 0.0633 0.0552 0.8588 0.1198 0.8273 0.4101 0.1908 0.7547 0.6022 0.6915
27 0.0835 0.0758 0.8401 0.1606 0.8048 0.6890 0.2967 0.6322 0.9868 0.5484
28 0.0887 0.0756 0.8384 0.1656 0.8023 0.1495 0.1122 0.8032 0.2629 0.7656
29 0.0732 0.0648 0.8555 0.1394 0.8251 0.2077 0.1161 0.7856 0.3252 0.7504
30 0.0618 0.0556 0.8666 0.1189 0.8372 0.1788 0.1009 0.8256 0.2812 0.7916
31 0.0494 0.0468 0.8797 0.0977 0.8517 0.1780 0.1014 0.8279 0.2809 0.7944
32 0.0469 0.0425 0.8823 0.0910 0.8561 0.1767 0.0995 0.8254 0.2778 0.7917
33 0.0474 0.0424 0.8847 0.0914 0.8574 0.1782 0.0966 0.8238 0.2763 0.7939
34 0.0428 0.0391 0.8872 0.0835 0.8609 0.1887 0.0954 0.8257 0.2857 0.7949
35 0.0440 0.0417 0.8872 0.0873 0.8598 0.1890 0.0951 0.8235 0.2856 0.7926
36 0.0416 0.0384 0.8864 0.0816 0.8610 0.1860 0.0950 0.8233 0.2825 0.7923
37 0.0434 0.0395 0.8875 0.0845 0.8619 0.1938 0.0933 0.8327 0.2887 0.8022
38 0.0409 0.0380 0.8883 0.0805 0.8628 0.1883 0.0938 0.8263 0.2837 0.7962
39 0.0408 0.0391 0.8877 0.0815 0.8629 0.1853 0.0942 0.8263 0.2811 0.7951
40 0.0588 0.0518 0.8643 0.1121 0.8358 0.2548 0.1174 0.7893 0.3735 0.7587
41 0.0986 0.0835 0.8349 0.1835 0.8013 0.3000 0.1930 0.6577 0.4939 0.5908
42 0.0804 0.0695 0.8518 0.1513 0.8169 0.2280 0.1532 0.7866 0.3824 0.7451
43 0.0818 0.0698 0.8494 0.1530 0.8129 0.2604 0.1271 0.7810 0.3889 0.7381
44 0.0791 0.0692 0.8574 0.1497 0.8235 0.1637 0.1294 0.7848 0.2943 0.7489
45 0.0569 0.0536 0.8715 0.1120 0.8416 0.1906 0.0998 0.8245 0.2919 0.7944
46 0.0473 0.0427 0.8856 0.0915 0.8590 0.1857 0.0979 0.8235 0.2851 0.7925
47 0.0436 0.0396 0.8857 0.0847 0.8595 0.1885 0.0946 0.8239 0.2846 0.7924
48 0.0406 0.0378 0.8895 0.0800 0.8627 0.1967 0.0955 0.8288 0.2937 0.7983
49 0.0399 0.0370 0.8882 0.0785 0.8632 0.1858 0.0916 0.8322 0.2789 0.8021
50 0.0382 0.0357 0.8915 0.0756 0.8662 0.1929 0.0925 0.8297 0.2869 0.7984
51 0.0378 0.0354 0.8920 0.0748 0.8662 0.1914 0.0900 0.8304 0.2830 0.7992
52 0.0360 0.0347 0.8945 0.0723 0.8682 0.1887 0.0904 0.8295 0.2807 0.7994
53 0.0365 0.0347 0.8949 0.0728 0.8695 0.1972 0.0917 0.8287 0.2904 0.7981
54 0.0373 0.0345 0.8938 0.0734 0.8685 0.1921 0.0901 0.8308 0.2839 0.8003
55 0.0418 0.0383 0.8867 0.0817 0.8584 0.1898 0.0970 0.8310 0.2882 0.7988
56 0.0443 0.0411 0.8797 0.0870 0.8508 0.2489 0.0985 0.8104 0.3491 0.7779
57 0.0509 0.0448 0.8773 0.0973 0.8486 0.2571 0.1111 0.7999 0.3696 0.7660
58 0.0580 0.0515 0.8691 0.1110 0.8413 0.2688 0.1076 0.8137 0.3778 0.7829
59 0.0486 0.0449 0.8773 0.0951 0.8491 0.2067 0.0998 0.8310 0.3078 0.7983
60 0.0477 0.0432 0.8836 0.0924 0.8555 0.2610 0.1324 0.7688 0.3949 0.7312
61 0.0784 0.0674 0.8526 0.1474 0.8181 0.2592 0.1356 0.7651 0.3963 0.7194
62 0.0713 0.0626 0.8582 0.1353 0.8245 0.2227 0.1047 0.8084 0.3288 0.7734
63 0.0448 0.0426 0.8820 0.0889 0.8556 0.1958 0.0948 0.8271 0.2922 0.7971
64 0.0392 0.0361 0.8965 0.0770 0.8702 0.1847 0.0918 0.8313 0.2781 0.8007
65 0.0390 0.0349 0.8957 0.0756 0.8707 0.1695 0.0881 0.8337 0.2593 0.8045
66 -780525454.8136 -2.6378 0.5077 -780927855.3505 0.4837 1.2306 0.6059 0.2590 1.8369 0.1425
67 0.6926 0.5233 0.3199 1.2159 0.3199 0.9901 0.6182 0.2588 1.6084 0.1424
68 0.6886 0.5799 0.5196 1.2685 0.5196 0.6856 0.6585 0.3917 1.3441 0.3917
69 0.6814 0.7277 0.5198 1.4091 0.5198 0.6843 0.6588 0.3917 1.3431 0.3917
70 0.6813 0.7289 0.5191 1.4102 0.5191 0.6842 0.6588 0.3917 1.3430 0.3917
71 0.6813 0.7305 0.5203 1.4118 0.5203 0.6842 0.6589 0.3917 1.3430 0.3917
72 0.6813 0.7300 0.5201 1.4113 0.5201 0.6841 0.6589 0.3917 1.3430 0.3917
73 0.6812 0.7301 0.5208 1.4113 0.5208 0.6841 0.6589 0.3917 1.3430 0.3917
74 0.6812 0.7296 0.5191 1.4109 0.5191 0.6841 0.6589 0.3917 1.3430 0.3917
75 0.6812 0.7309 0.5203 1.4121 0.5203 0.6841 0.6589 0.3917 1.3430 0.3917
76 0.6812 0.7290 0.5196 1.4101 0.5196 0.6841 0.6589 0.3917 1.3429 0.3917
77 0.6812 0.7305 0.5211 1.4117 0.5211 0.6841 0.6589 0.3917 1.3429 0.3917
78 0.6812 0.7297 0.5198 1.4109 0.5198 0.6840 0.6589 0.3917 1.3429 0.3917
79 0.6812 0.7285 0.5196 1.4097 0.5196 0.6840 0.6589 0.3917 1.3429 0.3917
80 0.6811 0.7298 0.5198 1.4109 0.5198 0.6840 0.6589 0.3917 1.3429 0.3917
81 0.6811 0.7308 0.5203 1.4119 0.5203 0.6840 0.6589 0.3917 1.3429 0.3917
82 0.6811 0.7294 0.5196 1.4104 0.5196 0.6840 0.6589 0.3917 1.3429 0.3917
83 0.6811 0.7299 0.5206 1.4110 0.5206 0.6840 0.6589 0.3917 1.3429 0.3917
84 0.6811 0.7295 0.5206 1.4106 0.5206 0.6840 0.6589 0.3917 1.3429 0.3917
85 0.6811 0.7288 0.5196 1.4100 0.5196 0.6840 0.6589 0.3917 1.3429 0.3917
86 0.6811 0.7296 0.5198 1.4106 0.5198 0.6840 0.6589 0.3917 1.3429 0.3917
87 0.6811 0.7291 0.5206 1.4102 0.5206 0.6840 0.6589 0.3917 1.3429 0.3917
88 0.6811 0.7295 0.5208 1.4106 0.5208 0.6840 0.6589 0.3917 1.3429 0.3917
89 0.6810 0.7294 0.5211 1.4105 0.5211 0.6840 0.6589 0.3917 1.3429 0.3917
90 0.6810 0.7300 0.5203 1.4110 0.5203 0.6840 0.6589 0.3917 1.3429 0.3917
91 0.6811 0.7297 0.5208 1.4108 0.5208 0.6840 0.6589 0.3917 1.3429 0.3917
92 0.6811 0.7305 0.5203 1.4116 0.5203 0.6840 0.6589 0.3917 1.3429 0.3917
93 0.6811 0.7300 0.5201 1.4110 0.5201 0.6840 0.6589 0.3917 1.3429 0.3917
94 0.6810 0.7297 0.5198 1.4108 0.5198 0.6840 0.6589 0.3917 1.3429 0.3917
95 0.6811 0.7295 0.5196 1.4106 0.5196 0.6840 0.6589 0.3917 1.3429 0.3917
96 0.6811 0.7289 0.5188 1.4100 0.5188 0.6840 0.6589 0.3917 1.3429 0.3917
97 0.6811 0.7292 0.5203 1.4103 0.5203 0.6840 0.6589 0.3917 1.3429 0.3917
98 0.6811 0.7302 0.5191 1.4113 0.5191 0.6840 0.6589 0.3917 1.3429 0.3917
99 0.6811 0.7295 0.5201 1.4106 0.5201 0.6840 0.6589 0.3917 1.3429 0.3917
