epoch train_iou train_loss train_mAP val_iou val_loss val_mAP
0 0.6227 1.1621 0.5525 0.6554 1.1016 0.5907
1 0.7319 0.8428 0.6689 0.7143 0.8492 0.6501
2 0.7568 0.7469 0.7010 0.7286 0.7979 0.6719
3 0.7662 0.7058 0.7112 0.7663 0.7094 0.7184
4 0.7934 0.6247 0.7391 0.7697 0.6852 0.7244
5 0.7982 0.5913 0.7478 0.7706 0.6566 0.7260
6 0.7997 0.6001 0.7492 0.7728 0.6773 0.7374
7 0.7982 0.5983 0.7489 0.7641 0.7199 0.7175
8 0.8004 0.6052 0.7467 0.7795 0.6824 0.7320
9 0.7888 0.6569 0.7384 0.7640 0.7485 0.7093
10 0.7909 0.6383 0.7413 0.7624 0.7573 0.7115
11 0.7992 0.6090 0.7489 0.8005 0.6398 0.7564
12 0.8192 0.5357 0.7755 0.7815 0.6645 0.7405
13 0.8273 0.4908 0.7802 0.8112 0.5529 0.7611
14 0.8406 0.4583 0.7952 0.8049 0.5914 0.7644
15 0.8475 0.4354 0.8032 0.8130 0.5672 0.7708
16 0.8372 0.4578 0.7946 0.8090 0.5481 0.7647
17 0.8423 0.4573 0.7973 0.7966 0.6035 0.7571
18 0.8305 0.5021 0.7848 0.8100 0.6096 0.7724
19 0.8203 0.5254 0.7725 0.7923 0.6503 0.7524
20 0.8174 0.5522 0.7718 0.8027 0.6304 0.7662
21 0.8262 0.5136 0.7832 0.8014 0.6034 0.7506
22 0.8431 0.4594 0.7986 0.8069 0.6203 0.7600
23 0.8469 0.4407 0.8025 0.8234 0.5490 0.7790
24 0.8571 0.3948 0.8136 0.8316 0.5176 0.7871
25 0.8564 0.3853 0.8149 0.8352 0.5178 0.7919
26 0.8586 0.3909 0.8163 0.8338 0.5486 0.7924
27 0.8566 0.4025 0.8120 0.8344 0.5397 0.7977
28 0.8504 0.4362 0.8066 0.8150 0.6030 0.7687
29 0.8364 0.4663 0.7908 0.8000 0.6073 0.7579
30 0.8412 0.4743 0.7955 0.8050 0.6205 0.7666
31 0.8465 0.4441 0.8026 0.8175 0.5990 0.7798
32 0.8465 0.4292 0.8000 0.8143 0.6222 0.7805
33 0.8564 0.3915 0.8128 0.8261 0.5535 0.7879
34 0.8647 0.3623 0.8225 0.8309 0.5374 0.7918
35 0.8710 0.3385 0.8295 0.8366 0.4983 0.7982
36 0.8744 0.3371 0.8336 0.8423 0.5121 0.8019
37 0.8692 0.3557 0.8266 0.8276 0.5528 0.7925
38 0.8599 0.3858 0.8190 0.8205 0.5507 0.7849
39 0.8508 0.4202 0.8052 0.8020 0.5877 0.7550
40 0.8399 0.4605 0.7964 0.8075 0.6360 0.7684
41 0.8522 0.4343 0.8062 0.8307 0.5402 0.7930
42 0.8617 0.3772 0.8196 0.8322 0.5474 0.7822
43 0.8720 0.3453 0.8303 0.8265 0.5619 0.7844
44 0.8743 0.3388 0.8334 0.8496 0.4919 0.8120
45 0.8835 0.3009 0.8427 0.8507 0.4857 0.8108
46 0.8810 0.3009 0.8370 0.8452 0.5090 0.8087
47 0.8765 0.3247 0.8320 0.8326 0.5561 0.7925
48 0.8609 0.3734 0.8162 0.8253 0.5436 0.7728
49 0.8624 0.3865 0.8212 0.8198 0.6305 0.7760
50 0.8527 0.4221 0.8097 0.7783 0.7594 0.7433
51 0.8549 0.4099 0.8130 0.8321 0.5419 0.7859
52 0.8685 0.3592 0.8245 0.8291 0.5455 0.7889
53 0.8743 0.3295 0.8319 0.8332 0.5649 0.7871
54 0.8816 0.3071 0.8392 0.8381 0.5136 0.7992
55 0.8808 0.2985 0.8374 0.8406 0.5054 0.8022
56 0.8829 0.2969 0.8427 0.8503 0.4824 0.8097
57 0.8854 0.2899 0.8450 0.8438 0.5621 0.8035
58 0.8757 0.3237 0.8350 0.8505 0.5507 0.8105
59 0.8676 0.3554 0.8257 0.8168 0.6575 0.7829
60 0.8583 0.3934 0.8175 0.8302 0.6130 0.7839
61 0.8659 0.3646 0.8228 0.8347 0.5688 0.7978
62 0.8773 0.3263 0.8343 0.8337 0.5883 0.7901
63 0.8862 0.2933 0.8466 0.8376 0.5856 0.7987
64 0.8887 0.2784 0.8488 0.8375 0.5691 0.8026
65 0.8876 0.2693 0.8468 0.8448 0.5412 0.8070
66 0.8823 0.2760 0.8421 0.8400 0.5555 0.8018
67 0.8895 0.2668 0.8486 0.8389 0.5716 0.7969
68 0.8869 0.2815 0.8450 0.8067 0.6678 0.7575
69 0.8717 0.3542 0.8318 0.8275 0.6215 0.7843
70 0.8675 0.3550 0.8266 0.8018 0.6879 0.7636
71 0.8684 0.3639 0.8255 0.8193 0.5723 0.7720
72 0.8751 0.3215 0.8337 0.8464 0.5772 0.8124
73 0.8852 0.2897 0.8459 0.8408 0.5640 0.8038
74 0.8889 0.2718 0.8480 0.8416 0.5424 0.8046
75 0.8979 0.2439 0.8611 0.8464 0.5419 0.8095
76 0.8922 0.2584 0.8530 0.8479 0.5660 0.8079
77 0.8910 0.2649 0.8528 0.8442 0.5605 0.8050
78 0.8828 0.2911 0.8386 0.8337 0.5906 0.7904
79 0.8779 0.3079 0.8360 0.8339 0.6157 0.7887
80 0.8665 0.3562 0.8225 0.8155 0.6361 0.7819
81 0.8741 0.3231 0.8339 0.8395 0.5633 0.8011
82 0.8880 0.2841 0.8447 0.8320 0.6230 0.7894
83 0.8892 0.2717 0.8479 0.8425 0.5687 0.8059
84 0.8941 0.2545 0.8553 0.8429 0.5278 0.8041
85 0.8990 0.2385 0.8592 0.8410 0.5296 0.8012
86 0.8935 0.2428 0.8528 0.8408 0.5828 0.8019
87 0.8927 0.2480 0.8533 0.8388 0.5358 0.8016
88 0.8953 0.2507 0.8557 0.8426 0.7083 0.8034
89 0.8956 0.2596 0.8569 0.8358 0.6981 0.7942
90 0.8586 0.3857 0.8158 0.7952 0.7874 0.7468
91 0.8705 0.3586 0.8281 0.8354 0.5289 0.7942
92 0.8837 0.2964 0.8421 0.8428 0.5080 0.8056
93 0.8874 0.2839 0.8488 0.8368 0.5582 0.7964
94 0.8989 0.2363 0.8609 0.8496 0.5243 0.8081
95 0.8958 0.2450 0.8558 0.8489 0.5304 0.8075
96 0.8993 0.2312 0.8604 0.8493 0.5841 0.8089
97 0.8963 0.2402 0.8578 0.8344 0.6134 0.7886
98 0.8856 0.2840 0.8455 0.8344 0.6441 0.7953
99 0.8831 0.2816 0.8419 0.8413 0.5403 0.8059
100 0.8731 0.3277 0.8311 0.8142 0.6145 0.7790
101 0.8762 0.3121 0.8345 0.8366 0.5512 0.7984
102 0.8936 0.2562 0.8534 0.8331 0.6989 0.7946
103 0.8906 0.2630 0.8514 0.8411 0.5917 0.8023
104 0.8957 0.2316 0.8552 0.8482 0.5382 0.8075
105 0.9004 0.2186 0.8606 0.8511 0.5414 0.8114
106 0.9042 0.2167 0.8659 0.8493 0.5782 0.8094
107 0.8988 0.2268 0.8586 0.8463 0.5978 0.8054
108 0.9009 0.2275 0.8617 0.8368 0.6186 0.7966
109 0.8924 0.2560 0.8518 0.8182 0.6694 0.7782
110 0.8820 0.3101 0.8422 0.8100 0.7352 0.7702
111 0.8877 0.2925 0.8474 0.8342 0.6209 0.7946
112 0.8886 0.2729 0.8466 0.8400 0.5334 0.8028
113 0.8971 0.2461 0.8589 0.8374 0.6020 0.7941
114 0.8984 0.2261 0.8588 0.8428 0.5965 0.8035
115 0.8982 0.2291 0.8592 0.8437 0.5994 0.8036
116 0.8997 0.2159 0.8612 0.8478 0.6284 0.8103
117 0.8998 0.2267 0.8594 0.8387 0.5912 0.7974
118 0.8981 0.2338 0.8581 0.8391 0.6503 0.7983
119 0.8967 0.2465 0.8553 0.8307 0.6466 0.7898
120 0.8865 0.2770 0.8455 0.7328 1.1583 0.6867
121 0.8830 0.3078 0.8435 0.8131 0.6157 0.7720
122 0.8862 0.2835 0.8461 0.8369 0.6079 0.8041
123 0.8990 0.2310 0.8601 0.8390 0.6642 0.7978
124 0.9019 0.2116 0.8636 0.8422 0.6716 0.8044
125 0.9020 0.2125 0.8629 0.8429 0.6889 0.8052
126 0.9056 0.2109 0.8671 0.8374 0.5873 0.8000
127 0.9037 0.2167 0.8672 0.8436 0.6489 0.8018
128 0.9008 0.2269 0.8627 0.8379 0.6356 0.7929
129 0.8911 0.2610 0.8506 0.8257 0.6522 0.7820
130 0.8840 0.2933 0.8437 0.8215 0.8013 0.7856
131 0.8890 0.2673 0.8504 0.8174 0.8182 0.7724
132 0.8895 0.2584 0.8498 0.8491 0.5232 0.8132
133 0.9016 0.2217 0.8640 0.8504 0.6385 0.8117
134 0.8998 0.2126 0.8606 0.8455 0.6554 0.8060
135 0.9053 0.2020 0.8661 0.8491 0.6325 0.8114
136 0.9076 0.1909 0.8717 0.8510 0.6498 0.8147
137 0.9060 0.2014 0.8668 0.8318 0.8441 0.7954
138 0.9055 0.2046 0.8664 0.8456 0.7031 0.8107
139 0.9012 0.2316 0.8642 0.8377 0.6892 0.7995
140 0.8941 0.2561 0.8547 0.8141 0.8768 0.7726
141 0.8861 0.2966 0.8468 0.8319 0.6820 0.7970
142 0.8935 0.2539 0.8547 0.8438 0.6828 0.7996
143 0.9013 0.2257 0.8632 0.8426 0.6087 0.8052
144 0.9049 0.2062 0.8668 0.8471 0.5997 0.8078
145 0.9063 0.1963 0.8690 0.8487 0.6042 0.8100
146 0.9101 0.1894 0.8724 0.8486 0.6572 0.8064
147 0.9054 0.1981 0.8655 0.8465 0.7200 0.8065
148 0.9081 0.2013 0.8702 0.8173 0.8312 0.7764
149 0.8999 0.2260 0.8599 0.7790 0.9600 0.7250
150 0.8879 0.2861 0.8461 0.7699 0.7771 0.7230
151 0.8831 0.3033 0.8429 0.8372 0.5621 0.7948
152 0.8940 0.2614 0.8551 0.8467 0.5704 0.8036
153 0.9011 0.2196 0.8613 0.8533 0.6176 0.8131
154 0.9039 0.2059 0.8647 0.8515 0.6151 0.8120
155 0.9104 0.1948 0.8737 0.8511 0.6189 0.8111
156 0.9055 0.2019 0.8666 0.8519 0.6200 0.8127
157 0.9034 0.2023 0.8648 0.8491 0.7964 0.8126
158 0.9077 0.2011 0.8697 0.8343 0.7454 0.7957
159 0.9027 0.2189 0.8619 0.8215 0.6195 0.7809
160 0.8874 0.2696 0.8478 0.8358 0.5965 0.8005
161 0.8914 0.2559 0.8497 0.8280 0.8087 0.7879
162 0.8987 0.2367 0.8614 0.8441 0.6838 0.8097
163 0.9048 0.2080 0.8669 0.8492 0.6967 0.8112
164 0.9077 0.1919 0.8696 0.8478 0.6437 0.8070
165 0.9070 0.1871 0.8701 0.8493 0.6224 0.8097
166 0.9068 0.1922 0.8686 0.8486 0.6548 0.8124
167 0.9099 0.1828 0.8715 0.8500 0.6873 0.8113
168 0.9022 0.2170 0.8643 0.8501 0.5601 0.8111
169 0.8968 0.2559 0.8571 0.8407 0.6521 0.8049
170 0.8932 0.2564 0.8526 0.8198 0.6624 0.7745
171 0.8784 0.3143 0.8398 0.8274 0.5993 0.7894
172 0.8973 0.2425 0.8594 0.8487 0.6394 0.8137
173 0.8994 0.2282 0.8620 0.8488 0.6091 0.8117
174 0.9060 0.2011 0.8679 0.8460 0.6338 0.8090
175 0.9072 0.1982 0.8706 0.8451 0.6245 0.8067
176 0.9069 0.1922 0.8680 0.8487 0.6318 0.8130
177 0.9083 0.1940 0.8703 0.8512 0.6219 0.8157
178 0.9094 0.1932 0.8725 0.8462 0.5823 0.8090
179 0.9009 0.2254 0.8629 0.8401 0.5891 0.8000
180 0.8972 0.2272 0.8582 0.8470 0.7086 0.8105
181 0.8972 0.2356 0.8576 0.8359 0.6513 0.7992
182 0.9031 0.2198 0.8672 0.8401 0.6812 0.8020
183 0.9088 0.1926 0.8704 0.8436 0.6797 0.8084
184 0.9100 0.1796 0.8726 0.8446 0.6512 0.8087
185 0.9137 0.1745 0.8792 0.8470 0.6385 0.8087
186 0.9103 0.1754 0.8745 0.8429 0.6510 0.8069
187 0.9093 0.1782 0.8722 0.8461 0.7137 0.8101
188 0.9061 0.1854 0.8678 0.8414 0.6867 0.8012
189 0.9047 0.2133 0.8658 0.7673 1.0678 0.7203
190 0.8945 0.2639 0.8562 0.8199 0.7513 0.7758
191 0.8811 0.2988 0.8405 0.8271 0.7379 0.7880
192 0.8987 0.2334 0.8615 0.8411 0.5853 0.7996
193 0.9051 0.2064 0.8685 0.8450 0.6047 0.8081
194 0.9093 0.1901 0.8723 0.8516 0.6103 0.8165
195 0.9121 0.1825 0.8778 0.8524 0.5918 0.8154
196 0.9109 0.1775 0.8734 0.8479 0.6259 0.8123
197 0.9110 0.1804 0.8734 0.8471 0.6329 0.8130
198 0.9107 0.1847 0.8740 0.8475 0.6768 0.8050
199 0.9085 0.1940 0.8720 0.8297 0.7897 0.7881
