epoch train_iou train_loss train_mAP val_iou val_mAP
0 0.6286 1.9276 0.5594 0.6905 0.5918
1 0.7332 1.4744 0.6670 0.7479 0.6845
2 0.7623 1.3309 0.7032 0.6141 0.5549
3 0.7780 1.2148 0.7232 0.7983 0.7458
4 0.7966 1.0901 0.7471 0.7973 0.7487
5 0.8046 1.0563 0.7547 0.8119 0.7672
6 0.8112 1.0242 0.7612 0.8125 0.7663
7 0.8081 1.0558 0.7591 0.8092 0.7626
8 0.8074 1.0668 0.7608 0.8049 0.7572
9 0.8042 1.1042 0.7562 0.8127 0.7732
10 0.8017 1.0753 0.7576 0.8197 0.7764
11 0.8197 1.0004 0.7780 0.8014 0.7563
12 0.8242 0.9672 0.7832 0.8131 0.7575
13 0.8376 0.8649 0.7965 0.8319 0.7969
14 0.8504 0.7812 0.8117 0.8403 0.8049
15 0.8591 0.7621 0.8198 0.8400 0.8049
16 0.8563 0.7602 0.8197 0.8455 0.8159
17 0.8478 0.8263 0.8079 0.8435 0.8081
18 0.8445 0.8376 0.8060 0.8228 0.7905
19 0.8345 0.9041 0.7956 0.8211 0.7852
20 0.8329 0.9132 0.7916 0.8173 0.7849
21 0.8378 0.8940 0.8037 0.8259 0.7880
22 0.8559 0.7844 0.8179 0.8400 0.8102
23 0.8616 0.7416 0.8258 0.8343 0.8018
24 0.8686 0.6888 0.8330 0.8446 0.8142
25 0.8755 0.6489 0.8423 0.8459 0.8178
26 0.8739 0.6603 0.8399 0.8504 0.8222
27 0.8758 0.6689 0.8404 0.8431 0.8100
28 0.8637 0.7561 0.8276 0.8385 0.8056
29 0.8549 0.7593 0.8191 0.8244 0.7959
30 0.8494 0.8404 0.8106 0.8301 0.8025
31 0.8491 0.8017 0.8126 0.8448 0.8162
32 0.8690 0.7045 0.8368 0.8463 0.8174
33 0.8744 0.6587 0.8404 0.8498 0.8216
34 0.8838 0.6169 0.8491 0.8469 0.8195
35 0.8863 0.5830 0.8518 0.8494 0.8222
36 0.8890 0.5787 0.8552 0.8491 0.8230
37 0.8791 0.6131 0.8461 0.8425 0.8148
38 0.8754 0.6738 0.8407 0.8358 0.8070
39 0.8663 0.7080 0.8277 0.8399 0.8115
40 0.8576 0.7642 0.8232 0.7069 0.6756
41 0.8716 0.7094 0.8372 0.8423 0.8168
42 0.8778 0.6535 0.8433 0.8492 0.8216
43 0.8843 0.6104 0.8508 0.8515 0.8246
44 0.8920 0.5739 0.8602 0.8531 0.8274
45 0.8899 0.5596 0.8567 0.8544 0.8286
46 0.8888 0.5641 0.8576 0.8533 0.8262
47 0.8964 0.5455 0.8653 0.8511 0.8215
48 0.8891 0.5802 0.8556 0.8445 0.8162
49 0.8797 0.6559 0.8467 0.8467 0.8219
50 0.8786 0.6635 0.8446 0.8282 0.7968
51 0.8698 0.7158 0.8343 0.8448 0.8144
52 0.8840 0.6242 0.8501 0.8561 0.8268
53 0.8912 0.5718 0.8602 0.8510 0.8240
54 0.8987 0.5198 0.8675 0.8537 0.8276
55 0.8965 0.5173 0.8648 0.8547 0.8276
56 0.8997 0.4985 0.8683 0.8509 0.8268
57 0.9012 0.5208 0.8683 0.8508 0.8213
58 0.8912 0.5544 0.8577 0.8467 0.8226
59 0.8916 0.5701 0.8597 0.8323 0.8032
60 0.8756 0.6706 0.8410 0.8478 0.8165
61 0.8726 0.6588 0.8386 0.8233 0.7922
62 0.8907 0.5662 0.8594 0.8552 0.8264
63 0.9002 0.5178 0.8681 0.8516 0.8274
64 0.9057 0.4795 0.8766 0.8576 0.8299
65 0.9095 0.4652 0.8817 0.8588 0.8328
66 0.9050 0.4887 0.8752 0.8654 0.8392
67 0.9045 0.4845 0.8734 0.8502 0.8260
68 0.9010 0.5191 0.8705 0.8568 0.8285
69 0.8955 0.5527 0.8648 0.8562 0.8284
70 0.8908 0.5718 0.8589 0.8283 0.8008
71 0.8835 0.6203 0.8488 0.8475 0.8220
72 0.8954 0.5660 0.8667 0.8545 0.8243
73 0.9026 0.5099 0.8735 0.8478 0.8240
74 0.9097 0.4553 0.8790 0.8533 0.8294
75 0.9145 0.4417 0.8862 0.8542 0.8290
76 0.9067 0.4627 0.8784 0.8561 0.8311
77 0.9072 0.4676 0.8777 0.8629 0.8363
78 0.9032 0.5107 0.8748 0.8528 0.8290
79 0.8952 0.5327 0.8642 0.8540 0.8294
80 0.8917 0.5858 0.8615 0.8402 0.8142
81 0.8905 0.5868 0.8586 0.8384 0.8119
82 0.8990 0.5353 0.8707 0.8492 0.8230
83 0.9028 0.4919 0.8729 0.8572 0.8304
84 0.9101 0.4513 0.8815 0.8555 0.8310
85 0.9126 0.4245 0.8856 0.8546 0.8304
86 0.9092 0.4366 0.8811 0.8547 0.8311
87 0.9160 0.4204 0.8899 0.8562 0.8299
88 0.9095 0.4692 0.8825 0.8501 0.8260
89 0.9012 0.5057 0.8712 0.8520 0.8233
90 0.8916 0.5721 0.8597 0.8442 0.8130
91 0.8982 0.5440 0.8694 0.8498 0.8248
92 0.8967 0.5341 0.8659 0.8615 0.8351
93 0.9105 0.4722 0.8832 0.8575 0.8292
94 0.9126 0.4371 0.8859 0.8663 0.8405
95 0.9155 0.4313 0.8888 0.8641 0.8375
96 0.9141 0.4232 0.8878 0.8638 0.8395
97 0.9075 0.4523 0.8804 0.8589 0.8303
98 0.9110 0.4330 0.8837 0.8530 0.8257
99 0.9019 0.4915 0.8730 0.8346 0.8005
100 0.9068 0.4875 0.8792 0.8593 0.8302
101 0.9158 0.4389 0.8885 0.8610 0.8359
102 0.9156 0.4185 0.8884 0.8601 0.8343
103 0.9116 0.4351 0.8839 0.8630 0.8386
104 0.9231 0.3787 0.8971 0.8657 0.8407
105 0.9227 0.3712 0.8978 0.8660 0.8405
106 0.9255 0.3665 0.9004 0.8653 0.8406
107 0.9190 0.3948 0.8937 0.8653 0.8413
108 0.9229 0.3893 0.8970 0.8615 0.8355
109 0.9162 0.4028 0.8893 0.8585 0.8331
110 0.9131 0.4537 0.8877 0.8602 0.8311
111 0.9091 0.4415 0.8821 0.8604 0.8374
112 0.9195 0.3936 0.8946 0.8591 0.8350
113 0.9206 0.3892 0.8965 0.8579 0.8340
114 0.9222 0.3766 0.8964 0.8630 0.8389
115 0.9244 0.3735 0.9004 0.8647 0.8404
116 0.9292 0.3473 0.9055 0.8666 0.8433
117 0.9266 0.3631 0.9025 0.8606 0.8387
118 0.9198 0.3813 0.8931 0.8659 0.8410
119 0.9241 0.3782 0.9002 0.8542 0.8332
120 0.9184 0.4012 0.8912 0.8647 0.8351
121 0.9141 0.4209 0.8878 0.8589 0.8331
122 0.9189 0.3935 0.8958 0.8594 0.8346
123 0.9223 0.3836 0.8981 0.8610 0.8364
124 0.9259 0.3601 0.8992 0.8608 0.8371
125 0.9239 0.3532 0.9007 0.8600 0.8355
126 0.9270 0.3514 0.9019 0.8615 0.8364
127 0.9251 0.3502 0.9008 0.8593 0.8332
128 0.9248 0.3532 0.9009 0.8590 0.8356
129 0.9209 0.3835 0.8966 0.8598 0.8345
130 0.9225 0.3818 0.8972 0.8527 0.8260
131 0.9192 0.3974 0.8947 0.8554 0.8303
132 0.9161 0.4002 0.8918 0.8612 0.8369
133 0.9245 0.3643 0.9024 0.8611 0.8363
134 0.9222 0.3670 0.8994 0.8660 0.8416
135 0.9281 0.3510 0.9042 0.8649 0.8401
136 0.9255 0.3542 0.9036 0.8668 0.8429
137 0.9282 0.3514 0.9054 0.8616 0.8382
138 0.9272 0.3560 0.9037 0.8556 0.8308
139 0.9245 0.3688 0.9003 0.8533 0.8263
140 0.9177 0.3975 0.8924 0.8384 0.8059
141 0.9156 0.4230 0.8905 0.8560 0.8302
142 0.9165 0.4142 0.8929 0.8616 0.8353
143 0.9237 0.3648 0.9005 0.8591 0.8346
144 0.9309 0.3365 0.9110 0.8604 0.8351
145 0.9268 0.3464 0.9034 0.8619 0.8357
146 0.9302 0.3352 0.9084 0.8604 0.8339
147 0.9277 0.3447 0.9058 0.8617 0.8361
148 0.9213 0.3728 0.8969 0.8591 0.8345
149 0.9234 0.3693 0.9000 0.8594 0.8346
150 0.9168 0.3846 0.8927 0.8544 0.8242
151 0.9224 0.3870 0.8963 0.8598 0.8343
152 0.9266 0.3699 0.9029 0.8569 0.8333
153 0.9260 0.3563 0.9038 0.8605 0.8382
154 0.9275 0.3448 0.9058 0.8642 0.8406
155 0.9305 0.3369 0.9083 0.8635 0.8401
156 0.9311 0.3366 0.9102 0.8628 0.8398
157 0.9315 0.3236 0.9087 0.8662 0.8441
158 0.9292 0.3354 0.9067 0.8672 0.8459
159 0.9235 0.3585 0.9010 0.8556 0.8321
160 0.9298 0.3314 0.9072 0.8631 0.8391
161 0.9316 0.3218 0.9103 0.8640 0.8411
162 0.9339 0.3096 0.9136 0.8691 0.8445
163 0.9335 0.3144 0.9126 0.8681 0.8435
164 0.9361 0.2970 0.9148 0.8671 0.8436
165 0.9344 0.3099 0.9123 0.8693 0.8445
166 0.9357 0.2997 0.9168 0.8687 0.8440
167 0.9330 0.3177 0.9108 0.8660 0.8425
168 0.9368 0.2948 0.9174 0.8690 0.8457
169 0.9318 0.3118 0.9098 0.8667 0.8412
170 0.9353 0.3078 0.9157 0.8680 0.8441
171 0.9327 0.3111 0.9123 0.8711 0.8457
172 0.9356 0.2996 0.9168 0.8658 0.8433
173 0.9292 0.3209 0.9079 0.8669 0.8439
174 0.9367 0.3027 0.9177 0.8662 0.8433
175 0.9384 0.2948 0.9193 0.8658 0.8416
176 0.9380 0.2939 0.9178 0.8671 0.8444
177 0.9350 0.3010 0.9137 0.8688 0.8447
178 0.9335 0.3059 0.9145 0.8660 0.8424
179 0.9326 0.3080 0.9117 0.8649 0.8419
180 0.9338 0.3066 0.9134 0.8659 0.8404
181 0.9353 0.3045 0.9141 0.8716 0.8471
182 0.9301 0.3135 0.9082 0.8682 0.8442
183 0.9375 0.2929 0.9189 0.8708 0.8462
184 0.9378 0.2856 0.9185 0.8681 0.8457
185 0.9344 0.2995 0.9147 0.8695 0.8451
186 0.9342 0.2965 0.9161 0.8704 0.8456
187 0.9321 0.3082 0.9093 0.8713 0.8474
188 0.9361 0.2949 0.9160 0.8716 0.8483
189 0.9337 0.2970 0.9139 0.8676 0.8436
190 0.9363 0.2951 0.9156 0.8715 0.8464
191 0.9340 0.2959 0.9144 0.8688 0.8450
192 0.9363 0.3010 0.9169 0.8698 0.8458
193 0.9372 0.2904 0.9178 0.8705 0.8458
194 0.9366 0.2883 0.9178 0.8703 0.8465
195 0.9347 0.2925 0.9146 0.8715 0.8471
196 0.9364 0.2919 0.9170 0.8711 0.8465
197 0.9346 0.3032 0.9141 0.8715 0.8464
198 0.9355 0.2982 0.9155 0.8724 0.8468
199 0.9349 0.2934 0.9144 0.8684 0.8440
