epoch train_iou train_loss train_mAP val_iou val_loss val_mAP
0 0.6126 1.1852 0.5511 0.6966 0.9151 0.6210
1 0.7141 0.8833 0.6547 0.7263 0.8355 0.6601
2 0.7438 0.7809 0.6849 0.7295 0.8321 0.6514
3 0.7715 0.6874 0.7162 0.7601 0.7036 0.6970
4 0.7909 0.6413 0.7391 0.7911 0.6165 0.7446
5 0.8010 0.6040 0.7509 0.7943 0.5962 0.7507
6 0.7959 0.6070 0.7466 0.8025 0.5835 0.7599
7 0.7991 0.6102 0.7472 0.7860 0.6196 0.7332
8 0.8011 0.6136 0.7528 0.8006 0.6102 0.7613
9 0.7896 0.6456 0.7390 0.7973 0.6221 0.7655
10 0.7968 0.6296 0.7506 0.7134 1.0181 0.6578
11 0.7988 0.6071 0.7531 0.8091 0.5801 0.7688
12 0.8208 0.5374 0.7705 0.7941 0.6081 0.7526
13 0.8303 0.5138 0.7851 0.8150 0.5462 0.7804
14 0.8380 0.4630 0.7903 0.8269 0.5463 0.7956
15 0.8424 0.4500 0.7970 0.8288 0.5366 0.7957
16 0.8462 0.4436 0.7981 0.8255 0.5466 0.7916
17 0.8375 0.4668 0.7923 0.8094 0.5599 0.7621
18 0.8323 0.4962 0.7885 0.8179 0.5253 0.7737
19 0.8185 0.5390 0.7708 0.7916 0.6609 0.7499
20 0.8182 0.5423 0.7701 0.8157 0.5887 0.7737
21 0.8169 0.5335 0.7690 0.7964 0.6135 0.7543
22 0.8294 0.5006 0.7851 0.8056 0.5812 0.7661
23 0.8522 0.4272 0.8083 0.8238 0.5457 0.7867
24 0.8532 0.4113 0.8093 0.8460 0.5017 0.8113
25 0.8595 0.3942 0.8152 0.8462 0.4841 0.8118
26 0.8560 0.3957 0.8144 0.8365 0.4884 0.8040
27 0.8442 0.4329 0.7997 0.8422 0.4901 0.8100
28 0.8433 0.4448 0.7987 0.8297 0.5329 0.7891
29 0.8462 0.4439 0.8011 0.8448 0.4741 0.8117
30 0.8273 0.5049 0.7811 0.8113 0.6596 0.7690
31 0.8399 0.4733 0.7962 0.8066 0.5479 0.7618
32 0.8471 0.4392 0.8031 0.8387 0.5361 0.8012
33 0.8518 0.4234 0.8087 0.8329 0.4788 0.7956
34 0.8620 0.3760 0.8195 0.8328 0.4967 0.7962
35 0.8657 0.3557 0.8210 0.8373 0.4943 0.8041
36 0.8672 0.3518 0.8263 0.8433 0.4953 0.8120
37 0.8648 0.3594 0.8207 0.8272 0.5207 0.7912
38 0.8590 0.3948 0.8160 0.8369 0.5570 0.8071
39 0.8541 0.4107 0.8068 0.8368 0.4912 0.8036
40 0.8469 0.4356 0.8020 0.8277 0.5457 0.7893
41 0.8454 0.4587 0.8013 0.7991 0.6727 0.7552
42 0.8499 0.4261 0.8033 0.8304 0.5143 0.7927
43 0.8614 0.3832 0.8178 0.8319 0.5011 0.7959
44 0.8694 0.3537 0.8286 0.8436 0.4760 0.8095
45 0.8730 0.3407 0.8312 0.8424 0.4814 0.8082
46 0.8701 0.3544 0.8281 0.8410 0.4549 0.8050
47 0.8672 0.3501 0.8241 0.8408 0.5120 0.8064
48 0.8644 0.3634 0.8196 0.8368 0.5226 0.8041
49 0.8587 0.4037 0.8172 0.8044 0.6461 0.7720
50 0.8375 0.4630 0.7927 0.7928 0.7138 0.7424
51 0.8485 0.4342 0.8043 0.8284 0.5177 0.7859
52 0.8650 0.3676 0.8222 0.8333 0.5445 0.7986
53 0.8730 0.3313 0.8305 0.8444 0.4975 0.8035
54 0.8823 0.3027 0.8419 0.8597 0.4749 0.8234
55 0.8850 0.2931 0.8457 0.8595 0.4499 0.8237
56 0.8823 0.3009 0.8386 0.8463 0.5369 0.8120
57 0.8786 0.3171 0.8368 0.8423 0.5171 0.8062
58 0.8738 0.3459 0.8301 0.8318 0.5233 0.7942
59 0.8645 0.3777 0.8193 0.8277 0.5604 0.7897
60 0.8552 0.4105 0.8116 0.8285 0.5971 0.7957
61 0.8597 0.4014 0.8170 0.8470 0.4543 0.8115
62 0.8632 0.3687 0.8211 0.8469 0.4569 0.8099
63 0.8722 0.3416 0.8312 0.8392 0.5409 0.8018
64 0.8877 0.2857 0.8471 0.8479 0.5275 0.8153
65 0.8874 0.2827 0.8477 0.8473 0.5409 0.8147
66 0.8856 0.2823 0.8458 0.8540 0.5429 0.8222
67 0.8832 0.2928 0.8420 0.8361 0.5205 0.7996
68 0.8807 0.2997 0.8413 0.8312 0.5785 0.7924
69 0.8691 0.3427 0.8275 0.8427 0.6735 0.8088
70 0.8653 0.3712 0.8243 0.8057 0.6610 0.7647
71 0.8637 0.3702 0.8214 0.8305 0.5660 0.7930
72 0.8716 0.3477 0.8311 0.8326 0.5833 0.7916
73 0.8751 0.3105 0.8323 0.8417 0.5053 0.8093
74 0.8886 0.2747 0.8479 0.8406 0.5092 0.8061
75 0.8927 0.2645 0.8541 0.8398 0.5027 0.8062
76 0.8962 0.2538 0.8557 0.8391 0.5534 0.8043
77 0.8931 0.2586 0.8523 0.8368 0.5656 0.8007
78 0.8856 0.2855 0.8451 0.8383 0.5861 0.8054
79 0.8797 0.3086 0.8387 0.8402 0.5164 0.8037
80 0.8659 0.3697 0.8217 0.8083 0.5667 0.7606
81 0.8686 0.3521 0.8275 0.8213 0.5739 0.7814
82 0.8733 0.3360 0.8321 0.8470 0.4953 0.8171
83 0.8878 0.2813 0.8478 0.8519 0.5503 0.8189
84 0.8860 0.2666 0.8447 0.8535 0.4733 0.8212
85 0.8943 0.2532 0.8558 0.8542 0.4836 0.8221
86 0.8927 0.2530 0.8548 0.8501 0.5138 0.8131
87 0.8927 0.2504 0.8525 0.8539 0.4875 0.8183
88 0.8948 0.2597 0.8535 0.8369 0.5469 0.7977
89 0.8894 0.2927 0.8477 0.8154 0.7865 0.7767
90 0.8746 0.3439 0.8336 0.8190 0.5714 0.7814
91 0.8727 0.3290 0.8317 0.8487 0.4962 0.8143
92 0.8821 0.3047 0.8411 0.8383 0.5626 0.8025
93 0.8922 0.2678 0.8524 0.8550 0.4811 0.8231
94 0.8983 0.2378 0.8568 0.8517 0.5233 0.8200
95 0.8994 0.2299 0.8594 0.8565 0.5257 0.8257
96 0.8972 0.2324 0.8587 0.8551 0.5733 0.8214
97 0.8964 0.2429 0.8581 0.8564 0.5607 0.8262
98 0.8983 0.2444 0.8579 0.8499 0.5685 0.8109
99 0.8852 0.2834 0.8434 0.8456 0.5954 0.8125
100 0.8879 0.2738 0.8468 0.8430 0.5483 0.8032
101 0.8927 0.2583 0.8539 0.8563 0.5688 0.8236
102 0.8938 0.2517 0.8545 0.8573 0.5424 0.8270
103 0.8989 0.2281 0.8595 0.8589 0.5227 0.8249
104 0.9027 0.2188 0.8635 0.8558 0.5697 0.8246
105 0.9066 0.2187 0.8704 0.8575 0.5557 0.8255
106 0.9031 0.2151 0.8642 0.8598 0.5288 0.8274
107 0.9042 0.2125 0.8657 0.8548 0.5567 0.8173
108 0.9036 0.2133 0.8647 0.8542 0.5784 0.8208
109 0.9026 0.2129 0.8628 0.8554 0.5678 0.8213
110 0.9008 0.2222 0.8612 0.8524 0.6096 0.8185
111 0.9030 0.2268 0.8625 0.8555 0.5351 0.8228
112 0.9044 0.2047 0.8650 0.8617 0.5835 0.8278
113 0.9031 0.2149 0.8649 0.8637 0.5107 0.8281
114 0.9059 0.1958 0.8679 0.8636 0.5284 0.8299
115 0.9061 0.1958 0.8673 0.8659 0.5271 0.8331
116 0.9055 0.2023 0.8660 0.8621 0.5185 0.8263
117 0.9055 0.2047 0.8687 0.8550 0.5404 0.8213
118 0.9030 0.2082 0.8637 0.8491 0.5813 0.8162
119 0.9045 0.2072 0.8662 0.8541 0.5978 0.8208
120 0.8966 0.2294 0.8582 0.8516 0.6018 0.8185
121 0.8987 0.2358 0.8606 0.8427 0.5864 0.8060
122 0.9030 0.2162 0.8653 0.8536 0.4872 0.8190
123 0.9057 0.2039 0.8670 0.8549 0.5956 0.8206
124 0.9053 0.1965 0.8661 0.8604 0.5565 0.8327
125 0.9131 0.1848 0.8762 0.8601 0.5560 0.8296
126 0.9087 0.1879 0.8732 0.8565 0.5788 0.8239
127 0.9095 0.1877 0.8717 0.8564 0.5741 0.8227
128 0.9053 0.1997 0.8675 0.8527 0.5558 0.8186
129 0.9064 0.2058 0.8677 0.8595 0.5338 0.8256
130 0.8988 0.2308 0.8598 0.8473 0.5793 0.8111
131 0.9021 0.2133 0.8617 0.8582 0.5848 0.8266
132 0.9043 0.2081 0.8648 0.8620 0.5745 0.8296
133 0.9064 0.1994 0.8671 0.8551 0.5722 0.8221
134 0.9035 0.1904 0.8648 0.8597 0.5674 0.8274
135 0.9106 0.1757 0.8717 0.8588 0.5728 0.8266
136 0.9103 0.1884 0.8723 0.8589 0.5707 0.8263
137 0.9092 0.1835 0.8719 0.8600 0.5493 0.8255
138 0.9099 0.1836 0.8711 0.8549 0.6361 0.8178
139 0.9091 0.1877 0.8723 0.8449 0.5566 0.8079
140 0.9014 0.2101 0.8627 0.8407 0.6520 0.8019
141 0.9046 0.2207 0.8658 0.8501 0.6611 0.8156
142 0.9014 0.2155 0.8608 0.8595 0.5821 0.8260
143 0.9126 0.1854 0.8763 0.8618 0.5738 0.8304
144 0.9100 0.1849 0.8732 0.8612 0.5570 0.8294
145 0.9138 0.1821 0.8764 0.8585 0.5731 0.8267
146 0.9088 0.1831 0.8722 0.8582 0.5524 0.8249
147 0.9102 0.1810 0.8714 0.8639 0.5563 0.8331
148 0.9103 0.1846 0.8726 0.8628 0.5943 0.8302
149 0.9066 0.1976 0.8687 0.8617 0.5162 0.8297
150 0.9022 0.2196 0.8627 0.8280 0.6300 0.7845
151 0.9012 0.2185 0.8617 0.8401 0.5457 0.8004
152 0.9084 0.1929 0.8697 0.8443 0.5803 0.8094
153 0.9124 0.1858 0.8756 0.8522 0.5584 0.8169
154 0.9121 0.1797 0.8753 0.8607 0.5801 0.8296
155 0.9133 0.1752 0.8794 0.8608 0.5651 0.8305
156 0.9132 0.1650 0.8763 0.8512 0.5791 0.8195
157 0.9144 0.1695 0.8781 0.8583 0.5833 0.8278
158 0.9132 0.1729 0.8742 0.8523 0.6636 0.8213
159 0.9133 0.1796 0.8764 0.8575 0.5980 0.8227
160 0.9136 0.1705 0.8770 0.8578 0.6065 0.8237
161 0.9112 0.1714 0.8760 0.8604 0.6361 0.8264
162 0.9142 0.1676 0.8767 0.8580 0.6372 0.8239
163 0.9158 0.1569 0.8775 0.8618 0.6298 0.8309
164 0.9140 0.1663 0.8785 0.8602 0.6111 0.8266
165 0.9136 0.1661 0.8767 0.8606 0.6221 0.8260
166 0.9101 0.1694 0.8729 0.8620 0.6033 0.8292
167 0.9110 0.1673 0.8759 0.8633 0.6468 0.8298
168 0.9137 0.1620 0.8759 0.8571 0.6247 0.8244
169 0.9158 0.1647 0.8787 0.8585 0.6201 0.8234
170 0.9128 0.1694 0.8777 0.8531 0.6321 0.8169
171 0.9130 0.1680 0.8757 0.8573 0.6093 0.8230
172 0.9154 0.1616 0.8808 0.8579 0.6051 0.8242
173 0.9155 0.1578 0.8783 0.8601 0.6288 0.8249
174 0.9189 0.1524 0.8834 0.8586 0.6296 0.8240
175 0.9133 0.1639 0.8753 0.8605 0.6222 0.8248
176 0.9206 0.1554 0.8862 0.8604 0.6256 0.8273
177 0.9167 0.1558 0.8790 0.8601 0.6147 0.8268
178 0.9169 0.1567 0.8828 0.8610 0.6348 0.8284
179 0.9152 0.1600 0.8794 0.8571 0.6396 0.8218
180 0.9158 0.1536 0.8812 0.8579 0.6545 0.8242
181 0.9142 0.1611 0.8778 0.8609 0.6308 0.8257
182 0.9150 0.1577 0.8781 0.8572 0.6218 0.8216
183 0.9151 0.1541 0.8772 0.8581 0.6328 0.8225
184 0.9154 0.1573 0.8791 0.8619 0.6397 0.8268
185 0.9190 0.1510 0.8852 0.8625 0.6323 0.8292
186 0.9175 0.1536 0.8808 0.8617 0.6273 0.8284
187 0.9175 0.1475 0.8814 0.8568 0.6544 0.8210
188 0.9181 0.1521 0.8811 0.8602 0.6461 0.8242
189 0.9156 0.1586 0.8781 0.8609 0.6401 0.8270
190 0.9180 0.1524 0.8828 0.8599 0.6609 0.8279
191 0.9201 0.1496 0.8852 0.8627 0.6647 0.8300
192 0.9185 0.1513 0.8815 0.8631 0.6569 0.8296
193 0.9184 0.1467 0.8825 0.8606 0.6585 0.8288
194 0.9180 0.1503 0.8818 0.8558 0.6519 0.8218
195 0.9155 0.1553 0.8781 0.8578 0.6533 0.8255
196 0.9181 0.1521 0.8826 0.8588 0.6540 0.8268
197 0.9207 0.1455 0.8850 0.8574 0.6729 0.8244
198 0.9182 0.1517 0.8822 0.8563 0.6800 0.8238
199 0.9174 0.1512 0.8813 0.8617 0.6738 0.8285
