epoch train_BCELoss train_SoftDiceLoss train_iou train_loss train_mAP val_BCELoss val_SoftDiceLoss val_iou val_loss val_mAP
0 0.3044 0.2842 0.6375 0.5888 0.5693 0.2772 0.3093 0.6016 0.5866 0.5385
1 0.2153 0.1939 0.7117 0.4097 0.6568 0.2486 0.2563 0.6763 0.5054 0.6202
2 0.1862 0.1674 0.7364 0.3542 0.6835 0.2260 0.1865 0.7238 0.4130 0.6723
3 0.1674 0.1498 0.7627 0.3180 0.7109 0.1782 0.1601 0.7399 0.3390 0.6917
4 0.1424 0.1236 0.7891 0.2668 0.7410 0.3337 0.2257 0.7082 0.5601 0.6593
5 0.1339 0.1142 0.8021 0.2490 0.7577 0.1778 0.1379 0.7743 0.3165 0.7343
6 0.1328 0.1213 0.7972 0.2551 0.7520 0.1630 0.1600 0.7674 0.3239 0.7182
7 0.1078 0.0941 0.8232 0.2029 0.7837 0.2217 0.1333 0.7824 0.3561 0.7405
8 0.1126 0.0947 0.8205 0.2084 0.7814 0.1873 0.1461 0.7451 0.3344 0.6868
9 0.1026 0.0894 0.8243 0.1931 0.7848 0.1856 0.1421 0.7809 0.3287 0.7338
10 0.0882 0.0800 0.8343 0.1693 0.7983 0.2446 0.1271 0.7819 0.3728 0.7508
11 0.0847 0.0743 0.8477 0.1602 0.8125 0.1688 0.1456 0.7751 0.3154 0.7374
12 0.0833 0.0739 0.8411 0.1585 0.8041 0.2760 0.1450 0.7726 0.4221 0.7302
13 0.0793 0.0706 0.8439 0.1511 0.8091 0.2096 0.1291 0.8010 0.3398 0.7629
14 0.0914 0.0804 0.8460 0.1731 0.8097 0.2254 0.1984 0.7423 0.4249 0.6772
15 0.0663 0.0611 0.8589 0.1287 0.8272 0.1743 0.1083 0.8137 0.2839 0.7845
16 0.0573 0.0515 0.8716 0.1101 0.8433 0.1727 0.1074 0.8198 0.2815 0.7882
17 0.0541 0.0507 0.8737 0.1061 0.8442 0.1848 0.1034 0.8201 0.2896 0.7890
18 0.0537 0.0486 0.8742 0.1037 0.8457 0.1782 0.1037 0.8203 0.2833 0.7888
19 0.0494 0.0459 0.8806 0.0967 0.8536 0.1746 0.1021 0.8203 0.2780 0.7893
20 0.0482 0.0439 0.8799 0.0935 0.8541 0.1746 0.1016 0.8213 0.2776 0.7896
21 0.0488 0.0442 0.8825 0.0944 0.8566 0.1741 0.1010 0.8221 0.2765 0.7892
22 0.0470 0.0432 0.8810 0.0916 0.8544 0.1798 0.1017 0.8235 0.2829 0.7916
23 0.0479 0.0436 0.8804 0.0929 0.8548 0.1800 0.1021 0.8232 0.2836 0.7911
24 0.0476 0.0437 0.8821 0.0928 0.8552 0.1793 0.1008 0.8227 0.2815 0.7907
25 0.0765 0.0647 0.8573 0.1425 0.8223 0.2086 0.1303 0.7831 0.3402 0.7397
26 0.0897 0.0775 0.8367 0.1684 0.7980 0.2057 0.1255 0.7981 0.3323 0.7547
27 0.0655 0.0589 0.8536 0.1256 0.8188 0.1834 0.1089 0.8062 0.2937 0.7721
28 0.0587 0.0523 0.8718 0.1124 0.8414 0.2133 0.1123 0.7970 0.3270 0.7587
29 0.0532 0.0479 0.8780 0.1026 0.8492 0.3285 0.1607 0.7456 0.4906 0.6945
30 0.0606 0.0521 0.8775 0.1142 0.8481 0.1782 0.1009 0.8211 0.2805 0.7865
31 0.0431 0.0409 0.8895 0.0855 0.8650 0.1857 0.1005 0.8198 0.2876 0.7855
32 0.0429 0.0387 0.8896 0.0831 0.8656 0.1861 0.0988 0.8188 0.2864 0.7829
33 0.0397 0.0367 0.8929 0.0780 0.8691 0.1930 0.0976 0.8241 0.2921 0.7892
34 0.0407 0.0368 0.8944 0.0792 0.8709 0.1865 0.0987 0.8238 0.2867 0.7885
35 0.0365 0.0350 0.8964 0.0732 0.8720 0.1900 0.0967 0.8254 0.2883 0.7915
36 0.0365 0.0348 0.8956 0.0729 0.8723 0.1878 0.0959 0.8269 0.2852 0.7931
37 0.0360 0.0337 0.8981 0.0713 0.8747 0.1911 0.0972 0.8261 0.2899 0.7929
38 0.0371 0.0344 0.8977 0.0731 0.8752 0.1915 0.0965 0.8279 0.2896 0.7936
39 0.0357 0.0335 0.9014 0.0708 0.8777 0.1926 0.0962 0.8281 0.2904 0.7944
40 0.0470 0.0400 0.8854 0.0885 0.8580 0.3984 0.2243 0.7149 0.6239 0.6382
41 0.0801 0.0695 0.8443 0.1509 0.8070 0.4507 0.2628 0.6482 0.7144 0.5887
42 0.1011 0.0805 0.8347 0.1828 0.7988 0.4802 0.1552 0.7541 0.6369 0.7109
43 0.0980 0.0834 0.8375 0.1828 0.8042 0.2272 0.1541 0.7775 0.3823 0.7318
44 0.0869 0.0722 0.8504 0.1605 0.8152 0.1940 0.1427 0.7888 0.3380 0.7482
45 0.0590 0.0548 0.8733 0.1153 0.8432 0.1842 0.1091 0.8200 0.2948 0.7888
46 0.0515 0.0451 0.8843 0.0981 0.8577 0.1859 0.1084 0.8220 0.2958 0.7921
47 0.0466 0.0419 0.8875 0.0901 0.8611 0.1893 0.1073 0.8241 0.2982 0.7923
48 0.0449 0.0406 0.8889 0.0870 0.8636 0.1844 0.1003 0.8275 0.2863 0.7978
49 0.0444 0.0391 0.8916 0.0851 0.8662 0.1856 0.1031 0.8311 0.2902 0.8008
50 0.0416 0.0373 0.8941 0.0805 0.8700 0.1881 0.1051 0.8288 0.2948 0.7997
51 0.0416 0.0367 0.8939 0.0800 0.8690 0.1911 0.1052 0.8287 0.2979 0.7984
52 0.0408 0.0370 0.8911 0.0795 0.8676 0.1831 0.1017 0.8298 0.2864 0.7994
53 0.0408 0.0383 0.8946 0.0807 0.8708 0.1884 0.1042 0.8291 0.2941 0.7984
54 0.0410 0.0375 0.8952 0.0801 0.8714 0.1888 0.1043 0.8280 0.2948 0.7970
55 0.0619 0.0525 0.8670 0.1158 0.8366 0.2570 0.1228 0.8054 0.3812 0.7684
56 0.0671 0.0574 0.8657 0.1259 0.8351 0.2646 0.1375 0.7846 0.4035 0.7424
57 0.0881 0.0766 0.8450 0.1661 0.8125 0.2847 0.1768 0.7524 0.4627 0.7208
58 0.0649 0.0552 0.8629 0.1216 0.8334 0.2176 0.1047 0.8010 0.3240 0.7689
59 0.0699 0.0616 0.8642 0.1330 0.8316 0.2317 0.1353 0.7494 0.3685 0.7025
60 0.0687 0.0604 0.8641 0.1306 0.8329 0.3224 0.1476 0.7857 0.4714 0.7459
61 0.0637 0.0545 0.8731 0.1197 0.8416 0.1911 0.1113 0.8075 0.3038 0.7670
62 0.0478 0.0427 0.8843 0.0920 0.8565 0.1641 0.1092 0.8096 0.2747 0.7800
63 0.0381 0.0375 0.8932 0.0773 0.8680 0.1858 0.0941 0.8286 0.2815 0.7944
64 0.0353 0.0328 0.9029 0.0698 0.8802 0.1864 0.0921 0.8321 0.2802 0.7974
65 0.0336 0.0311 0.9045 0.0664 0.8819 0.1920 0.0922 0.8287 0.2859 0.7961
66 -58304220.1265 11.4474 0.5387 -58333115.5852 0.5012 154300217.1429 1.0000 0.4007 154342340.5714 0.4007
67 -279269335657199328.0000 0.1068 0.5203 -279424166092193952.0000 0.5203 2.9021 0.6165 0.2350 3.5197 0.1222
68 0.7095 0.3551 0.3180 1.0644 0.3180 0.7041 0.6749 0.4007 1.3791 0.4007
69 0.6786 0.7079 0.5184 1.3865 0.5184 0.6816 0.6796 0.4007 1.3613 0.4007
70 0.6777 0.7258 0.5193 1.4035 0.5193 0.6815 0.6796 0.4007 1.3611 0.4007
71 0.6776 0.7253 0.5193 1.4030 0.5193 0.6815 0.6796 0.4007 1.3611 0.4007
72 0.6776 0.7259 0.5193 1.4036 0.5193 0.6815 0.6796 0.4007 1.3611 0.4007
73 0.6777 0.7261 0.5201 1.4038 0.5201 0.6815 0.6796 0.4007 1.3611 0.4007
74 0.6777 0.7259 0.5184 1.4036 0.5184 0.6815 0.6796 0.4007 1.3611 0.4007
75 0.6776 0.7270 0.5201 1.4046 0.5201 0.6815 0.6796 0.4007 1.3611 0.4007
76 0.6776 0.7261 0.5191 1.4038 0.5191 0.6815 0.6796 0.4007 1.3611 0.4007
77 0.6777 0.7265 0.5186 1.4042 0.5186 0.6815 0.6796 0.4007 1.3611 0.4007
78 0.6777 0.7254 0.5166 1.4031 0.5166 0.6815 0.6796 0.4007 1.3611 0.4007
79 0.6777 0.7256 0.5181 1.4033 0.5181 0.6815 0.6796 0.4007 1.3611 0.4007
80 0.6777 0.7264 0.5184 1.4042 0.5184 0.6815 0.6796 0.4007 1.3611 0.4007
81 0.6777 0.7257 0.5186 1.4035 0.5186 0.6815 0.6796 0.4007 1.3611 0.4007
82 0.6777 0.7266 0.5188 1.4043 0.5188 0.6815 0.6796 0.4007 1.3611 0.4007
83 0.6777 0.7260 0.5198 1.4037 0.5198 0.6815 0.6796 0.4007 1.3611 0.4007
84 0.6776 0.7270 0.5198 1.4047 0.5198 0.6815 0.6796 0.4007 1.3611 0.4007
85 0.6777 0.7254 0.5184 1.4031 0.5184 0.6815 0.6796 0.4007 1.3611 0.4007
86 0.6777 0.7259 0.5184 1.4036 0.5184 0.6815 0.6796 0.4007 1.3611 0.4007
87 0.6776 0.7261 0.5193 1.4038 0.5193 0.6815 0.6796 0.4007 1.3611 0.4007
88 0.6777 0.7261 0.5188 1.4039 0.5188 0.6815 0.6796 0.4007 1.3611 0.4007
89 0.6777 0.7270 0.5191 1.4047 0.5191 0.6815 0.6796 0.4007 1.3611 0.4007
90 0.6777 0.7260 0.5186 1.4037 0.5186 0.6815 0.6796 0.4007 1.3611 0.4007
91 0.6777 0.7249 0.5186 1.4027 0.5186 0.6815 0.6796 0.4007 1.3611 0.4007
92 0.6776 0.7265 0.5196 1.4042 0.5196 0.6815 0.6796 0.4007 1.3611 0.4007
93 0.6777 0.7261 0.5196 1.4039 0.5196 0.6815 0.6796 0.4007 1.3611 0.4007
94 0.6776 0.7270 0.5201 1.4047 0.5201 0.6815 0.6796 0.4007 1.3611 0.4007
95 0.6777 0.7267 0.5193 1.4044 0.5193 0.6815 0.6796 0.4007 1.3611 0.4007
96 0.6777 0.7250 0.5181 1.4028 0.5181 0.6815 0.6796 0.4007 1.3611 0.4007
97 0.6777 0.7255 0.5186 1.4032 0.5186 0.6815 0.6796 0.4007 1.3611 0.4007
98 0.6777 0.7257 0.5181 1.4035 0.5181 0.6815 0.6796 0.4007 1.3611 0.4007
99 0.6776 0.7269 0.5201 1.4045 0.5201 0.6815 0.6796 0.4007 1.3611 0.4007
