epoch train_iou train_loss train_mAP val_iou val_mAP
0 0.6442 1.1417 0.5780 0.6313 0.5252
1 0.7164 0.9123 0.6573 0.7132 0.6518
2 0.7539 0.8067 0.6984 0.7450 0.6887
3 0.7665 0.7420 0.7162 0.7637 0.7311
4 0.7937 0.6599 0.7497 0.8001 0.7600
5 0.7943 0.6539 0.7514 0.7958 0.7619
6 0.8009 0.6315 0.7566 0.7925 0.7517
7 0.7756 0.7288 0.7303 0.7759 0.7410
8 0.7813 0.7092 0.7365 0.7958 0.7623
9 0.7943 0.6810 0.7525 0.7038 0.6602
10 0.7906 0.6901 0.7481 0.7996 0.7589
11 0.8101 0.6331 0.7703 0.8015 0.7641
12 0.8145 0.6097 0.7782 0.8146 0.7816
13 0.8222 0.5752 0.7856 0.8065 0.7745
14 0.8309 0.5375 0.7943 0.8202 0.7906
15 0.8352 0.5167 0.7987 0.8290 0.7966
16 0.8353 0.5244 0.7971 0.8289 0.7941
17 0.8278 0.5458 0.7900 0.8303 0.7941
18 0.8238 0.5705 0.7877 0.8279 0.7939
19 0.8178 0.5936 0.7820 0.7850 0.7566
20 0.8117 0.6161 0.7737 0.6763 0.6126
21 0.8153 0.6089 0.7775 0.5952 0.5579
22 0.8222 0.5679 0.7854 0.8254 0.7917
23 0.8317 0.5280 0.7972 0.8191 0.7898
24 0.8446 0.4894 0.8122 0.8399 0.8090
25 0.8513 0.4650 0.8191 0.8386 0.8090
26 0.8493 0.4796 0.8156 0.8378 0.8061
27 0.8402 0.5074 0.8061 0.8088 0.7823
28 0.8290 0.5439 0.7931 0.8188 0.7898
29 0.8286 0.5503 0.7925 0.6286 0.5869
30 0.8103 0.6205 0.7725 0.8068 0.7790
31 0.8259 0.5615 0.7914 0.8088 0.7770
32 0.8334 0.5338 0.7969 0.8007 0.7737
33 0.8453 0.4916 0.8136 0.8377 0.8106
34 0.8540 0.4568 0.8216 0.8297 0.8026
35 0.8611 0.4392 0.8273 0.8443 0.8168
36 0.8603 0.4433 0.8271 0.8362 0.8056
37 0.8547 0.4613 0.8225 0.8408 0.8094
38 0.8536 0.4723 0.8179 0.8287 0.8010
39 0.8336 0.5262 0.7989 0.8127 0.7846
40 0.8410 0.5292 0.8042 0.7151 0.6739
41 0.8372 0.5354 0.7997 0.8185 0.7885
42 0.8485 0.4894 0.8143 0.8335 0.8032
43 0.8608 0.4474 0.8291 0.8351 0.8046
44 0.8654 0.4259 0.8354 0.8426 0.8162
45 0.8720 0.4087 0.8419 0.8416 0.8154
46 0.8688 0.4068 0.8382 0.8533 0.8222
47 0.8645 0.4318 0.8320 0.8389 0.8075
48 0.8551 0.4739 0.8223 0.8345 0.8050
49 0.8491 0.4879 0.8116 0.8283 0.7957
50 0.8403 0.5131 0.8070 0.8304 0.7968
51 0.8468 0.4987 0.8105 0.7224 0.6750
52 0.8518 0.4663 0.8223 0.8195 0.7986
53 0.8655 0.4395 0.8340 0.8459 0.8144
54 0.8738 0.3935 0.8437 0.8419 0.8153
55 0.8705 0.3969 0.8414 0.8443 0.8169
56 0.8686 0.4024 0.8384 0.8499 0.8198
57 0.8688 0.4120 0.8367 0.8342 0.8071
58 0.8666 0.4259 0.8355 0.8483 0.8179
59 0.8540 0.4673 0.8207 0.8350 0.8090
60 0.8435 0.5173 0.8076 0.7970 0.7571
61 0.8500 0.4846 0.8154 0.8095 0.7726
62 0.8569 0.4528 0.8248 0.8415 0.8061
63 0.8667 0.4235 0.8362 0.8380 0.8048
64 0.8764 0.3839 0.8448 0.8565 0.8215
65 0.8794 0.3844 0.8492 0.8551 0.8254
66 0.8777 0.3798 0.8477 0.8501 0.8208
67 0.8726 0.4050 0.8413 0.8216 0.7887
68 0.8655 0.4133 0.8325 0.8316 0.8061
69 0.8615 0.4406 0.8289 0.8363 0.8101
70 0.8582 0.4628 0.8248 0.7608 0.7328
71 0.8650 0.4319 0.8321 0.8408 0.8091
72 0.8610 0.4377 0.8284 0.8363 0.8075
73 0.8740 0.3996 0.8425 0.8388 0.8139
74 0.8789 0.3775 0.8480 0.8486 0.8186
75 0.8834 0.3647 0.8517 0.8526 0.8213
76 0.8847 0.3481 0.8553 0.8529 0.8210
77 0.8816 0.3657 0.8511 0.4094 0.4032
78 0.8652 0.4230 0.8326 0.8384 0.8069
79 0.8681 0.4158 0.8359 0.8449 0.8127
80 0.8550 0.4640 0.8223 0.7647 0.7206
81 0.8646 0.4289 0.8343 0.8301 0.7923
82 0.8709 0.3977 0.8405 0.8472 0.8195
83 0.8782 0.3902 0.8491 0.8500 0.8218
84 0.8866 0.3494 0.8564 0.8538 0.8234
85 0.8910 0.3315 0.8621 0.8557 0.8256
86 0.8880 0.3408 0.8602 0.8565 0.8278
87 0.8854 0.3529 0.8561 0.8338 0.8113
88 0.8783 0.3862 0.8463 0.8273 0.7915
89 0.8805 0.3898 0.8499 0.8290 0.7986
90 0.8574 0.4506 0.8234 0.8331 0.8001
91 0.8677 0.4253 0.8338 0.8195 0.7858
92 0.8689 0.4098 0.8394 0.7715 0.7345
93 0.8843 0.3561 0.8549 0.8199 0.7918
94 0.8897 0.3416 0.8615 0.8297 0.7951
95 0.8911 0.3262 0.8637 0.8520 0.8249
96 0.8938 0.3299 0.8651 0.8539 0.8233
97 0.8895 0.3396 0.8600 0.8556 0.8245
98 0.8749 0.3955 0.8430 0.6840 0.6294
99 0.8719 0.3977 0.8414 0.8147 0.7855
100 0.8797 0.3663 0.8482 0.8526 0.8210
101 0.8947 0.3228 0.8640 0.8493 0.8188
102 0.8938 0.3192 0.8643 0.8590 0.8278
103 0.8916 0.3187 0.8629 0.8583 0.8288
104 0.8968 0.3076 0.8688 0.8551 0.8275
105 0.9007 0.2998 0.8719 0.8548 0.8270
106 0.8993 0.2918 0.8697 0.8579 0.8287
107 0.8972 0.3101 0.8679 0.8547 0.8255
108 0.9012 0.2953 0.8709 0.8532 0.8254
109 0.9044 0.2895 0.8770 0.8566 0.8256
110 0.8968 0.3046 0.8683 0.8608 0.8317
111 0.9019 0.2947 0.8728 0.8518 0.8232
112 0.9012 0.2914 0.8720 0.8564 0.8270
113 0.9002 0.2849 0.8703 0.8638 0.8350
114 0.9028 0.2806 0.8740 0.8577 0.8255
115 0.9082 0.2716 0.8787 0.8595 0.8268
116 0.9114 0.2641 0.8838 0.8586 0.8267
117 0.9106 0.2648 0.8839 0.8564 0.8269
118 0.9056 0.2758 0.8764 0.8587 0.8286
119 0.9001 0.2895 0.8712 0.8510 0.8221
120 0.9038 0.2880 0.8752 0.8540 0.8219
121 0.9021 0.2819 0.8745 0.8570 0.8279
122 0.9096 0.2698 0.8826 0.8566 0.8246
123 0.9103 0.2632 0.8837 0.8592 0.8290
124 0.9116 0.2587 0.8853 0.8559 0.8243
125 0.9098 0.2593 0.8835 0.8556 0.8237
126 0.9069 0.2681 0.8790 0.8537 0.8224
127 0.9091 0.2647 0.8822 0.8625 0.8327
128 0.9099 0.2657 0.8815 0.8539 0.8254
129 0.9077 0.2603 0.8787 0.8622 0.8332
130 0.9068 0.2758 0.8799 0.8611 0.8319
131 0.9149 0.2528 0.8854 0.8500 0.8197
132 0.9056 0.2710 0.8786 0.8633 0.8328
133 0.9088 0.2573 0.8801 0.8598 0.8286
134 0.9140 0.2474 0.8887 0.8614 0.8311
135 0.9118 0.2505 0.8843 0.8601 0.8288
136 0.9115 0.2450 0.8856 0.8651 0.8347
137 0.9103 0.2477 0.8828 0.8619 0.8292
138 0.9135 0.2407 0.8863 0.8577 0.8268
139 0.9111 0.2502 0.8836 0.8554 0.8248
140 0.9055 0.2766 0.8777 0.8563 0.8256
141 0.9112 0.2674 0.8846 0.8579 0.8310
142 0.9080 0.2603 0.8821 0.8614 0.8323
143 0.9126 0.2520 0.8848 0.8633 0.8333
144 0.9113 0.2455 0.8845 0.8624 0.8327
145 0.9157 0.2368 0.8863 0.8603 0.8309
146 0.9133 0.2394 0.8867 0.8614 0.8303
147 0.9113 0.2425 0.8819 0.8578 0.8303
148 0.9137 0.2482 0.8876 0.8591 0.8299
149 0.9114 0.2499 0.8832 0.8595 0.8294
150 0.9108 0.2565 0.8842 0.8558 0.8288
151 0.9129 0.2499 0.8848 0.8586 0.8276
152 0.9146 0.2469 0.8880 0.8595 0.8288
153 0.9124 0.2472 0.8872 0.8605 0.8309
154 0.9155 0.2370 0.8880 0.8659 0.8359
155 0.9188 0.2282 0.8937 0.8645 0.8362
156 0.9130 0.2396 0.8869 0.8604 0.8322
157 0.9158 0.2348 0.8892 0.8584 0.8284
158 0.9136 0.2465 0.8867 0.8555 0.8273
159 0.9131 0.2443 0.8887 0.8610 0.8317
160 0.9193 0.2319 0.8931 0.8563 0.8302
161 0.9172 0.2299 0.8924 0.8606 0.8309
162 0.9155 0.2336 0.8890 0.8643 0.8346
163 0.9201 0.2203 0.8953 0.8613 0.8333
164 0.9164 0.2262 0.8896 0.8596 0.8311
165 0.9158 0.2248 0.8899 0.8614 0.8332
166 0.9206 0.2183 0.8940 0.8604 0.8328
167 0.9210 0.2170 0.8968 0.8608 0.8326
168 0.9177 0.2264 0.8923 0.8589 0.8299
169 0.9195 0.2237 0.8933 0.8612 0.8312
170 0.9179 0.2264 0.8911 0.8662 0.8373
171 0.9185 0.2240 0.8910 0.8648 0.8357
172 0.9216 0.2226 0.8958 0.8616 0.8325
173 0.9202 0.2243 0.8923 0.8610 0.8332
174 0.9189 0.2272 0.8915 0.8624 0.8349
175 0.9214 0.2146 0.8949 0.8620 0.8339
176 0.9177 0.2198 0.8908 0.8635 0.8349
177 0.9191 0.2167 0.8934 0.8621 0.8334
178 0.9198 0.2213 0.8924 0.8617 0.8325
179 0.9163 0.2270 0.8900 0.8680 0.8385
180 0.9187 0.2231 0.8927 0.8678 0.8395
181 0.9218 0.2179 0.8949 0.8659 0.8379
182 0.9198 0.2162 0.8952 0.8621 0.8339
183 0.9181 0.2213 0.8909 0.8616 0.8338
184 0.9198 0.2185 0.8935 0.8605 0.8314
185 0.9208 0.2212 0.8950 0.8654 0.8369
186 0.9167 0.2227 0.8905 0.8645 0.8353
187 0.9196 0.2227 0.8943 0.8618 0.8350
188 0.9163 0.2301 0.8913 0.8615 0.8329
189 0.9220 0.2199 0.8943 0.8608 0.8326
190 0.9210 0.2157 0.8941 0.8631 0.8352
191 0.9241 0.2118 0.8981 0.8629 0.8346
192 0.9182 0.2228 0.8913 0.8645 0.8350
193 0.9176 0.2237 0.8915 0.8609 0.8332
194 0.9204 0.2160 0.8955 0.8631 0.8352
195 0.9205 0.2138 0.8957 0.8613 0.8333
196 0.9226 0.2135 0.8961 0.8668 0.8379
197 0.9219 0.2112 0.8967 0.8654 0.8352
198 0.9188 0.2209 0.8935 0.8640 0.8351
199 0.9224 0.2127 0.8943 0.8608 0.8338
