epoch train_iou train_loss train_mAP val_iou val_mAP
0 0.6420 1.1446 0.5649 0.6834 0.5857
1 0.7443 0.7991 0.6833 0.7554 0.7010
2 0.7745 0.7018 0.7208 0.7854 0.7327
3 0.7990 0.6225 0.7513 0.8027 0.7586
4 0.8107 0.5823 0.7608 0.8025 0.7610
5 0.8199 0.5482 0.7717 0.8127 0.7732
6 0.8243 0.5573 0.7789 0.8125 0.7721
7 0.8095 0.5870 0.7630 0.8120 0.7714
8 0.8202 0.5697 0.7732 0.7987 0.7619
9 0.8106 0.5932 0.7652 0.7804 0.7482
10 0.8192 0.5740 0.7751 0.7931 0.7579
11 0.8260 0.5428 0.7852 0.8241 0.7851
12 0.8393 0.5087 0.7985 0.8267 0.7905
13 0.8521 0.4484 0.8152 0.8376 0.8039
14 0.8590 0.4266 0.8216 0.8385 0.8089
15 0.8651 0.4008 0.8285 0.8419 0.8122
16 0.8689 0.3944 0.8321 0.8360 0.8054
17 0.8576 0.4326 0.8215 0.8219 0.7876
18 0.8500 0.4586 0.8111 0.8228 0.7825
19 0.8442 0.4767 0.8017 0.8198 0.7896
20 0.8346 0.5283 0.7962 0.8301 0.8006
21 0.8535 0.4597 0.8178 0.8292 0.7940
22 0.8594 0.4263 0.8251 0.8258 0.7959
23 0.8746 0.3703 0.8417 0.8405 0.8149
24 0.8775 0.3500 0.8439 0.8436 0.8160
25 0.8824 0.3423 0.8502 0.8428 0.8146
26 0.8808 0.3445 0.8503 0.8468 0.8181
27 0.8779 0.3673 0.8430 0.8399 0.8126
28 0.8715 0.3744 0.8368 0.8322 0.8025
29 0.8618 0.4069 0.8249 0.8365 0.8019
30 0.8475 0.4747 0.8097 0.8224 0.7949
31 0.8636 0.4024 0.8268 0.8337 0.7956
32 0.8725 0.3796 0.8390 0.8264 0.7986
33 0.8861 0.3363 0.8521 0.8417 0.8159
34 0.8968 0.3049 0.8673 0.8477 0.8210
35 0.8977 0.2927 0.8678 0.8515 0.8263
36 0.8945 0.2988 0.8632 0.8495 0.8225
37 0.8941 0.3118 0.8633 0.8371 0.8119
38 0.8821 0.3475 0.8508 0.8475 0.8220
39 0.8726 0.3819 0.8409 0.8190 0.7804
40 0.8667 0.4119 0.8305 0.8386 0.8025
41 0.8822 0.3666 0.8506 0.8212 0.7918
42 0.8801 0.3532 0.8466 0.8399 0.8121
43 0.8870 0.3240 0.8546 0.8441 0.8111
44 0.9011 0.2805 0.8712 0.8545 0.8259
45 0.9024 0.2701 0.8736 0.8588 0.8315
46 0.9044 0.2658 0.8765 0.8548 0.8270
47 0.9063 0.2766 0.8762 0.8526 0.8259
48 0.8962 0.3066 0.8643 0.8337 0.8030
49 0.8802 0.3563 0.8470 0.8178 0.7912
50 0.8766 0.3644 0.8444 0.8267 0.7914
51 0.8820 0.3562 0.8502 0.8459 0.8194
52 0.8904 0.3089 0.8599 0.8426 0.8178
53 0.9029 0.2686 0.8721 0.8525 0.8251
54 0.9065 0.2607 0.8776 0.8568 0.8295
55 0.9062 0.2572 0.8769 0.8551 0.8286
56 0.9069 0.2564 0.8808 0.8560 0.8303
57 0.9111 0.2461 0.8839 0.8545 0.8240
58 0.9022 0.2793 0.8734 0.8518 0.8224
59 0.8937 0.3074 0.8622 0.8406 0.8081
60 0.8817 0.3676 0.8510 0.8243 0.7980
61 0.8843 0.3385 0.8532 0.8332 0.8008
62 0.8919 0.3215 0.8612 0.8496 0.8213
63 0.9040 0.2731 0.8771 0.8540 0.8287
64 0.9121 0.2462 0.8849 0.8574 0.8310
65 0.9104 0.2405 0.8813 0.8566 0.8310
66 0.9111 0.2429 0.8848 0.8595 0.8341
67 0.9104 0.2494 0.8830 0.8581 0.8327
68 0.9109 0.2552 0.8806 0.8540 0.8289
69 0.8964 0.3022 0.8662 0.8407 0.8109
70 0.8815 0.3587 0.8487 0.8290 0.7917
71 0.8909 0.3361 0.8613 0.8447 0.8154
72 0.9003 0.2912 0.8715 0.8485 0.8184
73 0.9042 0.2574 0.8751 0.8554 0.8277
74 0.9108 0.2444 0.8847 0.8569 0.8300
75 0.9160 0.2257 0.8902 0.8609 0.8334
76 0.9166 0.2230 0.8896 0.8594 0.8321
77 0.9169 0.2295 0.8903 0.8528 0.8269
78 0.9065 0.2520 0.8794 0.8597 0.8327
79 0.9025 0.2705 0.8745 0.8536 0.8255
80 0.8933 0.3208 0.8645 0.8421 0.8140
81 0.8897 0.3157 0.8561 0.8399 0.8146
82 0.9057 0.2740 0.8774 0.8527 0.8270
83 0.9117 0.2456 0.8849 0.8533 0.8256
84 0.9191 0.2257 0.8928 0.8595 0.8350
85 0.9144 0.2239 0.8889 0.8580 0.8338
86 0.9194 0.2105 0.8950 0.8579 0.8294
87 0.9163 0.2271 0.8920 0.8586 0.8319
88 0.9108 0.2472 0.8826 0.8547 0.8282
89 0.9077 0.2612 0.8819 0.8163 0.7809
90 0.8971 0.3011 0.8675 0.8493 0.8186
91 0.9015 0.2804 0.8733 0.8478 0.8189
92 0.9106 0.2485 0.8838 0.8602 0.8332
93 0.9162 0.2320 0.8902 0.8623 0.8354
94 0.9193 0.2135 0.8962 0.8596 0.8325
95 0.9235 0.2066 0.8990 0.8602 0.8350
96 0.9192 0.2100 0.8952 0.8623 0.8388
97 0.9180 0.2148 0.8924 0.8636 0.8360
98 0.9212 0.2120 0.8964 0.8534 0.8230
99 0.9001 0.3005 0.8712 0.8430 0.8136
100 0.9078 0.2572 0.8809 0.8523 0.8265
101 0.9165 0.2273 0.8907 0.8558 0.8320
102 0.9163 0.2204 0.8905 0.8594 0.8336
103 0.9221 0.2042 0.8976 0.8556 0.8274
104 0.9267 0.1932 0.9027 0.8647 0.8375
105 0.9300 0.1832 0.9071 0.8645 0.8367
106 0.9271 0.1935 0.9032 0.8640 0.8368
107 0.9308 0.1795 0.9095 0.8671 0.8401
108 0.9249 0.1965 0.9003 0.8599 0.8334
109 0.9223 0.2026 0.8990 0.8605 0.8329
110 0.9220 0.2054 0.8984 0.8550 0.8274
111 0.9225 0.2032 0.8993 0.8572 0.8319
112 0.9268 0.1953 0.9062 0.8586 0.8334
113 0.9276 0.1889 0.9057 0.8614 0.8367
114 0.9298 0.1807 0.9068 0.8651 0.8388
115 0.9296 0.1842 0.9078 0.8628 0.8354
116 0.9300 0.1747 0.9094 0.8616 0.8352
117 0.9336 0.1706 0.9135 0.8582 0.8342
118 0.9272 0.1829 0.9050 0.8575 0.8321
119 0.9247 0.1956 0.9004 0.8598 0.8340
120 0.9222 0.2117 0.8972 0.8559 0.8281
121 0.9239 0.2033 0.9001 0.8588 0.8320
122 0.9272 0.1925 0.9025 0.8549 0.8314
123 0.9258 0.1854 0.9045 0.8612 0.8363
124 0.9324 0.1720 0.9112 0.8604 0.8360
125 0.9332 0.1697 0.9139 0.8653 0.8418
126 0.9309 0.1754 0.9097 0.8626 0.8388
127 0.9341 0.1689 0.9145 0.8599 0.8345
128 0.9302 0.1786 0.9086 0.8595 0.8328
129 0.9277 0.1820 0.9048 0.8583 0.8299
130 0.9247 0.1989 0.9019 0.8549 0.8279
131 0.9259 0.1929 0.9014 0.8598 0.8361
132 0.9309 0.1833 0.9094 0.8565 0.8330
133 0.9320 0.1764 0.9110 0.8549 0.8307
134 0.9344 0.1647 0.9124 0.8632 0.8390
135 0.9318 0.1659 0.9109 0.8622 0.8381
136 0.9346 0.1630 0.9147 0.8584 0.8344
137 0.9359 0.1634 0.9166 0.8637 0.8378
138 0.9347 0.1707 0.9125 0.8548 0.8301
139 0.9273 0.1893 0.9058 0.8602 0.8376
140 0.9296 0.1800 0.9083 0.8554 0.8302
141 0.9270 0.1893 0.9046 0.8472 0.8231
142 0.9310 0.1799 0.9114 0.8603 0.8380
143 0.9341 0.1671 0.9131 0.8603 0.8355
144 0.9359 0.1604 0.9155 0.8626 0.8386
145 0.9397 0.1531 0.9204 0.8635 0.8399
146 0.9403 0.1567 0.9215 0.8631 0.8395
147 0.9359 0.1624 0.9169 0.8646 0.8426
148 0.9370 0.1599 0.9171 0.8629 0.8397
149 0.9350 0.1756 0.9140 0.8469 0.8193
150 0.9255 0.2039 0.9024 0.8632 0.8357
151 0.9286 0.1847 0.9072 0.8608 0.8361
152 0.9321 0.1784 0.9098 0.8558 0.8318
153 0.9330 0.1702 0.9109 0.8619 0.8376
154 0.9346 0.1683 0.9141 0.8600 0.8353
155 0.9350 0.1582 0.9151 0.8605 0.8359
156 0.9367 0.1607 0.9178 0.8630 0.8374
157 0.9359 0.1564 0.9162 0.8626 0.8379
158 0.9334 0.1705 0.9136 0.8576 0.8338
159 0.9328 0.1718 0.9126 0.8571 0.8279
160 0.9382 0.1592 0.9185 0.8635 0.8386
161 0.9414 0.1508 0.9250 0.8602 0.8337
162 0.9394 0.1554 0.9199 0.8577 0.8341
163 0.9410 0.1492 0.9239 0.8587 0.8344
164 0.9414 0.1534 0.9222 0.8596 0.8361
165 0.9399 0.1475 0.9225 0.8604 0.8365
166 0.9410 0.1460 0.9236 0.8572 0.8334
167 0.9371 0.1518 0.9159 0.8630 0.8394
168 0.9369 0.1489 0.9187 0.8594 0.8332
169 0.9415 0.1441 0.9240 0.8585 0.8325
170 0.9414 0.1476 0.9236 0.8574 0.8328
171 0.9439 0.1379 0.9269 0.8630 0.8374
172 0.9399 0.1477 0.9223 0.8594 0.8354
173 0.9416 0.1469 0.9232 0.8602 0.8365
174 0.9421 0.1423 0.9239 0.8603 0.8364
175 0.9437 0.1437 0.9258 0.8594 0.8349
176 0.9438 0.1359 0.9269 0.8610 0.8375
177 0.9372 0.1492 0.9195 0.8595 0.8349
178 0.9448 0.1391 0.9270 0.8569 0.8334
179 0.9447 0.1408 0.9280 0.8569 0.8306
180 0.9408 0.1440 0.9219 0.8572 0.8323
181 0.9434 0.1435 0.9261 0.8627 0.8378
182 0.9437 0.1422 0.9252 0.8611 0.8370
183 0.9429 0.1384 0.9247 0.8634 0.8391
184 0.9434 0.1401 0.9263 0.8621 0.8366
185 0.9461 0.1336 0.9281 0.8622 0.8374
186 0.9425 0.1406 0.9247 0.8636 0.8385
187 0.9413 0.1458 0.9221 0.8618 0.8365
188 0.9413 0.1435 0.9237 0.8642 0.8402
189 0.9432 0.1369 0.9269 0.8651 0.8393
190 0.9427 0.1413 0.9258 0.8619 0.8361
191 0.9466 0.1349 0.9304 0.8611 0.8389
192 0.9411 0.1432 0.9217 0.8608 0.8374
193 0.9445 0.1375 0.9257 0.8620 0.8390
194 0.9422 0.1400 0.9247 0.8623 0.8384
195 0.9439 0.1347 0.9267 0.8632 0.8389
196 0.9452 0.1359 0.9283 0.8635 0.8396
197 0.9401 0.1469 0.9212 0.8594 0.8354
198 0.9431 0.1368 0.9257 0.8598 0.8344
199 0.9472 0.1323 0.9315 0.8584 0.8335
