epoch train_iou train_loss train_mAP val_iou val_loss val_mAP
0 0.6356 1.1166 0.5684 0.7109 0.8631 0.6311
1 0.7372 0.8176 0.6768 0.7528 0.7502 0.6900
2 0.7643 0.7293 0.7078 0.7743 0.6750 0.7248
3 0.7772 0.6780 0.7229 0.7854 0.6668 0.7383
4 0.8038 0.5955 0.7519 0.7984 0.5825 0.7535
5 0.8109 0.5643 0.7614 0.7998 0.5772 0.7550
6 0.8074 0.5755 0.7562 0.7853 0.6263 0.7225
7 0.8037 0.5912 0.7555 0.8003 0.6222 0.7571
8 0.8096 0.5728 0.7600 0.7935 0.6461 0.7489
9 0.7982 0.6203 0.7480 0.7989 0.6167 0.7528
10 0.8057 0.5945 0.7577 0.7891 0.6012 0.7427
11 0.8173 0.5557 0.7719 0.8068 0.5660 0.7486
12 0.8326 0.4982 0.7862 0.8323 0.5230 0.7865
13 0.8411 0.4503 0.7977 0.8198 0.5287 0.7815
14 0.8480 0.4229 0.8033 0.8291 0.5241 0.7870
15 0.8561 0.3989 0.8109 0.8316 0.5018 0.7875
16 0.8568 0.3943 0.8119 0.8277 0.5194 0.7776
17 0.8574 0.4032 0.8141 0.8255 0.5295 0.7850
18 0.8473 0.4312 0.8025 0.8251 0.5573 0.7873
19 0.8334 0.4844 0.7875 0.8210 0.5292 0.7700
20 0.8351 0.4812 0.7891 0.8131 0.5520 0.7642
21 0.8450 0.4483 0.8013 0.8144 0.5539 0.7661
22 0.8571 0.4064 0.8141 0.8334 0.5393 0.7912
23 0.8633 0.3744 0.8202 0.8289 0.5270 0.7826
24 0.8703 0.3395 0.8262 0.8398 0.5586 0.7982
25 0.8756 0.3236 0.8343 0.8374 0.5403 0.7958
26 0.8729 0.3253 0.8299 0.8298 0.6098 0.7865
27 0.8690 0.3405 0.8246 0.8394 0.5485 0.7969
28 0.8683 0.3525 0.8250 0.8257 0.5745 0.7778
29 0.8704 0.3594 0.8270 0.8215 0.5506 0.7643
30 0.8611 0.3859 0.8178 0.8186 0.6990 0.7709
31 0.8585 0.3992 0.8165 0.8193 0.5751 0.7805
32 0.8643 0.3639 0.8220 0.8394 0.5775 0.8010
33 0.8695 0.3316 0.8267 0.8414 0.5689 0.7996
34 0.8765 0.3096 0.8359 0.8426 0.5384 0.7983
35 0.8838 0.2833 0.8430 0.8428 0.5468 0.8010
36 0.8815 0.2948 0.8394 0.8422 0.5667 0.8028
37 0.8845 0.2932 0.8445 0.8413 0.5448 0.7953
38 0.8802 0.3203 0.8382 0.8342 0.5038 0.7858
39 0.8789 0.3152 0.8366 0.8324 0.5214 0.7831
40 0.8662 0.3686 0.8219 0.8130 0.5842 0.7685
41 0.8665 0.3700 0.8212 0.8216 0.6036 0.7774
42 0.8808 0.3032 0.8404 0.8294 0.5397 0.7849
43 0.8838 0.2944 0.8448 0.8225 0.6108 0.7823
44 0.8858 0.2673 0.8427 0.8360 0.5972 0.7951
45 0.8892 0.2605 0.8489 0.8393 0.5973 0.7981
46 0.8887 0.2644 0.8464 0.8368 0.5935 0.7933
47 0.8919 0.2626 0.8510 0.8312 0.5983 0.7889
48 0.8874 0.2844 0.8474 0.8447 0.5084 0.8053
49 0.8867 0.2714 0.8447 0.8431 0.5622 0.8031
50 0.8812 0.3085 0.8396 0.8268 0.6095 0.7823
51 0.8759 0.3227 0.8330 0.8417 0.6093 0.7988
52 0.8845 0.2829 0.8431 0.8212 0.6402 0.7748
53 0.8941 0.2530 0.8539 0.8369 0.5955 0.7999
54 0.8959 0.2360 0.8537 0.8498 0.5783 0.8105
55 0.9022 0.2286 0.8638 0.8476 0.5604 0.8076
56 0.8970 0.2268 0.8568 0.8401 0.6223 0.7959
57 0.8940 0.2476 0.8543 0.8405 0.5811 0.7953
58 0.8938 0.2575 0.8546 0.8473 0.5626 0.8067
59 0.8913 0.2692 0.8495 0.8376 0.6418 0.7942
60 0.8831 0.2868 0.8406 0.8344 0.8368 0.7959
61 0.8905 0.2676 0.8509 0.8346 0.5584 0.7899
62 0.8883 0.2643 0.8468 0.8436 0.6181 0.8020
63 0.8939 0.2484 0.8546 0.8524 0.5427 0.8142
64 0.9012 0.2169 0.8630 0.8542 0.5895 0.8185
65 0.9053 0.2105 0.8677 0.8527 0.5820 0.8166
66 0.9003 0.2158 0.8604 0.8492 0.6021 0.8108
67 0.9058 0.2109 0.8678 0.8503 0.5738 0.8097
68 0.8986 0.2249 0.8594 0.8493 0.6137 0.8078
69 0.8905 0.2540 0.8511 0.8254 0.6079 0.7767
70 0.8863 0.2832 0.8458 0.8271 0.5339 0.7859
71 0.8935 0.2652 0.8534 0.8470 0.6102 0.8085
72 0.8944 0.2464 0.8545 0.8435 0.5105 0.7976
73 0.9008 0.2310 0.8598 0.8404 0.5877 0.8024
74 0.9045 0.2092 0.8662 0.8454 0.5952 0.8071
75 0.9089 0.1934 0.8707 0.8467 0.5689 0.8087
76 0.9095 0.1944 0.8727 0.8488 0.5904 0.8115
77 0.9069 0.2006 0.8665 0.8528 0.5699 0.8107
78 0.8996 0.2230 0.8619 0.8485 0.5865 0.8113
79 0.8922 0.2565 0.8512 0.8475 0.6170 0.8117
80 0.8858 0.2825 0.8422 0.8182 0.5707 0.7641
81 0.8821 0.2974 0.8421 0.8444 0.6040 0.8010
82 0.8973 0.2438 0.8598 0.8465 0.6031 0.8096
83 0.9002 0.2204 0.8624 0.8445 0.5466 0.8041
84 0.9070 0.1958 0.8694 0.8465 0.5525 0.8044
85 0.9038 0.1977 0.8666 0.8500 0.5504 0.8094
86 0.9061 0.1995 0.8686 0.8469 0.5462 0.8073
87 0.9043 0.1996 0.8657 0.8545 0.6120 0.8167
88 0.9039 0.2021 0.8649 0.8474 0.5863 0.8071
89 0.8984 0.2254 0.8598 0.8507 0.6024 0.8160
90 0.8996 0.2438 0.8600 0.8320 0.5131 0.7844
91 0.9051 0.2203 0.8670 0.8440 0.5533 0.8037
92 0.9049 0.2117 0.8666 0.8485 0.5759 0.8037
93 0.9034 0.2042 0.8647 0.8570 0.4929 0.8180
94 0.9090 0.1859 0.8702 0.8506 0.5368 0.8113
95 0.9093 0.1866 0.8732 0.8520 0.5330 0.8129
96 0.9150 0.1786 0.8790 0.8501 0.5375 0.8123
97 0.9049 0.1949 0.8649 0.8531 0.5472 0.8126
98 0.9074 0.1932 0.8691 0.8480 0.6052 0.8075
99 0.9045 0.1986 0.8657 0.8445 0.6434 0.8072
100 0.9033 0.2018 0.8641 0.8487 0.5361 0.8035
101 0.9092 0.1824 0.8737 0.8513 0.5589 0.8112
102 0.9148 0.1705 0.8778 0.8578 0.5917 0.8184
103 0.9136 0.1734 0.8782 0.8535 0.5646 0.8094
104 0.9135 0.1696 0.8762 0.8525 0.5775 0.8142
105 0.9158 0.1666 0.8809 0.8568 0.5692 0.8177
106 0.9155 0.1650 0.8817 0.8551 0.5657 0.8147
107 0.9165 0.1638 0.8813 0.8551 0.5870 0.8162
108 0.9146 0.1631 0.8781 0.8543 0.5899 0.8118
109 0.9123 0.1717 0.8764 0.8538 0.5988 0.8156
110 0.9087 0.1853 0.8709 0.8522 0.5709 0.8144
111 0.9126 0.1757 0.8738 0.8513 0.5826 0.8126
112 0.9119 0.1736 0.8750 0.8548 0.5739 0.8167
113 0.9173 0.1612 0.8819 0.8521 0.6166 0.8138
114 0.9107 0.1670 0.8747 0.8532 0.5943 0.8153
115 0.9158 0.1583 0.8812 0.8559 0.5758 0.8180
116 0.9144 0.1606 0.8771 0.8520 0.5851 0.8132
117 0.9166 0.1538 0.8805 0.8474 0.6272 0.8064
118 0.9156 0.1592 0.8792 0.8505 0.5970 0.8100
119 0.9134 0.1677 0.8767 0.8551 0.6521 0.8189
120 0.9092 0.1821 0.8715 0.8427 0.6938 0.7999
121 0.9103 0.1748 0.8742 0.8599 0.6983 0.8210
122 0.9190 0.1558 0.8831 0.8574 0.7008 0.8172
123 0.9167 0.1593 0.8808 0.8517 0.7674 0.8120
124 0.9193 0.1548 0.8830 0.8550 0.7009 0.8137
125 0.9212 0.1467 0.8869 0.8546 0.7005 0.8141
126 0.9191 0.1495 0.8841 0.8558 0.7056 0.8144
127 0.9159 0.1532 0.8791 0.8543 0.7489 0.8154
128 0.9211 0.1488 0.8860 0.8511 0.6997 0.8093
129 0.9170 0.1582 0.8817 0.8489 0.7119 0.8111
130 0.9098 0.1869 0.8711 0.8394 0.5609 0.7934
131 0.9108 0.1738 0.8747 0.8502 0.6329 0.8137
132 0.9151 0.1628 0.8787 0.8481 0.6381 0.8061
133 0.9170 0.1578 0.8815 0.8503 0.6649 0.8077
134 0.9178 0.1506 0.8832 0.8492 0.6524 0.8102
135 0.9196 0.1494 0.8842 0.8493 0.6658 0.8089
136 0.9169 0.1529 0.8824 0.8539 0.6005 0.8126
137 0.9187 0.1439 0.8828 0.8512 0.6876 0.8097
138 0.9179 0.1511 0.8841 0.8469 0.6397 0.8071
139 0.9157 0.1596 0.8777 0.8469 0.6505 0.8058
140 0.9184 0.1620 0.8814 0.8540 0.6120 0.8144
141 0.9192 0.1564 0.8839 0.8503 0.7159 0.8082
142 0.9168 0.1519 0.8811 0.8567 0.6966 0.8171
143 0.9179 0.1472 0.8826 0.8583 0.6818 0.8172
144 0.9209 0.1440 0.8862 0.8548 0.6905 0.8144
145 0.9229 0.1406 0.8891 0.8601 0.6708 0.8201
146 0.9192 0.1438 0.8842 0.8547 0.7292 0.8161
147 0.9199 0.1520 0.8866 0.8557 0.7079 0.8172
148 0.9178 0.1497 0.8824 0.8487 0.7147 0.8072
149 0.9177 0.1563 0.8800 0.8466 0.6862 0.8048
150 0.9188 0.1563 0.8835 0.8529 0.6766 0.8123
151 0.9198 0.1487 0.8836 0.8509 0.7306 0.8143
152 0.9171 0.1509 0.8822 0.8398 0.7902 0.8006
153 0.9177 0.1539 0.8835 0.8484 0.7396 0.8084
154 0.9192 0.1394 0.8840 0.8479 0.7585 0.8088
155 0.9215 0.1407 0.8867 0.8503 0.7561 0.8113
156 0.9165 0.1438 0.8793 0.8450 0.7495 0.8067
157 0.9188 0.1506 0.8837 0.8508 0.6709 0.8095
158 0.9171 0.1475 0.8817 0.8455 0.6720 0.8013
159 0.9188 0.1474 0.8834 0.8503 0.7189 0.8106
160 0.9201 0.1419 0.8865 0.8491 0.7214 0.8105
161 0.9224 0.1332 0.8868 0.8537 0.6945 0.8144
162 0.9219 0.1319 0.8861 0.8491 0.7465 0.8103
163 0.9227 0.1321 0.8892 0.8519 0.7296 0.8120
164 0.9232 0.1294 0.8883 0.8525 0.7208 0.8130
165 0.9209 0.1315 0.8864 0.8511 0.7164 0.8124
166 0.9232 0.1303 0.8898 0.8508 0.7331 0.8125
167 0.9204 0.1360 0.8865 0.8541 0.7380 0.8156
168 0.9234 0.1285 0.8901 0.8532 0.7349 0.8154
169 0.9222 0.1304 0.8868 0.8539 0.7135 0.8160
170 0.9192 0.1367 0.8832 0.8464 0.6870 0.8061
171 0.9224 0.1319 0.8886 0.8450 0.6858 0.8043
172 0.9229 0.1299 0.8883 0.8525 0.6959 0.8149
173 0.9255 0.1222 0.8916 0.8504 0.7028 0.8117
174 0.9226 0.1292 0.8867 0.8516 0.7039 0.8141
175 0.9240 0.1305 0.8881 0.8505 0.6904 0.8115
176 0.9248 0.1250 0.8899 0.8519 0.6959 0.8133
177 0.9233 0.1278 0.8909 0.8520 0.7099 0.8130
178 0.9213 0.1286 0.8870 0.8538 0.7238 0.8148
179 0.9203 0.1317 0.8842 0.8497 0.7258 0.8106
180 0.9231 0.1303 0.8890 0.8510 0.7370 0.8135
181 0.9236 0.1271 0.8887 0.8493 0.7178 0.8107
182 0.9203 0.1332 0.8853 0.8485 0.7452 0.8103
183 0.9272 0.1245 0.8937 0.8489 0.7464 0.8108
184 0.9262 0.1217 0.8939 0.8488 0.7508 0.8081
185 0.9240 0.1249 0.8900 0.8489 0.7418 0.8094
186 0.9232 0.1258 0.8898 0.8496 0.7452 0.8099
187 0.9213 0.1298 0.8865 0.8497 0.7457 0.8101
188 0.9254 0.1261 0.8922 0.8489 0.7553 0.8108
189 0.9240 0.1268 0.8890 0.8486 0.7414 0.8082
190 0.9246 0.1232 0.8900 0.8506 0.7722 0.8126
191 0.9208 0.1282 0.8852 0.8536 0.7443 0.8149
192 0.9252 0.1243 0.8917 0.8468 0.7774 0.8052
193 0.9229 0.1256 0.8880 0.8492 0.7637 0.8096
194 0.9228 0.1269 0.8894 0.8499 0.7570 0.8108
195 0.9273 0.1227 0.8962 0.8507 0.7593 0.8117
196 0.9228 0.1248 0.8877 0.8501 0.7605 0.8114
197 0.9236 0.1220 0.8884 0.8508 0.7940 0.8115
198 0.9250 0.1229 0.8909 0.8538 0.7723 0.8154
199 0.9224 0.1230 0.8866 0.8485 0.7934 0.8087
