epoch train_iou train_loss train_mAP val_iou val_loss val_mAP
0 0.5896 1.2332 0.5195 0.6756 0.9801 0.6168
1 0.7056 0.9199 0.6391 0.7224 0.8761 0.6554
2 0.7433 0.8110 0.6816 0.7242 0.8477 0.6487
3 0.7709 0.7133 0.7155 0.7784 0.6777 0.7292
4 0.7828 0.6612 0.7296 0.7869 0.6446 0.7385
5 0.7949 0.6277 0.7413 0.7937 0.6281 0.7489
6 0.7917 0.6387 0.7384 0.8016 0.6112 0.7588
7 0.7910 0.6422 0.7377 0.7814 0.6751 0.7266
8 0.7834 0.6587 0.7324 0.7922 0.6060 0.7483
9 0.7846 0.6493 0.7341 0.7876 0.6362 0.7370
10 0.7902 0.6399 0.7382 0.7896 0.6246 0.7367
11 0.8026 0.6059 0.7568 0.8085 0.5402 0.7692
12 0.8096 0.5670 0.7648 0.8246 0.5218 0.7839
13 0.8242 0.5142 0.7791 0.8283 0.5214 0.7947
14 0.8430 0.4619 0.7978 0.8305 0.5072 0.7904
15 0.8395 0.4664 0.7909 0.8309 0.5019 0.7904
16 0.8437 0.4548 0.7970 0.8277 0.5158 0.7871
17 0.8372 0.4710 0.7896 0.8293 0.5312 0.7940
18 0.8210 0.5191 0.7733 0.8271 0.5243 0.7911
19 0.8221 0.5382 0.7745 0.8050 0.5686 0.7590
20 0.8197 0.5604 0.7744 0.7983 0.6225 0.7606
21 0.8219 0.5437 0.7772 0.7894 0.6383 0.7484
22 0.8276 0.5226 0.7810 0.8254 0.5491 0.7983
23 0.8431 0.4551 0.7984 0.8261 0.5044 0.7853
24 0.8430 0.4433 0.7998 0.8387 0.4893 0.8056
25 0.8525 0.4121 0.8095 0.8413 0.4737 0.8069
26 0.8476 0.4269 0.8033 0.8449 0.4826 0.8101
27 0.8513 0.4188 0.8075 0.8462 0.4786 0.8155
28 0.8451 0.4495 0.8005 0.8341 0.5292 0.7976
29 0.8370 0.4811 0.7949 0.8318 0.5101 0.7988
30 0.8286 0.5008 0.7846 0.8046 0.6667 0.7555
31 0.8415 0.4698 0.7971 0.8212 0.5815 0.7899
32 0.8431 0.4384 0.7980 0.8384 0.5229 0.8041
33 0.8575 0.3954 0.8162 0.8372 0.5468 0.7998
34 0.8644 0.3686 0.8201 0.8398 0.5013 0.8041
35 0.8697 0.3544 0.8253 0.8402 0.5063 0.8031
36 0.8672 0.3631 0.8238 0.8482 0.4889 0.8119
37 0.8661 0.3638 0.8229 0.8462 0.4915 0.8106
38 0.8653 0.3667 0.8206 0.8352 0.5991 0.7971
39 0.8556 0.4170 0.8114 0.8177 0.8149 0.7755
40 0.8406 0.4645 0.7962 0.8131 0.5743 0.7802
41 0.8438 0.4576 0.8035 0.8147 0.5666 0.7716
42 0.8507 0.4194 0.8071 0.8017 0.6414 0.7630
43 0.8607 0.3800 0.8186 0.8316 0.5496 0.7989
44 0.8703 0.3581 0.8281 0.8398 0.4780 0.8011
45 0.8658 0.3469 0.8219 0.8387 0.4858 0.8034
46 0.8667 0.3605 0.8242 0.8456 0.4928 0.8125
47 0.8653 0.3607 0.8217 0.8312 0.6111 0.7918
48 0.8595 0.3876 0.8167 0.8375 0.4886 0.8034
49 0.8588 0.4001 0.8146 0.8397 0.5149 0.8032
50 0.8545 0.4117 0.8098 0.8216 0.6144 0.7812
51 0.8584 0.3916 0.8150 0.8318 0.5758 0.8014
52 0.8617 0.3796 0.8172 0.8422 0.5198 0.8093
53 0.8698 0.3416 0.8299 0.8413 0.5522 0.8020
54 0.8789 0.3167 0.8383 0.8541 0.5009 0.8194
55 0.8877 0.2955 0.8471 0.8471 0.5117 0.8135
56 0.8809 0.3044 0.8378 0.8459 0.5321 0.8105
57 0.8801 0.3065 0.8379 0.8463 0.5418 0.8137
58 0.8757 0.3283 0.8337 0.8358 0.5391 0.8001
59 0.8737 0.3465 0.8305 0.8449 0.4988 0.8091
60 0.8611 0.3959 0.8178 0.7834 0.6302 0.7299
61 0.8507 0.4208 0.8090 0.8297 0.5418 0.7950
62 0.8685 0.3531 0.8258 0.8355 0.5274 0.7965
63 0.8779 0.3191 0.8368 0.8361 0.5789 0.8006
64 0.8814 0.2975 0.8391 0.8461 0.5421 0.8115
65 0.8863 0.2797 0.8441 0.8445 0.5368 0.8096
66 0.8864 0.2836 0.8453 0.8349 0.5856 0.8031
67 0.8853 0.2970 0.8440 0.8422 0.5773 0.8069
68 0.8781 0.3179 0.8349 0.8324 0.5682 0.7941
69 0.8703 0.3483 0.8272 0.8173 0.6580 0.7852
70 0.8570 0.4063 0.8152 0.8257 0.5551 0.7913
71 0.8660 0.3641 0.8222 0.8251 0.5513 0.7841
72 0.8810 0.3170 0.8388 0.8513 0.4741 0.8171
73 0.8821 0.3103 0.8391 0.8427 0.5198 0.8046
74 0.8896 0.2843 0.8483 0.8504 0.4814 0.8145
75 0.8919 0.2664 0.8510 0.8536 0.4741 0.8179
76 0.8894 0.2710 0.8491 0.8558 0.4905 0.8239
77 0.8868 0.2758 0.8457 0.8521 0.5246 0.8180
78 0.8870 0.2770 0.8454 0.8472 0.5482 0.8120
79 0.8746 0.3262 0.8330 0.8398 0.5787 0.8038
80 0.8743 0.3399 0.8323 0.8267 0.6095 0.7929
81 0.8611 0.3816 0.8181 0.8097 0.6071 0.7615
82 0.8831 0.3058 0.8398 0.8436 0.5468 0.8070
83 0.8886 0.2835 0.8490 0.8470 0.5117 0.8117
84 0.8940 0.2554 0.8524 0.8507 0.5205 0.8153
85 0.8931 0.2490 0.8531 0.8474 0.5210 0.8115
86 0.8935 0.2443 0.8539 0.8501 0.5413 0.8139
87 0.8928 0.2520 0.8542 0.8448 0.6057 0.8103
88 0.8907 0.2732 0.8504 0.8422 0.5957 0.8036
89 0.8827 0.3014 0.8398 0.8276 0.6041 0.7877
90 0.8756 0.3531 0.8357 0.8386 0.5029 0.8023
91 0.8689 0.3532 0.8261 0.8110 0.6204 0.7689
92 0.8765 0.3390 0.8351 0.8391 0.5005 0.7984
93 0.8852 0.2884 0.8425 0.8500 0.4947 0.8133
94 0.8938 0.2537 0.8556 0.8565 0.4818 0.8216
95 0.8947 0.2471 0.8525 0.8597 0.4844 0.8272
96 0.8985 0.2413 0.8588 0.8587 0.4909 0.8230
97 0.8969 0.2369 0.8566 0.8563 0.5510 0.8245
98 0.8976 0.2472 0.8600 0.8485 0.5023 0.8132
99 0.8789 0.2994 0.8390 0.8315 0.5368 0.7993
100 0.8871 0.2854 0.8473 0.8430 0.5345 0.8016
101 0.8966 0.2512 0.8569 0.8425 0.5470 0.8059
102 0.8914 0.2566 0.8517 0.8521 0.5088 0.8203
103 0.9000 0.2267 0.8605 0.8476 0.5515 0.8133
104 0.9007 0.2232 0.8635 0.8494 0.5444 0.8156
105 0.8998 0.2271 0.8588 0.8487 0.5415 0.8153
106 0.8988 0.2262 0.8608 0.8512 0.5345 0.8160
107 0.9044 0.2191 0.8668 0.8555 0.5068 0.8200
108 0.9043 0.2139 0.8677 0.8554 0.5604 0.8252
109 0.9041 0.2241 0.8647 0.8606 0.6064 0.8287
110 0.9003 0.2338 0.8615 0.8514 0.6277 0.8215
111 0.8960 0.2351 0.8556 0.8523 0.5970 0.8214
112 0.9014 0.2218 0.8631 0.8526 0.5891 0.8207
113 0.9044 0.2171 0.8658 0.8620 0.5662 0.8303
114 0.9071 0.2032 0.8691 0.8593 0.5499 0.8244
115 0.9035 0.2067 0.8645 0.8605 0.5541 0.8254
116 0.9064 0.2079 0.8662 0.8576 0.5570 0.8236
117 0.9056 0.2063 0.8674 0.8579 0.5801 0.8250
118 0.9071 0.2010 0.8687 0.8553 0.5980 0.8220
119 0.9032 0.2188 0.8646 0.8530 0.5849 0.8179
120 0.8977 0.2243 0.8591 0.8533 0.5215 0.8171
121 0.9023 0.2229 0.8640 0.8527 0.5483 0.8221
122 0.9026 0.2147 0.8648 0.8545 0.5490 0.8213
123 0.9074 0.2052 0.8697 0.8529 0.5332 0.8191
124 0.9049 0.1992 0.8649 0.8537 0.5531 0.8209
125 0.9082 0.1911 0.8699 0.8525 0.5482 0.8200
126 0.9073 0.1909 0.8684 0.8531 0.5781 0.8192
127 0.9093 0.1912 0.8719 0.8563 0.5835 0.8184
128 0.9066 0.1988 0.8670 0.8526 0.5956 0.8209
129 0.9039 0.2092 0.8637 0.8496 0.6079 0.8139
130 0.9008 0.2273 0.8592 0.8304 0.6580 0.7858
131 0.9001 0.2304 0.8618 0.8513 0.5829 0.8179
132 0.9037 0.2142 0.8670 0.8566 0.5634 0.8237
133 0.9048 0.2042 0.8657 0.8520 0.5946 0.8173
134 0.9072 0.1923 0.8694 0.8551 0.5805 0.8216
135 0.9070 0.1963 0.8694 0.8572 0.5738 0.8242
136 0.9099 0.1958 0.8717 0.8563 0.5704 0.8239
137 0.9075 0.1963 0.8712 0.8541 0.5850 0.8224
138 0.9064 0.1961 0.8687 0.8547 0.6381 0.8214
139 0.9034 0.2085 0.8649 0.8428 0.6798 0.8065
140 0.8994 0.2290 0.8592 0.8430 0.6117 0.8107
141 0.9038 0.2224 0.8652 0.8538 0.5928 0.8208
142 0.9086 0.2004 0.8708 0.8505 0.6141 0.8171
143 0.9045 0.2008 0.8669 0.8516 0.6819 0.8213
144 0.9034 0.1990 0.8641 0.8578 0.6122 0.8278
145 0.9178 0.1700 0.8824 0.8559 0.6142 0.8251
146 0.9118 0.1901 0.8766 0.8534 0.6107 0.8219
147 0.9097 0.1918 0.8729 0.8529 0.6338 0.8216
148 0.9079 0.1922 0.8693 0.8525 0.6295 0.8206
149 0.9091 0.1944 0.8718 0.8459 0.6673 0.8137
150 0.9041 0.2126 0.8666 0.8550 0.5832 0.8218
151 0.9056 0.2096 0.8677 0.8487 0.6790 0.8144
152 0.9042 0.2073 0.8682 0.8513 0.6164 0.8156
153 0.9106 0.1913 0.8727 0.8449 0.6410 0.8095
154 0.9148 0.1792 0.8775 0.8517 0.6162 0.8181
155 0.9125 0.1840 0.8768 0.8516 0.6024 0.8169
156 0.9090 0.1840 0.8718 0.8528 0.6196 0.8174
157 0.9096 0.1929 0.8718 0.8558 0.5971 0.8228
158 0.9072 0.1917 0.8683 0.8512 0.6746 0.8174
159 0.9067 0.2027 0.8681 0.8517 0.6070 0.8166
160 0.9070 0.1967 0.8687 0.8584 0.6022 0.8250
161 0.9130 0.1771 0.8746 0.8542 0.6125 0.8198
162 0.9165 0.1656 0.8795 0.8548 0.6303 0.8215
163 0.9139 0.1694 0.8778 0.8513 0.6372 0.8203
164 0.9156 0.1683 0.8806 0.8540 0.6352 0.8198
165 0.9129 0.1720 0.8761 0.8551 0.6256 0.8214
166 0.9124 0.1737 0.8754 0.8576 0.6272 0.8248
167 0.9155 0.1645 0.8795 0.8524 0.6350 0.8208
168 0.9122 0.1755 0.8765 0.8554 0.6325 0.8224
169 0.9151 0.1666 0.8785 0.8546 0.6450 0.8222
170 0.9116 0.1735 0.8741 0.8584 0.6316 0.8248
171 0.9146 0.1722 0.8771 0.8581 0.6178 0.8224
172 0.9169 0.1653 0.8798 0.8555 0.6337 0.8222
173 0.9130 0.1693 0.8750 0.8554 0.6463 0.8227
174 0.9178 0.1619 0.8821 0.8557 0.6441 0.8226
175 0.9147 0.1628 0.8789 0.8537 0.6541 0.8212
176 0.9143 0.1682 0.8779 0.8560 0.6570 0.8227
177 0.9161 0.1648 0.8807 0.8524 0.6507 0.8200
178 0.9155 0.1683 0.8806 0.8581 0.6608 0.8233
179 0.9164 0.1631 0.8795 0.8564 0.6571 0.8210
180 0.9150 0.1661 0.8794 0.8537 0.6738 0.8200
181 0.9158 0.1662 0.8804 0.8534 0.6766 0.8208
182 0.9122 0.1662 0.8759 0.8561 0.6899 0.8225
183 0.9168 0.1587 0.8793 0.8551 0.6847 0.8219
184 0.9182 0.1596 0.8833 0.8552 0.6827 0.8231
185 0.9151 0.1638 0.8798 0.8541 0.6673 0.8203
186 0.9125 0.1650 0.8777 0.8551 0.6933 0.8208
187 0.9176 0.1598 0.8816 0.8568 0.6672 0.8220
188 0.9172 0.1604 0.8810 0.8534 0.6943 0.8196
189 0.9150 0.1648 0.8780 0.8534 0.6695 0.8206
190 0.9142 0.1623 0.8776 0.8575 0.6577 0.8231
191 0.9145 0.1630 0.8794 0.8534 0.6853 0.8213
192 0.9184 0.1555 0.8829 0.8527 0.7025 0.8192
193 0.9184 0.1594 0.8843 0.8535 0.6876 0.8202
194 0.9168 0.1550 0.8807 0.8528 0.6822 0.8186
195 0.9186 0.1541 0.8821 0.8553 0.6816 0.8210
196 0.9185 0.1580 0.8848 0.8574 0.6883 0.8224
197 0.9175 0.1546 0.8820 0.8566 0.7009 0.8220
198 0.9149 0.1623 0.8780 0.8545 0.7073 0.8200
199 0.9181 0.1595 0.8838 0.8558 0.7098 0.8222
