epoch train_BCELoss train_SoftDiceLoss train_iou train_loss train_mAP val_BCELoss val_SoftDiceLoss val_iou val_loss val_mAP
0 0.4856 0.5918 0.3545 1.0768 0.2967 0.3737 0.6905 0.5298 1.0639 0.4428
1 0.2662 0.2532 0.6610 0.5196 0.5957 0.2321 0.5672 0.7015 0.7996 0.6424
2 0.2144 0.1956 0.7136 0.4105 0.6529 0.2218 0.5627 0.7310 0.7850 0.6760
3 0.1833 0.1711 0.7346 0.3550 0.6806 0.1790 0.5297 0.7596 0.7095 0.7078
4 0.1639 0.1524 0.7546 0.3171 0.7028 0.1918 0.5302 0.7615 0.7229 0.7044
5 0.1604 0.1416 0.7691 0.3028 0.7200 0.2058 0.5326 0.7745 0.7392 0.7268
6 0.1245 0.1113 0.7995 0.2368 0.7559 0.1832 0.5242 0.7817 0.7083 0.7374
7 0.1199 0.1069 0.8111 0.2279 0.7692 0.1953 0.5092 0.8020 0.7054 0.7577
8 0.0853 0.0804 0.8403 0.1668 0.8033 0.1812 0.5027 0.8112 0.6850 0.7692
9 0.0658 0.0620 0.8559 0.1290 0.8214 0.1790 0.4980 0.8217 0.6782 0.7827
10 0.0594 0.0571 0.8632 0.1177 0.8295 0.1806 0.4951 0.8228 0.6770 0.7831
11 0.0621 0.0571 0.8586 0.1205 0.8256 0.1828 0.4955 0.8243 0.6795 0.7847
12 0.0662 0.0603 0.8589 0.1278 0.8247 0.2106 0.4961 0.8153 0.7080 0.7745
13 0.0719 0.0662 0.8489 0.1394 0.8144 0.2155 0.4914 0.7955 0.7081 0.7487
14 0.1047 0.0926 0.8242 0.1985 0.7842 0.2683 0.5095 0.7918 0.7790 0.7472
15 0.1083 0.0958 0.8223 0.2053 0.7807 0.2117 0.5074 0.7697 0.7202 0.7250
16 0.1049 0.0890 0.8356 0.1952 0.8001 0.2170 0.5112 0.8105 0.7294 0.7637
17 0.0744 0.0685 0.8507 0.1443 0.8182 0.1957 0.5008 0.8201 0.6979 0.7827
18 0.0574 0.0528 0.8705 0.1117 0.8420 0.2303 0.5005 0.8184 0.7321 0.7751
19 0.0525 0.0474 0.8810 0.1014 0.8541 0.1832 0.4900 0.8267 0.6745 0.7905
20 0.0447 0.0420 0.8814 0.0883 0.8553 0.1832 0.4878 0.8281 0.6724 0.7911
21 0.0450 0.0422 0.8830 0.0887 0.8543 0.1864 0.4849 0.8270 0.6727 0.7873
22 0.0460 0.0427 0.8828 0.0902 0.8549 0.2084 0.4896 0.8196 0.6993 0.7792
23 0.0475 0.0432 0.8780 0.0922 0.8501 0.2218 0.4918 0.8287 0.7151 0.7900
24 0.0558 0.0504 0.8703 0.1077 0.8421 0.2937 0.5138 0.7736 0.8089 0.7311
25 0.1112 0.0963 0.8205 0.2088 0.7817 0.2517 0.5137 0.7861 0.7667 0.7427
26 0.0986 0.0859 0.8403 0.1858 0.8015 0.3004 0.5040 0.8052 0.8059 0.7678
27 0.0624 0.0551 0.8648 0.1189 0.8340 0.2180 0.4920 0.8200 0.7115 0.7846
28 0.0508 0.0467 0.8824 0.0991 0.8558 0.2148 0.5008 0.8240 0.7171 0.7894
29 0.0414 0.0395 0.8895 0.0826 0.8636 0.2075 0.4835 0.8375 0.6925 0.8012
30 0.0377 0.0362 0.8946 0.0756 0.8705 0.2090 0.4818 0.8372 0.6923 0.8022
31 0.0381 0.0357 0.8920 0.0755 0.8674 0.2200 0.4774 0.8365 0.6990 0.8016
32 0.0385 0.0357 0.8941 0.0759 0.8694 0.2401 0.4753 0.8409 0.7171 0.8060
33 0.0411 0.0377 0.8905 0.0805 0.8643 0.2623 0.4732 0.8262 0.7372 0.7862
34 0.0435 0.0392 0.8885 0.0843 0.8610 0.2286 0.4905 0.8114 0.7206 0.7690
35 0.0471 0.0420 0.8768 0.0906 0.8480 0.2775 0.5036 0.8170 0.7826 0.7756
36 0.0601 0.0539 0.8747 0.1156 0.8440 0.2693 0.4954 0.8235 0.7662 0.7847
37 0.0580 0.0488 0.8818 0.1085 0.8530 0.2229 0.4904 0.8277 0.7149 0.7897
38 0.0378 0.0355 0.8984 0.0751 0.8722 0.2532 0.4808 0.8340 0.7357 0.7989
39 0.0323 0.0305 0.9061 0.0646 0.8841 0.2403 0.4771 0.8383 0.7191 0.7998
40 0.0298 0.0296 0.9092 0.0612 0.8868 0.2415 0.4777 0.8396 0.7209 0.8032
41 0.0287 0.0273 0.9099 0.0578 0.8879 0.2533 0.4781 0.8410 0.7330 0.8069
42 0.0290 0.0273 0.9089 0.0580 0.8858 0.2504 0.4767 0.8330 0.7287 0.7975
43 0.0314 0.0301 0.9062 0.0633 0.8823 0.2647 0.4861 0.8374 0.7523 0.8010
44 0.0391 0.0368 0.8907 0.0776 0.8650 0.2419 0.4927 0.8093 0.7361 0.7702
45 0.0751 0.0632 0.8641 0.1397 0.8301 0.5371 0.5445 0.6987 1.0829 0.6536
46 0.0781 0.0686 0.8606 0.1482 0.8277 0.2464 0.5067 0.8091 0.7545 0.7655
47 0.0509 0.0455 0.8839 0.0981 0.8568 0.2213 0.4778 0.8331 0.7007 0.7976
48 0.0429 0.0387 0.8972 0.0835 0.8722 0.2413 0.4800 0.8341 0.7231 0.7984
49 0.0303 0.0291 0.9055 0.0613 0.8838 0.2506 0.4868 0.8385 0.7391 0.8056
50 0.0286 0.0277 0.9102 0.0582 0.8887 0.2396 0.4808 0.8384 0.7221 0.8063
51 0.0322 0.0304 0.9099 0.0645 0.8882 0.2240 0.4792 0.8412 0.7049 0.8076
52 0.0292 0.0285 0.9077 0.0596 0.8848 0.2675 0.4737 0.8399 0.7429 0.8056
53 0.0309 0.0291 0.9037 0.0618 0.8814 0.2618 0.4760 0.8346 0.7394 0.8014
54 0.0308 0.0294 0.9073 0.0620 0.8833 0.2710 0.4840 0.8187 0.7568 0.7802
55 0.0455 0.0403 0.8921 0.0874 0.8642 0.2739 0.5127 0.8067 0.7879 0.7631
56 0.0573 0.0498 0.8749 0.1087 0.8464 0.2780 0.4988 0.8160 0.7783 0.7787
57 0.0405 0.0376 0.8965 0.0798 0.8702 0.2734 0.4904 0.8235 0.7656 0.7876
58 0.0281 0.0275 0.9120 0.0575 0.8905 0.2865 0.4826 0.8327 0.7710 0.7992
59 0.0235 0.0232 0.9188 0.0486 0.8999 0.2819 0.4776 0.8376 0.7613 0.8041
60 0.0222 0.0218 0.9194 0.0461 0.9014 0.2902 0.4787 0.8345 0.7708 0.8014
61 0.0228 0.0224 0.9176 0.0472 0.9003 0.2978 0.4801 0.8313 0.7798 0.8007
62 0.0243 0.0233 0.9200 0.0496 0.9005 0.2688 0.4770 0.8353 0.7475 0.7989
63 0.0259 0.0254 0.9141 0.0532 0.8934 0.2887 0.4828 0.8380 0.7733 0.8059
64 0.0276 0.0267 0.9115 0.0562 0.8894 0.2825 0.4792 0.8355 0.7634 0.7996
65 0.0475 0.0408 0.8898 0.0901 0.8644 0.2513 0.4971 0.8114 0.7498 0.7730
66 0.0597 0.0517 0.8801 0.1130 0.8515 0.2468 0.4860 0.8154 0.7346 0.7781
67 0.0547 0.0466 0.8833 0.1030 0.8561 0.2557 0.4931 0.8137 0.7503 0.7813
68 0.0385 0.0352 0.9063 0.0756 0.8847 0.1803 0.4850 0.8300 0.6670 0.7952
69 0.0254 0.0245 0.9194 0.0520 0.9006 0.2652 0.4863 0.8313 0.7534 0.8007
70 0.0222 0.0227 0.9203 0.0469 0.9034 0.2651 0.4858 0.8320 0.7527 0.8017
71 0.0224 0.0221 0.9213 0.0466 0.9035 0.2713 0.4820 0.8300 0.7552 0.7988
72 0.0220 0.0218 0.9234 0.0458 0.9054 0.2795 0.4769 0.8346 0.7582 0.8030
73 0.0217 0.0210 0.9213 0.0447 0.9030 0.2879 0.4800 0.8320 0.7696 0.8028
74 0.0244 0.0238 0.9183 0.0502 0.8978 0.2821 0.4818 0.8270 0.7658 0.7946
75 0.0267 0.0256 0.9162 0.0542 0.8935 0.2745 0.4871 0.8231 0.7633 0.7889
76 0.0367 0.0339 0.9015 0.0725 0.8765 0.2956 0.4918 0.8072 0.7892 0.7667
77 0.0268 0.0260 0.9151 0.0547 0.8947 0.2870 0.4726 0.8301 0.7613 0.7940
78 0.0242 0.0240 0.9209 0.0503 0.9020 0.2780 0.4760 0.8229 0.7559 0.7874
79 0.0195 0.0199 0.9292 0.0416 0.9121 0.2958 0.4734 0.8338 0.7711 0.8005
80 0.0189 0.0193 0.9300 0.0404 0.9143 0.2967 0.4722 0.8316 0.7707 0.8000
81 0.0179 0.0179 0.9337 0.0380 0.9194 0.2890 0.4703 0.8387 0.7612 0.8084
82 0.0180 0.0178 0.9311 0.0379 0.9165 0.3159 0.4707 0.8397 0.7883 0.8061
83 0.0176 0.0176 0.9326 0.0375 0.9182 0.2921 0.4736 0.8361 0.7675 0.8030
84 0.0395 0.0357 0.9023 0.0771 0.8792 0.2171 0.4956 0.7786 0.7141 0.7376
85 0.0728 0.0619 0.8666 0.1365 0.8351 0.3118 0.5003 0.8088 0.8138 0.7667
86 0.0539 0.0475 0.8863 0.1033 0.8592 0.2306 0.4806 0.8427 0.7128 0.8103
87 0.0304 0.0272 0.9155 0.0595 0.8962 0.2118 0.4812 0.8299 0.6947 0.7934
88 0.0221 0.0223 0.9233 0.0465 0.9052 0.2600 0.4745 0.8347 0.7363 0.8008
89 0.0192 0.0192 0.9288 0.0406 0.9131 0.2707 0.4738 0.8337 0.7464 0.7996
90 0.0177 0.0183 0.9327 0.0383 0.9185 0.2714 0.4752 0.8367 0.7484 0.8041
91 0.0179 0.0180 0.9326 0.0382 0.9185 0.2664 0.4734 0.8387 0.7416 0.8053
92 0.0177 0.0177 0.9317 0.0377 0.9166 0.2763 0.4702 0.8345 0.7483 0.8005
93 0.0181 0.0183 0.9290 0.0386 0.9141 0.2617 0.4761 0.8341 0.7397 0.8038
94 0.0208 0.0202 0.9240 0.0432 0.9065 0.2702 0.4696 0.8427 0.7415 0.8079
95 0.0201 0.0194 0.9274 0.0416 0.9108 0.2695 0.4694 0.8378 0.7407 0.8020
96 0.0386 0.0353 0.9005 0.0759 0.8764 0.2433 0.4950 0.8323 0.7401 0.7929
97 0.0462 0.0417 0.8999 0.0898 0.8766 0.2600 0.4911 0.8284 0.7529 0.7971
98 0.0251 0.0248 0.9219 0.0521 0.9046 0.2081 0.4797 0.8461 0.6896 0.8115
99 0.0186 0.0194 0.9323 0.0403 0.9183 0.2376 0.4713 0.8407 0.7107 0.8065
