epoch train_iou train_loss train_mAP val_iou val_mAP
0 0.6105 1.2067 0.5368 0.6848 0.6246
1 0.7115 0.9319 0.6491 0.7298 0.6553
2 0.7398 0.8319 0.6771 0.7267 0.6560
3 0.7589 0.7507 0.7020 0.7797 0.7337
4 0.7752 0.7038 0.7228 0.7973 0.7542
5 0.7880 0.6569 0.7380 0.7992 0.7547
6 0.7820 0.6773 0.7296 0.8003 0.7567
7 0.7843 0.6727 0.7347 0.8002 0.7633
8 0.7842 0.6750 0.7358 0.7823 0.7450
9 0.7829 0.6982 0.7317 0.7917 0.7437
10 0.7901 0.6711 0.7417 0.7376 0.6990
11 0.8025 0.6237 0.7575 0.7913 0.7512
12 0.8166 0.5853 0.7749 0.8163 0.7858
13 0.8278 0.5409 0.7884 0.8260 0.7919
14 0.8322 0.5149 0.7927 0.8331 0.8011
15 0.8422 0.4825 0.8036 0.8367 0.8072
16 0.8394 0.4932 0.7997 0.8309 0.7969
17 0.8408 0.5096 0.8014 0.8234 0.7879
18 0.8248 0.5404 0.7826 0.8237 0.7833
19 0.8147 0.5764 0.7725 0.8264 0.7877
20 0.8229 0.5695 0.7852 0.8179 0.7793
21 0.8311 0.5487 0.7921 0.8144 0.7811
22 0.8390 0.5038 0.8017 0.8235 0.7946
23 0.8437 0.4797 0.8088 0.8425 0.8096
24 0.8534 0.4447 0.8158 0.8487 0.8186
25 0.8606 0.4218 0.8249 0.8474 0.8189
26 0.8590 0.4311 0.8228 0.8464 0.8139
27 0.8578 0.4342 0.8225 0.8364 0.8070
28 0.8496 0.4741 0.8135 0.8152 0.7864
29 0.8326 0.5171 0.7950 0.8403 0.8052
30 0.8306 0.5369 0.7943 0.8127 0.7820
31 0.8381 0.5007 0.8018 0.8208 0.7907
32 0.8395 0.4880 0.8027 0.8402 0.8073
33 0.8575 0.4345 0.8251 0.8437 0.8139
34 0.8648 0.4106 0.8293 0.8447 0.8163
35 0.8708 0.3858 0.8362 0.8464 0.8183
36 0.8749 0.3742 0.8419 0.8460 0.8133
37 0.8637 0.4192 0.8293 0.8429 0.8129
38 0.8595 0.4238 0.8251 0.8363 0.8108
39 0.8573 0.4340 0.8203 0.8488 0.8163
40 0.8438 0.4965 0.8075 0.8177 0.7763
41 0.8425 0.4913 0.8050 0.8373 0.8066
42 0.8575 0.4407 0.8220 0.8214 0.7894
43 0.8668 0.4046 0.8301 0.8449 0.8139
44 0.8743 0.3735 0.8404 0.8468 0.8172
45 0.8790 0.3557 0.8453 0.8492 0.8191
46 0.8792 0.3519 0.8450 0.8525 0.8213
47 0.8777 0.3637 0.8457 0.8514 0.8212
48 0.8672 0.4014 0.8343 0.8314 0.8036
49 0.8559 0.4502 0.8200 0.8338 0.8062
50 0.8575 0.4508 0.8230 0.8372 0.8109
51 0.8570 0.4546 0.8231 0.8122 0.7785
52 0.8649 0.4158 0.8302 0.8425 0.8148
53 0.8707 0.3805 0.8383 0.8511 0.8270
54 0.8826 0.3499 0.8515 0.8606 0.8316
55 0.8876 0.3260 0.8573 0.8623 0.8328
56 0.8830 0.3364 0.8528 0.8587 0.8287
57 0.8804 0.3472 0.8483 0.8424 0.8149
58 0.8784 0.3670 0.8441 0.8443 0.8142
59 0.8675 0.4003 0.8334 0.8451 0.8139
60 0.8606 0.4227 0.8272 0.8253 0.7837
61 0.8656 0.4187 0.8315 0.8406 0.8079
62 0.8728 0.3861 0.8411 0.8498 0.8190
63 0.8828 0.3429 0.8490 0.8577 0.8262
64 0.8837 0.3232 0.8517 0.8502 0.8249
65 0.8946 0.2947 0.8632 0.8577 0.8306
66 0.8925 0.3009 0.8621 0.8588 0.8310
67 0.8842 0.3329 0.8519 0.8389 0.8174
68 0.8780 0.3619 0.8453 0.8462 0.8210
69 0.8734 0.3861 0.8393 0.8408 0.8087
70 0.8597 0.4372 0.8236 0.8375 0.8069
71 0.8703 0.4074 0.8382 0.8414 0.8142
72 0.8777 0.3729 0.8434 0.8328 0.8043
73 0.8838 0.3450 0.8523 0.8488 0.8220
74 0.8912 0.3115 0.8592 0.8538 0.8233
75 0.8972 0.2943 0.8661 0.8575 0.8279
76 0.8977 0.2875 0.8672 0.8510 0.8204
77 0.8863 0.3285 0.8521 0.8502 0.8219
78 0.8936 0.3079 0.8613 0.8448 0.8185
79 0.8837 0.3452 0.8518 0.8233 0.7958
80 0.8703 0.3920 0.8365 0.8459 0.8156
81 0.8854 0.3430 0.8520 0.8394 0.8060
82 0.8871 0.3449 0.8562 0.8477 0.8156
83 0.8910 0.3181 0.8598 0.8559 0.8294
84 0.8925 0.3031 0.8629 0.8577 0.8305
85 0.9001 0.2729 0.8679 0.8620 0.8365
86 0.9042 0.2660 0.8739 0.8564 0.8300
87 0.8987 0.2812 0.8692 0.8633 0.8386
88 0.8918 0.3158 0.8599 0.8439 0.8123
89 0.8839 0.3274 0.8528 0.8336 0.7988
90 0.8779 0.3677 0.8449 0.6688 0.6300
91 0.8749 0.3854 0.8388 0.8531 0.8255
92 0.8850 0.3374 0.8500 0.8503 0.8252
93 0.8938 0.3036 0.8611 0.8580 0.8285
94 0.9015 0.2764 0.8711 0.8660 0.8400
95 0.9021 0.2665 0.8724 0.8649 0.8385
96 0.9024 0.2748 0.8700 0.8646 0.8362
97 0.9019 0.2710 0.8711 0.8522 0.8262
98 0.9017 0.2812 0.8705 0.8557 0.8242
99 0.8863 0.3157 0.8535 0.8253 0.7951
100 0.8949 0.2933 0.8634 0.8550 0.8281
101 0.9050 0.2567 0.8747 0.8534 0.8267
102 0.9076 0.2495 0.8769 0.8660 0.8380
103 0.9056 0.2640 0.8763 0.8568 0.8314
104 0.9094 0.2407 0.8792 0.8679 0.8401
105 0.9090 0.2408 0.8806 0.8682 0.8404
106 0.9084 0.2399 0.8772 0.8637 0.8382
107 0.9108 0.2396 0.8817 0.8670 0.8389
108 0.9077 0.2512 0.8759 0.8589 0.8310
109 0.9061 0.2588 0.8746 0.8590 0.8321
110 0.9011 0.2819 0.8707 0.8607 0.8346
111 0.9029 0.2639 0.8707 0.8590 0.8305
112 0.9064 0.2584 0.8752 0.8534 0.8254
113 0.9124 0.2375 0.8817 0.8650 0.8357
114 0.9131 0.2310 0.8855 0.8604 0.8337
115 0.9140 0.2255 0.8849 0.8610 0.8347
116 0.9123 0.2260 0.8841 0.8617 0.8335
117 0.9153 0.2207 0.8867 0.8621 0.8312
118 0.9144 0.2275 0.8854 0.8589 0.8279
119 0.9102 0.2411 0.8805 0.8538 0.8244
120 0.9041 0.2635 0.8730 0.8519 0.8234
121 0.9067 0.2489 0.8764 0.8546 0.8255
122 0.9076 0.2502 0.8766 0.8570 0.8291
123 0.9148 0.2305 0.8870 0.8595 0.8284
124 0.9161 0.2187 0.8851 0.8646 0.8388
125 0.9201 0.2181 0.8913 0.8613 0.8329
126 0.9166 0.2155 0.8866 0.8654 0.8371
127 0.9167 0.2285 0.8876 0.8657 0.8380
128 0.9094 0.2365 0.8784 0.8610 0.8349
129 0.9112 0.2341 0.8816 0.8613 0.8350
130 0.9114 0.2368 0.8821 0.8558 0.8312
131 0.9039 0.2612 0.8756 0.8606 0.8331
132 0.9128 0.2318 0.8834 0.8507 0.8130
133 0.9115 0.2310 0.8828 0.8588 0.8319
134 0.9145 0.2224 0.8853 0.8671 0.8393
135 0.9154 0.2117 0.8880 0.8687 0.8411
136 0.9175 0.2132 0.8905 0.8651 0.8380
137 0.9158 0.2144 0.8876 0.8630 0.8326
138 0.9218 0.2073 0.8944 0.8558 0.8286
139 0.9138 0.2253 0.8855 0.8607 0.8325
140 0.9077 0.2444 0.8789 0.8422 0.8113
141 0.9118 0.2382 0.8815 0.8248 0.7894
142 0.9118 0.2379 0.8848 0.8634 0.8364
143 0.9140 0.2306 0.8855 0.8598 0.8326
144 0.9199 0.2103 0.8931 0.8643 0.8393
145 0.9233 0.2044 0.8955 0.8643 0.8389
146 0.9147 0.2156 0.8873 0.8619 0.8335
147 0.9265 0.2001 0.9006 0.8590 0.8304
148 0.9190 0.2153 0.8907 0.8606 0.8309
149 0.9131 0.2315 0.8843 0.8587 0.8282
150 0.9104 0.2433 0.8796 0.8554 0.8264
151 0.9063 0.2490 0.8768 0.8549 0.8250
152 0.9204 0.2179 0.8928 0.8635 0.8353
153 0.9149 0.2196 0.8877 0.8652 0.8395
154 0.9177 0.2116 0.8917 0.8635 0.8361
155 0.9179 0.2046 0.8897 0.8649 0.8374
156 0.9187 0.2019 0.8931 0.8676 0.8418
157 0.9211 0.2105 0.8957 0.8646 0.8367
158 0.9216 0.2014 0.8931 0.8591 0.8313
159 0.9153 0.2246 0.8886 0.8605 0.8332
160 0.9183 0.2112 0.8920 0.8675 0.8419
161 0.9194 0.2000 0.8918 0.8691 0.8404
162 0.9251 0.1932 0.9003 0.8636 0.8347
163 0.9214 0.2026 0.8946 0.8652 0.8381
164 0.9246 0.1963 0.8982 0.8644 0.8376
165 0.9222 0.1936 0.8976 0.8638 0.8355
166 0.9252 0.1913 0.8999 0.8704 0.8427
167 0.9242 0.1910 0.8964 0.8674 0.8391
168 0.9246 0.1911 0.8986 0.8679 0.8394
169 0.9273 0.1894 0.9018 0.8710 0.8417
170 0.9266 0.1848 0.9017 0.8688 0.8419
171 0.9249 0.1877 0.8978 0.8707 0.8431
172 0.9245 0.1920 0.8984 0.8714 0.8434
173 0.9265 0.1842 0.9009 0.8722 0.8440
174 0.9238 0.1921 0.8962 0.8697 0.8419
175 0.9197 0.1983 0.8933 0.8690 0.8409
176 0.9256 0.1927 0.8984 0.8673 0.8413
177 0.9275 0.1820 0.9028 0.8656 0.8387
178 0.9283 0.1854 0.9014 0.8673 0.8403
179 0.9238 0.1854 0.8959 0.8641 0.8381
180 0.9288 0.1887 0.9014 0.8652 0.8374
181 0.9284 0.1823 0.9025 0.8651 0.8364
182 0.9275 0.1813 0.9019 0.8656 0.8385
183 0.9272 0.1836 0.9010 0.8649 0.8385
184 0.9242 0.1855 0.8978 0.8664 0.8401
185 0.9277 0.1826 0.9027 0.8640 0.8377
186 0.9252 0.1843 0.8986 0.8664 0.8381
187 0.9247 0.1845 0.8984 0.8685 0.8399
188 0.9242 0.1883 0.8981 0.8691 0.8391
189 0.9280 0.1810 0.9013 0.8666 0.8373
190 0.9282 0.1801 0.9032 0.8682 0.8416
191 0.9281 0.1787 0.9030 0.8640 0.8365
192 0.9277 0.1790 0.9029 0.8677 0.8398
193 0.9277 0.1806 0.9020 0.8704 0.8433
194 0.9281 0.1794 0.9032 0.8697 0.8429
195 0.9296 0.1752 0.9033 0.8705 0.8423
196 0.9263 0.1845 0.9003 0.8688 0.8421
197 0.9304 0.1762 0.9042 0.8671 0.8392
198 0.9271 0.1822 0.9017 0.8678 0.8377
199 0.9270 0.1794 0.9007 0.8693 0.8401
