epoch train_BCELoss train_SoftDiceLoss train_iou train_loss train_mAP val_BCELoss val_SoftDiceLoss val_iou val_loss val_mAP
0 0.3316 0.3152 0.6343 0.6469 0.5735 0.2268 0.5928 0.7057 0.8198 0.6471
1 0.2559 0.2478 0.6859 0.5039 0.6315 0.3231 0.5870 0.7103 0.9105 0.6499
2 0.2281 0.2177 0.7193 0.4462 0.6660 0.1966 0.5719 0.7369 0.7689 0.6803
3 0.2014 0.1909 0.7348 0.3928 0.6865 0.2246 0.5617 0.7396 0.7868 0.6839
4 0.1822 0.1761 0.7526 0.3589 0.7058 0.2206 0.5543 0.7568 0.7755 0.7055
5 0.1731 0.1712 0.7613 0.3449 0.7142 0.2156 0.5462 0.7655 0.7625 0.7165
6 0.1748 0.1587 0.7591 0.3341 0.7120 0.2394 0.5445 0.7717 0.7845 0.7190
7 0.1891 0.1755 0.7614 0.3652 0.7117 0.2185 0.5343 0.7188 0.7535 0.6612
8 0.1906 0.1764 0.7564 0.3677 0.7078 0.2059 0.5416 0.7579 0.7483 0.7100
9 0.1879 0.1748 0.7545 0.3633 0.7068 0.2823 0.5542 0.7407 0.8374 0.6915
10 0.1879 0.1755 0.7623 0.3641 0.7149 0.2045 0.5375 0.7439 0.7428 0.6844
11 0.1908 0.1738 0.7667 0.3655 0.7202 0.2600 0.5434 0.7508 0.8043 0.6957
12 0.1630 0.1517 0.7870 0.3154 0.7449 0.1755 0.5348 0.7836 0.7112 0.7466
13 0.1541 0.1451 0.7914 0.3001 0.7504 0.1794 0.5373 0.7849 0.7176 0.7471
14 0.1370 0.1255 0.8131 0.2634 0.7733 0.1567 0.5307 0.7965 0.6883 0.7578
15 0.1270 0.1223 0.8142 0.2502 0.7777 0.1551 0.5154 0.8033 0.6715 0.7632
16 0.1242 0.1117 0.8241 0.2368 0.7876 0.1583 0.5095 0.8061 0.6688 0.7666
17 0.1395 0.1262 0.8066 0.2667 0.7689 0.1683 0.5197 0.7945 0.6890 0.7565
18 0.1457 0.1353 0.8039 0.2819 0.7652 0.2018 0.5418 0.7751 0.7445 0.7403
19 0.1605 0.1434 0.7889 0.3048 0.7503 0.2530 0.5393 0.7728 0.7932 0.7298
20 0.1714 0.1532 0.7897 0.3255 0.7466 0.2299 0.5289 0.7681 0.7598 0.7232
21 0.1567 0.1407 0.7973 0.2983 0.7558 0.2030 0.5247 0.7745 0.7286 0.7319
22 0.1459 0.1350 0.8099 0.2819 0.7701 0.1715 0.5201 0.7861 0.6927 0.7510
23 0.1281 0.1183 0.8212 0.2474 0.7841 0.1959 0.5086 0.8047 0.7057 0.7695
24 0.1111 0.0970 0.8362 0.2092 0.8000 0.1779 0.5075 0.8084 0.6865 0.7755
25 0.1056 0.1004 0.8327 0.2071 0.7969 0.1829 0.5080 0.8023 0.6920 0.7702
26 0.1093 0.1015 0.8319 0.2119 0.7960 0.1651 0.4951 0.8139 0.6614 0.7745
27 0.1207 0.1074 0.8244 0.2291 0.7887 0.1682 0.5170 0.7946 0.6861 0.7630
28 0.1300 0.1175 0.8158 0.2485 0.7783 0.1998 0.5233 0.7943 0.7241 0.7615
29 0.1424 0.1331 0.8116 0.2765 0.7749 0.2133 0.5124 0.7887 0.7269 0.7502
30 0.1505 0.1361 0.7980 0.2876 0.7552 0.2289 0.5505 0.7722 0.7804 0.7338
31 0.1406 0.1229 0.8186 0.2645 0.7808 0.1963 0.5088 0.7904 0.7061 0.7535
32 0.1201 0.1125 0.8215 0.2336 0.7834 0.2047 0.5304 0.7790 0.7361 0.7397
33 0.1173 0.1079 0.8292 0.2263 0.7932 0.2011 0.5023 0.8026 0.7047 0.7680
34 0.1014 0.0896 0.8443 0.1922 0.8109 0.1811 0.5066 0.8144 0.6889 0.7814
35 0.0911 0.0842 0.8503 0.1764 0.8160 0.1778 0.5028 0.8176 0.6819 0.7853
36 0.0950 0.0885 0.8368 0.1846 0.8034 0.1953 0.4997 0.8175 0.6963 0.7827
37 0.1005 0.0914 0.8405 0.1930 0.8059 0.2025 0.5093 0.8074 0.7131 0.7787
38 0.1170 0.1044 0.8332 0.2225 0.7965 0.1968 0.5133 0.8083 0.7113 0.7750
39 0.1236 0.1099 0.8186 0.2345 0.7816 0.1850 0.5060 0.8117 0.6921 0.7788
40 0.1371 0.1295 0.8101 0.2676 0.7730 0.2720 0.5044 0.7928 0.7776 0.7566
41 0.1237 0.1087 0.8293 0.2334 0.7937 0.2107 0.5315 0.7850 0.7432 0.7484
42 0.1233 0.1103 0.8260 0.2347 0.7884 0.1879 0.5079 0.7935 0.6970 0.7559
43 0.0990 0.0912 0.8414 0.1914 0.8066 0.1819 0.5013 0.8061 0.6843 0.7737
44 0.0985 0.0919 0.8446 0.1915 0.8103 0.1832 0.5000 0.8165 0.6844 0.7868
45 0.0851 0.0761 0.8522 0.1623 0.8210 0.1831 0.5010 0.8160 0.6855 0.7862
46 0.0860 0.0778 0.8519 0.1651 0.8190 0.1645 0.4956 0.8159 0.6613 0.7853
47 0.0922 0.0844 0.8517 0.1777 0.8189 0.1747 0.4987 0.8129 0.6747 0.7790
48 0.1038 0.0924 0.8390 0.1975 0.8043 0.1903 0.5026 0.8138 0.6942 0.7799
49 0.1144 0.1051 0.8291 0.2206 0.7935 0.2086 0.5070 0.7972 0.7168 0.7572
50 0.1236 0.1093 0.8230 0.2339 0.7846 0.2076 0.5231 0.7926 0.7318 0.7566
51 0.1242 0.1122 0.8192 0.2375 0.7835 0.1908 0.5059 0.8029 0.6979 0.7685
52 0.0990 0.0872 0.8403 0.1873 0.8071 0.1794 0.5124 0.8023 0.6929 0.7690
53 0.0925 0.0837 0.8537 0.1774 0.8204 0.1957 0.4935 0.8201 0.6906 0.7879
54 0.0741 0.0690 0.8595 0.1442 0.8265 0.1935 0.4995 0.8271 0.6945 0.8006
55 0.0784 0.0712 0.8559 0.1508 0.8256 0.1876 0.4963 0.8251 0.6853 0.7969
56 0.0765 0.0693 0.8607 0.1470 0.8296 0.1702 0.4862 0.8205 0.6577 0.7911
57 0.0803 0.0737 0.8586 0.1552 0.8277 0.1999 0.5050 0.8207 0.7062 0.7916
58 0.0886 0.0802 0.8499 0.1699 0.8144 0.2374 0.5079 0.8086 0.7465 0.7788
59 0.1015 0.0892 0.8439 0.1919 0.8092 0.2098 0.5206 0.7915 0.7316 0.7542
60 0.1032 0.0888 0.8418 0.1931 0.8062 0.3290 0.5320 0.7238 0.8621 0.6725
61 0.1310 0.1172 0.8257 0.2493 0.7883 0.1989 0.5130 0.7976 0.7132 0.7601
62 0.1054 0.0918 0.8382 0.1984 0.8049 0.1929 0.5204 0.8036 0.7146 0.7706
63 0.0881 0.0829 0.8524 0.1721 0.8185 0.1929 0.5012 0.8124 0.6956 0.7810
64 0.0773 0.0733 0.8663 0.1518 0.8347 0.1797 0.4947 0.8187 0.6759 0.7856
65 0.0695 0.0671 0.8678 0.1378 0.8358 0.1821 0.4930 0.8196 0.6766 0.7869
66 0.0756 0.0676 0.8640 0.1444 0.8325 0.1787 0.4930 0.8124 0.6731 0.7804
67 0.0795 0.0715 0.8649 0.1522 0.8320 0.2062 0.4923 0.8135 0.6999 0.7791
68 0.1081 0.0940 0.8422 0.2033 0.8074 0.1798 0.4998 0.7964 0.6809 0.7588
69 0.1035 0.0929 0.8385 0.1976 0.8006 0.1830 0.5004 0.8015 0.6847 0.7620
70 0.1144 0.1029 0.8350 0.2184 0.7968 0.1980 0.5154 0.8042 0.7147 0.7704
71 0.1033 0.0957 0.8385 0.2002 0.8039 0.2249 0.5126 0.7910 0.7388 0.7558
72 0.0892 0.0820 0.8516 0.1724 0.8210 0.1898 0.5041 0.8015 0.6952 0.7720
73 0.0831 0.0776 0.8612 0.1619 0.8289 0.1982 0.4854 0.8190 0.6850 0.7880
74 0.0684 0.0628 0.8684 0.1325 0.8367 0.2034 0.4931 0.8194 0.6980 0.7907
75 0.0640 0.0590 0.8745 0.1244 0.8450 0.2146 0.4909 0.8183 0.7070 0.7903
76 0.0682 0.0621 0.8732 0.1316 0.8419 0.1931 0.4956 0.8253 0.6901 0.7968
77 0.0675 0.0624 0.8707 0.1312 0.8379 0.2178 0.4916 0.8183 0.7107 0.7873
78 0.0798 0.0729 0.8623 0.1540 0.8292 0.1919 0.4980 0.8133 0.6913 0.7811
79 0.0976 0.0845 0.8500 0.1833 0.8159 0.2267 0.4918 0.8065 0.7198 0.7751
80 0.1031 0.0941 0.8386 0.1983 0.8044 0.3565 0.5445 0.7122 0.9023 0.6367
81 0.0991 0.0886 0.8403 0.1889 0.8056 0.1875 0.4966 0.8081 0.6854 0.7767
82 0.0919 0.0811 0.8523 0.1743 0.8197 0.2087 0.4872 0.8232 0.6974 0.7875
83 0.0770 0.0690 0.8639 0.1473 0.8311 0.2083 0.4863 0.8178 0.6960 0.7873
84 0.0661 0.0603 0.8695 0.1277 0.8388 0.2154 0.4822 0.8227 0.6989 0.7929
85 0.0647 0.0585 0.8742 0.1245 0.8440 0.2162 0.4820 0.8218 0.6996 0.7903
86 0.0628 0.0569 0.8802 0.1211 0.8493 0.2054 0.4804 0.8257 0.6872 0.7946
87 0.0723 0.0639 0.8691 0.1376 0.8375 0.1962 0.4960 0.8181 0.6937 0.7889
88 0.0821 0.0727 0.8692 0.1561 0.8375 0.2245 0.4830 0.8172 0.7090 0.7858
89 0.0991 0.0919 0.8395 0.1923 0.8021 0.2121 0.5000 0.8058 0.7135 0.7692
90 0.0926 0.0818 0.8465 0.1756 0.8135 0.1623 0.5040 0.8136 0.6676 0.7803
91 0.0902 0.0824 0.8529 0.1737 0.8206 0.1955 0.4955 0.8241 0.6924 0.7935
92 0.0870 0.0788 0.8539 0.1671 0.8207 0.1998 0.4892 0.8211 0.6904 0.7870
93 0.0750 0.0689 0.8679 0.1451 0.8344 0.2078 0.4873 0.8178 0.6966 0.7863
94 0.0678 0.0622 0.8710 0.1313 0.8397 0.2029 0.4833 0.8302 0.6878 0.8020
95 0.0591 0.0535 0.8782 0.1139 0.8511 0.2133 0.4831 0.8284 0.6979 0.8007
96 0.0587 0.0530 0.8773 0.1131 0.8475 0.2368 0.4841 0.8175 0.7225 0.7880
97 0.0668 0.0589 0.8759 0.1271 0.8453 0.2108 0.4816 0.8314 0.6939 0.8029
98 0.0654 0.0591 0.8697 0.1258 0.8379 0.2041 0.4920 0.8132 0.6975 0.7797
99 0.0818 0.0695 0.8577 0.1525 0.8247 0.2350 0.5100 0.7972 0.7462 0.7691
100 0.1083 0.0973 0.8405 0.2068 0.8049 0.2267 0.4950 0.8086 0.7230 0.7740
101 0.0875 0.0783 0.8549 0.1670 0.8206 0.2102 0.4963 0.8117 0.7080 0.7788
102 0.0858 0.0808 0.8544 0.1679 0.8191 0.2022 0.4909 0.8160 0.6945 0.7826
103 0.0712 0.0655 0.8663 0.1380 0.8379 0.2443 0.4906 0.8103 0.7363 0.7805
104 0.0649 0.0588 0.8705 0.1250 0.8392 0.1929 0.4792 0.8341 0.6736 0.8017
105 0.0571 0.0540 0.8847 0.1125 0.8538 0.1871 0.4803 0.8353 0.6689 0.8046
106 0.0569 0.0521 0.8768 0.1104 0.8496 0.2056 0.4787 0.8263 0.6859 0.7958
107 0.0655 0.0596 0.8711 0.1264 0.8386 0.1842 0.4810 0.8255 0.6666 0.7924
108 0.0650 0.0589 0.8779 0.1252 0.8482 0.2272 0.4939 0.8215 0.7225 0.7924
109 0.0697 0.0622 0.8687 0.1332 0.8354 0.2297 0.4922 0.8148 0.7233 0.7841
110 0.1037 0.0928 0.8489 0.1978 0.8137 0.2576 0.5477 0.7841 0.8064 0.7482
111 0.0977 0.0838 0.8483 0.1827 0.8164 0.2119 0.4999 0.8123 0.7130 0.7757
112 0.0716 0.0643 0.8697 0.1372 0.8398 0.2592 0.5069 0.8202 0.7675 0.7869
113 0.0635 0.0583 0.8773 0.1232 0.8452 0.2117 0.4815 0.8280 0.6947 0.7989
114 0.0630 0.0557 0.8787 0.1201 0.8490 0.1832 0.4812 0.8346 0.6659 0.8048
115 0.0527 0.0520 0.8849 0.1061 0.8560 0.1830 0.4820 0.8326 0.6665 0.8025
116 0.0560 0.0521 0.8831 0.1096 0.8518 0.2258 0.4829 0.8331 0.7102 0.8018
117 0.0567 0.0524 0.8809 0.1105 0.8493 0.2204 0.4917 0.8214 0.7136 0.7910
118 0.0619 0.0579 0.8800 0.1211 0.8469 0.1882 0.4862 0.8288 0.6758 0.7942
119 0.0660 0.0608 0.8692 0.1281 0.8398 0.2176 0.4974 0.8091 0.7164 0.7703
120 0.0884 0.0797 0.8536 0.1693 0.8199 0.2542 0.5139 0.8153 0.7695 0.7834
121 0.0829 0.0736 0.8615 0.1578 0.8269 0.2487 0.4991 0.8069 0.7492 0.7728
122 0.0679 0.0618 0.8675 0.1311 0.8367 0.2293 0.4990 0.8247 0.7297 0.7959
123 0.0641 0.0611 0.8751 0.1265 0.8433 0.1846 0.4967 0.8185 0.6827 0.7891
124 0.0610 0.0560 0.8796 0.1184 0.8490 0.1907 0.4867 0.8283 0.6789 0.7986
125 0.0525 0.0517 0.8874 0.1057 0.8561 0.1981 0.4845 0.8299 0.6841 0.8019
126 0.0502 0.0474 0.8853 0.0990 0.8551 0.1820 0.4801 0.8408 0.6636 0.8115
127 0.0499 0.0453 0.8932 0.0966 0.8646 0.2218 0.4835 0.8221 0.7067 0.7912
128 0.0618 0.0562 0.8759 0.1193 0.8451 0.2228 0.4805 0.8290 0.7048 0.7998
129 0.0764 0.0677 0.8594 0.1454 0.8248 0.2571 0.5007 0.7887 0.7590 0.7470
130 0.0862 0.0733 0.8563 0.1608 0.8214 0.1947 0.5083 0.7812 0.7044 0.7480
131 0.0821 0.0717 0.8581 0.1550 0.8240 0.1816 0.5018 0.8261 0.6847 0.7912
132 0.0676 0.0622 0.8684 0.1312 0.8380 0.2440 0.4940 0.8211 0.7394 0.7901
133 0.0642 0.0563 0.8774 0.1218 0.8463 0.1969 0.4757 0.8255 0.6742 0.7971
134 0.0508 0.0472 0.8892 0.0994 0.8606 0.2322 0.4808 0.8301 0.7146 0.7998
135 0.0501 0.0458 0.8881 0.0973 0.8600 0.2172 0.4799 0.8331 0.6987 0.8024
136 0.0474 0.0441 0.8923 0.0929 0.8635 0.2082 0.4712 0.8330 0.6810 0.8029
137 0.0579 0.0529 0.8805 0.1123 0.8504 0.1969 0.4866 0.8309 0.6850 0.8005
138 0.0674 0.0601 0.8714 0.1288 0.8411 0.2685 0.5044 0.8121 0.7744 0.7793
139 0.0704 0.0654 0.8654 0.1371 0.8325 0.2174 0.4854 0.8241 0.7043 0.7936
140 0.0985 0.0823 0.8476 0.1821 0.8152 0.2685 0.5469 0.7532 0.8164 0.7100
141 0.0798 0.0718 0.8597 0.1529 0.8276 0.2057 0.4818 0.8269 0.6890 0.7954
142 0.0663 0.0596 0.8700 0.1273 0.8384 0.1792 0.4891 0.8244 0.6696 0.7938
143 0.0625 0.0536 0.8772 0.1174 0.8471 0.1884 0.4715 0.8398 0.6614 0.8065
144 0.0528 0.0489 0.8781 0.1031 0.8478 0.2004 0.4721 0.8400 0.6741 0.8123
145 0.0502 0.0481 0.8842 0.0997 0.8541 0.1928 0.4717 0.8383 0.6659 0.8082
146 0.0465 0.0427 0.8879 0.0906 0.8596 0.2221 0.4717 0.8387 0.6954 0.8099
147 0.0521 0.0475 0.8829 0.1010 0.8536 0.2053 0.4772 0.8363 0.6840 0.8048
148 0.0562 0.0523 0.8817 0.1099 0.8505 0.1963 0.4817 0.8321 0.6795 0.7974
149 0.0707 0.0631 0.8679 0.1352 0.8364 0.2693 0.5275 0.7817 0.7981 0.7456
