epoch train_BCELoss train_SoftDiceLoss train_iou train_loss train_mAP val_BCELoss val_SoftDiceLoss val_iou val_loss val_mAP
0 0.2878 0.2737 0.6430 0.5616 0.5775 0.2853 0.5818 0.6909 0.8675 0.6319
1 0.2164 0.2035 0.7059 0.4203 0.6469 0.2721 0.5669 0.6966 0.8394 0.6300
2 0.1774 0.1628 0.7421 0.3408 0.6853 0.2330 0.5482 0.7181 0.7817 0.6605
3 0.1545 0.1411 0.7685 0.2963 0.7170 0.2746 0.5527 0.7500 0.8280 0.6911
4 0.1230 0.1141 0.7927 0.2379 0.7448 0.2271 0.5136 0.7764 0.7415 0.7327
5 0.1110 0.0992 0.8088 0.2110 0.7633 0.2102 0.5085 0.7845 0.7196 0.7410
6 0.1049 0.0931 0.8086 0.1989 0.7656 0.2377 0.5171 0.7884 0.7557 0.7477
7 0.1176 0.1083 0.8031 0.2267 0.7571 0.2130 0.5104 0.7853 0.7244 0.7428
8 0.1263 0.1150 0.7981 0.2422 0.7498 0.2129 0.5223 0.7711 0.7362 0.7240
9 0.1433 0.1244 0.7897 0.2686 0.7440 0.2103 0.5347 0.7742 0.7460 0.7284
10 0.1338 0.1218 0.7892 0.2565 0.7402 0.8027 0.6000 0.6271 1.4039 0.5579
11 0.1107 0.0978 0.8151 0.2095 0.7712 0.3520 0.5659 0.7201 0.9190 0.6673
12 0.1083 0.0960 0.8213 0.2054 0.7804 0.2572 0.4937 0.7970 0.7521 0.7512
13 0.0869 0.0775 0.8416 0.1655 0.8039 0.2134 0.4890 0.8059 0.7037 0.7696
14 0.0620 0.0607 0.8533 0.1240 0.8190 0.2675 0.4816 0.8145 0.7503 0.7778
15 0.0631 0.0548 0.8643 0.1192 0.8307 0.2499 0.4798 0.8128 0.7310 0.7760
16 0.0600 0.0545 0.8625 0.1157 0.8301 0.2553 0.4862 0.8061 0.7429 0.7722
17 0.0589 0.0540 0.8622 0.1141 0.8304 0.3033 0.4894 0.7931 0.7939 0.7505
18 0.0715 0.0615 0.8595 0.1342 0.8244 0.2459 0.4826 0.8008 0.7297 0.7576
19 0.0973 0.0808 0.8246 0.1792 0.7845 0.3141 0.5320 0.7480 0.8473 0.7037
20 0.1254 0.1102 0.8123 0.2367 0.7677 0.3901 0.5349 0.7198 0.9261 0.6619
21 0.1052 0.0949 0.8252 0.2012 0.7865 0.3117 0.5257 0.7539 0.8386 0.7149
22 0.0922 0.0836 0.8400 0.1770 0.8054 0.1926 0.4930 0.7945 0.6869 0.7550
23 0.0620 0.0584 0.8643 0.1218 0.8325 0.2655 0.4885 0.8141 0.7555 0.7857
24 0.0521 0.0488 0.8758 0.1023 0.8455 0.2310 0.4810 0.8104 0.7135 0.7775
25 0.0485 0.0446 0.8793 0.0946 0.8516 0.2264 0.4812 0.8172 0.7091 0.7849
26 0.0478 0.0438 0.8799 0.0931 0.8522 0.2290 0.4763 0.8135 0.7070 0.7804
27 0.0464 0.0422 0.8797 0.0900 0.8503 0.2605 0.4811 0.8170 0.7431 0.7857
28 0.0494 0.0437 0.8786 0.0945 0.8488 0.2520 0.4833 0.8173 0.7368 0.7826
29 0.0554 0.0493 0.8723 0.1061 0.8410 0.3141 0.4967 0.7957 0.8122 0.7613
30 0.0825 0.0731 0.8451 0.1569 0.8078 0.4334 0.5897 0.6707 1.0241 0.6148
31 0.0893 0.0781 0.8400 0.1687 0.8030 0.2224 0.5175 0.7863 0.7413 0.7478
32 0.0725 0.0656 0.8562 0.1395 0.8221 0.2750 0.4804 0.8142 0.7569 0.7743
33 0.0542 0.0490 0.8744 0.1047 0.8452 0.2959 0.4791 0.8157 0.7766 0.7851
34 0.0464 0.0443 0.8863 0.0922 0.8571 0.2602 0.4739 0.8251 0.7357 0.7933
35 0.0413 0.0385 0.8917 0.0814 0.8653 0.2531 0.4725 0.8259 0.7273 0.7951
36 0.0396 0.0368 0.8958 0.0780 0.8698 0.2499 0.4705 0.8246 0.7221 0.7912
37 0.0397 0.0369 0.8946 0.0781 0.8677 0.2697 0.4779 0.8180 0.7493 0.7859
38 0.0428 0.0387 0.8893 0.0830 0.8621 0.3451 0.4814 0.8112 0.8280 0.7791
39 0.0593 0.0532 0.8658 0.1140 0.8338 0.2468 0.4839 0.7929 0.7321 0.7569
40 0.0860 0.0747 0.8438 0.1621 0.8081 0.2170 0.4910 0.7736 0.7094 0.7305
41 0.0762 0.0663 0.8574 0.1439 0.8239 0.2977 0.5037 0.7895 0.8029 0.7566
42 0.0582 0.0521 0.8724 0.1119 0.8424 0.2290 0.4835 0.8110 0.7140 0.7805
43 0.0420 0.0393 0.8911 0.0829 0.8654 0.2264 0.4819 0.8236 0.7099 0.7916
44 0.0368 0.0357 0.8942 0.0741 0.8697 0.2397 0.4718 0.8273 0.7133 0.7933
45 0.0337 0.0320 0.9027 0.0674 0.8775 0.2423 0.4716 0.8308 0.7156 0.7963
46 0.0346 0.0317 0.9024 0.0679 0.8777 0.2313 0.4679 0.8323 0.7009 0.8000
47 0.0334 0.0308 0.9028 0.0659 0.8782 0.2508 0.4746 0.8288 0.7270 0.7988
48 0.0385 0.0343 0.8934 0.0744 0.8681 0.2942 0.4825 0.7750 0.7783 0.7264
49 0.0521 0.0480 0.8795 0.1016 0.8478 0.2903 0.5026 0.7778 0.7945 0.7339
50 0.1034 0.0870 0.8332 0.1918 0.7967 0.1694 0.5056 0.7484 0.6763 0.7010
51 0.0776 0.0723 0.8520 0.1515 0.8189 0.3391 0.5291 0.7707 0.8695 0.7421
52 0.0506 0.0464 0.8839 0.0986 0.8561 0.2469 0.4797 0.8290 0.7283 0.7995
53 0.0401 0.0364 0.8984 0.0782 0.8730 0.2182 0.4753 0.8251 0.6952 0.7951
54 0.0339 0.0319 0.9025 0.0675 0.8799 0.2516 0.4771 0.8267 0.7305 0.7954
55 0.0314 0.0296 0.9062 0.0628 0.8841 0.2498 0.4786 0.8279 0.7301 0.7980
56 0.0301 0.0286 0.9080 0.0605 0.8858 0.2601 0.4732 0.8338 0.7350 0.8029
57 0.0335 0.0319 0.9030 0.0672 0.8782 0.2510 0.4687 0.8300 0.7213 0.7982
58 0.0377 0.0337 0.9000 0.0732 0.8757 0.2108 0.4821 0.7925 0.6946 0.7508
59 0.0391 0.0354 0.8909 0.0762 0.8647 0.2456 0.4806 0.8205 0.7278 0.7828
60 0.0453 0.0423 0.8858 0.0892 0.8568 0.3212 0.5320 0.6774 0.8544 0.6286
61 0.0608 0.0536 0.8661 0.1159 0.8350 0.7701 0.6186 0.6298 1.3899 0.5468
62 0.0408 0.0384 0.8908 0.0808 0.8635 0.2264 0.4684 0.8271 0.6965 0.7901
63 0.0331 0.0317 0.9034 0.0666 0.8793 0.2581 0.4647 0.8399 0.7246 0.8026
64 0.0286 0.0275 0.9104 0.0580 0.8881 0.2609 0.4662 0.8394 0.7288 0.8066
65 0.0266 0.0265 0.9137 0.0548 0.8928 0.2635 0.4626 0.8447 0.7279 0.8141
66 0.0263 0.0256 0.9154 0.0537 0.8940 0.2596 0.4597 0.8428 0.7211 0.8089
67 0.0289 0.0273 0.9126 0.0580 0.8907 0.2361 0.4616 0.8447 0.6995 0.8141
68 0.0274 0.0260 0.9145 0.0553 0.8928 0.2411 0.4590 0.8495 0.7019 0.8163
69 0.0269 0.0255 0.9126 0.0542 0.8906 0.2795 0.4666 0.8385 0.7479 0.8035
70 0.0293 0.0276 0.9110 0.0587 0.8878 0.2378 0.4747 0.8162 0.7142 0.7794
71 0.0417 0.0387 0.8902 0.0820 0.8632 0.2884 0.4869 0.7682 0.7771 0.7258
72 0.0469 0.0391 0.8921 0.0877 0.8672 0.3131 0.4841 0.8264 0.7989 0.7948
73 0.0296 0.0287 0.9105 0.0602 0.8872 0.2248 0.4628 0.8431 0.6895 0.8142
74 0.0266 0.0250 0.9183 0.0536 0.8980 0.2260 0.4597 0.8433 0.6875 0.8123
75 0.0231 0.0227 0.9233 0.0477 0.9050 0.2241 0.4595 0.8436 0.6855 0.8130
76 0.0236 0.0227 0.9195 0.0483 0.9019 0.2300 0.4616 0.8386 0.6936 0.8085
77 0.0240 0.0227 0.9207 0.0487 0.9017 0.2414 0.4604 0.8487 0.7037 0.8204
78 0.0245 0.0232 0.9201 0.0496 0.9002 0.2478 0.4604 0.8392 0.7101 0.8102
79 0.0258 0.0240 0.9173 0.0517 0.8981 0.2423 0.4678 0.8339 0.7118 0.8032
80 0.0276 0.0258 0.9118 0.0553 0.8893 0.2279 0.4749 0.8317 0.7046 0.7992
81 0.0858 0.0711 0.8511 0.1585 0.8175 0.2348 0.5004 0.7875 0.7366 0.7537
82 0.0684 0.0597 0.8687 0.1297 0.8392 0.1653 0.5005 0.8009 0.6673 0.7605
83 0.0425 0.0413 0.8990 0.0856 0.8742 0.3250 0.4881 0.7946 0.8149 0.7560
84 0.0282 0.0272 0.9118 0.0574 0.8919 0.2935 0.4675 0.8389 0.7629 0.8073
85 0.0254 0.0245 0.9178 0.0519 0.8985 0.2919 0.4643 0.8381 0.7582 0.8073
86 0.0249 0.0237 0.9192 0.0507 0.9009 0.2428 0.4706 0.8343 0.7152 0.8011
87 0.0282 0.0262 0.9154 0.0564 0.8957 0.2331 0.4628 0.8316 0.6978 0.7958
88 0.0336 0.0305 0.9063 0.0660 0.8848 0.3052 0.4768 0.8232 0.7839 0.7916
89 0.0432 0.0401 0.8910 0.0850 0.8651 0.2636 0.4889 0.7940 0.7541 0.7532
90 0.0697 0.0612 0.8558 0.1326 0.8229 0.2509 0.4903 0.7864 0.7429 0.7452
91 0.0467 0.0426 0.8904 0.0910 0.8651 0.2652 0.4935 0.8172 0.7603 0.7821
92 0.0367 0.0354 0.8963 0.0739 0.8709 0.2759 0.4724 0.8249 0.7500 0.7911
93 0.0305 0.0285 0.9108 0.0610 0.8906 0.2347 0.4719 0.8226 0.7084 0.7899
94 0.0253 0.0250 0.9199 0.0524 0.9004 0.2641 0.4663 0.8284 0.7323 0.7975
95 0.0261 0.0232 0.9206 0.0513 0.9039 0.2706 0.4666 0.8287 0.7391 0.7989
96 0.0224 0.0215 0.9227 0.0460 0.9051 0.2617 0.4660 0.8311 0.7296 0.7998
97 0.0222 0.0215 0.9224 0.0457 0.9044 0.2897 0.4686 0.8310 0.7602 0.8024
98 0.0221 0.0213 0.9222 0.0455 0.9048 0.3000 0.4687 0.8274 0.7706 0.7987
99 0.0231 0.0223 0.9208 0.0474 0.9024 0.3032 0.4742 0.8232 0.7792 0.7922
100 0.0322 0.0283 0.9082 0.0624 0.8864 0.3208 0.4807 0.8054 0.8032 0.7713
101 0.0384 0.0339 0.9017 0.0741 0.8792 0.2484 0.4925 0.7925 0.7426 0.7594
102 0.0489 0.0457 0.8888 0.0965 0.8618 0.2765 0.4854 0.8163 0.7637 0.7867
103 0.0287 0.0277 0.9106 0.0585 0.8904 0.2776 0.4700 0.8190 0.7495 0.7855
104 0.0242 0.0231 0.9216 0.0494 0.9041 0.2825 0.4703 0.8302 0.7549 0.8002
105 0.0202 0.0198 0.9293 0.0421 0.9137 0.2872 0.4692 0.8301 0.7585 0.7994
106 0.0197 0.0195 0.9260 0.0414 0.9103 0.3153 0.4714 0.8305 0.7887 0.8026
107 0.0206 0.0204 0.9273 0.0431 0.9117 0.3082 0.4682 0.8265 0.7784 0.7966
108 0.0199 0.0196 0.9291 0.0417 0.9133 0.2982 0.4683 0.8313 0.7685 0.8002
109 0.0211 0.0205 0.9241 0.0436 0.9068 0.3147 0.4717 0.8234 0.7884 0.7929
110 0.0265 0.0248 0.9151 0.0533 0.8938 0.3627 0.4702 0.8264 0.8347 0.7951
111 0.0437 0.0373 0.8988 0.0829 0.8739 0.2967 0.5046 0.7911 0.8029 0.7481
112 0.0352 0.0328 0.9076 0.0699 0.8838 0.2680 0.4711 0.8273 0.7410 0.7975
113 0.0241 0.0234 0.9203 0.0496 0.9025 0.2514 0.4680 0.8293 0.7213 0.7980
114 0.0189 0.0188 0.9299 0.0399 0.9148 0.2692 0.4612 0.8399 0.7325 0.8105
115 0.0182 0.0181 0.9325 0.0386 0.9182 0.2685 0.4616 0.8390 0.7321 0.8101
116 0.0179 0.0179 0.9324 0.0381 0.9184 0.3144 0.4649 0.8312 0.7813 0.8023
117 0.0190 0.0186 0.9328 0.0397 0.9175 0.3077 0.4687 0.8267 0.7784 0.7965
118 0.0301 0.0277 0.9145 0.0599 0.8961 0.3096 0.5045 0.7970 0.8161 0.7684
119 0.0419 0.0389 0.8904 0.0827 0.8658 0.3130 0.4792 0.8075 0.7940 0.7752
120 0.0576 0.0492 0.8759 0.1086 0.8476 0.2609 0.4978 0.8028 0.7601 0.7603
121 0.0454 0.0403 0.8927 0.0875 0.8677 0.2377 0.4742 0.8097 0.7136 0.7750
122 0.0304 0.0288 0.9145 0.0611 0.8946 0.2782 0.4822 0.8165 0.7622 0.7849
123 0.0229 0.0230 0.9223 0.0481 0.9047 0.2690 0.4698 0.8408 0.7408 0.8121
124 0.0196 0.0192 0.9292 0.0410 0.9128 0.2795 0.4634 0.8380 0.7450 0.8094
125 0.0186 0.0186 0.9322 0.0394 0.9170 0.2723 0.4641 0.8374 0.7384 0.8083
126 0.0180 0.0179 0.9324 0.0381 0.9183 0.2771 0.4628 0.8420 0.7421 0.8120
127 0.0178 0.0174 0.9313 0.0374 0.9168 0.3005 0.4638 0.8367 0.7664 0.8076
128 0.0174 0.0175 0.9342 0.0373 0.9188 0.2954 0.4663 0.8419 0.7637 0.8127
129 0.0182 0.0180 0.9285 0.0385 0.9134 0.3074 0.4631 0.8329 0.7725 0.8031
130 0.0236 0.0225 0.9212 0.0482 0.9021 0.2908 0.4940 0.8296 0.7867 0.8024
131 0.0261 0.0244 0.9139 0.0525 0.8959 0.2865 0.4795 0.8200 0.7679 0.7918
132 0.0219 0.0218 0.9228 0.0459 0.9051 0.3208 0.4796 0.8169 0.8023 0.7811
133 0.0292 0.0263 0.9207 0.0577 0.9022 0.3143 0.4672 0.8252 0.7835 0.7936
134 0.0182 0.0184 0.9329 0.0389 0.9179 0.3125 0.4666 0.8355 0.7811 0.8062
135 0.0162 0.0167 0.9390 0.0352 0.9257 0.3066 0.4654 0.8353 0.7741 0.8050
136 0.0156 0.0158 0.9387 0.0338 0.9257 0.3194 0.4623 0.8356 0.7838 0.8036
137 0.0169 0.0164 0.9372 0.0357 0.9242 0.3139 0.4662 0.8295 0.7822 0.7980
138 0.0174 0.0176 0.9341 0.0373 0.9194 0.3026 0.4657 0.8321 0.7703 0.8011
139 0.0164 0.0166 0.9359 0.0353 0.9220 0.2859 0.4606 0.8293 0.7487 0.8000
140 0.0200 0.0195 0.9269 0.0416 0.9093 0.3593 0.4667 0.8248 0.8279 0.7917
141 0.0174 0.0175 0.9297 0.0373 0.9156 0.3287 0.4608 0.8379 0.7916 0.8072
142 0.0207 0.0199 0.9246 0.0429 0.9089 0.3215 0.4766 0.8290 0.8000 0.7962
143 0.0190 0.0195 0.9323 0.0409 0.9167 0.3236 0.4653 0.8279 0.7909 0.7938
144 0.0159 0.0162 0.9400 0.0345 0.9253 0.3121 0.4641 0.8351 0.7782 0.8038
145 0.0143 0.0148 0.9434 0.0317 0.9304 0.3283 0.4639 0.8358 0.7943 0.8054
146 0.0140 0.0144 0.9438 0.0309 0.9315 0.3460 0.4638 0.8394 0.8119 0.8073
147 0.0145 0.0148 0.9429 0.0318 0.9302 0.3285 0.4632 0.8401 0.7937 0.8085
148 0.0144 0.0147 0.9423 0.0316 0.9291 0.3425 0.4623 0.8401 0.8068 0.8105
149 0.0429 0.0371 0.8956 0.0819 0.8701 0.2194 0.5050 0.7764 0.7259 0.7418
