epoch train_iou train_loss train_mAP val_iou val_mAP
0 0.6142 1.1817 0.5428 0.6737 0.5773
1 0.7088 0.9298 0.6422 0.6853 0.6000
2 0.7281 0.8489 0.6665 0.7425 0.6792
3 0.7531 0.7760 0.6904 0.7825 0.7310
4 0.7652 0.7405 0.7098 0.7938 0.7468
5 0.7763 0.6875 0.7214 0.7961 0.7451
6 0.7828 0.6771 0.7286 0.8078 0.7588
7 0.7849 0.6757 0.7329 0.7897 0.7344
8 0.7725 0.7103 0.7198 0.8017 0.7535
9 0.7797 0.7065 0.7294 0.8035 0.7651
10 0.7841 0.6857 0.7315 0.7553 0.7161
11 0.7975 0.6534 0.7517 0.7889 0.7456
12 0.8074 0.6049 0.7645 0.8270 0.7869
13 0.8184 0.5733 0.7745 0.8186 0.7814
14 0.8209 0.5569 0.7794 0.8344 0.8012
15 0.8325 0.5187 0.7889 0.8369 0.8013
16 0.8310 0.5155 0.7866 0.8358 0.8014
17 0.8282 0.5324 0.7851 0.8275 0.7881
18 0.8161 0.5806 0.7685 0.8249 0.7850
19 0.8228 0.5773 0.7816 0.8157 0.7841
20 0.8150 0.5917 0.7736 0.8258 0.7912
21 0.8124 0.5880 0.7718 0.8253 0.7931
22 0.8294 0.5329 0.7901 0.8299 0.7983
23 0.8377 0.5036 0.7992 0.8402 0.8059
24 0.8449 0.4754 0.8045 0.8394 0.8034
25 0.8460 0.4658 0.8054 0.8394 0.8079
26 0.8492 0.4507 0.8120 0.8457 0.8148
27 0.8496 0.4657 0.8101 0.8483 0.8169
28 0.8460 0.4819 0.8071 0.8389 0.8078
29 0.8384 0.5078 0.7980 0.8226 0.7906
30 0.8347 0.5276 0.7950 0.8170 0.7709
31 0.8336 0.5254 0.7950 0.8300 0.7969
32 0.8465 0.4863 0.8075 0.8384 0.8072
33 0.8542 0.4554 0.8160 0.8433 0.8113
34 0.8661 0.4120 0.8274 0.8463 0.8157
35 0.8591 0.4191 0.8222 0.8480 0.8177
36 0.8656 0.4087 0.8292 0.8488 0.8192
37 0.8629 0.4159 0.8263 0.8530 0.8224
38 0.8574 0.4358 0.8178 0.8410 0.8123
39 0.8505 0.4650 0.8133 0.8221 0.7912
40 0.8365 0.5158 0.7962 0.8160 0.7758
41 0.8416 0.5059 0.8024 0.8434 0.8153
42 0.8568 0.4494 0.8180 0.8451 0.8166
43 0.8619 0.4304 0.8248 0.8532 0.8233
44 0.8695 0.3943 0.8360 0.8510 0.8227
45 0.8750 0.3734 0.8372 0.8516 0.8243
46 0.8748 0.3773 0.8393 0.8473 0.8184
47 0.8699 0.3861 0.8337 0.8394 0.8138
48 0.8640 0.4239 0.8269 0.8375 0.8072
49 0.8595 0.4382 0.8210 0.8359 0.8056
50 0.8460 0.4817 0.8059 0.8047 0.7518
51 0.8485 0.4565 0.8123 0.8346 0.8067
52 0.8679 0.4188 0.8314 0.8401 0.8144
53 0.8744 0.3793 0.8390 0.8471 0.8147
54 0.8782 0.3619 0.8428 0.8378 0.8082
55 0.8826 0.3518 0.8476 0.8437 0.8150
56 0.8795 0.3527 0.8448 0.8457 0.8183
57 0.8827 0.3478 0.8451 0.8433 0.8168
58 0.8777 0.3692 0.8398 0.8256 0.7944
59 0.8761 0.3730 0.8383 0.8367 0.8096
60 0.8525 0.4434 0.8141 0.8272 0.7887
61 0.8636 0.4213 0.8269 0.8473 0.8156
62 0.8780 0.3757 0.8430 0.8437 0.8153
63 0.8844 0.3492 0.8511 0.8562 0.8251
64 0.8868 0.3287 0.8534 0.8508 0.8220
65 0.8953 0.3093 0.8613 0.8472 0.8212
66 0.8890 0.3182 0.8565 0.8528 0.8263
67 0.8826 0.3314 0.8494 0.8440 0.8181
68 0.8835 0.3402 0.8503 0.8444 0.8183
69 0.8808 0.3644 0.8449 0.8547 0.8248
70 0.8622 0.4391 0.8267 0.7921 0.7627
71 0.8699 0.4106 0.8338 0.8424 0.8112
72 0.8752 0.3755 0.8407 0.8313 0.8011
73 0.8860 0.3416 0.8507 0.8501 0.8181
74 0.8924 0.3217 0.8605 0.8584 0.8329
75 0.8951 0.3022 0.8636 0.8574 0.8314
76 0.8956 0.2964 0.8629 0.8572 0.8298
77 0.8926 0.3200 0.8596 0.8527 0.8242
78 0.8906 0.3279 0.8573 0.8341 0.8089
79 0.8806 0.3686 0.8463 0.8186 0.7822
80 0.8661 0.3922 0.8313 0.8499 0.8183
81 0.8724 0.3937 0.8390 0.8557 0.8252
82 0.8848 0.3507 0.8515 0.8427 0.8167
83 0.8896 0.3312 0.8581 0.8533 0.8269
84 0.8939 0.3067 0.8624 0.8552 0.8315
85 0.8938 0.2988 0.8643 0.8555 0.8304
86 0.8983 0.2887 0.8661 0.8516 0.8290
87 0.8957 0.2953 0.8622 0.8561 0.8287
88 0.8942 0.3082 0.8599 0.8467 0.8179
89 0.8853 0.3402 0.8496 0.8467 0.8166
90 0.8750 0.3753 0.8401 0.8137 0.7817
91 0.8785 0.3626 0.8431 0.8120 0.7805
92 0.8904 0.3184 0.8564 0.8293 0.8005
93 0.8925 0.3112 0.8602 0.8563 0.8319
94 0.8975 0.2873 0.8667 0.8567 0.8357
95 0.8992 0.2773 0.8684 0.8577 0.8344
96 0.9003 0.2774 0.8686 0.8551 0.8312
97 0.9062 0.2616 0.8730 0.8589 0.8322
98 0.8944 0.3003 0.8611 0.8201 0.7885
99 0.8799 0.3471 0.8462 0.8508 0.8238
100 0.8971 0.3056 0.8640 0.8531 0.8273
101 0.8968 0.3002 0.8662 0.8562 0.8311
102 0.9030 0.2695 0.8707 0.8523 0.8279
103 0.9067 0.2590 0.8761 0.8588 0.8331
104 0.9109 0.2497 0.8803 0.8539 0.8292
105 0.9095 0.2528 0.8805 0.8562 0.8327
106 0.9065 0.2488 0.8763 0.8544 0.8300
107 0.9080 0.2448 0.8776 0.8537 0.8282
108 0.9088 0.2530 0.8774 0.8606 0.8344
109 0.9075 0.2644 0.8771 0.8596 0.8294
110 0.9006 0.2751 0.8685 0.8379 0.8159
111 0.9029 0.2715 0.8745 0.8533 0.8267
112 0.9073 0.2544 0.8764 0.8556 0.8278
113 0.9082 0.2459 0.8770 0.8592 0.8332
114 0.9136 0.2381 0.8852 0.8553 0.8290
115 0.9155 0.2367 0.8870 0.8583 0.8304
116 0.9134 0.2352 0.8849 0.8555 0.8292
117 0.9126 0.2384 0.8857 0.8617 0.8338
118 0.9137 0.2386 0.8848 0.8596 0.8350
119 0.9032 0.2610 0.8726 0.8542 0.8268
120 0.9078 0.2572 0.8770 0.8506 0.8266
121 0.9083 0.2480 0.8804 0.8576 0.8317
122 0.9093 0.2445 0.8801 0.8551 0.8270
123 0.9148 0.2366 0.8856 0.8578 0.8308
124 0.9143 0.2336 0.8865 0.8583 0.8323
125 0.9168 0.2235 0.8893 0.8601 0.8358
126 0.9171 0.2273 0.8901 0.8598 0.8345
127 0.9146 0.2248 0.8871 0.8582 0.8321
128 0.9182 0.2336 0.8897 0.8574 0.8322
129 0.9132 0.2341 0.8829 0.8518 0.8210
130 0.9102 0.2482 0.8807 0.8535 0.8280
131 0.9023 0.2737 0.8728 0.8447 0.8169
132 0.9052 0.2506 0.8733 0.8556 0.8293
133 0.9139 0.2349 0.8856 0.8562 0.8302
134 0.9160 0.2242 0.8873 0.8552 0.8293
135 0.9150 0.2216 0.8862 0.8580 0.8329
136 0.9198 0.2146 0.8922 0.8569 0.8314
137 0.9171 0.2227 0.8876 0.8607 0.8349
138 0.9185 0.2216 0.8909 0.8599 0.8326
139 0.9155 0.2331 0.8875 0.8546 0.8273
140 0.9118 0.2483 0.8818 0.8508 0.8216
141 0.9134 0.2335 0.8856 0.8559 0.8316
142 0.9113 0.2420 0.8819 0.8564 0.8304
143 0.9183 0.2232 0.8900 0.8552 0.8333
144 0.9149 0.2154 0.8885 0.8622 0.8373
145 0.9220 0.2094 0.8952 0.8618 0.8365
146 0.9204 0.2133 0.8938 0.8577 0.8339
147 0.9172 0.2191 0.8895 0.8588 0.8332
148 0.9147 0.2220 0.8852 0.8597 0.8346
149 0.9138 0.2324 0.8870 0.8622 0.8346
150 0.9138 0.2350 0.8833 0.8552 0.8285
151 0.9133 0.2341 0.8852 0.8558 0.8255
152 0.9134 0.2277 0.8834 0.8559 0.8294
153 0.9153 0.2201 0.8877 0.8520 0.8291
154 0.9196 0.2138 0.8918 0.8597 0.8363
155 0.9233 0.2012 0.8963 0.8570 0.8335
156 0.9210 0.2034 0.8963 0.8560 0.8326
157 0.9226 0.2011 0.8955 0.8607 0.8371
158 0.9172 0.2117 0.8886 0.8605 0.8352
159 0.9190 0.2166 0.8904 0.8579 0.8322
160 0.9176 0.2174 0.8907 0.8627 0.8385
161 0.9209 0.2002 0.8942 0.8624 0.8382
162 0.9223 0.1977 0.8956 0.8665 0.8419
163 0.9218 0.2021 0.8954 0.8643 0.8394
164 0.9235 0.1974 0.8975 0.8672 0.8424
165 0.9248 0.1910 0.8981 0.8648 0.8385
166 0.9247 0.1934 0.8992 0.8642 0.8391
167 0.9269 0.1872 0.9015 0.8646 0.8398
168 0.9253 0.1890 0.9005 0.8645 0.8398
169 0.9255 0.1954 0.8983 0.8646 0.8406
170 0.9243 0.1927 0.8987 0.8655 0.8406
171 0.9233 0.1955 0.8975 0.8589 0.8335
172 0.9248 0.1948 0.8994 0.8640 0.8389
173 0.9268 0.1891 0.9016 0.8658 0.8415
174 0.9264 0.1890 0.9011 0.8622 0.8374
175 0.9240 0.1938 0.8963 0.8639 0.8388
176 0.9268 0.1891 0.9011 0.8622 0.8357
177 0.9262 0.1910 0.8990 0.8614 0.8357
178 0.9298 0.1820 0.9045 0.8646 0.8391
179 0.9297 0.1841 0.9060 0.8598 0.8340
180 0.9251 0.1899 0.9000 0.8635 0.8388
181 0.9266 0.1886 0.9006 0.8637 0.8373
182 0.9251 0.1855 0.8989 0.8643 0.8381
183 0.9276 0.1847 0.9034 0.8654 0.8403
184 0.9242 0.1882 0.9007 0.8627 0.8349
185 0.9269 0.1823 0.9020 0.8638 0.8379
186 0.9277 0.1852 0.9019 0.8609 0.8362
187 0.9259 0.1876 0.9018 0.8635 0.8369
188 0.9312 0.1783 0.9058 0.8636 0.8371
189 0.9300 0.1857 0.9055 0.8644 0.8393
190 0.9317 0.1764 0.9068 0.8604 0.8350
191 0.9276 0.1844 0.9028 0.8641 0.8399
192 0.9257 0.1838 0.9017 0.8620 0.8362
193 0.9292 0.1805 0.9042 0.8618 0.8356
194 0.9302 0.1804 0.9049 0.8646 0.8385
195 0.9237 0.1927 0.8973 0.8622 0.8370
196 0.9303 0.1803 0.9072 0.8665 0.8418
197 0.9285 0.1870 0.9039 0.8644 0.8407
198 0.9266 0.1840 0.9020 0.8630 0.8375
199 0.9287 0.1784 0.9018 0.8635 0.8379
