epoch train_BCELoss train_SoftDiceLoss train_iou train_loss train_mAP val_BCELoss val_SoftDiceLoss val_iou val_loss val_mAP
0 0.3471 0.4442 0.6124 1.1797 0.5574 0.3648 0.7067 0.5471 1.2121 0.5040
1 0.2634 0.3523 0.7066 0.8817 0.6546 0.2728 0.6404 0.7309 0.8400 0.6791
2 0.2404 0.3270 0.7372 0.7989 0.6879 0.4606 0.7214 0.5065 1.5814 0.4472
3 0.2166 0.3014 0.7629 0.7207 0.7193 0.2303 0.5990 0.7645 0.7377 0.7172
4 0.1916 0.2716 0.7832 0.6422 0.7402 0.1684 0.5684 0.7802 0.6204 0.7383
5 0.1722 0.2456 0.7986 0.5892 0.7587 0.1697 0.5687 0.7948 0.5903 0.7558
6 0.1766 0.2476 0.8019 0.5963 0.7608 0.1793 0.5714 0.7979 0.6038 0.7581
7 0.1883 0.2639 0.7879 0.6395 0.7438 0.1880 0.5877 0.7864 0.6179 0.7453
8 0.1853 0.2557 0.7952 0.6208 0.7501 0.2622 0.6138 0.7645 0.8111 0.7142
9 0.1954 0.2673 0.7906 0.6473 0.7450 0.2043 0.5690 0.7576 0.7438 0.7120
10 0.1936 0.2625 0.7881 0.6602 0.7468 0.3220 0.6410 0.6570 1.0493 0.5903
11 0.1723 0.2393 0.8074 0.5897 0.7697 0.1831 0.5755 0.7705 0.6484 0.7326
12 0.1650 0.2317 0.8102 0.5626 0.7735 0.1816 0.5495 0.8181 0.5954 0.7761
13 0.1552 0.2188 0.8258 0.5266 0.7907 0.1707 0.5593 0.8066 0.5680 0.7716
14 0.1293 0.1865 0.8451 0.4534 0.8112 0.1448 0.5426 0.8207 0.5217 0.7916
15 0.1223 0.1748 0.8435 0.4424 0.8104 0.1450 0.5385 0.8272 0.5168 0.7971
16 0.1260 0.1801 0.8487 0.4456 0.8133 0.1461 0.5392 0.8306 0.5052 0.7960
17 0.1407 0.2009 0.8351 0.4880 0.7998 0.1547 0.5385 0.8269 0.5357 0.7874
18 0.1434 0.2051 0.8300 0.5033 0.7934 0.1634 0.5560 0.7969 0.5976 0.7590
19 0.1575 0.2190 0.8176 0.5489 0.7808 0.1878 0.5601 0.7884 0.6518 0.7470
20 0.1573 0.2205 0.8170 0.5422 0.7801 0.2225 0.5617 0.7702 0.7745 0.7141
21 0.1487 0.2098 0.8260 0.5185 0.7875 0.3566 0.5855 0.7508 1.0658 0.7017
22 0.1395 0.1986 0.8416 0.4736 0.8050 0.2165 0.5656 0.7962 0.6760 0.7563
23 0.1291 0.1824 0.8470 0.4504 0.8128 0.1595 0.5385 0.8308 0.5262 0.7911
24 0.1156 0.1692 0.8588 0.4062 0.8231 0.1531 0.5309 0.8221 0.5550 0.7865
25 0.1071 0.1533 0.8575 0.4065 0.8256 0.1494 0.5297 0.8268 0.5392 0.7929
26 0.1099 0.1592 0.8623 0.3965 0.8294 0.1418 0.5287 0.8312 0.4914 0.8013
27 0.1096 0.1570 0.8642 0.3925 0.8282 0.1402 0.5251 0.8295 0.5146 0.7963
28 0.1235 0.1743 0.8472 0.4442 0.8121 0.2842 0.5819 0.7205 0.9482 0.6587
29 0.1389 0.1950 0.8343 0.4906 0.7950 0.2427 0.5886 0.7793 0.7076 0.7385
30 0.1541 0.2135 0.8331 0.5177 0.7989 0.3088 0.6011 0.7347 0.9496 0.6827
31 0.1425 0.2008 0.8433 0.4797 0.8075 0.1685 0.5646 0.8197 0.5453 0.7847
32 0.1332 0.1891 0.8484 0.4578 0.8167 0.1514 0.5391 0.8243 0.5387 0.7928
33 0.1142 0.1627 0.8637 0.4058 0.8333 0.1514 0.5384 0.8232 0.5270 0.7911
34 0.1074 0.1568 0.8693 0.3750 0.8380 0.1386 0.5241 0.8476 0.4953 0.8169
35 0.0930 0.1341 0.8773 0.3509 0.8459 0.1362 0.5228 0.8486 0.4852 0.8191
36 0.1006 0.1480 0.8751 0.3614 0.8442 0.1275 0.5153 0.8481 0.4675 0.8151
37 0.1008 0.1428 0.8707 0.3712 0.8373 0.1413 0.5292 0.8389 0.5014 0.8072
38 0.1093 0.1547 0.8613 0.4033 0.8268 0.1455 0.5339 0.8337 0.5039 0.8001
39 0.1227 0.1733 0.8497 0.4453 0.8143 0.1665 0.5429 0.8222 0.5524 0.7862
40 0.1358 0.1912 0.8408 0.4786 0.8070 0.1768 0.5675 0.7757 0.6656 0.7335
41 0.1351 0.1869 0.8429 0.4749 0.8078 0.2551 0.6002 0.7821 0.7794 0.7293
42 0.1238 0.1761 0.8601 0.4259 0.8242 0.1517 0.5298 0.8273 0.5541 0.7933
43 0.1088 0.1592 0.8686 0.3841 0.8363 0.1418 0.5171 0.8352 0.5249 0.8043
44 0.0923 0.1360 0.8818 0.3366 0.8511 0.1487 0.5165 0.8476 0.5307 0.8143
45 0.0853 0.1195 0.8795 0.3380 0.8482 0.1382 0.5118 0.8507 0.4987 0.8154
46 0.0899 0.1324 0.8780 0.3409 0.8474 0.1578 0.5119 0.8467 0.5441 0.8151
47 0.1018 0.1393 0.8803 0.3589 0.8480 0.1344 0.5105 0.8436 0.4898 0.8061
48 0.0998 0.1419 0.8690 0.3752 0.8374 0.1556 0.5225 0.8243 0.5587 0.7895
49 0.1031 0.1452 0.8688 0.3792 0.8351 0.1772 0.5095 0.8364 0.6373 0.8016
50 0.1090 0.1571 0.8516 0.4219 0.8148 0.1863 0.5414 0.8093 0.6828 0.7708
51 0.1157 0.1655 0.8565 0.4262 0.8214 0.1753 0.5289 0.8076 0.6203 0.7716
52 0.1076 0.1520 0.8710 0.3831 0.8373 0.1506 0.5296 0.8310 0.5469 0.8000
53 0.1001 0.1446 0.8748 0.3608 0.8428 0.1351 0.5136 0.8389 0.5086 0.8073
54 0.0856 0.1241 0.8784 0.3326 0.8479 0.1392 0.5146 0.8452 0.5022 0.8160
55 0.0804 0.1148 0.8853 0.3126 0.8569 0.1343 0.5116 0.8465 0.4899 0.8162
56 0.0750 0.1097 0.8922 0.2968 0.8609 0.1432 0.5093 0.8529 0.5174 0.8224
57 0.0806 0.1171 0.8884 0.3127 0.8570 0.1604 0.5137 0.8427 0.5799 0.8101
58 0.0859 0.1213 0.8839 0.3288 0.8507 0.1392 0.5216 0.8458 0.5024 0.8108
59 0.0918 0.1284 0.8716 0.3597 0.8379 0.1533 0.5212 0.8254 0.5221 0.7849
60 0.1063 0.1528 0.8669 0.3947 0.8348 0.2046 0.5443 0.8263 0.7089 0.7942
61 0.0976 0.1387 0.8756 0.3605 0.8403 0.1429 0.5240 0.8354 0.5438 0.8043
62 0.0906 0.1312 0.8755 0.3521 0.8432 0.1501 0.5239 0.8347 0.5148 0.8031
63 0.0756 0.1133 0.8850 0.3088 0.8522 0.1506 0.5112 0.8530 0.5401 0.8222
64 0.0719 0.1046 0.8952 0.2888 0.8647 0.1461 0.5092 0.8510 0.5217 0.8181
65 0.0682 0.1011 0.8946 0.2750 0.8634 0.1471 0.5089 0.8506 0.5302 0.8192
66 0.0656 0.0940 0.8971 0.2750 0.8673 0.1399 0.5072 0.8508 0.5083 0.8227
67 0.0641 0.0931 0.8977 0.2694 0.8672 0.1687 0.5065 0.8441 0.5973 0.8084
68 0.0823 0.1157 0.8876 0.3171 0.8572 0.1523 0.5156 0.8396 0.5821 0.8065
69 0.0799 0.1146 0.8832 0.3261 0.8506 0.1653 0.5212 0.8242 0.6191 0.7844
70 0.1033 0.1465 0.8714 0.3768 0.8368 0.1456 0.5302 0.8348 0.5278 0.8017
71 0.0915 0.1297 0.8817 0.3437 0.8486 0.2235 0.5190 0.8099 0.7699 0.7685
72 0.0833 0.1173 0.8859 0.3257 0.8549 0.1565 0.5120 0.8418 0.5580 0.8084
73 0.0753 0.1074 0.8876 0.3067 0.8556 0.1408 0.5061 0.8395 0.5390 0.8097
74 0.0641 0.0930 0.8966 0.2758 0.8651 0.1414 0.5025 0.8502 0.5223 0.8173
75 0.0597 0.0868 0.9009 0.2549 0.8700 0.1439 0.5015 0.8511 0.5260 0.8201
76 0.0609 0.0893 0.9052 0.2574 0.8749 0.1510 0.4985 0.8622 0.5476 0.8308
77 0.0597 0.0877 0.8993 0.2641 0.8689 0.1766 0.5004 0.8491 0.6163 0.8145
78 0.0650 0.0923 0.8948 0.2788 0.8617 0.1714 0.5031 0.8404 0.6187 0.8050
79 0.0923 0.1264 0.8737 0.3596 0.8415 0.2297 0.5488 0.8112 0.8092 0.7701
80 0.1024 0.1438 0.8751 0.3718 0.8417 0.1438 0.5247 0.8334 0.5261 0.7976
81 0.0945 0.1339 0.8764 0.3582 0.8422 0.1487 0.5177 0.8375 0.5520 0.8036
82 0.0792 0.1135 0.8882 0.3175 0.8599 0.1540 0.5163 0.8409 0.5716 0.8056
83 0.0734 0.1066 0.8892 0.2988 0.8564 0.1394 0.4981 0.8568 0.5173 0.8222
84 0.0632 0.0916 0.9045 0.2561 0.8756 0.1366 0.5021 0.8478 0.5148 0.8207
85 0.0573 0.0846 0.8995 0.2547 0.8700 0.1321 0.4991 0.8493 0.5004 0.8198
86 0.0549 0.0807 0.9036 0.2477 0.8767 0.1409 0.5012 0.8447 0.5215 0.8169
87 0.0605 0.0860 0.9014 0.2581 0.8710 0.1497 0.5021 0.8542 0.5447 0.8224
88 0.0663 0.0953 0.8943 0.2786 0.8614 0.1939 0.5196 0.8448 0.6711 0.8154
89 0.0813 0.1140 0.8918 0.3126 0.8598 0.1756 0.5217 0.8316 0.6134 0.7936
90 0.0837 0.1164 0.8753 0.3455 0.8432 0.2140 0.5431 0.8150 0.7670 0.7781
91 0.0872 0.1241 0.8797 0.3379 0.8468 0.1681 0.5324 0.8314 0.6077 0.7981
92 0.0699 0.1005 0.8913 0.2932 0.8611 0.2098 0.5295 0.8337 0.7113 0.8030
93 0.0690 0.0970 0.8956 0.2822 0.8669 0.1477 0.5067 0.8442 0.5415 0.8148
94 0.0592 0.0856 0.9069 0.2467 0.8784 0.1356 0.5014 0.8573 0.5044 0.8273
95 0.0548 0.0821 0.9088 0.2387 0.8803 0.1337 0.4988 0.8562 0.5018 0.8273
96 0.0519 0.0760 0.9081 0.2352 0.8774 0.1352 0.4953 0.8575 0.5080 0.8242
97 0.0531 0.0771 0.9037 0.2466 0.8738 0.1645 0.5038 0.8539 0.6007 0.8228
98 0.0619 0.0881 0.8983 0.2676 0.8674 0.1550 0.5143 0.8474 0.5589 0.8147
99 0.0692 0.0995 0.8918 0.2917 0.8593 0.2611 0.5312 0.7791 0.9125 0.7335
100 0.0717 0.0980 0.8944 0.2950 0.8627 0.1860 0.5194 0.8459 0.6389 0.8094
101 0.0832 0.1175 0.8880 0.3284 0.8574 0.1690 0.5382 0.8281 0.6009 0.7956
102 0.0720 0.1048 0.8935 0.2894 0.8629 0.1419 0.5041 0.8400 0.5252 0.8062
103 0.0576 0.0819 0.9014 0.2542 0.8708 0.1470 0.5093 0.8551 0.5277 0.8260
104 0.0500 0.0726 0.9173 0.2174 0.8896 0.1504 0.4994 0.8563 0.5472 0.8262
105 0.0476 0.0698 0.9144 0.2167 0.8876 0.1486 0.4987 0.8583 0.5411 0.8276
106 0.0445 0.0655 0.9132 0.2156 0.8859 0.1586 0.4984 0.8570 0.5572 0.8279
107 0.0482 0.0688 0.9089 0.2319 0.8806 0.1529 0.5048 0.8501 0.5463 0.8234
108 0.0539 0.0758 0.9100 0.2408 0.8813 0.1748 0.5103 0.8402 0.6446 0.8094
109 0.0651 0.0938 0.8949 0.2776 0.8639 0.1772 0.5451 0.8158 0.6538 0.7859
110 0.0836 0.1144 0.8825 0.3343 0.8507 0.2059 0.5364 0.7905 0.7600 0.7466
111 0.0687 0.0973 0.8921 0.2903 0.8607 0.1935 0.5299 0.8378 0.6817 0.8059
112 0.0636 0.0942 0.8989 0.2743 0.8684 0.1373 0.5040 0.8465 0.5437 0.8143
113 0.0544 0.0775 0.9096 0.2382 0.8786 0.1411 0.5001 0.8465 0.5293 0.8141
114 0.0487 0.0726 0.9146 0.2243 0.8861 0.1456 0.4968 0.8619 0.5399 0.8274
115 0.0455 0.0672 0.9142 0.2130 0.8871 0.1424 0.4928 0.8612 0.5269 0.8261
116 0.0429 0.0624 0.9149 0.2104 0.8871 0.1427 0.4910 0.8616 0.5426 0.8274
117 0.0494 0.0724 0.9109 0.2236 0.8810 0.1613 0.4951 0.8536 0.5883 0.8194
118 0.0450 0.0646 0.9163 0.2149 0.8879 0.1509 0.5138 0.8462 0.5476 0.8119
119 0.0620 0.0877 0.8987 0.2683 0.8674 0.3286 0.5862 0.6999 1.1700 0.6559
120 0.0830 0.1153 0.8821 0.3331 0.8474 0.1835 0.5031 0.8313 0.6784 0.7904
121 0.0887 0.1250 0.8829 0.3368 0.8507 0.1375 0.4998 0.8435 0.5413 0.8108
122 0.0608 0.0876 0.9051 0.2582 0.8752 0.1312 0.5015 0.8566 0.5175 0.8300
123 0.0564 0.0818 0.9095 0.2395 0.8822 0.1383 0.4961 0.8583 0.5243 0.8280
124 0.0486 0.0707 0.9150 0.2204 0.8860 0.1296 0.4918 0.8606 0.4976 0.8282
125 0.0429 0.0640 0.9188 0.2037 0.8919 0.1332 0.4936 0.8605 0.5101 0.8298
126 0.0461 0.0668 0.9119 0.2184 0.8854 0.1261 0.4966 0.8569 0.4876 0.8245
127 0.0477 0.0686 0.9161 0.2128 0.8884 0.1248 0.4959 0.8563 0.4934 0.8221
128 0.0502 0.0722 0.9116 0.2285 0.8829 0.1845 0.5148 0.8264 0.6563 0.8004
129 0.0540 0.0774 0.9022 0.2502 0.8727 0.1459 0.5271 0.8306 0.5250 0.7999
130 0.0650 0.0929 0.8955 0.2761 0.8645 0.3170 0.5315 0.8182 0.9833 0.7871
131 0.0642 0.0927 0.8944 0.2794 0.8622 0.1862 0.5013 0.8435 0.6528 0.8047
132 0.0622 0.0881 0.8978 0.2718 0.8685 0.1588 0.5082 0.8506 0.5777 0.8175
133 0.0489 0.0693 0.9100 0.2300 0.8839 0.1484 0.5012 0.8539 0.5551 0.8192
134 0.0459 0.0662 0.9130 0.2170 0.8853 0.1605 0.4990 0.8544 0.5907 0.8219
135 0.0415 0.0613 0.9187 0.2026 0.8937 0.1513 0.4951 0.8556 0.5682 0.8228
136 0.0399 0.0579 0.9238 0.1908 0.8977 0.1408 0.4969 0.8568 0.5276 0.8236
137 0.0426 0.0616 0.9158 0.2091 0.8888 0.1560 0.4964 0.8530 0.5834 0.8208
138 0.0440 0.0627 0.9146 0.2136 0.8861 0.1671 0.4960 0.8532 0.6005 0.8213
139 0.0663 0.0932 0.9000 0.2757 0.8714 0.4256 0.5672 0.7326 1.2915 0.6844
140 0.0825 0.1166 0.8836 0.3265 0.8508 0.1728 0.5136 0.8353 0.6272 0.7984
141 0.0765 0.1078 0.8883 0.3078 0.8576 0.1504 0.5131 0.8373 0.5582 0.8046
142 0.0603 0.0850 0.9034 0.2555 0.8727 0.1220 0.5027 0.8610 0.4691 0.8254
143 0.0497 0.0720 0.9147 0.2237 0.8879 0.1467 0.5039 0.8639 0.5211 0.8326
144 0.0450 0.0650 0.9205 0.2012 0.8943 0.1444 0.4928 0.8683 0.5361 0.8365
145 0.0409 0.0600 0.9245 0.1893 0.8982 0.1415 0.4921 0.8670 0.5282 0.8347
146 0.0409 0.0571 0.9195 0.1996 0.8924 0.1395 0.4942 0.8668 0.5220 0.8371
147 0.0429 0.0626 0.9178 0.2049 0.8902 0.1528 0.4840 0.8600 0.5668 0.8269
148 0.0475 0.0672 0.9159 0.2158 0.8884 0.1524 0.4955 0.8472 0.6025 0.8141
149 0.0608 0.0845 0.9060 0.2546 0.8771 0.1418 0.5052 0.8443 0.5312 0.8101
150 0.0663 0.0955 0.9005 0.2731 0.8695 0.1540 0.5066 0.8475 0.5658 0.8143
151 0.0598 0.0823 0.9048 0.2550 0.8748 0.1495 0.4990 0.8321 0.5835 0.7930
152 0.0562 0.0806 0.9132 0.2386 0.8847 0.1445 0.5145 0.8418 0.5429 0.8113
153 0.0448 0.0657 0.9172 0.2100 0.8912 0.1436 0.4830 0.8563 0.5492 0.8274
154 0.0400 0.0560 0.9260 0.1887 0.8991 0.1435 0.4885 0.8520 0.5518 0.8220
155 0.0401 0.0576 0.9247 0.1878 0.8992 0.1377 0.4834 0.8588 0.5330 0.8296
156 0.0376 0.0543 0.9215 0.1888 0.8977 0.1470 0.4866 0.8649 0.5525 0.8353
157 0.0367 0.0511 0.9249 0.1847 0.8992 0.1776 0.4857 0.8548 0.6469 0.8257
158 0.0416 0.0596 0.9169 0.2039 0.8897 0.1684 0.4944 0.8583 0.6015 0.8278
159 0.0473 0.0669 0.9158 0.2195 0.8874 0.1341 0.5007 0.8512 0.5466 0.8118
160 0.0614 0.0861 0.8982 0.2666 0.8675 0.2255 0.5515 0.7943 0.8755 0.7570
161 0.0665 0.0942 0.8974 0.2831 0.8678 0.1456 0.4967 0.8408 0.5711 0.8055
162 0.0486 0.0692 0.9157 0.2201 0.8889 0.1398 0.4915 0.8531 0.5305 0.8175
163 0.0439 0.0631 0.9156 0.2082 0.8883 0.1465 0.4924 0.8602 0.5619 0.8268
164 0.0394 0.0578 0.9197 0.1957 0.8957 0.1421 0.4884 0.8604 0.5442 0.8275
165 0.0397 0.0561 0.9219 0.1904 0.8947 0.1395 0.4864 0.8633 0.5326 0.8297
166 0.0352 0.0497 0.9261 0.1799 0.8995 0.1445 0.4835 0.8663 0.5510 0.8331
167 0.0404 0.0573 0.9209 0.1963 0.8947 0.1353 0.4874 0.8572 0.5442 0.8252
168 0.0387 0.0543 0.9183 0.2006 0.8928 0.1240 0.4886 0.8516 0.5016 0.8183
169 0.0597 0.0810 0.9072 0.2492 0.8761 0.1655 0.5088 0.8486 0.5971 0.8165
170 0.0583 0.0819 0.9043 0.2544 0.8769 0.3616 0.5771 0.7021 1.2076 0.6222
171 0.0598 0.0837 0.9047 0.2583 0.8753 0.1570 0.5100 0.8475 0.5863 0.8190
172 0.0579 0.0795 0.9083 0.2431 0.8787 0.1408 0.5056 0.8519 0.5253 0.8198
173 0.0445 0.0639 0.9170 0.2040 0.8909 0.1357 0.4839 0.8594 0.5241 0.8254
174 0.0375 0.0541 0.9249 0.1857 0.9008 0.1362 0.4821 0.8611 0.5369 0.8292
175 0.0353 0.0505 0.9269 0.1785 0.9016 0.1428 0.4824 0.8638 0.5492 0.8341
176 0.0360 0.0521 0.9238 0.1810 0.8982 0.1407 0.4853 0.8601 0.5346 0.8300
177 0.0368 0.0524 0.9258 0.1845 0.8997 0.1568 0.4863 0.8568 0.5881 0.8263
178 0.0438 0.0619 0.9177 0.2074 0.8913 0.1663 0.4975 0.8457 0.6462 0.8147
179 0.0545 0.0749 0.9078 0.2458 0.8806 0.1692 0.5251 0.8372 0.5927 0.8049
180 0.0632 0.0901 0.9001 0.2684 0.8697 0.1972 0.5055 0.8366 0.7354 0.8067
181 0.0576 0.0816 0.9051 0.2531 0.8769 0.1906 0.5201 0.8268 0.7186 0.7950
182 0.0428 0.0614 0.9183 0.2062 0.8901 0.1821 0.4933 0.8482 0.6507 0.8113
183 0.0383 0.0532 0.9247 0.1854 0.8990 0.1631 0.4864 0.8560 0.6083 0.8251
184 0.0336 0.0482 0.9246 0.1784 0.9006 0.1708 0.4875 0.8602 0.6187 0.8297
185 0.0329 0.0465 0.9285 0.1712 0.9049 0.1659 0.4852 0.8598 0.6030 0.8298
186 0.0339 0.0465 0.9283 0.1744 0.9054 0.2006 0.4906 0.8582 0.6762 0.8304
187 0.0337 0.0465 0.9297 0.1714 0.9049 0.1642 0.4868 0.8554 0.6120 0.8230
188 0.0363 0.0497 0.9257 0.1834 0.9016 0.1577 0.4942 0.8502 0.6021 0.8233
189 0.0490 0.0663 0.9154 0.2225 0.8876 0.1996 0.5140 0.8265 0.6772 0.7888
190 0.0696 0.0972 0.8931 0.2929 0.8610 0.5536 0.5818 0.6940 1.7291 0.6322
191 0.0563 0.0812 0.9063 0.2485 0.8760 0.1666 0.5019 0.8384 0.6208 0.8070
192 0.0482 0.0689 0.9123 0.2245 0.8865 0.1351 0.4982 0.8532 0.5061 0.8194
193 0.0403 0.0588 0.9200 0.1933 0.8951 0.1798 0.4976 0.8518 0.6536 0.8206
194 0.0335 0.0492 0.9296 0.1708 0.9042 0.1682 0.4842 0.8550 0.6163 0.8260
195 0.0357 0.0489 0.9263 0.1822 0.9031 0.1605 0.4838 0.8567 0.5878 0.8273
196 0.0367 0.0498 0.9253 0.1809 0.9010 0.1455 0.4831 0.8516 0.5562 0.8226
197 0.0337 0.0485 0.9288 0.1684 0.9044 0.1877 0.4836 0.8504 0.7189 0.8239
198 0.0382 0.0524 0.9218 0.1948 0.8956 0.1634 0.4914 0.8517 0.6151 0.8156
199 0.0451 0.0660 0.9158 0.2143 0.8889 0.1914 0.5012 0.8459 0.7016 0.8097
200 0.0611 0.0847 0.9021 0.2609 0.8734 0.1620 0.5097 0.8233 0.6023 0.7915
201 0.0581 0.0839 0.9034 0.2594 0.8731 0.1697 0.5004 0.8526 0.6087 0.8197
202 0.0504 0.0708 0.9133 0.2230 0.8859 0.1834 0.5055 0.8300 0.6645 0.7960
203 0.0412 0.0570 0.9226 0.1955 0.8979 0.1388 0.4920 0.8569 0.5361 0.8231
204 0.0366 0.0549 0.9254 0.1811 0.9025 0.1544 0.4863 0.8609 0.5648 0.8291
205 0.0358 0.0520 0.9257 0.1783 0.9013 0.1572 0.4846 0.8610 0.5715 0.8291
206 0.0330 0.0454 0.9312 0.1666 0.9077 0.1551 0.4851 0.8580 0.5844 0.8269
207 0.0350 0.0481 0.9240 0.1824 0.9005 0.1419 0.4869 0.8631 0.5300 0.8331
208 0.0346 0.0492 0.9257 0.1787 0.9014 0.1526 0.4854 0.8524 0.5997 0.8195
209 0.0463 0.0631 0.9198 0.2063 0.8962 0.1491 0.5031 0.8332 0.6329 0.8006
210 0.0561 0.0783 0.9062 0.2465 0.8766 0.1506 0.5189 0.8229 0.6166 0.7905
211 0.0547 0.0790 0.9038 0.2465 0.8754 0.2027 0.5032 0.8361 0.6871 0.8043
212 0.0542 0.0749 0.9106 0.2339 0.8818 0.1356 0.5008 0.8498 0.5301 0.8186
213 0.0384 0.0558 0.9225 0.1894 0.8988 0.1397 0.4837 0.8589 0.5547 0.8296
214 0.0333 0.0468 0.9289 0.1712 0.9054 0.1490 0.4793 0.8632 0.5595 0.8329
215 0.0348 0.0454 0.9296 0.1722 0.9074 0.1423 0.4809 0.8661 0.5427 0.8352
216 0.0313 0.0437 0.9289 0.1663 0.9038 0.1503 0.4804 0.8642 0.5661 0.8347
217 0.0315 0.0439 0.9324 0.1650 0.9079 0.1385 0.4833 0.8661 0.5379 0.8338
218 0.0335 0.0470 0.9226 0.1819 0.8974 0.1731 0.4829 0.8519 0.6556 0.8186
219 0.0369 0.0509 0.9203 0.1937 0.8950 0.1720 0.4871 0.8531 0.6526 0.8246
220 0.0473 0.0650 0.9150 0.2204 0.8887 0.1854 0.4973 0.8432 0.7034 0.8124
221 0.0539 0.0754 0.9077 0.2432 0.8786 0.1637 0.4963 0.8434 0.6427 0.8124
222 0.0421 0.0598 0.9214 0.2013 0.8941 0.1774 0.4886 0.8465 0.6560 0.8132
223 0.0390 0.0538 0.9264 0.1859 0.9021 0.1451 0.4902 0.8464 0.5658 0.8107
224 0.0321 0.0469 0.9310 0.1670 0.9067 0.1427 0.4850 0.8642 0.5369 0.8339
225 0.0322 0.0444 0.9360 0.1567 0.9125 0.1426 0.4817 0.8611 0.5415 0.8293
226 0.0307 0.0439 0.9301 0.1632 0.9058 0.1515 0.4803 0.8545 0.5755 0.8246
227 0.0314 0.0457 0.9307 0.1669 0.9071 0.1476 0.4954 0.8620 0.5576 0.8320
228 0.0313 0.0445 0.9255 0.1727 0.9007 0.1638 0.4902 0.8582 0.6044 0.8254
229 0.0459 0.0616 0.9199 0.2079 0.8927 0.1798 0.5015 0.8331 0.6434 0.7960
230 0.0594 0.0837 0.9027 0.2595 0.8736 0.1613 0.5098 0.8449 0.6035 0.8097
231 0.0615 0.0815 0.9058 0.2518 0.8778 0.1632 0.5109 0.8272 0.6134 0.7883
232 0.0477 0.0678 0.9156 0.2130 0.8890 0.1841 0.4947 0.8532 0.6616 0.8201
233 0.0372 0.0517 0.9280 0.1796 0.9049 0.1602 0.5039 0.8520 0.5883 0.8200
234 0.0345 0.0500 0.9270 0.1737 0.9050 0.1549 0.4883 0.8499 0.5788 0.8188
235 0.0302 0.0438 0.9311 0.1584 0.9103 0.1585 0.4922 0.8500 0.5934 0.8201
236 0.0299 0.0414 0.9336 0.1572 0.9109 0.1751 0.4911 0.8487 0.6389 0.8181
237 0.0316 0.0437 0.9270 0.1689 0.9018 0.1555 0.4836 0.8488 0.5821 0.8157
238 0.0336 0.0457 0.9288 0.1712 0.9050 0.1606 0.4866 0.8419 0.6138 0.8124
239 0.0362 0.0508 0.9259 0.1837 0.9021 0.1827 0.4990 0.8486 0.6484 0.8192
240 0.0428 0.0603 0.9171 0.2072 0.8895 0.1636 0.5160 0.8268 0.6191 0.7874
241 0.0671 0.0885 0.9013 0.2730 0.8726 0.1523 0.4926 0.8504 0.6140 0.8179
242 0.0385 0.0561 0.9183 0.1937 0.8935 0.1828 0.4871 0.8488 0.6871 0.8149
243 0.0402 0.0540 0.9193 0.1949 0.8953 0.1643 0.4919 0.8622 0.6059 0.8278
244 0.0343 0.0478 0.9287 0.1677 0.9041 0.1701 0.4824 0.8652 0.6324 0.8374
245 0.0315 0.0440 0.9312 0.1613 0.9098 0.1632 0.4834 0.8645 0.6098 0.8333
246 0.0303 0.0417 0.9306 0.1556 0.9064 0.1601 0.4796 0.8666 0.6124 0.8352
247 0.0303 0.0423 0.9323 0.1588 0.9100 0.1629 0.4784 0.8666 0.6065 0.8350
248 0.0321 0.0430 0.9319 0.1627 0.9090 0.1595 0.4853 0.8587 0.6189 0.8268
249 0.0378 0.0518 0.9244 0.1865 0.9003 0.1727 0.4959 0.8441 0.6569 0.8120
