epoch train_BCELoss train_SoftDiceLoss train_iou train_loss train_mAP val_BCELoss val_SoftDiceLoss val_iou val_loss val_mAP
0 0.3067 0.2978 0.6515 0.6046 0.5900 0.2382 0.5792 0.7073 0.8178 0.6462
1 0.2527 0.2404 0.6981 0.4935 0.6424 0.2224 0.5659 0.7029 0.7888 0.6453
2 0.2228 0.2052 0.7240 0.4285 0.6738 0.2170 0.5566 0.7350 0.7741 0.6889
3 0.2070 0.1903 0.7432 0.3979 0.6953 0.1797 0.5406 0.7568 0.7209 0.7130
4 0.1804 0.1728 0.7667 0.3538 0.7173 0.1794 0.5255 0.7686 0.7056 0.7239
5 0.1651 0.1537 0.7746 0.3194 0.7316 0.1680 0.5325 0.7713 0.7013 0.7281
6 0.1742 0.1644 0.7737 0.3392 0.7289 0.1669 0.5263 0.7779 0.6940 0.7363
7 0.1745 0.1607 0.7737 0.3358 0.7283 0.1776 0.5336 0.7740 0.7120 0.7290
8 0.2019 0.1831 0.7568 0.3857 0.7097 0.1933 0.5384 0.7401 0.7325 0.6831
9 0.1848 0.1700 0.7593 0.3554 0.7117 0.2696 0.5525 0.7572 0.8228 0.6990
10 0.1888 0.1785 0.7530 0.3681 0.7063 0.2214 0.5413 0.7720 0.7635 0.7267
11 0.1713 0.1536 0.7774 0.3257 0.7361 0.1892 0.5207 0.7659 0.7109 0.7220
12 0.1545 0.1447 0.7881 0.3002 0.7460 0.2372 0.5465 0.7648 0.7847 0.7175
13 0.1380 0.1263 0.7992 0.2652 0.7601 0.1732 0.5143 0.8003 0.6886 0.7605
14 0.1356 0.1233 0.8154 0.2599 0.7780 0.1391 0.5117 0.8075 0.6519 0.7690
15 0.1185 0.1191 0.8217 0.2385 0.7884 0.1427 0.5149 0.8138 0.6587 0.7773
16 0.1178 0.1150 0.8224 0.2338 0.7876 0.1572 0.4999 0.8130 0.6583 0.7707
17 0.1291 0.1195 0.8147 0.2496 0.7793 0.1850 0.5123 0.7947 0.6985 0.7522
18 0.1343 0.1257 0.8014 0.2609 0.7622 0.2173 0.5166 0.7871 0.7350 0.7458
19 0.1580 0.1416 0.7933 0.3006 0.7544 0.2195 0.5342 0.7558 0.7545 0.7083
20 0.1623 0.1517 0.7859 0.3149 0.7444 0.2394 0.5247 0.7342 0.7652 0.6825
21 0.1456 0.1340 0.8007 0.2806 0.7626 0.1810 0.5190 0.7822 0.7009 0.7424
22 0.1243 0.1172 0.8179 0.2425 0.7816 0.1790 0.5240 0.8010 0.7041 0.7660
23 0.1118 0.1038 0.8257 0.2167 0.7896 0.1671 0.4919 0.8085 0.6602 0.7708
24 0.1090 0.1004 0.8273 0.2105 0.7914 0.1712 0.4918 0.8122 0.6642 0.7776
25 0.0903 0.0912 0.8432 0.1826 0.8097 0.1691 0.4915 0.8152 0.6619 0.7814
26 0.0944 0.0839 0.8466 0.1795 0.8132 0.1617 0.4981 0.8155 0.6609 0.7806
27 0.1035 0.0933 0.8315 0.1978 0.7960 0.2125 0.4988 0.8169 0.7126 0.7796
28 0.1129 0.1013 0.8250 0.2152 0.7887 0.1714 0.5160 0.7915 0.6885 0.7484
29 0.1238 0.1119 0.8264 0.2367 0.7855 0.2005 0.5237 0.7927 0.7252 0.7507
30 0.1502 0.1350 0.8039 0.2861 0.7614 0.1772 0.5255 0.7974 0.7037 0.7526
31 0.1306 0.1259 0.8107 0.2575 0.7725 0.2582 0.5231 0.7996 0.7825 0.7632
32 0.1058 0.0922 0.8364 0.1992 0.8013 0.1535 0.4999 0.8112 0.6546 0.7804
33 0.0999 0.0877 0.8426 0.1888 0.8087 0.1791 0.4885 0.8140 0.6689 0.7761
34 0.0860 0.0757 0.8515 0.1628 0.8191 0.1663 0.4926 0.8216 0.6602 0.7887
35 0.0816 0.0785 0.8480 0.1613 0.8168 0.1730 0.4860 0.8212 0.6603 0.7873
36 0.0807 0.0767 0.8536 0.1585 0.8183 0.2183 0.4880 0.8162 0.7076 0.7809
37 0.0974 0.0858 0.8482 0.1842 0.8138 0.1835 0.4876 0.8100 0.6725 0.7713
38 0.0986 0.0870 0.8390 0.1868 0.8043 0.2043 0.5027 0.7943 0.7082 0.7561
39 0.1159 0.1050 0.8328 0.2220 0.7976 0.1937 0.5031 0.8157 0.6981 0.7797
40 0.1258 0.1100 0.8177 0.2368 0.7802 0.1866 0.5204 0.7988 0.7082 0.7578
41 0.1103 0.0995 0.8264 0.2109 0.7894 0.1882 0.5292 0.7888 0.7186 0.7532
42 0.1067 0.0968 0.8369 0.2046 0.8000 0.1911 0.4906 0.8245 0.6830 0.7911
43 0.0837 0.0737 0.8601 0.1585 0.8258 0.1874 0.4923 0.8286 0.6811 0.7899
44 0.0836 0.0763 0.8559 0.1612 0.8229 0.1774 0.4836 0.8321 0.6624 0.7976
45 0.0714 0.0639 0.8657 0.1365 0.8320 0.1754 0.4846 0.8302 0.6613 0.7957
46 0.0751 0.0694 0.8617 0.1457 0.8290 0.1813 0.4891 0.8291 0.6718 0.7941
47 0.0852 0.0770 0.8570 0.1634 0.8256 0.1831 0.4883 0.8359 0.6727 0.7970
48 0.0852 0.0766 0.8558 0.1630 0.8226 0.1999 0.5150 0.8065 0.7161 0.7722
49 0.1026 0.0939 0.8400 0.1976 0.8016 0.1693 0.5011 0.8108 0.6716 0.7763
50 0.1002 0.0862 0.8448 0.1876 0.8095 0.2301 0.5121 0.7992 0.7434 0.7669
51 0.1157 0.1026 0.8256 0.2193 0.7872 0.2168 0.5022 0.8015 0.7200 0.7543
52 0.1020 0.0932 0.8423 0.1965 0.8061 0.2229 0.5011 0.8224 0.7253 0.7870
53 0.0863 0.0741 0.8548 0.1617 0.8218 0.1689 0.4906 0.8287 0.6608 0.7970
54 0.0707 0.0673 0.8612 0.1392 0.8309 0.1818 0.4885 0.8311 0.6716 0.7989
55 0.0657 0.0638 0.8719 0.1308 0.8438 0.1750 0.4867 0.8339 0.6630 0.8008
56 0.0656 0.0590 0.8733 0.1259 0.8412 0.1758 0.4801 0.8323 0.6572 0.7982
57 0.0748 0.0696 0.8634 0.1456 0.8349 0.1833 0.4876 0.8227 0.6723 0.7885
58 0.0761 0.0680 0.8604 0.1454 0.8267 0.2109 0.4878 0.8187 0.7002 0.7864
59 0.1018 0.0910 0.8426 0.1940 0.8072 0.1857 0.5229 0.8028 0.7098 0.7649
60 0.0971 0.0823 0.8464 0.1806 0.8123 0.2357 0.5003 0.7907 0.7371 0.7436
61 0.1178 0.1011 0.8375 0.2201 0.8030 0.1546 0.4973 0.8090 0.6532 0.7718
62 0.0958 0.0874 0.8482 0.1843 0.8131 0.1604 0.4983 0.8272 0.6600 0.7928
63 0.0725 0.0671 0.8598 0.1409 0.8260 0.1908 0.4847 0.8323 0.6769 0.7988
64 0.0635 0.0584 0.8719 0.1231 0.8430 0.1732 0.4830 0.8336 0.6576 0.8031
65 0.0597 0.0558 0.8761 0.1168 0.8441 0.1761 0.4830 0.8342 0.6606 0.8048
66 0.0662 0.0582 0.8674 0.1258 0.8382 0.1899 0.4755 0.8349 0.6670 0.8014
67 0.0708 0.0646 0.8664 0.1368 0.8357 0.2379 0.4860 0.7974 0.7252 0.7605
68 0.0787 0.0719 0.8526 0.1519 0.8189 0.1633 0.4817 0.8360 0.6464 0.8024
69 0.0881 0.0778 0.8533 0.1672 0.8194 0.1828 0.5253 0.8099 0.7094 0.7716
70 0.1106 0.1008 0.8389 0.2125 0.8009 0.1615 0.5096 0.8053 0.6724 0.7736
71 0.1023 0.0965 0.8431 0.1999 0.8068 0.2376 0.5100 0.8052 0.7488 0.7692
72 0.0781 0.0728 0.8604 0.1522 0.8296 0.1756 0.4932 0.8256 0.6702 0.7905
73 0.0692 0.0630 0.8664 0.1335 0.8356 0.1946 0.4895 0.8259 0.6855 0.7910
74 0.0651 0.0577 0.8722 0.1241 0.8436 0.1694 0.4780 0.8401 0.6489 0.8071
75 0.0552 0.0516 0.8778 0.1082 0.8481 0.1696 0.4791 0.8371 0.6503 0.8048
76 0.0592 0.0543 0.8775 0.1148 0.8508 0.1918 0.4803 0.8330 0.6736 0.8011
77 0.0597 0.0532 0.8766 0.1143 0.8452 0.1989 0.4832 0.8314 0.6837 0.7977
78 0.0740 0.0684 0.8659 0.1437 0.8329 0.1953 0.4937 0.8195 0.6904 0.7773
79 0.0822 0.0681 0.8567 0.1515 0.8245 0.1814 0.4981 0.7978 0.6808 0.7571
80 0.0956 0.0824 0.8505 0.1792 0.8151 0.2236 0.4958 0.8101 0.7206 0.7728
81 0.0905 0.0797 0.8495 0.1714 0.8155 0.1791 0.4854 0.8193 0.6659 0.7857
82 0.0726 0.0661 0.8667 0.1400 0.8342 0.2095 0.4899 0.8209 0.7009 0.7910
83 0.0660 0.0607 0.8746 0.1279 0.8428 0.1821 0.4786 0.8307 0.6622 0.7974
84 0.0581 0.0546 0.8772 0.1140 0.8461 0.1920 0.4729 0.8371 0.6665 0.8063
85 0.0532 0.0481 0.8784 0.1026 0.8518 0.1948 0.4729 0.8376 0.6693 0.8072
86 0.0603 0.0531 0.8787 0.1147 0.8485 0.1610 0.4803 0.8405 0.6428 0.8099
87 0.0584 0.0546 0.8792 0.1144 0.8476 0.2244 0.4853 0.8351 0.7112 0.8059
88 0.0564 0.0511 0.8775 0.1088 0.8467 0.2193 0.4843 0.8368 0.7051 0.8032
89 0.0680 0.0602 0.8657 0.1296 0.8345 0.2352 0.4887 0.8080 0.7254 0.7731
90 0.0729 0.0650 0.8698 0.1391 0.8368 0.3782 0.5137 0.7640 0.8932 0.7184
91 0.0882 0.0779 0.8536 0.1673 0.8208 0.2892 0.5088 0.8061 0.7995 0.7675
92 0.0736 0.0704 0.8601 0.1453 0.8284 0.2042 0.4892 0.8233 0.6949 0.7886
93 0.0717 0.0645 0.8744 0.1375 0.8429 0.1740 0.4933 0.8273 0.6689 0.7965
94 0.0573 0.0532 0.8814 0.1119 0.8514 0.1905 0.4812 0.8418 0.6733 0.8084
95 0.0520 0.0477 0.8899 0.1011 0.8618 0.1931 0.4774 0.8422 0.6721 0.8090
96 0.0544 0.0508 0.8839 0.1066 0.8538 0.1817 0.4776 0.8416 0.6608 0.8089
97 0.0552 0.0506 0.8821 0.1073 0.8535 0.2076 0.4852 0.8407 0.6943 0.8094
98 0.0611 0.0560 0.8733 0.1185 0.8404 0.2004 0.4786 0.8364 0.6805 0.8014
99 0.0674 0.0603 0.8709 0.1290 0.8375 0.2193 0.4876 0.8205 0.7083 0.7876
100 0.0946 0.0800 0.8507 0.1759 0.8168 0.2583 0.5368 0.7987 0.7965 0.7609
101 0.0818 0.0719 0.8603 0.1550 0.8283 0.2271 0.4963 0.8134 0.7249 0.7791
102 0.0706 0.0662 0.8623 0.1381 0.8304 0.2095 0.4949 0.8266 0.7060 0.7945
103 0.0597 0.0537 0.8796 0.1148 0.8488 0.2092 0.4863 0.8390 0.6969 0.8054
104 0.0520 0.0484 0.8854 0.1019 0.8570 0.2187 0.4763 0.8415 0.6966 0.8097
105 0.0525 0.0494 0.8821 0.1033 0.8516 0.2149 0.4847 0.8384 0.7012 0.8059
106 0.0498 0.0458 0.8825 0.0971 0.8548 0.2094 0.4826 0.8404 0.6937 0.8090
107 0.0582 0.0512 0.8829 0.1108 0.8528 0.2512 0.4961 0.8283 0.7489 0.7939
108 0.0559 0.0494 0.8824 0.1068 0.8533 0.1910 0.4805 0.8302 0.6730 0.7966
109 0.0790 0.0694 0.8548 0.1498 0.8229 0.2065 0.4928 0.8091 0.7007 0.7698
110 0.1054 0.0843 0.8474 0.1910 0.8102 0.2190 0.5062 0.7848 0.7265 0.7442
111 0.1038 0.0899 0.8433 0.1950 0.8084 0.2775 0.5103 0.7978 0.7890 0.7686
112 0.0758 0.0671 0.8644 0.1442 0.8310 0.1901 0.4828 0.8325 0.6744 0.8014
113 0.0677 0.0612 0.8694 0.1302 0.8375 0.2055 0.4826 0.8366 0.6898 0.8048
114 0.0575 0.0527 0.8819 0.1116 0.8522 0.1997 0.4771 0.8399 0.6785 0.8085
115 0.0607 0.0539 0.8800 0.1160 0.8498 0.2087 0.4792 0.8445 0.6896 0.8138
116 0.0537 0.0481 0.8859 0.1032 0.8565 0.1995 0.4759 0.8445 0.6771 0.8149
117 0.0565 0.0514 0.8832 0.1094 0.8536 0.2574 0.4857 0.8405 0.7446 0.8145
118 0.0697 0.0626 0.8700 0.1337 0.8363 0.1661 0.4918 0.8058 0.6594 0.7657
119 0.0698 0.0616 0.8651 0.1328 0.8348 0.2806 0.4915 0.8147 0.7737 0.7781
120 0.0822 0.0704 0.8594 0.1539 0.8244 0.2172 0.4889 0.8220 0.7076 0.7934
121 0.0710 0.0663 0.8685 0.1386 0.8375 0.2802 0.4998 0.8159 0.7815 0.7803
122 0.0617 0.0562 0.8722 0.1193 0.8417 0.1937 0.4807 0.8268 0.6760 0.7942
123 0.0557 0.0504 0.8802 0.1075 0.8512 0.1985 0.4735 0.8386 0.6736 0.8091
124 0.0505 0.0471 0.8813 0.0991 0.8540 0.1971 0.4691 0.8431 0.6678 0.8118
125 0.0475 0.0455 0.8886 0.0944 0.8604 0.2000 0.4695 0.8427 0.6710 0.8132
126 0.0517 0.0469 0.8840 0.1000 0.8554 0.1942 0.4715 0.8485 0.6672 0.8201
127 0.0477 0.0434 0.8929 0.0926 0.8643 0.2321 0.4834 0.8343 0.7170 0.8017
128 0.0547 0.0498 0.8833 0.1059 0.8533 0.2477 0.5064 0.8129 0.7554 0.7806
129 0.0635 0.0564 0.8692 0.1212 0.8386 0.2682 0.5150 0.8028 0.7846 0.7688
130 0.0990 0.0891 0.8456 0.1893 0.8112 0.2434 0.5061 0.8158 0.7508 0.7828
131 0.0791 0.0715 0.8677 0.1520 0.8363 0.1743 0.4880 0.8222 0.6637 0.7802
132 0.0799 0.0718 0.8605 0.1531 0.8286 0.3059 0.5164 0.8045 0.8235 0.7739
133 0.0622 0.0564 0.8775 0.1200 0.8461 0.1929 0.4769 0.8341 0.6714 0.8032
134 0.0530 0.0500 0.8873 0.1045 0.8599 0.2105 0.4779 0.8314 0.6900 0.8020
135 0.0479 0.0453 0.8842 0.0948 0.8552 0.2052 0.4734 0.8371 0.6802 0.8067
136 0.0531 0.0500 0.8864 0.1046 0.8576 0.2119 0.4781 0.8363 0.6916 0.8062
137 0.0568 0.0481 0.8895 0.1064 0.8644 0.2237 0.4858 0.8323 0.7110 0.8031
138 0.0585 0.0528 0.8850 0.1127 0.8564 0.2004 0.4819 0.8187 0.6838 0.7853
139 0.0605 0.0551 0.8678 0.1171 0.8367 0.2048 0.4916 0.8362 0.6978 0.8025
140 0.0690 0.0629 0.8666 0.1333 0.8334 0.2824 0.5088 0.8035 0.7926 0.7642
141 0.0727 0.0662 0.8623 0.1403 0.8302 0.2161 0.4734 0.8342 0.6911 0.7994
142 0.0604 0.0542 0.8794 0.1160 0.8507 0.2283 0.4734 0.8404 0.7034 0.8085
143 0.0546 0.0506 0.8789 0.1067 0.8496 0.2118 0.4865 0.8334 0.6999 0.8019
144 0.0492 0.0448 0.8884 0.0956 0.8618 0.2226 0.4687 0.8449 0.6930 0.8150
145 0.0465 0.0424 0.8901 0.0904 0.8631 0.2261 0.4755 0.8453 0.7032 0.8160
146 0.0438 0.0409 0.8940 0.0862 0.8652 0.2417 0.4727 0.8449 0.7161 0.8157
147 0.0490 0.0452 0.8857 0.0957 0.8582 0.2268 0.4836 0.8395 0.7120 0.8115
148 0.0545 0.0482 0.8876 0.1042 0.8588 0.2878 0.5006 0.8284 0.7899 0.7984
149 0.0698 0.0617 0.8689 0.1329 0.8390 0.2378 0.5025 0.8161 0.7416 0.7841
