epoch train_iou train_loss train_mAP val_iou val_mAP
0 0.6734 1.0385 0.6007 0.5488 0.4812
1 0.7544 0.7884 0.6988 0.7768 0.7268
2 0.7854 0.6827 0.7339 0.7958 0.7504
3 0.7977 0.6377 0.7502 0.8008 0.7577
4 0.8098 0.5896 0.7633 0.8154 0.7689
5 0.8253 0.5478 0.7818 0.8197 0.7755
6 0.8231 0.5516 0.7782 0.8186 0.7686
7 0.8271 0.5520 0.7823 0.8148 0.7744
8 0.8222 0.5674 0.7772 0.8105 0.7688
9 0.8235 0.5752 0.7794 0.8256 0.7825
10 0.8097 0.6134 0.7661 0.7897 0.7359
11 0.8233 0.5556 0.7830 0.8347 0.7917
12 0.8429 0.5040 0.8037 0.8226 0.7849
13 0.8452 0.4721 0.8083 0.8459 0.8073
14 0.8549 0.4345 0.8173 0.8446 0.8076
15 0.8614 0.4145 0.8242 0.8447 0.8105
16 0.8574 0.4219 0.8192 0.8383 0.8016
17 0.8509 0.4529 0.8142 0.8316 0.7972
18 0.8543 0.4440 0.8195 0.8295 0.7936
19 0.8422 0.4956 0.8038 0.8044 0.7680
20 0.8409 0.5014 0.8008 0.8138 0.7843
21 0.8527 0.4642 0.8149 0.8288 0.7930
22 0.8580 0.4212 0.8230 0.8452 0.8042
23 0.8675 0.4004 0.8324 0.8462 0.8103
24 0.8820 0.3484 0.8475 0.8444 0.8094
25 0.8862 0.3414 0.8508 0.8455 0.8113
26 0.8794 0.3434 0.8480 0.8458 0.8150
27 0.8789 0.3515 0.8448 0.8479 0.8136
28 0.8740 0.3724 0.8384 0.8506 0.8141
29 0.8639 0.4254 0.8263 0.8282 0.7853
30 0.8512 0.4758 0.8145 0.8224 0.7869
31 0.8565 0.4338 0.8198 0.8220 0.7882
32 0.8742 0.3841 0.8400 0.8313 0.7953
33 0.8877 0.3317 0.8532 0.8510 0.8225
34 0.8901 0.3220 0.8570 0.8622 0.8279
35 0.8922 0.3051 0.8586 0.8596 0.8266
36 0.8901 0.3152 0.8575 0.8562 0.8236
37 0.8927 0.3075 0.8612 0.8453 0.8127
38 0.8804 0.3473 0.8457 0.8484 0.8032
39 0.8831 0.3574 0.8496 0.8388 0.8040
40 0.8706 0.4026 0.8347 0.7986 0.7500
41 0.8710 0.3866 0.8357 0.8344 0.7903
42 0.8807 0.3510 0.8452 0.8488 0.8124
43 0.8966 0.3019 0.8663 0.8552 0.8237
44 0.9027 0.2732 0.8729 0.8550 0.8206
45 0.9033 0.2732 0.8735 0.8584 0.8255
46 0.8958 0.2767 0.8656 0.8579 0.8267
47 0.8993 0.2806 0.8684 0.8557 0.8227
48 0.8923 0.3040 0.8614 0.8419 0.8108
49 0.8857 0.3464 0.8522 0.8246 0.7749
50 0.8745 0.3804 0.8389 0.8389 0.8097
51 0.8816 0.3538 0.8475 0.8481 0.8100
52 0.8909 0.3096 0.8604 0.8549 0.8251
53 0.8973 0.2849 0.8652 0.8668 0.8339
54 0.9046 0.2663 0.8769 0.8544 0.8218
55 0.9074 0.2662 0.8775 0.8578 0.8256
56 0.9080 0.2462 0.8785 0.8615 0.8299
57 0.9099 0.2516 0.8817 0.8543 0.8236
58 0.8976 0.2930 0.8659 0.8427 0.8107
59 0.8924 0.3093 0.8598 0.8261 0.7851
60 0.8898 0.3259 0.8549 0.8077 0.7666
61 0.8859 0.3382 0.8534 0.8496 0.8157
62 0.8953 0.3017 0.8638 0.8553 0.8204
63 0.9004 0.2717 0.8706 0.8476 0.8121
64 0.9127 0.2348 0.8825 0.8561 0.8231
65 0.9091 0.2354 0.8794 0.8556 0.8216
66 0.9168 0.2251 0.8893 0.8594 0.8284
67 0.9098 0.2356 0.8798 0.8601 0.8298
68 0.9131 0.2392 0.8839 0.8483 0.8121
69 0.8962 0.2945 0.8664 0.8359 0.8071
70 0.8804 0.3609 0.8471 0.8414 0.8048
71 0.8853 0.3346 0.8551 0.8481 0.8142
72 0.8966 0.2930 0.8663 0.8369 0.8006
73 0.9105 0.2480 0.8812 0.8593 0.8254
74 0.9114 0.2390 0.8822 0.8591 0.8264
75 0.9175 0.2209 0.8914 0.8589 0.8249
76 0.9141 0.2191 0.8863 0.8620 0.8308
77 0.9073 0.2488 0.8780 0.8587 0.8256
78 0.9104 0.2450 0.8809 0.8530 0.8177
79 0.9055 0.2688 0.8773 0.8429 0.8101
80 0.8989 0.2854 0.8680 0.8182 0.7767
81 0.9012 0.2801 0.8735 0.8574 0.8286
82 0.9083 0.2529 0.8787 0.8571 0.8308
83 0.9182 0.2283 0.8920 0.8594 0.8269
84 0.9187 0.2146 0.8904 0.8639 0.8328
85 0.9227 0.2094 0.8977 0.8640 0.8339
86 0.9174 0.2136 0.8912 0.8584 0.8252
87 0.9211 0.2055 0.8925 0.8656 0.8350
88 0.9168 0.2254 0.8906 0.8483 0.8159
89 0.9056 0.2495 0.8769 0.8428 0.8070
90 0.8850 0.3513 0.8547 0.8294 0.7888
91 0.8944 0.3027 0.8643 0.8515 0.8194
92 0.9047 0.2748 0.8768 0.8608 0.8311
93 0.9144 0.2347 0.8863 0.8512 0.8201
94 0.9167 0.2248 0.8907 0.8594 0.8275
95 0.9174 0.2185 0.8903 0.8605 0.8300
96 0.9172 0.2118 0.8926 0.8626 0.8322
97 0.9185 0.2146 0.8926 0.8584 0.8303
98 0.9162 0.2222 0.8897 0.8534 0.8230
99 0.9124 0.2401 0.8824 0.8511 0.8226
100 0.9083 0.2552 0.8787 0.8578 0.8308
101 0.9148 0.2318 0.8878 0.8621 0.8322
102 0.9219 0.2132 0.8969 0.8634 0.8344
103 0.9210 0.2007 0.8966 0.8651 0.8386
104 0.9263 0.1960 0.9018 0.8654 0.8377
105 0.9217 0.1980 0.8965 0.8711 0.8424
106 0.9242 0.1924 0.9006 0.8678 0.8385
107 0.9224 0.1937 0.8973 0.8651 0.8391
108 0.9234 0.1964 0.8979 0.8601 0.8309
109 0.9191 0.2046 0.8927 0.8686 0.8407
110 0.9187 0.2141 0.8911 0.8617 0.8300
111 0.9198 0.2050 0.8958 0.8560 0.8244
112 0.9240 0.1911 0.9000 0.8569 0.8302
113 0.9264 0.1912 0.9027 0.8625 0.8339
114 0.9267 0.1845 0.9023 0.8623 0.8329
115 0.9324 0.1758 0.9086 0.8641 0.8345
116 0.9310 0.1841 0.9081 0.8670 0.8395
117 0.9267 0.1916 0.9032 0.8655 0.8391
118 0.9233 0.1978 0.8995 0.8611 0.8343
119 0.9259 0.1903 0.9009 0.8593 0.8311
120 0.9246 0.2011 0.8993 0.8513 0.8191
121 0.9200 0.2048 0.8943 0.8630 0.8314
122 0.9256 0.2004 0.9018 0.8650 0.8347
123 0.9215 0.1974 0.8968 0.8614 0.8309
124 0.9276 0.1816 0.9023 0.8641 0.8355
125 0.9310 0.1789 0.9080 0.8619 0.8335
126 0.9308 0.1805 0.9074 0.8568 0.8296
127 0.9296 0.1772 0.9054 0.8590 0.8328
128 0.9296 0.1842 0.9048 0.8616 0.8328
129 0.9264 0.1866 0.9010 0.8594 0.8286
130 0.9248 0.1974 0.8994 0.8517 0.8238
131 0.9207 0.2061 0.8973 0.8603 0.8291
132 0.9263 0.1887 0.9017 0.8561 0.8255
133 0.9276 0.1824 0.9040 0.8621 0.8322
134 0.9306 0.1765 0.9078 0.8608 0.8317
135 0.9323 0.1675 0.9108 0.8645 0.8356
136 0.9333 0.1653 0.9118 0.8609 0.8335
137 0.9289 0.1761 0.9056 0.8628 0.8341
138 0.9292 0.1784 0.9048 0.8633 0.8346
139 0.9282 0.1797 0.9069 0.8572 0.8300
140 0.9263 0.1859 0.9010 0.8639 0.8338
141 0.9275 0.1876 0.9022 0.8579 0.8243
142 0.9308 0.1780 0.9081 0.8564 0.8268
143 0.9271 0.1813 0.9024 0.8564 0.8264
144 0.9368 0.1654 0.9151 0.8601 0.8290
145 0.9339 0.1656 0.9128 0.8610 0.8315
146 0.9372 0.1594 0.9157 0.8577 0.8286
147 0.9314 0.1693 0.9091 0.8595 0.8286
148 0.9327 0.1676 0.9096 0.8647 0.8352
149 0.9335 0.1722 0.9128 0.8639 0.8333
150 0.9283 0.1824 0.9048 0.8559 0.8257
151 0.9258 0.2013 0.8999 0.8594 0.8302
152 0.9319 0.1778 0.9117 0.8588 0.8316
153 0.9326 0.1657 0.9106 0.8637 0.8332
154 0.9307 0.1765 0.9081 0.8636 0.8341
155 0.9361 0.1590 0.9143 0.8615 0.8320
156 0.9332 0.1633 0.9109 0.8660 0.8369
157 0.9330 0.1648 0.9122 0.8622 0.8334
158 0.9314 0.1721 0.9085 0.8620 0.8334
159 0.9314 0.1733 0.9068 0.8623 0.8317
160 0.9374 0.1560 0.9175 0.8653 0.8386
161 0.9368 0.1580 0.9169 0.8618 0.8346
162 0.9356 0.1573 0.9135 0.8652 0.8357
163 0.9393 0.1507 0.9186 0.8654 0.8356
164 0.9361 0.1549 0.9157 0.8652 0.8353
165 0.9368 0.1562 0.9159 0.8663 0.8363
166 0.9412 0.1464 0.9213 0.8629 0.8334
167 0.9338 0.1572 0.9133 0.8655 0.8375
168 0.9360 0.1567 0.9143 0.8684 0.8392
169 0.9376 0.1530 0.9178 0.8663 0.8363
170 0.9383 0.1524 0.9183 0.8647 0.8361
171 0.9385 0.1544 0.9178 0.8659 0.8376
172 0.9388 0.1493 0.9186 0.8656 0.8356
173 0.9388 0.1486 0.9196 0.8624 0.8345
174 0.9397 0.1497 0.9197 0.8636 0.8352
175 0.9390 0.1458 0.9192 0.8623 0.8339
176 0.9367 0.1558 0.9155 0.8662 0.8374
177 0.9384 0.1521 0.9197 0.8640 0.8335
178 0.9387 0.1471 0.9182 0.8655 0.8370
179 0.9354 0.1568 0.9148 0.8641 0.8356
180 0.9375 0.1508 0.9160 0.8615 0.8323
181 0.9381 0.1524 0.9177 0.8664 0.8365
182 0.9404 0.1430 0.9219 0.8654 0.8359
183 0.9391 0.1482 0.9165 0.8630 0.8339
184 0.9393 0.1442 0.9199 0.8663 0.8362
185 0.9388 0.1491 0.9171 0.8659 0.8353
186 0.9364 0.1499 0.9162 0.8666 0.8374
187 0.9406 0.1431 0.9206 0.8628 0.8332
188 0.9408 0.1455 0.9200 0.8624 0.8329
189 0.9423 0.1455 0.9230 0.8637 0.8356
190 0.9393 0.1444 0.9202 0.8629 0.8327
191 0.9370 0.1500 0.9168 0.8632 0.8359
192 0.9395 0.1488 0.9197 0.8644 0.8351
193 0.9403 0.1428 0.9210 0.8631 0.8338
194 0.9416 0.1422 0.9236 0.8650 0.8359
195 0.9376 0.1505 0.9187 0.8637 0.8341
196 0.9370 0.1491 0.9150 0.8646 0.8351
197 0.9416 0.1422 0.9222 0.8668 0.8367
198 0.9408 0.1448 0.9228 0.8642 0.8359
199 0.9400 0.1471 0.9199 0.8635 0.8368
