epoch train_iou train_loss train_mAP val_iou val_mAP
0 0.6670 1.0457 0.6021 0.7356 0.6641
1 0.7588 0.7767 0.7016 0.7817 0.7264
2 0.7878 0.6779 0.7398 0.7840 0.7232
3 0.8146 0.5845 0.7721 0.8103 0.7707
4 0.8283 0.5503 0.7879 0.8184 0.7826
5 0.8335 0.5224 0.7923 0.8206 0.7862
6 0.8365 0.5130 0.7969 0.8161 0.7775
7 0.8294 0.5347 0.7916 0.8027 0.7703
8 0.8236 0.5683 0.7846 0.8129 0.7767
9 0.8289 0.5602 0.7915 0.8168 0.7828
10 0.8245 0.5714 0.7865 0.8247 0.7947
11 0.8360 0.5220 0.8006 0.8397 0.8084
12 0.8530 0.4595 0.8184 0.8223 0.7941
13 0.8611 0.4329 0.8291 0.8466 0.8125
14 0.8691 0.4043 0.8358 0.8509 0.8212
15 0.8790 0.3740 0.8471 0.8532 0.8236
16 0.8736 0.3887 0.8413 0.8496 0.8202
17 0.8698 0.4023 0.8378 0.8522 0.8257
18 0.8674 0.4184 0.8350 0.8424 0.8058
19 0.8553 0.4630 0.8203 0.8266 0.7933
20 0.8577 0.4605 0.8236 0.8296 0.8014
21 0.8646 0.4386 0.8338 0.8467 0.8151
22 0.8727 0.4030 0.8427 0.8479 0.8163
23 0.8838 0.3693 0.8551 0.8472 0.8214
24 0.8841 0.3600 0.8543 0.8595 0.8305
25 0.8846 0.3432 0.8534 0.8596 0.8315
26 0.8889 0.3373 0.8602 0.8536 0.8267
27 0.8828 0.3576 0.8543 0.8535 0.8274
28 0.8800 0.3750 0.8506 0.8524 0.8267
29 0.8738 0.3932 0.8423 0.8469 0.8130
30 0.8651 0.4201 0.8341 0.8498 0.8200
31 0.8735 0.3938 0.8435 0.8462 0.8172
32 0.8840 0.3676 0.8558 0.8530 0.8282
33 0.8929 0.3312 0.8660 0.8519 0.8232
34 0.8996 0.2986 0.8741 0.8581 0.8320
35 0.9060 0.2770 0.8803 0.8580 0.8325
36 0.9029 0.2912 0.8765 0.8572 0.8311
37 0.8973 0.3074 0.8701 0.8588 0.8335
38 0.8945 0.3303 0.8657 0.8381 0.8139
39 0.8780 0.3814 0.8466 0.8531 0.8264
40 0.8793 0.3779 0.8490 0.7898 0.7572
41 0.8902 0.3457 0.8629 0.8499 0.8178
42 0.8929 0.3337 0.8650 0.8520 0.8245
43 0.8972 0.3078 0.8723 0.8542 0.8285
44 0.9035 0.2769 0.8768 0.8635 0.8377
45 0.9066 0.2665 0.8811 0.8613 0.8361
46 0.9128 0.2561 0.8856 0.8671 0.8406
47 0.9111 0.2720 0.8844 0.8631 0.8387
48 0.9009 0.2996 0.8734 0.8494 0.8233
49 0.8914 0.3298 0.8639 0.8486 0.8234
50 0.8900 0.3453 0.8616 0.8231 0.7964
51 0.8921 0.3448 0.8644 0.8516 0.8213
52 0.8983 0.3142 0.8738 0.8594 0.8329
53 0.9054 0.2852 0.8798 0.8572 0.8308
54 0.9134 0.2520 0.8872 0.8625 0.8375
55 0.9173 0.2469 0.8932 0.8637 0.8382
56 0.9159 0.2466 0.8919 0.8627 0.8346
57 0.9075 0.2689 0.8829 0.8611 0.8334
58 0.9041 0.2814 0.8779 0.8622 0.8338
59 0.9042 0.2886 0.8773 0.8594 0.8279
60 0.8909 0.3409 0.8611 0.8541 0.8246
61 0.8947 0.3228 0.8669 0.8543 0.8270
62 0.9035 0.2877 0.8775 0.8588 0.8327
63 0.9133 0.2569 0.8887 0.8487 0.8232
64 0.9191 0.2309 0.8957 0.8682 0.8416
65 0.9181 0.2270 0.8932 0.8699 0.8429
66 0.9167 0.2306 0.8921 0.8673 0.8404
67 0.9124 0.2458 0.8875 0.8654 0.8417
68 0.9116 0.2539 0.8872 0.8538 0.8288
69 0.9038 0.2819 0.8774 0.8571 0.8347
70 0.8875 0.3448 0.8594 0.8490 0.8209
71 0.9032 0.2861 0.8762 0.8461 0.8153
72 0.9103 0.2713 0.8860 0.8662 0.8412
73 0.9146 0.2430 0.8894 0.8666 0.8413
74 0.9218 0.2260 0.8993 0.8658 0.8392
75 0.9231 0.2186 0.9001 0.8671 0.8423
76 0.9219 0.2182 0.8993 0.8657 0.8415
77 0.9204 0.2283 0.8980 0.8674 0.8385
78 0.9131 0.2456 0.8874 0.8649 0.8409
79 0.9044 0.2927 0.8803 0.8615 0.8315
80 0.9001 0.3162 0.8748 0.8421 0.8088
81 0.8971 0.3065 0.8693 0.8641 0.8375
82 0.9098 0.2706 0.8837 0.8655 0.8381
83 0.9149 0.2441 0.8913 0.8703 0.8422
84 0.9219 0.2216 0.9002 0.8680 0.8419
85 0.9230 0.2142 0.9011 0.8701 0.8442
86 0.9229 0.2129 0.9001 0.8687 0.8429
87 0.9206 0.2292 0.8977 0.8698 0.8447
88 0.9158 0.2386 0.8904 0.8705 0.8446
89 0.9145 0.2460 0.8892 0.8580 0.8339
90 0.9014 0.2978 0.8760 0.8541 0.8250
91 0.9031 0.2954 0.8766 0.8694 0.8416
92 0.9148 0.2531 0.8910 0.8635 0.8395
93 0.9224 0.2225 0.9013 0.8649 0.8406
94 0.9232 0.2137 0.9016 0.8684 0.8447
95 0.9248 0.2052 0.9032 0.8644 0.8410
96 0.9249 0.2044 0.9029 0.8695 0.8456
97 0.9262 0.2066 0.9035 0.8646 0.8394
98 0.9215 0.2209 0.8974 0.8594 0.8333
99 0.9161 0.2541 0.8909 0.8623 0.8343
100 0.9162 0.2469 0.8923 0.8631 0.8350
101 0.9252 0.2086 0.9038 0.8669 0.8395
102 0.9280 0.1972 0.9061 0.8647 0.8374
103 0.9302 0.1926 0.9084 0.8695 0.8454
104 0.9276 0.1891 0.9062 0.8658 0.8411
105 0.9309 0.1907 0.9108 0.8674 0.8424
106 0.9296 0.1890 0.9087 0.8708 0.8447
107 0.9313 0.1858 0.9105 0.8651 0.8399
108 0.9281 0.1948 0.9066 0.8658 0.8375
109 0.9252 0.2112 0.9026 0.8681 0.8435
110 0.9302 0.2009 0.9082 0.8518 0.8237
111 0.9247 0.2126 0.9035 0.8568 0.8314
112 0.9286 0.1951 0.9075 0.8593 0.8380
113 0.9317 0.1810 0.9114 0.8657 0.8451
114 0.9350 0.1713 0.9160 0.8656 0.8422
115 0.9345 0.1723 0.9144 0.8684 0.8451
116 0.9339 0.1763 0.9144 0.8669 0.8431
117 0.9331 0.1779 0.9112 0.8639 0.8424
118 0.9321 0.1832 0.9115 0.8610 0.8380
119 0.9306 0.1924 0.9099 0.8527 0.8260
120 0.9290 0.1974 0.9078 0.8596 0.8359
121 0.9305 0.1964 0.9084 0.8717 0.8474
122 0.9311 0.1914 0.9099 0.8617 0.8363
123 0.9312 0.1801 0.9116 0.8696 0.8433
124 0.9348 0.1719 0.9158 0.8737 0.8470
125 0.9388 0.1624 0.9192 0.8700 0.8445
126 0.9379 0.1642 0.9177 0.8731 0.8457
127 0.9359 0.1702 0.9160 0.8714 0.8451
128 0.9333 0.1780 0.9137 0.8715 0.8450
129 0.9349 0.1738 0.9129 0.8655 0.8406
130 0.9308 0.1920 0.9090 0.8596 0.8346
131 0.9283 0.1946 0.9074 0.8610 0.8357
132 0.9300 0.1917 0.9103 0.8626 0.8368
133 0.9329 0.1760 0.9115 0.8729 0.8478
134 0.9356 0.1719 0.9172 0.8710 0.8470
135 0.9380 0.1642 0.9184 0.8709 0.8472
136 0.9359 0.1646 0.9179 0.8713 0.8465
137 0.9389 0.1625 0.9184 0.8706 0.8452
138 0.9351 0.1700 0.9143 0.8753 0.8507
139 0.9312 0.1821 0.9118 0.8679 0.8376
140 0.9276 0.2012 0.9071 0.8630 0.8359
141 0.9282 0.2001 0.9060 0.8674 0.8401
142 0.9337 0.1801 0.9133 0.8717 0.8466
143 0.9367 0.1723 0.9169 0.8686 0.8430
144 0.9392 0.1613 0.9204 0.8679 0.8434
145 0.9350 0.1657 0.9143 0.8679 0.8438
146 0.9366 0.1634 0.9172 0.8669 0.8447
147 0.9369 0.1632 0.9177 0.8686 0.8428
148 0.9400 0.1620 0.9223 0.8615 0.8379
149 0.9361 0.1680 0.9157 0.8680 0.8440
150 0.9324 0.1937 0.9116 0.8606 0.8375
151 0.9276 0.1999 0.9072 0.8697 0.8484
152 0.9366 0.1731 0.9184 0.8699 0.8469
153 0.9350 0.1684 0.9155 0.8721 0.8470
154 0.9400 0.1566 0.9225 0.8747 0.8504
155 0.9391 0.1588 0.9206 0.8736 0.8488
156 0.9388 0.1564 0.9210 0.8744 0.8499
157 0.9380 0.1646 0.9185 0.8723 0.8489
158 0.9382 0.1621 0.9186 0.8712 0.8478
159 0.9340 0.1723 0.9138 0.8746 0.8514
160 0.9382 0.1588 0.9193 0.8771 0.8526
161 0.9352 0.1633 0.9179 0.8742 0.8506
162 0.9387 0.1560 0.9204 0.8809 0.8553
163 0.9402 0.1530 0.9227 0.8774 0.8526
164 0.9441 0.1441 0.9279 0.8763 0.8517
165 0.9444 0.1451 0.9275 0.8781 0.8522
166 0.9396 0.1531 0.9213 0.8754 0.8506
167 0.9423 0.1474 0.9253 0.8746 0.8490
168 0.9405 0.1507 0.9233 0.8748 0.8498
169 0.9404 0.1525 0.9217 0.8735 0.8484
170 0.9402 0.1522 0.9231 0.8766 0.8524
171 0.9432 0.1472 0.9257 0.8753 0.8507
172 0.9407 0.1495 0.9235 0.8748 0.8495
173 0.9457 0.1406 0.9291 0.8700 0.8452
174 0.9438 0.1425 0.9258 0.8750 0.8501
175 0.9427 0.1438 0.9245 0.8738 0.8496
176 0.9446 0.1432 0.9288 0.8719 0.8471
177 0.9441 0.1398 0.9278 0.8707 0.8459
178 0.9445 0.1416 0.9278 0.8710 0.8472
179 0.9422 0.1483 0.9233 0.8684 0.8463
180 0.9447 0.1435 0.9262 0.8754 0.8498
181 0.9435 0.1428 0.9266 0.8729 0.8476
182 0.9399 0.1503 0.9222 0.8733 0.8496
183 0.9413 0.1473 0.9243 0.8742 0.8508
184 0.9432 0.1409 0.9269 0.8764 0.8528
185 0.9436 0.1408 0.9251 0.8734 0.8484
186 0.9437 0.1411 0.9270 0.8709 0.8469
187 0.9437 0.1412 0.9268 0.8763 0.8531
188 0.9432 0.1430 0.9262 0.8765 0.8525
189 0.9437 0.1422 0.9260 0.8723 0.8474
190 0.9446 0.1401 0.9282 0.8718 0.8490
191 0.9433 0.1439 0.9268 0.8716 0.8472
192 0.9413 0.1443 0.9235 0.8702 0.8469
193 0.9439 0.1405 0.9272 0.8706 0.8472
194 0.9471 0.1361 0.9307 0.8733 0.8484
195 0.9430 0.1439 0.9252 0.8737 0.8496
196 0.9453 0.1359 0.9286 0.8728 0.8470
197 0.9456 0.1385 0.9285 0.8723 0.8478
198 0.9474 0.1345 0.9319 0.8744 0.8510
199 0.9448 0.1406 0.9276 0.8672 0.8448
