epoch train_BCELoss train_SoftDiceLoss train_iou train_loss train_mAP val_BCELoss val_SoftDiceLoss val_iou val_loss val_mAP
0 0.3351 0.3163 0.6365 0.6514 0.5757 0.2653 0.6139 0.6785 0.8796 0.6249
1 0.2463 0.2368 0.6969 0.4835 0.6429 0.2348 0.5746 0.7179 0.8098 0.6673
2 0.2233 0.2084 0.7221 0.4321 0.6701 0.2049 0.5466 0.7350 0.7522 0.6898
3 0.1901 0.1839 0.7518 0.3745 0.7048 0.2298 0.5344 0.7609 0.7648 0.7178
4 0.1653 0.1589 0.7716 0.3247 0.7294 0.1829 0.5334 0.7713 0.7171 0.7305
5 0.1478 0.1411 0.7858 0.2895 0.7438 0.1871 0.5293 0.7709 0.7171 0.7322
6 0.1598 0.1481 0.7825 0.3086 0.7402 0.1995 0.5294 0.7723 0.7298 0.7325
7 0.1669 0.1535 0.7801 0.3211 0.7359 0.2033 0.5343 0.7653 0.7384 0.7233
8 0.1725 0.1579 0.7777 0.3311 0.7333 0.1985 0.5308 0.7775 0.7301 0.7370
9 0.1970 0.1829 0.7642 0.3806 0.7197 0.2168 0.5402 0.7784 0.7578 0.7363
10 0.1886 0.1720 0.7682 0.3613 0.7256 0.2823 0.5633 0.7429 0.8465 0.7029
11 0.1728 0.1593 0.7724 0.3329 0.7334 0.2050 0.5385 0.7862 0.7444 0.7520
12 0.1484 0.1368 0.7995 0.2861 0.7610 0.1807 0.4991 0.8027 0.6809 0.7720
13 0.1350 0.1257 0.8116 0.2616 0.7738 0.2084 0.5021 0.8082 0.7116 0.7788
14 0.1204 0.1140 0.8292 0.2353 0.7924 0.2042 0.5184 0.8071 0.7237 0.7757
15 0.1096 0.1061 0.8259 0.2167 0.7902 0.1913 0.5027 0.8113 0.6952 0.7805
16 0.1123 0.1033 0.8278 0.2167 0.7908 0.1977 0.4991 0.8084 0.6979 0.7791
17 0.1201 0.1098 0.8304 0.2309 0.7944 0.2431 0.5194 0.8001 0.7636 0.7739
18 0.1313 0.1174 0.8154 0.2496 0.7778 0.2051 0.5241 0.7920 0.7303 0.7606
19 0.1504 0.1413 0.7933 0.2926 0.7516 0.2076 0.5296 0.7951 0.7382 0.7612
20 0.1593 0.1421 0.7962 0.3022 0.7551 0.2786 0.5502 0.7846 0.8297 0.7498
21 0.1428 0.1320 0.8076 0.2757 0.7669 0.2108 0.5435 0.7739 0.7554 0.7454
22 0.1305 0.1196 0.8149 0.2511 0.7772 0.2140 0.5156 0.7805 0.7309 0.7436
23 0.1179 0.1108 0.8298 0.2297 0.7926 0.1825 0.5020 0.8088 0.6857 0.7796
24 0.1018 0.0961 0.8433 0.1990 0.8093 0.1938 0.5084 0.8063 0.7035 0.7808
25 0.0909 0.0855 0.8482 0.1775 0.8171 0.1887 0.4991 0.8151 0.6891 0.7897
26 0.0933 0.0869 0.8419 0.1813 0.8089 0.1889 0.4971 0.8166 0.6872 0.7894
27 0.0987 0.0864 0.8433 0.1862 0.8097 0.2317 0.4974 0.8174 0.7304 0.7887
28 0.1172 0.1061 0.8282 0.2243 0.7909 0.2887 0.5416 0.7857 0.8314 0.7588
29 0.1305 0.1171 0.8203 0.2486 0.7816 0.1991 0.5117 0.8070 0.7119 0.7749
30 0.1358 0.1192 0.8239 0.2560 0.7867 0.2199 0.5085 0.7863 0.7296 0.7511
31 0.1260 0.1168 0.8250 0.2439 0.7867 0.2653 0.5548 0.7743 0.8211 0.7457
32 0.1109 0.0990 0.8419 0.2110 0.8062 0.1869 0.5005 0.8211 0.6887 0.7931
33 0.1027 0.0928 0.8443 0.1965 0.8107 0.1982 0.4961 0.8094 0.6956 0.7793
34 0.0900 0.0837 0.8511 0.1748 0.8154 0.1815 0.4798 0.8302 0.6626 0.8020
35 0.0824 0.0775 0.8647 0.1610 0.8327 0.1941 0.4931 0.8249 0.6886 0.7971
36 0.0804 0.0741 0.8574 0.1558 0.8268 0.2082 0.4958 0.8212 0.7054 0.7936
37 0.0841 0.0777 0.8603 0.1630 0.8278 0.2563 0.5043 0.8224 0.7619 0.7963
38 0.0989 0.0877 0.8477 0.1878 0.8127 0.2147 0.4858 0.8111 0.7018 0.7779
39 0.1188 0.1060 0.8286 0.2259 0.7904 0.2382 0.5321 0.7732 0.7716 0.7395
40 0.1309 0.1167 0.8209 0.2486 0.7817 0.2441 0.5072 0.7886 0.7527 0.7573
41 0.1195 0.1113 0.8317 0.2319 0.7934 0.2208 0.5157 0.7979 0.7378 0.7674
42 0.1049 0.0961 0.8375 0.2021 0.8008 0.2623 0.5425 0.7752 0.8059 0.7425
43 0.0983 0.0914 0.8437 0.1908 0.8090 0.2290 0.5073 0.8080 0.7377 0.7811
44 0.0905 0.0823 0.8520 0.1740 0.8157 0.2081 0.4856 0.8281 0.6952 0.8014
45 0.0746 0.0728 0.8654 0.1486 0.8321 0.2007 0.4821 0.8303 0.6842 0.8042
46 0.0782 0.0699 0.8613 0.1493 0.8278 0.2247 0.4781 0.8319 0.7042 0.8059
47 0.0849 0.0766 0.8613 0.1627 0.8263 0.2262 0.4894 0.8208 0.7170 0.7942
48 0.0899 0.0802 0.8500 0.1713 0.8163 0.2089 0.4892 0.8067 0.6993 0.7769
49 0.0958 0.0833 0.8538 0.1802 0.8216 0.1737 0.4784 0.8170 0.6535 0.7826
50 0.0984 0.0863 0.8455 0.1859 0.8091 0.9860 0.5634 0.6888 1.5509 0.6540
51 0.1155 0.1029 0.8347 0.2195 0.7982 0.2899 0.5286 0.7970 0.8197 0.7701
52 0.0939 0.0890 0.8487 0.1841 0.8131 0.2695 0.5141 0.8122 0.7850 0.7849
53 0.0925 0.0894 0.8456 0.1832 0.8135 0.2501 0.5001 0.8210 0.7517 0.7990
54 0.0727 0.0673 0.8604 0.1412 0.8290 0.2147 0.4941 0.8278 0.7102 0.8014
55 0.0712 0.0668 0.8683 0.1393 0.8379 0.2135 0.4893 0.8278 0.7043 0.8026
56 0.0690 0.0647 0.8674 0.1349 0.8347 0.2167 0.4754 0.8328 0.6936 0.8052
57 0.0725 0.0670 0.8606 0.1407 0.8276 0.2476 0.4832 0.8277 0.7322 0.8002
58 0.0787 0.0719 0.8605 0.1518 0.8270 0.2605 0.4868 0.8125 0.7488 0.7846
59 0.0936 0.0849 0.8416 0.1796 0.8098 0.2026 0.5244 0.8011 0.7282 0.7653
60 0.1054 0.0944 0.8411 0.2010 0.8034 0.2545 0.5299 0.7905 0.7856 0.7594
61 0.1009 0.0913 0.8393 0.1933 0.8028 0.2456 0.5175 0.8092 0.7643 0.7762
62 0.0830 0.0758 0.8558 0.1600 0.8227 0.2467 0.4856 0.8233 0.7337 0.7934
63 0.0811 0.0750 0.8634 0.1573 0.8317 0.2457 0.4802 0.8188 0.7274 0.7933
64 0.0651 0.0609 0.8703 0.1273 0.8398 0.2625 0.4809 0.8299 0.7450 0.8030
65 0.0652 0.0587 0.8767 0.1252 0.8462 0.2557 0.4785 0.8326 0.7358 0.8073
66 0.0632 0.0590 0.8721 0.1235 0.8412 0.2321 0.4851 0.8321 0.7187 0.8049
67 0.0649 0.0596 0.8733 0.1258 0.8418 0.2652 0.5022 0.8255 0.7687 0.7983
68 0.0665 0.0603 0.8763 0.1280 0.8431 0.2185 0.4760 0.8302 0.6959 0.7996
69 0.0901 0.0762 0.8515 0.1675 0.8194 0.2909 0.5168 0.7967 0.8090 0.7639
70 0.1032 0.0925 0.8423 0.1969 0.8072 0.1984 0.5002 0.8172 0.6999 0.7855
71 0.0931 0.0825 0.8490 0.1769 0.8146 0.2294 0.5213 0.8139 0.7520 0.7865
72 0.0824 0.0746 0.8589 0.1583 0.8268 0.2034 0.4925 0.8293 0.6974 0.8018
73 0.0704 0.0661 0.8667 0.1378 0.8335 0.2826 0.4885 0.8253 0.7726 0.7989
74 0.0645 0.0596 0.8753 0.1254 0.8436 0.2496 0.4811 0.8317 0.7322 0.8020
75 0.0587 0.0544 0.8773 0.1145 0.8474 0.2673 0.4783 0.8281 0.7472 0.8007
76 0.0561 0.0556 0.8867 0.1131 0.8579 0.2684 0.4708 0.8375 0.7409 0.8090
77 0.0663 0.0580 0.8689 0.1256 0.8405 0.2654 0.4823 0.8264 0.7492 0.7986
78 0.0691 0.0618 0.8673 0.1322 0.8362 0.4285 0.5160 0.7769 0.9459 0.7401
79 0.0942 0.0847 0.8460 0.1801 0.8091 0.2807 0.5369 0.7849 0.8188 0.7506
80 0.1000 0.0883 0.8419 0.1895 0.8054 0.2453 0.5132 0.7961 0.7597 0.7673
81 0.0958 0.0873 0.8521 0.1844 0.8162 0.1859 0.4847 0.8213 0.6720 0.7951
82 0.0734 0.0662 0.8693 0.1408 0.8370 0.2436 0.4828 0.8236 0.7280 0.7980
83 0.0663 0.0607 0.8780 0.1283 0.8478 0.2450 0.4762 0.8360 0.7228 0.8118
84 0.0610 0.0537 0.8776 0.1160 0.8496 0.2334 0.4725 0.8357 0.7075 0.8123
85 0.0583 0.0562 0.8755 0.1158 0.8468 0.2324 0.4692 0.8392 0.7032 0.8156
86 0.0555 0.0488 0.8861 0.1057 0.8572 0.2214 0.4706 0.8402 0.6936 0.8127
87 0.0581 0.0512 0.8791 0.1107 0.8491 0.2233 0.4753 0.8375 0.7003 0.8136
88 0.0707 0.0626 0.8719 0.1347 0.8410 0.2455 0.4824 0.8320 0.7294 0.8036
89 0.0828 0.0743 0.8583 0.1584 0.8268 0.2875 0.4820 0.8225 0.7710 0.7980
90 0.0866 0.0768 0.8538 0.1647 0.8185 0.3982 0.5875 0.7355 0.9866 0.7065
91 0.0888 0.0786 0.8591 0.1687 0.8262 0.2756 0.5065 0.8031 0.7835 0.7750
92 0.0784 0.0733 0.8665 0.1530 0.8359 0.2003 0.4829 0.8307 0.6847 0.8063
93 0.0629 0.0570 0.8729 0.1212 0.8415 0.2299 0.4750 0.8308 0.7065 0.8069
94 0.0546 0.0514 0.8877 0.1074 0.8586 0.2355 0.4839 0.8333 0.7210 0.8090
95 0.0511 0.0482 0.8843 0.1007 0.8555 0.2336 0.4768 0.8363 0.7120 0.8124
96 0.0520 0.0468 0.8838 0.1002 0.8553 0.2406 0.4707 0.8356 0.7130 0.8091
97 0.0527 0.0483 0.8861 0.1023 0.8551 0.2401 0.4751 0.8367 0.7169 0.8101
98 0.0666 0.0614 0.8688 0.1294 0.8364 0.2524 0.4732 0.8327 0.7273 0.8060
99 0.0807 0.0739 0.8544 0.1560 0.8210 0.6515 0.5166 0.7764 1.1696 0.7458
100 0.0987 0.0884 0.8437 0.1884 0.8084 0.2204 0.4784 0.8248 0.7004 0.7990
101 0.0899 0.0812 0.8583 0.1724 0.8231 0.2764 0.5048 0.8119 0.7827 0.7856
102 0.0720 0.0655 0.8641 0.1389 0.8345 0.2859 0.4923 0.8303 0.7798 0.8019
103 0.0687 0.0623 0.8728 0.1324 0.8440 0.2215 0.4911 0.8364 0.7141 0.8089
104 0.0582 0.0551 0.8800 0.1147 0.8492 0.2145 0.4711 0.8404 0.6872 0.8133
105 0.0542 0.0516 0.8848 0.1072 0.8537 0.2242 0.4794 0.8381 0.7052 0.8119
106 0.0563 0.0520 0.8798 0.1097 0.8515 0.2484 0.4871 0.8372 0.7371 0.8145
107 0.0586 0.0551 0.8814 0.1152 0.8506 0.2619 0.4825 0.8386 0.7462 0.8148
108 0.0627 0.0554 0.8723 0.1196 0.8433 0.2058 0.4899 0.8206 0.6972 0.7925
109 0.0774 0.0706 0.8593 0.1493 0.8276 0.2901 0.5330 0.7897 0.8243 0.7575
110 0.0912 0.0823 0.8565 0.1748 0.8207 0.6696 0.5214 0.7796 1.1925 0.7445
111 0.0685 0.0637 0.8684 0.1334 0.8343 0.2985 0.5354 0.7915 0.8351 0.7614
112 0.0721 0.0646 0.8668 0.1380 0.8363 0.2725 0.4752 0.8284 0.7492 0.7947
113 0.0624 0.0570 0.8721 0.1208 0.8413 0.2647 0.4889 0.8296 0.7552 0.8020
114 0.0534 0.0495 0.8864 0.1043 0.8567 0.2610 0.4757 0.8351 0.7383 0.8106
115 0.0510 0.0474 0.8860 0.0999 0.8575 0.2650 0.4786 0.8364 0.7452 0.8115
116 0.0497 0.0464 0.8863 0.0976 0.8567 0.2628 0.4668 0.8431 0.7312 0.8161
117 0.0533 0.0509 0.8778 0.1056 0.8485 0.2909 0.4814 0.8367 0.7738 0.8096
118 0.0549 0.0480 0.8860 0.1044 0.8559 0.2299 0.4767 0.8213 0.7082 0.7957
119 0.0596 0.0540 0.8779 0.1150 0.8458 0.3184 0.5147 0.8127 0.8345 0.7843
120 0.0852 0.0761 0.8555 0.1625 0.8226 0.2888 0.5046 0.7865 0.7948 0.7560
121 0.0782 0.0717 0.8688 0.1512 0.8354 0.3220 0.4963 0.7993 0.8197 0.7730
122 0.0651 0.0599 0.8720 0.1262 0.8402 0.2621 0.4821 0.8265 0.7458 0.7952
123 0.0590 0.0553 0.8824 0.1157 0.8521 0.3527 0.5053 0.8098 0.8596 0.7802
124 0.0575 0.0520 0.8833 0.1109 0.8533 0.2564 0.4720 0.8306 0.7301 0.8046
125 0.0478 0.0489 0.8854 0.0981 0.8565 0.2606 0.4726 0.8336 0.7348 0.8073
126 0.0505 0.0462 0.8874 0.0982 0.8595 0.2607 0.4733 0.8341 0.7358 0.8088
127 0.0517 0.0458 0.8839 0.0990 0.8554 0.2674 0.4729 0.8303 0.7419 0.8060
128 0.0594 0.0530 0.8770 0.1139 0.8464 0.2327 0.4923 0.8244 0.7265 0.7912
129 0.0634 0.0577 0.8809 0.1224 0.8509 0.2040 0.4804 0.8267 0.6860 0.7983
130 0.0878 0.0758 0.8604 0.1649 0.8281 0.2195 0.4948 0.7798 0.7156 0.7476
131 0.0737 0.0669 0.8651 0.1420 0.8338 0.2872 0.4962 0.7973 0.7848 0.7588
132 0.0759 0.0677 0.8650 0.1449 0.8352 0.2616 0.4915 0.8235 0.7548 0.7966
133 0.0566 0.0511 0.8802 0.1092 0.8512 0.2287 0.4736 0.8384 0.7040 0.8099
134 0.0482 0.0454 0.8887 0.0951 0.8610 0.2618 0.4710 0.8375 0.7346 0.8102
135 0.0476 0.0433 0.8885 0.0924 0.8620 0.2650 0.4703 0.8364 0.7371 0.8097
136 0.0465 0.0424 0.8918 0.0904 0.8661 0.2379 0.4701 0.8428 0.7098 0.8161
137 0.0504 0.0462 0.8879 0.0981 0.8579 0.2382 0.4775 0.8309 0.7174 0.8058
138 0.0535 0.0489 0.8839 0.1039 0.8529 0.2772 0.4928 0.8337 0.7715 0.8062
139 0.0668 0.0618 0.8679 0.1300 0.8334 0.3129 0.4810 0.8180 0.7955 0.7888
140 0.0763 0.0688 0.8614 0.1464 0.8312 0.1984 0.4752 0.8319 0.6752 0.8018
141 0.0716 0.0662 0.8667 0.1391 0.8348 0.2821 0.4813 0.8283 0.7650 0.8023
142 0.0635 0.0570 0.8807 0.1218 0.8525 0.2706 0.4840 0.8320 0.7563 0.8069
143 0.0505 0.0462 0.8875 0.0982 0.8576 0.2397 0.4724 0.8351 0.7138 0.8100
144 0.0472 0.0439 0.8963 0.0926 0.8688 0.2403 0.4770 0.8423 0.7190 0.8159
145 0.0460 0.0417 0.8925 0.0892 0.8629 0.2323 0.4697 0.8432 0.7037 0.8175
146 0.0461 0.0424 0.8848 0.0900 0.8574 0.2486 0.4670 0.8432 0.7174 0.8167
147 0.0439 0.0405 0.8924 0.0859 0.8648 0.2607 0.4693 0.8421 0.7317 0.8157
148 0.0499 0.0448 0.8910 0.0962 0.8636 0.2553 0.4750 0.8309 0.7320 0.8058
149 0.0571 0.0507 0.8798 0.1092 0.8492 0.2373 0.4775 0.8339 0.7164 0.8082
