epoch train_BCELoss train_SoftDiceLoss train_iou train_loss train_mAP val_BCELoss val_SoftDiceLoss val_iou val_loss val_mAP
0 0.5237 0.5740 0.3084 1.0972 0.2126 0.3715 0.6790 0.5654 1.0501 0.4838
1 0.2716 0.2596 0.6593 0.5313 0.5912 0.2201 0.5831 0.7090 0.8036 0.6481
2 0.2005 0.1880 0.7164 0.3889 0.6578 0.2153 0.5640 0.7321 0.7799 0.6891
3 0.1821 0.1662 0.7489 0.3489 0.6948 0.1978 0.5377 0.7661 0.7363 0.7231
4 0.1584 0.1436 0.7708 0.3027 0.7188 0.2099 0.5180 0.7534 0.7288 0.7012
5 0.1671 0.1496 0.7663 0.3176 0.7147 0.2240 0.5070 0.7605 0.7318 0.7102
6 0.1327 0.1171 0.8003 0.2508 0.7553 0.1839 0.5046 0.7901 0.6897 0.7507
7 0.1149 0.1047 0.8205 0.2206 0.7778 0.1780 0.4949 0.8074 0.6741 0.7731
8 0.0999 0.0915 0.8296 0.1926 0.7911 0.1911 0.4962 0.7874 0.6886 0.7541
9 0.0743 0.0682 0.8541 0.1438 0.8190 0.2033 0.4836 0.8082 0.6883 0.7725
10 0.0658 0.0617 0.8582 0.1288 0.8235 0.2086 0.4808 0.8109 0.6908 0.7750
11 0.0648 0.0614 0.8620 0.1275 0.8287 0.1918 0.4780 0.8162 0.6713 0.7845
12 0.0695 0.0652 0.8578 0.1359 0.8238 0.2087 0.4790 0.8082 0.6890 0.7756
13 0.0871 0.0738 0.8492 0.1622 0.8133 0.2383 0.5101 0.7951 0.7496 0.7555
14 0.0952 0.0836 0.8285 0.1799 0.7881 0.2151 0.5197 0.7775 0.7356 0.7288
15 0.1038 0.0919 0.8286 0.1969 0.7909 0.1754 0.5040 0.8001 0.6806 0.7606
16 0.0871 0.0768 0.8474 0.1651 0.8086 0.2146 0.4891 0.8086 0.7050 0.7755
17 0.0731 0.0659 0.8611 0.1404 0.8267 0.2201 0.4865 0.8182 0.7082 0.7882
18 0.0570 0.0538 0.8744 0.1123 0.8428 0.2162 0.4780 0.8177 0.6957 0.7761
19 0.0482 0.0459 0.8812 0.0957 0.8541 0.2758 0.4766 0.8240 0.7540 0.7895
20 0.0436 0.0414 0.8870 0.0866 0.8619 0.2652 0.4740 0.8256 0.7409 0.7919
21 0.0444 0.0412 0.8868 0.0872 0.8607 0.2582 0.4737 0.8125 0.7335 0.7787
22 0.0473 0.0441 0.8838 0.0930 0.8560 0.2363 0.4713 0.8214 0.7092 0.7852
23 0.0467 0.0434 0.8828 0.0917 0.8547 0.3535 0.4792 0.8225 0.8343 0.7900
24 0.0497 0.0446 0.8788 0.0958 0.8487 0.2496 0.4806 0.8210 0.7316 0.7846
25 0.1028 0.0910 0.8324 0.1952 0.7939 0.2996 0.5110 0.7840 0.8121 0.7427
26 0.1124 0.0958 0.8292 0.2096 0.7912 0.2236 0.5069 0.7897 0.7320 0.7448
27 0.0692 0.0632 0.8623 0.1339 0.8290 0.2003 0.4808 0.8073 0.6825 0.7690
28 0.0543 0.0503 0.8787 0.1061 0.8507 0.2619 0.4761 0.8202 0.7396 0.7863
29 0.0430 0.0419 0.8930 0.0866 0.8680 0.2430 0.4718 0.8319 0.7166 0.8026
30 0.0387 0.0384 0.8962 0.0787 0.8711 0.2324 0.4696 0.8336 0.7038 0.8032
31 0.0396 0.0360 0.8962 0.0772 0.8718 0.2285 0.4696 0.8331 0.6998 0.8006
32 0.0394 0.0373 0.8926 0.0783 0.8689 0.2722 0.4736 0.8238 0.7476 0.7947
33 0.0409 0.0377 0.8913 0.0802 0.8654 0.2571 0.4758 0.8229 0.7345 0.7918
34 0.0565 0.0503 0.8771 0.1084 0.8467 0.2643 0.4832 0.8190 0.7491 0.7837
35 0.0636 0.0576 0.8654 0.1227 0.8308 0.2410 0.4834 0.8123 0.7260 0.7785
36 0.0666 0.0573 0.8696 0.1255 0.8375 0.2246 0.4744 0.8237 0.7006 0.7917
37 0.0556 0.0487 0.8845 0.1059 0.8560 0.3400 0.4791 0.8130 0.8208 0.7822
38 0.0432 0.0403 0.8960 0.0852 0.8706 0.2700 0.4918 0.8276 0.7634 0.7972
39 0.0377 0.0352 0.9008 0.0748 0.8779 0.2737 0.4696 0.8296 0.7450 0.7976
40 0.0311 0.0291 0.9097 0.0620 0.8874 0.2781 0.4686 0.8288 0.7485 0.7976
41 0.0314 0.0297 0.9091 0.0629 0.8858 0.2570 0.4657 0.8342 0.7245 0.8047
42 0.0329 0.0302 0.9064 0.0649 0.8827 0.2821 0.4661 0.8351 0.7500 0.8017
43 0.0337 0.0319 0.9061 0.0674 0.8823 0.2517 0.4656 0.8356 0.7190 0.8028
44 0.0342 0.0317 0.9026 0.0676 0.8787 0.3054 0.4756 0.8332 0.7827 0.8007
45 0.0996 0.0832 0.8408 0.1843 0.8032 0.2115 0.5159 0.7623 0.7288 0.7114
46 0.0927 0.0806 0.8499 0.1748 0.8149 0.2011 0.4768 0.8178 0.6795 0.7826
47 0.0500 0.0459 0.8885 0.0976 0.8615 0.2371 0.4655 0.8333 0.7043 0.8005
48 0.0378 0.0350 0.9008 0.0745 0.8770 0.2541 0.4648 0.8349 0.7205 0.8030
49 0.0356 0.0332 0.9049 0.0706 0.8818 0.2343 0.4637 0.8370 0.6997 0.8066
50 0.0284 0.0285 0.9107 0.0588 0.8893 0.2377 0.4634 0.8393 0.7028 0.8079
51 0.0285 0.0278 0.9123 0.0582 0.8918 0.2447 0.4604 0.8357 0.7069 0.8058
52 0.0276 0.0263 0.9120 0.0557 0.8901 0.2759 0.4630 0.8324 0.7407 0.7999
53 0.0342 0.0308 0.9061 0.0668 0.8819 0.2485 0.4792 0.8238 0.7293 0.7964
54 0.0345 0.0320 0.9021 0.0682 0.8756 0.2792 0.4757 0.8165 0.7564 0.7825
55 0.0748 0.0689 0.8629 0.1454 0.8297 0.2140 0.4881 0.8090 0.7037 0.7770
56 0.0730 0.0656 0.8634 0.1401 0.8325 0.2092 0.5004 0.7837 0.7112 0.7459
57 0.0466 0.0451 0.8882 0.0934 0.8612 0.2866 0.4697 0.8251 0.7580 0.7953
58 0.0358 0.0332 0.9020 0.0708 0.8777 0.2319 0.4676 0.8353 0.7013 0.8069
59 0.0285 0.0274 0.9121 0.0579 0.8912 0.2475 0.4595 0.8427 0.7088 0.8114
60 0.0250 0.0248 0.9169 0.0517 0.8967 0.2562 0.4606 0.8443 0.7186 0.8150
61 0.0256 0.0247 0.9191 0.0522 0.8988 0.2647 0.4611 0.8402 0.7277 0.8120
62 0.0255 0.0244 0.9149 0.0518 0.8951 0.2776 0.4626 0.8292 0.7420 0.7987
63 0.0314 0.0302 0.9074 0.0635 0.8843 0.2603 0.4649 0.8233 0.7269 0.7931
64 0.0488 0.0433 0.8923 0.0938 0.8650 0.2649 0.4765 0.8112 0.7431 0.7734
65 0.0393 0.0374 0.8899 0.0785 0.8626 0.3121 0.4743 0.8128 0.7880 0.7794
66 0.0364 0.0339 0.8957 0.0720 0.8698 0.2973 0.4735 0.8190 0.7724 0.7879
67 0.0425 0.0377 0.9002 0.0819 0.8764 0.2442 0.4722 0.8230 0.7182 0.7923
68 0.0276 0.0268 0.9105 0.0563 0.8904 0.2613 0.4630 0.8294 0.7262 0.7938
69 0.0252 0.0238 0.9209 0.0510 0.9030 0.2558 0.4628 0.8386 0.7205 0.8111
70 0.0238 0.0225 0.9243 0.0484 0.9071 0.2643 0.4617 0.8380 0.7280 0.8102
71 0.0226 0.0218 0.9234 0.0465 0.9051 0.2614 0.4585 0.8324 0.7217 0.8010
72 0.0238 0.0234 0.9205 0.0492 0.9029 0.3358 0.4671 0.8266 0.8048 0.7962
73 0.0322 0.0286 0.9146 0.0628 0.8947 0.2438 0.4715 0.8210 0.7170 0.7906
74 0.0440 0.0384 0.8908 0.0842 0.8648 0.2077 0.4706 0.8334 0.6801 0.7996
75 0.0535 0.0469 0.8852 0.1021 0.8572 0.3460 0.4786 0.8240 0.8261 0.7927
76 0.0358 0.0323 0.9014 0.0699 0.8765 0.3138 0.4643 0.8369 0.7800 0.8055
77 0.0257 0.0248 0.9145 0.0526 0.8936 0.2999 0.4635 0.8420 0.7652 0.8107
78 0.0219 0.0217 0.9229 0.0456 0.9047 0.3097 0.4604 0.8389 0.7721 0.8099
79 0.0205 0.0204 0.9289 0.0430 0.9125 0.3345 0.4615 0.8364 0.7980 0.8041
80 0.0188 0.0186 0.9313 0.0396 0.9159 0.3137 0.4593 0.8400 0.7749 0.8077
81 0.0188 0.0188 0.9311 0.0397 0.9149 0.3215 0.4573 0.8397 0.7808 0.8096
82 0.0198 0.0197 0.9277 0.0417 0.9122 0.2914 0.4576 0.8365 0.7510 0.8063
83 0.0252 0.0235 0.9207 0.0507 0.9024 0.2673 0.4697 0.8259 0.7386 0.7916
84 0.0337 0.0314 0.9066 0.0670 0.8830 0.2930 0.4802 0.8091 0.7750 0.7728
85 0.0514 0.0441 0.8833 0.0973 0.8555 0.2703 0.4805 0.8247 0.7524 0.7922
86 0.0500 0.0441 0.8910 0.0959 0.8648 0.2842 0.4831 0.8047 0.7689 0.7696
87 0.0414 0.0392 0.9023 0.0825 0.8785 0.2841 0.4707 0.8339 0.7566 0.8052
88 0.0259 0.0261 0.9160 0.0541 0.8965 0.3094 0.4644 0.8342 0.7757 0.8031
89 0.0242 0.0234 0.9238 0.0497 0.9067 0.2835 0.4652 0.8350 0.7506 0.8048
90 0.0195 0.0204 0.9301 0.0421 0.9144 0.2738 0.4641 0.8374 0.7398 0.8066
91 0.0196 0.0190 0.9305 0.0408 0.9146 0.3101 0.4637 0.8343 0.7758 0.8040
92 0.0188 0.0189 0.9327 0.0399 0.9179 0.3260 0.4673 0.8366 0.7952 0.8090
93 0.0208 0.0207 0.9262 0.0436 0.9096 0.3272 0.4634 0.8338 0.7925 0.8032
94 0.0220 0.0215 0.9251 0.0456 0.9077 0.3244 0.4619 0.8297 0.7883 0.7958
95 0.0214 0.0203 0.9259 0.0438 0.9088 0.3331 0.4656 0.8297 0.8005 0.7999
96 0.0327 0.0291 0.9075 0.0638 0.8849 0.3050 0.4711 0.8284 0.7779 0.7969
97 0.0337 0.0305 0.9055 0.0662 0.8854 0.3118 0.4876 0.8192 0.8010 0.7863
98 0.0249 0.0254 0.9188 0.0524 0.9000 0.3266 0.4728 0.8308 0.8012 0.8026
99 0.0218 0.0203 0.9301 0.0443 0.9151 0.3030 0.4652 0.8311 0.7702 0.7983
