epoch train_BCELoss train_SoftDiceLoss train_iou train_loss train_mAP val_BCELoss val_SoftDiceLoss val_iou val_loss val_mAP
0 0.2699 0.2586 0.6762 0.5288 0.6185 0.3695 0.6275 0.6571 0.9974 0.6120
1 0.2042 0.1908 0.7393 0.3955 0.6882 0.6818 0.6868 0.5530 1.3692 0.4803
2 0.1878 0.1708 0.7630 0.3592 0.7168 0.2297 0.5637 0.7323 0.7942 0.6887
3 0.1554 0.1421 0.7954 0.2984 0.7540 0.2734 0.5380 0.7540 0.8124 0.7137
4 0.1380 0.1264 0.8114 0.2653 0.7727 0.1869 0.5102 0.7911 0.6981 0.7584
5 0.1298 0.1203 0.8123 0.2511 0.7743 0.1741 0.5157 0.7960 0.6909 0.7607
6 0.1325 0.1178 0.8153 0.2512 0.7774 0.1753 0.5233 0.7902 0.6996 0.7594
7 0.1461 0.1357 0.7982 0.2826 0.7595 0.1854 0.5191 0.7922 0.7056 0.7552
8 0.1472 0.1329 0.8044 0.2811 0.7667 0.1920 0.5154 0.7865 0.7086 0.7447
9 0.1479 0.1347 0.8056 0.2836 0.7668 0.1922 0.5383 0.7763 0.7315 0.7440
10 0.1565 0.1375 0.7918 0.2950 0.7544 0.2230 0.5461 0.7679 0.7700 0.7315
11 0.1444 0.1249 0.8144 0.2704 0.7770 0.2260 0.5261 0.7604 0.7532 0.7160
12 0.1256 0.1131 0.8279 0.2399 0.7939 0.2103 0.4986 0.8051 0.7102 0.7722
13 0.1110 0.0993 0.8380 0.2115 0.8056 0.2021 0.5257 0.7972 0.7290 0.7687
14 0.0973 0.0897 0.8527 0.1883 0.8224 0.1782 0.5011 0.8174 0.6807 0.7874
15 0.0965 0.0843 0.8556 0.1821 0.8252 0.1733 0.4999 0.8236 0.6746 0.7935
16 0.0967 0.0857 0.8517 0.1837 0.8214 0.1663 0.4999 0.8231 0.6676 0.7924
17 0.0954 0.0854 0.8497 0.1821 0.8172 0.1902 0.4996 0.8182 0.6912 0.7886
18 0.1144 0.1011 0.8382 0.2168 0.8059 0.2538 0.5180 0.8057 0.7731 0.7743
19 0.1234 0.1081 0.8283 0.2327 0.7957 0.3762 0.5510 0.7285 0.9284 0.6829
20 0.1385 0.1209 0.8210 0.2605 0.7838 0.7806 0.6211 0.6410 1.4031 0.5724
21 0.1204 0.1117 0.8344 0.2333 0.8011 0.2264 0.5404 0.8001 0.7679 0.7700
22 0.1064 0.0975 0.8445 0.2051 0.8144 0.1907 0.4910 0.8115 0.6832 0.7764
23 0.0932 0.0865 0.8553 0.1810 0.8260 0.1920 0.4941 0.8211 0.6877 0.7921
24 0.0799 0.0738 0.8660 0.1552 0.8371 0.1663 0.4894 0.8342 0.6572 0.8028
25 0.0766 0.0680 0.8661 0.1461 0.8359 0.1661 0.4837 0.8339 0.6514 0.8053
26 0.0790 0.0692 0.8714 0.1496 0.8436 0.1597 0.4888 0.8309 0.6501 0.8007
27 0.0853 0.0765 0.8669 0.1632 0.8379 0.1916 0.5021 0.8241 0.6952 0.7925
28 0.0942 0.0817 0.8557 0.1774 0.8252 0.1847 0.4986 0.8119 0.6849 0.7796
29 0.1019 0.0916 0.8467 0.1947 0.8146 0.1664 0.5020 0.8037 0.6698 0.7661
30 0.1219 0.1081 0.8268 0.2312 0.7940 0.1852 0.5180 0.8183 0.7046 0.7811
31 0.0972 0.0897 0.8532 0.1882 0.8235 0.2002 0.5296 0.8146 0.7311 0.7838
32 0.0915 0.0799 0.8590 0.1728 0.8294 0.1679 0.4990 0.8312 0.6684 0.7987
33 0.0781 0.0675 0.8750 0.1470 0.8470 0.2024 0.5002 0.8328 0.7042 0.7992
34 0.0709 0.0661 0.8739 0.1386 0.8471 0.1580 0.4842 0.8438 0.6439 0.8125
35 0.0647 0.0592 0.8756 0.1255 0.8491 0.1552 0.4807 0.8464 0.6377 0.8161
36 0.0679 0.0625 0.8796 0.1320 0.8528 0.1884 0.4880 0.8384 0.6781 0.8077
37 0.0739 0.0667 0.8721 0.1422 0.8435 0.1588 0.4879 0.8338 0.6484 0.8037
38 0.0850 0.0795 0.8619 0.1660 0.8310 0.1725 0.4942 0.8230 0.6683 0.7867
39 0.0894 0.0795 0.8572 0.1704 0.8272 0.2294 0.5135 0.8030 0.7444 0.7673
40 0.1043 0.0918 0.8475 0.1975 0.8149 0.2186 0.5253 0.7803 0.7451 0.7438
41 0.0913 0.0817 0.8564 0.1743 0.8255 0.2022 0.4810 0.8102 0.6848 0.7733
42 0.0845 0.0790 0.8623 0.1650 0.8333 0.2010 0.5080 0.8322 0.7104 0.7971
43 0.0705 0.0655 0.8751 0.1375 0.8471 0.1789 0.4829 0.8441 0.6635 0.8153
44 0.0597 0.0546 0.8838 0.1159 0.8572 0.1950 0.4863 0.8452 0.6830 0.8188
45 0.0568 0.0508 0.8858 0.1091 0.8611 0.1926 0.4843 0.8470 0.6786 0.8200
46 0.0556 0.0497 0.8880 0.1069 0.8625 0.1819 0.4850 0.8447 0.6686 0.8151
47 0.0607 0.0550 0.8847 0.1172 0.8579 0.2198 0.4804 0.8258 0.7018 0.7924
48 0.0652 0.0574 0.8781 0.1241 0.8506 0.2400 0.5147 0.8215 0.7562 0.7918
49 0.0922 0.0789 0.8614 0.1726 0.8326 0.1670 0.4968 0.8267 0.6653 0.7882
50 0.1104 0.0994 0.8393 0.2111 0.8059 0.2688 0.5153 0.7786 0.7857 0.7352
51 0.0778 0.0729 0.8659 0.1522 0.8348 0.1722 0.5062 0.8274 0.6800 0.7957
52 0.0688 0.0643 0.8727 0.1345 0.8445 0.2094 0.4719 0.8417 0.6830 0.8077
53 0.0582 0.0527 0.8830 0.1125 0.8571 0.1900 0.4831 0.8410 0.6749 0.8114
54 0.0554 0.0504 0.8891 0.1074 0.8623 0.1787 0.4791 0.8538 0.6596 0.8256
55 0.0515 0.0495 0.8925 0.1025 0.8691 0.1795 0.4781 0.8541 0.6594 0.8245
56 0.0543 0.0508 0.8871 0.1067 0.8623 0.1965 0.4793 0.8516 0.6776 0.8224
57 0.0559 0.0513 0.8831 0.1088 0.8565 0.2184 0.4886 0.8510 0.7086 0.8242
58 0.0645 0.0577 0.8813 0.1237 0.8532 0.2226 0.4852 0.8355 0.7095 0.8049
59 0.0798 0.0697 0.8669 0.1509 0.8371 0.2143 0.5009 0.8181 0.7167 0.7815
60 0.0887 0.0752 0.8593 0.1654 0.8303 0.3007 0.5096 0.7741 0.8118 0.7242
61 0.0820 0.0738 0.8634 0.1574 0.8353 0.2262 0.4814 0.8204 0.7094 0.7829
62 0.0640 0.0578 0.8830 0.1234 0.8557 0.2313 0.4806 0.8254 0.7137 0.7916
63 0.0592 0.0541 0.8797 0.1149 0.8545 0.1925 0.4884 0.8480 0.6827 0.8179
64 0.0529 0.0473 0.8913 0.1019 0.8661 0.1656 0.4794 0.8576 0.6468 0.8293
65 0.0460 0.0448 0.8956 0.0925 0.8716 0.1690 0.4782 0.8576 0.6491 0.8296
66 0.0474 0.0433 0.8978 0.0923 0.8744 0.1900 0.4813 0.8448 0.6732 0.8184
67 0.0537 0.0483 0.8931 0.1037 0.8690 0.1929 0.4769 0.8531 0.6717 0.8266
68 0.0581 0.0540 0.8854 0.1137 0.8585 0.2385 0.4933 0.8405 0.7335 0.8139
69 0.0673 0.0591 0.8775 0.1280 0.8500 0.1957 0.5094 0.8356 0.7067 0.8075
70 0.0854 0.0742 0.8615 0.1611 0.8309 0.2564 0.4951 0.8378 0.7532 0.8085
71 0.0779 0.0717 0.8706 0.1512 0.8442 0.1895 0.4848 0.8217 0.6761 0.7874
72 0.0610 0.0556 0.8816 0.1183 0.8565 0.1734 0.4921 0.8413 0.6672 0.8132
73 0.0558 0.0515 0.8888 0.1090 0.8636 0.1878 0.4866 0.8445 0.6762 0.8137
74 0.0488 0.0452 0.8976 0.0958 0.8730 0.2050 0.4772 0.8493 0.6841 0.8201
75 0.0468 0.0452 0.8940 0.0937 0.8699 0.1917 0.4807 0.8517 0.6743 0.8194
76 0.0438 0.0405 0.8986 0.0861 0.8759 0.2268 0.4795 0.8512 0.7082 0.8245
77 0.0484 0.0429 0.8931 0.0930 0.8681 0.2013 0.4804 0.8436 0.6836 0.8125
78 0.0545 0.0516 0.8908 0.1078 0.8649 0.2421 0.4965 0.8377 0.7404 0.8101
79 0.0658 0.0588 0.8772 0.1261 0.8503 0.2419 0.4913 0.8266 0.7351 0.7954
80 0.0846 0.0756 0.8636 0.1617 0.8358 0.2772 0.4966 0.8029 0.7753 0.7613
81 0.0669 0.0621 0.8760 0.1306 0.8491 0.1957 0.4845 0.8360 0.6821 0.8016
82 0.0595 0.0545 0.8888 0.1156 0.8625 0.1876 0.4749 0.8396 0.6643 0.8044
83 0.0483 0.0452 0.8933 0.0953 0.8702 0.2128 0.4740 0.8480 0.6887 0.8157
84 0.0458 0.0441 0.9033 0.0917 0.8791 0.2053 0.4698 0.8518 0.6771 0.8225
85 0.0422 0.0396 0.9008 0.0836 0.8778 0.1997 0.4726 0.8541 0.6742 0.8248
86 0.0432 0.0394 0.9028 0.0844 0.8784 0.2200 0.4720 0.8548 0.6940 0.8260
87 0.0433 0.0405 0.8975 0.0856 0.8741 0.2362 0.4793 0.8414 0.7174 0.8143
88 0.0531 0.0479 0.8955 0.1026 0.8703 0.2291 0.4768 0.8386 0.7077 0.8062
89 0.0562 0.0497 0.8876 0.1076 0.8634 0.2301 0.4963 0.8190 0.7281 0.7823
90 0.0868 0.0764 0.8655 0.1648 0.8354 0.3045 0.5566 0.7210 0.8624 0.6663
91 0.0691 0.0626 0.8730 0.1332 0.8452 0.2043 0.5115 0.8261 0.7173 0.7923
92 0.0521 0.0483 0.8906 0.1021 0.8662 0.1836 0.4721 0.8481 0.6576 0.8153
93 0.0485 0.0447 0.8971 0.0949 0.8748 0.1877 0.4728 0.8484 0.6623 0.8169
94 0.0423 0.0390 0.9019 0.0831 0.8789 0.2026 0.4695 0.8580 0.6741 0.8267
95 0.0443 0.0388 0.8996 0.0849 0.8746 0.1956 0.4694 0.8599 0.6670 0.8294
96 0.0422 0.0372 0.9052 0.0813 0.8828 0.2110 0.4744 0.8528 0.6874 0.8225
97 0.0427 0.0378 0.9037 0.0822 0.8809 0.2098 0.4697 0.8536 0.6814 0.8260
98 0.0480 0.0431 0.9005 0.0929 0.8771 0.2047 0.4852 0.8409 0.6916 0.8085
99 0.0546 0.0478 0.8909 0.1041 0.8664 0.2198 0.5074 0.8247 0.7288 0.7954
100 0.0707 0.0592 0.8779 0.1315 0.8502 0.2941 0.5344 0.7774 0.8299 0.7442
101 0.0659 0.0595 0.8833 0.1270 0.8559 0.1970 0.4796 0.8396 0.6785 0.8084
102 0.0517 0.0453 0.8916 0.0987 0.8657 0.2181 0.4859 0.8485 0.7059 0.8186
103 0.0457 0.0417 0.8991 0.0892 0.8747 0.2212 0.4733 0.8391 0.6965 0.8094
104 0.0401 0.0366 0.9060 0.0786 0.8838 0.2126 0.4753 0.8490 0.6899 0.8218
105 0.0385 0.0364 0.9054 0.0767 0.8837 0.2137 0.4703 0.8526 0.6860 0.8221
106 0.0364 0.0350 0.9085 0.0733 0.8883 0.2354 0.4853 0.8529 0.7226 0.8244
107 0.0405 0.0356 0.9045 0.0778 0.8828 0.2297 0.4701 0.8549 0.7018 0.8252
108 0.0536 0.0484 0.8924 0.1037 0.8687 0.2665 0.4761 0.8193 0.7446 0.7871
109 0.0678 0.0601 0.8799 0.1295 0.8534 0.2022 0.4856 0.8336 0.6896 0.7987
110 0.0804 0.0713 0.8698 0.1532 0.8406 0.2980 0.5219 0.8165 0.8213 0.7834
111 0.0583 0.0533 0.8858 0.1133 0.8592 0.2114 0.4846 0.8360 0.6979 0.8031
112 0.0562 0.0534 0.8911 0.1114 0.8675 0.2459 0.4904 0.8414 0.7382 0.8121
113 0.0483 0.0442 0.8966 0.0943 0.8710 0.2200 0.4753 0.8601 0.6971 0.8292
114 0.0426 0.0392 0.9061 0.0836 0.8825 0.2177 0.4751 0.8574 0.6948 0.8304
115 0.0407 0.0355 0.9067 0.0781 0.8842 0.2121 0.4704 0.8591 0.6846 0.8317
116 0.0399 0.0345 0.9075 0.0763 0.8850 0.2080 0.4709 0.8563 0.6809 0.8276
117 0.0454 0.0408 0.8999 0.0881 0.8793 0.2502 0.4787 0.8502 0.7309 0.8200
118 0.0478 0.0421 0.8943 0.0918 0.8718 0.2423 0.4772 0.8450 0.7215 0.8118
119 0.0555 0.0510 0.8868 0.1082 0.8610 0.2764 0.4723 0.8485 0.7506 0.8192
120 0.0783 0.0677 0.8644 0.1476 0.8358 0.2800 0.5249 0.8140 0.8065 0.7776
121 0.0596 0.0522 0.8885 0.1135 0.8623 0.1951 0.4750 0.8493 0.6720 0.8208
122 0.0462 0.0414 0.9007 0.0893 0.8765 0.2517 0.4767 0.8498 0.7303 0.8178
123 0.0463 0.0419 0.9055 0.0900 0.8823 0.2311 0.4772 0.8522 0.7102 0.8222
124 0.0375 0.0355 0.9079 0.0748 0.8848 0.2454 0.4751 0.8598 0.7225 0.8302
125 0.0357 0.0328 0.9065 0.0703 0.8859 0.2394 0.4728 0.8602 0.7142 0.8310
126 0.0372 0.0342 0.9128 0.0732 0.8917 0.2311 0.4754 0.8581 0.7085 0.8288
127 0.0356 0.0326 0.9076 0.0701 0.8853 0.2363 0.4716 0.8499 0.7099 0.8180
128 0.0443 0.0404 0.8969 0.0864 0.8741 0.3101 0.4810 0.8412 0.7930 0.8131
129 0.0534 0.0497 0.8931 0.1048 0.8670 0.2436 0.4932 0.8391 0.7387 0.8103
130 0.0614 0.0544 0.8859 0.1175 0.8604 0.2080 0.4883 0.8158 0.6980 0.7781
131 0.0689 0.0649 0.8727 0.1354 0.8432 0.1865 0.4868 0.8166 0.6751 0.7865
132 0.0536 0.0489 0.8924 0.1043 0.8687 0.2027 0.4769 0.8468 0.6815 0.8163
133 0.0411 0.0388 0.9020 0.0818 0.8787 0.2392 0.4640 0.8468 0.7053 0.8157
134 0.0372 0.0348 0.9049 0.0739 0.8831 0.2456 0.4676 0.8534 0.7153 0.8224
135 0.0341 0.0326 0.9128 0.0686 0.8924 0.2407 0.4668 0.8535 0.7096 0.8239
136 0.0346 0.0324 0.9108 0.0688 0.8897 0.2189 0.4679 0.8524 0.6889 0.8243
137 0.0396 0.0361 0.9088 0.0775 0.8875 0.2134 0.4723 0.8487 0.6877 0.8202
138 0.0374 0.0347 0.9065 0.0739 0.8834 0.2361 0.4643 0.8517 0.7026 0.8225
139 0.0438 0.0394 0.9010 0.0849 0.8782 0.2630 0.5101 0.8360 0.7748 0.8049
140 0.0693 0.0596 0.8770 0.1305 0.8501 0.1833 0.5052 0.8324 0.6903 0.8013
141 0.0615 0.0558 0.8861 0.1190 0.8602 0.2547 0.4911 0.8323 0.7476 0.8037
142 0.0465 0.0438 0.8973 0.0921 0.8729 0.2302 0.4801 0.8567 0.7123 0.8284
143 0.0370 0.0350 0.9079 0.0738 0.8856 0.2247 0.4734 0.8558 0.7002 0.8274
144 0.0348 0.0321 0.9097 0.0687 0.8898 0.2337 0.4738 0.8614 0.7095 0.8321
145 0.0327 0.0307 0.9142 0.0653 0.8945 0.2348 0.4737 0.8605 0.7106 0.8316
146 0.0354 0.0316 0.9147 0.0689 0.8931 0.2298 0.4702 0.8578 0.7021 0.8272
147 0.0376 0.0340 0.9053 0.0734 0.8847 0.2470 0.4780 0.8501 0.7270 0.8250
148 0.0369 0.0324 0.9119 0.0711 0.8913 0.2295 0.4808 0.8506 0.7121 0.8185
149 0.0649 0.0589 0.8871 0.1254 0.8596 0.2369 0.4834 0.8443 0.7222 0.8111
