epoch train_BCELoss train_SoftDiceLoss train_iou train_loss train_mAP val_BCELoss val_SoftDiceLoss val_iou val_loss val_mAP
0 0.5028 0.6035 0.3111 1.1058 0.2603 0.3901 0.6993 0.5368 1.0890 0.4482
1 0.2768 0.2759 0.6366 0.5528 0.5674 0.2592 0.6016 0.6772 0.8612 0.6142
2 0.2422 0.2282 0.6784 0.4708 0.6176 0.2462 0.5654 0.7182 0.8122 0.6407
3 0.1952 0.1837 0.7200 0.3794 0.6609 0.1991 0.5527 0.7488 0.7525 0.6996
4 0.1888 0.1674 0.7323 0.3569 0.6782 0.2884 0.5681 0.7075 0.8574 0.6484
5 0.1855 0.1685 0.7454 0.3548 0.6961 0.1882 0.5405 0.7715 0.7296 0.7246
6 0.1497 0.1371 0.7735 0.2877 0.7260 0.1786 0.5273 0.7824 0.7069 0.7398
7 0.1319 0.1215 0.7980 0.2543 0.7567 0.2078 0.5285 0.7932 0.7375 0.7482
8 0.1131 0.1060 0.8097 0.2202 0.7685 0.1832 0.4971 0.8097 0.6815 0.7641
9 0.0901 0.0817 0.8293 0.1730 0.7930 0.1900 0.4958 0.8112 0.6870 0.7748
10 0.0760 0.0687 0.8446 0.1459 0.8096 0.1857 0.4912 0.8131 0.6782 0.7773
11 0.0740 0.0696 0.8436 0.1449 0.8078 0.1645 0.4962 0.8157 0.6619 0.7775
12 0.0759 0.0674 0.8418 0.1445 0.8056 0.2020 0.5074 0.8204 0.7107 0.7820
13 0.1022 0.0895 0.8206 0.1929 0.7802 0.1577 0.5007 0.7915 0.6596 0.7474
14 0.1016 0.0902 0.8163 0.1929 0.7764 0.4398 0.5402 0.7289 0.9813 0.6648
15 0.1340 0.1198 0.7986 0.2549 0.7555 0.2319 0.5114 0.7681 0.7446 0.7171
16 0.1057 0.0941 0.8175 0.2010 0.7784 0.1959 0.4988 0.8190 0.6960 0.7782
17 0.0808 0.0734 0.8478 0.1556 0.8100 0.1735 0.5125 0.8052 0.6872 0.7650
18 0.0634 0.0586 0.8599 0.1234 0.8280 0.1976 0.4802 0.8243 0.6793 0.7915
19 0.0583 0.0533 0.8691 0.1130 0.8386 0.1962 0.4843 0.8207 0.6819 0.7877
20 0.0487 0.0477 0.8763 0.0979 0.8494 0.1906 0.4811 0.8249 0.6732 0.7911
21 0.0498 0.0468 0.8732 0.0981 0.8441 0.2273 0.4795 0.8229 0.7082 0.7873
22 0.0514 0.0466 0.8754 0.0994 0.8443 0.2031 0.4800 0.8103 0.6846 0.7709
23 0.0581 0.0507 0.8621 0.1102 0.8322 0.2342 0.4882 0.7990 0.7239 0.7588
24 0.0651 0.0575 0.8616 0.1241 0.8305 0.2677 0.5097 0.7757 0.7788 0.7194
25 0.1035 0.0913 0.8244 0.1962 0.7836 0.2736 0.4974 0.7944 0.7725 0.7560
26 0.0936 0.0813 0.8264 0.1762 0.7884 0.2073 0.5060 0.7995 0.7146 0.7589
27 0.0647 0.0611 0.8594 0.1273 0.8286 0.1863 0.4820 0.8087 0.6699 0.7678
28 0.0530 0.0477 0.8716 0.1022 0.8437 0.2196 0.4890 0.8126 0.7102 0.7791
29 0.0405 0.0382 0.8854 0.0803 0.8604 0.2176 0.4767 0.8273 0.6959 0.7981
30 0.0359 0.0345 0.8920 0.0721 0.8683 0.2357 0.4775 0.8197 0.7149 0.7903
31 0.0380 0.0351 0.8901 0.0747 0.8647 0.2426 0.4762 0.8292 0.7204 0.7984
32 0.0393 0.0373 0.8911 0.0782 0.8649 0.2239 0.4724 0.8287 0.6979 0.7934
33 0.0417 0.0385 0.8824 0.0818 0.8546 0.3102 0.4819 0.8264 0.7937 0.7956
34 0.0440 0.0398 0.8814 0.0854 0.8523 0.2182 0.4907 0.8086 0.7103 0.7687
35 0.1119 0.0946 0.8221 0.2080 0.7822 0.1967 0.5428 0.7668 0.7407 0.7179
36 0.0874 0.0762 0.8409 0.1650 0.8046 0.2249 0.5042 0.8072 0.7305 0.7686
37 0.0691 0.0617 0.8607 0.1324 0.8300 0.2173 0.4857 0.8174 0.7046 0.7826
38 0.0436 0.0400 0.8826 0.0853 0.8564 0.2511 0.4778 0.8308 0.7305 0.8022
39 0.0385 0.0367 0.8922 0.0769 0.8682 0.1978 0.4741 0.8338 0.6737 0.8031
40 0.0347 0.0331 0.8942 0.0696 0.8706 0.1987 0.4732 0.8318 0.6736 0.8004
41 0.0363 0.0338 0.8947 0.0719 0.8698 0.2528 0.4740 0.8353 0.7286 0.8035
42 0.0359 0.0339 0.8926 0.0715 0.8684 0.2298 0.4724 0.8327 0.7038 0.8020
43 0.0363 0.0331 0.8934 0.0711 0.8683 0.2316 0.4775 0.8324 0.7107 0.8001
44 0.0379 0.0346 0.8882 0.0741 0.8623 0.2311 0.4786 0.8166 0.7113 0.7798
45 0.0548 0.0475 0.8736 0.1038 0.8439 0.5453 0.5482 0.7055 1.0950 0.6411
46 0.0838 0.0718 0.8505 0.1572 0.8170 0.2315 0.5004 0.8062 0.7333 0.7639
47 0.0677 0.0575 0.8669 0.1268 0.8360 0.2128 0.4979 0.8213 0.7122 0.7863
48 0.0517 0.0489 0.8831 0.1023 0.8559 0.2228 0.4830 0.8312 0.7074 0.7993
49 0.0367 0.0360 0.8973 0.0746 0.8735 0.2199 0.4745 0.8365 0.6961 0.8049
50 0.0303 0.0300 0.9045 0.0621 0.8821 0.2223 0.4736 0.8362 0.6976 0.8050
51 0.0325 0.0314 0.9025 0.0657 0.8791 0.2345 0.4737 0.8368 0.7099 0.8059
52 0.0322 0.0302 0.9054 0.0643 0.8818 0.2504 0.4772 0.8341 0.7293 0.8044
53 0.0354 0.0322 0.8927 0.0694 0.8691 0.2750 0.4777 0.8330 0.7546 0.8026
54 0.0576 0.0524 0.8739 0.1117 0.8429 0.3268 0.5216 0.7541 0.8498 0.7168
55 0.0677 0.0603 0.8586 0.1296 0.8262 0.2800 0.5442 0.7695 0.8253 0.7358
56 0.0857 0.0737 0.8523 0.1609 0.8168 0.2728 0.4913 0.8196 0.7656 0.7869
57 0.0506 0.0467 0.8769 0.0989 0.8503 0.2222 0.4785 0.8275 0.7026 0.7936
58 0.0387 0.0354 0.8992 0.0759 0.8743 0.1980 0.4712 0.8351 0.6711 0.8047
59 0.0313 0.0306 0.9061 0.0638 0.8842 0.2115 0.4670 0.8461 0.6803 0.8165
60 0.0269 0.0269 0.9104 0.0558 0.8897 0.2123 0.4662 0.8426 0.6804 0.8112
61 0.0267 0.0258 0.9089 0.0544 0.8893 0.2174 0.4690 0.8409 0.6881 0.8089
62 0.0275 0.0260 0.9130 0.0555 0.8923 0.2208 0.4709 0.8397 0.6935 0.8083
63 0.0273 0.0260 0.9081 0.0552 0.8869 0.2323 0.4688 0.8335 0.7028 0.8008
64 0.0270 0.0256 0.9130 0.0545 0.8915 0.2448 0.4776 0.8297 0.7240 0.7948
65 0.0317 0.0289 0.9037 0.0624 0.8807 0.2118 0.4741 0.8279 0.6874 0.7944
66 0.0386 0.0347 0.8965 0.0751 0.8721 0.1798 0.4714 0.8346 0.6529 0.8028
67 0.0303 0.0282 0.9079 0.0605 0.8870 0.2202 0.4983 0.8285 0.7202 0.7960
68 0.0270 0.0260 0.9124 0.0549 0.8927 0.2110 0.4673 0.8473 0.6801 0.8167
69 0.0239 0.0232 0.9197 0.0492 0.9011 0.2186 0.4741 0.8488 0.6944 0.8196
70 0.0210 0.0210 0.9237 0.0440 0.9073 0.2227 0.4700 0.8458 0.6945 0.8155
71 0.0213 0.0211 0.9240 0.0445 0.9073 0.2424 0.4679 0.8442 0.7122 0.8123
72 0.0217 0.0209 0.9221 0.0447 0.9042 0.2300 0.4698 0.8481 0.7016 0.8183
73 0.0229 0.0220 0.9231 0.0469 0.9042 0.2430 0.4826 0.8374 0.7274 0.8042
74 0.0234 0.0226 0.9205 0.0480 0.9017 0.2339 0.4793 0.8378 0.7150 0.8101
75 0.0254 0.0241 0.9136 0.0515 0.8928 0.2646 0.4937 0.8262 0.7600 0.7948
76 0.0320 0.0293 0.9059 0.0632 0.8838 0.6129 0.5276 0.7363 1.1423 0.6828
77 0.0382 0.0341 0.8976 0.0742 0.8751 0.3663 0.5011 0.7119 0.8688 0.6668
78 0.0368 0.0347 0.8992 0.0735 0.8759 0.2656 0.4749 0.8299 0.7422 0.8004
79 0.0234 0.0226 0.9202 0.0481 0.9012 0.2413 0.4672 0.8402 0.7103 0.8081
80 0.0201 0.0207 0.9240 0.0430 0.9078 0.2363 0.4662 0.8432 0.7044 0.8099
81 0.0232 0.0219 0.9216 0.0472 0.9043 0.2742 0.4689 0.8421 0.7450 0.8100
82 0.0198 0.0200 0.9261 0.0420 0.9097 0.2695 0.4695 0.8437 0.7409 0.8101
83 0.0203 0.0198 0.9264 0.0422 0.9091 0.2713 0.4713 0.8407 0.7445 0.8095
84 0.0221 0.0216 0.9192 0.0458 0.9009 0.2603 0.4738 0.8360 0.7359 0.8042
85 0.0772 0.0644 0.8669 0.1433 0.8366 0.4911 0.6446 0.5930 1.1365 0.5180
86 0.1084 0.0887 0.8267 0.1986 0.7888 0.5751 0.5421 0.7075 1.1188 0.6560
87 0.0587 0.0548 0.8754 0.1153 0.8447 0.2165 0.5062 0.8264 0.7243 0.7981
88 0.0409 0.0395 0.8944 0.0823 0.8726 0.2238 0.4741 0.8348 0.6998 0.8059
89 0.0271 0.0266 0.9133 0.0557 0.8944 0.2123 0.4661 0.8423 0.6803 0.8114
90 0.0261 0.0249 0.9186 0.0531 0.9006 0.2036 0.4660 0.8442 0.6715 0.8126
91 0.0260 0.0257 0.9179 0.0538 0.8993 0.2235 0.4761 0.8389 0.7013 0.8081
92 0.0226 0.0228 0.9190 0.0476 0.9012 0.2397 0.4638 0.8445 0.7055 0.8148
93 0.0226 0.0218 0.9189 0.0465 0.9012 0.2360 0.4707 0.8485 0.7085 0.8171
94 0.0225 0.0218 0.9166 0.0463 0.8987 0.2741 0.4666 0.8409 0.7425 0.8103
95 0.0544 0.0473 0.8929 0.1034 0.8662 0.3733 0.5220 0.7971 0.8968 0.7603
96 0.0606 0.0535 0.8765 0.1159 0.8479 0.2774 0.4838 0.8182 0.7631 0.7899
97 0.0424 0.0404 0.8938 0.0847 0.8698 0.2315 0.4744 0.8313 0.7078 0.8010
98 0.0243 0.0237 0.9156 0.0501 0.8982 0.2884 0.4670 0.8397 0.7574 0.8106
99 0.0207 0.0209 0.9267 0.0438 0.9103 0.2526 0.4794 0.8394 0.7339 0.8105
