epoch train_iou train_loss train_mAP val_iou val_mAP
0 0.6225 1.1744 0.5635 0.7046 0.6463
1 0.7170 0.9002 0.6554 0.7560 0.6976
2 0.7625 0.7594 0.7028 0.7763 0.7222
3 0.7888 0.6705 0.7364 0.8028 0.7571
4 0.8128 0.5937 0.7636 0.8145 0.7750
5 0.8185 0.5647 0.7733 0.8188 0.7790
6 0.8180 0.5673 0.7690 0.8249 0.7814
7 0.8183 0.5717 0.7731 0.8247 0.7805
8 0.8202 0.5832 0.7723 0.8138 0.7724
9 0.8068 0.6112 0.7600 0.7999 0.7565
10 0.8079 0.6176 0.7656 0.8147 0.7754
11 0.8245 0.5496 0.7818 0.7996 0.7620
12 0.8365 0.5201 0.7954 0.8272 0.7927
13 0.8514 0.4643 0.8148 0.8214 0.7861
14 0.8614 0.4257 0.8248 0.8438 0.8094
15 0.8660 0.4062 0.8305 0.8426 0.8084
16 0.8612 0.4209 0.8254 0.8427 0.8100
17 0.8581 0.4360 0.8194 0.8366 0.7978
18 0.8618 0.4340 0.8235 0.8188 0.7850
19 0.8423 0.4997 0.8042 0.8399 0.8050
20 0.8423 0.4996 0.8064 0.8006 0.7655
21 0.8443 0.4896 0.8083 0.8171 0.7791
22 0.8567 0.4386 0.8212 0.8442 0.8030
23 0.8714 0.3913 0.8382 0.8462 0.8108
24 0.8778 0.3580 0.8439 0.8474 0.8141
25 0.8842 0.3315 0.8489 0.8489 0.8155
26 0.8793 0.3409 0.8461 0.8543 0.8203
27 0.8848 0.3390 0.8520 0.8451 0.8105
28 0.8764 0.3733 0.8418 0.8444 0.8118
29 0.8662 0.4191 0.8313 0.8256 0.7846
30 0.8588 0.4529 0.8200 0.8090 0.7820
31 0.8502 0.4742 0.8148 0.8381 0.8064
32 0.8628 0.4332 0.8291 0.8440 0.8020
33 0.8805 0.3509 0.8486 0.8544 0.8236
34 0.8886 0.3247 0.8566 0.8576 0.8266
35 0.8924 0.3069 0.8625 0.8626 0.8309
36 0.8969 0.2987 0.8658 0.8541 0.8233
37 0.8863 0.3235 0.8538 0.8523 0.8171
38 0.8884 0.3299 0.8574 0.8425 0.8103
39 0.8666 0.3949 0.8330 0.8386 0.8019
40 0.8735 0.3836 0.8377 0.8419 0.8154
41 0.8682 0.3990 0.8342 0.8474 0.8202
42 0.8798 0.3646 0.8461 0.8550 0.8254
43 0.8890 0.3203 0.8572 0.8532 0.8209
44 0.9054 0.2679 0.8742 0.8606 0.8298
45 0.9040 0.2658 0.8740 0.8603 0.8308
46 0.9049 0.2670 0.8727 0.8598 0.8292
47 0.8995 0.2907 0.8704 0.8595 0.8290
48 0.8910 0.3169 0.8590 0.8553 0.8234
49 0.8805 0.3627 0.8483 0.8372 0.7972
50 0.8755 0.3847 0.8413 0.8394 0.8107
51 0.8839 0.3382 0.8516 0.8469 0.8186
52 0.8860 0.3318 0.8545 0.8541 0.8260
53 0.9007 0.2834 0.8699 0.8562 0.8236
54 0.9057 0.2775 0.8762 0.8671 0.8385
55 0.9092 0.2534 0.8803 0.8671 0.8381
56 0.9128 0.2400 0.8830 0.8639 0.8325
57 0.9027 0.2591 0.8726 0.8612 0.8274
58 0.9065 0.2589 0.8764 0.8589 0.8261
59 0.8730 0.3810 0.8390 0.8468 0.8127
60 0.8834 0.3441 0.8489 0.8222 0.7839
61 0.8887 0.3256 0.8566 0.8373 0.8047
62 0.9029 0.2639 0.8720 0.8526 0.8231
63 0.9047 0.2716 0.8784 0.8623 0.8327
64 0.9145 0.2453 0.8860 0.8603 0.8337
65 0.9124 0.2367 0.8879 0.8594 0.8340
66 0.9111 0.2323 0.8844 0.8678 0.8394
67 0.9118 0.2319 0.8857 0.8492 0.8251
68 0.9121 0.2358 0.8837 0.8533 0.8225
69 0.9018 0.2656 0.8715 0.8418 0.8108
70 0.8833 0.3517 0.8526 0.8293 0.7974
71 0.8902 0.3190 0.8620 0.8418 0.8141
72 0.9020 0.2879 0.8727 0.8506 0.8233
73 0.9062 0.2654 0.8778 0.8561 0.8294
74 0.9116 0.2456 0.8843 0.8562 0.8286
75 0.9184 0.2241 0.8914 0.8587 0.8303
76 0.9154 0.2293 0.8886 0.8534 0.8244
77 0.9144 0.2275 0.8901 0.8649 0.8356
78 0.9042 0.2582 0.8754 0.8520 0.8209
79 0.9008 0.2864 0.8712 0.8487 0.8190
80 0.8928 0.3037 0.8601 0.8300 0.7964
81 0.8983 0.2781 0.8684 0.8596 0.8264
82 0.9101 0.2476 0.8825 0.8539 0.8270
83 0.9155 0.2272 0.8862 0.8586 0.8314
84 0.9198 0.2146 0.8951 0.8593 0.8344
85 0.9176 0.2091 0.8933 0.8567 0.8311
86 0.9183 0.2098 0.8929 0.8600 0.8315
87 0.9183 0.2117 0.8920 0.8579 0.8315
88 0.9188 0.2185 0.8920 0.8594 0.8311
89 0.9166 0.2360 0.8892 0.8483 0.8220
90 0.9028 0.2802 0.8753 0.8240 0.7894
91 0.9027 0.2715 0.8741 0.8586 0.8256
92 0.9056 0.2671 0.8784 0.8552 0.8245
93 0.9176 0.2205 0.8888 0.8613 0.8314
94 0.9208 0.2066 0.8959 0.8609 0.8305
95 0.9191 0.2023 0.8924 0.8630 0.8349
96 0.9257 0.1989 0.9003 0.8616 0.8347
97 0.9192 0.2115 0.8941 0.8589 0.8313
98 0.9220 0.2112 0.8965 0.8605 0.8329
99 0.9109 0.2331 0.8826 0.8506 0.8264
100 0.9179 0.2241 0.8919 0.8584 0.8303
101 0.9217 0.2105 0.8968 0.8600 0.8346
102 0.9200 0.2106 0.8955 0.8546 0.8260
103 0.9254 0.1943 0.9021 0.8565 0.8284
104 0.9259 0.1881 0.9006 0.8582 0.8312
105 0.9326 0.1738 0.9100 0.8586 0.8323
106 0.9335 0.1752 0.9104 0.8594 0.8322
107 0.9244 0.1910 0.9004 0.8587 0.8302
108 0.9315 0.1839 0.9072 0.8570 0.8309
109 0.9238 0.1969 0.9007 0.8646 0.8343
110 0.9198 0.2132 0.8948 0.8624 0.8367
111 0.9222 0.2020 0.8972 0.8584 0.8294
112 0.9248 0.1881 0.9001 0.8605 0.8311
113 0.9286 0.1827 0.9038 0.8660 0.8345
114 0.9328 0.1672 0.9104 0.8652 0.8355
115 0.9310 0.1745 0.9086 0.8645 0.8341
116 0.9319 0.1789 0.9106 0.8651 0.8340
117 0.9297 0.1767 0.9081 0.8650 0.8363
118 0.9321 0.1693 0.9101 0.8602 0.8306
119 0.9299 0.1727 0.9067 0.8658 0.8368
120 0.9283 0.1812 0.9042 0.8557 0.8244
121 0.9266 0.1881 0.9042 0.8612 0.8308
122 0.9294 0.1752 0.9071 0.8645 0.8358
123 0.9330 0.1684 0.9117 0.8641 0.8335
124 0.9338 0.1666 0.9148 0.8628 0.8333
125 0.9323 0.1659 0.9109 0.8652 0.8334
126 0.9358 0.1620 0.9163 0.8657 0.8364
127 0.9310 0.1695 0.9096 0.8569 0.8302
128 0.9345 0.1647 0.9123 0.8599 0.8314
129 0.9300 0.1753 0.9072 0.8646 0.8352
130 0.9281 0.1837 0.9074 0.8491 0.8212
131 0.9260 0.1910 0.9019 0.8605 0.8331
132 0.9313 0.1713 0.9076 0.8620 0.8341
133 0.9314 0.1675 0.9116 0.8619 0.8349
134 0.9350 0.1626 0.9143 0.8668 0.8388
135 0.9335 0.1648 0.9127 0.8665 0.8389
136 0.9365 0.1573 0.9153 0.8671 0.8373
137 0.9351 0.1583 0.9145 0.8636 0.8361
138 0.9320 0.1694 0.9097 0.8613 0.8331
139 0.9349 0.1711 0.9127 0.8610 0.8315
140 0.9325 0.1726 0.9104 0.8682 0.8413
141 0.9334 0.1691 0.9113 0.8670 0.8418
142 0.9338 0.1619 0.9134 0.8701 0.8416
143 0.9330 0.1651 0.9110 0.8644 0.8344
144 0.9379 0.1505 0.9190 0.8665 0.8398
145 0.9377 0.1529 0.9175 0.8697 0.8434
146 0.9386 0.1547 0.9181 0.8697 0.8435
147 0.9340 0.1582 0.9148 0.8610 0.8329
148 0.9365 0.1623 0.9152 0.8659 0.8381
149 0.9337 0.1672 0.9117 0.8630 0.8317
150 0.9254 0.1947 0.9031 0.8540 0.8274
151 0.9308 0.1863 0.9078 0.8606 0.8349
152 0.9342 0.1678 0.9131 0.8637 0.8357
153 0.9362 0.1601 0.9161 0.8655 0.8335
154 0.9375 0.1567 0.9178 0.8636 0.8352
155 0.9349 0.1594 0.9151 0.8629 0.8345
156 0.9337 0.1599 0.9129 0.8628 0.8322
157 0.9403 0.1467 0.9210 0.8654 0.8374
158 0.9404 0.1503 0.9214 0.8654 0.8375
159 0.9330 0.1706 0.9118 0.8730 0.8425
160 0.9371 0.1598 0.9188 0.8663 0.8401
161 0.9390 0.1487 0.9201 0.8671 0.8389
162 0.9377 0.1508 0.9180 0.8683 0.8392
163 0.9368 0.1525 0.9193 0.8663 0.8391
164 0.9391 0.1463 0.9189 0.8665 0.8392
165 0.9398 0.1426 0.9222 0.8655 0.8387
166 0.9430 0.1412 0.9242 0.8669 0.8395
167 0.9383 0.1467 0.9190 0.8656 0.8389
168 0.9432 0.1383 0.9248 0.8648 0.8357
169 0.9433 0.1383 0.9254 0.8664 0.8389
170 0.9402 0.1468 0.9192 0.8669 0.8398
171 0.9405 0.1430 0.9218 0.8662 0.8389
172 0.9400 0.1442 0.9194 0.8652 0.8370
173 0.9420 0.1402 0.9261 0.8625 0.8344
174 0.9432 0.1364 0.9231 0.8619 0.8335
175 0.9417 0.1392 0.9237 0.8640 0.8368
176 0.9429 0.1373 0.9247 0.8627 0.8350
177 0.9403 0.1413 0.9219 0.8636 0.8344
178 0.9429 0.1360 0.9251 0.8647 0.8362
179 0.9432 0.1363 0.9251 0.8635 0.8355
180 0.9406 0.1430 0.9227 0.8613 0.8350
181 0.9411 0.1402 0.9222 0.8615 0.8338
182 0.9414 0.1399 0.9235 0.8631 0.8355
183 0.9445 0.1333 0.9267 0.8647 0.8374
184 0.9437 0.1369 0.9240 0.8640 0.8373
185 0.9447 0.1349 0.9268 0.8627 0.8358
186 0.9434 0.1347 0.9258 0.8648 0.8363
187 0.9431 0.1357 0.9261 0.8644 0.8364
188 0.9461 0.1295 0.9286 0.8623 0.8328
189 0.9438 0.1312 0.9276 0.8650 0.8381
190 0.9431 0.1337 0.9260 0.8656 0.8355
191 0.9457 0.1338 0.9294 0.8628 0.8349
192 0.9425 0.1375 0.9234 0.8665 0.8365
193 0.9451 0.1312 0.9288 0.8619 0.8338
194 0.9448 0.1327 0.9281 0.8634 0.8343
195 0.9437 0.1363 0.9252 0.8639 0.8351
196 0.9464 0.1286 0.9305 0.8625 0.8334
197 0.9466 0.1312 0.9302 0.8623 0.8335
198 0.9434 0.1340 0.9257 0.8650 0.8376
199 0.9446 0.1339 0.9269 0.8641 0.8362
