epoch train_iou train_loss train_mAP val_iou val_mAP
0 0.6294 1.1671 0.5592 0.6877 0.6131
1 0.7173 0.9162 0.6553 0.7390 0.6782
2 0.7476 0.8050 0.6929 0.7643 0.7088
3 0.7678 0.7352 0.7162 0.7868 0.7368
4 0.7924 0.6559 0.7431 0.7952 0.7516
5 0.7994 0.6346 0.7517 0.8013 0.7585
6 0.7992 0.6451 0.7508 0.7998 0.7567
7 0.8039 0.6319 0.7587 0.7754 0.7333
8 0.7843 0.6871 0.7393 0.7509 0.7071
9 0.7896 0.6762 0.7443 0.7821 0.7415
10 0.7842 0.6774 0.7380 0.8142 0.7748
11 0.8094 0.6034 0.7682 0.8209 0.7812
12 0.8237 0.5611 0.7835 0.8063 0.7742
13 0.8322 0.5219 0.7969 0.8205 0.7809
14 0.8420 0.4885 0.8048 0.8281 0.7922
15 0.8450 0.4743 0.8074 0.8371 0.8028
16 0.8497 0.4747 0.8118 0.8353 0.7982
17 0.8443 0.4876 0.8052 0.8261 0.7869
18 0.8339 0.5246 0.7947 0.8231 0.7846
19 0.8236 0.5469 0.7824 0.8219 0.7808
20 0.8352 0.5362 0.7977 0.7790 0.7355
21 0.8285 0.5467 0.7888 0.8327 0.7922
22 0.8439 0.4877 0.8098 0.8260 0.7976
23 0.8511 0.4591 0.8163 0.8415 0.8046
24 0.8599 0.4344 0.8275 0.8417 0.8079
25 0.8644 0.4150 0.8270 0.8416 0.8090
26 0.8623 0.4191 0.8292 0.8407 0.8065
27 0.8632 0.4347 0.8288 0.8373 0.8048
28 0.8501 0.4702 0.8157 0.8046 0.7674
29 0.8473 0.4835 0.8144 0.8203 0.7843
30 0.8387 0.5142 0.8033 0.8275 0.7852
31 0.8452 0.4932 0.8097 0.8312 0.7893
32 0.8529 0.4610 0.8198 0.8414 0.8050
33 0.8631 0.4181 0.8301 0.8488 0.8159
34 0.8755 0.3759 0.8421 0.8531 0.8192
35 0.8732 0.3810 0.8413 0.8543 0.8207
36 0.8787 0.3712 0.8450 0.8539 0.8171
37 0.8715 0.3805 0.8376 0.8468 0.8117
38 0.8608 0.4277 0.8264 0.8396 0.8072
39 0.8477 0.4861 0.8120 0.8258 0.7853
40 0.8539 0.4649 0.8199 0.8155 0.7803
41 0.8558 0.4563 0.8221 0.8395 0.8072
42 0.8660 0.4070 0.8313 0.8483 0.8133
43 0.8737 0.3825 0.8410 0.8414 0.8102
44 0.8809 0.3544 0.8521 0.8528 0.8169
45 0.8897 0.3345 0.8603 0.8529 0.8203
46 0.8817 0.3480 0.8494 0.8492 0.8178
47 0.8821 0.3507 0.8492 0.8431 0.8153
48 0.8736 0.3845 0.8413 0.8450 0.8118
49 0.8733 0.4022 0.8404 0.8433 0.8149
50 0.8681 0.4019 0.8341 0.8436 0.8133
51 0.8644 0.4186 0.8312 0.8474 0.8204
52 0.8748 0.3837 0.8435 0.7581 0.7079
53 0.8885 0.3407 0.8585 0.8442 0.8183
54 0.8891 0.3244 0.8592 0.8566 0.8246
55 0.8929 0.3093 0.8609 0.8594 0.8302
56 0.8940 0.3039 0.8635 0.8589 0.8292
57 0.8978 0.3058 0.8676 0.8604 0.8293
58 0.8864 0.3410 0.8526 0.8240 0.7911
59 0.8761 0.3885 0.8438 0.8202 0.7894
60 0.8577 0.4482 0.8233 0.8233 0.7870
61 0.8753 0.3734 0.8411 0.8435 0.8082
62 0.8871 0.3460 0.8545 0.8455 0.8151
63 0.8884 0.3283 0.8577 0.8526 0.8216
64 0.8944 0.3115 0.8634 0.8588 0.8313
65 0.9009 0.2834 0.8687 0.8599 0.8284
66 0.8970 0.3000 0.8682 0.8525 0.8231
67 0.8949 0.3048 0.8626 0.8525 0.8249
68 0.8908 0.3261 0.8584 0.8424 0.8180
69 0.8774 0.3748 0.8452 0.8415 0.8083
70 0.8793 0.3750 0.8448 0.8337 0.8023
71 0.8818 0.3580 0.8491 0.8511 0.8178
72 0.8928 0.3251 0.8614 0.8528 0.8196
73 0.8980 0.2960 0.8686 0.8471 0.8153
74 0.9062 0.2739 0.8766 0.8583 0.8305
75 0.9081 0.2598 0.8794 0.8593 0.8308
76 0.9058 0.2630 0.8767 0.8514 0.8207
77 0.9006 0.2769 0.8704 0.8502 0.8214
78 0.8924 0.3080 0.8601 0.8486 0.8143
79 0.8908 0.3184 0.8602 0.8510 0.8173
80 0.8805 0.3655 0.8487 0.8475 0.8155
81 0.8849 0.3602 0.8529 0.8404 0.8078
82 0.8880 0.3330 0.8566 0.8553 0.8222
83 0.9027 0.2980 0.8730 0.8507 0.8222
84 0.9119 0.2586 0.8846 0.8555 0.8272
85 0.9033 0.2668 0.8763 0.8566 0.8268
86 0.9076 0.2559 0.8787 0.8552 0.8239
87 0.9046 0.2765 0.8742 0.8513 0.8212
88 0.9029 0.2741 0.8737 0.8500 0.8221
89 0.8922 0.3271 0.8618 0.8318 0.8000
90 0.8820 0.3589 0.8512 0.8364 0.8055
91 0.8859 0.3326 0.8536 0.8520 0.8190
92 0.8975 0.3088 0.8653 0.8518 0.8206
93 0.9014 0.2766 0.8727 0.8540 0.8262
94 0.9093 0.2529 0.8810 0.8572 0.8278
95 0.9145 0.2346 0.8881 0.8584 0.8297
96 0.9140 0.2349 0.8864 0.8589 0.8308
97 0.9134 0.2456 0.8871 0.8526 0.8238
98 0.9037 0.2797 0.8766 0.8459 0.8135
99 0.9010 0.2841 0.8707 0.8277 0.7989
100 0.9004 0.2773 0.8735 0.8469 0.8206
101 0.9084 0.2492 0.8797 0.8566 0.8285
102 0.9126 0.2411 0.8852 0.8538 0.8246
103 0.9192 0.2295 0.8913 0.8585 0.8287
104 0.9205 0.2202 0.8938 0.8579 0.8270
105 0.9161 0.2195 0.8897 0.8614 0.8317
106 0.9213 0.2115 0.8960 0.8589 0.8302
107 0.9209 0.2128 0.8961 0.8547 0.8280
108 0.9211 0.2158 0.8938 0.8587 0.8313
109 0.9122 0.2345 0.8854 0.8418 0.8121
110 0.9092 0.2553 0.8797 0.8581 0.8306
111 0.9125 0.2367 0.8851 0.8537 0.8202
112 0.9173 0.2318 0.8926 0.8596 0.8287
113 0.9204 0.2179 0.8959 0.8596 0.8316
114 0.9230 0.2098 0.8961 0.8611 0.8333
115 0.9214 0.2060 0.8975 0.8636 0.8376
116 0.9219 0.2039 0.8962 0.8611 0.8334
117 0.9172 0.2122 0.8897 0.8637 0.8310
118 0.9205 0.2075 0.8949 0.8611 0.8319
119 0.9175 0.2233 0.8916 0.8540 0.8236
120 0.9065 0.2604 0.8774 0.8586 0.8291
121 0.9133 0.2420 0.8875 0.8508 0.8234
122 0.9182 0.2260 0.8914 0.8608 0.8315
123 0.9224 0.2110 0.8975 0.8613 0.8320
124 0.9242 0.1985 0.8976 0.8627 0.8331
125 0.9262 0.1984 0.9020 0.8643 0.8344
126 0.9241 0.2032 0.8975 0.8667 0.8377
127 0.9262 0.1939 0.9024 0.8630 0.8333
128 0.9215 0.2049 0.8964 0.8620 0.8297
129 0.9233 0.2103 0.8954 0.8341 0.8077
130 0.9162 0.2267 0.8900 0.8580 0.8311
131 0.9131 0.2385 0.8885 0.8539 0.8261
132 0.9205 0.2111 0.8957 0.8596 0.8319
133 0.9173 0.2188 0.8901 0.8599 0.8315
134 0.9278 0.1924 0.9066 0.8651 0.8379
135 0.9242 0.1910 0.9007 0.8634 0.8361
136 0.9291 0.1877 0.9038 0.8638 0.8365
137 0.9268 0.1881 0.9033 0.8633 0.8364
138 0.9241 0.1966 0.8992 0.8627 0.8347
139 0.9205 0.2037 0.8958 0.8631 0.8314
140 0.9172 0.2212 0.8910 0.8634 0.8333
141 0.9180 0.2235 0.8925 0.8615 0.8313
142 0.9217 0.2138 0.8960 0.8588 0.8303
143 0.9235 0.2050 0.8989 0.8659 0.8361
144 0.9282 0.1858 0.9050 0.8658 0.8381
145 0.9293 0.1819 0.9066 0.8644 0.8365
146 0.9286 0.1906 0.9052 0.8682 0.8388
147 0.9263 0.1913 0.9020 0.8673 0.8393
148 0.9223 0.1953 0.8989 0.8635 0.8352
149 0.9213 0.2133 0.8942 0.8569 0.8266
150 0.9235 0.2077 0.8978 0.8618 0.8361
151 0.9238 0.2049 0.8998 0.8591 0.8311
152 0.9210 0.2136 0.8945 0.8666 0.8373
153 0.9274 0.1873 0.9037 0.8656 0.8388
154 0.9299 0.1856 0.9060 0.8668 0.8380
155 0.9313 0.1797 0.9092 0.8664 0.8365
156 0.9325 0.1751 0.9100 0.8640 0.8367
157 0.9268 0.1884 0.9033 0.8633 0.8352
158 0.9270 0.1922 0.9031 0.8647 0.8328
159 0.9279 0.1959 0.9039 0.8529 0.8245
160 0.9244 0.1995 0.8997 0.8676 0.8374
161 0.9321 0.1804 0.9089 0.8675 0.8380
162 0.9308 0.1802 0.9075 0.8664 0.8382
163 0.9310 0.1745 0.9087 0.8639 0.8343
164 0.9307 0.1813 0.9073 0.8666 0.8379
165 0.9325 0.1774 0.9109 0.8670 0.8383
166 0.9323 0.1763 0.9093 0.8681 0.8395
167 0.9311 0.1773 0.9061 0.8658 0.8370
168 0.9336 0.1728 0.9119 0.8683 0.8393
169 0.9307 0.1720 0.9077 0.8668 0.8376
170 0.9318 0.1760 0.9095 0.8678 0.8385
171 0.9349 0.1713 0.9120 0.8679 0.8373
172 0.9356 0.1641 0.9139 0.8682 0.8368
173 0.9324 0.1734 0.9092 0.8667 0.8373
174 0.9312 0.1737 0.9104 0.8673 0.8363
175 0.9359 0.1640 0.9125 0.8660 0.8357
176 0.9379 0.1606 0.9164 0.8649 0.8355
177 0.9313 0.1710 0.9086 0.8678 0.8377
178 0.9319 0.1775 0.9113 0.8636 0.8356
179 0.9326 0.1714 0.9114 0.8653 0.8358
180 0.9334 0.1694 0.9104 0.8655 0.8357
181 0.9358 0.1653 0.9140 0.8667 0.8368
182 0.9348 0.1652 0.9138 0.8685 0.8417
183 0.9337 0.1698 0.9109 0.8656 0.8385
184 0.9371 0.1570 0.9174 0.8659 0.8381
185 0.9333 0.1647 0.9122 0.8678 0.8398
186 0.9374 0.1577 0.9174 0.8671 0.8399
187 0.9363 0.1610 0.9152 0.8641 0.8359
188 0.9331 0.1668 0.9117 0.8664 0.8383
189 0.9343 0.1639 0.9123 0.8655 0.8375
190 0.9300 0.1725 0.9078 0.8646 0.8361
191 0.9333 0.1703 0.9120 0.8656 0.8386
192 0.9374 0.1623 0.9158 0.8645 0.8364
193 0.9365 0.1614 0.9142 0.8640 0.8364
194 0.9354 0.1653 0.9141 0.8648 0.8370
195 0.9370 0.1626 0.9148 0.8645 0.8365
196 0.9333 0.1654 0.9096 0.8657 0.8347
197 0.9376 0.1592 0.9167 0.8649 0.8369
198 0.9385 0.1589 0.9160 0.8669 0.8393
199 0.9356 0.1587 0.9141 0.8678 0.8403
