epoch train_iou train_loss train_mAP val_iou val_mAP
0 0.6049 1.1905 0.5317 0.7069 0.6456
1 0.7114 0.9310 0.6504 0.6993 0.6478
2 0.7587 0.7885 0.6973 0.7681 0.7190
3 0.7765 0.7141 0.7233 0.7761 0.7294
4 0.7888 0.6670 0.7387 0.7872 0.7484
5 0.7940 0.6488 0.7464 0.7930 0.7546
6 0.8030 0.6224 0.7541 0.7902 0.7537
7 0.8052 0.6240 0.7573 0.7707 0.7356
8 0.7979 0.6543 0.7472 0.7949 0.7501
9 0.8004 0.6528 0.7515 0.8025 0.7655
10 0.7911 0.6752 0.7473 0.7365 0.6739
11 0.8085 0.6105 0.7612 0.8139 0.7804
12 0.8221 0.5627 0.7790 0.8049 0.7704
13 0.8370 0.5251 0.7956 0.8160 0.7832
14 0.8403 0.4951 0.7965 0.8338 0.8008
15 0.8442 0.4784 0.8023 0.8367 0.8040
16 0.8419 0.4825 0.8017 0.8313 0.7987
17 0.8362 0.5007 0.7961 0.8178 0.7752
18 0.8395 0.5082 0.7984 0.8220 0.7810
19 0.8309 0.5585 0.7876 0.7795 0.7441
20 0.8194 0.5796 0.7759 0.7944 0.7538
21 0.8324 0.5400 0.7898 0.8093 0.7619
22 0.8403 0.5025 0.8023 0.8186 0.7861
23 0.8493 0.4702 0.8094 0.8322 0.8000
24 0.8586 0.4333 0.8240 0.8334 0.8055
25 0.8641 0.4054 0.8294 0.8413 0.8145
26 0.8571 0.4260 0.8217 0.8304 0.8026
27 0.8575 0.4376 0.8200 0.8334 0.7996
28 0.8593 0.4361 0.8218 0.8269 0.7974
29 0.8457 0.4860 0.8057 0.8296 0.7982
30 0.8369 0.5127 0.7982 0.8275 0.7960
31 0.8521 0.4798 0.8149 0.8175 0.7865
32 0.8594 0.4453 0.8255 0.8270 0.7972
33 0.8688 0.4032 0.8348 0.8352 0.8091
34 0.8738 0.3787 0.8398 0.8471 0.8203
35 0.8766 0.3628 0.8416 0.8461 0.8200
36 0.8778 0.3674 0.8443 0.8450 0.8167
37 0.8713 0.3905 0.8397 0.8409 0.8136
38 0.8704 0.3993 0.8370 0.8372 0.8094
39 0.8633 0.4307 0.8277 0.8286 0.7950
40 0.8529 0.4533 0.8134 0.8158 0.7831
41 0.8614 0.4309 0.8264 0.8200 0.7882
42 0.8647 0.4220 0.8296 0.8378 0.8090
43 0.8774 0.3757 0.8440 0.8382 0.8083
44 0.8828 0.3499 0.8511 0.8508 0.8245
45 0.8823 0.3412 0.8485 0.8479 0.8226
46 0.8885 0.3256 0.8564 0.8508 0.8237
47 0.8782 0.3573 0.8457 0.8470 0.8209
48 0.8840 0.3608 0.8509 0.8445 0.8154
49 0.8743 0.3729 0.8421 0.8267 0.7969
50 0.8669 0.4201 0.8326 0.7834 0.7543
51 0.8640 0.4271 0.8280 0.8392 0.8108
52 0.8709 0.3772 0.8378 0.8303 0.8043
53 0.8922 0.3226 0.8625 0.8458 0.8203
54 0.8909 0.3049 0.8602 0.8392 0.8153
55 0.8960 0.2939 0.8668 0.8453 0.8177
56 0.8989 0.2909 0.8677 0.8480 0.8218
57 0.8932 0.3125 0.8601 0.8461 0.8194
58 0.8880 0.3286 0.8557 0.8388 0.8147
59 0.8820 0.3586 0.8488 0.8342 0.7996
60 0.8710 0.4070 0.8341 0.8069 0.7780
61 0.8742 0.3869 0.8396 0.8380 0.8137
62 0.8877 0.3316 0.8570 0.8282 0.8006
63 0.8930 0.3102 0.8624 0.8400 0.8163
64 0.9019 0.2896 0.8735 0.8489 0.8204
65 0.9041 0.2674 0.8720 0.8560 0.8290
66 0.9060 0.2709 0.8793 0.8545 0.8287
67 0.8994 0.2878 0.8681 0.8564 0.8303
68 0.8977 0.2979 0.8665 0.8371 0.8049
69 0.8797 0.3606 0.8455 0.8308 0.7994
70 0.8765 0.3893 0.8443 0.8245 0.7865
71 0.8743 0.3856 0.8417 0.8444 0.8172
72 0.8892 0.3412 0.8586 0.8463 0.8228
73 0.8972 0.3016 0.8652 0.8581 0.8287
74 0.8997 0.2843 0.8700 0.8526 0.8245
75 0.9050 0.2698 0.8755 0.8539 0.8278
76 0.9080 0.2542 0.8792 0.8588 0.8308
77 0.8998 0.2860 0.8699 0.8631 0.8352
78 0.9027 0.2809 0.8723 0.8491 0.8234
79 0.8899 0.3249 0.8583 0.8417 0.8144
80 0.8831 0.3561 0.8518 0.8431 0.8153
81 0.8927 0.3275 0.8605 0.8443 0.8142
82 0.8932 0.3168 0.8627 0.8190 0.7934
83 0.8972 0.2943 0.8679 0.8474 0.8208
84 0.9064 0.2591 0.8776 0.8480 0.8220
85 0.9115 0.2429 0.8806 0.8489 0.8222
86 0.9119 0.2455 0.8836 0.8520 0.8258
87 0.9057 0.2555 0.8746 0.8534 0.8250
88 0.9020 0.2770 0.8721 0.8480 0.8203
89 0.9021 0.2865 0.8722 0.8475 0.8245
90 0.8855 0.3495 0.8530 0.8410 0.8108
91 0.8851 0.3417 0.8522 0.8377 0.8123
92 0.8984 0.2923 0.8693 0.8517 0.8281
93 0.9024 0.2657 0.8730 0.8526 0.8256
94 0.9133 0.2388 0.8858 0.8533 0.8280
95 0.9155 0.2285 0.8879 0.8518 0.8258
96 0.9106 0.2410 0.8842 0.8534 0.8286
97 0.9137 0.2339 0.8859 0.8485 0.8212
98 0.9056 0.2604 0.8746 0.8443 0.8148
99 0.9035 0.2826 0.8739 0.8501 0.8252
100 0.9060 0.2640 0.8791 0.8543 0.8290
101 0.9103 0.2486 0.8829 0.8481 0.8209
102 0.9134 0.2338 0.8846 0.8576 0.8319
103 0.9190 0.2225 0.8923 0.8585 0.8355
104 0.9196 0.2157 0.8935 0.8611 0.8362
105 0.9188 0.2215 0.8933 0.8598 0.8367
106 0.9189 0.2147 0.8930 0.8612 0.8375
107 0.9150 0.2225 0.8887 0.8646 0.8395
108 0.9153 0.2185 0.8896 0.8582 0.8322
109 0.9183 0.2211 0.8916 0.8569 0.8308
110 0.9136 0.2356 0.8851 0.8424 0.8163
111 0.9141 0.2396 0.8857 0.8535 0.8281
112 0.9127 0.2414 0.8858 0.8545 0.8309
113 0.9210 0.2136 0.8959 0.8546 0.8291
114 0.9228 0.2051 0.8987 0.8578 0.8347
115 0.9272 0.1923 0.9019 0.8568 0.8319
116 0.9180 0.2104 0.8902 0.8569 0.8329
117 0.9237 0.1993 0.8998 0.8593 0.8359
118 0.9163 0.2188 0.8912 0.8581 0.8357
119 0.9225 0.2163 0.8953 0.8509 0.8284
120 0.9126 0.2401 0.8840 0.8563 0.8313
121 0.9147 0.2302 0.8885 0.8597 0.8338
122 0.9175 0.2196 0.8904 0.8535 0.8280
123 0.9239 0.2043 0.8979 0.8605 0.8359
124 0.9269 0.1934 0.9021 0.8548 0.8302
125 0.9247 0.1985 0.9001 0.8546 0.8292
126 0.9226 0.1984 0.8972 0.8554 0.8303
127 0.9236 0.2004 0.8980 0.8522 0.8269
128 0.9234 0.2011 0.8978 0.8553 0.8327
129 0.9199 0.2064 0.8947 0.8606 0.8362
130 0.9164 0.2183 0.8897 0.8499 0.8246
131 0.9204 0.2124 0.8937 0.8379 0.8124
132 0.9189 0.2167 0.8933 0.8503 0.8244
133 0.9199 0.2052 0.8938 0.8584 0.8335
134 0.9203 0.2030 0.8974 0.8592 0.8332
135 0.9310 0.1845 0.9079 0.8594 0.8341
136 0.9280 0.1874 0.9039 0.8556 0.8312
137 0.9226 0.1924 0.8973 0.8588 0.8339
138 0.9230 0.1965 0.8975 0.8583 0.8338
139 0.9236 0.2030 0.8987 0.8618 0.8345
140 0.9198 0.2089 0.8948 0.8492 0.8226
141 0.9184 0.2189 0.8927 0.8542 0.8248
142 0.9195 0.2235 0.8934 0.8553 0.8304
143 0.9252 0.1979 0.9004 0.8568 0.8337
144 0.9278 0.1853 0.9044 0.8578 0.8339
145 0.9278 0.1814 0.9051 0.8572 0.8338
146 0.9282 0.1855 0.9045 0.8601 0.8358
147 0.9288 0.1858 0.9054 0.8604 0.8351
148 0.9291 0.1855 0.9054 0.8596 0.8338
149 0.9241 0.1979 0.9015 0.8591 0.8351
150 0.9217 0.2101 0.8973 0.8519 0.8294
151 0.9186 0.2187 0.8943 0.8575 0.8333
152 0.9185 0.2201 0.8942 0.8563 0.8310
153 0.9234 0.1936 0.9013 0.8605 0.8362
154 0.9289 0.1877 0.9054 0.8620 0.8379
155 0.9278 0.1843 0.9053 0.8587 0.8356
156 0.9335 0.1711 0.9129 0.8622 0.8386
157 0.9281 0.1808 0.9074 0.8572 0.8332
158 0.9303 0.1786 0.9073 0.8613 0.8368
159 0.9281 0.1814 0.9044 0.8499 0.8274
160 0.9296 0.1882 0.9053 0.8599 0.8375
161 0.9281 0.1848 0.9060 0.8572 0.8325
162 0.9322 0.1742 0.9102 0.8592 0.8343
163 0.9300 0.1762 0.9070 0.8583 0.8350
164 0.9327 0.1711 0.9110 0.8596 0.8349
165 0.9340 0.1681 0.9112 0.8603 0.8369
166 0.9318 0.1700 0.9100 0.8586 0.8350
167 0.9343 0.1702 0.9126 0.8596 0.8353
168 0.9304 0.1748 0.9071 0.8579 0.8344
169 0.9324 0.1684 0.9113 0.8584 0.8344
170 0.9300 0.1760 0.9072 0.8586 0.8345
171 0.9310 0.1668 0.9092 0.8572 0.8334
172 0.9329 0.1692 0.9111 0.8545 0.8308
173 0.9338 0.1641 0.9135 0.8565 0.8321
174 0.9333 0.1654 0.9117 0.8581 0.8325
175 0.9319 0.1662 0.9101 0.8617 0.8364
176 0.9374 0.1634 0.9154 0.8591 0.8351
177 0.9343 0.1640 0.9137 0.8554 0.8302
178 0.9350 0.1609 0.9152 0.8585 0.8344
179 0.9339 0.1645 0.9108 0.8569 0.8338
180 0.9332 0.1665 0.9121 0.8573 0.8325
181 0.9352 0.1645 0.9131 0.8612 0.8369
182 0.9333 0.1660 0.9131 0.8588 0.8340
183 0.9396 0.1545 0.9194 0.8589 0.8357
184 0.9331 0.1637 0.9128 0.8592 0.8339
185 0.9344 0.1612 0.9136 0.8620 0.8363
186 0.9382 0.1528 0.9195 0.8582 0.8327
187 0.9333 0.1635 0.9126 0.8614 0.8350
188 0.9354 0.1598 0.9155 0.8616 0.8377
189 0.9375 0.1577 0.9166 0.8569 0.8338
190 0.9333 0.1658 0.9098 0.8617 0.8355
191 0.9352 0.1617 0.9149 0.8586 0.8339
192 0.9374 0.1550 0.9164 0.8592 0.8352
193 0.9327 0.1627 0.9113 0.8585 0.8337
194 0.9396 0.1532 0.9192 0.8602 0.8358
195 0.9354 0.1587 0.9149 0.8614 0.8363
196 0.9364 0.1552 0.9156 0.8594 0.8361
197 0.9356 0.1607 0.9171 0.8583 0.8350
198 0.9375 0.1543 0.9160 0.8590 0.8351
199 0.9358 0.1626 0.9162 0.8651 0.8415
