epoch train_iou train_loss train_mAP val_iou val_mAP
0 0.6218 1.1734 0.5413 0.6803 0.5929
1 0.7239 0.8930 0.6572 0.7305 0.6613
2 0.7512 0.7958 0.6879 0.7503 0.6841
3 0.7735 0.7372 0.7184 0.7759 0.7297
4 0.7829 0.6849 0.7290 0.7809 0.7367
5 0.7984 0.6417 0.7480 0.7899 0.7457
6 0.7943 0.6631 0.7466 0.7908 0.7431
7 0.7886 0.6758 0.7360 0.7903 0.7534
8 0.7934 0.6618 0.7414 0.8051 0.7605
9 0.7923 0.6575 0.7440 0.7895 0.7512
10 0.8008 0.6436 0.7540 0.7673 0.7239
11 0.8041 0.6216 0.7598 0.7879 0.7508
12 0.8105 0.5923 0.7676 0.8073 0.7706
13 0.8271 0.5462 0.7871 0.8246 0.7885
14 0.8397 0.4999 0.7998 0.8248 0.7901
15 0.8431 0.4798 0.8028 0.8244 0.7879
16 0.8459 0.4867 0.8074 0.8277 0.7921
17 0.8370 0.5068 0.7980 0.8269 0.7915
18 0.8352 0.5266 0.7971 0.8283 0.7870
19 0.8196 0.5684 0.7750 0.8018 0.7679
20 0.8371 0.5294 0.7974 0.6830 0.6385
21 0.8353 0.5386 0.7945 0.8132 0.7774
22 0.8418 0.5027 0.8040 0.8218 0.7855
23 0.8563 0.4438 0.8177 0.8403 0.8038
24 0.8570 0.4360 0.8195 0.8438 0.8117
25 0.8653 0.4039 0.8285 0.8446 0.8103
26 0.8678 0.3975 0.8311 0.8383 0.8067
27 0.8581 0.4306 0.8207 0.8364 0.8016
28 0.8466 0.4764 0.8073 0.8373 0.8000
29 0.8552 0.4544 0.8179 0.8143 0.7792
30 0.8456 0.4955 0.8034 0.8301 0.7880
31 0.8551 0.4559 0.8198 0.8427 0.8132
32 0.8601 0.4349 0.8243 0.8470 0.8129
33 0.8688 0.3932 0.8313 0.8425 0.8107
34 0.8789 0.3715 0.8443 0.8454 0.8127
35 0.8762 0.3594 0.8397 0.8463 0.8143
36 0.8816 0.3518 0.8486 0.8467 0.8137
37 0.8738 0.3714 0.8377 0.8419 0.8127
38 0.8689 0.4057 0.8349 0.8397 0.8066
39 0.8630 0.4257 0.8240 0.8098 0.7718
40 0.8466 0.4864 0.8085 0.8195 0.7829
41 0.8611 0.4311 0.8244 0.8272 0.7960
42 0.8650 0.4131 0.8289 0.8341 0.7994
43 0.8785 0.3598 0.8445 0.8313 0.7971
44 0.8832 0.3484 0.8499 0.8560 0.8221
45 0.8856 0.3307 0.8530 0.8523 0.8203
46 0.8880 0.3302 0.8545 0.8525 0.8234
47 0.8874 0.3332 0.8519 0.8474 0.8203
48 0.8736 0.3817 0.8415 0.8368 0.8032
49 0.8645 0.4094 0.8280 0.8364 0.7969
50 0.8677 0.4174 0.8336 0.8388 0.8047
51 0.8698 0.4009 0.8343 0.8436 0.8117
52 0.8849 0.3528 0.8517 0.8416 0.8136
53 0.8852 0.3298 0.8527 0.8507 0.8197
54 0.8912 0.3101 0.8584 0.8481 0.8208
55 0.8974 0.2929 0.8661 0.8506 0.8221
56 0.8970 0.2874 0.8645 0.8558 0.8260
57 0.8956 0.2963 0.8633 0.8377 0.8070
58 0.8867 0.3317 0.8539 0.8256 0.7968
59 0.8760 0.3779 0.8433 0.8316 0.8043
60 0.8684 0.3993 0.8323 0.8407 0.8070
61 0.8774 0.3804 0.8437 0.8479 0.8165
62 0.8830 0.3400 0.8490 0.8437 0.8113
63 0.8905 0.3183 0.8587 0.8505 0.8202
64 0.8966 0.2956 0.8632 0.8588 0.8303
65 0.8972 0.2821 0.8665 0.8588 0.8290
66 0.9025 0.2770 0.8708 0.8560 0.8270
67 0.9019 0.2817 0.8732 0.8489 0.8189
68 0.8951 0.3021 0.8618 0.8496 0.8186
69 0.8829 0.3487 0.8494 0.8335 0.8002
70 0.8715 0.4120 0.8386 0.8088 0.7731
71 0.8606 0.4411 0.8272 0.8435 0.8143
72 0.8840 0.3536 0.8526 0.8497 0.8206
73 0.8931 0.3184 0.8597 0.8532 0.8233
74 0.9062 0.2754 0.8786 0.8588 0.8302
75 0.9021 0.2784 0.8696 0.8573 0.8306
76 0.8986 0.2887 0.8673 0.8543 0.8303
77 0.8960 0.2996 0.8637 0.8526 0.8256
78 0.8890 0.3292 0.8576 0.8519 0.8285
79 0.8892 0.3403 0.8564 0.8421 0.8143
80 0.8752 0.3796 0.8417 0.8481 0.8117
81 0.8859 0.3475 0.8547 0.8456 0.8153
82 0.8947 0.3135 0.8625 0.8558 0.8264
83 0.9010 0.2835 0.8691 0.8573 0.8286
84 0.9097 0.2621 0.8783 0.8633 0.8356
85 0.9095 0.2519 0.8812 0.8628 0.8340
86 0.9074 0.2576 0.8786 0.8610 0.8327
87 0.9031 0.2716 0.8737 0.8539 0.8267
88 0.9027 0.2718 0.8730 0.8485 0.8137
89 0.8953 0.3181 0.8654 0.8511 0.8225
90 0.8825 0.3309 0.8507 0.8450 0.8144
91 0.8944 0.3015 0.8641 0.8443 0.8169
92 0.8999 0.2851 0.8709 0.8552 0.8248
93 0.9062 0.2730 0.8739 0.8533 0.8236
94 0.9088 0.2502 0.8773 0.8586 0.8306
95 0.9147 0.2365 0.8862 0.8604 0.8347
96 0.9109 0.2434 0.8819 0.8634 0.8353
97 0.9107 0.2433 0.8819 0.8548 0.8257
98 0.9028 0.2755 0.8716 0.8482 0.8174
99 0.8993 0.2928 0.8697 0.8508 0.8190
100 0.8980 0.2857 0.8666 0.8608 0.8339
101 0.9076 0.2555 0.8791 0.8528 0.8263
102 0.9109 0.2406 0.8811 0.8601 0.8345
103 0.9144 0.2310 0.8877 0.8586 0.8313
104 0.9192 0.2211 0.8938 0.8606 0.8361
105 0.9156 0.2245 0.8877 0.8638 0.8379
106 0.9122 0.2279 0.8845 0.8610 0.8357
107 0.9146 0.2274 0.8866 0.8636 0.8365
108 0.9168 0.2250 0.8906 0.8623 0.8363
109 0.9168 0.2252 0.8904 0.8610 0.8365
110 0.9155 0.2357 0.8881 0.8548 0.8273
111 0.9107 0.2453 0.8832 0.8660 0.8381
112 0.9155 0.2275 0.8888 0.8629 0.8374
113 0.9218 0.2118 0.8962 0.8630 0.8387
114 0.9186 0.2206 0.8937 0.8675 0.8425
115 0.9220 0.2054 0.8974 0.8642 0.8392
116 0.9211 0.2053 0.8955 0.8659 0.8406
117 0.9183 0.2174 0.8918 0.8660 0.8405
118 0.9185 0.2158 0.8920 0.8617 0.8381
119 0.9148 0.2245 0.8864 0.8619 0.8315
120 0.9111 0.2463 0.8822 0.8529 0.8252
121 0.9123 0.2423 0.8864 0.8532 0.8245
122 0.9176 0.2192 0.8913 0.8632 0.8352
123 0.9211 0.2147 0.8948 0.8627 0.8398
124 0.9236 0.2022 0.8978 0.8639 0.8381
125 0.9210 0.2044 0.8939 0.8609 0.8347
126 0.9225 0.2101 0.8957 0.8640 0.8389
127 0.9231 0.1996 0.8972 0.8637 0.8398
128 0.9206 0.2047 0.8959 0.8547 0.8282
129 0.9200 0.2150 0.8933 0.8642 0.8346
130 0.9174 0.2179 0.8901 0.8527 0.8238
131 0.9196 0.2118 0.8946 0.8590 0.8321
132 0.9195 0.2172 0.8941 0.8712 0.8446
133 0.9237 0.2045 0.8989 0.8671 0.8427
134 0.9247 0.1961 0.8993 0.8616 0.8365
135 0.9237 0.2006 0.8991 0.8674 0.8425
136 0.9278 0.1917 0.9038 0.8682 0.8428
137 0.9250 0.1936 0.8993 0.8662 0.8403
138 0.9258 0.1955 0.8996 0.8588 0.8298
139 0.9269 0.2000 0.8990 0.8561 0.8319
140 0.9226 0.2075 0.8959 0.8550 0.8248
141 0.9155 0.2162 0.8901 0.8659 0.8377
142 0.9193 0.2078 0.8941 0.8579 0.8322
143 0.9253 0.1978 0.9014 0.8596 0.8322
144 0.9290 0.1852 0.9043 0.8619 0.8332
145 0.9255 0.1873 0.9008 0.8620 0.8347
146 0.9306 0.1811 0.9069 0.8623 0.8370
147 0.9282 0.1873 0.9037 0.8571 0.8306
148 0.9230 0.2025 0.8994 0.8519 0.8275
149 0.9201 0.2168 0.8941 0.8561 0.8306
150 0.9160 0.2196 0.8888 0.8477 0.8190
151 0.9180 0.2297 0.8905 0.8671 0.8385
152 0.9227 0.2067 0.8964 0.8633 0.8392
153 0.9233 0.2050 0.8973 0.8586 0.8343
154 0.9293 0.1868 0.9063 0.8643 0.8393
155 0.9263 0.1859 0.9013 0.8642 0.8383
156 0.9316 0.1812 0.9071 0.8666 0.8403
157 0.9266 0.1936 0.9024 0.8625 0.8383
158 0.9295 0.1874 0.9048 0.8632 0.8344
159 0.9246 0.1960 0.8982 0.8651 0.8356
160 0.9254 0.1901 0.9007 0.8743 0.8445
161 0.9292 0.1801 0.9053 0.8704 0.8419
162 0.9286 0.1822 0.9058 0.8678 0.8407
163 0.9352 0.1652 0.9128 0.8707 0.8445
164 0.9302 0.1752 0.9077 0.8707 0.8444
165 0.9293 0.1767 0.9062 0.8679 0.8407
166 0.9299 0.1730 0.9065 0.8705 0.8428
167 0.9309 0.1748 0.9085 0.8691 0.8438
168 0.9313 0.1729 0.9080 0.8705 0.8447
169 0.9316 0.1745 0.9078 0.8677 0.8421
170 0.9349 0.1643 0.9140 0.8705 0.8444
171 0.9352 0.1671 0.9120 0.8679 0.8430
172 0.9307 0.1731 0.9088 0.8710 0.8425
173 0.9331 0.1675 0.9093 0.8697 0.8422
174 0.9328 0.1675 0.9102 0.8682 0.8401
175 0.9284 0.1756 0.9048 0.8702 0.8431
176 0.9333 0.1680 0.9092 0.8689 0.8419
177 0.9368 0.1640 0.9155 0.8711 0.8446
178 0.9340 0.1645 0.9125 0.8686 0.8409
179 0.9343 0.1647 0.9126 0.8697 0.8431
180 0.9327 0.1668 0.9103 0.8648 0.8355
181 0.9336 0.1687 0.9096 0.8674 0.8386
182 0.9351 0.1641 0.9121 0.8669 0.8411
183 0.9367 0.1572 0.9153 0.8680 0.8404
184 0.9325 0.1665 0.9096 0.8655 0.8377
185 0.9374 0.1597 0.9151 0.8664 0.8398
186 0.9334 0.1653 0.9109 0.8716 0.8427
187 0.9354 0.1624 0.9142 0.8690 0.8418
188 0.9342 0.1630 0.9115 0.8675 0.8398
189 0.9350 0.1651 0.9136 0.8659 0.8368
190 0.9351 0.1639 0.9105 0.8716 0.8430
191 0.9302 0.1681 0.9111 0.8690 0.8405
192 0.9361 0.1607 0.9138 0.8679 0.8416
193 0.9344 0.1639 0.9128 0.8670 0.8407
194 0.9350 0.1623 0.9130 0.8657 0.8398
195 0.9372 0.1569 0.9160 0.8697 0.8418
196 0.9342 0.1597 0.9141 0.8726 0.8444
197 0.9353 0.1629 0.9129 0.8704 0.8428
198 0.9323 0.1674 0.9099 0.8702 0.8429
199 0.9336 0.1653 0.9113 0.8683 0.8423
