epoch train_iou train_loss train_mAP val_iou val_mAP
0 0.6292 1.1751 0.5590 0.6900 0.6331
1 0.7166 0.9089 0.6533 0.7173 0.6500
2 0.7481 0.8003 0.6929 0.7670 0.7137
3 0.7687 0.7213 0.7163 0.7823 0.7310
4 0.7878 0.6786 0.7359 0.8025 0.7618
5 0.7967 0.6400 0.7433 0.8069 0.7685
6 0.7928 0.6476 0.7432 0.8130 0.7743
7 0.7952 0.6549 0.7458 0.8113 0.7689
8 0.7843 0.6784 0.7351 0.8078 0.7631
9 0.7861 0.6939 0.7377 0.8189 0.7802
10 0.8009 0.6510 0.7528 0.7939 0.7649
11 0.8013 0.6411 0.7551 0.7979 0.7678
12 0.8166 0.5785 0.7738 0.8176 0.7881
13 0.8297 0.5363 0.7852 0.8318 0.8041
14 0.8342 0.5103 0.7933 0.8268 0.7905
15 0.8406 0.4909 0.7990 0.8321 0.8017
16 0.8418 0.4796 0.8008 0.8364 0.8055
17 0.8416 0.4966 0.7985 0.8330 0.7984
18 0.8386 0.5197 0.7966 0.8343 0.8008
19 0.8252 0.5537 0.7827 0.8232 0.7837
20 0.8237 0.5690 0.7800 0.8295 0.7959
21 0.8337 0.5316 0.7947 0.8273 0.7951
22 0.8365 0.5152 0.7976 0.8250 0.7885
23 0.8461 0.4586 0.8072 0.8408 0.8066
24 0.8614 0.4294 0.8229 0.8363 0.8076
25 0.8596 0.4167 0.8231 0.8459 0.8167
26 0.8607 0.4137 0.8231 0.8460 0.8149
27 0.8575 0.4298 0.8171 0.8382 0.8108
28 0.8543 0.4451 0.8158 0.8326 0.7954
29 0.8436 0.4762 0.8047 0.8083 0.7667
30 0.8419 0.5086 0.8029 0.8341 0.8037
31 0.8438 0.5043 0.8059 0.8370 0.8049
32 0.8589 0.4375 0.8220 0.8112 0.7738
33 0.8686 0.4098 0.8337 0.8482 0.8191
34 0.8737 0.3706 0.8378 0.8505 0.8207
35 0.8797 0.3547 0.8448 0.8506 0.8213
36 0.8792 0.3592 0.8448 0.8445 0.8153
37 0.8759 0.3728 0.8394 0.8536 0.8246
38 0.8665 0.4057 0.8296 0.8373 0.8067
39 0.8600 0.4338 0.8222 0.8350 0.7959
40 0.8536 0.4649 0.8168 0.8348 0.8048
41 0.8557 0.4486 0.8177 0.8453 0.8188
42 0.8670 0.4036 0.8327 0.8490 0.8171
43 0.8826 0.3546 0.8494 0.8498 0.8183
44 0.8868 0.3438 0.8536 0.8509 0.8220
45 0.8885 0.3199 0.8535 0.8518 0.8234
46 0.8873 0.3279 0.8534 0.8440 0.8174
47 0.8763 0.3703 0.8425 0.8508 0.8224
48 0.8751 0.3737 0.8385 0.8434 0.8077
49 0.8733 0.3983 0.8369 0.8442 0.8123
50 0.8595 0.4511 0.8227 0.8228 0.7847
51 0.8662 0.4096 0.8282 0.8458 0.8097
52 0.8747 0.3789 0.8407 0.8432 0.8072
53 0.8859 0.3380 0.8494 0.8512 0.8218
54 0.8959 0.3145 0.8625 0.8594 0.8334
55 0.8925 0.3032 0.8607 0.8598 0.8331
56 0.8992 0.2952 0.8657 0.8599 0.8310
57 0.8951 0.3043 0.8628 0.8486 0.8203
58 0.8866 0.3278 0.8542 0.8211 0.7875
59 0.8754 0.3867 0.8372 0.8437 0.8136
60 0.8804 0.3650 0.8444 0.8462 0.8208
61 0.8755 0.3734 0.8397 0.8359 0.8061
62 0.8797 0.3670 0.8447 0.8462 0.8169
63 0.8874 0.3342 0.8563 0.8560 0.8254
64 0.8989 0.2974 0.8668 0.8649 0.8347
65 0.8990 0.2882 0.8680 0.8615 0.8333
66 0.8977 0.2895 0.8664 0.8631 0.8347
67 0.8952 0.2983 0.8622 0.8558 0.8269
68 0.8872 0.3307 0.8523 0.8462 0.8178
69 0.8935 0.3150 0.8586 0.8506 0.8218
70 0.8660 0.4280 0.8295 0.8384 0.8081
71 0.8781 0.3714 0.8420 0.8532 0.8226
72 0.8877 0.3468 0.8554 0.8375 0.8135
73 0.8978 0.3075 0.8666 0.8560 0.8268
74 0.9001 0.2889 0.8677 0.8658 0.8368
75 0.9049 0.2707 0.8741 0.8654 0.8368
76 0.9025 0.2740 0.8694 0.8659 0.8380
77 0.9023 0.2778 0.8731 0.8559 0.8267
78 0.8969 0.3009 0.8663 0.8558 0.8290
79 0.8946 0.3184 0.8643 0.8577 0.8242
80 0.8761 0.3703 0.8410 0.8425 0.8106
81 0.8870 0.3399 0.8539 0.8596 0.8316
82 0.8893 0.3200 0.8559 0.8485 0.8191
83 0.8955 0.2900 0.8633 0.8601 0.8319
84 0.9127 0.2540 0.8811 0.8580 0.8303
85 0.9069 0.2529 0.8769 0.8594 0.8319
86 0.9126 0.2555 0.8842 0.8607 0.8334
87 0.9029 0.2713 0.8736 0.8610 0.8333
88 0.9034 0.2708 0.8722 0.8516 0.8214
89 0.8801 0.3594 0.8438 0.8455 0.8155
90 0.8839 0.3457 0.8497 0.8533 0.8242
91 0.8906 0.3242 0.8553 0.8361 0.8000
92 0.8932 0.3089 0.8597 0.8531 0.8252
93 0.9050 0.2716 0.8743 0.8523 0.8260
94 0.9125 0.2462 0.8851 0.8568 0.8281
95 0.9143 0.2385 0.8866 0.8581 0.8317
96 0.9132 0.2455 0.8851 0.8570 0.8300
97 0.9148 0.2439 0.8866 0.8562 0.8296
98 0.9081 0.2593 0.8779 0.8587 0.8298
99 0.8903 0.3148 0.8566 0.8497 0.8204
100 0.9063 0.2786 0.8755 0.8502 0.8275
101 0.9157 0.2433 0.8867 0.8510 0.8270
102 0.9147 0.2382 0.8846 0.8618 0.8311
103 0.9161 0.2311 0.8881 0.8623 0.8345
104 0.9151 0.2267 0.8886 0.8609 0.8340
105 0.9196 0.2197 0.8907 0.8598 0.8304
106 0.9201 0.2141 0.8913 0.8584 0.8322
107 0.9172 0.2229 0.8892 0.8600 0.8322
108 0.9182 0.2188 0.8907 0.8509 0.8252
109 0.9125 0.2367 0.8820 0.8503 0.8251
110 0.9127 0.2397 0.8852 0.8458 0.8192
111 0.9105 0.2458 0.8815 0.8500 0.8257
112 0.9138 0.2432 0.8864 0.8560 0.8317
113 0.9177 0.2249 0.8904 0.8548 0.8255
114 0.9211 0.2133 0.8926 0.8597 0.8322
115 0.9239 0.2042 0.8970 0.8572 0.8297
116 0.9231 0.2036 0.8992 0.8597 0.8323
117 0.9223 0.2055 0.8963 0.8646 0.8358
118 0.9163 0.2224 0.8901 0.8600 0.8310
119 0.9186 0.2206 0.8898 0.8524 0.8252
120 0.9123 0.2381 0.8838 0.8623 0.8340
121 0.9167 0.2349 0.8907 0.8566 0.8294
122 0.9189 0.2237 0.8938 0.8634 0.8383
123 0.9199 0.2165 0.8933 0.8664 0.8395
124 0.9212 0.2087 0.8942 0.8703 0.8452
125 0.9222 0.2093 0.8951 0.8690 0.8440
126 0.9236 0.2005 0.8992 0.8675 0.8407
127 0.9263 0.1931 0.9009 0.8657 0.8373
128 0.9226 0.2118 0.8958 0.8428 0.8133
129 0.9155 0.2263 0.8886 0.8621 0.8343
130 0.9098 0.2473 0.8833 0.8645 0.8371
131 0.9136 0.2371 0.8869 0.8582 0.8327
132 0.9202 0.2211 0.8938 0.8600 0.8333
133 0.9186 0.2129 0.8932 0.8652 0.8361
134 0.9235 0.1950 0.8972 0.8641 0.8361
135 0.9239 0.2020 0.8992 0.8631 0.8363
136 0.9251 0.1980 0.9022 0.8609 0.8343
137 0.9256 0.2002 0.9017 0.8602 0.8333
138 0.9251 0.1998 0.8999 0.8615 0.8343
139 0.9230 0.2090 0.8947 0.8557 0.8236
140 0.9130 0.2412 0.8857 0.8544 0.8255
141 0.9169 0.2261 0.8903 0.8606 0.8346
142 0.9227 0.2059 0.8962 0.8655 0.8369
143 0.9239 0.2024 0.8992 0.8627 0.8367
144 0.9247 0.1907 0.9002 0.8674 0.8382
145 0.9253 0.1956 0.9002 0.8674 0.8399
146 0.9280 0.1836 0.9030 0.8658 0.8376
147 0.9269 0.1974 0.9029 0.8666 0.8406
148 0.9254 0.1990 0.9002 0.8612 0.8326
149 0.9233 0.2068 0.8997 0.8576 0.8335
150 0.9166 0.2247 0.8895 0.8541 0.8299
151 0.9137 0.2327 0.8868 0.8545 0.8274
152 0.9227 0.2096 0.8979 0.8611 0.8334
153 0.9294 0.1861 0.9067 0.8623 0.8368
154 0.9267 0.1909 0.9016 0.8620 0.8383
155 0.9245 0.1920 0.8997 0.8636 0.8397
156 0.9282 0.1834 0.9045 0.8645 0.8383
157 0.9328 0.1798 0.9082 0.8650 0.8380
158 0.9285 0.1873 0.9048 0.8663 0.8407
159 0.9246 0.1979 0.8999 0.8612 0.8329
160 0.9292 0.1819 0.9055 0.8658 0.8427
161 0.9296 0.1832 0.9060 0.8595 0.8352
162 0.9325 0.1740 0.9096 0.8679 0.8439
163 0.9310 0.1782 0.9072 0.8650 0.8399
164 0.9334 0.1745 0.9110 0.8660 0.8412
165 0.9341 0.1727 0.9111 0.8658 0.8397
166 0.9344 0.1707 0.9135 0.8658 0.8410
167 0.9323 0.1725 0.9096 0.8653 0.8401
168 0.9323 0.1722 0.9093 0.8678 0.8406
169 0.9329 0.1725 0.9110 0.8673 0.8416
170 0.9302 0.1792 0.9062 0.8689 0.8434
171 0.9315 0.1723 0.9088 0.8635 0.8391
172 0.9317 0.1741 0.9077 0.8686 0.8436
173 0.9353 0.1668 0.9125 0.8652 0.8404
174 0.9334 0.1662 0.9113 0.8680 0.8418
175 0.9359 0.1657 0.9142 0.8665 0.8406
176 0.9330 0.1707 0.9110 0.8667 0.8406
177 0.9305 0.1748 0.9077 0.8648 0.8405
178 0.9344 0.1676 0.9124 0.8675 0.8427
179 0.9360 0.1635 0.9140 0.8673 0.8415
180 0.9326 0.1736 0.9103 0.8676 0.8417
181 0.9318 0.1706 0.9088 0.8632 0.8386
182 0.9348 0.1681 0.9137 0.8651 0.8398
183 0.9336 0.1700 0.9115 0.8662 0.8407
184 0.9360 0.1642 0.9143 0.8636 0.8383
185 0.9322 0.1668 0.9084 0.8652 0.8405
186 0.9363 0.1613 0.9149 0.8646 0.8397
187 0.9376 0.1605 0.9171 0.8661 0.8411
188 0.9317 0.1679 0.9111 0.8654 0.8405
189 0.9351 0.1642 0.9133 0.8636 0.8373
190 0.9357 0.1611 0.9151 0.8667 0.8409
191 0.9358 0.1631 0.9128 0.8635 0.8370
192 0.9334 0.1674 0.9101 0.8649 0.8387
193 0.9388 0.1547 0.9182 0.8662 0.8409
194 0.9324 0.1681 0.9095 0.8662 0.8411
195 0.9362 0.1606 0.9142 0.8666 0.8411
196 0.9356 0.1623 0.9134 0.8636 0.8369
197 0.9360 0.1591 0.9143 0.8622 0.8371
198 0.9376 0.1613 0.9168 0.8643 0.8382
199 0.9355 0.1651 0.9145 0.8641 0.8416
