epoch train_iou train_loss train_mAP val_iou val_mAP
0 0.8119 0.6768 0.7652 0.8502 0.8208
1 0.8503 0.5073 0.8136 0.8546 0.8252
2 0.8629 0.4595 0.8326 0.8532 0.8261
3 0.8632 0.4524 0.8301 0.8504 0.8238
4 0.8624 0.4461 0.8274 0.8510 0.8260
5 0.8589 0.4537 0.8260 0.8523 0.8236
6 0.8545 0.4626 0.8217 0.8505 0.8234
7 0.8661 0.4292 0.8354 0.8548 0.8263
8 0.8637 0.4404 0.8311 0.8365 0.7964
9 0.8606 0.4488 0.8282 0.8494 0.8248
10 0.8661 0.4249 0.8360 0.8543 0.8292
11 0.8704 0.4141 0.8408 0.8507 0.8273
12 0.8687 0.4235 0.8387 0.8516 0.8269
13 0.8646 0.4291 0.8341 0.8545 0.8288
14 0.8671 0.4288 0.8369 0.8498 0.8264
15 0.8691 0.4209 0.8388 0.8525 0.8287
16 0.8709 0.4231 0.8413 0.8523 0.8276
17 0.8700 0.4245 0.8395 0.8536 0.8280
18 0.8673 0.4271 0.8371 0.8506 0.8266
19 0.8722 0.4123 0.8438 0.8556 0.8264
20 0.8701 0.4103 0.8413 0.8566 0.8310
21 0.8726 0.4064 0.8432 0.8555 0.8279
22 0.8728 0.4112 0.8436 0.8564 0.8306
23 0.8797 0.3927 0.8509 0.8554 0.8309
24 0.8791 0.3922 0.8492 0.8550 0.8316
25 0.8781 0.3931 0.8491 0.8558 0.8285
26 0.8786 0.3893 0.8507 0.8569 0.8315
27 0.8746 0.3942 0.8445 0.8579 0.8293
28 0.8792 0.3915 0.8524 0.8568 0.8290
29 0.8753 0.3954 0.8471 0.8559 0.8310
