epoch train_BCELoss train_SoftDiceLoss train_iou train_loss train_mAP val_BCELoss val_SoftDiceLoss val_iou val_loss val_mAP
0 0.4433 0.4917 0.5690 0.9289 0.5133 0.3233 0.5792 0.7027 0.8990 0.6362
1 0.2686 0.3256 0.7240 0.5912 0.6679 0.3319 0.5992 0.6665 0.9302 0.6081
2 0.2254 0.2778 0.7663 0.5015 0.7166 0.2339 0.5486 0.7528 0.7819 0.7094
3 0.2058 0.2569 0.7761 0.4613 0.7297 0.1977 0.5312 0.7884 0.7283 0.7448
4 0.1890 0.2379 0.8011 0.4257 0.7579 0.1860 0.5250 0.7983 0.7106 0.7617
5 0.1884 0.2308 0.7978 0.4181 0.7531 0.1896 0.5232 0.8004 0.7124 0.7619
6 0.1851 0.2354 0.7993 0.4194 0.7550 0.1830 0.5223 0.8102 0.7049 0.7748
7 0.1846 0.2289 0.8015 0.4125 0.7567 0.1788 0.5166 0.8076 0.6953 0.7738
8 0.1747 0.2164 0.8012 0.3903 0.7605 0.3608 0.5431 0.7006 0.9039 0.6394
9 0.1818 0.2128 0.7936 0.3940 0.7508 0.1851 0.5147 0.7965 0.6999 0.7637
10 0.1646 0.1930 0.7999 0.3571 0.7592 0.2030 0.5189 0.7886 0.7221 0.7570
11 0.1561 0.1797 0.8068 0.3355 0.7666 0.2380 0.5182 0.7806 0.7566 0.7470
12 0.1398 0.1639 0.8236 0.3035 0.7857 0.1740 0.4995 0.8149 0.6738 0.7886
13 0.1266 0.1475 0.8386 0.2738 0.8010 0.1713 0.4935 0.8153 0.6653 0.7874
14 0.1200 0.1400 0.8459 0.2597 0.8099 0.1461 0.4810 0.8312 0.6275 0.8013
15 0.1094 0.1302 0.8516 0.2393 0.8169 0.1485 0.4806 0.8334 0.6295 0.8041
16 0.1086 0.1310 0.8455 0.2394 0.8100 0.1349 0.4799 0.8364 0.6152 0.8076
17 0.1074 0.1265 0.8534 0.2337 0.8199 0.1446 0.4781 0.8386 0.6232 0.8064
18 0.1164 0.1317 0.8472 0.2480 0.8099 0.1909 0.4881 0.8103 0.6795 0.7850
19 0.1267 0.1342 0.8410 0.2608 0.8047 0.1559 0.4840 0.8235 0.6405 0.7942
20 0.1287 0.1339 0.8339 0.2627 0.7961 0.2099 0.5020 0.7907 0.7127 0.7640
21 0.1211 0.1271 0.8334 0.2483 0.7980 0.1699 0.4781 0.8123 0.6487 0.7834
22 0.1091 0.1157 0.8515 0.2250 0.8183 0.1681 0.4717 0.8172 0.6406 0.7885
23 0.1007 0.1063 0.8547 0.2073 0.8213 0.1673 0.4754 0.8311 0.6436 0.8001
24 0.0929 0.1005 0.8622 0.1937 0.8301 0.1586 0.4685 0.8301 0.6279 0.8000
25 0.0912 0.0952 0.8711 0.1866 0.8413 0.1540 0.4670 0.8357 0.6218 0.8022
26 0.0830 0.0915 0.8664 0.1748 0.8358 0.1808 0.4656 0.8311 0.6473 0.8038
27 0.0855 0.0932 0.8648 0.1790 0.8359 0.1423 0.4592 0.8390 0.6024 0.8066
28 0.0917 0.0955 0.8599 0.1876 0.8271 0.1671 0.4617 0.8308 0.6299 0.8007
29 0.0934 0.0950 0.8583 0.1888 0.8241 0.1718 0.4682 0.8258 0.6411 0.7960
30 0.1165 0.1134 0.8341 0.2303 0.7973 0.1637 0.4703 0.8135 0.6350 0.7857
31 0.1058 0.1027 0.8400 0.2091 0.8067 0.1703 0.4749 0.8118 0.6461 0.7750
32 0.0898 0.0875 0.8600 0.1778 0.8285 0.1531 0.4564 0.8364 0.6106 0.8064
33 0.0790 0.0799 0.8719 0.1595 0.8423 0.1886 0.4573 0.8266 0.6472 0.7971
34 0.0780 0.0807 0.8707 0.1593 0.8406 0.1596 0.4513 0.8341 0.6122 0.8015
35 0.0702 0.0728 0.8801 0.1435 0.8515 0.1550 0.4508 0.8405 0.6070 0.8071
36 0.0688 0.0715 0.8797 0.1408 0.8493 0.1381 0.4464 0.8490 0.5857 0.8202
37 0.0701 0.0707 0.8735 0.1414 0.8428 0.1634 0.4547 0.8371 0.6194 0.8067
38 0.0801 0.0755 0.8672 0.1563 0.8356 0.1895 0.4530 0.8138 0.6435 0.7801
39 0.0913 0.0888 0.8618 0.1808 0.8301 0.2579 0.4694 0.8196 0.7290 0.7904
40 0.0917 0.0865 0.8577 0.1789 0.8240 0.1636 0.4660 0.8332 0.6310 0.8002
41 0.0908 0.0870 0.8595 0.1785 0.8288 0.1998 0.4513 0.8233 0.6526 0.7946
42 0.0796 0.0798 0.8634 0.1602 0.8333 0.1855 0.4556 0.8303 0.6426 0.8008
43 0.0719 0.0690 0.8748 0.1418 0.8451 0.1980 0.4455 0.8381 0.6452 0.8100
44 0.0617 0.0611 0.8809 0.1237 0.8537 0.1580 0.4396 0.8478 0.5991 0.8212
45 0.0582 0.0588 0.8833 0.1178 0.8560 0.1537 0.4379 0.8490 0.5930 0.8199
46 0.0583 0.0580 0.8866 0.1172 0.8584 0.1929 0.4443 0.8383 0.6390 0.8106
47 0.0637 0.0633 0.8841 0.1279 0.8554 0.2009 0.4438 0.8429 0.6465 0.8150
48 0.0648 0.0628 0.8844 0.1285 0.8548 0.2018 0.4415 0.8406 0.6451 0.8122
49 0.0805 0.0745 0.8609 0.1559 0.8292 0.1925 0.4594 0.8209 0.6534 0.7936
50 0.0848 0.0743 0.8594 0.1600 0.8268 0.1750 0.4592 0.8251 0.6356 0.7902
51 0.0805 0.0731 0.8706 0.1546 0.8399 0.1917 0.4545 0.8329 0.6479 0.8054
52 0.0699 0.0668 0.8745 0.1377 0.8444 0.1762 0.4518 0.8443 0.6296 0.8152
53 0.0603 0.0580 0.8849 0.1193 0.8558 0.1605 0.4365 0.8515 0.5988 0.8208
54 0.0522 0.0511 0.8937 0.1043 0.8659 0.1948 0.4378 0.8516 0.6345 0.8239
55 0.0516 0.0509 0.8960 0.1036 0.8700 0.1809 0.4386 0.8513 0.6214 0.8227
56 0.0550 0.0512 0.8938 0.1074 0.8686 0.1856 0.4369 0.8506 0.6245 0.8220
57 0.0541 0.0500 0.8927 0.1053 0.8670 0.1885 0.4326 0.8506 0.6231 0.8243
58 0.0603 0.0584 0.8893 0.1199 0.8605 0.1878 0.4434 0.8468 0.6332 0.8173
59 0.0669 0.0604 0.8740 0.1284 0.8442 0.2339 0.4633 0.8192 0.6989 0.7878
60 0.0896 0.0753 0.8664 0.1660 0.8349 0.2311 0.4555 0.8147 0.6887 0.7818
61 0.0816 0.0714 0.8661 0.1541 0.8350 0.2341 0.4463 0.8389 0.6824 0.8150
62 0.0624 0.0575 0.8805 0.1210 0.8528 0.1933 0.4431 0.8534 0.6383 0.8270
63 0.0543 0.0516 0.8881 0.1071 0.8599 0.1927 0.4407 0.8516 0.6354 0.8261
64 0.0506 0.0466 0.8932 0.0983 0.8655 0.1982 0.4395 0.8457 0.6397 0.8188
65 0.0489 0.0456 0.8986 0.0958 0.8724 0.1965 0.4398 0.8469 0.6383 0.8213
66 0.0487 0.0461 0.8941 0.0960 0.8672 0.2247 0.4440 0.8439 0.6708 0.8175
67 0.0492 0.0439 0.8958 0.0943 0.8708 0.2510 0.4360 0.8432 0.6893 0.8196
68 0.0594 0.0534 0.8886 0.1140 0.8609 0.2184 0.4416 0.8448 0.6620 0.8180
69 0.0605 0.0553 0.8825 0.1170 0.8521 0.1913 0.4478 0.8511 0.6410 0.8267
70 0.0719 0.0624 0.8744 0.1354 0.8442 0.1928 0.4394 0.8541 0.6340 0.8237
71 0.0597 0.0557 0.8878 0.1167 0.8599 0.1867 0.4313 0.8512 0.6199 0.8237
72 0.0597 0.0553 0.8836 0.1162 0.8562 0.1945 0.4320 0.8540 0.6286 0.8269
73 0.0452 0.0436 0.8919 0.0901 0.8662 0.1826 0.4299 0.8573 0.6145 0.8279
74 0.0449 0.0424 0.8982 0.0886 0.8726 0.1854 0.4323 0.8551 0.6197 0.8307
75 0.0447 0.0422 0.8986 0.0883 0.8735 0.1794 0.4307 0.8519 0.6121 0.8267
76 0.0450 0.0409 0.8977 0.0872 0.8728 0.1943 0.4311 0.8519 0.6275 0.8258
77 0.0426 0.0394 0.9040 0.0834 0.8786 0.2012 0.4292 0.8530 0.6325 0.8276
78 0.0429 0.0400 0.9026 0.0843 0.8766 0.2301 0.4328 0.8492 0.6651 0.8220
79 0.0531 0.0462 0.8908 0.1006 0.8642 0.2611 0.4531 0.8402 0.7163 0.8177
80 0.0732 0.0640 0.8732 0.1385 0.8430 0.2790 0.4626 0.8052 0.7438 0.7699
81 0.0683 0.0615 0.8757 0.1310 0.8453 0.2524 0.4406 0.8355 0.6953 0.8059
82 0.0647 0.0590 0.8803 0.1250 0.8532 0.2337 0.4312 0.8385 0.6671 0.8115
83 0.0501 0.0466 0.8958 0.0981 0.8695 0.1923 0.4302 0.8512 0.6246 0.8269
84 0.0452 0.0409 0.9014 0.0875 0.8751 0.2100 0.4349 0.8510 0.6471 0.8279
85 0.0401 0.0385 0.9015 0.0800 0.8776 0.2090 0.4327 0.8506 0.6438 0.8268
86 0.0395 0.0375 0.9041 0.0784 0.8794 0.1845 0.4274 0.8471 0.6140 0.8215
87 0.0411 0.0371 0.9060 0.0797 0.8816 0.2063 0.4296 0.8455 0.6381 0.8214
88 0.0458 0.0419 0.8965 0.0891 0.8706 0.2256 0.4349 0.8432 0.6628 0.8177
89 0.0543 0.0475 0.8937 0.1031 0.8659 0.1965 0.4421 0.8370 0.6405 0.8085
90 0.0611 0.0541 0.8810 0.1165 0.8533 0.2441 0.4370 0.8325 0.6833 0.8048
91 0.0587 0.0533 0.8829 0.1134 0.8543 0.1823 0.4324 0.8460 0.6168 0.8146
92 0.0522 0.0457 0.8937 0.0993 0.8672 0.1834 0.4349 0.8529 0.6203 0.8275
93 0.0433 0.0397 0.8982 0.0844 0.8719 0.1941 0.4254 0.8520 0.6217 0.8239
94 0.0401 0.0372 0.9050 0.0788 0.8819 0.1948 0.4258 0.8492 0.6228 0.8228
95 0.0401 0.0364 0.8981 0.0780 0.8730 0.1912 0.4266 0.8497 0.6201 0.8239
96 0.0380 0.0357 0.9049 0.0752 0.8812 0.1893 0.4264 0.8515 0.6179 0.8252
97 0.0390 0.0354 0.9048 0.0759 0.8816 0.1896 0.4225 0.8555 0.6143 0.8299
98 0.0450 0.0397 0.9018 0.0862 0.8758 0.2063 0.4258 0.8520 0.6342 0.8232
99 0.0561 0.0467 0.8866 0.1042 0.8604 0.2155 0.4550 0.8350 0.6723 0.8037
100 0.0627 0.0547 0.8784 0.1187 0.8482 0.1937 0.4379 0.8260 0.6334 0.7929
101 0.0597 0.0530 0.8839 0.1140 0.8551 0.2382 0.4390 0.8323 0.6794 0.8046
102 0.0496 0.0460 0.8924 0.0970 0.8667 0.2191 0.4315 0.8600 0.6529 0.8335
103 0.0431 0.0388 0.9004 0.0834 0.8763 0.2150 0.4307 0.8559 0.6480 0.8306
104 0.0400 0.0369 0.9012 0.0784 0.8778 0.2028 0.4427 0.8483 0.6476 0.8194
105 0.0413 0.0371 0.9038 0.0798 0.8810 0.2127 0.4213 0.8604 0.6364 0.8346
106 0.0373 0.0353 0.9079 0.0740 0.8841 0.2210 0.4222 0.8590 0.6455 0.8345
107 0.0377 0.0339 0.9053 0.0732 0.8816 0.2263 0.4222 0.8528 0.6509 0.8272
108 0.0390 0.0348 0.9060 0.0753 0.8838 0.2345 0.4272 0.8521 0.6640 0.8300
109 0.0415 0.0370 0.8979 0.0800 0.8731 0.2580 0.4244 0.8428 0.6848 0.8204
110 0.0498 0.0450 0.8914 0.0963 0.8644 0.2045 0.4310 0.8379 0.6377 0.8112
111 0.0497 0.0430 0.8969 0.0942 0.8715 0.2342 0.4201 0.8511 0.6565 0.8206
112 0.0477 0.0431 0.9020 0.0922 0.8758 0.2404 0.4233 0.8523 0.6662 0.8238
113 0.0396 0.0377 0.9035 0.0789 0.8808 0.2303 0.4237 0.8536 0.6562 0.8286
114 0.0351 0.0325 0.9073 0.0692 0.8848 0.2338 0.4196 0.8572 0.6559 0.8316
115 0.0335 0.0317 0.9081 0.0669 0.8848 0.2337 0.4194 0.8571 0.6556 0.8323
116 0.0339 0.0307 0.9143 0.0662 0.8923 0.2389 0.4211 0.8557 0.6624 0.8313
117 0.0340 0.0318 0.9092 0.0673 0.8862 0.2210 0.4197 0.8564 0.6431 0.8314
118 0.0368 0.0339 0.9062 0.0723 0.8830 0.2213 0.4263 0.8482 0.6499 0.8194
119 0.0390 0.0348 0.9061 0.0754 0.8809 0.2367 0.4226 0.8499 0.6618 0.8254
120 0.0573 0.0503 0.8890 0.1091 0.8607 0.2187 0.4512 0.8397 0.6717 0.8080
121 0.0580 0.0501 0.8893 0.1096 0.8637 0.3375 0.4212 0.8171 0.7610 0.7830
122 0.0508 0.0465 0.8924 0.0988 0.8655 0.2100 0.4374 0.8489 0.6496 0.8230
123 0.0393 0.0358 0.9017 0.0766 0.8763 0.2269 0.4239 0.8570 0.6531 0.8326
124 0.0373 0.0336 0.9082 0.0725 0.8851 0.2304 0.4199 0.8586 0.6527 0.8338
125 0.0380 0.0341 0.9098 0.0738 0.8850 0.2384 0.4195 0.8590 0.6603 0.8340
126 0.0383 0.0337 0.9107 0.0737 0.8878 0.2208 0.4192 0.8575 0.6424 0.8309
127 0.0368 0.0333 0.9081 0.0717 0.8853 0.2074 0.4173 0.8624 0.6270 0.8363
128 0.0422 0.0385 0.9060 0.0822 0.8817 0.1856 0.4166 0.8680 0.6043 0.8400
129 0.0419 0.0376 0.9059 0.0811 0.8821 0.2290 0.4224 0.8509 0.6537 0.8251
130 0.0542 0.0452 0.8909 0.1009 0.8649 0.2595 0.4669 0.8164 0.7284 0.7883
131 0.0728 0.0628 0.8782 0.1371 0.8497 0.1826 0.4477 0.8490 0.6321 0.8194
132 0.0450 0.0411 0.8982 0.0876 0.8739 0.2245 0.4255 0.8627 0.6523 0.8353
133 0.0397 0.0359 0.9030 0.0771 0.8800 0.2006 0.4224 0.8605 0.6253 0.8330
134 0.0356 0.0329 0.9074 0.0702 0.8859 0.1934 0.4216 0.8631 0.6174 0.8365
135 0.0335 0.0325 0.9092 0.0676 0.8880 0.1917 0.4202 0.8673 0.6142 0.8401
136 0.0355 0.0325 0.9103 0.0696 0.8881 0.1938 0.4203 0.8648 0.6165 0.8373
137 0.0320 0.0304 0.9077 0.0640 0.8857 0.2080 0.4177 0.8617 0.6281 0.8320
138 0.0334 0.0304 0.9127 0.0654 0.8903 0.2076 0.4228 0.8546 0.6328 0.8247
139 0.0507 0.0429 0.8966 0.0952 0.8715 0.2087 0.4234 0.8561 0.6344 0.8278
140 0.0638 0.0557 0.8809 0.1209 0.8535 0.2631 0.4428 0.8350 0.7079 0.8103
141 0.0511 0.0448 0.8953 0.0975 0.8691 0.2431 0.4290 0.8456 0.6741 0.8156
142 0.0487 0.0440 0.8947 0.0941 0.8695 0.2042 0.4209 0.8585 0.6274 0.8291
143 0.0390 0.0353 0.9054 0.0759 0.8830 0.1955 0.4202 0.8594 0.6181 0.8345
144 0.0343 0.0318 0.9061 0.0679 0.8829 0.2354 0.4201 0.8574 0.6580 0.8335
145 0.0331 0.0307 0.9047 0.0655 0.8813 0.2303 0.4202 0.8575 0.6530 0.8334
146 0.0314 0.0292 0.9103 0.0622 0.8889 0.2059 0.4192 0.8640 0.6275 0.8386
147 0.0312 0.0285 0.9146 0.0613 0.8920 0.2104 0.4185 0.8649 0.6312 0.8384
148 0.0334 0.0305 0.9119 0.0655 0.8897 0.2303 0.4204 0.8607 0.6531 0.8346
149 0.0373 0.0345 0.9074 0.0735 0.8854 0.2034 0.4206 0.8627 0.6263 0.8329
