epoch train_BCELoss train_SoftDiceLoss train_iou train_loss train_mAP val_BCELoss val_SoftDiceLoss val_iou val_loss val_mAP
0 0.4963 0.5317 0.3729 1.0263 0.2662 0.3724 0.4266 0.6538 0.7979 0.5877
1 0.2950 0.3512 0.6926 0.6453 0.6255 0.3274 0.3243 0.6821 0.6512 0.6093
2 0.2423 0.2966 0.7480 0.5385 0.6891 0.2422 0.2750 0.7429 0.5170 0.6790
3 0.2139 0.2651 0.7650 0.4788 0.7098 0.2164 0.2560 0.7569 0.4724 0.7015
4 0.1809 0.2335 0.7857 0.4144 0.7352 0.1937 0.2385 0.7693 0.4323 0.7219
5 0.1569 0.2047 0.8065 0.3617 0.7586 0.1983 0.2239 0.7667 0.4225 0.7273
6 0.1466 0.1904 0.8076 0.3372 0.7609 0.1928 0.2015 0.7779 0.3946 0.7320
7 0.1426 0.1785 0.8105 0.3213 0.7665 0.2176 0.2090 0.7506 0.4266 0.6939
8 0.1271 0.1625 0.8173 0.2899 0.7731 0.1896 0.1873 0.7825 0.3773 0.7412
9 0.1171 0.1490 0.8251 0.2665 0.7839 0.1845 0.1769 0.7775 0.3618 0.7356
10 0.1059 0.1372 0.8465 0.2435 0.8084 0.1620 0.1694 0.7940 0.3320 0.7548
11 0.0982 0.1330 0.8478 0.2317 0.8101 0.1555 0.1633 0.7986 0.3194 0.7600
12 0.0896 0.1255 0.8529 0.2156 0.8158 0.1586 0.1644 0.7991 0.3237 0.7598
13 0.0887 0.1242 0.8584 0.2135 0.8227 0.1566 0.1651 0.7996 0.3224 0.7603
14 0.0855 0.1207 0.8624 0.2067 0.8262 0.1566 0.1636 0.8018 0.3209 0.7626
15 0.0850 0.1208 0.8589 0.2064 0.8235 0.1558 0.1617 0.8012 0.3182 0.7623
16 0.0826 0.1173 0.8660 0.2005 0.8316 0.1561 0.1626 0.7992 0.3194 0.7598
17 0.0816 0.1173 0.8652 0.1995 0.8292 0.1551 0.1616 0.8004 0.3174 0.7614
18 0.0835 0.1196 0.8604 0.2037 0.8245 0.1580 0.1629 0.7998 0.3215 0.7602
19 0.0817 0.1175 0.8594 0.1998 0.8251 0.1557 0.1611 0.8010 0.3174 0.7623
20 0.0911 0.1186 0.8495 0.2103 0.8138 0.1899 0.1753 0.7762 0.3657 0.7383
21 0.1031 0.1262 0.8363 0.2298 0.7971 0.1885 0.1697 0.7763 0.3589 0.7430
22 0.1049 0.1218 0.8313 0.2274 0.7911 0.1750 0.1554 0.7772 0.3311 0.7346
23 0.0869 0.1060 0.8451 0.1936 0.8072 0.1723 0.1558 0.7890 0.3288 0.7468
24 0.0831 0.0989 0.8461 0.1827 0.8091 0.1773 0.1383 0.7917 0.3163 0.7485
25 0.0727 0.0903 0.8621 0.1637 0.8270 0.1526 0.1332 0.8154 0.2867 0.7778
26 0.0723 0.0891 0.8634 0.1623 0.8293 0.1467 0.1269 0.8132 0.2745 0.7730
27 0.0635 0.0825 0.8710 0.1469 0.8394 0.1463 0.1265 0.8189 0.2738 0.7780
28 0.0604 0.0798 0.8742 0.1412 0.8422 0.1474 0.1270 0.8246 0.2754 0.7837
29 0.0596 0.0775 0.8774 0.1380 0.8458 0.1462 0.1248 0.8221 0.2720 0.7830
30 0.0607 0.0788 0.8773 0.1404 0.8461 0.1479 0.1251 0.8108 0.2739 0.7679
31 0.0591 0.0777 0.8757 0.1378 0.8447 0.1457 0.1236 0.8178 0.2703 0.7778
32 0.0601 0.0798 0.8740 0.1408 0.8433 0.1475 0.1243 0.8196 0.2728 0.7802
33 0.0567 0.0756 0.8802 0.1332 0.8493 0.1467 0.1246 0.8195 0.2723 0.7782
34 0.0584 0.0781 0.8775 0.1375 0.8457 0.1473 0.1247 0.8202 0.2729 0.7790
35 0.0742 0.0864 0.8597 0.1614 0.8247 0.2088 0.1544 0.7636 0.3637 0.7128
36 0.0815 0.0924 0.8496 0.1748 0.8118 0.1741 0.1328 0.7866 0.3078 0.7474
37 0.0817 0.0904 0.8500 0.1729 0.8141 0.1614 0.1350 0.7949 0.2972 0.7621
38 0.0757 0.0799 0.8568 0.1566 0.8208 0.2071 0.1504 0.7576 0.3583 0.7136
39 0.0841 0.0877 0.8501 0.1726 0.8147 0.1878 0.1358 0.7842 0.3244 0.7453
40 0.0603 0.0700 0.8735 0.1314 0.8428 0.1691 0.1239 0.8122 0.2943 0.7768
41 0.0559 0.0652 0.8713 0.1223 0.8426 0.1671 0.1224 0.8106 0.2907 0.7748
42 0.0500 0.0611 0.8848 0.1122 0.8552 0.1636 0.1201 0.8117 0.2848 0.7778
43 0.0503 0.0600 0.8850 0.1114 0.8557 0.1641 0.1196 0.8133 0.2848 0.7785
44 0.0484 0.0587 0.8870 0.1083 0.8580 0.1605 0.1191 0.8161 0.2807 0.7814
45 0.0466 0.0584 0.8873 0.1062 0.8577 0.1619 0.1187 0.8134 0.2817 0.7783
46 0.0469 0.0577 0.8873 0.1058 0.8596 0.1621 0.1188 0.8152 0.2820 0.7797
47 0.0490 0.0597 0.8847 0.1099 0.8560 0.1677 0.1186 0.8143 0.2875 0.7809
48 0.0473 0.0565 0.8910 0.1050 0.8634 0.1629 0.1179 0.8153 0.2819 0.7808
49 0.0475 0.0571 0.8878 0.1058 0.8600 0.1631 0.1179 0.8140 0.2822 0.7794
50 0.0465 0.0565 0.8893 0.1042 0.8614 0.1637 0.1183 0.8149 0.2832 0.7807
51 0.0459 0.0570 0.8877 0.1040 0.8594 0.1613 0.1177 0.8167 0.2801 0.7805
52 0.0456 0.0567 0.8884 0.1035 0.8602 0.1632 0.1182 0.8153 0.2825 0.7800
53 0.0438 0.0550 0.8912 0.1000 0.8636 0.1629 0.1170 0.8135 0.2810 0.7786
54 0.0454 0.0556 0.8897 0.1023 0.8618 0.1638 0.1177 0.8155 0.2827 0.7809
55 0.0456 0.0572 0.8859 0.1040 0.8593 0.1616 0.1176 0.8143 0.2803 0.7794
56 0.0436 0.0553 0.8914 0.1001 0.8635 0.1655 0.1175 0.8155 0.2842 0.7811
57 0.0470 0.0576 0.8831 0.1057 0.8539 0.1637 0.1176 0.8164 0.2824 0.7820
58 0.0453 0.0550 0.8927 0.1015 0.8648 0.1636 0.1174 0.8162 0.2821 0.7823
59 0.0458 0.0556 0.8904 0.1025 0.8625 0.1630 0.1172 0.8159 0.2814 0.7809
