epoch train_BCELoss train_SoftDiceLoss train_iou train_loss train_mAP val_BCELoss val_SoftDiceLoss val_iou val_loss val_mAP
0 0.4878 0.4920 0.6244 0.9770 0.5622 0.4009 0.5859 0.6944 0.9859 0.6300
1 0.3241 0.3672 0.7434 0.6899 0.6891 0.3587 0.5696 0.7359 0.9280 0.6835
2 0.2807 0.3293 0.7692 0.6094 0.7209 0.2952 0.5622 0.7459 0.8574 0.6977
3 0.2499 0.3058 0.7730 0.5553 0.7265 0.2658 0.5483 0.7663 0.8140 0.7230
4 0.2278 0.2821 0.7847 0.5094 0.7399 0.2477 0.5406 0.7811 0.7884 0.7452
5 0.2098 0.2587 0.7935 0.4681 0.7512 0.2340 0.5327 0.7785 0.7668 0.7360
6 0.1946 0.2400 0.8033 0.4343 0.7637 0.2220 0.5313 0.7939 0.7534 0.7587
7 0.1767 0.2201 0.8125 0.3965 0.7716 0.2188 0.5233 0.7882 0.7423 0.7556
8 0.1639 0.2015 0.8126 0.3650 0.7738 0.2793 0.5316 0.7385 0.8112 0.6934
9 0.1553 0.1859 0.8251 0.3408 0.7879 0.2505 0.5274 0.7778 0.7782 0.7459
10 0.1520 0.1791 0.8168 0.3308 0.7784 0.2312 0.5301 0.7701 0.7616 0.7356
11 0.1443 0.1670 0.8224 0.3110 0.7849 0.1877 0.4963 0.8120 0.6843 0.7814
12 0.1302 0.1539 0.8369 0.2836 0.8022 0.2353 0.5066 0.7918 0.7425 0.7560
13 0.1341 0.1501 0.8347 0.2838 0.7979 0.1929 0.4928 0.8114 0.6862 0.7802
14 0.1217 0.1401 0.8375 0.2612 0.8021 0.1961 0.4924 0.8160 0.6888 0.7846
15 0.1109 0.1252 0.8497 0.2353 0.8143 0.1950 0.4854 0.8104 0.6809 0.7792
16 0.1170 0.1304 0.8411 0.2465 0.8054 0.1979 0.4852 0.8185 0.6836 0.7878
17 0.1192 0.1278 0.8369 0.2461 0.8023 0.2128 0.4945 0.7972 0.7075 0.7671
18 0.1101 0.1204 0.8437 0.2295 0.8092 0.2138 0.4826 0.8146 0.6973 0.7845
19 0.1109 0.1148 0.8424 0.2248 0.8094 0.2544 0.4789 0.8052 0.7342 0.7712
20 0.1169 0.1170 0.8409 0.2329 0.8051 0.2170 0.4798 0.7988 0.6973 0.7616
21 0.1004 0.1064 0.8506 0.2060 0.8152 0.2126 0.4874 0.8148 0.7007 0.7842
22 0.0963 0.0989 0.8515 0.1944 0.8170 0.2328 0.4700 0.8170 0.7040 0.7812
23 0.0991 0.0999 0.8552 0.1983 0.8199 0.2021 0.4814 0.8127 0.6849 0.7845
24 0.0953 0.0959 0.8587 0.1906 0.8244 0.2071 0.4795 0.8216 0.6874 0.7924
25 0.0856 0.0897 0.8668 0.1747 0.8368 0.2358 0.4671 0.8225 0.7045 0.7929
26 0.0756 0.0827 0.8674 0.1576 0.8376 0.2296 0.4678 0.8220 0.6988 0.7945
27 0.0762 0.0809 0.8673 0.1564 0.8364 0.2240 0.4674 0.8222 0.6926 0.7953
28 0.0708 0.0756 0.8753 0.1457 0.8461 0.2220 0.4664 0.8212 0.6897 0.7951
29 0.0705 0.0742 0.8769 0.1439 0.8468 0.2042 0.4649 0.8232 0.6702 0.7953
30 0.0674 0.0738 0.8771 0.1404 0.8478 0.2146 0.4667 0.8224 0.6823 0.7951
31 0.0688 0.0733 0.8755 0.1414 0.8460 0.2399 0.4642 0.8234 0.7059 0.7991
32 0.0956 0.0896 0.8630 0.1849 0.8290 0.2361 0.4699 0.8223 0.7079 0.7935
33 0.0899 0.0876 0.8585 0.1772 0.8244 0.2020 0.4650 0.8238 0.6682 0.7907
34 0.0766 0.0765 0.8673 0.1527 0.8357 0.2022 0.4647 0.8295 0.6683 0.7982
35 0.0682 0.0716 0.8804 0.1393 0.8519 0.2006 0.4639 0.8312 0.6659 0.8025
36 0.0716 0.0730 0.8782 0.1440 0.8480 0.1874 0.4617 0.8380 0.6503 0.8097
37 0.0734 0.0725 0.8712 0.1456 0.8398 0.2498 0.4675 0.8218 0.7194 0.7926
38 0.0918 0.0885 0.8525 0.1802 0.8201 0.2192 0.4641 0.8320 0.6850 0.8017
39 0.0802 0.0746 0.8655 0.1548 0.8351 0.2308 0.4670 0.8277 0.6997 0.7982
40 0.0737 0.0698 0.8720 0.1435 0.8428 0.2429 0.4645 0.8202 0.7096 0.7896
41 0.0671 0.0670 0.8743 0.1341 0.8428 0.2434 0.4602 0.8232 0.7058 0.7937
42 0.0665 0.0656 0.8771 0.1320 0.8479 0.1962 0.4608 0.8330 0.6582 0.8044
43 0.0740 0.0700 0.8768 0.1441 0.8460 0.1836 0.4471 0.8353 0.6319 0.8010
44 0.0818 0.0783 0.8660 0.1602 0.8320 0.2513 0.4796 0.8168 0.7326 0.7839
45 0.0757 0.0722 0.8734 0.1483 0.8418 0.2840 0.4716 0.8081 0.7585 0.7727
46 0.0677 0.0674 0.8775 0.1353 0.8458 0.2362 0.4607 0.8278 0.6989 0.8009
47 0.0590 0.0591 0.8786 0.1183 0.8501 0.2309 0.4598 0.8299 0.6929 0.8019
48 0.0575 0.0572 0.8870 0.1149 0.8584 0.2377 0.4596 0.8334 0.6995 0.8060
49 0.0597 0.0585 0.8844 0.1183 0.8564 0.2797 0.4679 0.8121 0.7505 0.7805
50 0.0748 0.0705 0.8737 0.1457 0.8428 0.2855 0.4650 0.8216 0.7533 0.7887
51 0.0695 0.0681 0.8713 0.1380 0.8408 0.2480 0.4688 0.8279 0.7194 0.8023
52 0.0617 0.0587 0.8861 0.1208 0.8566 0.2220 0.4504 0.8389 0.6747 0.8119
53 0.0578 0.0536 0.8899 0.1118 0.8613 0.2174 0.4501 0.8388 0.6697 0.8127
54 0.0550 0.0523 0.8904 0.1077 0.8627 0.2261 0.4540 0.8348 0.6824 0.8094
55 0.0621 0.0565 0.8835 0.1191 0.8543 0.2023 0.4496 0.8196 0.6537 0.7877
56 0.0828 0.0732 0.8671 0.1567 0.8350 0.2709 0.4717 0.8058 0.7450 0.7790
57 0.0726 0.0668 0.8697 0.1402 0.8372 0.3307 0.4736 0.8052 0.8077 0.7800
58 0.0648 0.0603 0.8852 0.1259 0.8576 0.2537 0.4508 0.8311 0.7073 0.8063
59 0.0548 0.0533 0.8852 0.1088 0.8573 0.2380 0.4529 0.8364 0.6934 0.8124
60 0.0539 0.0511 0.8889 0.1056 0.8609 0.2798 0.4535 0.8341 0.7366 0.8068
61 0.0635 0.0586 0.8836 0.1229 0.8546 0.2892 0.4562 0.8279 0.7485 0.7963
62 0.0720 0.0690 0.8709 0.1418 0.8398 0.2579 0.4602 0.8285 0.7205 0.7945
63 0.0605 0.0572 0.8785 0.1185 0.8478 0.2916 0.4533 0.8299 0.7481 0.8033
64 0.0599 0.0547 0.8853 0.1154 0.8550 0.2737 0.4521 0.8321 0.7288 0.8047
65 0.0494 0.0487 0.8922 0.0989 0.8660 0.2776 0.4501 0.8340 0.7310 0.8067
66 0.0503 0.0480 0.8957 0.0992 0.8680 0.2446 0.4461 0.8323 0.6934 0.8046
67 0.0547 0.0512 0.8912 0.1066 0.8618 0.3022 0.4534 0.8208 0.7590 0.7907
68 0.0687 0.0609 0.8810 0.1304 0.8509 0.2908 0.4658 0.8224 0.7596 0.7950
69 0.0663 0.0577 0.8769 0.1249 0.8451 0.3178 0.4429 0.8171 0.7642 0.7866
70 0.0544 0.0504 0.8887 0.1057 0.8621 0.2704 0.4565 0.8315 0.7303 0.8070
71 0.0484 0.0463 0.8958 0.0957 0.8688 0.2810 0.4544 0.8327 0.7389 0.8087
72 0.0477 0.0445 0.8968 0.0932 0.8690 0.2816 0.4474 0.8349 0.7320 0.8059
73 0.0504 0.0457 0.8909 0.0971 0.8640 0.3300 0.4504 0.8203 0.7843 0.7943
74 0.0664 0.0600 0.8753 0.1274 0.8432 0.2574 0.4510 0.8360 0.7114 0.8086
75 0.0600 0.0542 0.8808 0.1152 0.8513 0.2596 0.4549 0.8265 0.7173 0.7988
76 0.0492 0.0468 0.8926 0.0970 0.8643 0.2429 0.4413 0.8414 0.6869 0.8171
77 0.0477 0.0462 0.8928 0.0950 0.8672 0.2549 0.4407 0.8422 0.6987 0.8196
78 0.0450 0.0428 0.8951 0.0888 0.8690 0.2520 0.4457 0.8468 0.7008 0.8219
79 0.0448 0.0415 0.8921 0.0873 0.8647 0.2886 0.4311 0.8455 0.7234 0.8172
80 0.0464 0.0429 0.8936 0.0904 0.8652 0.2984 0.4432 0.8440 0.7450 0.8186
81 0.0452 0.0409 0.8974 0.0873 0.8700 0.2692 0.4343 0.8427 0.7068 0.8164
82 0.0419 0.0383 0.9012 0.0814 0.8747 0.2539 0.4296 0.8449 0.6864 0.8205
83 0.0401 0.0366 0.9081 0.0779 0.8833 0.2479 0.4314 0.8444 0.6821 0.8195
84 0.0400 0.0379 0.9012 0.0791 0.8757 0.2700 0.4358 0.8399 0.7092 0.8136
85 0.0450 0.0413 0.9006 0.0875 0.8735 0.2739 0.4559 0.8361 0.7328 0.8074
86 0.0546 0.0477 0.8882 0.1034 0.8594 0.3027 0.4577 0.8201 0.7634 0.7858
87 0.0581 0.0527 0.8871 0.1120 0.8583 0.3217 0.4534 0.8276 0.7780 0.7991
88 0.0503 0.0465 0.8950 0.0980 0.8672 0.3107 0.4475 0.8356 0.7611 0.8068
89 0.0464 0.0424 0.8967 0.0901 0.8692 0.3134 0.4463 0.8379 0.7627 0.8085
90 0.0441 0.0424 0.8986 0.0877 0.8705 0.3040 0.4484 0.8404 0.7557 0.8144
91 0.0535 0.0475 0.8946 0.1023 0.8670 0.2988 0.4443 0.8289 0.7463 0.7993
92 0.0607 0.0538 0.8796 0.1157 0.8483 0.3857 0.4673 0.7929 0.8567 0.7596
93 0.0604 0.0534 0.8856 0.1151 0.8561 0.3542 0.4592 0.8175 0.8168 0.7939
94 0.0576 0.0523 0.8865 0.1112 0.8571 0.2914 0.4454 0.8404 0.7398 0.8119
95 0.0463 0.0431 0.8915 0.0907 0.8659 0.3017 0.4394 0.8409 0.7443 0.8117
96 0.0464 0.0432 0.8954 0.0909 0.8685 0.3142 0.4365 0.8383 0.7543 0.8133
97 0.0449 0.0401 0.9003 0.0862 0.8729 0.3052 0.4326 0.8351 0.7413 0.8084
98 0.0469 0.0430 0.8926 0.0912 0.8656 0.2976 0.4460 0.8365 0.7467 0.8078
99 0.0487 0.0429 0.8906 0.0930 0.8615 0.8235 0.5321 0.7054 1.3619 0.6594
100 0.0426 0.0410 0.8985 0.0850 0.8718 0.2692 0.4378 0.8477 0.7099 0.8210
101 0.0418 0.0381 0.8999 0.0813 0.8756 0.2833 0.4398 0.8447 0.7262 0.8189
102 0.0387 0.0377 0.8998 0.0778 0.8742 0.2795 0.4397 0.8438 0.7222 0.8183
103 0.0453 0.0403 0.8958 0.0870 0.8690 0.3020 0.4255 0.8418 0.7307 0.8145
104 0.0516 0.0452 0.8942 0.0981 0.8674 0.4670 0.4589 0.7715 0.9292 0.7306
105 0.0502 0.0456 0.8891 0.0971 0.8606 0.3299 0.4411 0.8263 0.7742 0.7987
106 0.0417 0.0383 0.9009 0.0814 0.8736 0.3210 0.4407 0.8428 0.7652 0.8153
107 0.0416 0.0357 0.9037 0.0787 0.8776 0.3084 0.4430 0.8371 0.7548 0.8103
108 0.0355 0.0333 0.9064 0.0703 0.8821 0.3195 0.4354 0.8416 0.7584 0.8156
109 0.0419 0.0364 0.9045 0.0797 0.8779 0.2797 0.4284 0.8491 0.7111 0.8172
110 0.0434 0.0389 0.9024 0.0837 0.8765 0.2736 0.4423 0.8351 0.7185 0.8096
111 0.0385 0.0349 0.9070 0.0749 0.8818 0.2825 0.4346 0.8371 0.7197 0.8098
112 0.0396 0.0346 0.9082 0.0757 0.8828 0.2987 0.4382 0.8406 0.7399 0.8148
113 0.0354 0.0322 0.9087 0.0691 0.8842 0.2898 0.4367 0.8425 0.7296 0.8185
114 0.0352 0.0332 0.9064 0.0699 0.8840 0.2726 0.4329 0.8485 0.7085 0.8231
115 0.0357 0.0326 0.9046 0.0698 0.8818 0.4335 0.4405 0.8176 0.8780 0.7882
116 0.0779 0.0653 0.8707 0.1446 0.8398 0.2582 0.4891 0.8016 0.7489 0.7680
117 0.0585 0.0500 0.8866 0.1098 0.8588 0.3065 0.4504 0.8140 0.7595 0.7858
118 0.0421 0.0398 0.8994 0.0834 0.8756 0.3172 0.4375 0.8375 0.7576 0.8145
119 0.0386 0.0355 0.9037 0.0756 0.8792 0.3137 0.4367 0.8406 0.7531 0.8164
120 0.0377 0.0351 0.9010 0.0743 0.8771 0.3207 0.4339 0.8453 0.7577 0.8192
121 0.0423 0.0368 0.9025 0.0805 0.8767 0.3203 0.4587 0.8284 0.7816 0.7996
122 0.0665 0.0552 0.8788 0.1231 0.8505 0.3368 0.4521 0.8183 0.7915 0.7871
123 0.0642 0.0549 0.8881 0.1204 0.8610 0.3521 0.4473 0.8355 0.8022 0.8079
124 0.0458 0.0400 0.8976 0.0873 0.8712 0.3229 0.4365 0.8334 0.7621 0.8052
125 0.0391 0.0354 0.9013 0.0760 0.8747 0.3115 0.4406 0.8379 0.7547 0.8092
126 0.0412 0.0374 0.9002 0.0801 0.8763 0.3218 0.4476 0.8414 0.7722 0.8153
127 0.0456 0.0393 0.9042 0.0864 0.8795 0.2725 0.4326 0.8467 0.7076 0.8203
128 0.0481 0.0428 0.8918 0.0924 0.8663 0.3210 0.4444 0.8316 0.7681 0.7973
129 0.0469 0.0423 0.8977 0.0908 0.8704 0.3418 0.4750 0.8020 0.8190 0.7692
130 0.0391 0.0359 0.8988 0.0765 0.8730 0.2946 0.4314 0.8462 0.7286 0.8162
131 0.0347 0.0329 0.9077 0.0691 0.8833 0.2897 0.4363 0.8481 0.7286 0.8174
132 0.0358 0.0326 0.9056 0.0700 0.8806 0.3279 0.4304 0.8456 0.7612 0.8190
133 0.0361 0.0317 0.9077 0.0693 0.8842 0.3241 0.4395 0.8430 0.7664 0.8147
134 0.0371 0.0341 0.9054 0.0727 0.8805 0.3286 0.4483 0.8276 0.7795 0.8000
135 0.0447 0.0395 0.8985 0.0857 0.8722 0.2134 0.4298 0.8516 0.6453 0.8214
136 0.0343 0.0322 0.9074 0.0680 0.8848 0.2913 0.4317 0.8444 0.7257 0.8179
137 0.0337 0.0303 0.9081 0.0655 0.8858 0.2888 0.4362 0.8431 0.7277 0.8169
138 0.0356 0.0326 0.9046 0.0697 0.8804 0.3242 0.4464 0.8333 0.7734 0.8075
139 0.0410 0.0355 0.9075 0.0780 0.8830 0.2818 0.4378 0.8412 0.7221 0.8138
140 0.0699 0.0609 0.8794 0.1321 0.8482 0.3301 0.4655 0.8168 0.7976 0.7853
141 0.0427 0.0377 0.8982 0.0819 0.8714 0.3124 0.4436 0.8384 0.7582 0.8103
142 0.0341 0.0322 0.9089 0.0679 0.8868 0.3199 0.4448 0.8407 0.7672 0.8131
143 0.0377 0.0335 0.9090 0.0728 0.8869 0.3292 0.4424 0.8395 0.7741 0.8121
144 0.0369 0.0327 0.9096 0.0712 0.8851 0.3356 0.4422 0.8397 0.7803 0.8145
145 0.0335 0.0303 0.9079 0.0653 0.8853 0.3778 0.4401 0.8373 0.8205 0.8140
146 0.0402 0.0337 0.9086 0.0754 0.8839 0.3697 0.4426 0.8323 0.8148 0.8094
147 0.0336 0.0300 0.9089 0.0652 0.8860 0.3767 0.4378 0.8387 0.8171 0.8129
148 0.0324 0.0299 0.9171 0.0639 0.8956 0.3928 0.4398 0.8335 0.8354 0.8092
149 0.0343 0.0304 0.9115 0.0662 0.8868 0.3988 0.4439 0.8302 0.8455 0.8061
150 0.0329 0.0297 0.9112 0.0642 0.8895 0.3470 0.4363 0.8444 0.7859 0.8183
151 0.0312 0.0286 0.9118 0.0614 0.8888 0.3668 0.4417 0.8369 0.8112 0.8122
152 0.0423 0.0367 0.9045 0.0805 0.8806 0.3072 0.4569 0.8299 0.7663 0.7985
153 0.0393 0.0362 0.9049 0.0771 0.8790 0.3317 0.4375 0.8417 0.7716 0.8126
154 0.0338 0.0306 0.9090 0.0660 0.8869 0.3682 0.4330 0.8431 0.8040 0.8161
155 0.0320 0.0294 0.9067 0.0630 0.8829 0.3417 0.4350 0.8402 0.7793 0.8116
156 0.0338 0.0299 0.9144 0.0654 0.8907 0.3455 0.4278 0.8442 0.7759 0.8182
157 0.0391 0.0330 0.9085 0.0737 0.8843 0.3983 0.4454 0.8237 0.8462 0.7936
158 0.0551 0.0463 0.8900 0.1028 0.8624 0.2761 0.4395 0.8281 0.7178 0.7960
159 0.0464 0.0409 0.9008 0.0888 0.8758 0.3017 0.4529 0.8427 0.7567 0.8184
160 0.0355 0.0326 0.9040 0.0696 0.8793 0.2678 0.4380 0.8495 0.7081 0.8241
161 0.0316 0.0288 0.9102 0.0619 0.8868 0.2766 0.4394 0.8466 0.7183 0.8212
162 0.0340 0.0307 0.9089 0.0663 0.8857 0.3319 0.4378 0.8439 0.7723 0.8200
163 0.0334 0.0307 0.9105 0.0657 0.8874 0.3384 0.4340 0.8441 0.7749 0.8206
164 0.0513 0.0448 0.8948 0.0975 0.8671 0.3099 0.4395 0.8376 0.7517 0.8079
165 0.0401 0.0379 0.9017 0.0795 0.8763 0.3720 0.4515 0.8371 0.8260 0.8100
166 0.0321 0.0298 0.9108 0.0635 0.8874 0.3552 0.4321 0.8423 0.7898 0.8137
167 0.0320 0.0293 0.9119 0.0628 0.8894 0.3583 0.4311 0.8456 0.7919 0.8181
168 0.0308 0.0285 0.9121 0.0609 0.8906 0.3706 0.4353 0.8392 0.8086 0.8127
169 0.0301 0.0277 0.9156 0.0594 0.8935 0.4096 0.4327 0.8413 0.8451 0.8156
170 0.0382 0.0341 0.9004 0.0738 0.8746 0.4090 0.4536 0.8185 0.8653 0.7931
171 0.0399 0.0371 0.9025 0.0785 0.8793 0.3494 0.4279 0.8423 0.7798 0.8153
172 0.0364 0.0331 0.9069 0.0711 0.8854 0.3164 0.4289 0.8470 0.7477 0.8206
173 0.0322 0.0300 0.9111 0.0639 0.8881 0.3145 0.4269 0.8482 0.7439 0.8218
174 0.0321 0.0290 0.9170 0.0628 0.8949 0.3220 0.4243 0.8546 0.7488 0.8287
175 0.0326 0.0284 0.9150 0.0627 0.8920 0.2679 0.4242 0.8560 0.6943 0.8259
176 0.0381 0.0337 0.9012 0.0734 0.8743 0.2806 0.4480 0.8387 0.7307 0.8114
177 0.0430 0.0379 0.8964 0.0824 0.8729 0.2634 0.4381 0.8442 0.7035 0.8140
178 0.0321 0.0308 0.9085 0.0644 0.8860 0.3235 0.4265 0.8468 0.7524 0.8202
179 0.0297 0.0278 0.9147 0.0592 0.8929 0.3266 0.4264 0.8461 0.7554 0.8205
180 0.0282 0.0264 0.9115 0.0563 0.8894 0.3446 0.4259 0.8506 0.7730 0.8248
181 0.0289 0.0264 0.9154 0.0570 0.8931 0.3618 0.4243 0.8476 0.7887 0.8225
182 0.0489 0.0413 0.8979 0.0917 0.8714 0.3449 0.4424 0.8294 0.7893 0.7965
183 0.0452 0.0405 0.8959 0.0871 0.8704 0.2661 0.4319 0.8477 0.7001 0.8200
184 0.0353 0.0311 0.9118 0.0681 0.8885 0.2629 0.4243 0.8471 0.6894 0.8196
185 0.0323 0.0297 0.9180 0.0636 0.8947 0.2681 0.4258 0.8480 0.6962 0.8220
186 0.0291 0.0277 0.9139 0.0584 0.8911 0.3161 0.4311 0.8439 0.7496 0.8173
187 0.0340 0.0305 0.9064 0.0662 0.8838 0.3165 0.4405 0.8435 0.7593 0.8177
188 0.0488 0.0408 0.8997 0.0911 0.8746 0.3070 0.4604 0.8257 0.7693 0.7961
189 0.0440 0.0381 0.9000 0.0837 0.8737 0.3429 0.4486 0.8376 0.7937 0.8124
190 0.0372 0.0330 0.9123 0.0718 0.8894 0.3800 0.4338 0.8393 0.8163 0.8112
191 0.0329 0.0309 0.9084 0.0656 0.8834 0.3634 0.4378 0.8396 0.8036 0.8122
192 0.0333 0.0308 0.9156 0.0657 0.8938 0.3088 0.4341 0.8523 0.7452 0.8270
193 0.0440 0.0369 0.9033 0.0825 0.8815 0.3615 0.4634 0.8158 0.8271 0.7836
194 0.0500 0.0443 0.8964 0.0959 0.8706 0.3159 0.4835 0.7980 0.8011 0.7656
195 0.0521 0.0439 0.8961 0.0976 0.8698 0.3043 0.4520 0.8350 0.7584 0.8060
196 0.0382 0.0349 0.9070 0.0748 0.8833 0.3317 0.4494 0.8383 0.7835 0.8145
197 0.0307 0.0296 0.9115 0.0620 0.8894 0.3348 0.4480 0.8372 0.7851 0.8119
198 0.0327 0.0302 0.9100 0.0646 0.8874 0.3294 0.4445 0.8396 0.7762 0.8129
199 0.0300 0.0272 0.9162 0.0589 0.8942 0.3425 0.4437 0.8426 0.7885 0.8187
