epoch train_BCELoss train_SoftDiceLoss train_iou train_loss train_mAP val_BCELoss val_SoftDiceLoss val_iou val_loss val_mAP
0 0.5047 0.5357 0.4341 1.0394 0.3397 0.4067 0.4579 0.6269 0.8640 0.5513
1 0.3159 0.3742 0.6958 0.6896 0.6251 0.2764 0.3263 0.7300 0.6025 0.6738
2 0.2534 0.3134 0.7401 0.5667 0.6814 0.2661 0.3242 0.7132 0.5902 0.6643
3 0.2188 0.2794 0.7625 0.4982 0.7073 0.2615 0.2726 0.7368 0.5341 0.6741
4 0.1892 0.2491 0.7843 0.4383 0.7329 0.2197 0.2775 0.7576 0.4973 0.7133
5 0.1723 0.2269 0.7913 0.3994 0.7397 0.2570 0.2532 0.7557 0.5104 0.7038
6 0.1596 0.2117 0.8058 0.3715 0.7568 0.1944 0.2229 0.7732 0.4176 0.7271
7 0.1419 0.1898 0.8190 0.3319 0.7750 0.1775 0.2048 0.7860 0.3826 0.7454
8 0.1294 0.1746 0.8245 0.3044 0.7813 0.1925 0.2125 0.7675 0.4054 0.7227
9 0.1226 0.1626 0.8323 0.2857 0.7906 0.1879 0.2053 0.7740 0.3937 0.7307
10 0.1109 0.1501 0.8389 0.2615 0.7982 0.1732 0.1794 0.7899 0.3531 0.7533
11 0.0999 0.1335 0.8459 0.2340 0.8089 0.1693 0.1751 0.7797 0.3450 0.7340
12 0.1027 0.1315 0.8438 0.2348 0.8050 0.1823 0.1680 0.7722 0.3509 0.7316
13 0.0960 0.1240 0.8451 0.2205 0.8061 0.1630 0.1562 0.7919 0.3197 0.7540
14 0.0904 0.1161 0.8491 0.2072 0.8139 0.1750 0.1627 0.7932 0.3385 0.7538
15 0.0799 0.1056 0.8628 0.1862 0.8278 0.1607 0.1518 0.8014 0.3134 0.7669
16 0.0738 0.1002 0.8699 0.1748 0.8364 0.1493 0.1443 0.8100 0.2946 0.7728
17 0.0711 0.0976 0.8706 0.1696 0.8370 0.1504 0.1464 0.8118 0.2976 0.7756
18 0.0689 0.0956 0.8752 0.1654 0.8445 0.1491 0.1440 0.8123 0.2939 0.7785
19 0.0695 0.0966 0.8661 0.1670 0.8335 0.1493 0.1423 0.8090 0.2925 0.7703
20 0.0693 0.0949 0.8733 0.1650 0.8445 0.1479 0.1407 0.8160 0.2894 0.7776
21 0.0656 0.0923 0.8730 0.1588 0.8417 0.1492 0.1416 0.8139 0.2917 0.7747
22 0.0659 0.0919 0.8795 0.1587 0.8505 0.1481 0.1402 0.8146 0.2892 0.7770
23 0.0655 0.0926 0.8760 0.1590 0.8468 0.1460 0.1377 0.8155 0.2845 0.7782
24 0.0629 0.0884 0.8808 0.1523 0.8533 0.1468 0.1379 0.8167 0.2855 0.7801
25 0.0620 0.0864 0.8871 0.1494 0.8592 0.1461 0.1364 0.8147 0.2834 0.7775
26 0.0615 0.0869 0.8886 0.1494 0.8592 0.1467 0.1369 0.8087 0.2844 0.7700
27 0.0617 0.0861 0.8862 0.1488 0.8578 0.1463 0.1360 0.8143 0.2832 0.7760
28 0.0603 0.0864 0.8827 0.1477 0.8545 0.1466 0.1365 0.8154 0.2839 0.7780
29 0.0635 0.0897 0.8799 0.1542 0.8508 0.1465 0.1367 0.8163 0.2841 0.7791
30 0.0757 0.0947 0.8656 0.1713 0.8332 0.2237 0.1799 0.7642 0.4043 0.7177
31 0.0919 0.1068 0.8341 0.1994 0.7941 0.2126 0.1737 0.7666 0.3871 0.7280
32 0.0827 0.0964 0.8437 0.1799 0.8066 0.1739 0.1446 0.7925 0.3193 0.7559
33 0.0772 0.0890 0.8486 0.1672 0.8140 0.1605 0.1306 0.8020 0.2919 0.7701
34 0.0904 0.0958 0.8432 0.1871 0.8064 0.1883 0.1433 0.7858 0.3326 0.7496
35 0.0814 0.0907 0.8477 0.1730 0.8101 0.1625 0.1284 0.7967 0.2918 0.7575
36 0.0866 0.0878 0.7869 0.1753 0.7604 0.1588 0.1316 0.8006 0.2914 0.7584
37 0.0866 0.0873 0.7906 0.1749 0.7637 0.1448 0.1161 0.7983 0.2619 0.7596
38 0.0651 0.0708 0.8020 0.1370 0.7774 0.1425 0.1132 0.8148 0.2568 0.7754
39 0.0596 0.0664 0.8071 0.1272 0.7830 0.1413 0.1114 0.8137 0.2537 0.7751
40 0.0588 0.0646 0.8116 0.1246 0.7900 0.1434 0.1105 0.8169 0.2550 0.7789
41 0.0560 0.0619 0.8129 0.1191 0.7902 0.1434 0.1097 0.8147 0.2541 0.7770
42 0.0556 0.0617 0.8113 0.1185 0.7891 0.1431 0.1080 0.8146 0.2521 0.7779
43 0.0528 0.0591 0.8173 0.1131 0.7956 0.1449 0.1083 0.8168 0.2543 0.7776
44 0.0527 0.0586 0.8156 0.1126 0.7937 0.1493 0.1094 0.8160 0.2598 0.7790
45 0.0520 0.0582 0.8146 0.1115 0.7932 0.1498 0.1080 0.8186 0.2587 0.7811
46 0.0512 0.0568 0.8173 0.1093 0.7973 0.1495 0.1076 0.8185 0.2581 0.7807
47 0.0498 0.0557 0.8163 0.1067 0.7956 0.1526 0.1098 0.8145 0.2633 0.7768
48 0.0510 0.0574 0.8120 0.1097 0.7916 0.1506 0.1086 0.8178 0.2602 0.7808
49 0.0493 0.0560 0.8197 0.1065 0.7974 0.1500 0.1078 0.8173 0.2589 0.7800
50 0.0494 0.0550 0.8211 0.1057 0.8002 0.1482 0.1069 0.8189 0.2562 0.7818
51 0.0498 0.0553 0.8196 0.1065 0.7979 0.1496 0.1077 0.8141 0.2583 0.7758
52 0.0511 0.0571 0.8166 0.1094 0.7955 0.1509 0.1091 0.8160 0.2610 0.7776
53 0.0524 0.0592 0.8121 0.1129 0.7901 0.1503 0.1074 0.8158 0.2587 0.7797
54 0.0592 0.0612 0.8057 0.1215 0.7808 0.1759 0.1140 0.7841 0.2908 0.7426
55 0.0779 0.0748 0.7846 0.1538 0.7580 0.1738 0.1209 0.7990 0.2958 0.7629
56 0.0691 0.0662 0.7984 0.1364 0.7735 0.1496 0.1043 0.8093 0.2550 0.7756
57 0.0636 0.0619 0.8013 0.1266 0.7759 0.1914 0.1168 0.8062 0.3091 0.7652
58 0.0676 0.0630 0.7984 0.1317 0.7720 0.2004 0.1241 0.8018 0.3256 0.7642
59 0.0691 0.0615 0.8004 0.1317 0.7759 0.2136 0.1392 0.7896 0.3538 0.7464
60 0.0680 0.0638 0.8030 0.1330 0.7785 0.1732 0.1087 0.8053 0.2831 0.7720
61 0.0545 0.0508 0.8110 0.1066 0.7892 0.1996 0.1187 0.8057 0.3195 0.7709
62 0.0564 0.0541 0.8132 0.1118 0.7909 0.1565 0.1028 0.8189 0.2606 0.7872
63 0.0415 0.0436 0.8237 0.0865 0.8025 0.1580 0.1008 0.8254 0.2601 0.7948
64 0.0447 0.0436 0.8227 0.0897 0.8015 0.1556 0.1007 0.8245 0.2576 0.7929
65 0.0417 0.0417 0.8262 0.0849 0.8059 0.1580 0.1000 0.8254 0.2593 0.7937
66 0.0389 0.0400 0.8274 0.0805 0.8079 0.1525 0.0976 0.8271 0.2514 0.7954
67 0.0361 0.0377 0.8292 0.0753 0.8097 0.1562 0.0982 0.8256 0.2556 0.7936
68 0.0398 0.0401 0.8272 0.0813 0.8062 0.1568 0.0988 0.8267 0.2568 0.7922
69 0.0370 0.0382 0.8292 0.0768 0.8091 0.1540 0.0973 0.8254 0.2525 0.7930
70 0.0373 0.0374 0.8338 0.0762 0.8156 0.1573 0.0974 0.8250 0.2560 0.7939
71 0.0349 0.0361 0.8320 0.0726 0.8133 0.1579 0.0968 0.8262 0.2559 0.7950
72 0.0342 0.0362 0.8321 0.0719 0.8133 0.1543 0.0969 0.8251 0.2525 0.7920
73 0.0373 0.0368 0.8320 0.0756 0.8136 0.1560 0.0964 0.8255 0.2536 0.7934
74 0.0356 0.0370 0.8313 0.0741 0.8120 0.1546 0.0974 0.8254 0.2533 0.7914
