epoch train_BCELoss train_SoftDiceLoss train_iou train_loss train_mAP val_BCELoss val_SoftDiceLoss val_iou val_loss val_mAP
0 0.6040 0.7023 0.4378 1.3056 0.4378 0.6495 0.7494 0.3594 1.3987 0.3594
1 0.5524 0.6523 0.4336 1.2036 0.4328 0.5029 0.7076 0.3543 1.2091 0.3504
2 0.3809 0.4758 0.6235 0.8520 0.5511 0.3029 0.6234 0.6524 0.9225 0.5919
3 0.2828 0.3595 0.6911 0.6376 0.6278 0.2753 0.5763 0.7012 0.8493 0.6384
4 0.2366 0.3011 0.7353 0.5346 0.6800 0.2664 0.5586 0.7470 0.8236 0.6900
5 0.2341 0.2848 0.7325 0.5168 0.6803 0.3124 0.5864 0.6666 0.8980 0.5930
6 0.2055 0.2531 0.7538 0.4569 0.7004 0.2846 0.5740 0.7182 0.8580 0.6521
7 0.1904 0.2319 0.7785 0.4208 0.7320 0.2349 0.5299 0.7546 0.7642 0.7065
8 0.1757 0.2148 0.7857 0.3892 0.7402 0.1853 0.5193 0.7963 0.7040 0.7574
9 0.1596 0.1971 0.7943 0.3554 0.7519 0.1928 0.5192 0.7966 0.7116 0.7604
10 0.1553 0.1940 0.8024 0.3480 0.7585 0.1875 0.5161 0.8004 0.7030 0.7637
11 0.1588 0.1934 0.7997 0.3510 0.7568 0.1932 0.5153 0.7975 0.7081 0.7592
12 0.1637 0.1958 0.8035 0.3584 0.7601 0.1765 0.5072 0.8001 0.6833 0.7542
13 0.1552 0.1838 0.8076 0.3379 0.7656 0.2174 0.5155 0.7939 0.7327 0.7573
14 0.1653 0.1898 0.7896 0.3542 0.7447 0.1980 0.5087 0.7679 0.7065 0.7180
15 0.1639 0.1833 0.7875 0.3464 0.7436 0.1993 0.4952 0.8040 0.6943 0.7575
16 0.1494 0.1673 0.7995 0.3161 0.7587 0.1977 0.5151 0.7823 0.7129 0.7449
17 0.1500 0.1655 0.8021 0.3150 0.7645 0.1770 0.4971 0.8085 0.6740 0.7681
18 0.1260 0.1458 0.8286 0.2713 0.7921 0.1686 0.4897 0.8235 0.6584 0.7898
19 0.1182 0.1318 0.8328 0.2496 0.7952 0.1778 0.4877 0.8163 0.6656 0.7839
20 0.1069 0.1256 0.8398 0.2320 0.8008 0.1680 0.4845 0.8249 0.6525 0.7885
21 0.1104 0.1275 0.8299 0.2375 0.7948 0.1629 0.4831 0.8337 0.6461 0.7994
22 0.1148 0.1287 0.8390 0.2432 0.8031 0.1770 0.4849 0.8210 0.6620 0.7864
23 0.1230 0.1312 0.8308 0.2539 0.7923 0.1862 0.4835 0.8120 0.6698 0.7701
24 0.1283 0.1381 0.8096 0.2660 0.7728 0.2121 0.4976 0.8109 0.7099 0.7748
25 0.1279 0.1305 0.8196 0.2583 0.7825 0.2010 0.4823 0.7955 0.6838 0.7576
26 0.1267 0.1333 0.8167 0.2599 0.7784 0.1881 0.4841 0.8122 0.6728 0.7789
27 0.1120 0.1164 0.8353 0.2283 0.7977 0.1975 0.4758 0.8220 0.6738 0.7844
28 0.1001 0.1079 0.8439 0.2080 0.8081 0.1968 0.4774 0.8232 0.6748 0.7937
29 0.0949 0.0990 0.8548 0.1939 0.8183 0.1956 0.4755 0.8258 0.6716 0.7941
30 0.0822 0.0911 0.8610 0.1734 0.8275 0.1783 0.4712 0.8309 0.6500 0.7993
31 0.0806 0.0890 0.8634 0.1697 0.8308 0.1857 0.4721 0.8345 0.6583 0.8019
32 0.0982 0.1044 0.8468 0.2026 0.8110 0.1893 0.4770 0.7988 0.6667 0.7571
33 0.0975 0.1000 0.8472 0.1975 0.8122 0.1930 0.4719 0.8163 0.6655 0.7829
34 0.1024 0.1007 0.8442 0.2033 0.8108 0.1905 0.4738 0.8008 0.6647 0.7602
35 0.1244 0.1205 0.8208 0.2451 0.7819 0.2745 0.4923 0.7890 0.7680 0.7546
36 0.1223 0.1156 0.8295 0.2381 0.7906 0.2598 0.4927 0.7676 0.7535 0.7261
37 0.0954 0.1001 0.8424 0.1957 0.8079 0.1762 0.4656 0.8297 0.6425 0.7943
38 0.0874 0.0897 0.8522 0.1774 0.8174 0.2036 0.4785 0.8169 0.6828 0.7840
39 0.0824 0.0876 0.8593 0.1702 0.8264 0.2000 0.4645 0.8328 0.6653 0.8035
40 0.0751 0.0787 0.8653 0.1541 0.8341 0.1948 0.4645 0.8280 0.6602 0.7987
41 0.0785 0.0807 0.8673 0.1596 0.8347 0.1890 0.4664 0.8309 0.6563 0.7999
42 0.0746 0.0775 0.8648 0.1524 0.8323 0.1984 0.4648 0.8285 0.6640 0.7988
43 0.0854 0.0816 0.8631 0.1674 0.8296 0.2038 0.4606 0.8305 0.6652 0.7985
44 0.0911 0.0871 0.8554 0.1786 0.8234 0.2071 0.4786 0.8153 0.6864 0.7753
45 0.1100 0.1038 0.8360 0.2141 0.7994 0.2430 0.4654 0.8230 0.7095 0.7898
46 0.1177 0.1052 0.8387 0.2233 0.8033 0.2078 0.4673 0.8270 0.6759 0.7917
47 0.0880 0.0848 0.8534 0.1732 0.8223 0.2002 0.4559 0.8355 0.6570 0.8002
48 0.0787 0.0795 0.8564 0.1588 0.8245 0.1969 0.4503 0.8407 0.6481 0.8086
49 0.0680 0.0688 0.8680 0.1374 0.8384 0.1733 0.4504 0.8461 0.6247 0.8144
50 0.0614 0.0644 0.8778 0.1264 0.8475 0.1732 0.4508 0.8429 0.6250 0.8108
51 0.0634 0.0650 0.8752 0.1290 0.8459 0.1874 0.4478 0.8397 0.6362 0.8070
52 0.0643 0.0644 0.8772 0.1292 0.8465 0.2024 0.4483 0.8418 0.6517 0.8076
53 0.0765 0.0739 0.8639 0.1510 0.8325 0.1991 0.4693 0.8255 0.6692 0.7929
54 0.0840 0.0762 0.8584 0.1608 0.8238 0.1911 0.4599 0.8434 0.6520 0.8143
55 0.1126 0.0994 0.8404 0.2126 0.8034 0.2133 0.4583 0.8144 0.6728 0.7808
56 0.0979 0.0904 0.8476 0.1889 0.8123 0.2151 0.4554 0.8263 0.6717 0.7958
57 0.0794 0.0761 0.8545 0.1562 0.8223 0.1952 0.4540 0.8243 0.6503 0.7890
58 0.0703 0.0654 0.8688 0.1364 0.8383 0.1823 0.4533 0.8366 0.6366 0.8013
59 0.0668 0.0642 0.8760 0.1318 0.8446 0.1870 0.4554 0.8365 0.6435 0.8055
60 0.0605 0.0603 0.8746 0.1215 0.8430 0.1830 0.4550 0.8352 0.6391 0.8033
61 0.0631 0.0598 0.8796 0.1237 0.8510 0.1861 0.4476 0.8370 0.6348 0.8052
62 0.0577 0.0550 0.8781 0.1133 0.8502 0.1954 0.4520 0.8351 0.6485 0.8033
63 0.0634 0.0616 0.8736 0.1258 0.8413 0.2090 0.4678 0.8124 0.6780 0.7802
64 0.0793 0.0728 0.8660 0.1527 0.8323 0.1882 0.4574 0.8385 0.6467 0.8071
65 0.0870 0.0811 0.8500 0.1688 0.8147 0.1867 0.4711 0.8082 0.6589 0.7773
66 0.0964 0.0844 0.8500 0.1816 0.8161 0.1996 0.4509 0.8191 0.6517 0.7834
67 0.0703 0.0688 0.8689 0.1399 0.8359 0.2327 0.4339 0.8354 0.6679 0.8029
68 0.0661 0.0607 0.8706 0.1277 0.8386 0.2027 0.4433 0.8424 0.6472 0.8113
69 0.0594 0.0573 0.8820 0.1174 0.8515 0.1973 0.4466 0.8438 0.6452 0.8144
70 0.0558 0.0545 0.8804 0.1112 0.8533 0.2010 0.4478 0.8446 0.6501 0.8150
71 0.0559 0.0535 0.8820 0.1103 0.8529 0.2253 0.4489 0.8361 0.6756 0.8048
72 0.0570 0.0557 0.8834 0.1136 0.8523 0.2199 0.4495 0.8353 0.6707 0.8023
73 0.0595 0.0544 0.8800 0.1148 0.8481 0.2076 0.4536 0.8359 0.6624 0.8028
74 0.0768 0.0670 0.8636 0.1446 0.8311 0.2973 0.4660 0.7817 0.7647 0.7400
75 0.0905 0.0833 0.8546 0.1746 0.8203 0.2567 0.4474 0.8273 0.7056 0.7933
76 0.0713 0.0655 0.8684 0.1377 0.8374 0.2511 0.4496 0.8261 0.7021 0.7940
77 0.0664 0.0599 0.8743 0.1272 0.8421 0.2639 0.4421 0.8274 0.7073 0.7956
78 0.0558 0.0514 0.8869 0.1080 0.8588 0.2338 0.4394 0.8319 0.6746 0.7973
79 0.0524 0.0501 0.8828 0.1034 0.8555 0.2510 0.4346 0.8419 0.6871 0.8086
80 0.0496 0.0465 0.8908 0.0970 0.8631 0.2436 0.4334 0.8382 0.6784 0.8049
81 0.0526 0.0497 0.8873 0.1033 0.8593 0.2176 0.4338 0.8425 0.6528 0.8114
82 0.0512 0.0456 0.8907 0.0978 0.8631 0.2486 0.4328 0.8343 0.6828 0.7999
83 0.0484 0.0449 0.8871 0.0943 0.8583 0.2596 0.4355 0.8380 0.6967 0.8055
84 0.0626 0.0577 0.8775 0.1213 0.8460 0.2750 0.4537 0.8252 0.7305 0.7877
85 0.0755 0.0652 0.8689 0.1416 0.8366 0.2382 0.4463 0.8261 0.6859 0.7973
86 0.0723 0.0644 0.8747 0.1378 0.8425 0.2073 0.4511 0.8339 0.6599 0.7974
87 0.0582 0.0540 0.8821 0.1131 0.8516 0.2222 0.4425 0.8306 0.6662 0.7999
88 0.0555 0.0497 0.8747 0.1062 0.8464 0.2290 0.4488 0.8376 0.6793 0.8065
89 0.0499 0.0476 0.8885 0.0986 0.8606 0.2552 0.4355 0.8362 0.6923 0.8052
90 0.0445 0.0420 0.8918 0.0876 0.8644 0.2386 0.4358 0.8377 0.6759 0.8007
91 0.0473 0.0447 0.8917 0.0931 0.8640 0.2707 0.4338 0.8331 0.7061 0.7972
92 0.0505 0.0474 0.8831 0.0989 0.8536 0.2634 0.4407 0.8314 0.7057 0.7984
93 0.0488 0.0456 0.8894 0.0954 0.8610 0.2551 0.4470 0.8154 0.7036 0.7796
94 0.0678 0.0584 0.8714 0.1272 0.8386 0.2983 0.4573 0.8109 0.7571 0.7741
95 0.0719 0.0630 0.8650 0.1359 0.8326 0.2268 0.4379 0.8301 0.6661 0.8008
96 0.0998 0.0809 0.8522 0.1818 0.8187 0.2081 0.4680 0.8153 0.6774 0.7839
97 0.0800 0.0714 0.8650 0.1525 0.8328 0.2491 0.4557 0.8334 0.7064 0.8007
98 0.0608 0.0562 0.8757 0.1181 0.8449 0.2760 0.4548 0.8215 0.7325 0.7930
99 0.0496 0.0474 0.8857 0.0982 0.8560 0.2547 0.4521 0.8303 0.7084 0.7974
