epoch train_BCELoss train_SoftDiceLoss train_iou train_loss train_mAP val_BCELoss val_SoftDiceLoss val_iou val_loss val_mAP
0 0.4191 0.4653 0.6186 0.8805 0.5604 0.3249 0.5894 0.7040 0.9123 0.6547
1 0.2810 0.3337 0.7455 0.6124 0.6934 0.3048 0.5696 0.7201 0.8735 0.6681
2 0.2407 0.2955 0.7733 0.5345 0.7271 0.2484 0.5535 0.7618 0.8010 0.7175
3 0.2147 0.2707 0.7897 0.4840 0.7477 0.2262 0.5432 0.7828 0.7687 0.7443
4 0.2004 0.2596 0.8015 0.4586 0.7599 0.2219 0.5347 0.7951 0.7561 0.7509
5 0.1930 0.2496 0.8131 0.4413 0.7703 0.2205 0.5365 0.7930 0.7564 0.7517
6 0.1895 0.2467 0.8091 0.4349 0.7701 0.2237 0.5358 0.7934 0.7589 0.7549
7 0.1889 0.2415 0.8076 0.4291 0.7680 0.2160 0.5262 0.8088 0.7417 0.7709
8 0.1816 0.2289 0.8122 0.4093 0.7741 0.2920 0.5418 0.7694 0.8335 0.7227
9 0.1759 0.2228 0.8119 0.3977 0.7734 0.2159 0.5319 0.7815 0.7474 0.7424
10 0.1711 0.2111 0.8049 0.3813 0.7636 0.2258 0.5129 0.7835 0.7385 0.7433
11 0.1647 0.1980 0.8132 0.3619 0.7743 0.2237 0.5229 0.7876 0.7464 0.7526
12 0.1371 0.1725 0.8313 0.3087 0.7970 0.1983 0.5069 0.8103 0.7051 0.7719
13 0.1291 0.1622 0.8415 0.2905 0.8062 0.2103 0.5067 0.8107 0.7170 0.7791
14 0.1187 0.1519 0.8474 0.2699 0.8154 0.1884 0.4959 0.8232 0.6842 0.7905
15 0.1149 0.1481 0.8522 0.2622 0.8197 0.1913 0.4959 0.8208 0.6871 0.7888
16 0.1154 0.1466 0.8555 0.2613 0.8235 0.1943 0.4971 0.8251 0.6913 0.7943
17 0.1185 0.1475 0.8554 0.2653 0.8236 0.1841 0.4918 0.8203 0.6759 0.7860
18 0.1149 0.1403 0.8492 0.2545 0.8161 0.1876 0.4896 0.8170 0.6773 0.7799
19 0.1226 0.1476 0.8407 0.2696 0.8053 0.2316 0.4997 0.7856 0.7315 0.7449
20 0.1184 0.1355 0.8446 0.2534 0.8110 0.2264 0.5092 0.7936 0.7361 0.7586
21 0.1120 0.1293 0.8407 0.2408 0.8050 0.2194 0.4819 0.8211 0.7016 0.7842
22 0.1057 0.1204 0.8507 0.2258 0.8186 0.2221 0.4848 0.8158 0.7073 0.7788
23 0.0925 0.1076 0.8583 0.1998 0.8275 0.1924 0.4718 0.8359 0.6645 0.8039
24 0.0854 0.1011 0.8687 0.1861 0.8398 0.1872 0.4729 0.8431 0.6605 0.8140
25 0.0772 0.0946 0.8749 0.1714 0.8472 0.1873 0.4733 0.8413 0.6611 0.8128
26 0.0778 0.0917 0.8743 0.1691 0.8467 0.1975 0.4722 0.8372 0.6702 0.8097
27 0.0795 0.0922 0.8726 0.1713 0.8422 0.2134 0.4819 0.8308 0.6959 0.7963
28 0.0844 0.0969 0.8641 0.1810 0.8339 0.2185 0.4799 0.8258 0.6990 0.7978
29 0.0955 0.1007 0.8606 0.1960 0.8297 0.2580 0.4838 0.7995 0.7427 0.7600
30 0.1176 0.1135 0.8445 0.2311 0.8095 0.2141 0.4850 0.8114 0.6999 0.7724
31 0.1017 0.1025 0.8525 0.2042 0.8203 0.2517 0.5069 0.7760 0.7596 0.7507
32 0.0856 0.0887 0.8644 0.1743 0.8345 0.2183 0.4777 0.8215 0.6968 0.7897
33 0.0812 0.0841 0.8703 0.1654 0.8419 0.1898 0.4632 0.8384 0.6538 0.8077
34 0.0745 0.0808 0.8752 0.1554 0.8465 0.1768 0.4578 0.8445 0.6354 0.8154
35 0.0696 0.0772 0.8807 0.1468 0.8549 0.1833 0.4588 0.8423 0.6430 0.8123
36 0.0712 0.0767 0.8793 0.1478 0.8533 0.1880 0.4546 0.8456 0.6436 0.8176
37 0.0689 0.0740 0.8812 0.1429 0.8526 0.2338 0.4703 0.8278 0.7052 0.7975
38 0.0734 0.0775 0.8738 0.1510 0.8442 0.2062 0.4683 0.8341 0.6756 0.8071
39 0.0848 0.0828 0.8694 0.1678 0.8393 0.2267 0.4821 0.8293 0.7097 0.7989
40 0.1015 0.0967 0.8505 0.1985 0.8176 0.2986 0.4965 0.7863 0.7965 0.7519
41 0.0930 0.0874 0.8565 0.1808 0.8247 0.3111 0.4693 0.7993 0.7822 0.7603
42 0.0743 0.0731 0.8769 0.1478 0.8481 0.1920 0.4477 0.8412 0.6409 0.8122
43 0.0653 0.0670 0.8772 0.1328 0.8494 0.1943 0.4519 0.8393 0.6473 0.8092
44 0.0662 0.0659 0.8854 0.1325 0.8581 0.2083 0.4480 0.8391 0.6576 0.8093
45 0.0575 0.0605 0.8878 0.1184 0.8612 0.2098 0.4505 0.8398 0.6616 0.8108
46 0.0578 0.0597 0.8870 0.1179 0.8590 0.2068 0.4389 0.8462 0.6471 0.8177
47 0.0590 0.0601 0.8840 0.1196 0.8582 0.2019 0.4454 0.8478 0.6487 0.8208
48 0.0679 0.0676 0.8744 0.1359 0.8468 0.1766 0.4413 0.8509 0.6191 0.8200
49 0.0736 0.0707 0.8738 0.1449 0.8450 0.2592 0.4603 0.8313 0.7213 0.8007
50 0.0879 0.0807 0.8607 0.1693 0.8300 0.3075 0.4671 0.8117 0.7767 0.7772
51 0.0791 0.0739 0.8725 0.1538 0.8447 0.1909 0.4563 0.8424 0.6486 0.8080
52 0.0666 0.0654 0.8763 0.1327 0.8487 0.2041 0.4556 0.8388 0.6612 0.8068
53 0.0613 0.0570 0.8888 0.1191 0.8616 0.1979 0.4425 0.8469 0.6420 0.8145
54 0.0524 0.0532 0.8897 0.1064 0.8634 0.2197 0.4403 0.8481 0.6617 0.8195
55 0.0551 0.0528 0.8888 0.1088 0.8632 0.2159 0.4393 0.8492 0.6569 0.8198
56 0.0543 0.0528 0.8935 0.1079 0.8680 0.1949 0.4372 0.8493 0.6336 0.8184
57 0.0538 0.0526 0.8907 0.1072 0.8654 0.2022 0.4394 0.8491 0.6432 0.8205
58 0.0539 0.0516 0.8947 0.1064 0.8680 0.2334 0.4397 0.8437 0.6752 0.8095
59 0.0633 0.0602 0.8843 0.1244 0.8557 0.2600 0.4571 0.8288 0.7193 0.7982
60 0.0639 0.0584 0.8805 0.1233 0.8521 0.2528 0.4515 0.8348 0.7063 0.8021
61 0.0832 0.0727 0.8707 0.1568 0.8411 0.2093 0.4533 0.8273 0.6643 0.7921
62 0.0682 0.0611 0.8757 0.1304 0.8473 0.1806 0.4345 0.8439 0.6167 0.8115
63 0.0607 0.0572 0.8831 0.1189 0.8579 0.2017 0.4443 0.8413 0.6477 0.8125
64 0.0509 0.0506 0.8903 0.1025 0.8632 0.1907 0.4384 0.8516 0.6309 0.8212
65 0.0494 0.0479 0.8895 0.0984 0.8647 0.1807 0.4377 0.8536 0.6202 0.8228
66 0.0464 0.0460 0.8988 0.0934 0.8744 0.2130 0.4330 0.8458 0.6480 0.8163
67 0.0503 0.0479 0.8904 0.0992 0.8655 0.2198 0.4312 0.8454 0.6530 0.8157
68 0.0498 0.0455 0.8953 0.0964 0.8697 0.2266 0.4358 0.8504 0.6646 0.8179
69 0.0567 0.0532 0.8857 0.1110 0.8588 0.1916 0.4382 0.8253 0.6315 0.7874
70 0.0697 0.0631 0.8707 0.1338 0.8409 0.2247 0.4566 0.8367 0.6830 0.8097
71 0.0688 0.0618 0.8811 0.1317 0.8545 0.1951 0.4357 0.8513 0.6326 0.8218
72 0.0549 0.0506 0.8874 0.1067 0.8600 0.2395 0.4322 0.8498 0.6738 0.8248
73 0.0546 0.0490 0.8850 0.1048 0.8572 0.2009 0.4410 0.8520 0.6439 0.8266
74 0.0482 0.0444 0.8992 0.0938 0.8732 0.2210 0.4274 0.8560 0.6505 0.8301
75 0.0425 0.0403 0.8991 0.0840 0.8750 0.2173 0.4259 0.8549 0.6453 0.8273
76 0.0451 0.0427 0.8961 0.0890 0.8717 0.2178 0.4270 0.8535 0.6468 0.8270
77 0.0496 0.0446 0.8871 0.0955 0.8626 0.2195 0.4233 0.8569 0.6449 0.8280
78 0.0490 0.0444 0.8983 0.0947 0.8739 0.2380 0.4282 0.8473 0.6685 0.8201
79 0.0524 0.0468 0.8917 0.1005 0.8660 0.1870 0.4348 0.8575 0.6237 0.8298
80 0.0687 0.0624 0.8762 0.1322 0.8488 0.2236 0.4629 0.8231 0.6882 0.7965
81 0.0631 0.0557 0.8820 0.1201 0.8549 0.2520 0.4326 0.8395 0.6866 0.8089
82 0.0537 0.0497 0.8946 0.1048 0.8693 0.2316 0.4334 0.8471 0.6670 0.8202
83 0.0470 0.0432 0.8964 0.0915 0.8724 0.2143 0.4253 0.8547 0.6418 0.8271
84 0.0411 0.0401 0.9037 0.0826 0.8781 0.2228 0.4236 0.8597 0.6486 0.8324
85 0.0403 0.0404 0.9008 0.0820 0.8786 0.2230 0.4239 0.8595 0.6491 0.8321
86 0.0390 0.0374 0.9048 0.0778 0.8816 0.2177 0.4207 0.8609 0.6406 0.8366
87 0.0418 0.0384 0.9048 0.0816 0.8815 0.2352 0.4297 0.8568 0.6672 0.8325
88 0.0469 0.0423 0.8945 0.0905 0.8699 0.2365 0.4220 0.8505 0.6608 0.8208
89 0.0474 0.0441 0.8925 0.0929 0.8675 0.2545 0.4459 0.8382 0.7028 0.8065
90 0.0574 0.0495 0.8894 0.1082 0.8621 0.2113 0.4526 0.8374 0.6656 0.8066
91 0.0574 0.0505 0.8852 0.1093 0.8596 0.2378 0.4451 0.8470 0.6848 0.8219
92 0.0550 0.0491 0.8894 0.1054 0.8636 0.2171 0.4448 0.8402 0.6639 0.8085
93 0.0462 0.0417 0.8987 0.0894 0.8732 0.2506 0.4345 0.8575 0.6874 0.8307
94 0.0428 0.0388 0.9007 0.0830 0.8774 0.2253 0.4250 0.8572 0.6526 0.8298
95 0.0384 0.0368 0.9039 0.0767 0.8811 0.2323 0.4233 0.8606 0.6579 0.8342
96 0.0385 0.0359 0.9085 0.0758 0.8849 0.2425 0.4238 0.8626 0.6686 0.8376
97 0.0394 0.0361 0.9070 0.0769 0.8834 0.2249 0.4211 0.8572 0.6483 0.8305
98 0.0467 0.0418 0.8992 0.0899 0.8726 0.2262 0.4237 0.8586 0.6521 0.8331
99 0.0521 0.0457 0.8937 0.0993 0.8674 0.2620 0.4326 0.8473 0.6967 0.8170
100 0.0575 0.0504 0.8910 0.1092 0.8638 0.2615 0.4367 0.8333 0.7002 0.8028
101 0.0701 0.0613 0.8769 0.1327 0.8481 0.2529 0.4500 0.8127 0.7050 0.7778
102 0.0513 0.0464 0.8957 0.0991 0.8704 0.3844 0.4492 0.8229 0.8361 0.7971
103 0.0463 0.0422 0.8956 0.0900 0.8704 0.2507 0.4380 0.8501 0.6909 0.8240
104 0.0404 0.0382 0.9002 0.0801 0.8765 0.2427 0.4256 0.8533 0.6705 0.8237
105 0.0396 0.0379 0.9016 0.0789 0.8774 0.2347 0.4299 0.8549 0.6668 0.8247
106 0.0386 0.0360 0.9070 0.0761 0.8830 0.2279 0.4337 0.8600 0.6638 0.8315
107 0.0379 0.0345 0.9039 0.0739 0.8813 0.3007 0.4410 0.8457 0.7441 0.8208
108 0.0439 0.0394 0.9019 0.0849 0.8775 0.2892 0.4449 0.8409 0.7364 0.8146
109 0.0498 0.0440 0.8964 0.0953 0.8700 0.2454 0.4268 0.8409 0.6744 0.8065
110 0.0547 0.0483 0.8886 0.1045 0.8635 0.2178 0.4361 0.8378 0.6559 0.8066
111 0.0604 0.0520 0.8829 0.1138 0.8559 0.2258 0.4200 0.8520 0.6477 0.8237
112 0.0496 0.0449 0.8971 0.0960 0.8707 0.2651 0.4317 0.8484 0.6990 0.8223
113 0.0403 0.0376 0.8986 0.0795 0.8753 0.2478 0.4276 0.8518 0.6776 0.8215
114 0.0364 0.0341 0.9042 0.0720 0.8824 0.2351 0.4229 0.8551 0.6603 0.8269
115 0.0378 0.0345 0.9088 0.0740 0.8867 0.2473 0.4190 0.8547 0.6686 0.8270
116 0.0366 0.0329 0.9124 0.0712 0.8896 0.2434 0.4154 0.8585 0.6611 0.8320
117 0.0357 0.0333 0.9087 0.0706 0.8846 0.2432 0.4170 0.8644 0.6626 0.8357
118 0.0379 0.0334 0.9060 0.0729 0.8827 0.2447 0.4266 0.8524 0.6737 0.8238
119 0.0412 0.0369 0.9042 0.0796 0.8793 0.2394 0.4212 0.8582 0.6628 0.8257
120 0.0487 0.0417 0.8957 0.0919 0.8716 0.3097 0.4244 0.8454 0.7364 0.8165
121 0.0475 0.0436 0.8957 0.0927 0.8709 0.2564 0.4366 0.8457 0.6950 0.8170
122 0.0481 0.0433 0.8920 0.0928 0.8651 0.2438 0.4269 0.8389 0.6728 0.8077
123 0.0418 0.0376 0.9066 0.0809 0.8830 0.2542 0.4275 0.8489 0.6840 0.8212
124 0.0361 0.0343 0.9082 0.0721 0.8860 0.2443 0.4234 0.8540 0.6700 0.8288
125 0.0334 0.0318 0.9140 0.0668 0.8910 0.2418 0.4235 0.8540 0.6676 0.8278
126 0.0319 0.0303 0.9134 0.0639 0.8932 0.2612 0.4194 0.8526 0.6829 0.8248
127 0.0366 0.0322 0.9088 0.0704 0.8851 0.2764 0.4247 0.8437 0.7034 0.8162
128 0.0345 0.0312 0.9114 0.0674 0.8894 0.2645 0.4225 0.8510 0.6893 0.8230
129 0.0527 0.0443 0.8922 0.0986 0.8667 0.2639 0.4430 0.8397 0.7087 0.8104
130 0.0721 0.0595 0.8822 0.1330 0.8549 0.3088 0.4716 0.8021 0.7823 0.7699
131 0.0622 0.0538 0.8874 0.1175 0.8607 0.2854 0.4485 0.8251 0.7359 0.7952
132 0.0494 0.0443 0.8981 0.0953 0.8717 0.2994 0.4424 0.8372 0.7440 0.8094
133 0.0437 0.0407 0.8993 0.0860 0.8737 0.2710 0.4308 0.8436 0.7041 0.8160
134 0.0369 0.0347 0.9047 0.0732 0.8823 0.3154 0.4339 0.8434 0.7516 0.8187
135 0.0342 0.0319 0.9138 0.0678 0.8930 0.3300 0.4345 0.8414 0.7668 0.8166
136 0.0344 0.0320 0.9114 0.0681 0.8892 0.3187 0.4340 0.8452 0.7550 0.8182
137 0.0345 0.0315 0.9139 0.0677 0.8929 0.3028 0.4343 0.8369 0.7394 0.8118
138 0.0339 0.0313 0.9101 0.0668 0.8868 0.3071 0.4266 0.8478 0.7360 0.8179
139 0.0384 0.0347 0.9022 0.0747 0.8790 0.3052 0.4286 0.8501 0.7360 0.8204
140 0.0508 0.0440 0.8915 0.0965 0.8662 0.3877 0.4596 0.8172 0.8494 0.7849
141 0.0643 0.0521 0.8835 0.1178 0.8580 0.3704 0.5007 0.7704 0.8728 0.7280
142 0.0455 0.0425 0.8976 0.0896 0.8721 0.2808 0.4388 0.8351 0.7217 0.8075
143 0.0382 0.0347 0.9070 0.0745 0.8849 0.3217 0.4366 0.8351 0.7605 0.8054
144 0.0378 0.0358 0.9076 0.0752 0.8846 0.2956 0.4361 0.8432 0.7340 0.8131
145 0.0334 0.0322 0.9121 0.0673 0.8907 0.2941 0.4411 0.8421 0.7373 0.8123
146 0.0337 0.0315 0.9115 0.0669 0.8897 0.3016 0.4252 0.8448 0.7290 0.8148
147 0.0335 0.0313 0.9133 0.0665 0.8910 0.3155 0.4328 0.8481 0.7505 0.8193
148 0.0390 0.0352 0.9073 0.0759 0.8856 0.3025 0.4593 0.8305 0.7638 0.8026
149 0.0354 0.0326 0.9061 0.0697 0.8829 0.2659 0.4333 0.8537 0.7014 0.8260
