epoch train_BCELoss train_SoftDiceLoss train_iou train_loss train_mAP val_BCELoss val_SoftDiceLoss val_iou val_loss val_mAP
0 0.7181 0.6658 0.0108 1.3827 0.0022 0.7034 0.7191 0.3449 1.4222 0.3449
1 0.6297 0.6124 0.4251 1.2398 0.3766 0.5103 0.6533 0.5937 1.1599 0.5247
2 0.4352 0.4642 0.6452 0.8942 0.5750 0.3602 0.5907 0.6942 0.9472 0.6267
3 0.3349 0.3834 0.6960 0.7141 0.6339 0.3754 0.5712 0.6826 0.9454 0.6042
4 0.2869 0.3397 0.7299 0.6242 0.6700 0.2466 0.5590 0.7524 0.8045 0.7079
5 0.2592 0.3150 0.7414 0.5726 0.6890 0.2647 0.5623 0.7451 0.8263 0.7054
6 0.2311 0.2867 0.7565 0.5164 0.7084 0.2506 0.5536 0.7564 0.8037 0.7184
7 0.2099 0.2646 0.7774 0.4733 0.7288 0.2242 0.5347 0.7724 0.7585 0.7273
8 0.1962 0.2500 0.7923 0.4450 0.7426 0.2145 0.5327 0.7863 0.7468 0.7450
9 0.1751 0.2335 0.8024 0.4074 0.7559 0.2077 0.5343 0.7920 0.7416 0.7548
10 0.1651 0.2238 0.8157 0.3878 0.7704 0.2051 0.5307 0.7899 0.7354 0.7529
11 0.1629 0.2178 0.8144 0.3795 0.7703 0.2044 0.5254 0.7948 0.7295 0.7555
12 0.1607 0.2144 0.8151 0.3741 0.7700 0.2325 0.5356 0.7791 0.7679 0.7385
13 0.1661 0.2187 0.8057 0.3838 0.7606 0.2126 0.5218 0.7832 0.7342 0.7426
14 0.1611 0.2006 0.8115 0.3609 0.7659 0.2551 0.5253 0.7771 0.7804 0.7381
15 0.1645 0.2035 0.7945 0.3672 0.7503 0.2549 0.5548 0.7289 0.8098 0.6908
16 0.1549 0.1941 0.8011 0.3484 0.7555 0.2096 0.5168 0.7857 0.7265 0.7494
17 0.1383 0.1770 0.8158 0.3146 0.7704 0.1746 0.5024 0.8059 0.6771 0.7735
18 0.1228 0.1606 0.8365 0.2828 0.7970 0.1786 0.5029 0.8075 0.6815 0.7742
19 0.1115 0.1484 0.8465 0.2592 0.8069 0.1820 0.5003 0.8098 0.6824 0.7744
20 0.1126 0.1491 0.8411 0.2611 0.8007 0.1788 0.4984 0.8082 0.6772 0.7712
21 0.1045 0.1417 0.8435 0.2457 0.8041 0.1683 0.4988 0.8170 0.6672 0.7849
22 0.1065 0.1402 0.8486 0.2462 0.8105 0.1779 0.4965 0.8092 0.6746 0.7721
23 0.1090 0.1416 0.8491 0.2501 0.8092 0.1824 0.5014 0.8062 0.6840 0.7748
24 0.1142 0.1408 0.8382 0.2546 0.7972 0.2877 0.5167 0.7402 0.8047 0.6917
25 0.1406 0.1622 0.8086 0.3025 0.7627 0.2240 0.5063 0.7545 0.7308 0.7135
26 0.1340 0.1498 0.8173 0.2835 0.7727 0.1859 0.4935 0.8047 0.6798 0.7718
27 0.1104 0.1280 0.8392 0.2382 0.8009 0.1809 0.4910 0.8085 0.6724 0.7752
28 0.0958 0.1164 0.8483 0.2121 0.8103 0.1881 0.4867 0.8143 0.6754 0.7837
29 0.0874 0.1067 0.8592 0.1940 0.8231 0.1748 0.4811 0.8235 0.6564 0.7923
30 0.0822 0.1027 0.8618 0.1848 0.8231 0.1697 0.4785 0.8233 0.6486 0.7876
31 0.0814 0.1031 0.8664 0.1844 0.8295 0.1734 0.4821 0.8240 0.6560 0.7924
32 0.0854 0.1048 0.8625 0.1901 0.8252 0.1660 0.4794 0.8211 0.6460 0.7892
33 0.0869 0.1047 0.8583 0.1916 0.8224 0.1949 0.4902 0.8100 0.6857 0.7718
34 0.0897 0.1039 0.8559 0.1935 0.8169 0.2110 0.4908 0.8024 0.7025 0.7685
35 0.1086 0.1168 0.8325 0.2254 0.7941 0.2152 0.5020 0.7895 0.7179 0.7512
36 0.1102 0.1158 0.8393 0.2262 0.8019 0.1736 0.4788 0.8195 0.6531 0.7882
37 0.0862 0.0985 0.8532 0.1848 0.8150 0.2160 0.4790 0.7980 0.6958 0.7634
38 0.0838 0.0944 0.8559 0.1784 0.8197 0.1787 0.4768 0.8261 0.6562 0.7968
39 0.0704 0.0822 0.8687 0.1528 0.8337 0.1768 0.4725 0.8256 0.6501 0.7936
40 0.0677 0.0800 0.8772 0.1479 0.8450 0.1762 0.4725 0.8269 0.6496 0.7975
41 0.0700 0.0815 0.8742 0.1516 0.8391 0.1785 0.4706 0.8218 0.6499 0.7891
42 0.0651 0.0786 0.8762 0.1439 0.8423 0.1851 0.4733 0.8253 0.6593 0.7943
43 0.0685 0.0791 0.8719 0.1478 0.8371 0.1782 0.4693 0.8304 0.6483 0.8010
44 0.0765 0.0858 0.8629 0.1625 0.8265 0.1909 0.4677 0.8231 0.6597 0.7857
45 0.0967 0.0971 0.8391 0.1941 0.7995 0.1969 0.4686 0.8124 0.6666 0.7757
46 0.1052 0.1088 0.8359 0.2143 0.7953 0.1901 0.4783 0.8075 0.6693 0.7777
47 0.0832 0.0879 0.8519 0.1715 0.8141 0.1748 0.4711 0.8266 0.6468 0.7954
48 0.0656 0.0745 0.8688 0.1405 0.8322 0.1702 0.4631 0.8352 0.6343 0.8051
49 0.0601 0.0698 0.8756 0.1303 0.8430 0.1639 0.4594 0.8387 0.6242 0.8074
50 0.0563 0.0654 0.8759 0.1221 0.8415 0.1641 0.4595 0.8373 0.6245 0.8079
51 0.0556 0.0654 0.8843 0.1214 0.8528 0.1721 0.4597 0.8390 0.6327 0.8083
52 0.0551 0.0624 0.8815 0.1180 0.8492 0.1800 0.4591 0.8379 0.6402 0.8086
53 0.0652 0.0707 0.8743 0.1363 0.8394 0.2095 0.4705 0.8240 0.6812 0.7937
54 0.0738 0.0740 0.8631 0.1483 0.8262 0.1994 0.4753 0.8250 0.6758 0.7942
55 0.0839 0.0805 0.8510 0.1649 0.8118 0.2460 0.4773 0.7851 0.7243 0.7468
56 0.0822 0.0817 0.8584 0.1645 0.8227 0.2029 0.4755 0.8139 0.6796 0.7794
57 0.0649 0.0675 0.8722 0.1330 0.8363 0.1849 0.4695 0.8257 0.6556 0.7943
58 0.0621 0.0630 0.8751 0.1257 0.8413 0.1645 0.4589 0.8373 0.6246 0.8084
59 0.0558 0.0602 0.8793 0.1167 0.8475 0.1777 0.4595 0.8331 0.6385 0.8063
60 0.0527 0.0572 0.8814 0.1105 0.8495 0.1715 0.4599 0.8329 0.6327 0.8037
61 0.0535 0.0586 0.8830 0.1128 0.8503 0.1718 0.4567 0.8344 0.6298 0.8045
62 0.0528 0.0564 0.8818 0.1098 0.8521 0.1831 0.4617 0.8323 0.6462 0.8049
63 0.0573 0.0604 0.8819 0.1183 0.8479 0.1963 0.4631 0.8227 0.6608 0.7913
64 0.0585 0.0609 0.8703 0.1201 0.8368 0.2108 0.4672 0.8169 0.6794 0.7859
65 0.0584 0.0584 0.8720 0.1176 0.8382 0.2094 0.4627 0.8306 0.6735 0.8029
66 0.0598 0.0592 0.8720 0.1197 0.8365 0.2036 0.4650 0.8263 0.6700 0.7937
67 0.0560 0.0559 0.8768 0.1127 0.8468 0.2049 0.4557 0.8325 0.6622 0.8013
68 0.0500 0.0503 0.8878 0.1011 0.8574 0.2064 0.4538 0.8288 0.6617 0.7963
69 0.0438 0.0469 0.8911 0.0916 0.8598 0.2036 0.4512 0.8323 0.6564 0.7992
70 0.0430 0.0457 0.8927 0.0896 0.8612 0.1974 0.4518 0.8346 0.6508 0.8032
71 0.0458 0.0477 0.8891 0.0944 0.8587 0.1979 0.4513 0.8344 0.6508 0.8058
72 0.0441 0.0457 0.8938 0.0907 0.8655 0.2332 0.4531 0.8314 0.6881 0.8057
73 0.0500 0.0501 0.8848 0.1010 0.8539 0.1991 0.4530 0.8296 0.6537 0.7961
74 0.0510 0.0550 0.8818 0.1068 0.8485 0.2880 0.4594 0.8097 0.7493 0.7758
75 0.0766 0.0701 0.8577 0.1475 0.8213 0.2023 0.4644 0.8154 0.6679 0.7825
76 0.0698 0.0636 0.8621 0.1343 0.8277 0.2701 0.4765 0.8112 0.7485 0.7812
77 0.0626 0.0587 0.8740 0.1222 0.8412 0.2308 0.4694 0.8152 0.7018 0.7808
78 0.0513 0.0493 0.8798 0.1017 0.8487 0.1948 0.4545 0.8420 0.6508 0.8141
79 0.0426 0.0446 0.8900 0.0882 0.8593 0.1889 0.4512 0.8466 0.6417 0.8166
80 0.0450 0.0446 0.8917 0.0906 0.8613 0.1893 0.4495 0.8454 0.6404 0.8154
81 0.0461 0.0445 0.8900 0.0917 0.8599 0.2237 0.4603 0.8327 0.6857 0.8007
82 0.0464 0.0454 0.8928 0.0928 0.8625 0.1852 0.4523 0.8411 0.6391 0.8096
83 0.0431 0.0428 0.8933 0.0870 0.8637 0.1955 0.4519 0.8407 0.6491 0.8108
84 0.0452 0.0446 0.8919 0.0908 0.8606 0.2331 0.4410 0.8166 0.6758 0.7849
85 0.0744 0.0677 0.8640 0.1430 0.8264 0.1758 0.4469 0.8400 0.6242 0.8092
86 0.0724 0.0627 0.8734 0.1360 0.8364 0.2297 0.4670 0.8164 0.6984 0.7854
87 0.0657 0.0613 0.8692 0.1280 0.8325 0.2467 0.4488 0.8215 0.6973 0.7913
88 0.0584 0.0565 0.8772 0.1159 0.8427 0.2034 0.4543 0.8343 0.6594 0.8071
89 0.0449 0.0447 0.8849 0.0907 0.8522 0.2053 0.4523 0.8368 0.6593 0.8083
90 0.0406 0.0419 0.8960 0.0836 0.8666 0.2043 0.4507 0.8380 0.6567 0.8086
91 0.0394 0.0402 0.8958 0.0807 0.8662 0.2163 0.4511 0.8393 0.6692 0.8113
92 0.0429 0.0425 0.8891 0.0865 0.8587 0.2128 0.4508 0.8392 0.6654 0.8121
93 0.0479 0.0442 0.8867 0.0932 0.8567 0.1800 0.4527 0.8335 0.6344 0.8021
94 0.0436 0.0424 0.8861 0.0870 0.8542 0.2007 0.4430 0.8396 0.6454 0.8132
95 0.0795 0.0672 0.8659 0.1477 0.8263 0.2476 0.4659 0.7607 0.7149 0.7138
96 0.0741 0.0666 0.8589 0.1416 0.8211 0.1914 0.4489 0.8319 0.6419 0.8035
97 0.0501 0.0497 0.8738 0.1008 0.8390 0.2095 0.4418 0.8332 0.6530 0.8049
98 0.0434 0.0424 0.8909 0.0870 0.8592 0.1953 0.4318 0.8443 0.6288 0.8163
99 0.0407 0.0408 0.8902 0.0827 0.8583 0.2019 0.4335 0.8432 0.6371 0.8165
