epoch train_BCELoss train_SoftDiceLoss train_iou train_loss train_mAP val_BCELoss val_SoftDiceLoss val_iou val_loss val_mAP
0 0.6541 0.6819 0.2825 1.9114 0.2819 0.6697 0.7353 0.3560 1.7958 0.3560
1 0.6560 0.6826 0.3691 1.8318 0.3691 0.6704 0.7368 0.3261 1.8434 0.3259
2 0.6538 0.6789 0.3934 1.7447 0.3934 0.6607 0.7335 0.3538 1.7512 0.3538
3 0.6443 0.6670 0.3988 1.6800 0.3988 0.6361 0.7227 0.3560 1.6554 0.3560
4 0.5506 0.6102 0.4672 1.5090 0.4138 0.4838 0.6630 0.5849 1.3379 0.4948
5 0.4054 0.5078 0.6086 1.1732 0.5228 0.3842 0.6428 0.6456 1.0750 0.5848
6 0.3405 0.4443 0.6806 0.9787 0.6180 0.3429 0.6266 0.6753 0.9894 0.6297
7 0.3109 0.4126 0.7120 0.8976 0.6497 0.3223 0.6166 0.6981 0.9233 0.6431
8 0.2769 0.3768 0.7511 0.7834 0.6895 0.3145 0.6086 0.7142 0.8996 0.6622
9 0.2627 0.3602 0.7657 0.7395 0.7053 0.3102 0.6060 0.7196 0.8823 0.6700
10 0.2561 0.3542 0.7739 0.7160 0.7131 0.3001 0.6001 0.7260 0.8596 0.6747
11 0.2494 0.3467 0.7797 0.7000 0.7204 0.2943 0.5963 0.7304 0.8481 0.6815
12 0.2437 0.3397 0.7806 0.6903 0.7237 0.2896 0.5969 0.7306 0.8435 0.6831
13 0.2361 0.3279 0.7834 0.6845 0.7247 0.2814 0.5843 0.7390 0.8402 0.6904
14 0.2270 0.3176 0.7816 0.6784 0.7230 0.2768 0.5818 0.7421 0.8370 0.6933
15 0.2152 0.3035 0.7885 0.6533 0.7292 0.2595 0.5681 0.7444 0.8375 0.6913
16 0.2003 0.2867 0.8031 0.6082 0.7457 0.2589 0.5717 0.7560 0.7821 0.7076
17 0.1825 0.2665 0.8205 0.5560 0.7650 0.2429 0.5640 0.7729 0.7474 0.7247
18 0.1697 0.2522 0.8336 0.5105 0.7795 0.2616 0.5711 0.7555 0.8031 0.7081
19 0.1619 0.2419 0.8478 0.4771 0.7968 0.2533 0.5658 0.7648 0.7775 0.7196
20 0.1544 0.2346 0.8539 0.4508 0.8056 0.2370 0.5544 0.7849 0.7259 0.7390
21 0.1514 0.2311 0.8564 0.4444 0.8077 0.2388 0.5517 0.7840 0.7320 0.7430
22 0.1463 0.2236 0.8610 0.4310 0.8128 0.2393 0.5515 0.7818 0.7541 0.7393
23 0.1490 0.2262 0.8508 0.4604 0.7973 0.2337 0.5491 0.7723 0.7623 0.7239
24 0.1434 0.2180 0.8479 0.4621 0.7971 0.2413 0.5449 0.7745 0.7984 0.7257
25 0.1446 0.2165 0.8448 0.4790 0.7945 0.2302 0.5434 0.7806 0.7644 0.7396
26 0.1351 0.2042 0.8519 0.4412 0.8023 0.2527 0.5551 0.7700 0.8111 0.7270
27 0.1292 0.1971 0.8581 0.4261 0.8121 0.2532 0.5510 0.7721 0.8028 0.7288
28 0.1168 0.1825 0.8764 0.3751 0.8329 0.2247 0.5357 0.7983 0.7253 0.7574
29 0.1117 0.1762 0.8797 0.3633 0.8361 0.2248 0.5320 0.8044 0.7167 0.7684
30 0.1081 0.1713 0.8873 0.3409 0.8461 0.2260 0.5324 0.8076 0.7133 0.7706
31 0.1082 0.1718 0.8881 0.3403 0.8473 0.2282 0.5316 0.8017 0.7306 0.7614
32 0.1028 0.1639 0.8919 0.3246 0.8520 0.2210 0.5298 0.8073 0.7145 0.7674
33 0.1070 0.1671 0.8834 0.3520 0.8420 0.2110 0.5269 0.7992 0.7069 0.7587
34 0.0989 0.1565 0.8849 0.3398 0.8437 0.2231 0.5280 0.7934 0.7486 0.7518
35 0.1032 0.1587 0.8806 0.3534 0.8367 0.2454 0.5292 0.7920 0.7993 0.7526
36 0.1018 0.1555 0.8769 0.3652 0.8309 0.2313 0.5322 0.7937 0.7443 0.7512
37 0.0959 0.1484 0.8871 0.3360 0.8449 0.2408 0.5234 0.7920 0.7956 0.7498
38 0.0873 0.1378 0.8980 0.3027 0.8602 0.2200 0.5154 0.8006 0.7310 0.7597
39 0.0818 0.1322 0.9029 0.2807 0.8680 0.2207 0.5156 0.8064 0.7283 0.7655
40 0.0791 0.1284 0.9104 0.2670 0.8766 0.2179 0.5161 0.8096 0.7169 0.7700
41 0.0778 0.1277 0.9084 0.2679 0.8741 0.2243 0.5137 0.8094 0.7379 0.7676
42 0.0770 0.1249 0.9098 0.2637 0.8756 0.2309 0.5145 0.8078 0.7594 0.7693
43 0.0753 0.1230 0.9074 0.2692 0.8705 0.2787 0.5251 0.7794 0.8944 0.7367
44 0.0941 0.1419 0.8812 0.3476 0.8421 0.2237 0.5211 0.7909 0.7761 0.7467
45 0.0935 0.1414 0.8789 0.3515 0.8350 0.3290 0.5774 0.6942 1.1433 0.6231
46 0.0967 0.1455 0.8747 0.3660 0.8327 0.2487 0.5264 0.7822 0.8251 0.7464
47 0.0840 0.1286 0.8940 0.3116 0.8555 0.2200 0.5160 0.7967 0.7472 0.7575
48 0.0779 0.1221 0.9011 0.2861 0.8642 0.2063 0.5116 0.8111 0.6831 0.7734
49 0.0676 0.1094 0.9116 0.2509 0.8785 0.2079 0.5050 0.8155 0.6874 0.7786
50 0.0642 0.1053 0.9175 0.2331 0.8866 0.2160 0.5039 0.8155 0.7106 0.7767
51 0.0645 0.1026 0.9175 0.2364 0.8873 0.2244 0.5024 0.8209 0.7296 0.7819
52 0.0650 0.1038 0.9170 0.2376 0.8840 0.2000 0.4962 0.8251 0.6783 0.7862
53 0.0656 0.1046 0.9114 0.2497 0.8795 0.2073 0.5019 0.8237 0.6900 0.7827
54 0.0685 0.1069 0.9120 0.2545 0.8798 0.2023 0.5030 0.8199 0.6961 0.7831
55 0.0619 0.0972 0.9065 0.2573 0.8720 0.1921 0.4956 0.8227 0.6925 0.7850
56 0.0659 0.1023 0.9038 0.2682 0.8675 0.2016 0.5002 0.8138 0.7342 0.7770
57 0.0638 0.0988 0.9070 0.2595 0.8723 0.2508 0.5031 0.8161 0.8284 0.7797
58 0.0581 0.0917 0.9153 0.2320 0.8832 0.2618 0.4965 0.8135 0.8487 0.7779
59 0.0531 0.0848 0.9245 0.2109 0.8968 0.2558 0.4926 0.8232 0.8125 0.7866
60 0.0519 0.0818 0.9288 0.2028 0.9019 0.2489 0.4930 0.8246 0.7956 0.7898
61 0.0491 0.0797 0.9291 0.1963 0.9027 0.2655 0.4947 0.8134 0.8536 0.7760
62 0.0486 0.0777 0.9271 0.1985 0.8990 0.2642 0.4895 0.8176 0.8624 0.7820
63 0.0478 0.0749 0.9286 0.1981 0.9012 0.2668 0.4924 0.8209 0.8736 0.7856
64 0.0520 0.0800 0.9201 0.2206 0.8888 0.2124 0.4859 0.8132 0.7783 0.7669
65 0.0930 0.1269 0.8800 0.3610 0.8419 0.2713 0.5182 0.7726 0.9133 0.7288
66 0.0878 0.1229 0.8867 0.3395 0.8454 0.1975 0.5088 0.7999 0.7195 0.7569
67 0.0736 0.1091 0.9007 0.2857 0.8640 0.1940 0.4886 0.8350 0.6640 0.7996
68 0.0607 0.0909 0.9156 0.2417 0.8845 0.2020 0.4859 0.8304 0.6793 0.7890
69 0.0531 0.0822 0.9238 0.2126 0.8955 0.2143 0.4807 0.8310 0.7131 0.7935
70 0.0505 0.0792 0.9306 0.2000 0.9028 0.2020 0.4798 0.8367 0.6826 0.8012
71 0.0481 0.0761 0.9294 0.1958 0.9021 0.1880 0.4770 0.8405 0.6483 0.8067
72 0.0450 0.0707 0.9327 0.1868 0.9062 0.1856 0.4773 0.8388 0.6598 0.8021
73 0.0453 0.0693 0.9295 0.1924 0.9022 0.2359 0.4855 0.8235 0.8153 0.7862
74 0.0469 0.0711 0.9236 0.2088 0.8936 0.1787 0.4791 0.8259 0.6756 0.7809
75 0.0569 0.0841 0.9128 0.2442 0.8787 0.2483 0.5045 0.7771 0.9252 0.7285
76 0.0624 0.0890 0.9069 0.2644 0.8734 0.1864 0.4926 0.8248 0.6894 0.7926
77 0.0618 0.0903 0.9123 0.2495 0.8807 0.2328 0.4923 0.8251 0.7605 0.7946
78 0.0506 0.0757 0.9220 0.2151 0.8929 0.2204 0.4816 0.8352 0.7261 0.8001
79 0.0442 0.0684 0.9330 0.1847 0.9070 0.2020 0.4749 0.8397 0.6927 0.8054
80 0.0406 0.0641 0.9374 0.1725 0.9123 0.1947 0.4740 0.8416 0.6821 0.8078
81 0.0392 0.0609 0.9401 0.1667 0.9153 0.1955 0.4697 0.8439 0.6903 0.8107
82 0.0382 0.0588 0.9390 0.1669 0.9154 0.2404 0.4780 0.8263 0.8089 0.7930
83 0.0369 0.0570 0.9379 0.1656 0.9137 0.2185 0.4723 0.8334 0.7583 0.7979
84 0.0383 0.0581 0.9333 0.1768 0.9083 0.2005 0.4670 0.8401 0.7162 0.8037
85 0.0504 0.0739 0.9196 0.2249 0.8898 0.2464 0.5073 0.8047 0.8726 0.7642
86 0.0585 0.0837 0.9113 0.2525 0.8773 0.2800 0.4996 0.8017 0.8975 0.7594
87 0.0464 0.0681 0.9255 0.2054 0.8967 0.2258 0.4808 0.8240 0.7692 0.7916
88 0.0409 0.0607 0.9332 0.1819 0.9066 0.1896 0.4730 0.8385 0.6798 0.8021
89 0.0366 0.0569 0.9382 0.1642 0.9149 0.2084 0.4674 0.8412 0.7145 0.8056
90 0.0347 0.0540 0.9425 0.1519 0.9220 0.2177 0.4680 0.8419 0.7399 0.8054
91 0.0348 0.0535 0.9419 0.1559 0.9203 0.2512 0.4707 0.8299 0.8279 0.7946
92 0.0341 0.0509 0.9443 0.1531 0.9225 0.2051 0.4621 0.8419 0.7241 0.8057
93 0.0337 0.0503 0.9389 0.1590 0.9171 0.2116 0.4729 0.8200 0.7765 0.7837
94 0.0443 0.0609 0.9271 0.2016 0.9004 0.2237 0.4743 0.8215 0.8002 0.7815
95 0.0618 0.0874 0.8983 0.2811 0.8643 0.2335 0.4954 0.8050 0.8244 0.7613
96 0.0632 0.0890 0.9039 0.2716 0.8690 0.1916 0.5088 0.8127 0.7177 0.7689
97 0.0479 0.0708 0.9225 0.2134 0.8930 0.2498 0.4811 0.8241 0.8381 0.7890
98 0.0455 0.0657 0.9289 0.2009 0.9006 0.2366 0.4757 0.8216 0.7898 0.7869
99 0.0368 0.0556 0.9377 0.1688 0.9138 0.2353 0.4744 0.8256 0.8052 0.7937
