epoch train_BCELoss train_SoftDiceLoss train_iou train_loss train_mAP val_BCELoss val_SoftDiceLoss val_iou val_loss val_mAP
0 0.6459 0.6552 0.4103 1.7051 0.3982 0.5199 0.6697 0.5928 1.3796 0.5050
1 0.4364 0.5245 0.6382 1.1858 0.5643 0.3742 0.6436 0.6613 1.0051 0.6100
2 0.3639 0.4653 0.6975 0.9614 0.6381 0.3499 0.6281 0.7066 0.9123 0.6539
3 0.3399 0.4403 0.7259 0.8969 0.6709 0.3268 0.6150 0.7315 0.8476 0.6875
4 0.3291 0.4292 0.7401 0.8620 0.6876 0.3208 0.6140 0.7410 0.8275 0.6904
5 0.3155 0.4155 0.7622 0.8055 0.7095 0.3202 0.6119 0.7393 0.8265 0.6911
6 0.3120 0.4119 0.7579 0.8112 0.7062 0.3077 0.6046 0.7590 0.7881 0.7109
7 0.3146 0.4139 0.7455 0.8458 0.6907 0.2995 0.6064 0.7433 0.7974 0.6930
8 0.3041 0.4074 0.7542 0.8166 0.7018 0.3462 0.6230 0.7120 0.9185 0.6717
9 0.3011 0.4043 0.7429 0.8322 0.6898 0.2732 0.5941 0.7607 0.7513 0.7108
10 0.2887 0.3863 0.7513 0.8116 0.7011 0.2817 0.5905 0.7751 0.7346 0.7285
11 0.2676 0.3699 0.7675 0.7427 0.7207 0.2930 0.5785 0.7670 0.7930 0.7118
12 0.2511 0.3522 0.7884 0.6857 0.7441 0.2466 0.5634 0.7878 0.6722 0.7475
13 0.2368 0.3321 0.8001 0.6466 0.7567 0.2478 0.5680 0.7858 0.6734 0.7502
14 0.2296 0.3293 0.8119 0.6187 0.7711 0.2481 0.5645 0.7881 0.6685 0.7558
15 0.2268 0.3245 0.8150 0.6063 0.7773 0.2484 0.5638 0.7905 0.6654 0.7607
16 0.2211 0.3170 0.8164 0.5947 0.7759 0.2324 0.5560 0.8015 0.6218 0.7651
17 0.2199 0.3148 0.8179 0.5948 0.7776 0.2329 0.5617 0.8058 0.6212 0.7725
18 0.2272 0.3235 0.8052 0.6407 0.7590 0.2942 0.5686 0.7557 0.7995 0.7136
19 0.2228 0.3142 0.7940 0.6503 0.7500 0.2656 0.5606 0.7760 0.7387 0.7372
20 0.2260 0.3150 0.7963 0.6610 0.7541 0.2150 0.5528 0.7906 0.6409 0.7557
21 0.2150 0.3040 0.7976 0.6401 0.7565 0.2170 0.5427 0.7901 0.6514 0.7464
22 0.2027 0.2943 0.8088 0.5976 0.7714 0.2057 0.5405 0.7983 0.6187 0.7606
23 0.1948 0.2819 0.8243 0.5591 0.7891 0.2428 0.5616 0.7858 0.6768 0.7533
24 0.1813 0.2646 0.8341 0.5220 0.7982 0.1906 0.5341 0.8194 0.5447 0.7838
25 0.1777 0.2602 0.8364 0.5117 0.8018 0.1953 0.5322 0.8245 0.5478 0.7900
26 0.1806 0.2642 0.8339 0.5228 0.7964 0.1974 0.5267 0.8303 0.5569 0.7959
27 0.1794 0.2622 0.8331 0.5221 0.7952 0.2140 0.5372 0.8043 0.6067 0.7679
28 0.1798 0.2607 0.8327 0.5322 0.7947 0.2180 0.5449 0.8087 0.6011 0.7779
29 0.1942 0.2775 0.8119 0.5942 0.7757 0.2165 0.5359 0.8068 0.6330 0.7756
30 0.1986 0.2775 0.8111 0.6068 0.7742 0.2008 0.5413 0.7952 0.5954 0.7613
31 0.1868 0.2684 0.8244 0.5642 0.7874 0.2067 0.5434 0.7891 0.6264 0.7557
32 0.1706 0.2462 0.8380 0.5123 0.8019 0.2044 0.5243 0.8183 0.6020 0.7825
33 0.1664 0.2418 0.8398 0.4971 0.8046 0.2070 0.5333 0.7973 0.5889 0.7679
34 0.1647 0.2408 0.8502 0.4786 0.8128 0.1818 0.5197 0.8292 0.5237 0.7972
35 0.1550 0.2330 0.8496 0.4572 0.8150 0.1780 0.5202 0.8304 0.5224 0.7988
36 0.1509 0.2263 0.8519 0.4594 0.8174 0.1696 0.5175 0.8323 0.5030 0.8010
37 0.1565 0.2296 0.8389 0.4869 0.8019 0.1971 0.5237 0.8191 0.5742 0.7894
38 0.1606 0.2292 0.8435 0.4893 0.8063 0.1971 0.5231 0.8120 0.6170 0.7825
39 0.1717 0.2450 0.8221 0.5467 0.7856 0.2911 0.5696 0.7341 0.9017 0.6916
40 0.1667 0.2375 0.8305 0.5236 0.7938 0.2173 0.5308 0.7983 0.6394 0.7604
41 0.1744 0.2479 0.8178 0.5564 0.7795 0.2123 0.5288 0.7875 0.6448 0.7542
42 0.1680 0.2430 0.8277 0.5302 0.7926 0.2050 0.5274 0.7960 0.6141 0.7677
43 0.1616 0.2359 0.8397 0.4970 0.8036 0.1935 0.5187 0.8109 0.5878 0.7818
44 0.1469 0.2196 0.8493 0.4576 0.8143 0.1628 0.5070 0.8375 0.4990 0.8098
45 0.1433 0.2146 0.8473 0.4544 0.8126 0.1628 0.5072 0.8332 0.5029 0.8066
46 0.1436 0.2112 0.8556 0.4363 0.8220 0.1697 0.5076 0.8321 0.5270 0.8036
47 0.1537 0.2226 0.8406 0.4870 0.8062 0.2674 0.5469 0.7705 0.7863 0.7430
48 0.1487 0.2170 0.8481 0.4667 0.8118 0.1767 0.5157 0.8215 0.5636 0.7971
49 0.1533 0.2155 0.8425 0.4878 0.8057 0.1968 0.5249 0.8192 0.6047 0.7884
50 0.1630 0.2329 0.8361 0.5122 0.7997 0.1959 0.5181 0.8028 0.6413 0.7666
51 0.1632 0.2326 0.8358 0.5139 0.8026 0.1978 0.5205 0.8272 0.5600 0.7981
52 0.1595 0.2276 0.8431 0.4911 0.8095 0.2048 0.5237 0.8083 0.5998 0.7827
53 0.1412 0.2089 0.8468 0.4588 0.8098 0.1578 0.5019 0.8372 0.5058 0.8071
54 0.1328 0.2005 0.8587 0.4260 0.8260 0.1557 0.5017 0.8458 0.4800 0.8180
55 0.1290 0.1951 0.8601 0.4113 0.8261 0.1577 0.5023 0.8434 0.4874 0.8185
56 0.1263 0.1902 0.8658 0.4012 0.8324 0.1505 0.5006 0.8411 0.4806 0.8161
57 0.1284 0.1923 0.8584 0.4180 0.8247 0.1669 0.5005 0.8369 0.5160 0.8052
58 0.1339 0.1963 0.8624 0.4304 0.8286 0.1609 0.4990 0.8242 0.5139 0.7968
59 0.1350 0.1955 0.8526 0.4445 0.8156 0.1603 0.4952 0.8317 0.5275 0.8021
60 0.1500 0.2091 0.8373 0.5004 0.7990 0.1526 0.4969 0.8372 0.4998 0.8090
61 0.1406 0.2059 0.8510 0.4514 0.8164 0.1511 0.5019 0.8279 0.5032 0.7989
62 0.1347 0.1939 0.8537 0.4415 0.8199 0.1457 0.4888 0.8357 0.4945 0.8070
63 0.1244 0.1806 0.8633 0.4067 0.8272 0.1529 0.4976 0.8440 0.4725 0.8206
64 0.1193 0.1799 0.8680 0.3851 0.8352 0.1700 0.4938 0.8363 0.5305 0.8083
65 0.1112 0.1674 0.8746 0.3695 0.8431 0.1597 0.4907 0.8402 0.5064 0.8140
66 0.1100 0.1645 0.8679 0.3735 0.8336 0.1548 0.4914 0.8429 0.4963 0.8133
67 0.1136 0.1697 0.8687 0.3834 0.8362 0.1463 0.4867 0.8424 0.4881 0.8151
68 0.1262 0.1808 0.8550 0.4270 0.8208 0.1549 0.4959 0.8396 0.4937 0.8131
69 0.1271 0.1865 0.8537 0.4286 0.8189 0.1658 0.4942 0.8335 0.5571 0.8031
70 0.1476 0.2103 0.8353 0.4928 0.7999 0.1728 0.5102 0.8270 0.5156 0.7940
71 0.1326 0.1898 0.8501 0.4424 0.8133 0.1784 0.5054 0.8232 0.5733 0.7953
72 0.1335 0.1943 0.8492 0.4450 0.8158 0.1589 0.4993 0.8290 0.5082 0.8036
73 0.1148 0.1679 0.8658 0.3909 0.8344 0.1423 0.4885 0.8458 0.4688 0.8204
74 0.1142 0.1709 0.8672 0.3851 0.8352 0.1406 0.4874 0.8547 0.4525 0.8260
75 0.1106 0.1672 0.8736 0.3687 0.8405 0.1377 0.4854 0.8568 0.4485 0.8292
76 0.1059 0.1587 0.8743 0.3626 0.8436 0.1488 0.4899 0.8454 0.4855 0.8188
77 0.1091 0.1596 0.8711 0.3739 0.8369 0.1552 0.4825 0.8372 0.5235 0.8129
78 0.1096 0.1582 0.8662 0.3873 0.8333 0.1687 0.4892 0.8362 0.5668 0.8073
79 0.1176 0.1704 0.8660 0.3909 0.8318 0.1470 0.4977 0.8343 0.5001 0.8086
80 0.1282 0.1799 0.8559 0.4432 0.8208 0.2271 0.5049 0.8032 0.6996 0.7721
81 0.1397 0.1943 0.8522 0.4571 0.8198 0.1828 0.5044 0.8279 0.5899 0.7939
82 0.1182 0.1714 0.8622 0.4033 0.8287 0.1501 0.4914 0.8470 0.4960 0.8208
83 0.1163 0.1691 0.8655 0.3881 0.8318 0.1444 0.4841 0.8424 0.4814 0.8145
84 0.1088 0.1624 0.8741 0.3655 0.8402 0.1422 0.4849 0.8491 0.4698 0.8239
85 0.1059 0.1574 0.8820 0.3474 0.8477 0.1416 0.4837 0.8470 0.4761 0.8219
86 0.0966 0.1445 0.8809 0.3355 0.8488 0.1518 0.4832 0.8472 0.4980 0.8210
87 0.0961 0.1407 0.8777 0.3444 0.8442 0.1376 0.4892 0.8379 0.4750 0.8106
88 0.1072 0.1554 0.8696 0.3742 0.8341 0.1512 0.4902 0.8474 0.4884 0.8179
89 0.1051 0.1529 0.8707 0.3723 0.8385 0.1482 0.4954 0.8362 0.4944 0.8121
90 0.1229 0.1727 0.8519 0.4368 0.8153 0.1454 0.4843 0.8335 0.5062 0.8033
91 0.1203 0.1738 0.8616 0.4084 0.8256 0.1450 0.4810 0.8337 0.5135 0.8011
92 0.1100 0.1597 0.8657 0.3856 0.8321 0.1633 0.4939 0.8395 0.5410 0.8127
93 0.0970 0.1437 0.8743 0.3550 0.8405 0.1656 0.4814 0.8404 0.5377 0.8143
94 0.0945 0.1421 0.8796 0.3359 0.8475 0.1407 0.4832 0.8530 0.4616 0.8250
95 0.0933 0.1432 0.8833 0.3258 0.8511 0.1376 0.4787 0.8507 0.4584 0.8217
96 0.0886 0.1307 0.8851 0.3178 0.8511 0.1665 0.4829 0.8402 0.5334 0.8166
97 0.0898 0.1303 0.8832 0.3216 0.8502 0.1567 0.4844 0.8372 0.5151 0.8145
98 0.0970 0.1429 0.8760 0.3519 0.8422 0.1499 0.4805 0.8378 0.5111 0.8033
99 0.1092 0.1552 0.8653 0.3935 0.8305 0.1762 0.5070 0.8053 0.5746 0.7789
100 0.1302 0.1806 0.8476 0.4498 0.8163 0.1642 0.4987 0.8238 0.5377 0.7941
101 0.1242 0.1764 0.8569 0.4238 0.8243 0.1809 0.5104 0.8141 0.5422 0.7881
102 0.1096 0.1610 0.8689 0.3783 0.8357 0.1616 0.4955 0.8368 0.5062 0.8122
103 0.1031 0.1534 0.8732 0.3584 0.8402 0.1615 0.4793 0.8370 0.5311 0.8132
104 0.0936 0.1410 0.8809 0.3370 0.8492 0.1509 0.4735 0.8402 0.5147 0.8152
105 0.0854 0.1295 0.8865 0.3080 0.8537 0.1531 0.4727 0.8377 0.5185 0.8145
106 0.0936 0.1394 0.8775 0.3364 0.8451 0.1453 0.4766 0.8451 0.4763 0.8179
107 0.0942 0.1385 0.8785 0.3415 0.8473 0.1574 0.4846 0.8356 0.5017 0.8106
108 0.0972 0.1420 0.8779 0.3458 0.8461 0.1585 0.4894 0.8309 0.5355 0.8020
109 0.1057 0.1514 0.8661 0.3814 0.8316 0.2172 0.5223 0.8221 0.6636 0.7885
110 0.1178 0.1672 0.8626 0.4052 0.8285 0.1471 0.4830 0.8316 0.4935 0.8036
111 0.1186 0.1711 0.8577 0.4105 0.8239 0.1461 0.4871 0.8396 0.5067 0.8152
112 0.1013 0.1458 0.8745 0.3620 0.8413 0.1496 0.4938 0.8465 0.4822 0.8182
113 0.0988 0.1421 0.8785 0.3483 0.8452 0.1459 0.4850 0.8451 0.4865 0.8125
114 0.0895 0.1330 0.8819 0.3268 0.8501 0.1334 0.4743 0.8546 0.4571 0.8281
115 0.0837 0.1259 0.8879 0.3055 0.8570 0.1363 0.4712 0.8508 0.4690 0.8247
116 0.0836 0.1245 0.8909 0.3063 0.8588 0.1400 0.4700 0.8511 0.4734 0.8243
117 0.0835 0.1221 0.8870 0.3085 0.8543 0.1383 0.4719 0.8602 0.4645 0.8300
118 0.0816 0.1191 0.8837 0.3097 0.8519 0.1710 0.4756 0.8387 0.5701 0.8158
119 0.0926 0.1371 0.8779 0.3404 0.8454 0.1407 0.4710 0.8449 0.4927 0.8193
120 0.1260 0.1766 0.8552 0.4296 0.8206 0.1632 0.5045 0.8231 0.5039 0.7941
121 0.1181 0.1644 0.8584 0.4131 0.8248 0.1581 0.4956 0.8208 0.5223 0.7952
122 0.1000 0.1448 0.8724 0.3597 0.8387 0.1439 0.4859 0.8437 0.4920 0.8218
123 0.0963 0.1433 0.8755 0.3529 0.8426 0.1454 0.4773 0.8502 0.4873 0.8240
124 0.0856 0.1238 0.8846 0.3155 0.8529 0.1495 0.4753 0.8537 0.5017 0.8296
125 0.0880 0.1331 0.8863 0.3107 0.8561 0.1449 0.4792 0.8527 0.4811 0.8271
126 0.0828 0.1220 0.8911 0.2979 0.8603 0.1452 0.4717 0.8429 0.4915 0.8179
127 0.0817 0.1210 0.8891 0.3040 0.8578 0.1376 0.4735 0.8479 0.4713 0.8228
128 0.0868 0.1258 0.8864 0.3208 0.8533 0.1437 0.4699 0.8560 0.4939 0.8253
129 0.0895 0.1307 0.8813 0.3326 0.8490 0.1810 0.4753 0.8501 0.5760 0.8257
130 0.0951 0.1378 0.8803 0.3473 0.8475 0.1731 0.4840 0.8193 0.5844 0.7915
131 0.0853 0.1245 0.8834 0.3213 0.8514 0.1492 0.4750 0.8497 0.5053 0.8273
132 0.0938 0.1350 0.8831 0.3365 0.8464 0.1492 0.4746 0.8379 0.5167 0.8114
133 0.0816 0.1225 0.8858 0.3112 0.8550 0.1367 0.4668 0.8504 0.4804 0.8247
134 0.0708 0.1067 0.8961 0.2750 0.8655 0.1575 0.4678 0.8438 0.5350 0.8176
135 0.0688 0.1048 0.8964 0.2679 0.8660 0.1571 0.4638 0.8471 0.5394 0.8214
136 0.0652 0.0981 0.9017 0.2595 0.8712 0.1523 0.4604 0.8548 0.5409 0.8291
137 0.0727 0.1075 0.8922 0.2850 0.8596 0.1456 0.4618 0.8555 0.5162 0.8276
138 0.0671 0.0954 0.8976 0.2683 0.8678 0.1803 0.4595 0.8396 0.6000 0.8116
139 0.0814 0.1192 0.8886 0.3035 0.8573 0.1447 0.4734 0.8432 0.5235 0.8153
140 0.0818 0.1210 0.8810 0.3227 0.8488 0.1806 0.4685 0.8404 0.6394 0.8135
141 0.0851 0.1188 0.8781 0.3327 0.8450 0.1389 0.4793 0.8480 0.4580 0.8150
142 0.0945 0.1345 0.8779 0.3414 0.8441 0.1447 0.4652 0.8435 0.5207 0.8191
143 0.0750 0.1073 0.8930 0.2928 0.8607 0.1656 0.4776 0.8325 0.5722 0.8070
144 0.0730 0.1046 0.8943 0.2813 0.8648 0.1503 0.4615 0.8501 0.5295 0.8250
145 0.0643 0.0967 0.8987 0.2611 0.8680 0.1420 0.4606 0.8544 0.5058 0.8291
146 0.0644 0.0949 0.8954 0.2713 0.8634 0.1506 0.4605 0.8535 0.5216 0.8272
147 0.0675 0.0990 0.8951 0.2774 0.8644 0.1908 0.4616 0.8451 0.6170 0.8215
148 0.0683 0.1007 0.8952 0.2756 0.8633 0.1830 0.4709 0.8350 0.6073 0.8079
149 0.0769 0.1082 0.8876 0.3013 0.8554 0.2056 0.4763 0.8249 0.6648 0.8002
150 0.0970 0.1353 0.8748 0.3583 0.8437 0.1424 0.4790 0.8397 0.5072 0.8119
151 0.0918 0.1319 0.8837 0.3279 0.8527 0.1603 0.4755 0.8437 0.5435 0.8184
152 0.0845 0.1210 0.8806 0.3302 0.8472 0.1772 0.4725 0.8310 0.6052 0.8054
153 0.0738 0.1086 0.8921 0.2869 0.8610 0.1457 0.4720 0.8383 0.5113 0.8088
154 0.0712 0.1043 0.8985 0.2739 0.8680 0.1367 0.4605 0.8541 0.4820 0.8275
155 0.0630 0.0952 0.8995 0.2535 0.8687 0.1344 0.4585 0.8558 0.4804 0.8315
156 0.0651 0.0969 0.8952 0.2686 0.8637 0.1300 0.4587 0.8603 0.4751 0.8344
157 0.0655 0.0956 0.8976 0.2692 0.8652 0.1387 0.4603 0.8478 0.5179 0.8204
158 0.0732 0.1015 0.8934 0.2896 0.8626 0.1436 0.4593 0.8517 0.5302 0.8219
159 0.0745 0.1089 0.8884 0.2970 0.8562 0.1616 0.4796 0.8338 0.5360 0.7970
160 0.0831 0.1163 0.8867 0.3171 0.8516 0.1774 0.4638 0.8457 0.6095 0.8218
161 0.0796 0.1158 0.8859 0.3124 0.8535 0.1664 0.4623 0.8467 0.5580 0.8172
162 0.0792 0.1142 0.8859 0.3074 0.8523 0.1962 0.4753 0.8143 0.6626 0.7874
163 0.0686 0.1010 0.8936 0.2742 0.8620 0.1607 0.4608 0.8456 0.5426 0.8220
164 0.0639 0.0948 0.9013 0.2525 0.8709 0.1734 0.4557 0.8481 0.5735 0.8239
165 0.0580 0.0865 0.9046 0.2400 0.8728 0.1755 0.4560 0.8493 0.5781 0.8257
166 0.0564 0.0845 0.9014 0.2453 0.8706 0.1906 0.4544 0.8454 0.6120 0.8162
167 0.0591 0.0851 0.9040 0.2457 0.8711 0.1949 0.4507 0.8499 0.6324 0.8265
168 0.0631 0.0904 0.9019 0.2563 0.8719 0.1834 0.4620 0.8513 0.6026 0.8288
169 0.0683 0.0974 0.8939 0.2808 0.8607 0.1905 0.4619 0.8461 0.6324 0.8198
170 0.0757 0.1058 0.8878 0.3027 0.8538 0.1935 0.4683 0.8334 0.6394 0.8028
171 0.0755 0.1089 0.8916 0.2922 0.8582 0.1645 0.4678 0.8391 0.5704 0.8075
172 0.0746 0.1074 0.8879 0.3018 0.8554 0.1395 0.4627 0.8489 0.5115 0.8233
173 0.0578 0.0864 0.9020 0.2426 0.8711 0.1624 0.4584 0.8497 0.5620 0.8242
174 0.0577 0.0851 0.9041 0.2423 0.8720 0.1642 0.4542 0.8532 0.5697 0.8294
175 0.0560 0.0823 0.9052 0.2401 0.8731 0.1607 0.4560 0.8527 0.5607 0.8287
176 0.0546 0.0806 0.9034 0.2387 0.8727 0.1593 0.4557 0.8506 0.5498 0.8259
177 0.0554 0.0821 0.9017 0.2428 0.8711 0.1711 0.4532 0.8489 0.5864 0.8241
178 0.0576 0.0839 0.9033 0.2447 0.8712 0.1702 0.4618 0.8469 0.5751 0.8193
179 0.0620 0.0881 0.8980 0.2627 0.8682 0.1568 0.4680 0.8510 0.5336 0.8241
180 0.0723 0.1022 0.8918 0.2945 0.8596 0.1650 0.4711 0.8262 0.6321 0.7975
181 0.0825 0.1193 0.8826 0.3159 0.8476 0.1770 0.4742 0.8448 0.5753 0.8175
182 0.0716 0.1025 0.8917 0.2895 0.8586 0.1503 0.4610 0.8414 0.5390 0.8141
183 0.0630 0.0905 0.9001 0.2603 0.8677 0.1494 0.4571 0.8432 0.5442 0.8175
184 0.0574 0.0817 0.9031 0.2426 0.8736 0.1487 0.4550 0.8464 0.5288 0.8217
185 0.0554 0.0823 0.9038 0.2393 0.8733 0.1483 0.4508 0.8490 0.5284 0.8247
186 0.0526 0.0767 0.9089 0.2287 0.8794 0.1542 0.4571 0.8475 0.5380 0.8237
187 0.0569 0.0810 0.9030 0.2483 0.8725 0.1556 0.4546 0.8472 0.5466 0.8199
188 0.0665 0.0939 0.9017 0.2641 0.8688 0.1574 0.4630 0.8484 0.5603 0.8230
189 0.0734 0.1043 0.8909 0.2902 0.8548 0.1641 0.4662 0.8470 0.5685 0.8246
190 0.0885 0.1204 0.8794 0.3393 0.8472 0.1522 0.4735 0.8413 0.5156 0.8100
191 0.0828 0.1205 0.8843 0.3169 0.8494 0.1671 0.4676 0.8464 0.5638 0.8215
192 0.0717 0.1048 0.8921 0.2886 0.8598 0.1345 0.4692 0.8475 0.4763 0.8215
193 0.0624 0.0936 0.9001 0.2582 0.8678 0.1407 0.4557 0.8501 0.5196 0.8238
194 0.0551 0.0811 0.9083 0.2307 0.8773 0.1387 0.4527 0.8576 0.5077 0.8331
195 0.0518 0.0745 0.9064 0.2315 0.8755 0.1418 0.4502 0.8580 0.5167 0.8331
196 0.0513 0.0753 0.9070 0.2283 0.8769 0.1385 0.4560 0.8576 0.5090 0.8306
197 0.0548 0.0769 0.9055 0.2387 0.8744 0.1590 0.4507 0.8489 0.5550 0.8234
198 0.0540 0.0787 0.9057 0.2332 0.8756 0.1473 0.4601 0.8481 0.5520 0.8235
199 0.0688 0.0939 0.8939 0.2845 0.8612 0.1390 0.4661 0.8418 0.5101 0.8137
200 0.0750 0.1080 0.8862 0.3062 0.8537 0.1591 0.4762 0.8402 0.5612 0.8103
201 0.0728 0.1045 0.8902 0.2945 0.8586 0.1455 0.4701 0.8385 0.5226 0.8115
202 0.0679 0.0990 0.8965 0.2697 0.8655 0.1568 0.4676 0.8442 0.5800 0.8215
203 0.0597 0.0886 0.8986 0.2546 0.8663 0.1741 0.4553 0.8448 0.5836 0.8185
204 0.0522 0.0776 0.9050 0.2319 0.8746 0.1589 0.4560 0.8507 0.5533 0.8277
205 0.0480 0.0718 0.9093 0.2153 0.8804 0.1606 0.4494 0.8539 0.5543 0.8290
206 0.0498 0.0729 0.9075 0.2252 0.8766 0.1744 0.4469 0.8545 0.5892 0.8299
207 0.0476 0.0704 0.9070 0.2163 0.8756 0.1650 0.4445 0.8535 0.5773 0.8248
208 0.0508 0.0749 0.9043 0.2281 0.8740 0.2138 0.4598 0.8487 0.6763 0.8240
209 0.0597 0.0855 0.8978 0.2604 0.8648 0.1690 0.4587 0.8450 0.6028 0.8183
210 0.0764 0.1075 0.8856 0.3022 0.8521 0.1865 0.4488 0.8339 0.6512 0.8067
211 0.0716 0.1036 0.8924 0.2868 0.8588 0.1688 0.4738 0.8327 0.6073 0.8097
212 0.0661 0.0960 0.8966 0.2700 0.8647 0.1367 0.4628 0.8487 0.4980 0.8271
213 0.0583 0.0830 0.9045 0.2469 0.8746 0.1466 0.4566 0.8516 0.5311 0.8243
214 0.0561 0.0818 0.9034 0.2419 0.8743 0.1592 0.4531 0.8566 0.5466 0.8300
215 0.0519 0.0765 0.9067 0.2257 0.8739 0.1564 0.4513 0.8582 0.5374 0.8336
216 0.0498 0.0734 0.9070 0.2219 0.8759 0.1707 0.4438 0.8557 0.5847 0.8327
217 0.0501 0.0712 0.9110 0.2200 0.8810 0.1622 0.4545 0.8513 0.5606 0.8237
218 0.0526 0.0764 0.9068 0.2345 0.8772 0.1825 0.4493 0.8543 0.6052 0.8262
219 0.0535 0.0770 0.9051 0.2360 0.8751 0.2279 0.4435 0.8405 0.7503 0.8198
220 0.0637 0.0914 0.8940 0.2710 0.8604 0.1586 0.4613 0.8472 0.5592 0.8125
221 0.0653 0.0946 0.8950 0.2758 0.8635 0.1721 0.4582 0.8357 0.6197 0.8116
222 0.0616 0.0871 0.8970 0.2631 0.8643 0.2155 0.4591 0.8330 0.6879 0.8114
223 0.0582 0.0869 0.9009 0.2459 0.8706 0.1740 0.4485 0.8562 0.5920 0.8323
224 0.0494 0.0718 0.9117 0.2160 0.8807 0.1712 0.4446 0.8547 0.5808 0.8292
225 0.0490 0.0711 0.9084 0.2180 0.8758 0.1700 0.4472 0.8546 0.5808 0.8272
226 0.0488 0.0702 0.9126 0.2179 0.8829 0.1846 0.4452 0.8508 0.6162 0.8251
227 0.0460 0.0667 0.9125 0.2110 0.8829 0.1903 0.4415 0.8492 0.6445 0.8196
228 0.0509 0.0753 0.9034 0.2359 0.8710 0.2049 0.4439 0.8438 0.6624 0.8122
229 0.0716 0.1007 0.8909 0.2844 0.8580 0.1414 0.4724 0.8436 0.5101 0.8179
230 0.0786 0.1111 0.8874 0.3114 0.8551 0.1798 0.4699 0.8297 0.6056 0.7971
231 0.0723 0.1000 0.8939 0.2913 0.8614 0.1462 0.4637 0.8504 0.5390 0.8263
232 0.0681 0.0959 0.8974 0.2702 0.8663 0.1626 0.4569 0.8549 0.5601 0.8278
233 0.0562 0.0846 0.9054 0.2373 0.8747 0.1736 0.4482 0.8479 0.6100 0.8247
234 0.0504 0.0714 0.9056 0.2232 0.8762 0.1911 0.4397 0.8560 0.6242 0.8314
235 0.0469 0.0690 0.9101 0.2120 0.8807 0.1899 0.4360 0.8572 0.6264 0.8319
236 0.0471 0.0709 0.9084 0.2184 0.8761 0.1906 0.4368 0.8552 0.6280 0.8309
237 0.0473 0.0691 0.9066 0.2217 0.8753 0.1800 0.4507 0.8548 0.6085 0.8299
238 0.0473 0.0686 0.9104 0.2154 0.8781 0.2116 0.4416 0.8544 0.6800 0.8311
239 0.0492 0.0722 0.9050 0.2318 0.8740 0.1782 0.4452 0.8511 0.6303 0.8258
240 0.0646 0.0906 0.9002 0.2646 0.8685 0.1783 0.4643 0.8362 0.6226 0.8048
241 0.0613 0.0878 0.9002 0.2645 0.8688 0.1990 0.4692 0.8288 0.6900 0.8063
242 0.0524 0.0768 0.9006 0.2430 0.8689 0.1924 0.4629 0.8446 0.6415 0.8214
243 0.0525 0.0770 0.9047 0.2339 0.8758 0.1836 0.4485 0.8526 0.6076 0.8263
244 0.0458 0.0683 0.9110 0.2117 0.8794 0.2060 0.4415 0.8557 0.6651 0.8301
245 0.0417 0.0611 0.9118 0.2060 0.8795 0.1987 0.4438 0.8568 0.6486 0.8300
246 0.0424 0.0627 0.9164 0.1989 0.8868 0.1914 0.4453 0.8544 0.6348 0.8280
247 0.0449 0.0655 0.9127 0.2057 0.8812 0.1860 0.4443 0.8513 0.6213 0.8279
248 0.0446 0.0649 0.9120 0.2148 0.8815 0.1924 0.4436 0.8552 0.6540 0.8295
249 0.0492 0.0686 0.9085 0.2246 0.8790 0.2184 0.4508 0.8408 0.7147 0.8167
