epoch train_BCELoss train_SoftDiceLoss train_iou train_loss train_mAP val_BCELoss val_SoftDiceLoss val_iou val_loss val_mAP
0 0.4814 0.5326 0.4416 1.0132 0.3634 0.3236 0.4158 0.6511 0.7388 0.5835
1 0.3051 0.3609 0.6509 0.6657 0.5773 0.2721 0.3530 0.6817 0.6247 0.6234
2 0.2592 0.3086 0.6871 0.5676 0.6210 0.2916 0.3048 0.6797 0.5962 0.6152
3 0.2338 0.2818 0.7098 0.5155 0.6462 0.2769 0.3047 0.6615 0.5816 0.6020
4 0.2077 0.2534 0.7207 0.4611 0.6631 0.2106 0.2629 0.7288 0.4735 0.6770
5 0.1924 0.2325 0.7343 0.4249 0.6760 0.2218 0.2504 0.7100 0.4723 0.6594
6 0.1745 0.2097 0.7501 0.3843 0.6951 0.2662 0.2570 0.6973 0.5233 0.6441
7 0.1656 0.1973 0.7551 0.3631 0.7024 0.1856 0.2175 0.7471 0.4034 0.6969
8 0.1598 0.1861 0.7623 0.3462 0.7101 0.2479 0.2188 0.7321 0.4669 0.6801
9 0.1484 0.1720 0.7699 0.3208 0.7195 0.2778 0.2305 0.7186 0.5085 0.6621
10 0.1376 0.1575 0.7828 0.2955 0.7332 0.2022 0.1953 0.7523 0.3979 0.7051
11 0.1330 0.1519 0.7821 0.2854 0.7321 0.1807 0.1875 0.7584 0.3688 0.7171
12 0.1366 0.1508 0.7849 0.2879 0.7342 0.2527 0.2050 0.7159 0.4582 0.6674
13 0.1209 0.1345 0.7930 0.2560 0.7461 0.1810 0.1783 0.7679 0.3599 0.7252
14 0.1142 0.1264 0.8052 0.2412 0.7573 0.1781 0.1713 0.7551 0.3501 0.7096
15 0.1011 0.1184 0.8193 0.2202 0.7754 0.1707 0.1646 0.7706 0.3360 0.7271
16 0.0952 0.1134 0.8226 0.2093 0.7797 0.1698 0.1633 0.7767 0.3338 0.7317
17 0.0863 0.1034 0.8372 0.1905 0.7961 0.1731 0.1614 0.7723 0.3352 0.7291
18 0.0835 0.0984 0.8396 0.1826 0.8003 0.1734 0.1587 0.7848 0.3329 0.7421
19 0.0819 0.0959 0.8444 0.1786 0.8056 0.1759 0.1600 0.7806 0.3366 0.7375
20 0.0824 0.0957 0.8380 0.1789 0.8003 0.1799 0.1606 0.7726 0.3412 0.7279
21 0.0837 0.0977 0.8385 0.1821 0.7981 0.1786 0.1589 0.7760 0.3382 0.7320
22 0.0830 0.0978 0.8341 0.1815 0.7947 0.1723 0.1556 0.7831 0.3287 0.7400
23 0.0834 0.0980 0.8351 0.1821 0.7955 0.1732 0.1565 0.7821 0.3305 0.7387
24 0.0790 0.0936 0.8444 0.1733 0.8069 0.1769 0.1599 0.7737 0.3375 0.7298
25 0.1089 0.1168 0.8072 0.2264 0.7626 0.1706 0.1551 0.7710 0.3264 0.7292
26 0.1045 0.1110 0.8131 0.2163 0.7692 0.1920 0.1659 0.7681 0.3586 0.7265
27 0.1058 0.1095 0.8165 0.2161 0.7739 0.1924 0.1622 0.7616 0.3554 0.7183
28 0.1021 0.1073 0.8162 0.2101 0.7732 0.2123 0.1656 0.7541 0.3785 0.7023
29 0.0975 0.0987 0.8259 0.1970 0.7830 0.1846 0.1463 0.7879 0.3318 0.7474
30 0.0792 0.0840 0.8384 0.1642 0.8000 0.1760 0.1410 0.7799 0.3179 0.7366
31 0.0734 0.0805 0.8473 0.1549 0.8093 0.1734 0.1396 0.7855 0.3139 0.7438
32 0.0693 0.0765 0.8566 0.1467 0.8198 0.1784 0.1395 0.7880 0.3188 0.7448
33 0.0710 0.0757 0.8538 0.1477 0.8176 0.1752 0.1386 0.7933 0.3147 0.7512
34 0.0676 0.0737 0.8541 0.1423 0.8190 0.1734 0.1351 0.7935 0.3095 0.7544
35 0.0658 0.0729 0.8574 0.1397 0.8231 0.1777 0.1369 0.7876 0.3155 0.7461
36 0.0669 0.0750 0.8521 0.1429 0.8170 0.1765 0.1375 0.7871 0.3149 0.7448
37 0.0647 0.0719 0.8618 0.1376 0.8262 0.1734 0.1353 0.7928 0.3097 0.7504
38 0.0674 0.0730 0.8584 0.1414 0.8236 0.1752 0.1360 0.7866 0.3121 0.7449
39 0.0666 0.0734 0.8603 0.1410 0.8237 0.1722 0.1341 0.7931 0.3073 0.7525
40 0.0826 0.0825 0.8357 0.1660 0.7988 0.2306 0.1624 0.7628 0.3938 0.7161
41 0.0990 0.0994 0.8208 0.1993 0.7771 0.2009 0.1479 0.7813 0.3497 0.7376
42 0.0854 0.0828 0.8342 0.1692 0.7958 0.2064 0.1523 0.7670 0.3595 0.7278
43 0.0921 0.0885 0.8269 0.1816 0.7873 0.1845 0.1409 0.7990 0.3264 0.7595
44 0.0786 0.0768 0.8401 0.1565 0.8016 0.1982 0.1401 0.7788 0.3393 0.7331
45 0.0709 0.0702 0.8495 0.1422 0.8134 0.1834 0.1310 0.7899 0.3155 0.7462
46 0.0611 0.0650 0.8621 0.1272 0.8282 0.1804 0.1310 0.7876 0.3125 0.7455
47 0.0611 0.0637 0.8641 0.1258 0.8299 0.1803 0.1310 0.7820 0.3124 0.7386
48 0.0580 0.0608 0.8655 0.1199 0.8336 0.1824 0.1302 0.7880 0.3136 0.7445
49 0.0591 0.0617 0.8670 0.1220 0.8342 0.1829 0.1292 0.7948 0.3131 0.7499
50 0.0576 0.0600 0.8663 0.1187 0.8338 0.1822 0.1300 0.7881 0.3133 0.7446
51 0.0579 0.0602 0.8663 0.1192 0.8347 0.1813 0.1288 0.7918 0.3112 0.7501
52 0.0555 0.0582 0.8730 0.1148 0.8408 0.1817 0.1298 0.7967 0.3126 0.7532
53 0.0558 0.0580 0.8731 0.1150 0.8406 0.1808 0.1274 0.7943 0.3093 0.7520
54 0.0585 0.0594 0.8645 0.1190 0.8330 0.1789 0.1268 0.7936 0.3068 0.7511
55 0.0540 0.0566 0.8720 0.1118 0.8391 0.1805 0.1285 0.7942 0.3100 0.7519
56 0.0574 0.0596 0.8696 0.1182 0.8366 0.1775 0.1270 0.7976 0.3055 0.7542
57 0.0563 0.0593 0.8703 0.1167 0.8398 0.1838 0.1311 0.7960 0.3160 0.7526
58 0.0565 0.0599 0.8684 0.1176 0.8368 0.1815 0.1287 0.7963 0.3113 0.7533
59 0.0533 0.0568 0.8710 0.1112 0.8399 0.1815 0.1295 0.7951 0.3121 0.7523
