epoch train_BCELoss train_SoftDiceLoss train_iou train_loss train_mAP val_BCELoss val_SoftDiceLoss val_iou val_loss val_mAP
0 0.4552 0.5118 0.5356 0.9642 0.4769 0.3265 0.6045 0.6966 0.9296 0.6445
1 0.2823 0.3402 0.7031 0.6203 0.6404 0.2721 0.5601 0.7402 0.8317 0.6780
2 0.2313 0.2899 0.7476 0.5200 0.6951 0.2471 0.5609 0.7592 0.8077 0.7077
3 0.1987 0.2547 0.7800 0.4526 0.7302 0.2327 0.5450 0.7771 0.7774 0.7340
4 0.1844 0.2397 0.7869 0.4234 0.7372 0.2244 0.5422 0.7863 0.7665 0.7441
5 0.1734 0.2318 0.8058 0.4044 0.7603 0.2201 0.5426 0.7864 0.7626 0.7441
6 0.1716 0.2289 0.8084 0.3999 0.7627 0.2191 0.5393 0.7849 0.7583 0.7448
7 0.1635 0.2159 0.8070 0.3787 0.7622 0.2131 0.5355 0.7942 0.7486 0.7436
8 0.1638 0.2147 0.8063 0.3779 0.7632 0.2048 0.5323 0.7904 0.7372 0.7523
9 0.1697 0.2112 0.7917 0.3805 0.7451 0.2086 0.5260 0.7772 0.7347 0.7337
10 0.1676 0.2035 0.7854 0.3708 0.7387 0.2179 0.5239 0.7902 0.7421 0.7509
11 0.1429 0.1815 0.8076 0.3242 0.7656 0.1999 0.5216 0.7957 0.7218 0.7598
12 0.1326 0.1673 0.8157 0.2998 0.7735 0.2021 0.5168 0.8003 0.7193 0.7593
13 0.1147 0.1486 0.8397 0.2633 0.8035 0.1845 0.5053 0.8178 0.6902 0.7831
14 0.0995 0.1365 0.8518 0.2360 0.8164 0.1853 0.5038 0.8166 0.6895 0.7812
15 0.0933 0.1316 0.8566 0.2248 0.8230 0.1814 0.5040 0.8157 0.6859 0.7798
16 0.0925 0.1296 0.8577 0.2222 0.8245 0.1752 0.5002 0.8217 0.6758 0.7811
17 0.0931 0.1279 0.8595 0.2210 0.8264 0.1957 0.5040 0.8071 0.7002 0.7695
18 0.0905 0.1235 0.8567 0.2139 0.8229 0.1838 0.4935 0.8113 0.6778 0.7710
19 0.1023 0.1303 0.8409 0.2326 0.8042 0.2549 0.5211 0.7718 0.7767 0.7308
20 0.1141 0.1303 0.8251 0.2444 0.7841 0.2266 0.5055 0.7677 0.7326 0.7155
21 0.1132 0.1302 0.8311 0.2436 0.7948 0.2858 0.5156 0.7638 0.8023 0.7224
22 0.0926 0.1098 0.8416 0.2027 0.8064 0.2091 0.4971 0.8096 0.7070 0.7747
23 0.0838 0.1036 0.8575 0.1877 0.8242 0.1955 0.4882 0.8093 0.6845 0.7685
24 0.0693 0.0911 0.8729 0.1607 0.8417 0.1824 0.4833 0.8250 0.6664 0.7925
25 0.0637 0.0858 0.8793 0.1499 0.8502 0.1773 0.4816 0.8255 0.6595 0.7935
26 0.0631 0.0859 0.8784 0.1493 0.8489 0.1836 0.4819 0.8285 0.6662 0.7950
27 0.0601 0.0815 0.8790 0.1419 0.8514 0.1874 0.4831 0.8195 0.6713 0.7871
28 0.0595 0.0797 0.8805 0.1395 0.8528 0.1808 0.4797 0.8229 0.6613 0.7879
29 0.0661 0.0821 0.8740 0.1487 0.8432 0.1913 0.4761 0.8237 0.6683 0.7838
30 0.0655 0.0806 0.8727 0.1465 0.8412 0.4338 0.5323 0.7202 0.9675 0.6709
31 0.1088 0.1097 0.8206 0.2189 0.7824 0.2333 0.4893 0.8006 0.7236 0.7625
32 0.0812 0.0886 0.8500 0.1702 0.8138 0.2191 0.4804 0.8175 0.7006 0.7815
33 0.0633 0.0773 0.8685 0.1412 0.8375 0.1949 0.4781 0.8215 0.6739 0.7855
34 0.0544 0.0663 0.8823 0.1214 0.8551 0.1828 0.4713 0.8332 0.6552 0.8010
35 0.0497 0.0625 0.8871 0.1128 0.8619 0.1899 0.4705 0.8256 0.6614 0.7919
36 0.0499 0.0625 0.8857 0.1130 0.8578 0.1933 0.4691 0.8267 0.6634 0.7922
37 0.0477 0.0590 0.8896 0.1074 0.8628 0.1986 0.4707 0.8310 0.6705 0.8000
38 0.0483 0.0592 0.8930 0.1083 0.8681 0.2011 0.4677 0.8268 0.6699 0.7884
39 0.0466 0.0569 0.8897 0.1042 0.8632 0.2033 0.4675 0.8263 0.6720 0.7927
40 0.0503 0.0572 0.8836 0.1082 0.8556 0.2165 0.4662 0.8236 0.6840 0.7937
41 0.0464 0.0547 0.8867 0.1018 0.8585 0.2209 0.4592 0.8316 0.6813 0.8010
42 0.0614 0.0640 0.8838 0.1262 0.8551 0.2146 0.4693 0.8239 0.6850 0.7882
43 0.0457 0.0532 0.8931 0.0997 0.8657 0.2414 0.4602 0.8239 0.7031 0.7913
44 0.0381 0.0463 0.9007 0.0854 0.8763 0.2123 0.4603 0.8255 0.6739 0.7903
45 0.0373 0.0463 0.9030 0.0845 0.8809 0.2216 0.4600 0.8247 0.6831 0.7937
46 0.0374 0.0460 0.9027 0.0844 0.8795 0.2262 0.4606 0.8294 0.6883 0.7991
47 0.0386 0.0463 0.9007 0.0859 0.8783 0.2253 0.4603 0.8266 0.6870 0.7950
48 0.0401 0.0465 0.8949 0.0876 0.8710 0.2169 0.4541 0.8319 0.6724 0.7993
49 0.0387 0.0440 0.8972 0.0836 0.8729 0.2259 0.4540 0.8328 0.6814 0.7984
50 0.0385 0.0443 0.8990 0.0837 0.8747 0.2529 0.4541 0.8116 0.7087 0.7769
51 0.0393 0.0441 0.8949 0.0844 0.8688 0.2453 0.4606 0.8167 0.7074 0.7816
52 0.0464 0.0469 0.8925 0.0943 0.8663 0.2681 0.4588 0.8087 0.7286 0.7720
53 0.0393 0.0432 0.8994 0.0836 0.8749 0.2451 0.4579 0.8197 0.7047 0.7890
54 0.0340 0.0379 0.9107 0.0731 0.8897 0.2500 0.4531 0.8267 0.7048 0.7970
55 0.0303 0.0353 0.9106 0.0668 0.8898 0.2478 0.4530 0.8292 0.7026 0.7993
56 0.0295 0.0347 0.9152 0.0654 0.8953 0.2438 0.4538 0.8288 0.6993 0.7963
57 0.0297 0.0342 0.9138 0.0652 0.8943 0.2509 0.4532 0.8272 0.7058 0.7958
58 0.0287 0.0330 0.9144 0.0630 0.8946 0.2474 0.4511 0.8316 0.7003 0.7985
59 0.0292 0.0334 0.9168 0.0638 0.8969 0.2566 0.4558 0.8322 0.7143 0.8010
60 0.0303 0.0334 0.9112 0.0650 0.8896 0.2649 0.4488 0.8270 0.7157 0.7943
61 0.0311 0.0339 0.9098 0.0663 0.8879 0.2497 0.4830 0.8094 0.7344 0.7739
62 0.0390 0.0406 0.9017 0.0808 0.8757 0.2420 0.4423 0.8282 0.6860 0.7958
63 0.0305 0.0335 0.9116 0.0653 0.8891 0.2461 0.4411 0.8332 0.6892 0.8010
64 0.0273 0.0308 0.9182 0.0595 0.8988 0.2505 0.4434 0.8246 0.6959 0.7937
65 0.0250 0.0291 0.9212 0.0557 0.9028 0.2459 0.4418 0.8283 0.6897 0.7953
66 0.0244 0.0281 0.9238 0.0541 0.9058 0.2457 0.4394 0.8296 0.6871 0.7969
67 0.0246 0.0274 0.9235 0.0535 0.9067 0.2498 0.4377 0.8257 0.6895 0.7931
68 0.0247 0.0279 0.9228 0.0541 0.9053 0.2555 0.4365 0.8271 0.6940 0.7948
69 0.0254 0.0279 0.9202 0.0548 0.9023 0.2570 0.4351 0.8295 0.6942 0.7951
70 0.0523 0.0492 0.8857 0.1029 0.8583 0.2485 0.4700 0.7886 0.7200 0.7491
71 0.0998 0.0851 0.8303 0.1860 0.7924 0.1696 0.4810 0.8149 0.6518 0.7798
72 0.0678 0.0596 0.8656 0.1286 0.8340 0.1796 0.4622 0.8274 0.6431 0.7920
73 0.0454 0.0433 0.8893 0.0900 0.8634 0.2016 0.4504 0.8245 0.6537 0.7884
74 0.0373 0.0370 0.8972 0.0756 0.8734 0.2611 0.4541 0.8155 0.7172 0.7824
75 0.0314 0.0333 0.9029 0.0662 0.8814 0.2576 0.4534 0.8209 0.7129 0.7891
76 0.0305 0.0325 0.9013 0.0644 0.8786 0.2365 0.4489 0.8325 0.6873 0.7994
77 0.0300 0.0311 0.9072 0.0626 0.8856 0.2505 0.4509 0.8280 0.7034 0.7925
78 0.0275 0.0292 0.9090 0.0581 0.8882 0.2536 0.4478 0.8353 0.7034 0.8035
79 0.0270 0.0280 0.9156 0.0565 0.8948 0.2437 0.4459 0.8305 0.6916 0.7982
80 0.0460 0.0404 0.8939 0.0879 0.8682 0.2471 0.4653 0.8179 0.7142 0.7825
81 0.0566 0.0495 0.8751 0.1074 0.8459 0.2358 0.4504 0.8218 0.6879 0.7840
82 0.0450 0.0420 0.8862 0.0884 0.8606 0.1998 0.4549 0.8335 0.6566 0.8029
83 0.0370 0.0366 0.8991 0.0751 0.8736 0.2258 0.4390 0.8334 0.6668 0.8032
84 0.0281 0.0296 0.9105 0.0594 0.8895 0.2266 0.4419 0.8351 0.6706 0.8052
85 0.0260 0.0275 0.9150 0.0551 0.8948 0.2247 0.4437 0.8340 0.6704 0.8052
86 0.0254 0.0269 0.9150 0.0539 0.8950 0.2353 0.4439 0.8354 0.6813 0.8064
87 0.0249 0.0259 0.9180 0.0525 0.8991 0.2377 0.4376 0.8314 0.6774 0.8011
88 0.0251 0.0261 0.9170 0.0528 0.8983 0.2342 0.4428 0.8361 0.6791 0.8051
89 0.0243 0.0249 0.9186 0.0509 0.9008 0.2789 0.4402 0.8271 0.7213 0.7956
90 0.0285 0.0278 0.9155 0.0580 0.8951 0.3015 0.4389 0.8281 0.7427 0.7997
91 0.0322 0.0312 0.9067 0.0650 0.8838 0.2514 0.4559 0.8152 0.7095 0.7802
92 0.0327 0.0322 0.9116 0.0665 0.8899 0.1889 0.4352 0.8340 0.6259 0.8008
93 0.0263 0.0265 0.9169 0.0545 0.8982 0.2541 0.4242 0.8216 0.6805 0.7871
94 0.0236 0.0245 0.9219 0.0499 0.9054 0.2318 0.4258 0.8240 0.6598 0.7894
95 0.0213 0.0225 0.9276 0.0457 0.9106 0.2279 0.4305 0.8267 0.6605 0.7912
96 0.0216 0.0227 0.9267 0.0462 0.9108 0.2781 0.4262 0.8246 0.7066 0.7932
97 0.0206 0.0213 0.9281 0.0438 0.9112 0.2594 0.4269 0.8328 0.6886 0.8010
98 0.0208 0.0215 0.9269 0.0442 0.9112 0.2308 0.4344 0.8374 0.6673 0.8033
99 0.0204 0.0209 0.9277 0.0432 0.9111 0.2569 0.4236 0.8319 0.6828 0.8009
100 0.0209 0.0213 0.9277 0.0441 0.9106 0.2540 0.4284 0.8349 0.6846 0.8013
101 0.0214 0.0217 0.9281 0.0450 0.9114 0.2524 0.4219 0.8314 0.6766 0.7987
102 0.0199 0.0206 0.9304 0.0424 0.9144 0.2552 0.4241 0.8312 0.6816 0.8000
103 0.0188 0.0193 0.9335 0.0401 0.9185 0.2352 0.4306 0.8404 0.6681 0.8098
104 0.0178 0.0189 0.9362 0.0389 0.9229 0.2427 0.4282 0.8374 0.6732 0.8039
105 0.0166 0.0177 0.9390 0.0364 0.9268 0.2396 0.4249 0.8367 0.6668 0.8032
106 0.0167 0.0178 0.9367 0.0367 0.9248 0.2461 0.4244 0.8342 0.6728 0.8002
107 0.0164 0.0172 0.9393 0.0358 0.9273 0.2544 0.4192 0.8328 0.6760 0.8002
108 0.0168 0.0173 0.9388 0.0364 0.9263 0.2642 0.4201 0.8360 0.6867 0.8040
109 0.0173 0.0177 0.9369 0.0371 0.9237 0.2615 0.4250 0.8346 0.6888 0.8023
110 0.0196 0.0193 0.9300 0.0409 0.9155 0.2626 0.4242 0.8302 0.6890 0.7964
111 0.0195 0.0196 0.9295 0.0411 0.9133 0.2785 0.4228 0.8301 0.7036 0.7991
112 0.0177 0.0186 0.9349 0.0385 0.9193 0.2738 0.4228 0.8326 0.6990 0.7977
113 0.0168 0.0174 0.9373 0.0364 0.9231 0.2706 0.4172 0.8325 0.6903 0.7989
114 0.0153 0.0163 0.9409 0.0339 0.9294 0.2783 0.4204 0.8323 0.7011 0.7994
115 0.0147 0.0156 0.9421 0.0328 0.9325 0.2753 0.4168 0.8329 0.6946 0.8001
116 0.0145 0.0155 0.9415 0.0325 0.9308 0.2897 0.4151 0.8300 0.7073 0.7979
117 0.0147 0.0154 0.9413 0.0326 0.9303 0.2765 0.4167 0.8307 0.6957 0.7981
118 0.0149 0.0155 0.9420 0.0329 0.9301 0.2873 0.4200 0.8331 0.7098 0.7982
119 0.0419 0.0357 0.8999 0.0793 0.8740 0.2651 0.4512 0.8285 0.7184 0.7914
120 0.0674 0.0503 0.8780 0.1192 0.8470 0.4822 0.5036 0.7315 0.9883 0.6941
121 0.0877 0.0729 0.8477 0.1618 0.8143 0.2767 0.4515 0.8089 0.7299 0.7769
122 0.0532 0.0486 0.8825 0.1033 0.8545 0.2402 0.4469 0.8178 0.6890 0.7882
123 0.0346 0.0322 0.9009 0.0684 0.8792 0.3047 0.4326 0.8226 0.7395 0.7944
124 0.0313 0.0287 0.9107 0.0618 0.8898 0.2366 0.4290 0.8323 0.6677 0.8060
125 0.0251 0.0251 0.9152 0.0519 0.8956 0.2309 0.4314 0.8326 0.6643 0.8065
126 0.0245 0.0241 0.9170 0.0505 0.8990 0.2662 0.4211 0.8351 0.6895 0.8065
127 0.0228 0.0226 0.9175 0.0474 0.8996 0.2813 0.4292 0.8327 0.7128 0.8051
128 0.0225 0.0218 0.9227 0.0462 0.9041 0.2927 0.4335 0.8316 0.7285 0.8046
129 0.0224 0.0217 0.9223 0.0460 0.9047 0.3112 0.4326 0.8300 0.7462 0.8020
130 0.0233 0.0223 0.9187 0.0475 0.9004 0.2783 0.4419 0.8275 0.7223 0.7977
131 0.0225 0.0219 0.9246 0.0463 0.9078 0.3144 0.4403 0.8270 0.7571 0.7987
132 0.0300 0.0261 0.9157 0.0580 0.8950 0.2641 0.4369 0.8317 0.7032 0.7985
133 0.0211 0.0211 0.9227 0.0441 0.9057 0.2953 0.4329 0.8325 0.7304 0.8035
134 0.0190 0.0192 0.9328 0.0403 0.9179 0.2983 0.4296 0.8364 0.7303 0.8067
135 0.0181 0.0184 0.9344 0.0387 0.9210 0.3141 0.4272 0.8343 0.7438 0.8060
136 0.0173 0.0175 0.9352 0.0370 0.9208 0.3239 0.4254 0.8321 0.7518 0.8042
137 0.0168 0.0169 0.9356 0.0360 0.9222 0.3448 0.4204 0.8299 0.7678 0.8028
138 0.0164 0.0165 0.9381 0.0352 0.9251 0.3106 0.4314 0.8318 0.7444 0.8059
139 0.0170 0.0168 0.9352 0.0361 0.9227 0.3432 0.4227 0.8316 0.7685 0.8050
140 0.0173 0.0174 0.9352 0.0369 0.9209 0.3319 0.4273 0.8305 0.7616 0.8027
141 0.0185 0.0181 0.9313 0.0387 0.9156 0.3361 0.4320 0.8275 0.7706 0.8017
142 0.0244 0.0233 0.9235 0.0499 0.9074 0.3494 0.4269 0.8092 0.7787 0.7779
143 0.0272 0.0249 0.9175 0.0541 0.8992 0.2908 0.4306 0.8226 0.7238 0.7890
144 0.0253 0.0207 0.9237 0.0482 0.9093 0.2825 0.4302 0.8260 0.7150 0.7936
145 0.0226 0.0194 0.9294 0.0442 0.9151 0.2906 0.4320 0.8255 0.7250 0.7926
146 0.0193 0.0183 0.9340 0.0400 0.9212 0.2966 0.4219 0.8280 0.7210 0.7958
147 0.0224 0.0202 0.9288 0.0448 0.9138 0.2682 0.4185 0.8273 0.6890 0.7940
148 0.0185 0.0169 0.9360 0.0376 0.9234 0.2635 0.4156 0.8431 0.6814 0.8118
149 0.0301 0.0256 0.9185 0.0578 0.8983 0.3280 0.4353 0.8276 0.7657 0.8007
