epoch train_BCELoss train_SoftDiceLoss train_iou train_loss train_mAP val_BCELoss val_SoftDiceLoss val_iou val_loss val_mAP
0 0.6268 0.6906 0.4119 1.7562 0.4119 0.6546 0.7453 0.3560 1.3996 0.3560
1 0.5914 0.6707 0.4140 1.4178 0.4074 0.4858 0.6960 0.4579 1.1783 0.3551
2 0.3816 0.4583 0.6155 0.9276 0.5348 0.3821 0.6041 0.6421 0.9819 0.5608
3 0.2897 0.3588 0.6926 0.7218 0.6273 0.2894 0.5875 0.7024 0.8751 0.6504
4 0.2492 0.3093 0.7266 0.6302 0.6732 0.2725 0.5830 0.7087 0.8547 0.6605
5 0.2247 0.2765 0.7509 0.5755 0.7007 0.2622 0.5595 0.7353 0.8213 0.6871
6 0.2135 0.2583 0.7554 0.5399 0.7058 0.2396 0.5523 0.7482 0.7916 0.7036
7 0.1926 0.2337 0.7649 0.4867 0.7175 0.2365 0.5362 0.7542 0.7725 0.7133
8 0.1715 0.2138 0.7827 0.4314 0.7357 0.2398 0.5333 0.7736 0.7730 0.7385
9 0.1669 0.2056 0.7939 0.4156 0.7497 0.2273 0.5254 0.7726 0.7527 0.7340
10 0.1552 0.1992 0.7960 0.3910 0.7514 0.2280 0.5262 0.7739 0.7542 0.7368
11 0.1519 0.1944 0.8045 0.3831 0.7618 0.2317 0.5258 0.7814 0.7574 0.7431
12 0.1533 0.1907 0.7987 0.3812 0.7563 0.2352 0.5282 0.7718 0.7635 0.7357
13 0.1532 0.1873 0.7964 0.3802 0.7522 0.2334 0.5245 0.7639 0.7580 0.7170
14 0.1617 0.1884 0.7843 0.4027 0.7397 0.2137 0.5151 0.7900 0.7289 0.7541
15 0.1559 0.1765 0.8041 0.3853 0.7603 0.4189 0.5854 0.6765 1.0049 0.6369
16 0.1576 0.1778 0.7895 0.3914 0.7457 0.2688 0.5271 0.7516 0.7962 0.7071
17 0.1352 0.1525 0.8092 0.3302 0.7693 0.2074 0.5091 0.7905 0.7169 0.7526
18 0.1278 0.1477 0.8181 0.3129 0.7778 0.2165 0.5022 0.8021 0.7191 0.7666
19 0.1156 0.1345 0.8310 0.2778 0.7914 0.2068 0.4938 0.8072 0.7011 0.7730
20 0.1072 0.1278 0.8381 0.2584 0.7994 0.2044 0.4952 0.8099 0.7001 0.7768
21 0.1077 0.1290 0.8367 0.2599 0.7999 0.1946 0.4977 0.8081 0.6928 0.7747
22 0.1027 0.1211 0.8434 0.2446 0.8078 0.2376 0.5021 0.7963 0.7403 0.7646
23 0.1074 0.1246 0.8365 0.2568 0.7970 0.2337 0.4986 0.7942 0.7329 0.7624
24 0.1274 0.1342 0.8135 0.3019 0.7747 0.3016 0.5055 0.7685 0.8078 0.7288
25 0.1346 0.1405 0.8125 0.3250 0.7729 0.2942 0.5073 0.7231 0.8021 0.6739
26 0.1207 0.1261 0.8227 0.2883 0.7830 0.2784 0.5001 0.7841 0.7793 0.7471
27 0.1227 0.1275 0.8209 0.2883 0.7828 0.2243 0.4889 0.7981 0.7139 0.7623
28 0.1025 0.1118 0.8347 0.2402 0.7973 0.2335 0.4862 0.8106 0.7205 0.7786
29 0.0925 0.1022 0.8480 0.2157 0.8144 0.2127 0.4803 0.8179 0.6937 0.7868
30 0.0881 0.0987 0.8548 0.2048 0.8212 0.2132 0.4794 0.8170 0.6934 0.7857
31 0.0895 0.0992 0.8458 0.2071 0.8113 0.2173 0.4808 0.8151 0.6989 0.7821
32 0.0884 0.0945 0.8501 0.2011 0.8158 0.2550 0.4850 0.8014 0.7409 0.7647
33 0.0919 0.0981 0.8430 0.2104 0.8077 0.2088 0.4753 0.8094 0.6848 0.7708
34 0.0963 0.0999 0.8416 0.2221 0.8049 0.2402 0.4792 0.8045 0.7205 0.7681
35 0.1191 0.1130 0.8311 0.2698 0.7931 0.2234 0.4898 0.7978 0.7140 0.7581
36 0.0987 0.0956 0.8449 0.2217 0.8089 0.2923 0.4915 0.7865 0.7848 0.7475
37 0.0913 0.0898 0.8510 0.2012 0.8157 0.2726 0.4864 0.7993 0.7601 0.7683
38 0.0828 0.0849 0.8608 0.1861 0.8268 0.2629 0.4795 0.8058 0.7435 0.7742
39 0.0783 0.0802 0.8594 0.1733 0.8260 0.2420 0.4711 0.8155 0.7141 0.7826
40 0.0673 0.0743 0.8674 0.1526 0.8342 0.2465 0.4731 0.8144 0.7206 0.7818
41 0.0701 0.0732 0.8681 0.1551 0.8372 0.2402 0.4725 0.8122 0.7137 0.7785
42 0.0671 0.0727 0.8615 0.1505 0.8304 0.2465 0.4751 0.7924 0.7225 0.7518
43 0.0846 0.0799 0.8647 0.1829 0.8309 0.2780 0.4876 0.7995 0.7668 0.7674
44 0.0861 0.0879 0.8466 0.1954 0.8094 0.2390 0.4731 0.7984 0.7131 0.7609
45 0.1003 0.0923 0.8523 0.2229 0.8184 0.3069 0.4981 0.7655 0.8063 0.7334
46 0.0948 0.0906 0.8486 0.2193 0.8142 0.2620 0.4726 0.8156 0.7358 0.7799
47 0.0901 0.0815 0.8604 0.1976 0.8275 0.2388 0.4671 0.8156 0.7071 0.7820
48 0.0772 0.0744 0.8662 0.1686 0.8331 0.2581 0.4664 0.8177 0.7257 0.7826
49 0.0658 0.0682 0.8728 0.1462 0.8422 0.2400 0.4660 0.8222 0.7073 0.7908
50 0.0659 0.0655 0.8702 0.1423 0.8405 0.2453 0.4640 0.8229 0.7106 0.7900
51 0.0653 0.0646 0.8729 0.1412 0.8444 0.2482 0.4652 0.8221 0.7146 0.7906
52 0.0652 0.0658 0.8697 0.1422 0.8385 0.2582 0.4645 0.8179 0.7240 0.7891
53 0.0743 0.0724 0.8684 0.1640 0.8387 0.2462 0.4734 0.8080 0.7208 0.7689
54 0.0712 0.0682 0.8690 0.1556 0.8395 0.2799 0.4723 0.8097 0.7535 0.7770
55 0.0851 0.0780 0.8618 0.1863 0.8279 0.2473 0.4682 0.8142 0.7169 0.7807
56 0.0788 0.0762 0.8612 0.1732 0.8288 0.3022 0.4803 0.7602 0.7837 0.7145
57 0.0755 0.0693 0.8628 0.1622 0.8296 0.2970 0.4641 0.7990 0.7625 0.7674
58 0.0643 0.0644 0.8730 0.1409 0.8444 0.2504 0.4686 0.8165 0.7204 0.7844
59 0.0562 0.0567 0.8788 0.1212 0.8492 0.2596 0.4542 0.8269 0.7153 0.7916
60 0.0539 0.0544 0.8846 0.1158 0.8568 0.2632 0.4557 0.8261 0.7204 0.7898
61 0.0529 0.0535 0.8862 0.1138 0.8579 0.2743 0.4497 0.8326 0.7255 0.7991
62 0.0559 0.0546 0.8820 0.1194 0.8533 0.2559 0.4579 0.8272 0.7153 0.7932
63 0.0574 0.0554 0.8762 0.1217 0.8467 0.2719 0.4593 0.8268 0.7327 0.7962
64 0.0602 0.0576 0.8746 0.1282 0.8427 0.2853 0.4612 0.8183 0.7479 0.7824
65 0.0860 0.0737 0.8600 0.1823 0.8264 0.3584 0.4897 0.7880 0.8497 0.7535
66 0.0859 0.0756 0.8509 0.1902 0.8156 0.3225 0.4814 0.7924 0.8055 0.7622
67 0.0750 0.0672 0.8634 0.1598 0.8322 0.2916 0.4684 0.8130 0.7614 0.7750
68 0.0657 0.0619 0.8761 0.1412 0.8473 0.2800 0.4638 0.8260 0.7454 0.7959
69 0.0618 0.0573 0.8747 0.1307 0.8442 0.2848 0.4480 0.8316 0.7344 0.8007
70 0.0568 0.0549 0.8760 0.1218 0.8469 0.2737 0.4516 0.8314 0.7269 0.8001
71 0.0502 0.0495 0.8884 0.1068 0.8603 0.2727 0.4568 0.8308 0.7311 0.7979
72 0.0525 0.0499 0.8807 0.1106 0.8531 0.2875 0.4678 0.8288 0.7569 0.7973
73 0.0521 0.0501 0.8887 0.1105 0.8604 0.2981 0.4539 0.8328 0.7538 0.8010
74 0.0591 0.0542 0.8771 0.1251 0.8448 0.3007 0.4632 0.8194 0.7655 0.7856
75 0.0794 0.0719 0.8549 0.1722 0.8227 0.2793 0.4691 0.7945 0.7498 0.7592
76 0.0745 0.0671 0.8651 0.1621 0.8347 0.3018 0.4576 0.8142 0.7609 0.7846
77 0.0651 0.0615 0.8733 0.1423 0.8410 0.2819 0.4546 0.8257 0.7381 0.7967
78 0.0590 0.0548 0.8788 0.1252 0.8503 0.2620 0.4522 0.8348 0.7159 0.8052
79 0.0508 0.0476 0.8868 0.1069 0.8581 0.2745 0.4481 0.8359 0.7243 0.8062
80 0.0498 0.0470 0.8884 0.1046 0.8621 0.2833 0.4501 0.8334 0.7351 0.8045
81 0.0493 0.0476 0.8835 0.1039 0.8543 0.2758 0.4502 0.8301 0.7277 0.8008
82 0.0482 0.0465 0.8822 0.1015 0.8540 0.2898 0.4494 0.8304 0.7410 0.8011
83 0.0492 0.0467 0.8857 0.1033 0.8556 0.3381 0.4537 0.8237 0.7937 0.7939
84 0.0554 0.0507 0.8850 0.1170 0.8572 0.2904 0.4504 0.8338 0.7426 0.8036
85 0.0658 0.0583 0.8722 0.1394 0.8425 0.3142 0.4716 0.8107 0.7873 0.7776
86 0.0716 0.0615 0.8716 0.1535 0.8405 0.2569 0.4576 0.8280 0.7160 0.7951
87 0.0746 0.0655 0.8708 0.1616 0.8377 0.3081 0.4547 0.8215 0.7643 0.7878
88 0.0513 0.0505 0.8841 0.1118 0.8559 0.2713 0.4538 0.8293 0.7267 0.8001
89 0.0507 0.0470 0.8906 0.1082 0.8624 0.3029 0.4509 0.8309 0.7556 0.7989
90 0.0481 0.0460 0.8891 0.1020 0.8595 0.2817 0.4520 0.8349 0.7354 0.8051
91 0.0465 0.0450 0.8904 0.0993 0.8627 0.2781 0.4493 0.8275 0.7291 0.7951
92 0.0431 0.0410 0.8953 0.0897 0.8682 0.2881 0.4508 0.8321 0.7407 0.8001
93 0.0579 0.0508 0.8877 0.1206 0.8576 0.3493 0.4662 0.8197 0.8174 0.7903
94 0.0535 0.0495 0.8820 0.1136 0.8514 0.3107 0.4529 0.8293 0.7653 0.7983
95 0.0631 0.0555 0.8766 0.1332 0.8463 0.2963 0.4819 0.8075 0.7797 0.7749
96 0.0787 0.0660 0.8669 0.1666 0.8357 0.2773 0.4756 0.8120 0.7543 0.7790
97 0.0689 0.0612 0.8679 0.1489 0.8363 0.4209 0.4716 0.7951 0.8944 0.7583
98 0.0620 0.0545 0.8745 0.1299 0.8436 0.2801 0.4585 0.8248 0.7402 0.7943
99 0.0479 0.0443 0.8878 0.1004 0.8595 0.3060 0.4512 0.8290 0.7590 0.8008
