epoch train_BCELoss train_SoftDiceLoss train_iou train_loss train_mAP val_BCELoss val_SoftDiceLoss val_iou val_loss val_mAP
0 0.6651 0.6808 0.3270 1.3450 0.3269 0.6786 0.7311 0.3538 1.4094 0.3538
1 0.6419 0.6777 0.3174 1.3186 0.3172 0.6207 0.7230 0.2472 1.3424 0.2411
2 0.4379 0.5010 0.5482 0.9345 0.4704 0.3371 0.6016 0.6671 0.9349 0.6031
3 0.3060 0.3701 0.6741 0.6725 0.6082 0.2910 0.5812 0.7108 0.8710 0.6583
4 0.2604 0.3186 0.7197 0.5771 0.6602 0.3103 0.5617 0.7119 0.8713 0.6518
5 0.2237 0.2815 0.7424 0.5040 0.6851 0.2821 0.5836 0.6998 0.8653 0.6533
6 0.1910 0.2452 0.7668 0.4352 0.7179 0.2643 0.5500 0.7445 0.8140 0.6948
7 0.1670 0.2186 0.7948 0.3848 0.7498 0.2178 0.5312 0.7760 0.7488 0.7359
8 0.1474 0.1986 0.8151 0.3453 0.7709 0.2541 0.5395 0.7640 0.7935 0.7253
9 0.1334 0.1858 0.8282 0.3185 0.7881 0.2134 0.5246 0.7889 0.7379 0.7518
10 0.1316 0.1804 0.8265 0.3114 0.7862 0.2143 0.5236 0.7875 0.7377 0.7502
11 0.1261 0.1762 0.8337 0.3017 0.7953 0.2239 0.5250 0.7846 0.7488 0.7465
12 0.1306 0.1750 0.8313 0.3050 0.7916 0.2168 0.5224 0.7855 0.7392 0.7484
13 0.1228 0.1663 0.8322 0.2887 0.7930 0.2352 0.5182 0.7779 0.7534 0.7390
14 0.1301 0.1673 0.8187 0.2970 0.7775 0.2399 0.5189 0.7748 0.7590 0.7317
15 0.1390 0.1649 0.8073 0.3036 0.7667 0.2504 0.5233 0.7644 0.7739 0.7212
16 0.1283 0.1540 0.8123 0.2821 0.7723 0.2411 0.5058 0.7823 0.7471 0.7396
17 0.1200 0.1441 0.8299 0.2640 0.7925 0.2201 0.4954 0.7969 0.7158 0.7585
18 0.0994 0.1256 0.8496 0.2249 0.8138 0.2313 0.4953 0.7975 0.7269 0.7598
19 0.0888 0.1159 0.8587 0.2046 0.8259 0.2347 0.5007 0.7942 0.7358 0.7602
20 0.0839 0.1139 0.8603 0.1977 0.8298 0.2323 0.5003 0.7966 0.7330 0.7627
21 0.0816 0.1099 0.8648 0.1914 0.8333 0.2207 0.4948 0.8009 0.7159 0.7634
22 0.0790 0.1077 0.8641 0.1867 0.8341 0.2213 0.4921 0.8026 0.7139 0.7662
23 0.0799 0.1066 0.8619 0.1865 0.8299 0.2253 0.4902 0.7992 0.7161 0.7650
24 0.0815 0.1037 0.8585 0.1851 0.8260 0.2315 0.4921 0.7820 0.7240 0.7385
25 0.1034 0.1177 0.8357 0.2211 0.7971 0.4206 0.5611 0.6700 0.9828 0.6083
26 0.0939 0.1100 0.8336 0.2039 0.7951 0.2568 0.4882 0.7885 0.7457 0.7527
27 0.0800 0.0963 0.8573 0.1764 0.8224 0.2269 0.4817 0.7954 0.7093 0.7555
28 0.0692 0.0863 0.8698 0.1556 0.8386 0.2176 0.4801 0.7859 0.6984 0.7473
29 0.0599 0.0784 0.8747 0.1385 0.8459 0.2038 0.4742 0.8129 0.6787 0.7785
30 0.0566 0.0740 0.8833 0.1307 0.8547 0.2023 0.4732 0.8138 0.6763 0.7792
31 0.0558 0.0732 0.8875 0.1292 0.8600 0.2056 0.4738 0.8073 0.6801 0.7717
32 0.0554 0.0722 0.8836 0.1278 0.8572 0.2069 0.4712 0.8157 0.6789 0.7807
33 0.0549 0.0719 0.8834 0.1269 0.8556 0.2237 0.4732 0.8102 0.6977 0.7768
34 0.0584 0.0702 0.8801 0.1287 0.8519 0.2182 0.4705 0.7979 0.6895 0.7618
35 0.0626 0.0727 0.8758 0.1355 0.8463 0.2806 0.4912 0.7811 0.7729 0.7475
36 0.0629 0.0719 0.8723 0.1351 0.8408 0.2305 0.4653 0.8093 0.6968 0.7693
37 0.0611 0.0681 0.8762 0.1295 0.8467 0.2134 0.4592 0.8233 0.6736 0.7884
38 0.0540 0.0633 0.8828 0.1177 0.8537 0.2791 0.4735 0.7874 0.7537 0.7506
39 0.0464 0.0559 0.8949 0.1026 0.8687 0.2342 0.4584 0.8158 0.6937 0.7811
40 0.0436 0.0546 0.8982 0.0986 0.8737 0.2327 0.4566 0.8165 0.6904 0.7817
41 0.0441 0.0539 0.8990 0.0983 0.8750 0.2381 0.4554 0.8206 0.6947 0.7884
42 0.0423 0.0527 0.8988 0.0954 0.8745 0.2217 0.4599 0.8191 0.6827 0.7871
43 0.0449 0.0533 0.8991 0.0985 0.8743 0.2498 0.4519 0.8095 0.7028 0.7739
44 0.0476 0.0550 0.8937 0.1029 0.8678 0.2458 0.4554 0.8013 0.7022 0.7645
45 0.0675 0.0692 0.8636 0.1371 0.8328 0.5296 0.5747 0.6579 1.1075 0.6033
46 0.0766 0.0754 0.8520 0.1524 0.8177 0.2326 0.4778 0.8067 0.7117 0.7740
47 0.0556 0.0588 0.8775 0.1149 0.8485 0.2539 0.4555 0.8010 0.7109 0.7604
48 0.0610 0.0615 0.8784 0.1230 0.8483 0.2206 0.4498 0.8073 0.6714 0.7703
49 0.0450 0.0503 0.8927 0.0958 0.8683 0.2367 0.4437 0.8104 0.6817 0.7738
50 0.0405 0.0467 0.8976 0.0877 0.8738 0.2015 0.4365 0.8179 0.6389 0.7824
51 0.0397 0.0466 0.9014 0.0868 0.8788 0.2218 0.4381 0.8213 0.6611 0.7867
52 0.0379 0.0429 0.9024 0.0813 0.8799 0.2167 0.4363 0.8179 0.6542 0.7840
53 0.0382 0.0433 0.9037 0.0819 0.8799 0.2388 0.4420 0.8181 0.6820 0.7847
54 0.0397 0.0439 0.8954 0.0840 0.8726 0.2472 0.4445 0.8172 0.6932 0.7859
55 0.0390 0.0428 0.9017 0.0823 0.8787 0.2422 0.4444 0.8103 0.6880 0.7770
56 0.0428 0.0452 0.8983 0.0886 0.8733 0.3097 0.4575 0.7884 0.7696 0.7496
57 0.0451 0.0458 0.8933 0.0915 0.8681 0.2586 0.4440 0.8061 0.7045 0.7680
58 0.0360 0.0392 0.9043 0.0758 0.8799 0.2469 0.4380 0.8204 0.6864 0.7830
59 0.0319 0.0363 0.9096 0.0688 0.8891 0.2484 0.4268 0.8249 0.6770 0.7896
60 0.0304 0.0351 0.9137 0.0661 0.8942 0.2461 0.4279 0.8228 0.6757 0.7871
61 0.0299 0.0340 0.9151 0.0646 0.8959 0.2436 0.4269 0.8246 0.6723 0.7904
62 0.0285 0.0325 0.9169 0.0618 0.8985 0.2458 0.4273 0.8264 0.6749 0.7927
63 0.0285 0.0319 0.9161 0.0612 0.8964 0.2527 0.4239 0.8278 0.6784 0.7940
64 0.0330 0.0361 0.9086 0.0698 0.8864 0.2711 0.4463 0.8075 0.7195 0.7720
65 0.0364 0.0382 0.9032 0.0754 0.8796 0.2756 0.4566 0.8109 0.7347 0.7748
66 0.0324 0.0343 0.9058 0.0675 0.8842 0.2494 0.4268 0.8159 0.6783 0.7845
67 0.0289 0.0319 0.9162 0.0617 0.8957 0.2692 0.4302 0.8161 0.7015 0.7858
68 0.0271 0.0301 0.9194 0.0581 0.9007 0.2555 0.4178 0.8209 0.6754 0.7915
69 0.0256 0.0283 0.9210 0.0550 0.9040 0.2512 0.4169 0.8244 0.6701 0.7931
70 0.0251 0.0279 0.9235 0.0541 0.9066 0.2513 0.4165 0.8243 0.6700 0.7930
71 0.0251 0.0272 0.9247 0.0533 0.9096 0.2599 0.4136 0.8220 0.6758 0.7897
72 0.0250 0.0270 0.9242 0.0530 0.9085 0.2636 0.4129 0.8252 0.6789 0.7955
73 0.0267 0.0284 0.9201 0.0561 0.9014 0.2653 0.4204 0.8242 0.6881 0.7939
74 0.0272 0.0284 0.9195 0.0567 0.9016 0.2880 0.4219 0.8247 0.7126 0.7943
75 0.0473 0.0435 0.8907 0.0917 0.8647 0.3256 0.4758 0.7734 0.8044 0.7358
76 0.0635 0.0553 0.8635 0.1198 0.8308 0.2768 0.4487 0.7959 0.7276 0.7635
77 0.0546 0.0496 0.8790 0.1052 0.8511 0.2421 0.4554 0.7999 0.6996 0.7636
78 0.0439 0.0409 0.8964 0.0859 0.8709 0.2637 0.4286 0.8111 0.6946 0.7741
79 0.0311 0.0326 0.9054 0.0648 0.8851 0.2644 0.4250 0.8222 0.6916 0.7873
80 0.0272 0.0292 0.9143 0.0576 0.8959 0.2706 0.4235 0.8230 0.6964 0.7871
81 0.0273 0.0288 0.9161 0.0574 0.8975 0.2605 0.4240 0.8259 0.6870 0.7913
82 0.0257 0.0273 0.9188 0.0542 0.9001 0.2595 0.4197 0.8238 0.6816 0.7912
83 0.0257 0.0264 0.9211 0.0532 0.9039 0.2720 0.4159 0.8147 0.6904 0.7829
84 0.0475 0.0412 0.8901 0.0900 0.8658 0.3248 0.4731 0.7853 0.8000 0.7517
85 0.0735 0.0590 0.8674 0.1337 0.8345 0.2727 0.4602 0.7912 0.7350 0.7542
86 0.0765 0.0665 0.8642 0.1441 0.8314 0.3127 0.4606 0.7919 0.7753 0.7554
87 0.0503 0.0464 0.8827 0.0980 0.8560 0.2757 0.4401 0.8154 0.7181 0.7839
88 0.0343 0.0354 0.9022 0.0710 0.8804 0.3101 0.4510 0.8224 0.7638 0.7917
89 0.0290 0.0295 0.9136 0.0599 0.8945 0.2872 0.4402 0.8254 0.7301 0.7939
90 0.0263 0.0274 0.9168 0.0551 0.8994 0.2803 0.4413 0.8256 0.7243 0.7930
91 0.0261 0.0265 0.9160 0.0540 0.8981 0.2950 0.4331 0.8211 0.7310 0.7906
92 0.0257 0.0263 0.9171 0.0534 0.8998 0.3129 0.4333 0.8168 0.7493 0.7853
93 0.0275 0.0266 0.9162 0.0555 0.8965 0.3607 0.4201 0.8000 0.7841 0.7656
94 0.0289 0.0280 0.9151 0.0583 0.8952 0.2919 0.4348 0.8189 0.7296 0.7885
95 0.0307 0.0300 0.9060 0.0621 0.8848 0.3352 0.4745 0.7857 0.8129 0.7435
96 0.0447 0.0380 0.8990 0.0840 0.8752 0.2779 0.4556 0.7908 0.7361 0.7471
97 0.0496 0.0431 0.8903 0.0941 0.8632 0.2840 0.4301 0.8208 0.7168 0.7908
98 0.0311 0.0302 0.9120 0.0627 0.8925 0.3018 0.4283 0.8130 0.7331 0.7827
99 0.0278 0.0276 0.9174 0.0570 0.8992 0.3337 0.4196 0.8155 0.7567 0.7853
100 0.0259 0.0262 0.9214 0.0537 0.9032 0.3247 0.4245 0.8190 0.7526 0.7881
101 0.0257 0.0253 0.9233 0.0526 0.9063 0.3131 0.4288 0.8198 0.7450 0.7901
102 0.0262 0.0252 0.9231 0.0531 0.9070 0.3248 0.4150 0.8209 0.7431 0.7894
103 0.0231 0.0229 0.9238 0.0477 0.9078 0.3238 0.4052 0.8193 0.7321 0.7907
104 0.0249 0.0241 0.9251 0.0507 0.9081 0.3224 0.4189 0.8223 0.7445 0.7910
105 0.0671 0.0572 0.8778 0.1256 0.8497 0.3490 0.4590 0.7731 0.8106 0.7258
106 0.0675 0.0557 0.8718 0.1246 0.8430 0.2513 0.4255 0.8283 0.6789 0.7972
107 0.0425 0.0384 0.8914 0.0824 0.8674 0.3147 0.4329 0.8144 0.7504 0.7798
108 0.0325 0.0311 0.9097 0.0653 0.8891 0.2803 0.4284 0.8327 0.7115 0.8038
109 0.0274 0.0262 0.9163 0.0553 0.8983 0.2913 0.4172 0.8328 0.7115 0.8048
110 0.0255 0.0248 0.9214 0.0521 0.9042 0.2924 0.4195 0.8338 0.7149 0.8073
111 0.0243 0.0241 0.9245 0.0502 0.9076 0.2880 0.4198 0.8351 0.7107 0.8081
112 0.0260 0.0246 0.9218 0.0524 0.9047 0.2790 0.4147 0.8327 0.6966 0.8050
113 0.0267 0.0251 0.9205 0.0536 0.9027 0.2861 0.4221 0.8311 0.7111 0.8026
114 0.0369 0.0289 0.9128 0.0676 0.8947 0.4241 0.4445 0.7918 0.8726 0.7592
115 0.0523 0.0423 0.8913 0.0961 0.8668 0.3087 0.4484 0.8037 0.7597 0.7703
116 0.0437 0.0376 0.8963 0.0829 0.8724 0.2899 0.4568 0.8167 0.7492 0.7887
117 0.0481 0.0399 0.8955 0.0897 0.8723 0.3136 0.4168 0.8158 0.7331 0.7847
118 0.0378 0.0327 0.9110 0.0723 0.8908 0.3173 0.4429 0.8121 0.7631 0.7828
119 0.0343 0.0288 0.9175 0.0649 0.9007 0.2976 0.4152 0.8244 0.7157 0.7968
