epoch train_BCELoss train_SoftDiceLoss train_iou train_loss train_mAP val_BCELoss val_SoftDiceLoss val_iou val_loss val_mAP
0 0.4992 0.5341 0.3532 1.0317 0.2468 0.4003 0.4841 0.5865 0.8830 0.5123
1 0.3080 0.3686 0.6716 0.6756 0.6033 0.2702 0.3613 0.6998 0.6307 0.6307
2 0.2484 0.3037 0.7418 0.5515 0.6796 0.2613 0.3349 0.7198 0.5957 0.6626
3 0.2261 0.2779 0.7522 0.5035 0.6957 0.2130 0.2910 0.7593 0.5036 0.7063
4 0.1915 0.2400 0.7746 0.4312 0.7222 0.2295 0.2783 0.7400 0.5075 0.6727
5 0.1677 0.2144 0.7931 0.3819 0.7444 0.2099 0.2561 0.7680 0.4659 0.7206
6 0.1512 0.1927 0.8013 0.3438 0.7542 0.2156 0.2464 0.7517 0.4620 0.7008
7 0.1324 0.1709 0.8205 0.3033 0.7786 0.1710 0.2159 0.7863 0.3870 0.7411
8 0.1296 0.1615 0.8195 0.2913 0.7771 0.1749 0.2051 0.7771 0.3801 0.7237
9 0.1151 0.1450 0.8362 0.2604 0.7941 0.1810 0.2080 0.7798 0.3893 0.7263
10 0.1046 0.1338 0.8420 0.2387 0.8015 0.1782 0.1938 0.7885 0.3722 0.7433
11 0.0981 0.1290 0.8507 0.2274 0.8138 0.1638 0.1885 0.7941 0.3525 0.7494
12 0.0943 0.1250 0.8554 0.2196 0.8167 0.1638 0.1863 0.7953 0.3505 0.7516
13 0.0921 0.1245 0.8491 0.2169 0.8117 0.1639 0.1828 0.8006 0.3470 0.7585
14 0.0898 0.1210 0.8583 0.2112 0.8228 0.1672 0.1885 0.7986 0.3561 0.7565
15 0.0898 0.1206 0.8546 0.2107 0.8176 0.1727 0.1868 0.7927 0.3598 0.7494
16 0.0865 0.1176 0.8640 0.2045 0.8265 0.1659 0.1876 0.8003 0.3539 0.7569
17 0.0850 0.1168 0.8624 0.2022 0.8274 0.1709 0.1865 0.7943 0.3577 0.7507
18 0.0836 0.1150 0.8673 0.1990 0.8330 0.1644 0.1882 0.8003 0.3531 0.7585
19 0.0841 0.1155 0.8654 0.2000 0.8307 0.1734 0.1869 0.7897 0.3606 0.7446
20 0.0985 0.1238 0.8445 0.2226 0.8052 0.2029 0.1942 0.7771 0.3975 0.7376
21 0.1046 0.1219 0.8312 0.2269 0.7893 0.1892 0.1907 0.7794 0.3804 0.7333
22 0.0926 0.1094 0.8446 0.2025 0.8058 0.1729 0.1703 0.7925 0.3437 0.7501
23 0.0831 0.0984 0.8493 0.1821 0.8136 0.1708 0.1635 0.7886 0.3348 0.7485
24 0.0874 0.0970 0.8553 0.1851 0.8193 0.1576 0.1483 0.8093 0.3066 0.7692
25 0.0717 0.0870 0.8592 0.1594 0.8248 0.1567 0.1513 0.8045 0.3087 0.7655
26 0.0652 0.0800 0.8754 0.1460 0.8436 0.1522 0.1458 0.8185 0.2986 0.7785
27 0.0638 0.0787 0.8737 0.1433 0.8429 0.1507 0.1444 0.8171 0.2958 0.7766
28 0.0582 0.0740 0.8822 0.1330 0.8525 0.1573 0.1478 0.8068 0.3057 0.7653
29 0.0609 0.0765 0.8803 0.1383 0.8500 0.1480 0.1420 0.8198 0.2907 0.7814
30 0.0610 0.0773 0.8741 0.1391 0.8430 0.1514 0.1423 0.8078 0.2944 0.7673
31 0.0579 0.0738 0.8803 0.1326 0.8526 0.1476 0.1409 0.8209 0.2892 0.7821
32 0.0562 0.0724 0.8870 0.1295 0.8573 0.1477 0.1415 0.8207 0.2899 0.7811
33 0.0591 0.0755 0.8835 0.1355 0.8553 0.1488 0.1419 0.8158 0.2913 0.7785
34 0.0597 0.0743 0.8814 0.1348 0.8510 0.1489 0.1416 0.8154 0.2912 0.7757
35 0.0623 0.0750 0.8663 0.1380 0.8358 0.1926 0.1597 0.7809 0.3528 0.7365
36 0.0793 0.0860 0.8558 0.1661 0.8204 0.1809 0.1495 0.8003 0.3313 0.7564
37 0.0757 0.0808 0.8520 0.1573 0.8182 0.1980 0.1686 0.7789 0.3673 0.7362
38 0.0766 0.0796 0.8572 0.1571 0.8226 0.1680 0.1553 0.7801 0.3241 0.7355
39 0.0761 0.0778 0.8580 0.1548 0.8226 0.1999 0.1640 0.8018 0.3643 0.7569
40 0.0603 0.0658 0.8789 0.1271 0.8497 0.1737 0.1414 0.8141 0.3159 0.7737
41 0.0568 0.0619 0.8822 0.1198 0.8525 0.1690 0.1420 0.8190 0.3118 0.7786
42 0.0543 0.0606 0.8874 0.1159 0.8586 0.1699 0.1413 0.8178 0.3120 0.7778
43 0.0489 0.0571 0.8861 0.1071 0.8566 0.1632 0.1378 0.8151 0.3018 0.7728
44 0.0492 0.0569 0.8907 0.1072 0.8632 0.1573 0.1309 0.8236 0.2892 0.7829
45 0.0471 0.0548 0.8919 0.1031 0.8642 0.1610 0.1336 0.8215 0.2954 0.7805
46 0.0506 0.0575 0.8863 0.1092 0.8568 0.1628 0.1340 0.8206 0.2976 0.7801
47 0.0471 0.0555 0.8887 0.1038 0.8609 0.1611 0.1334 0.8191 0.2954 0.7773
48 0.0461 0.0545 0.8917 0.1017 0.8657 0.1576 0.1306 0.8229 0.2890 0.7830
49 0.0485 0.0558 0.8930 0.1055 0.8673 0.1592 0.1333 0.8225 0.2934 0.7820
50 0.0470 0.0544 0.8904 0.1025 0.8637 0.1633 0.1356 0.8188 0.2996 0.7765
51 0.0481 0.0549 0.8922 0.1042 0.8652 0.1650 0.1355 0.8161 0.3013 0.7742
52 0.0452 0.0530 0.8937 0.0994 0.8679 0.1628 0.1350 0.8176 0.2986 0.7763
53 0.0459 0.0540 0.8948 0.1012 0.8687 0.1642 0.1355 0.8223 0.3005 0.7810
54 0.0486 0.0549 0.8896 0.1047 0.8631 0.1613 0.1337 0.8229 0.2958 0.7816
55 0.0465 0.0539 0.8900 0.1016 0.8647 0.1662 0.1362 0.8194 0.3032 0.7779
56 0.0464 0.0538 0.8930 0.1014 0.8669 0.1668 0.1373 0.8212 0.3049 0.7804
57 0.0473 0.0539 0.8923 0.1024 0.8662 0.1563 0.1286 0.8258 0.2857 0.7857
58 0.0463 0.0539 0.8914 0.1013 0.8649 0.1632 0.1346 0.8206 0.2986 0.7806
59 0.0475 0.0552 0.8898 0.1038 0.8628 0.1653 0.1355 0.8200 0.3016 0.7788
