epoch train_BCELoss train_SoftDiceLoss train_iou train_loss train_mAP val_BCELoss val_SoftDiceLoss val_iou val_loss val_mAP
0 0.4822 0.5116 0.5675 0.9914 0.5121 0.3460 0.6066 0.6784 0.9517 0.6338
1 0.3189 0.3722 0.7090 0.6889 0.6517 0.2947 0.5867 0.7160 0.8808 0.6720
2 0.2740 0.3264 0.7422 0.5988 0.6883 0.2678 0.5603 0.7449 0.8276 0.6998
3 0.2530 0.3083 0.7551 0.5599 0.7084 0.2736 0.5735 0.7362 0.8467 0.6960
4 0.2364 0.2931 0.7733 0.5283 0.7224 0.2540 0.5600 0.7519 0.8135 0.7121
5 0.2310 0.2850 0.7681 0.5148 0.7158 0.2575 0.5488 0.7660 0.8060 0.7182
6 0.2278 0.2831 0.7798 0.5096 0.7333 0.2526 0.5500 0.7683 0.8023 0.7286
7 0.2227 0.2758 0.7845 0.4973 0.7370 0.2543 0.5480 0.7706 0.8020 0.7283
8 0.2205 0.2729 0.7691 0.4924 0.7226 0.2321 0.5380 0.7684 0.7700 0.7251
9 0.2246 0.2677 0.7678 0.4915 0.7211 0.2281 0.5373 0.7617 0.7654 0.7259
10 0.2013 0.2460 0.7787 0.4466 0.7335 0.2414 0.5324 0.7734 0.7737 0.7286
11 0.1939 0.2343 0.7887 0.4275 0.7439 0.2114 0.5275 0.7753 0.7389 0.7297
12 0.1737 0.2156 0.8018 0.3886 0.7589 0.2027 0.5153 0.7958 0.7181 0.7549
13 0.1630 0.2029 0.8146 0.3652 0.7713 0.2120 0.5221 0.7871 0.7342 0.7567
14 0.1514 0.1933 0.8244 0.3441 0.7843 0.2080 0.5154 0.7960 0.7236 0.7615
15 0.1435 0.1869 0.8174 0.3297 0.7796 0.2038 0.5145 0.7975 0.7184 0.7644
16 0.1409 0.1821 0.8282 0.3224 0.7900 0.2049 0.5107 0.8010 0.7157 0.7694
17 0.1483 0.1890 0.8263 0.3367 0.7878 0.2113 0.5181 0.7969 0.7296 0.7644
18 0.1507 0.1843 0.8127 0.3344 0.7737 0.3072 0.5564 0.7182 0.8640 0.6766
19 0.1527 0.1830 0.8136 0.3352 0.7737 0.2963 0.5262 0.7715 0.8228 0.7203
20 0.1571 0.1831 0.8070 0.3397 0.7664 0.2346 0.5102 0.7937 0.7451 0.7604
21 0.1428 0.1665 0.8193 0.3089 0.7825 0.2075 0.5061 0.7924 0.7139 0.7603
22 0.1258 0.1511 0.8267 0.2765 0.7904 0.1958 0.4943 0.8095 0.6905 0.7787
23 0.1228 0.1455 0.8357 0.2679 0.7969 0.2121 0.5011 0.8034 0.7137 0.7740
24 0.1118 0.1386 0.8412 0.2501 0.8060 0.1878 0.4913 0.8153 0.6796 0.7885
25 0.1052 0.1307 0.8445 0.2356 0.8098 0.1932 0.4905 0.8129 0.6842 0.7831
26 0.1087 0.1329 0.8460 0.2413 0.8101 0.2084 0.4930 0.8081 0.7019 0.7825
27 0.1077 0.1298 0.8481 0.2372 0.8108 0.2095 0.4972 0.8059 0.7073 0.7815
28 0.1128 0.1349 0.8432 0.2475 0.8074 0.2074 0.4958 0.8152 0.7036 0.7856
29 0.1245 0.1395 0.8257 0.2639 0.7872 0.5449 0.5504 0.7219 1.0958 0.6679
30 0.1381 0.1510 0.8069 0.2890 0.7679 0.1866 0.4822 0.8097 0.6694 0.7791
31 0.1236 0.1366 0.8231 0.2602 0.7858 0.2010 0.4859 0.8008 0.6875 0.7680
32 0.1123 0.1200 0.8383 0.2322 0.8009 0.1956 0.4890 0.8007 0.6852 0.7732
33 0.0962 0.1109 0.8441 0.2070 0.8086 0.1962 0.4746 0.8218 0.6715 0.7907
34 0.0887 0.1031 0.8527 0.1918 0.8178 0.2062 0.4813 0.8140 0.6882 0.7872
35 0.0853 0.0971 0.8582 0.1823 0.8276 0.2073 0.4766 0.8174 0.6846 0.7902
36 0.0876 0.1000 0.8550 0.1876 0.8203 0.1980 0.4733 0.8213 0.6720 0.7937
37 0.0853 0.1012 0.8617 0.1865 0.8263 0.2121 0.4780 0.8188 0.6909 0.7912
38 0.0819 0.0962 0.8591 0.1782 0.8225 0.2309 0.4823 0.8141 0.7140 0.7863
39 0.0990 0.1049 0.8511 0.2040 0.8153 0.2404 0.4796 0.8071 0.7209 0.7815
40 0.1137 0.1186 0.8369 0.2324 0.7984 0.1893 0.4638 0.8128 0.6539 0.7770
41 0.0953 0.1004 0.8537 0.1958 0.8199 0.2171 0.4755 0.8099 0.6935 0.7817
42 0.0890 0.0936 0.8557 0.1829 0.8213 0.2087 0.4653 0.8172 0.6750 0.7876
43 0.0809 0.0885 0.8601 0.1697 0.8267 0.2336 0.4648 0.8194 0.6994 0.7921
44 0.0722 0.0801 0.8724 0.1526 0.8395 0.2222 0.4744 0.8169 0.6977 0.7905
45 0.0689 0.0787 0.8754 0.1478 0.8438 0.2202 0.4743 0.8192 0.6955 0.7912
46 0.0740 0.0808 0.8588 0.1551 0.8248 0.2311 0.4718 0.8179 0.7040 0.7908
47 0.0743 0.0804 0.8706 0.1550 0.8366 0.2243 0.4654 0.8194 0.6908 0.7913
48 0.0753 0.0799 0.8692 0.1556 0.8368 0.2176 0.4716 0.8098 0.6903 0.7844
49 0.0868 0.0882 0.8560 0.1753 0.8172 0.2624 0.4820 0.7731 0.7454 0.7312
50 0.1000 0.0961 0.8476 0.1964 0.8128 0.2303 0.4656 0.8026 0.6968 0.7667
51 0.1004 0.0971 0.8475 0.1980 0.8117 0.2185 0.4548 0.8169 0.6744 0.7883
52 0.0893 0.0883 0.8581 0.1781 0.8236 0.2231 0.4677 0.8140 0.6918 0.7872
53 0.0777 0.0817 0.8659 0.1599 0.8303 0.1971 0.4496 0.8355 0.6479 0.8103
54 0.0699 0.0728 0.8650 0.1432 0.8332 0.2187 0.4526 0.8245 0.6725 0.8000
55 0.0642 0.0696 0.8745 0.1343 0.8410 0.2224 0.4502 0.8284 0.6738 0.8029
56 0.0672 0.0699 0.8690 0.1376 0.8370 0.2049 0.4555 0.8270 0.6615 0.8032
57 0.0667 0.0689 0.8769 0.1361 0.8455 0.2353 0.4465 0.8291 0.6829 0.8028
58 0.0732 0.0725 0.8630 0.1462 0.8318 0.2138 0.4562 0.8274 0.6712 0.7980
59 0.0850 0.0802 0.8552 0.1658 0.8197 0.2691 0.4697 0.8165 0.7401 0.7879
60 0.1021 0.0943 0.8346 0.1969 0.7997 0.2522 0.4847 0.8007 0.7382 0.7715
61 0.0861 0.0860 0.8519 0.1727 0.8169 0.2340 0.4654 0.8177 0.7006 0.7882
62 0.0784 0.0751 0.8683 0.1541 0.8334 0.2796 0.4673 0.8105 0.7482 0.7860
63 0.0696 0.0690 0.8724 0.1392 0.8376 0.2601 0.4537 0.8284 0.7152 0.8025
64 0.0640 0.0656 0.8795 0.1303 0.8494 0.2261 0.4524 0.8264 0.6799 0.8008
65 0.0567 0.0597 0.8785 0.1170 0.8485 0.2391 0.4479 0.8249 0.6884 0.7988
66 0.0583 0.0594 0.8821 0.1184 0.8512 0.2711 0.4424 0.8248 0.7149 0.7993
67 0.0640 0.0620 0.8725 0.1267 0.8406 0.2593 0.4743 0.8096 0.7350 0.7808
68 0.0628 0.0630 0.8845 0.1264 0.8521 0.2832 0.4550 0.8173 0.7397 0.7905
69 0.0702 0.0679 0.8673 0.1388 0.8360 0.2856 0.4367 0.8222 0.7237 0.7953
70 0.0870 0.0792 0.8588 0.1669 0.8257 0.2408 0.4449 0.8191 0.6868 0.7931
71 0.0857 0.0763 0.8580 0.1628 0.8251 0.1990 0.4511 0.8256 0.6515 0.7946
72 0.0757 0.0706 0.8607 0.1470 0.8267 0.2338 0.4500 0.8168 0.6850 0.7901
73 0.0699 0.0678 0.8684 0.1384 0.8348 0.2622 0.4555 0.8174 0.7192 0.7934
74 0.0604 0.0600 0.8721 0.1212 0.8413 0.2640 0.4461 0.8181 0.7116 0.7941
75 0.0544 0.0548 0.8846 0.1100 0.8548 0.2723 0.4432 0.8207 0.7171 0.7973
76 0.0540 0.0545 0.8775 0.1093 0.8474 0.2688 0.4372 0.8249 0.7076 0.8002
77 0.0557 0.0541 0.8825 0.1106 0.8528 0.2549 0.4424 0.8200 0.6988 0.7955
78 0.0644 0.0604 0.8755 0.1256 0.8440 0.2785 0.4478 0.8181 0.7278 0.7884
79 0.0901 0.0800 0.8491 0.1709 0.8152 0.2749 0.4815 0.7943 0.7578 0.7653
80 0.0814 0.0697 0.8661 0.1519 0.8356 0.3093 0.4723 0.7998 0.7832 0.7788
81 0.0895 0.0760 0.8559 0.1664 0.8205 0.2966 0.4522 0.8140 0.7505 0.7874
82 0.0676 0.0667 0.8635 0.1351 0.8309 0.2487 0.4329 0.8227 0.6830 0.7997
83 0.0653 0.0632 0.8643 0.1294 0.8325 0.2627 0.4536 0.8173 0.7179 0.7936
84 0.0573 0.0536 0.8809 0.1118 0.8509 0.2667 0.4346 0.8218 0.7028 0.7968
85 0.0531 0.0517 0.8782 0.1057 0.8467 0.2715 0.4280 0.8239 0.7011 0.7987
86 0.0511 0.0499 0.8785 0.1019 0.8476 0.2489 0.4265 0.8271 0.6769 0.8039
87 0.0552 0.0523 0.8858 0.1084 0.8543 0.2735 0.4261 0.8239 0.7012 0.7998
88 0.0572 0.0530 0.8848 0.1111 0.8559 0.2654 0.4438 0.8242 0.7109 0.7963
89 0.0609 0.0606 0.8731 0.1223 0.8395 0.2898 0.4265 0.8262 0.7179 0.8026
90 0.0698 0.0629 0.8731 0.1336 0.8406 0.2583 0.4421 0.8236 0.7020 0.7915
91 0.0679 0.0637 0.8686 0.1324 0.8348 0.2616 0.4444 0.8264 0.7076 0.8031
92 0.0673 0.0608 0.8718 0.1291 0.8403 0.2484 0.4317 0.8281 0.6817 0.7985
93 0.0610 0.0557 0.8793 0.1177 0.8497 0.2661 0.4275 0.8326 0.6951 0.8080
94 0.0519 0.0499 0.8868 0.1028 0.8585 0.2940 0.4451 0.8265 0.7408 0.8028
95 0.0468 0.0458 0.8863 0.0936 0.8577 0.3063 0.4254 0.8281 0.7334 0.8045
96 0.0475 0.0466 0.8866 0.0952 0.8581 0.2870 0.4306 0.8306 0.7193 0.8081
97 0.0498 0.0477 0.8874 0.0985 0.8575 0.2792 0.4296 0.8301 0.7105 0.8057
98 0.0478 0.0446 0.8937 0.0934 0.8620 0.2958 0.4396 0.8249 0.7372 0.8015
99 0.0606 0.0525 0.8813 0.1141 0.8508 0.2553 0.4406 0.8194 0.6976 0.7919
100 0.0892 0.0719 0.8638 0.1621 0.8296 0.2515 0.4582 0.8161 0.7114 0.7862
101 0.0691 0.0618 0.8701 0.1320 0.8388 0.2743 0.4494 0.8119 0.7253 0.7847
102 0.0664 0.0597 0.8733 0.1271 0.8421 0.2276 0.4436 0.8288 0.6728 0.8012
103 0.0578 0.0534 0.8821 0.1122 0.8501 0.2950 0.4467 0.8197 0.7434 0.7983
104 0.0546 0.0495 0.8875 0.1052 0.8575 0.2958 0.4448 0.8239 0.7424 0.8013
105 0.0479 0.0464 0.8879 0.0953 0.8590 0.2915 0.4510 0.8247 0.7442 0.8013
106 0.0470 0.0463 0.8907 0.0943 0.8622 0.2816 0.4464 0.8304 0.7297 0.8066
107 0.0517 0.0489 0.8832 0.1017 0.8547 0.3112 0.4222 0.8290 0.7352 0.8056
108 0.0584 0.0503 0.8806 0.1097 0.8506 0.2931 0.4593 0.8230 0.7541 0.7959
109 0.0688 0.0600 0.8785 0.1299 0.8440 0.2684 0.4607 0.8240 0.7308 0.7980
110 0.0624 0.0546 0.8754 0.1180 0.8434 0.2791 0.4495 0.8134 0.7303 0.7852
111 0.0685 0.0587 0.8670 0.1282 0.8339 0.2593 0.4382 0.8264 0.6993 0.7990
112 0.0605 0.0560 0.8781 0.1176 0.8465 0.2818 0.4336 0.8263 0.7170 0.7991
113 0.0557 0.0513 0.8845 0.1081 0.8537 0.2917 0.4267 0.8294 0.7202 0.8051
114 0.0503 0.0480 0.8848 0.0994 0.8548 0.2826 0.4177 0.8324 0.7021 0.8115
115 0.0449 0.0418 0.8883 0.0878 0.8613 0.2953 0.4167 0.8316 0.7139 0.8109
116 0.0498 0.0461 0.8905 0.0970 0.8614 0.2779 0.4266 0.8195 0.7063 0.7905
117 0.0466 0.0438 0.8901 0.0914 0.8594 0.2993 0.4276 0.8268 0.7288 0.8047
118 0.0509 0.0477 0.8866 0.0997 0.8576 0.3087 0.4136 0.8299 0.7242 0.8045
119 0.0529 0.0478 0.8789 0.1018 0.8490 0.2616 0.4469 0.8293 0.7103 0.8025
120 0.0570 0.0525 0.8759 0.1105 0.8435 0.3078 0.4292 0.8287 0.7389 0.8019
121 0.0554 0.0508 0.8823 0.1074 0.8501 0.2922 0.4277 0.8294 0.7217 0.8079
122 0.0533 0.0488 0.8871 0.1033 0.8572 0.3284 0.4370 0.8291 0.7673 0.8049
123 0.0491 0.0458 0.8941 0.0961 0.8648 0.3321 0.4142 0.8322 0.7482 0.8062
124 0.0470 0.0440 0.8895 0.0922 0.8590 0.2996 0.4163 0.8345 0.7178 0.8096
125 0.0448 0.0416 0.8933 0.0876 0.8637 0.2890 0.4157 0.8352 0.7066 0.8095
126 0.0434 0.0403 0.8973 0.0848 0.8687 0.2672 0.4140 0.8395 0.6830 0.8157
127 0.0410 0.0386 0.8956 0.0809 0.8674 0.3038 0.4147 0.8359 0.7204 0.8135
128 0.0426 0.0391 0.8970 0.0830 0.8679 0.3185 0.4160 0.8299 0.7364 0.8035
129 0.0610 0.0532 0.8778 0.1154 0.8481 0.3175 0.4214 0.8261 0.7408 0.8036
130 0.0623 0.0528 0.8780 0.1163 0.8466 0.3299 0.4658 0.8311 0.7974 0.8025
131 0.0694 0.0581 0.8744 0.1286 0.8449 0.3045 0.4440 0.8252 0.7503 0.7988
132 0.0522 0.0491 0.8860 0.1025 0.8553 0.2780 0.4108 0.8401 0.6906 0.8126
133 0.0506 0.0449 0.8866 0.0966 0.8573 0.2976 0.4121 0.8341 0.7116 0.8108
134 0.0447 0.0417 0.8947 0.0876 0.8674 0.2909 0.4089 0.8347 0.7017 0.8113
135 0.0430 0.0396 0.8903 0.0838 0.8596 0.2919 0.4082 0.8352 0.7020 0.8119
136 0.0401 0.0385 0.8946 0.0798 0.8670 0.2847 0.4132 0.8359 0.6998 0.8124
137 0.0404 0.0373 0.8912 0.0790 0.8632 0.3023 0.4238 0.8308 0.7280 0.8079
138 0.0434 0.0392 0.8955 0.0840 0.8675 0.2980 0.4040 0.8440 0.7039 0.8183
139 0.0511 0.0453 0.8863 0.0976 0.8569 0.3083 0.4312 0.8295 0.7414 0.8016
140 0.0612 0.0543 0.8777 0.1168 0.8439 0.2936 0.4360 0.8291 0.7312 0.8023
141 0.0673 0.0552 0.8717 0.1237 0.8383 0.3282 0.4140 0.8265 0.7441 0.8029
142 0.0533 0.0490 0.8877 0.1035 0.8560 0.3185 0.4206 0.8160 0.7410 0.7907
143 0.0508 0.0460 0.8876 0.0981 0.8588 0.2743 0.4088 0.8399 0.6850 0.8123
144 0.0434 0.0416 0.8932 0.0863 0.8624 0.2866 0.4160 0.8341 0.7044 0.8068
145 0.0415 0.0385 0.8998 0.0813 0.8715 0.2886 0.4144 0.8321 0.7049 0.8065
146 0.0426 0.0391 0.8901 0.0830 0.8623 0.2660 0.4134 0.8322 0.6813 0.8079
147 0.0421 0.0389 0.8947 0.0823 0.8649 0.3125 0.4092 0.8351 0.7237 0.8096
148 0.0494 0.0439 0.8848 0.0946 0.8562 0.3291 0.4083 0.8324 0.7393 0.8098
149 0.0564 0.0497 0.8888 0.1073 0.8600 0.3175 0.4116 0.8299 0.7309 0.8025
