epoch train_BCELoss train_SoftDiceLoss train_iou train_loss train_mAP val_BCELoss val_SoftDiceLoss val_iou val_loss val_mAP
0 0.6443 0.6865 0.3135 1.3297 0.3134 0.6701 0.7351 0.3549 1.4048 0.3549
1 0.5950 0.6563 0.3541 1.2497 0.3461 0.5078 0.7049 0.3910 1.2106 0.3348
2 0.3922 0.4617 0.6060 0.8481 0.5238 0.3519 0.6018 0.6810 0.9489 0.6107
3 0.2840 0.3456 0.6990 0.6243 0.6308 0.2988 0.5793 0.6934 0.8752 0.6333
4 0.2280 0.2811 0.7376 0.5055 0.6790 0.2611 0.5657 0.7300 0.8251 0.6749
5 0.2154 0.2601 0.7407 0.4730 0.6829 0.3615 0.5554 0.7052 0.9159 0.6429
6 0.1797 0.2244 0.7760 0.4020 0.7249 0.2381 0.5341 0.7540 0.7712 0.7078
7 0.1588 0.2001 0.7924 0.3570 0.7441 0.2276 0.5239 0.7772 0.7506 0.7375
8 0.1376 0.1789 0.8151 0.3148 0.7727 0.2103 0.5180 0.7853 0.7275 0.7472
9 0.1237 0.1661 0.8291 0.2881 0.7874 0.2103 0.5159 0.7826 0.7255 0.7440
10 0.1159 0.1611 0.8388 0.2753 0.7980 0.2110 0.5175 0.7875 0.7278 0.7475
11 0.1149 0.1561 0.8361 0.2694 0.7963 0.2138 0.5164 0.7797 0.7295 0.7413
12 0.1135 0.1522 0.8384 0.2642 0.7984 0.2233 0.5167 0.7810 0.7395 0.7375
13 0.1101 0.1462 0.8369 0.2548 0.7970 0.2243 0.5133 0.7759 0.7372 0.7344
14 0.1296 0.1548 0.8181 0.2832 0.7712 0.2387 0.5248 0.7599 0.7632 0.7180
15 0.1323 0.1554 0.8086 0.2867 0.7633 0.2756 0.5199 0.7628 0.7954 0.7174
16 0.1251 0.1430 0.8195 0.2671 0.7771 0.2468 0.5064 0.7827 0.7531 0.7411
17 0.1021 0.1265 0.8361 0.2277 0.7960 0.2051 0.4933 0.7952 0.6983 0.7533
18 0.0953 0.1171 0.8494 0.2116 0.8113 0.2970 0.5177 0.7732 0.8149 0.7347
19 0.0802 0.1040 0.8665 0.1835 0.8317 0.2108 0.4912 0.8061 0.7020 0.7723
20 0.0746 0.0992 0.8691 0.1731 0.8382 0.2133 0.4911 0.8064 0.7044 0.7730
21 0.0746 0.0975 0.8689 0.1713 0.8368 0.2235 0.4928 0.8034 0.7164 0.7714
22 0.0720 0.0946 0.8736 0.1658 0.8411 0.2289 0.4894 0.8022 0.7185 0.7672
23 0.0860 0.1044 0.8612 0.1898 0.8247 0.2725 0.5097 0.7672 0.7824 0.7283
24 0.0907 0.1063 0.8459 0.1965 0.8068 0.2455 0.4939 0.7957 0.7397 0.7622
25 0.0846 0.0965 0.8498 0.1806 0.8124 0.2319 0.4850 0.7915 0.7171 0.7517
26 0.0912 0.0999 0.8443 0.1909 0.8076 0.2148 0.4795 0.7796 0.6945 0.7366
27 0.0827 0.0930 0.8460 0.1754 0.8097 0.2440 0.4789 0.8006 0.7234 0.7663
28 0.0714 0.0837 0.8649 0.1549 0.8327 0.2093 0.4738 0.8095 0.6834 0.7766
29 0.0593 0.0719 0.8817 0.1312 0.8513 0.2196 0.4753 0.8040 0.6954 0.7717
30 0.0558 0.0702 0.8827 0.1258 0.8528 0.2171 0.4730 0.8053 0.6905 0.7729
31 0.0548 0.0680 0.8817 0.1227 0.8531 0.2223 0.4700 0.8038 0.6927 0.7683
32 0.0546 0.0693 0.8839 0.1239 0.8545 0.2344 0.4666 0.8042 0.7014 0.7719
33 0.0554 0.0680 0.8810 0.1233 0.8518 0.2324 0.4720 0.8058 0.7049 0.7732
34 0.0538 0.0650 0.8824 0.1188 0.8530 0.2309 0.4657 0.8069 0.6970 0.7759
35 0.0532 0.0620 0.8832 0.1153 0.8526 0.2616 0.4629 0.7957 0.7251 0.7634
36 0.0553 0.0608 0.8828 0.1164 0.8522 0.2665 0.4696 0.8000 0.7369 0.7689
37 0.0503 0.0568 0.8863 0.1074 0.8597 0.2445 0.4639 0.7972 0.7091 0.7652
38 0.0472 0.0547 0.8897 0.1023 0.8631 0.2570 0.4605 0.8096 0.7184 0.7769
39 0.0414 0.0517 0.9000 0.0934 0.8747 0.2449 0.4579 0.8072 0.7036 0.7740
40 0.0393 0.0478 0.9055 0.0875 0.8813 0.2384 0.4579 0.8052 0.6970 0.7718
41 0.0393 0.0474 0.9055 0.0871 0.8822 0.2877 0.4644 0.8010 0.7529 0.7684
42 0.0401 0.0475 0.9046 0.0880 0.8788 0.2714 0.4593 0.8054 0.7315 0.7734
43 0.0380 0.0454 0.9059 0.0838 0.8829 0.2844 0.4528 0.8139 0.7380 0.7830
44 0.0543 0.0572 0.8858 0.1119 0.8557 0.3166 0.4743 0.7652 0.7918 0.7196
45 0.0645 0.0643 0.8576 0.1293 0.8226 0.2859 0.4736 0.7868 0.7604 0.7520
46 0.0731 0.0682 0.8618 0.1418 0.8280 0.3026 0.4894 0.7852 0.7930 0.7525
47 0.0646 0.0632 0.8706 0.1283 0.8402 0.3261 0.4777 0.7669 0.8050 0.7282
48 0.0510 0.0531 0.8853 0.1047 0.8563 0.2850 0.4668 0.7951 0.7528 0.7562
49 0.0428 0.0476 0.8970 0.0911 0.8706 0.2333 0.4475 0.8199 0.6818 0.7863
50 0.0372 0.0427 0.9004 0.0806 0.8754 0.2463 0.4428 0.8210 0.6900 0.7872
51 0.0370 0.0427 0.9013 0.0804 0.8775 0.2363 0.4421 0.8248 0.6792 0.7930
52 0.0360 0.0406 0.9018 0.0773 0.8781 0.2551 0.4378 0.8204 0.6938 0.7882
53 0.0351 0.0396 0.9033 0.0755 0.8798 0.2456 0.4366 0.8182 0.6831 0.7825
54 0.0477 0.0470 0.8954 0.0955 0.8691 0.3159 0.4947 0.7799 0.8116 0.7416
55 0.0528 0.0519 0.8833 0.1054 0.8540 0.3088 0.4605 0.8056 0.7706 0.7704
56 0.0559 0.0529 0.8831 0.1096 0.8527 0.2810 0.4439 0.7972 0.7260 0.7621
57 0.0528 0.0496 0.8889 0.1033 0.8602 0.2379 0.4402 0.8191 0.6791 0.7845
58 0.0384 0.0406 0.9022 0.0800 0.8764 0.2489 0.4233 0.8259 0.6731 0.7961
59 0.0325 0.0366 0.9079 0.0701 0.8858 0.2737 0.4257 0.8195 0.7005 0.7876
60 0.0315 0.0347 0.9118 0.0672 0.8895 0.2747 0.4251 0.8205 0.7009 0.7892
61 0.0307 0.0344 0.9114 0.0661 0.8900 0.2772 0.4254 0.8221 0.7037 0.7890
62 0.0308 0.0334 0.9125 0.0652 0.8917 0.2607 0.4392 0.8285 0.7012 0.7983
63 0.0286 0.0314 0.9157 0.0610 0.8946 0.2927 0.4350 0.8212 0.7290 0.7881
64 0.0285 0.0308 0.9164 0.0605 0.8962 0.2750 0.4257 0.8269 0.7020 0.7931
65 0.0291 0.0312 0.9148 0.0615 0.8928 0.2845 0.4396 0.8126 0.7255 0.7783
66 0.0290 0.0309 0.9171 0.0610 0.8958 0.2925 0.4249 0.8235 0.7188 0.7941
67 0.0266 0.0290 0.9198 0.0569 0.8997 0.2949 0.4219 0.8265 0.7182 0.7937
68 0.0250 0.0278 0.9235 0.0541 0.9047 0.3017 0.4196 0.8259 0.7228 0.7944
69 0.0233 0.0258 0.9259 0.0505 0.9095 0.2943 0.4247 0.8276 0.7204 0.7952
70 0.0227 0.0259 0.9290 0.0500 0.9126 0.2971 0.4197 0.8256 0.7183 0.7956
71 0.0447 0.0411 0.9053 0.0873 0.8853 0.2841 0.4354 0.8153 0.7212 0.7816
72 0.0383 0.0372 0.9041 0.0770 0.8823 0.2834 0.4380 0.8187 0.7230 0.7879
73 0.0619 0.0552 0.8814 0.1183 0.8548 0.2980 0.4359 0.8084 0.7356 0.7724
74 0.0683 0.0589 0.8758 0.1285 0.8494 0.3790 0.4553 0.7697 0.8361 0.7261
75 0.0957 0.0838 0.8631 0.1806 0.8299 0.4325 0.4886 0.7532 0.9231 0.7156
76 0.0753 0.0718 0.8770 0.1485 0.8492 0.2959 0.4640 0.7921 0.7615 0.7583
77 0.0647 0.0589 0.8874 0.1249 0.8646 0.2720 0.4496 0.8154 0.7232 0.7824
78 0.0449 0.0420 0.9079 0.0884 0.8888 0.2655 0.4311 0.8175 0.6983 0.7808
79 0.0307 0.0308 0.9224 0.0631 0.9061 0.2768 0.4360 0.8180 0.7145 0.7840
80 0.0315 0.0306 0.9212 0.0638 0.9051 0.2701 0.4328 0.8205 0.7046 0.7857
81 0.0334 0.0313 0.9210 0.0664 0.9056 0.2741 0.4297 0.8141 0.7056 0.7809
82 0.0297 0.0292 0.9214 0.0607 0.9058 0.2539 0.4360 0.8201 0.6917 0.7887
83 0.0363 0.0333 0.9148 0.0711 0.8973 0.2645 0.4315 0.8192 0.6978 0.7864
84 0.0462 0.0392 0.9029 0.0870 0.8833 0.3990 0.4651 0.7569 0.8664 0.7180
85 0.0922 0.0777 0.8542 0.1713 0.8226 0.2535 0.4447 0.8145 0.6997 0.7847
86 0.0678 0.0600 0.8760 0.1293 0.8497 0.3097 0.4396 0.8040 0.7512 0.7721
87 0.0453 0.0416 0.8995 0.0885 0.8769 0.2677 0.4325 0.8268 0.7021 0.7941
88 0.0375 0.0342 0.9125 0.0734 0.8940 0.2963 0.4361 0.8097 0.7343 0.7748
89 0.0365 0.0343 0.9021 0.0727 0.8824 0.2941 0.4328 0.8271 0.7289 0.7968
90 0.0274 0.0280 0.9223 0.0573 0.9080 0.2924 0.4332 0.8261 0.7275 0.7952
91 0.0290 0.0274 0.9217 0.0582 0.9063 0.2969 0.4314 0.8282 0.7302 0.7996
92 0.0275 0.0262 0.9271 0.0556 0.9125 0.2928 0.4394 0.8154 0.7341 0.7874
93 0.0333 0.0289 0.9236 0.0641 0.9074 0.2950 0.4325 0.8248 0.7295 0.7937
94 0.0351 0.0309 0.9155 0.0678 0.8984 0.3192 0.4127 0.8116 0.7337 0.7798
95 0.0442 0.0375 0.8998 0.0833 0.8773 0.3780 0.4998 0.7897 0.8795 0.7531
96 0.0998 0.0764 0.8572 0.1777 0.8302 0.2574 0.4439 0.8271 0.7029 0.7956
97 0.0413 0.0355 0.9075 0.0787 0.8870 0.3295 0.4271 0.7878 0.7585 0.7493
98 0.0424 0.0368 0.9104 0.0811 0.8895 0.3116 0.4308 0.8162 0.7444 0.7825
99 0.0294 0.0281 0.9204 0.0595 0.9038 0.3018 0.4259 0.8165 0.7296 0.7855
100 0.0264 0.0250 0.9255 0.0534 0.9117 0.3052 0.4228 0.8190 0.7299 0.7876
101 0.0248 0.0238 0.9270 0.0506 0.9135 0.3224 0.4107 0.8190 0.7351 0.7877
102 0.0248 0.0233 0.9283 0.0500 0.9146 0.2958 0.4052 0.8294 0.7028 0.7975
103 0.0252 0.0236 0.9270 0.0508 0.9128 0.2928 0.4236 0.8248 0.7182 0.7929
104 0.0265 0.0245 0.9252 0.0528 0.9087 0.3270 0.4174 0.8252 0.7463 0.7945
105 0.0580 0.0460 0.8921 0.1057 0.8688 0.3269 0.4837 0.7933 0.8122 0.7614
106 0.0930 0.0728 0.8628 0.1675 0.8361 0.2256 0.4448 0.8212 0.6721 0.7924
107 0.0438 0.0386 0.9046 0.0842 0.8839 0.2566 0.4458 0.8288 0.7042 0.8035
108 0.0391 0.0340 0.9139 0.0749 0.8969 0.2557 0.4283 0.8283 0.6857 0.8004
109 0.0339 0.0295 0.9215 0.0652 0.9064 0.2774 0.4286 0.8297 0.7080 0.8021
110 0.0301 0.0273 0.9262 0.0593 0.9116 0.2788 0.4260 0.8313 0.7068 0.8035
111 0.0284 0.0252 0.9269 0.0556 0.9130 0.2952 0.4213 0.8364 0.7185 0.8095
112 0.0289 0.0248 0.9287 0.0557 0.9139 0.3237 0.4214 0.8290 0.7472 0.8035
113 0.0344 0.0277 0.9210 0.0641 0.9059 0.3425 0.4357 0.8080 0.7803 0.7751
114 0.0457 0.0372 0.9014 0.0849 0.8826 0.2798 0.4290 0.8044 0.7108 0.7722
115 0.0518 0.0423 0.8946 0.0958 0.8704 0.2987 0.4498 0.8149 0.7505 0.7863
116 0.0496 0.0406 0.9038 0.0920 0.8813 0.3062 0.4534 0.8243 0.7616 0.7975
117 0.0445 0.0365 0.9159 0.0828 0.8980 0.3776 0.4421 0.8106 0.8218 0.7817
118 0.0348 0.0296 0.9239 0.0664 0.9075 0.3525 0.4302 0.8187 0.7849 0.7914
119 0.0315 0.0259 0.9327 0.0595 0.9198 0.3060 0.4466 0.8227 0.7545 0.7949
120 0.0261 0.0232 0.9326 0.0515 0.9196 0.3198 0.4320 0.8183 0.7540 0.7897
121 0.0228 0.0208 0.9351 0.0457 0.9228 0.3469 0.4335 0.8195 0.7826 0.7926
122 0.0233 0.0201 0.9362 0.0456 0.9240 0.3333 0.4341 0.8291 0.7696 0.8022
123 0.0249 0.0212 0.9357 0.0482 0.9243 0.3718 0.4526 0.8187 0.8265 0.7922
124 0.0323 0.0276 0.9233 0.0618 0.9092 0.3449 0.4331 0.8293 0.7801 0.8000
125 0.0615 0.0485 0.8941 0.1117 0.8721 0.2600 0.4536 0.8095 0.7152 0.7752
126 0.0559 0.0457 0.9011 0.1033 0.8769 0.2745 0.4237 0.8268 0.7001 0.7983
127 0.0350 0.0307 0.9185 0.0677 0.9012 0.2825 0.4280 0.8331 0.7125 0.8059
128 0.0274 0.0246 0.9295 0.0540 0.9160 0.2936 0.4261 0.8331 0.7217 0.8073
129 0.0234 0.0218 0.9349 0.0472 0.9224 0.2862 0.4228 0.8324 0.7109 0.8061
130 0.0242 0.0217 0.9369 0.0481 0.9246 0.2924 0.4248 0.8318 0.7193 0.8041
131 0.0229 0.0202 0.9382 0.0452 0.9273 0.2912 0.4157 0.8346 0.7090 0.8078
132 0.0210 0.0191 0.9381 0.0423 0.9269 0.3353 0.4319 0.8280 0.7693 0.8013
133 0.0269 0.0225 0.9341 0.0515 0.9223 0.2810 0.4256 0.8335 0.7087 0.8030
134 0.0262 0.0232 0.9304 0.0514 0.9162 0.3031 0.4398 0.8249 0.7449 0.7965
135 0.0331 0.0271 0.9199 0.0622 0.9042 0.2710 0.4329 0.8315 0.7058 0.8068
136 0.0380 0.0308 0.9175 0.0708 0.9007 0.3805 0.4165 0.8091 0.7993 0.7732
137 0.0417 0.0367 0.9052 0.0803 0.8857 0.3044 0.4275 0.8324 0.7340 0.8021
138 0.0316 0.0268 0.9233 0.0605 0.9087 0.2934 0.4233 0.8355 0.7188 0.8106
139 0.0244 0.0216 0.9338 0.0482 0.9219 0.2810 0.4207 0.8340 0.7038 0.8067
140 0.0223 0.0197 0.9390 0.0443 0.9282 0.2917 0.4199 0.8342 0.7137 0.8077
141 0.0191 0.0179 0.9382 0.0393 0.9266 0.3086 0.4213 0.8428 0.7320 0.8165
142 0.0192 0.0173 0.9396 0.0388 0.9285 0.3167 0.4195 0.8362 0.7383 0.8110
143 0.0224 0.0191 0.9366 0.0437 0.9250 0.3081 0.4206 0.8317 0.7307 0.8035
144 0.0216 0.0191 0.9388 0.0429 0.9268 0.2959 0.4393 0.8296 0.7372 0.8010
145 0.0527 0.0396 0.8978 0.0941 0.8775 0.3040 0.4465 0.7704 0.7521 0.7342
146 0.0669 0.0512 0.8718 0.1199 0.8488 0.3149 0.4291 0.8020 0.7459 0.7706
147 0.0555 0.0450 0.9043 0.1024 0.8827 0.2969 0.4289 0.8256 0.7278 0.7997
148 0.0344 0.0300 0.9233 0.0665 0.9074 0.2839 0.4316 0.8297 0.7175 0.8020
149 0.0303 0.0253 0.9303 0.0578 0.9172 0.2761 0.4173 0.8296 0.6954 0.8029
150 0.0254 0.0224 0.9358 0.0500 0.9241 0.2714 0.4182 0.8322 0.6917 0.8065
151 0.0234 0.0211 0.9346 0.0466 0.9228 0.3056 0.4119 0.8263 0.7195 0.8018
152 0.0272 0.0228 0.9342 0.0522 0.9215 0.3063 0.4043 0.8313 0.7127 0.8075
153 0.0260 0.0220 0.9310 0.0501 0.9184 0.3520 0.4084 0.8216 0.7626 0.7925
154 0.0285 0.0241 0.9274 0.0546 0.9127 0.3379 0.4241 0.8163 0.7640 0.7866
155 0.0330 0.0288 0.9137 0.0639 0.8958 0.3216 0.4242 0.8264 0.7479 0.7965
156 0.0351 0.0307 0.9136 0.0678 0.8977 0.3016 0.4213 0.8167 0.7248 0.7876
157 0.0267 0.0224 0.9270 0.0512 0.9125 0.3486 0.4042 0.8218 0.7548 0.7906
158 0.0240 0.0211 0.9339 0.0474 0.9215 0.3079 0.3971 0.8307 0.7070 0.8041
159 0.0198 0.0182 0.9399 0.0403 0.9295 0.3156 0.4195 0.8304 0.7372 0.8048
160 0.0203 0.0180 0.9432 0.0407 0.9332 0.3172 0.3975 0.8342 0.7168 0.8089
161 0.0197 0.0179 0.9427 0.0399 0.9317 0.3019 0.4228 0.8306 0.7268 0.8055
162 0.0181 0.0164 0.9443 0.0369 0.9333 0.3232 0.3974 0.8332 0.7227 0.8075
163 0.0201 0.0180 0.9415 0.0405 0.9308 0.3224 0.4137 0.8284 0.7382 0.8049
164 0.0234 0.0204 0.9361 0.0460 0.9230 0.2886 0.4383 0.8172 0.7287 0.7865
165 0.0544 0.0428 0.8947 0.0989 0.8712 0.3772 0.5098 0.7484 0.8886 0.7078
166 0.1011 0.0808 0.8609 0.1832 0.8296 0.2807 0.4593 0.8148 0.7416 0.7858
167 0.0487 0.0415 0.9042 0.0920 0.8840 0.3440 0.4373 0.8227 0.7834 0.7943
168 0.0339 0.0285 0.9215 0.0645 0.9068 0.2891 0.4377 0.8268 0.7288 0.8010
169 0.0281 0.0240 0.9314 0.0543 0.9183 0.3012 0.4329 0.8339 0.7363 0.8087
170 0.0246 0.0222 0.9349 0.0491 0.9214 0.2927 0.4327 0.8347 0.7275 0.8116
171 0.0256 0.0217 0.9366 0.0495 0.9243 0.2972 0.4346 0.8325 0.7339 0.8070
172 0.0244 0.0212 0.9354 0.0479 0.9226 0.3616 0.4371 0.8280 0.8009 0.8002
173 0.0229 0.0201 0.9357 0.0452 0.9227 0.3377 0.4312 0.8291 0.7710 0.8041
174 0.0296 0.0240 0.9259 0.0557 0.9112 0.3552 0.4130 0.8259 0.7703 0.7974
175 0.0459 0.0377 0.9013 0.0856 0.8821 0.3028 0.4455 0.8106 0.7501 0.7782
176 0.0546 0.0452 0.8965 0.1017 0.8747 0.2945 0.4483 0.8148 0.7447 0.7834
177 0.0331 0.0274 0.9253 0.0626 0.9094 0.2955 0.4371 0.8232 0.7346 0.7980
178 0.0287 0.0247 0.9290 0.0556 0.9168 0.2884 0.4482 0.8219 0.7386 0.7952
179 0.0229 0.0203 0.9359 0.0454 0.9244 0.3097 0.4388 0.8279 0.7505 0.8007
180 0.0214 0.0187 0.9397 0.0425 0.9299 0.3131 0.4361 0.8289 0.7513 0.8019
181 0.0228 0.0191 0.9372 0.0442 0.9272 0.3014 0.4389 0.8350 0.7423 0.8103
182 0.0214 0.0183 0.9403 0.0421 0.9303 0.3050 0.4357 0.8272 0.7427 0.8020
183 0.0218 0.0191 0.9395 0.0431 0.9290 0.3236 0.4287 0.8339 0.7544 0.8059
184 0.0409 0.0329 0.9143 0.0758 0.8987 0.3112 0.4257 0.8223 0.7389 0.7926
185 0.0476 0.0397 0.9063 0.0892 0.8885 0.3484 0.4214 0.7972 0.7716 0.7672
186 0.0423 0.0354 0.9105 0.0797 0.8916 0.3084 0.4257 0.8147 0.7360 0.7845
187 0.0307 0.0271 0.9193 0.0600 0.9048 0.3117 0.4374 0.8202 0.7512 0.7932
188 0.0245 0.0221 0.9319 0.0488 0.9197 0.3582 0.4426 0.8263 0.8029 0.7994
189 0.0206 0.0187 0.9392 0.0417 0.9286 0.3629 0.4308 0.8296 0.7959 0.8035
190 0.0183 0.0171 0.9427 0.0377 0.9329 0.3671 0.4292 0.8290 0.7985 0.8030
191 0.0199 0.0177 0.9421 0.0400 0.9324 0.3970 0.4241 0.8268 0.8233 0.7997
192 0.0183 0.0164 0.9436 0.0371 0.9338 0.3930 0.4388 0.8262 0.8341 0.8006
193 0.0195 0.0169 0.9409 0.0387 0.9312 0.3909 0.4427 0.8217 0.8358 0.7969
194 0.0218 0.0187 0.9375 0.0428 0.9264 0.3230 0.4500 0.8256 0.7750 0.8000
195 0.0313 0.0249 0.9267 0.0582 0.9133 0.3289 0.4489 0.8091 0.7797 0.7797
196 0.0494 0.0369 0.9059 0.0883 0.8893 0.2833 0.4059 0.8297 0.6912 0.8006
197 0.0322 0.0276 0.9225 0.0619 0.9072 0.3565 0.4457 0.8163 0.8043 0.7905
198 0.0318 0.0247 0.9327 0.0587 0.9199 0.3270 0.4385 0.8158 0.7676 0.7887
199 0.0237 0.0201 0.9390 0.0461 0.9279 0.3374 0.4140 0.8261 0.7536 0.7965
