epoch train_BCELoss train_SoftDiceLoss train_iou train_loss train_mAP val_BCELoss val_SoftDiceLoss val_iou val_loss val_mAP
0 0.6762 0.6750 0.1405 1.3502 0.1403 0.6891 0.7247 0.3527 1.4133 0.3527
1 0.6191 0.6443 0.3169 1.2617 0.2915 0.4950 0.6809 0.5609 1.1734 0.4777
2 0.4170 0.4675 0.6285 0.8801 0.5567 0.3523 0.5983 0.6959 0.9473 0.6277
3 0.3122 0.3720 0.6865 0.6804 0.6193 0.2924 0.5719 0.6986 0.8620 0.6326
4 0.2729 0.3258 0.7102 0.5958 0.6525 0.2673 0.5627 0.7312 0.8285 0.6779
5 0.2573 0.3088 0.7129 0.5641 0.6572 0.2978 0.5820 0.6963 0.8789 0.6498
6 0.2278 0.2726 0.7415 0.4987 0.6879 0.2598 0.5560 0.7224 0.8151 0.6711
7 0.2055 0.2506 0.7609 0.4546 0.7090 0.2317 0.5420 0.7656 0.7731 0.7237
8 0.1847 0.2280 0.7726 0.4112 0.7245 0.2398 0.5356 0.7658 0.7749 0.7278
9 0.1824 0.2226 0.7798 0.4036 0.7298 0.2249 0.5279 0.7767 0.7523 0.7353
10 0.1713 0.2148 0.7957 0.3848 0.7492 0.2240 0.5285 0.7766 0.7520 0.7372
11 0.1686 0.2114 0.7941 0.3786 0.7468 0.2184 0.5253 0.7788 0.7432 0.7393
12 0.1775 0.2167 0.7850 0.3929 0.7361 0.2268 0.5305 0.7766 0.7570 0.7400
13 0.1736 0.2077 0.7840 0.3802 0.7367 0.2166 0.5230 0.7798 0.7393 0.7426
14 0.1795 0.2112 0.7748 0.3898 0.7287 0.2200 0.5200 0.7677 0.7397 0.7254
15 0.1807 0.2084 0.7757 0.3883 0.7282 0.2142 0.5207 0.7626 0.7348 0.7249
16 0.1640 0.1841 0.7900 0.3474 0.7442 0.2297 0.5148 0.7664 0.7445 0.7258
17 0.1613 0.1876 0.7890 0.3484 0.7430 0.1966 0.5021 0.7922 0.6988 0.7573
18 0.1381 0.1647 0.8018 0.3022 0.7571 0.2154 0.5091 0.7846 0.7246 0.7491
19 0.1371 0.1585 0.8123 0.2950 0.7715 0.1980 0.4991 0.7976 0.6971 0.7636
20 0.1297 0.1523 0.8190 0.2813 0.7769 0.1929 0.4972 0.7967 0.6901 0.7641
21 0.1189 0.1424 0.8246 0.2607 0.7855 0.2095 0.5022 0.7934 0.7118 0.7618
22 0.1277 0.1488 0.8126 0.2760 0.7724 0.1936 0.4961 0.8000 0.6898 0.7685
23 0.1309 0.1478 0.8219 0.2781 0.7823 0.1964 0.4963 0.7943 0.6929 0.7637
24 0.1398 0.1495 0.8176 0.2890 0.7759 0.2260 0.4970 0.7949 0.7234 0.7603
25 0.1448 0.1533 0.8070 0.2978 0.7632 0.2181 0.4907 0.7947 0.7092 0.7570
26 0.1367 0.1497 0.8055 0.2862 0.7621 0.2256 0.4873 0.7928 0.7133 0.7532
27 0.1279 0.1348 0.8252 0.2625 0.7822 0.2164 0.4996 0.7771 0.7165 0.7433
28 0.1067 0.1187 0.8348 0.2252 0.7983 0.2113 0.4800 0.7981 0.6917 0.7581
29 0.1091 0.1160 0.8333 0.2249 0.7925 0.2305 0.4856 0.7919 0.7167 0.7621
30 0.0997 0.1109 0.8416 0.2104 0.8033 0.2082 0.4848 0.7997 0.6934 0.7652
31 0.1041 0.1136 0.8389 0.2175 0.7999 0.2196 0.4858 0.8005 0.7058 0.7664
32 0.1073 0.1113 0.8355 0.2185 0.7957 0.2191 0.4747 0.8052 0.6943 0.7728
33 0.1155 0.1213 0.8265 0.2367 0.7874 0.2406 0.4980 0.7947 0.7392 0.7577
34 0.1231 0.1251 0.8226 0.2482 0.7806 0.2502 0.5072 0.7741 0.7582 0.7381
35 0.1401 0.1395 0.8106 0.2797 0.7682 0.2568 0.5119 0.7191 0.7689 0.6508
36 0.1278 0.1254 0.8176 0.2533 0.7778 0.2251 0.4853 0.8009 0.7111 0.7713
37 0.1128 0.1172 0.8294 0.2302 0.7893 0.2170 0.4879 0.7982 0.7056 0.7662
38 0.1047 0.1029 0.8375 0.2077 0.7976 0.2058 0.4689 0.8100 0.6754 0.7811
39 0.1052 0.1067 0.8403 0.2120 0.8008 0.2210 0.4655 0.8168 0.6872 0.7893
40 0.0899 0.0968 0.8480 0.1868 0.8109 0.2160 0.4715 0.8092 0.6883 0.7807
41 0.0880 0.0924 0.8523 0.1806 0.8144 0.2364 0.4690 0.8069 0.7063 0.7791
42 0.0907 0.0907 0.8464 0.1816 0.8092 0.2169 0.4718 0.8162 0.6896 0.7859
43 0.0973 0.0969 0.8445 0.1944 0.8044 0.2352 0.4840 0.8054 0.7202 0.7762
44 0.1139 0.1102 0.8284 0.2243 0.7865 0.3300 0.4937 0.7687 0.8249 0.7365
45 0.1241 0.1138 0.8276 0.2383 0.7893 0.2469 0.4864 0.7827 0.7343 0.7499
46 0.1199 0.1125 0.8331 0.2327 0.7915 0.2269 0.4752 0.8042 0.7029 0.7676
47 0.1082 0.1057 0.8373 0.2142 0.7966 0.2206 0.4489 0.8145 0.6702 0.7842
48 0.0983 0.0956 0.8478 0.1942 0.8103 0.2516 0.4615 0.8042 0.7141 0.7751
49 0.0823 0.0841 0.8531 0.1668 0.8150 0.2463 0.4555 0.8062 0.7027 0.7792
50 0.0787 0.0797 0.8601 0.1588 0.8233 0.2408 0.4549 0.8080 0.6966 0.7798
51 0.0767 0.0767 0.8656 0.1538 0.8289 0.2482 0.4647 0.8033 0.7140 0.7768
52 0.0874 0.0865 0.8540 0.1742 0.8165 0.2143 0.4676 0.8081 0.6828 0.7820
53 0.0885 0.0867 0.8550 0.1756 0.8156 0.2651 0.4528 0.8062 0.7191 0.7761
54 0.0984 0.0931 0.8465 0.1920 0.8099 0.2390 0.4568 0.8093 0.6968 0.7751
55 0.1089 0.1024 0.8317 0.2117 0.7896 0.2523 0.4801 0.7795 0.7333 0.7441
56 0.0964 0.0927 0.8365 0.1896 0.7977 0.2404 0.4606 0.7996 0.7022 0.7682
57 0.0864 0.0838 0.8527 0.1706 0.8144 0.2388 0.4671 0.8151 0.7071 0.7844
58 0.0767 0.0770 0.8598 0.1542 0.8247 0.2582 0.4562 0.8108 0.7156 0.7830
59 0.0708 0.0728 0.8610 0.1442 0.8230 0.2586 0.4542 0.8136 0.7140 0.7858
60 0.0701 0.0701 0.8689 0.1407 0.8334 0.2506 0.4556 0.8113 0.7074 0.7821
61 0.0684 0.0697 0.8656 0.1387 0.8290 0.2680 0.4620 0.8143 0.7313 0.7847
62 0.0711 0.0728 0.8652 0.1445 0.8302 0.2588 0.4735 0.8099 0.7338 0.7820
63 0.0749 0.0736 0.8588 0.1490 0.8220 0.2751 0.4582 0.8076 0.7347 0.7761
64 0.0809 0.0759 0.8581 0.1574 0.8209 0.2457 0.4461 0.8156 0.6930 0.7844
65 0.1103 0.0962 0.8353 0.2071 0.7961 0.3897 0.4813 0.7787 0.8728 0.7462
66 0.1043 0.0939 0.8327 0.1988 0.7922 0.2469 0.4604 0.8121 0.7087 0.7797
67 0.0937 0.0850 0.8496 0.1794 0.8131 0.2505 0.4547 0.8159 0.7067 0.7855
68 0.0781 0.0756 0.8573 0.1543 0.8217 0.2407 0.4625 0.8131 0.7046 0.7828
69 0.0681 0.0678 0.8678 0.1366 0.8298 0.2498 0.4602 0.8156 0.7114 0.7877
70 0.0648 0.0666 0.8650 0.1320 0.8311 0.2523 0.4605 0.8144 0.7143 0.7859
71 0.0600 0.0594 0.8745 0.1201 0.8376 0.2424 0.4599 0.8208 0.7038 0.7898
72 0.0664 0.0636 0.8649 0.1308 0.8302 0.2605 0.4473 0.8195 0.7093 0.7887
73 0.0695 0.0659 0.8637 0.1360 0.8271 0.2704 0.4696 0.8097 0.7416 0.7837
74 0.0806 0.0748 0.8546 0.1561 0.8175 0.2505 0.4672 0.8103 0.7190 0.7790
75 0.1040 0.0901 0.8394 0.1948 0.7994 0.2614 0.4824 0.7930 0.7449 0.7551
76 0.1081 0.0950 0.8348 0.2039 0.7952 0.3155 0.4855 0.7831 0.8028 0.7497
77 0.0870 0.0797 0.8537 0.1675 0.8145 0.2806 0.4643 0.8077 0.7467 0.7779
78 0.0764 0.0702 0.8624 0.1473 0.8239 0.2877 0.4565 0.8145 0.7458 0.7835
79 0.0679 0.0653 0.8673 0.1340 0.8308 0.2437 0.4534 0.8121 0.6986 0.7818
80 0.0673 0.0629 0.8742 0.1310 0.8392 0.2484 0.4407 0.8141 0.6906 0.7818
81 0.0676 0.0638 0.8662 0.1322 0.8295 0.2823 0.4376 0.8136 0.7215 0.7818
82 0.0676 0.0637 0.8686 0.1321 0.8341 0.2772 0.4440 0.8147 0.7229 0.7873
83 0.0663 0.0625 0.8650 0.1296 0.8288 0.3030 0.4470 0.8110 0.7517 0.7782
84 0.0748 0.0695 0.8668 0.1451 0.8308 0.2664 0.4457 0.8035 0.7137 0.7683
85 0.0781 0.0718 0.8537 0.1506 0.8165 0.2945 0.4223 0.8109 0.7182 0.7775
86 0.0817 0.0718 0.8606 0.1543 0.8238 0.2946 0.4391 0.8068 0.7352 0.7763
87 0.0659 0.0616 0.8687 0.1284 0.8326 0.2769 0.4396 0.8154 0.7181 0.7859
88 0.0677 0.0635 0.8649 0.1321 0.8302 0.2440 0.4365 0.8231 0.6820 0.7882
89 0.0685 0.0628 0.8718 0.1322 0.8361 0.2748 0.4319 0.8206 0.7082 0.7884
90 0.0622 0.0595 0.8756 0.1226 0.8399 0.2675 0.4333 0.8217 0.7023 0.7886
91 0.0603 0.0568 0.8713 0.1181 0.8338 0.3081 0.4353 0.8165 0.7450 0.7855
92 0.0666 0.0603 0.8782 0.1279 0.8413 0.2432 0.4273 0.8253 0.6720 0.7953
93 0.0588 0.0550 0.8756 0.1147 0.8391 0.2924 0.4312 0.8160 0.7253 0.7831
94 0.0771 0.0699 0.8608 0.1479 0.8236 0.3254 0.4568 0.8144 0.7840 0.7835
95 0.0840 0.0702 0.8596 0.1550 0.8198 0.3246 0.4734 0.7872 0.7999 0.7581
96 0.0737 0.0664 0.8636 0.1409 0.8283 0.4185 0.4727 0.7897 0.8933 0.7658
97 0.0755 0.0673 0.8655 0.1437 0.8303 0.2404 0.4615 0.8100 0.7034 0.7757
98 0.0649 0.0621 0.8683 0.1280 0.8331 0.3112 0.4654 0.8077 0.7784 0.7778
99 0.0564 0.0552 0.8798 0.1125 0.8464 0.3172 0.4573 0.8135 0.7764 0.7819
