epoch BCELoss SoftDiceLoss iou loss mAP
0 0.5323 0.3336 0.5511 0.8644 0.4548
1 0.8724 0.3742 0.5307 1.2442 0.4393
2 0.2678 0.3128 0.6416 0.5802 0.5673
3 0.2017 0.1612 0.7385 0.3629 0.6885
4 0.2195 0.1737 0.7391 0.3933 0.6925
5 0.2128 0.1433 0.7576 0.3563 0.7204
6 0.2017 0.1730 0.7361 0.3749 0.6942
7 0.2272 0.1599 0.7574 0.3873 0.7156
8 4.9300 0.6148 0.2239 5.0430 0.1059
9 0.5331 0.4255 0.4757 0.9497 0.3891
10 0.2403 0.2481 0.6721 0.4875 0.6237
11 0.2302 0.2414 0.6842 0.4709 0.6303
12 0.2679 0.2278 0.6908 0.4951 0.6422
13 0.2349 0.2048 0.7003 0.4393 0.6489
14 0.2484 0.2381 0.7035 0.4865 0.6594
15 0.2035 0.1854 0.7076 0.3887 0.6572
16 0.1670 0.1638 0.7445 0.3310 0.7008
17 0.1672 0.1542 0.7571 0.3218 0.7149
18 0.1882 0.1521 0.7568 0.3406 0.7243
19 0.2428 0.1623 0.7482 0.4053 0.7123
20 0.1896 0.1440 0.7446 0.3338 0.7000
21 0.2525 0.1854 0.7104 0.4378 0.6625
22 0.2861 0.1670 0.7483 0.4532 0.7075
23 0.2037 0.1544 0.7360 0.3584 0.6880
24 0.2120 0.1424 0.7647 0.3549 0.7233
25 0.2042 0.1355 0.7749 0.3403 0.7362
26 0.1998 0.1340 0.7792 0.3344 0.7422
27 0.1958 0.1333 0.7765 0.3296 0.7398
28 0.1996 0.1305 0.7817 0.3306 0.7434
29 0.1974 0.1319 0.7756 0.3298 0.7370
30 0.2016 0.1303 0.7821 0.3325 0.7462
31 0.1982 0.1295 0.7776 0.3283 0.7404
32 0.1999 0.1297 0.7751 0.3301 0.7346
33 0.2015 0.1275 0.7778 0.3295 0.7392
34 0.2068 0.1294 0.7752 0.3368 0.7346
35 0.2089 0.1295 0.7781 0.3390 0.7409
36 0.2137 0.1287 0.7798 0.3430 0.7431
37 0.2078 0.1303 0.7687 0.3388 0.7293
38 0.2126 0.1295 0.7808 0.3427 0.7431
39 0.2110 0.1283 0.7761 0.3399 0.7370
40 0.2111 0.1283 0.7720 0.3400 0.7339
41 0.2140 0.1282 0.7749 0.3427 0.7371
42 0.2108 0.1268 0.7723 0.3382 0.7326
43 0.2113 0.1276 0.7714 0.3394 0.7320
44 0.2148 0.1281 0.7732 0.3434 0.7339
45 0.2188 0.1267 0.7719 0.3460 0.7340
46 0.2167 0.1251 0.7731 0.3423 0.7351
47 0.2184 0.1253 0.7685 0.3442 0.7314
48 0.2175 0.1244 0.7656 0.3425 0.7276
49 0.2200 0.1266 0.7752 0.3472 0.7381
50 0.2171 0.1247 0.7736 0.3423 0.7362
51 0.2187 0.1256 0.7754 0.3449 0.7379
52 0.2193 0.1249 0.7735 0.3448 0.7356
53 0.2188 0.1241 0.7690 0.3434 0.7325
54 0.2202 0.1246 0.7693 0.3454 0.7314
55 0.2183 0.1251 0.7717 0.3440 0.7335
56 0.2200 0.1254 0.7716 0.3460 0.7347
57 0.2189 0.1244 0.7705 0.3439 0.7328
58 0.2208 0.1257 0.7743 0.3471 0.7380
59 0.2221 0.1244 0.7760 0.3471 0.7382
60 0.2184 0.1253 0.7697 0.3442 0.7317
61 0.2215 0.1252 0.7743 0.3473 0.7361
62 0.2205 0.1244 0.7717 0.3455 0.7341
63 0.2208 0.1251 0.7704 0.3464 0.7333
64 0.2198 0.1239 0.7718 0.3443 0.7339
65 0.2208 0.1245 0.7733 0.3458 0.7357
66 0.2188 0.1237 0.7700 0.3430 0.7315
67 0.2239 0.1250 0.7696 0.3494 0.7315
68 0.2216 0.1246 0.7710 0.3467 0.7328
69 0.2196 0.1241 0.7688 0.3442 0.7314
70 0.2231 0.1238 0.7723 0.3475 0.7343
71 0.2217 0.1242 0.7718 0.3465 0.7337
72 0.2232 0.1246 0.7709 0.3483 0.7326
73 0.2230 0.1237 0.7718 0.3473 0.7340
74 0.2214 0.1241 0.7720 0.3460 0.7345
75 0.2241 0.1249 0.7719 0.3496 0.7350
76 0.2233 0.1251 0.7726 0.3489 0.7349
77 0.2222 0.1241 0.7711 0.3469 0.7332
78 0.2234 0.1243 0.7733 0.3481 0.7357
79 0.2222 0.1244 0.7699 0.3471 0.7308
80 0.2229 0.1234 0.7722 0.3468 0.7337
81 0.2232 0.1240 0.7727 0.3477 0.7353
82 0.2225 0.1240 0.7714 0.3471 0.7335
83 0.2237 0.1247 0.7713 0.3489 0.7337
84 0.2246 0.1243 0.7721 0.3494 0.7355
85 0.2226 0.1240 0.7751 0.3472 0.7376
86 0.2231 0.1251 0.7715 0.3487 0.7341
87 0.2230 0.1236 0.7704 0.3472 0.7319
88 0.2200 0.1230 0.7655 0.3436 0.7266
89 0.2240 0.1242 0.7718 0.3488 0.7346
90 0.2229 0.1248 0.7701 0.3483 0.7322
91 0.2225 0.1248 0.7709 0.3478 0.7340
92 0.2227 0.1231 0.7722 0.3463 0.7346
93 0.2212 0.1237 0.7702 0.3455 0.7319
94 0.2232 0.1242 0.7714 0.3479 0.7334
95 0.2220 0.1234 0.7711 0.3460 0.7339
96 0.2226 0.1230 0.7727 0.3462 0.7353
97 0.2236 0.1229 0.7706 0.3471 0.7323
98 0.2248 0.1242 0.7707 0.3495 0.7321
99 0.2244 0.1249 0.7718 0.3498 0.7349
