epoch train_BCELoss train_SoftDiceLoss train_iou train_loss train_mAP val_BCELoss val_SoftDiceLoss val_iou val_loss val_mAP
0 0.4984 0.5096 0.5851 1.0045 0.5256 0.3521 0.6031 0.6989 0.9539 0.6496
1 0.3302 0.3735 0.7047 0.7010 0.6453 0.2949 0.5760 0.7313 0.8705 0.6849
2 0.2847 0.3398 0.7275 0.6230 0.6729 0.2502 0.5695 0.7558 0.8192 0.7113
3 0.2534 0.3063 0.7599 0.5586 0.7076 0.2550 0.5496 0.7675 0.8044 0.7200
4 0.2371 0.2922 0.7774 0.5283 0.7286 0.2414 0.5591 0.7687 0.8003 0.7309
5 0.2286 0.2894 0.7723 0.5170 0.7269 0.2398 0.5530 0.7763 0.7925 0.7345
6 0.2280 0.2796 0.7775 0.5067 0.7318 0.2401 0.5441 0.7751 0.7839 0.7301
7 0.2227 0.2800 0.7784 0.5019 0.7311 0.2428 0.5435 0.7805 0.7861 0.7391
8 0.2217 0.2738 0.7769 0.4947 0.7291 0.2772 0.5546 0.7439 0.8318 0.6814
9 0.2147 0.2633 0.7709 0.4774 0.7234 0.2489 0.5530 0.7492 0.8018 0.6994
10 0.2085 0.2529 0.7818 0.4608 0.7364 0.2200 0.5461 0.7634 0.7661 0.7206
11 0.1880 0.2280 0.7969 0.4156 0.7551 0.2273 0.5339 0.7740 0.7612 0.7298
12 0.1685 0.2117 0.8066 0.3797 0.7611 0.2096 0.5277 0.7929 0.7374 0.7518
13 0.1702 0.2148 0.8055 0.3847 0.7594 0.1982 0.5169 0.8089 0.7153 0.7715
14 0.1499 0.1934 0.8245 0.3429 0.7847 0.1912 0.5109 0.8165 0.7023 0.7800
15 0.1437 0.1863 0.8221 0.3296 0.7795 0.1905 0.5113 0.8206 0.7020 0.7844
16 0.1399 0.1808 0.8301 0.3204 0.7895 0.1918 0.5144 0.8156 0.7064 0.7831
17 0.1398 0.1827 0.8250 0.3221 0.7854 0.2055 0.5116 0.8009 0.7173 0.7596
18 0.1447 0.1840 0.8151 0.3284 0.7726 0.1990 0.5085 0.8139 0.7076 0.7796
19 0.1548 0.1859 0.8033 0.3405 0.7615 0.2011 0.5108 0.8037 0.7121 0.7542
20 0.1531 0.1806 0.8071 0.3335 0.7683 0.2678 0.5400 0.7432 0.8082 0.6876
21 0.1418 0.1674 0.8143 0.3090 0.7722 0.1937 0.5147 0.7982 0.7088 0.7616
22 0.1435 0.1637 0.8165 0.3071 0.7745 0.2008 0.4916 0.8256 0.6927 0.7827
23 0.1289 0.1483 0.8362 0.2771 0.7977 0.1602 0.4878 0.8341 0.6484 0.7990
24 0.1092 0.1349 0.8372 0.2440 0.8004 0.1753 0.4879 0.8326 0.6635 0.7960
25 0.1032 0.1302 0.8501 0.2333 0.8152 0.1712 0.4885 0.8328 0.6602 0.7963
26 0.1083 0.1331 0.8458 0.2413 0.8097 0.1756 0.4902 0.8306 0.6662 0.7914
27 0.1086 0.1359 0.8376 0.2444 0.8014 0.1661 0.4864 0.8373 0.6530 0.8045
28 0.1107 0.1309 0.8379 0.2415 0.7984 0.1991 0.4954 0.7999 0.6951 0.7566
29 0.1279 0.1417 0.8338 0.2696 0.7952 0.1823 0.4853 0.8281 0.6682 0.7954
30 0.1331 0.1397 0.8238 0.2729 0.7854 0.1951 0.4903 0.8130 0.6860 0.7760
31 0.1229 0.1370 0.8239 0.2601 0.7836 0.1806 0.4867 0.8205 0.6678 0.7811
32 0.1112 0.1259 0.8397 0.2373 0.8055 0.1798 0.4845 0.8218 0.6651 0.7962
33 0.0995 0.1082 0.8505 0.2078 0.8166 0.1931 0.4830 0.8246 0.6769 0.7925
34 0.0933 0.1055 0.8449 0.1990 0.8100 0.1680 0.4787 0.8417 0.6474 0.8073
35 0.0847 0.0980 0.8557 0.1829 0.8208 0.1715 0.4773 0.8390 0.6495 0.8047
36 0.0860 0.1019 0.8545 0.1881 0.8185 0.1786 0.4760 0.8362 0.6553 0.8038
37 0.0824 0.0974 0.8589 0.1799 0.8251 0.1981 0.4785 0.8257 0.6773 0.7920
38 0.0914 0.1034 0.8498 0.1949 0.8135 0.1605 0.4725 0.8301 0.6338 0.7975
39 0.1061 0.1124 0.8433 0.2187 0.8054 0.1957 0.4816 0.8280 0.6782 0.7984
40 0.1101 0.1142 0.8387 0.2246 0.8027 0.2343 0.4847 0.8048 0.7201 0.7669
41 0.1224 0.1215 0.8282 0.2443 0.7900 0.1979 0.4810 0.8049 0.6797 0.7715
42 0.1041 0.1095 0.8435 0.2139 0.8074 0.1855 0.4675 0.8244 0.6538 0.7871
43 0.0864 0.0966 0.8562 0.1834 0.8211 0.1990 0.4688 0.8395 0.6687 0.8108
44 0.0825 0.0879 0.8598 0.1709 0.8251 0.1951 0.4626 0.8395 0.6586 0.8096
45 0.0730 0.0832 0.8608 0.1565 0.8246 0.1913 0.4625 0.8418 0.6547 0.8125
46 0.0779 0.0828 0.8695 0.1611 0.8353 0.1843 0.4625 0.8435 0.6478 0.8147
47 0.0762 0.0821 0.8686 0.1587 0.8338 0.1955 0.4665 0.8344 0.6630 0.8070
48 0.0773 0.0850 0.8587 0.1627 0.8247 0.1703 0.4659 0.8404 0.6372 0.8143
49 0.0839 0.0891 0.8655 0.1735 0.8308 0.1637 0.4610 0.8375 0.6259 0.8046
50 0.0934 0.0924 0.8468 0.1863 0.8078 0.1768 0.4602 0.8364 0.6380 0.8033
51 0.0989 0.0980 0.8427 0.1974 0.8086 0.1900 0.4636 0.8320 0.6545 0.8010
52 0.0914 0.0871 0.8495 0.1791 0.8136 0.1845 0.4524 0.8395 0.6380 0.8105
53 0.0749 0.0802 0.8602 0.1556 0.8257 0.1658 0.4565 0.8456 0.6234 0.8124
54 0.0727 0.0751 0.8686 0.1483 0.8352 0.1644 0.4532 0.8480 0.6187 0.8190
55 0.0666 0.0720 0.8714 0.1391 0.8371 0.1597 0.4526 0.8476 0.6134 0.8179
56 0.0685 0.0720 0.8635 0.1411 0.8320 0.1708 0.4530 0.8504 0.6249 0.8201
57 0.0655 0.0689 0.8695 0.1350 0.8368 0.1855 0.4540 0.8451 0.6407 0.8184
58 0.0702 0.0713 0.8711 0.1421 0.8365 0.2042 0.4570 0.8410 0.6623 0.8134
59 0.0670 0.0660 0.8694 0.1336 0.8354 0.1899 0.4524 0.8411 0.6435 0.8098
60 0.0905 0.0842 0.8491 0.1754 0.8142 0.1722 0.4636 0.8393 0.6366 0.8068
61 0.0946 0.0834 0.8528 0.1787 0.8187 0.2071 0.4644 0.8228 0.6728 0.7932
62 0.0896 0.0819 0.8599 0.1722 0.8254 0.1904 0.4507 0.8343 0.6422 0.8009
63 0.0734 0.0720 0.8694 0.1460 0.8357 0.1623 0.4474 0.8480 0.6109 0.8213
64 0.0638 0.0644 0.8731 0.1290 0.8433 0.1660 0.4387 0.8510 0.6060 0.8234
65 0.0661 0.0661 0.8772 0.1330 0.8448 0.1680 0.4389 0.8528 0.6082 0.8247
66 0.0598 0.0624 0.8753 0.1229 0.8452 0.1702 0.4388 0.8532 0.6102 0.8256
67 0.0612 0.0631 0.8669 0.1250 0.8339 0.1931 0.4491 0.8476 0.6435 0.8169
68 0.0643 0.0643 0.8762 0.1293 0.8422 0.2025 0.4527 0.8449 0.6565 0.8184
69 0.0860 0.0754 0.8528 0.1622 0.8171 0.2512 0.4555 0.8073 0.7079 0.7719
70 0.1116 0.0936 0.8450 0.2059 0.8068 0.1955 0.4392 0.8413 0.6358 0.8083
71 0.0816 0.0788 0.8596 0.1612 0.8238 0.2045 0.4464 0.8408 0.6522 0.8131
72 0.0760 0.0698 0.8634 0.1467 0.8322 0.1903 0.4492 0.8355 0.6408 0.8092
73 0.0651 0.0661 0.8714 0.1320 0.8390 0.2119 0.4263 0.8462 0.6395 0.8202
74 0.0605 0.0590 0.8734 0.1204 0.8431 0.1907 0.4398 0.8530 0.6320 0.8275
75 0.0583 0.0562 0.8770 0.1154 0.8470 0.1913 0.4379 0.8532 0.6307 0.8269
76 0.0563 0.0542 0.8834 0.1114 0.8510 0.1920 0.4394 0.8504 0.6329 0.8251
77 0.0561 0.0532 0.8827 0.1102 0.8529 0.2006 0.4409 0.8465 0.6430 0.8201
78 0.0625 0.0592 0.8764 0.1226 0.8449 0.2339 0.4397 0.8360 0.6751 0.8107
79 0.0655 0.0632 0.8675 0.1296 0.8367 0.1878 0.4651 0.8423 0.6542 0.8150
80 0.0736 0.0651 0.8686 0.1396 0.8354 0.2250 0.4641 0.8228 0.6906 0.7944
81 0.0846 0.0768 0.8606 0.1623 0.8265 0.2065 0.4452 0.8335 0.6531 0.8086
82 0.0756 0.0685 0.8654 0.1450 0.8318 0.2367 0.4606 0.8213 0.6990 0.7940
83 0.0593 0.0569 0.8754 0.1172 0.8418 0.2224 0.4456 0.8346 0.6696 0.8097
84 0.0636 0.0566 0.8781 0.1212 0.8486 0.1967 0.4422 0.8470 0.6404 0.8198
85 0.0567 0.0542 0.8858 0.1119 0.8542 0.1980 0.4417 0.8463 0.6412 0.8189
86 0.0574 0.0535 0.8813 0.1120 0.8521 0.2018 0.4356 0.8449 0.6390 0.8174
87 0.0536 0.0513 0.8820 0.1059 0.8508 0.2129 0.4419 0.8421 0.6564 0.8136
88 0.0637 0.0575 0.8803 0.1222 0.8512 0.3215 0.4612 0.8197 0.7846 0.7910
89 0.0864 0.0747 0.8521 0.1620 0.8195 0.2577 0.4312 0.8277 0.6904 0.8023
90 0.0782 0.0685 0.8667 0.1477 0.8335 0.2081 0.4477 0.8411 0.6572 0.8144
91 0.0742 0.0675 0.8604 0.1427 0.8280 0.2078 0.4415 0.8413 0.6508 0.8114
92 0.0666 0.0607 0.8746 0.1283 0.8447 0.2139 0.4533 0.8401 0.6686 0.8102
93 0.0650 0.0615 0.8748 0.1276 0.8459 0.2420 0.4258 0.8393 0.6693 0.8141
94 0.0557 0.0525 0.8827 0.1093 0.8526 0.2034 0.4286 0.8489 0.6336 0.8192
95 0.0526 0.0501 0.8860 0.1038 0.8585 0.2007 0.4286 0.8473 0.6308 0.8186
96 0.0505 0.0502 0.8818 0.1018 0.8519 0.2143 0.4277 0.8479 0.6436 0.8194
97 0.0499 0.0481 0.8816 0.0991 0.8523 0.2023 0.4276 0.8439 0.6314 0.8173
98 0.0549 0.0519 0.8747 0.1078 0.8447 0.2214 0.4277 0.8462 0.6507 0.8196
99 0.0592 0.0539 0.8776 0.1142 0.8473 0.2256 0.4441 0.8416 0.6715 0.8132
100 0.0642 0.0601 0.8706 0.1254 0.8375 0.2303 0.4498 0.8321 0.6817 0.8001
101 0.0632 0.0579 0.8790 0.1221 0.8462 0.2150 0.4657 0.8292 0.6821 0.8029
102 0.0617 0.0545 0.8844 0.1173 0.8548 0.2215 0.4295 0.8399 0.6525 0.8103
103 0.0606 0.0531 0.8812 0.1148 0.8503 0.2060 0.4418 0.8480 0.6495 0.8174
104 0.0496 0.0479 0.8861 0.0987 0.8559 0.2190 0.4432 0.8497 0.6639 0.8229
105 0.0480 0.0466 0.8848 0.0958 0.8543 0.2195 0.4434 0.8475 0.6646 0.8209
106 0.0476 0.0452 0.8878 0.0940 0.8587 0.2147 0.4408 0.8525 0.6572 0.8248
107 0.0463 0.0429 0.8917 0.0904 0.8615 0.2230 0.4391 0.8516 0.6638 0.8224
108 0.0536 0.0469 0.8791 0.1016 0.8496 0.2239 0.4445 0.8431 0.6701 0.8140
109 0.0528 0.0466 0.8849 0.1006 0.8551 0.2978 0.4630 0.8143 0.7625 0.7840
110 0.0802 0.0692 0.8626 0.1505 0.8288 0.2063 0.4501 0.8311 0.6580 0.7999
111 0.0683 0.0607 0.8641 0.1301 0.8329 0.2055 0.4640 0.8244 0.6709 0.7941
112 0.0660 0.0573 0.8765 0.1244 0.8433 0.1922 0.4828 0.8096 0.6763 0.7792
113 0.0608 0.0531 0.8791 0.1150 0.8485 0.2165 0.4415 0.8372 0.6597 0.8040
114 0.0484 0.0461 0.8866 0.0956 0.8564 0.1877 0.4384 0.8483 0.6277 0.8164
115 0.0451 0.0436 0.8921 0.0899 0.8628 0.1914 0.4385 0.8494 0.6316 0.8161
116 0.0445 0.0432 0.8897 0.0889 0.8594 0.1980 0.4340 0.8523 0.6336 0.8231
117 0.0489 0.0447 0.8890 0.0948 0.8607 0.2185 0.4472 0.8464 0.6675 0.8173
118 0.0518 0.0465 0.8836 0.0995 0.8514 0.2064 0.4354 0.8500 0.6435 0.8201
119 0.0663 0.0573 0.8776 0.1248 0.8455 0.2176 0.4592 0.8144 0.6784 0.7846
120 0.0803 0.0749 0.8554 0.1563 0.8183 0.2345 0.4622 0.8201 0.6979 0.7802
121 0.0833 0.0685 0.8667 0.1529 0.8332 0.2211 0.4356 0.8353 0.6583 0.8063
122 0.0720 0.0657 0.8650 0.1388 0.8318 0.1909 0.4419 0.8411 0.6343 0.8093
123 0.0603 0.0551 0.8805 0.1165 0.8507 0.1919 0.4391 0.8509 0.6326 0.8240
124 0.0483 0.0452 0.8848 0.0947 0.8547 0.2011 0.4364 0.8513 0.6391 0.8211
125 0.0476 0.0446 0.8889 0.0934 0.8573 0.2002 0.4399 0.8494 0.6417 0.8213
126 0.0480 0.0443 0.8870 0.0935 0.8575 0.2164 0.4320 0.8528 0.6502 0.8233
127 0.0487 0.0466 0.8868 0.0964 0.8563 0.2008 0.4387 0.8443 0.6411 0.8157
128 0.0549 0.0491 0.8846 0.1052 0.8528 0.2246 0.4389 0.8491 0.6651 0.8198
129 0.0582 0.0502 0.8836 0.1096 0.8536 0.2093 0.4463 0.8411 0.6574 0.8140
130 0.0673 0.0603 0.8752 0.1288 0.8429 0.2160 0.4345 0.8329 0.6521 0.7964
131 0.0629 0.0557 0.8767 0.1198 0.8449 0.2196 0.4486 0.8410 0.6697 0.8065
132 0.0604 0.0535 0.8811 0.1150 0.8490 0.2419 0.4243 0.8464 0.6680 0.8182
133 0.0476 0.0444 0.8878 0.0931 0.8602 0.2049 0.4402 0.8508 0.6468 0.8243
134 0.0438 0.0425 0.8912 0.0876 0.8616 0.1923 0.4336 0.8550 0.6276 0.8234
135 0.0438 0.0409 0.8915 0.0860 0.8640 0.2009 0.4309 0.8526 0.6335 0.8240
136 0.0428 0.0397 0.8933 0.0838 0.8661 0.2044 0.4262 0.8511 0.6323 0.8241
137 0.0463 0.0417 0.8914 0.0892 0.8619 0.2292 0.4029 0.8505 0.6339 0.8246
138 0.0455 0.0425 0.8898 0.0892 0.8601 0.1899 0.4277 0.8461 0.6192 0.8188
139 0.0477 0.0447 0.8901 0.0937 0.8588 0.2130 0.4310 0.8501 0.6457 0.8184
140 0.0602 0.0515 0.8791 0.1129 0.8479 0.2800 0.4288 0.8322 0.7105 0.8026
141 0.0627 0.0547 0.8807 0.1186 0.8480 0.2704 0.4704 0.8123 0.7425 0.7865
142 0.0585 0.0510 0.8839 0.1107 0.8521 0.2360 0.4356 0.8459 0.6734 0.8213
143 0.0483 0.0422 0.8888 0.0919 0.8591 0.2648 0.4323 0.8454 0.6990 0.8212
144 0.0468 0.0418 0.8940 0.0899 0.8629 0.2474 0.4260 0.8511 0.6752 0.8254
145 0.0430 0.0401 0.8996 0.0844 0.8708 0.2429 0.4260 0.8531 0.6707 0.8253
146 0.0440 0.0404 0.8949 0.0858 0.8666 0.2310 0.4270 0.8489 0.6598 0.8190
147 0.0427 0.0394 0.8988 0.0833 0.8715 0.2154 0.4337 0.8498 0.6509 0.8250
148 0.0444 0.0410 0.8917 0.0867 0.8616 0.2387 0.4253 0.8516 0.6658 0.8227
149 0.0531 0.0466 0.8853 0.1009 0.8555 0.2435 0.4306 0.8457 0.6758 0.8162
