epoch train_BCELoss train_SoftDiceLoss train_iou train_loss train_mAP val_BCELoss val_SoftDiceLoss val_iou val_loss val_mAP
0 0.7045 0.6692 0.1375 1.3729 0.1353 0.7028 0.7185 0.3527 1.4212 0.3527
1 0.6396 0.6346 0.3512 1.2728 0.3214 0.5348 0.6496 0.5729 1.1813 0.4972
2 0.4243 0.4684 0.6350 0.8896 0.5652 0.3759 0.6126 0.6944 0.9862 0.6337
3 0.3298 0.3842 0.7114 0.7117 0.6471 0.3217 0.5899 0.7237 0.9103 0.6670
4 0.2985 0.3555 0.7291 0.6526 0.6684 0.3022 0.5852 0.7169 0.8868 0.6616
5 0.2597 0.3187 0.7520 0.5774 0.6989 0.2824 0.5668 0.7410 0.8488 0.6933
6 0.2233 0.2838 0.7788 0.5063 0.7273 0.2816 0.5728 0.7266 0.8542 0.6790
7 0.1987 0.2578 0.7986 0.4556 0.7518 0.2466 0.5446 0.7777 0.7910 0.7345
8 0.1727 0.2361 0.8224 0.4080 0.7800 0.2328 0.5418 0.7686 0.7744 0.7267
9 0.1662 0.2298 0.8253 0.3952 0.7848 0.2319 0.5401 0.7807 0.7719 0.7434
10 0.1592 0.2225 0.8376 0.3810 0.7991 0.2344 0.5415 0.7832 0.7757 0.7436
11 0.1550 0.2185 0.8405 0.3728 0.8045 0.2303 0.5337 0.7824 0.7638 0.7456
12 0.1521 0.2113 0.8412 0.3627 0.8036 0.2440 0.5414 0.7748 0.7854 0.7354
13 0.1485 0.2066 0.8327 0.3544 0.7918 0.2377 0.5274 0.7809 0.7650 0.7459
14 0.1402 0.1946 0.8378 0.3342 0.7992 0.2386 0.5388 0.7622 0.7775 0.7294
15 0.1519 0.2012 0.8143 0.3526 0.7724 0.2341 0.5216 0.7717 0.7559 0.7294
16 0.1447 0.1888 0.8148 0.3329 0.7742 0.2087 0.5172 0.7783 0.7261 0.7397
17 0.1242 0.1684 0.8393 0.2921 0.8001 0.1954 0.5093 0.8115 0.7048 0.7754
18 0.1071 0.1529 0.8544 0.2596 0.8215 0.2051 0.5059 0.8078 0.7112 0.7696
19 0.0978 0.1408 0.8672 0.2381 0.8368 0.1956 0.5060 0.8120 0.7018 0.7769
20 0.0932 0.1394 0.8705 0.2322 0.8412 0.1960 0.5051 0.8145 0.7014 0.7782
21 0.0926 0.1378 0.8705 0.2300 0.8408 0.1965 0.5053 0.8131 0.7021 0.7808
22 0.0922 0.1359 0.8673 0.2277 0.8384 0.1988 0.5015 0.8067 0.7005 0.7734
23 0.0879 0.1281 0.8746 0.2157 0.8443 0.1869 0.4970 0.8177 0.6842 0.7865
24 0.0904 0.1287 0.8661 0.2187 0.8352 0.2340 0.5019 0.7911 0.7361 0.7442
25 0.1082 0.1346 0.8398 0.2425 0.8015 0.2751 0.5304 0.7633 0.8061 0.7285
26 0.0990 0.1258 0.8475 0.2245 0.8125 0.2315 0.5087 0.7883 0.7405 0.7527
27 0.0948 0.1189 0.8512 0.2135 0.8173 0.2319 0.4941 0.7869 0.7266 0.7489
28 0.0835 0.1092 0.8607 0.1924 0.8290 0.2283 0.4977 0.7954 0.7266 0.7615
29 0.0706 0.0994 0.8741 0.1698 0.8467 0.2044 0.4876 0.8069 0.6926 0.7718
30 0.0669 0.0958 0.8859 0.1625 0.8594 0.1998 0.4857 0.8110 0.6862 0.7756
31 0.0656 0.0934 0.8872 0.1587 0.8618 0.1978 0.4827 0.8116 0.6811 0.7792
32 0.0640 0.0911 0.8868 0.1549 0.8611 0.2050 0.4857 0.8139 0.6912 0.7788
33 0.0655 0.0917 0.8858 0.1569 0.8575 0.2240 0.4864 0.8154 0.7109 0.7798
34 0.0634 0.0861 0.8799 0.1493 0.8528 0.2091 0.4811 0.8147 0.6908 0.7757
35 0.0577 0.0797 0.8864 0.1372 0.8610 0.2237 0.4775 0.8072 0.7019 0.7700
36 0.0680 0.0865 0.8814 0.1542 0.8528 0.3206 0.5164 0.7436 0.8385 0.7021
37 0.0867 0.0975 0.8458 0.1840 0.8124 0.2195 0.4903 0.7951 0.7106 0.7662
38 0.0606 0.0766 0.8772 0.1370 0.8497 0.2393 0.4777 0.8038 0.7179 0.7763
39 0.0507 0.0682 0.8954 0.1186 0.8719 0.1958 0.4667 0.8197 0.6631 0.7907
40 0.0498 0.0671 0.8976 0.1168 0.8747 0.1981 0.4654 0.8205 0.6642 0.7911
41 0.0482 0.0666 0.8991 0.1146 0.8756 0.2071 0.4660 0.8170 0.6739 0.7874
42 0.0482 0.0649 0.8981 0.1128 0.8757 0.2042 0.4682 0.8171 0.6731 0.7819
43 0.0515 0.0658 0.8958 0.1169 0.8717 0.2254 0.4645 0.8160 0.6907 0.7857
44 0.0466 0.0610 0.8990 0.1072 0.8755 0.2480 0.4672 0.8093 0.7161 0.7762
45 0.0454 0.0581 0.9007 0.1029 0.8768 0.2437 0.4727 0.8076 0.7175 0.7772
46 0.0486 0.0588 0.8937 0.1067 0.8694 0.1998 0.4645 0.8151 0.6650 0.7848
47 0.0587 0.0642 0.8898 0.1222 0.8634 0.2312 0.4588 0.8061 0.6908 0.7748
48 0.0531 0.0605 0.9011 0.1129 0.8775 0.3654 0.4856 0.7507 0.8536 0.6980
49 0.0477 0.0577 0.8930 0.1045 0.8683 0.2555 0.4691 0.8099 0.7262 0.7805
50 0.0439 0.0542 0.9012 0.0973 0.8782 0.2638 0.4660 0.8079 0.7314 0.7787
51 0.0407 0.0514 0.9059 0.0913 0.8844 0.2646 0.4577 0.8159 0.7236 0.7864
52 0.0383 0.0495 0.9095 0.0869 0.8882 0.2396 0.4531 0.8221 0.6935 0.7916
53 0.0378 0.0474 0.9101 0.0842 0.8897 0.2697 0.4545 0.8111 0.7256 0.7792
54 0.0363 0.0456 0.9113 0.0810 0.8906 0.2470 0.4539 0.8193 0.7023 0.7894
55 0.0385 0.0464 0.9079 0.0840 0.8857 0.2483 0.4584 0.8121 0.7086 0.7781
56 0.0411 0.0479 0.9038 0.0881 0.8798 0.2482 0.4656 0.8095 0.7157 0.7791
57 0.0382 0.0452 0.9054 0.0827 0.8819 0.2387 0.4588 0.8198 0.6994 0.7906
58 0.0336 0.0420 0.9174 0.0748 0.8980 0.2435 0.4560 0.8226 0.7015 0.7901
59 0.0319 0.0396 0.9205 0.0708 0.9028 0.2507 0.4537 0.8181 0.7064 0.7862
60 0.0311 0.0385 0.9219 0.0690 0.9036 0.2474 0.4534 0.8178 0.7027 0.7856
61 0.0307 0.0381 0.9216 0.0682 0.9043 0.2519 0.4541 0.8234 0.7082 0.7916
62 0.0304 0.0371 0.9228 0.0668 0.9055 0.2553 0.4545 0.8210 0.7121 0.7896
63 0.0299 0.0360 0.9241 0.0654 0.9069 0.2675 0.4507 0.8209 0.7209 0.7898
64 0.0310 0.0370 0.9167 0.0676 0.8981 0.2549 0.4538 0.8265 0.7109 0.7922
65 0.0297 0.0352 0.9189 0.0646 0.9007 0.2610 0.4502 0.8189 0.7138 0.7873
66 0.0287 0.0345 0.9210 0.0629 0.9023 0.2699 0.4461 0.8136 0.7188 0.7817
67 0.0288 0.0334 0.9229 0.0620 0.9059 0.2855 0.4561 0.8058 0.7449 0.7723
68 0.0260 0.0314 0.9246 0.0572 0.9073 0.2758 0.4493 0.8132 0.7283 0.7805
69 0.0248 0.0302 0.9284 0.0549 0.9137 0.2674 0.4471 0.8161 0.7174 0.7833
70 0.0248 0.0300 0.9289 0.0548 0.9147 0.2673 0.4473 0.8163 0.7175 0.7836
71 0.0235 0.0294 0.9287 0.0529 0.9135 0.2859 0.4458 0.8160 0.7352 0.7855
72 0.0231 0.0291 0.9301 0.0522 0.9163 0.2663 0.4414 0.8222 0.7103 0.7895
73 0.0247 0.0288 0.9281 0.0537 0.9148 0.2867 0.4297 0.8212 0.7192 0.7907
74 0.0293 0.0318 0.9244 0.0613 0.9072 0.2714 0.4258 0.8179 0.6993 0.7829
75 0.0301 0.0333 0.9114 0.0637 0.8906 0.2540 0.4313 0.8282 0.6872 0.7959
76 0.0639 0.0582 0.8865 0.1224 0.8572 0.3608 0.5132 0.7148 0.8773 0.6614
77 0.0951 0.0853 0.8398 0.1811 0.8030 0.2496 0.4639 0.8104 0.7149 0.7760
78 0.0620 0.0599 0.8722 0.1225 0.8425 0.2966 0.4685 0.8101 0.7681 0.7788
79 0.0430 0.0437 0.8950 0.0874 0.8702 0.2582 0.4447 0.8140 0.7056 0.7854
80 0.0404 0.0416 0.8982 0.0826 0.8746 0.2506 0.4451 0.8123 0.6984 0.7821
81 0.0333 0.0364 0.9047 0.0702 0.8813 0.2629 0.4367 0.8203 0.7022 0.7903
82 0.0317 0.0339 0.9097 0.0661 0.8879 0.2668 0.4280 0.8194 0.6974 0.7882
83 0.0489 0.0475 0.8911 0.0968 0.8673 0.2997 0.4654 0.7978 0.7687 0.7683
84 0.0545 0.0535 0.8709 0.1086 0.8405 0.2715 0.4634 0.7750 0.7370 0.7407
85 0.0629 0.0549 0.8642 0.1184 0.8342 0.2791 0.4542 0.7883 0.7354 0.7496
86 0.0605 0.0553 0.8734 0.1165 0.8433 0.3570 0.4626 0.7678 0.8238 0.7311
87 0.0411 0.0409 0.8899 0.0827 0.8639 0.3765 0.4530 0.8015 0.8340 0.7691
88 0.0418 0.0394 0.9017 0.0820 0.8793 0.2904 0.4325 0.8217 0.7254 0.7854
89 0.0341 0.0351 0.9068 0.0700 0.8843 0.2961 0.4282 0.8221 0.7274 0.7911
90 0.0280 0.0308 0.9131 0.0596 0.8935 0.3068 0.4217 0.8231 0.7318 0.7943
91 0.0287 0.0311 0.9129 0.0606 0.8932 0.2481 0.4320 0.8311 0.6829 0.8015
92 0.0352 0.0327 0.9094 0.0686 0.8893 0.2700 0.4367 0.8253 0.7101 0.7955
93 0.0276 0.0294 0.9114 0.0578 0.8922 0.2807 0.4212 0.8263 0.7050 0.7956
94 0.0267 0.0277 0.9194 0.0553 0.9000 0.2866 0.4164 0.8254 0.7061 0.7964
95 0.0258 0.0268 0.9206 0.0536 0.9009 0.3056 0.4156 0.8224 0.7245 0.7903
96 0.0277 0.0282 0.9148 0.0568 0.8951 0.2826 0.4317 0.8211 0.7175 0.7955
97 0.0280 0.0289 0.9134 0.0579 0.8929 0.3030 0.4094 0.8281 0.7159 0.7979
98 0.0242 0.0257 0.9216 0.0510 0.9031 0.3052 0.4196 0.8248 0.7283 0.7983
99 0.0242 0.0246 0.9266 0.0499 0.9105 0.3047 0.4086 0.8307 0.7170 0.8035
