epoch train_BCELoss train_SoftDiceLoss train_iou train_loss train_mAP val_BCELoss val_SoftDiceLoss val_iou val_loss val_mAP
0 0.6586 0.6776 0.2349 1.3346 0.2328 0.6673 0.7352 0.3527 1.4020 0.3527
1 0.5680 0.6113 0.4306 1.1762 0.3879 0.4581 0.6464 0.6077 1.1000 0.5325
2 0.3778 0.4420 0.6305 0.8148 0.5576 0.3122 0.6007 0.6936 0.9091 0.6279
3 0.2934 0.3543 0.6875 0.6441 0.6230 0.2728 0.5688 0.7233 0.8398 0.6687
4 0.2545 0.3101 0.7170 0.5626 0.6577 0.2693 0.5528 0.7351 0.8213 0.6758
5 0.2244 0.2759 0.7381 0.4988 0.6817 0.2392 0.5418 0.7503 0.7804 0.6953
6 0.1928 0.2394 0.7666 0.4310 0.7138 0.2238 0.5429 0.7698 0.7661 0.7297
7 0.1769 0.2220 0.7833 0.3978 0.7327 0.1887 0.5254 0.7891 0.7137 0.7492
8 0.1544 0.1992 0.8031 0.3525 0.7561 0.2039 0.5205 0.7784 0.7241 0.7410
9 0.1456 0.1911 0.8094 0.3358 0.7638 0.1896 0.5203 0.7940 0.7096 0.7587
10 0.1330 0.1800 0.8218 0.3120 0.7767 0.1885 0.5173 0.7915 0.7055 0.7578
11 0.1322 0.1793 0.8249 0.3106 0.7782 0.1815 0.5154 0.7981 0.6966 0.7658
12 0.1275 0.1699 0.8275 0.2965 0.7807 0.1918 0.5132 0.7984 0.7049 0.7590
13 0.1303 0.1674 0.8193 0.2969 0.7751 0.2552 0.5176 0.7502 0.7727 0.7094
14 0.1499 0.1771 0.7971 0.3263 0.7502 0.2762 0.5258 0.7412 0.8021 0.6949
15 0.1458 0.1751 0.7939 0.3203 0.7442 0.2130 0.5115 0.7671 0.7245 0.7183
16 0.1267 0.1515 0.8175 0.2777 0.7734 0.2285 0.5105 0.7836 0.7392 0.7513
17 0.1116 0.1369 0.8317 0.2481 0.7886 0.1900 0.4982 0.8142 0.6884 0.7771
18 0.1046 0.1296 0.8384 0.2339 0.7973 0.1832 0.4979 0.8110 0.6813 0.7794
19 0.0907 0.1170 0.8490 0.2074 0.8092 0.1890 0.4942 0.8112 0.6835 0.7796
20 0.0874 0.1145 0.8553 0.2016 0.8170 0.1901 0.4946 0.8117 0.6849 0.7804
21 0.0841 0.1103 0.8567 0.1942 0.8194 0.1881 0.4917 0.8179 0.6801 0.7845
22 0.0849 0.1114 0.8497 0.1960 0.8111 0.1941 0.4870 0.8125 0.6814 0.7807
23 0.0881 0.1080 0.8524 0.1959 0.8132 0.1825 0.4882 0.8133 0.6711 0.7795
24 0.1010 0.1165 0.8370 0.2173 0.7950 0.2023 0.4873 0.8136 0.6901 0.7817
25 0.0980 0.1121 0.8329 0.2101 0.7916 0.2184 0.5025 0.7911 0.7215 0.7577
26 0.1068 0.1183 0.8244 0.2251 0.7816 0.1980 0.4912 0.8119 0.6896 0.7850
27 0.0914 0.1030 0.8411 0.1944 0.8010 0.1656 0.4769 0.8224 0.6430 0.7869
28 0.0788 0.0924 0.8548 0.1713 0.8177 0.1853 0.4798 0.8203 0.6656 0.7895
29 0.0680 0.0831 0.8643 0.1513 0.8308 0.1675 0.4742 0.8236 0.6423 0.7940
30 0.0633 0.0774 0.8721 0.1408 0.8383 0.1649 0.4748 0.8249 0.6404 0.7950
31 0.0640 0.0793 0.8697 0.1435 0.8358 0.1755 0.4759 0.8207 0.6520 0.7896
32 0.0652 0.0797 0.8660 0.1451 0.8323 0.1731 0.4686 0.8285 0.6424 0.7985
33 0.0703 0.0798 0.8691 0.1504 0.8351 0.2118 0.4775 0.8238 0.6902 0.7930
34 0.0743 0.0801 0.8620 0.1546 0.8267 0.2528 0.4778 0.8090 0.7314 0.7779
35 0.0909 0.0939 0.8401 0.1850 0.8011 0.2387 0.5008 0.7817 0.7404 0.7470
36 0.0781 0.0836 0.8515 0.1620 0.8139 0.2079 0.4589 0.8158 0.6677 0.7838
37 0.0741 0.0788 0.8548 0.1533 0.8188 0.2253 0.4735 0.8086 0.6997 0.7773
38 0.0628 0.0689 0.8701 0.1321 0.8351 0.1703 0.4686 0.8312 0.6397 0.7992
39 0.0555 0.0632 0.8784 0.1191 0.8473 0.1736 0.4630 0.8370 0.6375 0.8049
40 0.0539 0.0614 0.8801 0.1158 0.8492 0.1767 0.4635 0.8328 0.6411 0.8004
41 0.0521 0.0594 0.8829 0.1120 0.8516 0.1837 0.4643 0.8332 0.6490 0.8010
42 0.0522 0.0594 0.8823 0.1121 0.8513 0.1905 0.4704 0.8207 0.6619 0.7895
43 0.0514 0.0574 0.8854 0.1093 0.8535 0.2100 0.4645 0.8298 0.6756 0.8009
44 0.0525 0.0588 0.8808 0.1118 0.8476 0.1774 0.4636 0.8266 0.6420 0.7924
45 0.0652 0.0678 0.8634 0.1336 0.8271 0.2457 0.4822 0.7899 0.7291 0.7511
46 0.1003 0.0916 0.8451 0.1924 0.8045 0.2162 0.4656 0.8053 0.6829 0.7700
47 0.0991 0.0878 0.8373 0.1876 0.7966 0.1908 0.4711 0.8162 0.6631 0.7855
48 0.0628 0.0687 0.8638 0.1322 0.8288 0.2259 0.4680 0.8213 0.6951 0.7915
49 0.0514 0.0563 0.8801 0.1083 0.8493 0.1837 0.4573 0.8295 0.6422 0.7978
50 0.0499 0.0558 0.8823 0.1065 0.8502 0.1751 0.4566 0.8293 0.6329 0.7971
51 0.0501 0.0542 0.8823 0.1051 0.8522 0.1825 0.4556 0.8350 0.6393 0.8033
52 0.0474 0.0504 0.8865 0.0985 0.8557 0.1802 0.4540 0.8336 0.6355 0.7979
53 0.0523 0.0555 0.8775 0.1085 0.8459 0.1926 0.4593 0.8265 0.6531 0.7961
54 0.0574 0.0578 0.8777 0.1160 0.8445 0.1622 0.4649 0.8302 0.6283 0.7985
55 0.0611 0.0611 0.8703 0.1230 0.8358 0.1826 0.4602 0.8199 0.6439 0.7847
56 0.0656 0.0658 0.8614 0.1321 0.8251 0.2175 0.4623 0.8072 0.6811 0.7757
57 0.0550 0.0556 0.8750 0.1114 0.8406 0.1749 0.4500 0.8411 0.6262 0.8125
58 0.0472 0.0476 0.8875 0.0957 0.8562 0.2064 0.4622 0.8334 0.6699 0.8018
59 0.0429 0.0452 0.8861 0.0890 0.8568 0.2034 0.4442 0.8409 0.6491 0.8094
60 0.0406 0.0441 0.8926 0.0856 0.8640 0.2022 0.4451 0.8363 0.6488 0.8048
61 0.0395 0.0428 0.8942 0.0832 0.8658 0.1917 0.4460 0.8429 0.6392 0.8119
62 0.0390 0.0412 0.8941 0.0811 0.8662 0.1900 0.4381 0.8369 0.6295 0.8046
63 0.0415 0.0423 0.8926 0.0848 0.8628 0.1904 0.4414 0.8388 0.6333 0.8050
64 0.0418 0.0419 0.8919 0.0846 0.8628 0.1736 0.4280 0.8439 0.6030 0.8129
65 0.0462 0.0462 0.8861 0.0934 0.8556 0.2570 0.4577 0.8012 0.7163 0.7622
66 0.0698 0.0612 0.8638 0.1320 0.8282 0.2421 0.4637 0.8096 0.7074 0.7757
67 0.0542 0.0517 0.8743 0.1069 0.8413 0.2709 0.4614 0.8173 0.7338 0.7913
68 0.0467 0.0466 0.8862 0.0944 0.8550 0.2251 0.4588 0.8248 0.6857 0.7960
69 0.0376 0.0395 0.8966 0.0783 0.8683 0.2264 0.4562 0.8333 0.6843 0.8050
70 0.0367 0.0385 0.8963 0.0762 0.8693 0.2244 0.4565 0.8323 0.6825 0.8027
71 0.0354 0.0377 0.8974 0.0742 0.8712 0.2235 0.4500 0.8389 0.6752 0.8125
72 0.0371 0.0382 0.8993 0.0764 0.8720 0.2301 0.4560 0.8320 0.6878 0.8032
73 0.0377 0.0382 0.8980 0.0771 0.8705 0.2259 0.4480 0.8351 0.6756 0.8047
74 0.0384 0.0387 0.8955 0.0782 0.8665 0.2408 0.4536 0.8232 0.6961 0.7949
75 0.0588 0.0506 0.8750 0.1104 0.8418 0.5306 0.5060 0.7422 1.0388 0.7063
76 0.0896 0.0737 0.8515 0.1643 0.8134 0.2550 0.4791 0.7887 0.7355 0.7526
77 0.0599 0.0554 0.8709 0.1164 0.8368 0.2247 0.4570 0.8220 0.6833 0.7911
78 0.0487 0.0488 0.8762 0.0986 0.8438 0.1942 0.4531 0.8398 0.6489 0.8102
79 0.0389 0.0399 0.8909 0.0799 0.8604 0.2313 0.4439 0.8331 0.6770 0.8038
80 0.0364 0.0377 0.8959 0.0754 0.8684 0.2236 0.4426 0.8346 0.6680 0.8066
81 0.0357 0.0362 0.8974 0.0731 0.8691 0.2107 0.4400 0.8342 0.6525 0.8059
82 0.0357 0.0357 0.8984 0.0726 0.8697 0.1787 0.4426 0.8434 0.6230 0.8132
83 0.0516 0.0473 0.8827 0.1001 0.8495 0.3113 0.4590 0.8096 0.7721 0.7815
84 0.0497 0.0473 0.8810 0.0982 0.8474 0.2330 0.4565 0.8151 0.6912 0.7891
85 0.0592 0.0524 0.8754 0.1127 0.8425 0.2561 0.4636 0.8076 0.7215 0.7797
86 0.0646 0.0582 0.8682 0.1238 0.8328 0.2616 0.4348 0.8202 0.6982 0.7951
87 0.0451 0.0427 0.8868 0.0889 0.8545 0.2466 0.4277 0.8334 0.6760 0.8064
88 0.0369 0.0366 0.8952 0.0747 0.8670 0.2055 0.4407 0.8364 0.6481 0.8089
89 0.0344 0.0343 0.8992 0.0700 0.8718 0.2058 0.4273 0.8422 0.6351 0.8125
90 0.0348 0.0349 0.9021 0.0710 0.8746 0.2089 0.4313 0.8420 0.6420 0.8112
91 0.0335 0.0335 0.9011 0.0683 0.8736 0.2180 0.4362 0.8437 0.6561 0.8165
92 0.0323 0.0325 0.9012 0.0662 0.8762 0.2309 0.4376 0.8417 0.6705 0.8148
93 0.0326 0.0323 0.9021 0.0662 0.8747 0.2260 0.4117 0.8367 0.6397 0.8074
94 0.0325 0.0314 0.9050 0.0652 0.8778 0.2625 0.4239 0.8324 0.6883 0.8052
95 0.0397 0.0369 0.8976 0.0779 0.8684 0.2863 0.4682 0.8239 0.7565 0.7950
96 0.0488 0.0449 0.8849 0.0949 0.8536 0.2299 0.4586 0.8237 0.6903 0.7926
97 0.0386 0.0365 0.8943 0.0765 0.8653 0.2160 0.4269 0.8381 0.6448 0.8081
98 0.0338 0.0322 0.9042 0.0674 0.8779 0.2134 0.4152 0.8419 0.6306 0.8143
99 0.0302 0.0305 0.9065 0.0622 0.8808 0.2343 0.4145 0.8417 0.6508 0.8143
