epoch train_BCELoss train_SoftDiceLoss train_iou train_loss train_mAP val_BCELoss val_SoftDiceLoss val_iou val_loss val_mAP
0 0.6824 0.6742 0.0045 1.3559 0.0028 0.6853 0.7288 0.3482 1.4139 0.3482
1 0.6084 0.6275 0.3271 1.2343 0.2883 0.5055 0.6560 0.5734 1.1587 0.4864
2 0.3942 0.4513 0.6295 0.8422 0.5598 0.3335 0.6025 0.6966 0.9335 0.6241
3 0.3000 0.3625 0.7013 0.6599 0.6414 0.3001 0.5846 0.7174 0.8833 0.6619
4 0.2539 0.3132 0.7343 0.5656 0.6799 0.3092 0.5555 0.7118 0.8640 0.6526
5 0.2225 0.2804 0.7543 0.5019 0.7019 0.2618 0.5663 0.7369 0.8276 0.6788
6 0.1980 0.2527 0.7761 0.4500 0.7258 0.2707 0.5437 0.7480 0.8142 0.6904
7 0.1690 0.2246 0.7952 0.3930 0.7498 0.2253 0.5342 0.7817 0.7592 0.7390
8 0.1517 0.2057 0.8151 0.3569 0.7720 0.2309 0.5326 0.7780 0.7634 0.7321
9 0.1417 0.1923 0.8282 0.3335 0.7887 0.2257 0.5317 0.7801 0.7574 0.7319
10 0.1340 0.1869 0.8310 0.3205 0.7913 0.2224 0.5278 0.7817 0.7501 0.7316
11 0.1299 0.1825 0.8404 0.3119 0.8017 0.2321 0.5288 0.7856 0.7608 0.7402
12 0.1235 0.1751 0.8409 0.2982 0.8027 0.2334 0.5276 0.7801 0.7611 0.7314
13 0.1301 0.1760 0.8328 0.3058 0.7941 0.2511 0.5306 0.7640 0.7819 0.7157
14 0.1204 0.1627 0.8309 0.2828 0.7920 0.2986 0.5558 0.7246 0.8546 0.6655
15 0.1347 0.1664 0.8130 0.3009 0.7692 0.2325 0.5126 0.7723 0.7453 0.7232
16 0.1249 0.1541 0.8158 0.2789 0.7759 0.2756 0.5449 0.7475 0.8209 0.7119
17 0.1040 0.1327 0.8401 0.2368 0.8042 0.2222 0.5060 0.7933 0.7287 0.7487
18 0.0917 0.1244 0.8496 0.2161 0.8173 0.2076 0.5026 0.8015 0.7106 0.7651
19 0.0828 0.1146 0.8625 0.1976 0.8317 0.2096 0.4996 0.8089 0.7098 0.7667
20 0.0800 0.1131 0.8662 0.1933 0.8358 0.2108 0.5019 0.8055 0.7131 0.7637
21 0.0783 0.1096 0.8707 0.1881 0.8403 0.1996 0.4958 0.8121 0.6959 0.7715
22 0.0754 0.1056 0.8703 0.1811 0.8403 0.2008 0.4942 0.8132 0.6954 0.7682
23 0.0711 0.0986 0.8728 0.1699 0.8436 0.2028 0.4904 0.8133 0.6938 0.7713
24 0.0742 0.0984 0.8622 0.1729 0.8320 0.2318 0.4877 0.7791 0.7201 0.7310
25 0.0930 0.1066 0.8509 0.1999 0.8166 0.5198 0.5536 0.6738 1.0740 0.5925
26 0.1041 0.1171 0.8282 0.2215 0.7890 0.2381 0.4846 0.7793 0.7235 0.7310
27 0.0854 0.0983 0.8559 0.1842 0.8243 0.2073 0.4836 0.8043 0.6917 0.7603
28 0.0746 0.0904 0.8662 0.1654 0.8372 0.2105 0.4843 0.8093 0.6955 0.7680
29 0.0641 0.0812 0.8792 0.1458 0.8509 0.2018 0.4807 0.8087 0.6832 0.7699
30 0.0585 0.0770 0.8824 0.1361 0.8571 0.2056 0.4797 0.8079 0.6862 0.7684
31 0.0584 0.0755 0.8843 0.1344 0.8587 0.2140 0.4771 0.8141 0.6919 0.7739
32 0.0587 0.0740 0.8847 0.1332 0.8585 0.2216 0.4769 0.8114 0.6994 0.7706
33 0.0560 0.0725 0.8816 0.1290 0.8556 0.2268 0.4744 0.8123 0.7021 0.7763
34 0.0611 0.0739 0.8750 0.1355 0.8458 0.2465 0.4807 0.8032 0.7282 0.7586
35 0.0785 0.0859 0.8536 0.1650 0.8200 0.2663 0.4863 0.7885 0.7534 0.7520
36 0.0812 0.0875 0.8533 0.1693 0.8200 0.2644 0.5029 0.7799 0.7683 0.7343
37 0.0748 0.0788 0.8596 0.1543 0.8294 0.2151 0.4678 0.8128 0.6839 0.7725
38 0.0632 0.0693 0.8779 0.1333 0.8495 0.2272 0.4651 0.8143 0.6934 0.7711
39 0.0511 0.0589 0.8900 0.1108 0.8656 0.2136 0.4611 0.8204 0.6758 0.7801
40 0.0489 0.0567 0.8956 0.1064 0.8728 0.2160 0.4590 0.8213 0.6761 0.7807
41 0.0468 0.0555 0.8952 0.1032 0.8716 0.2114 0.4626 0.8219 0.6751 0.7807
42 0.0455 0.0545 0.8972 0.1009 0.8741 0.2253 0.4544 0.8180 0.6808 0.7778
43 0.0456 0.0536 0.8923 0.1000 0.8673 0.2014 0.4511 0.8205 0.6536 0.7820
44 0.0480 0.0551 0.8902 0.1039 0.8651 0.2327 0.4686 0.8189 0.7025 0.7802
45 0.0552 0.0605 0.8757 0.1165 0.8470 0.2617 0.4800 0.8053 0.7427 0.7621
46 0.0630 0.0659 0.8675 0.1298 0.8379 0.2582 0.4746 0.8084 0.7340 0.7754
47 0.0434 0.0498 0.8906 0.0941 0.8657 0.2369 0.4607 0.8196 0.6989 0.7812
48 0.0401 0.0474 0.8949 0.0885 0.8706 0.2487 0.4536 0.8214 0.7037 0.7828
49 0.0389 0.0439 0.9023 0.0839 0.8796 0.2459 0.4544 0.8267 0.7017 0.7902
50 0.0353 0.0423 0.9041 0.0786 0.8826 0.2416 0.4538 0.8232 0.6968 0.7858
51 0.0342 0.0411 0.9083 0.0764 0.8876 0.2444 0.4542 0.8232 0.7001 0.7860
52 0.0363 0.0419 0.9049 0.0794 0.8837 0.2404 0.4544 0.8256 0.6963 0.7898
53 0.0392 0.0434 0.9039 0.0837 0.8818 0.2360 0.4586 0.8256 0.6962 0.7923
54 0.0364 0.0418 0.9056 0.0794 0.8831 0.2476 0.4652 0.8156 0.7143 0.7785
55 0.0559 0.0548 0.8769 0.1117 0.8486 0.3659 0.4752 0.7802 0.8426 0.7485
56 0.0632 0.0626 0.8625 0.1267 0.8327 0.3477 0.4851 0.7842 0.8345 0.7460
57 0.0566 0.0543 0.8733 0.1120 0.8458 0.3204 0.4713 0.7942 0.7934 0.7537
58 0.0513 0.0501 0.8814 0.1025 0.8537 0.2266 0.4528 0.8245 0.6809 0.7926
59 0.0381 0.0420 0.8985 0.0812 0.8750 0.2378 0.4482 0.8285 0.6875 0.7942
60 0.0339 0.0381 0.9041 0.0733 0.8828 0.2339 0.4481 0.8262 0.6836 0.7913
61 0.0346 0.0388 0.9030 0.0746 0.8806 0.2404 0.4483 0.8248 0.6903 0.7890
62 0.0360 0.0375 0.9058 0.0748 0.8838 0.2498 0.4534 0.8267 0.7049 0.7931
63 0.0480 0.0462 0.8962 0.0954 0.8724 0.3494 0.4716 0.7980 0.8229 0.7637
64 0.0591 0.0519 0.8776 0.1121 0.8496 0.3237 0.4918 0.7788 0.8171 0.7411
65 0.0792 0.0734 0.8535 0.1536 0.8192 0.2550 0.4662 0.7939 0.7226 0.7472
66 0.0662 0.0613 0.8697 0.1285 0.8395 0.3031 0.4463 0.8062 0.7510 0.7719
67 0.0441 0.0448 0.8884 0.0902 0.8628 0.2832 0.4585 0.8184 0.7435 0.7825
68 0.0368 0.0387 0.8984 0.0769 0.8748 0.2913 0.4542 0.8157 0.7473 0.7799
69 0.0311 0.0340 0.9073 0.0664 0.8865 0.3073 0.4446 0.8186 0.7538 0.7821
70 0.0313 0.0336 0.9065 0.0663 0.8873 0.2971 0.4440 0.8159 0.7429 0.7797
71 0.0302 0.0332 0.9073 0.0649 0.8863 0.2903 0.4439 0.8168 0.7360 0.7829
72 0.0287 0.0319 0.9109 0.0620 0.8911 0.2910 0.4441 0.8184 0.7370 0.7838
73 0.0284 0.0308 0.9139 0.0607 0.8942 0.3102 0.4401 0.8205 0.7522 0.7879
74 0.0286 0.0308 0.9139 0.0609 0.8933 0.3072 0.4375 0.8255 0.7466 0.7930
75 0.0282 0.0302 0.9140 0.0598 0.8927 0.2949 0.4402 0.8234 0.7369 0.7892
76 0.0293 0.0308 0.9124 0.0615 0.8915 0.2803 0.4466 0.8309 0.7288 0.7971
77 0.0261 0.0277 0.9174 0.0554 0.8989 0.2855 0.4341 0.8294 0.7215 0.7922
78 0.0246 0.0266 0.9226 0.0528 0.9052 0.2854 0.4388 0.8320 0.7260 0.7954
79 0.0235 0.0254 0.9263 0.0505 0.9096 0.2874 0.4368 0.8299 0.7260 0.7937
80 0.0225 0.0248 0.9236 0.0490 0.9068 0.2886 0.4297 0.8307 0.7202 0.7943
81 0.0221 0.0243 0.9270 0.0482 0.9115 0.2872 0.4368 0.8303 0.7259 0.7945
82 0.0223 0.0241 0.9262 0.0482 0.9098 0.2945 0.4422 0.8307 0.7386 0.7946
83 0.0229 0.0247 0.9256 0.0493 0.9091 0.2992 0.4359 0.8298 0.7369 0.7936
84 0.0230 0.0241 0.9241 0.0487 0.9068 0.2945 0.4306 0.8296 0.7270 0.7952
85 0.0234 0.0242 0.9255 0.0492 0.9075 0.3055 0.4427 0.8184 0.7501 0.7816
86 0.0247 0.0260 0.9189 0.0524 0.9013 0.2897 0.4429 0.8289 0.7346 0.7937
87 0.0220 0.0233 0.9281 0.0471 0.9103 0.3021 0.4392 0.8282 0.7434 0.7920
88 0.0212 0.0223 0.9285 0.0453 0.9123 0.3044 0.4375 0.8272 0.7439 0.7916
89 0.0198 0.0210 0.9323 0.0428 0.9190 0.3016 0.4367 0.8307 0.7404 0.7943
90 0.0188 0.0207 0.9333 0.0414 0.9199 0.3038 0.4372 0.8292 0.7431 0.7937
91 0.0186 0.0203 0.9363 0.0408 0.9236 0.3084 0.4355 0.8298 0.7460 0.7931
92 0.0188 0.0202 0.9354 0.0410 0.9207 0.3115 0.4370 0.8337 0.7506 0.7969
93 0.0199 0.0208 0.9326 0.0426 0.9173 0.3184 0.4410 0.8314 0.7616 0.7962
94 0.0203 0.0211 0.9288 0.0434 0.9135 0.3098 0.4387 0.8281 0.7506 0.7913
95 0.0226 0.0227 0.9279 0.0472 0.9101 0.3274 0.4365 0.8015 0.7660 0.7617
96 0.0225 0.0236 0.9258 0.0479 0.9081 0.3107 0.4428 0.8311 0.7557 0.7973
97 0.0208 0.0212 0.9309 0.0439 0.9154 0.3242 0.4367 0.8282 0.7632 0.7923
98 0.0187 0.0200 0.9341 0.0407 0.9191 0.3185 0.4372 0.8275 0.7578 0.7929
99 0.0176 0.0185 0.9365 0.0382 0.9233 0.3208 0.4363 0.8317 0.7593 0.7965
