epoch train_BCELoss train_SoftDiceLoss train_iou train_loss train_mAP val_BCELoss val_SoftDiceLoss val_iou val_loss val_mAP
0 0.4734 0.5087 0.5761 0.9790 0.5149 0.3628 0.6133 0.6792 0.9737 0.6283
1 0.3198 0.3723 0.7099 0.6899 0.6488 0.3329 0.5754 0.7214 0.9077 0.6671
2 0.2743 0.3316 0.7375 0.6048 0.6826 0.2805 0.5678 0.7446 0.8478 0.6956
3 0.2456 0.3050 0.7630 0.5498 0.7132 0.2811 0.5590 0.7458 0.8397 0.6965
4 0.2243 0.2851 0.7830 0.5086 0.7379 0.2547 0.5595 0.7562 0.8138 0.7142
5 0.2211 0.2784 0.7846 0.4987 0.7388 0.2582 0.5500 0.7591 0.8079 0.7151
6 0.2169 0.2792 0.7870 0.4953 0.7419 0.2639 0.5495 0.7624 0.8131 0.7209
7 0.2089 0.2694 0.7937 0.4776 0.7488 0.2542 0.5445 0.7703 0.7984 0.7277
8 0.2083 0.2610 0.7851 0.4686 0.7395 0.2580 0.5442 0.7519 0.8021 0.7074
9 0.1999 0.2527 0.7904 0.4521 0.7436 0.2756 0.5448 0.7607 0.8203 0.7169
10 0.1885 0.2367 0.7909 0.4247 0.7465 0.2419 0.5407 0.7674 0.7825 0.7276
11 0.1798 0.2211 0.7990 0.4005 0.7578 0.2752 0.5463 0.7547 0.8215 0.7181
12 0.1578 0.1976 0.8162 0.3549 0.7754 0.2357 0.5274 0.7893 0.7632 0.7545
13 0.1453 0.1887 0.8249 0.3336 0.7865 0.2412 0.5255 0.7840 0.7669 0.7474
14 0.1397 0.1783 0.8351 0.3176 0.7986 0.2240 0.5199 0.7951 0.7440 0.7621
15 0.1329 0.1764 0.8399 0.3090 0.8036 0.2205 0.5229 0.7906 0.7434 0.7598
16 0.1315 0.1755 0.8257 0.3067 0.7886 0.2091 0.5168 0.7955 0.7260 0.7633
17 0.1279 0.1670 0.8386 0.2945 0.8012 0.1885 0.5086 0.8092 0.6972 0.7758
18 0.1383 0.1721 0.8251 0.3102 0.7883 0.2138 0.5115 0.7923 0.7254 0.7551
19 0.1313 0.1626 0.8293 0.2937 0.7919 0.2415 0.5143 0.7959 0.7561 0.7597
20 0.1413 0.1678 0.8174 0.3089 0.7806 0.2206 0.5097 0.7764 0.7305 0.7337
21 0.1319 0.1573 0.8248 0.2891 0.7872 0.2576 0.5172 0.7744 0.7751 0.7309
22 0.1207 0.1468 0.8374 0.2673 0.7990 0.2211 0.5069 0.7885 0.7285 0.7557
23 0.1089 0.1355 0.8393 0.2445 0.8036 0.2404 0.5098 0.7886 0.7506 0.7566
24 0.0999 0.1249 0.8522 0.2247 0.8173 0.2100 0.4964 0.8123 0.7068 0.7830
25 0.0917 0.1190 0.8595 0.2107 0.8276 0.2025 0.4933 0.8135 0.6962 0.7816
26 0.0925 0.1185 0.8585 0.2110 0.8238 0.2072 0.4905 0.8125 0.6982 0.7833
27 0.0921 0.1130 0.8602 0.2051 0.8275 0.2080 0.4941 0.8092 0.7025 0.7798
28 0.0969 0.1152 0.8577 0.2121 0.8243 0.2137 0.4876 0.8154 0.7018 0.7815
29 0.0977 0.1158 0.8548 0.2135 0.8188 0.2897 0.5033 0.7829 0.7937 0.7509
30 0.1400 0.1480 0.8172 0.2881 0.7774 0.2396 0.4953 0.7973 0.7355 0.7627
31 0.1141 0.1249 0.8252 0.2391 0.7890 0.2482 0.5130 0.7789 0.7618 0.7482
32 0.1057 0.1186 0.8441 0.2245 0.8078 0.2223 0.4903 0.7865 0.7132 0.7552
33 0.0920 0.1041 0.8492 0.1963 0.8136 0.2284 0.4858 0.8071 0.7149 0.7719
34 0.0831 0.0973 0.8608 0.1806 0.8264 0.2235 0.4848 0.8155 0.7090 0.7847
35 0.0752 0.0883 0.8703 0.1637 0.8403 0.2200 0.4847 0.8179 0.7054 0.7864
36 0.0772 0.0887 0.8657 0.1662 0.8343 0.2496 0.4878 0.8101 0.7383 0.7782
37 0.0755 0.0868 0.8653 0.1625 0.8326 0.2202 0.4839 0.8042 0.7049 0.7686
38 0.0815 0.0885 0.8655 0.1701 0.8331 0.2213 0.4834 0.8104 0.7055 0.7777
39 0.1089 0.1103 0.8444 0.2196 0.8098 0.2410 0.4770 0.8028 0.7187 0.7628
40 0.1075 0.1116 0.8327 0.2193 0.7943 0.2687 0.4919 0.7940 0.7614 0.7584
41 0.1017 0.1004 0.8429 0.2025 0.8076 0.2389 0.4827 0.7992 0.7227 0.7656
42 0.0883 0.0905 0.8551 0.1792 0.8232 0.2782 0.4789 0.8076 0.7582 0.7751
43 0.0770 0.0838 0.8616 0.1611 0.8282 0.2426 0.4792 0.8091 0.7227 0.7766
44 0.0662 0.0731 0.8748 0.1397 0.8411 0.2358 0.4727 0.8212 0.7097 0.7875
45 0.0663 0.0736 0.8729 0.1403 0.8403 0.2377 0.4731 0.8185 0.7118 0.7867
46 0.0642 0.0702 0.8792 0.1349 0.8468 0.2492 0.4714 0.8177 0.7217 0.7827
47 0.0615 0.0678 0.8822 0.1297 0.8519 0.2665 0.4742 0.8130 0.7419 0.7781
48 0.0712 0.0724 0.8729 0.1440 0.8416 0.2569 0.4794 0.8120 0.7376 0.7788
49 0.0754 0.0757 0.8654 0.1515 0.8315 0.2878 0.4886 0.7936 0.7773 0.7552
50 0.1148 0.1085 0.8299 0.2238 0.7916 0.2830 0.4842 0.7847 0.7683 0.7545
51 0.1018 0.0963 0.8395 0.1986 0.8051 0.2570 0.4749 0.8049 0.7331 0.7721
52 0.0892 0.0892 0.8538 0.1789 0.8188 0.2197 0.4678 0.8200 0.6886 0.7862
53 0.0705 0.0720 0.8728 0.1431 0.8398 0.2752 0.4886 0.7975 0.7651 0.7664
54 0.0652 0.0665 0.8797 0.1323 0.8492 0.2215 0.4709 0.8234 0.6937 0.7920
55 0.0609 0.0651 0.8768 0.1266 0.8475 0.2174 0.4703 0.8246 0.6889 0.7923
56 0.0620 0.0640 0.8782 0.1267 0.8484 0.2275 0.4652 0.8242 0.6939 0.7935
57 0.0638 0.0649 0.8731 0.1293 0.8439 0.2378 0.4640 0.8246 0.7031 0.7942
58 0.0656 0.0652 0.8768 0.1314 0.8447 0.2753 0.4722 0.8160 0.7491 0.7853
59 0.0670 0.0653 0.8707 0.1329 0.8394 0.2614 0.4700 0.8156 0.7329 0.7828
60 0.0759 0.0714 0.8650 0.1479 0.8318 0.3024 0.4718 0.8067 0.7757 0.7741
61 0.0804 0.0769 0.8636 0.1581 0.8296 0.2999 0.4853 0.7807 0.7866 0.7463
62 0.0803 0.0731 0.8600 0.1541 0.8275 0.2306 0.4653 0.8233 0.6973 0.7920
63 0.0591 0.0608 0.8714 0.1207 0.8438 0.2251 0.4514 0.8266 0.6779 0.7921
64 0.0597 0.0558 0.8788 0.1163 0.8508 0.2275 0.4642 0.8280 0.6931 0.7956
65 0.0564 0.0553 0.8871 0.1125 0.8588 0.2266 0.4562 0.8324 0.6842 0.7978
66 0.0562 0.0552 0.8783 0.1122 0.8490 0.2354 0.4540 0.8272 0.6908 0.7926
67 0.0534 0.0535 0.8851 0.1076 0.8564 0.2524 0.4629 0.8213 0.7168 0.7921
68 0.0573 0.0570 0.8789 0.1150 0.8486 0.2339 0.4612 0.8245 0.6965 0.7941
69 0.0596 0.0569 0.8774 0.1174 0.8485 0.2744 0.4577 0.8150 0.7337 0.7799
70 0.0722 0.0661 0.8728 0.1391 0.8387 0.2454 0.4554 0.8139 0.7020 0.7785
71 0.0672 0.0637 0.8674 0.1318 0.8331 0.2172 0.4686 0.8221 0.6870 0.7931
72 0.0635 0.0604 0.8731 0.1247 0.8413 0.2859 0.4674 0.8142 0.7549 0.7863
73 0.0570 0.0538 0.8842 0.1117 0.8554 0.3046 0.4644 0.8177 0.7707 0.7875
74 0.0557 0.0523 0.8865 0.1089 0.8575 0.2545 0.4612 0.8236 0.7173 0.7944
75 0.0513 0.0496 0.8906 0.1018 0.8606 0.2476 0.4602 0.8236 0.7093 0.7937
76 0.0487 0.0476 0.8884 0.0973 0.8603 0.2718 0.4610 0.8244 0.7345 0.7967
77 0.0508 0.0479 0.8915 0.0997 0.8636 0.2734 0.4549 0.8285 0.7300 0.8001
78 0.0500 0.0462 0.8899 0.0971 0.8603 0.2650 0.4433 0.8260 0.7101 0.7962
79 0.0572 0.0535 0.8827 0.1116 0.8530 0.3042 0.4623 0.8235 0.7683 0.7940
80 0.0730 0.0650 0.8680 0.1389 0.8331 0.3153 0.4944 0.7906 0.8114 0.7624
81 0.0678 0.0600 0.8724 0.1288 0.8411 0.2454 0.4723 0.8101 0.7192 0.7751
82 0.0571 0.0526 0.8799 0.1108 0.8494 0.3023 0.4583 0.8191 0.7624 0.7900
83 0.0566 0.0525 0.8845 0.1102 0.8542 0.2557 0.4527 0.8327 0.7102 0.8008
84 0.0495 0.0457 0.8919 0.0963 0.8637 0.2599 0.4557 0.8253 0.7175 0.7949
85 0.0462 0.0441 0.8900 0.0914 0.8622 0.2695 0.4545 0.8258 0.7258 0.7944
86 0.0473 0.0459 0.8903 0.0942 0.8599 0.2450 0.4519 0.8330 0.6985 0.8000
87 0.0475 0.0458 0.8877 0.0943 0.8588 0.2926 0.4529 0.8273 0.7474 0.7958
88 0.0475 0.0451 0.8904 0.0937 0.8613 0.2681 0.4483 0.8226 0.7183 0.7884
89 0.0631 0.0556 0.8769 0.1197 0.8460 0.3453 0.4609 0.7621 0.8080 0.7156
90 0.0744 0.0625 0.8668 0.1379 0.8342 0.3570 0.4752 0.7987 0.8340 0.7679
91 0.0623 0.0565 0.8696 0.1199 0.8394 0.2944 0.4610 0.8159 0.7571 0.7827
92 0.0533 0.0494 0.8786 0.1038 0.8462 0.2975 0.4582 0.8199 0.7575 0.7896
93 0.0541 0.0482 0.8844 0.1034 0.8546 0.2746 0.4503 0.8228 0.7268 0.7940
94 0.0481 0.0455 0.8872 0.0947 0.8588 0.2661 0.4567 0.8143 0.7246 0.7860
95 0.0444 0.0422 0.8963 0.0877 0.8696 0.2546 0.4523 0.8189 0.7087 0.7891
96 0.0431 0.0417 0.8927 0.0860 0.8655 0.2628 0.4514 0.8227 0.7161 0.7919
97 0.0453 0.0429 0.8952 0.0894 0.8683 0.2571 0.4414 0.8126 0.7002 0.7761
98 0.0521 0.0483 0.8892 0.1015 0.8590 0.2745 0.4465 0.8281 0.7228 0.7963
99 0.0593 0.0525 0.8818 0.1130 0.8502 0.3373 0.4740 0.7984 0.8133 0.7641
100 0.0815 0.0681 0.8578 0.1507 0.8227 0.2869 0.4599 0.8031 0.7484 0.7682
101 0.0773 0.0690 0.8671 0.1474 0.8331 0.2531 0.4646 0.8161 0.7192 0.7896
102 0.0633 0.0578 0.8684 0.1222 0.8376 0.3036 0.4580 0.8112 0.7636 0.7825
103 0.0577 0.0516 0.8841 0.1105 0.8553 0.2873 0.4676 0.8138 0.7567 0.7848
104 0.0465 0.0436 0.8865 0.0913 0.8593 0.3008 0.4522 0.8271 0.7550 0.7982
105 0.0445 0.0420 0.8905 0.0878 0.8628 0.3026 0.4506 0.8289 0.7551 0.7997
106 0.0430 0.0414 0.8919 0.0857 0.8643 0.3146 0.4475 0.8281 0.7642 0.8002
107 0.0443 0.0414 0.8938 0.0869 0.8656 0.2971 0.4415 0.8308 0.7405 0.7997
108 0.0418 0.0402 0.8931 0.0832 0.8650 0.2847 0.4420 0.8328 0.7286 0.8042
109 0.0494 0.0446 0.8841 0.0952 0.8530 0.2450 0.4502 0.8255 0.6970 0.7934
110 0.0521 0.0470 0.8846 0.1003 0.8553 0.3476 0.4501 0.8132 0.7999 0.7809
111 0.0665 0.0536 0.8787 0.1213 0.8468 0.2711 0.4517 0.8086 0.7244 0.7665
112 0.0625 0.0549 0.8757 0.1186 0.8450 0.2189 0.4599 0.8275 0.6806 0.7980
113 0.0474 0.0437 0.8898 0.0923 0.8601 0.2315 0.4403 0.8377 0.6735 0.8036
114 0.0462 0.0425 0.8900 0.0900 0.8603 0.2707 0.4395 0.8358 0.7121 0.8033
115 0.0385 0.0380 0.8982 0.0777 0.8705 0.2845 0.4400 0.8327 0.7265 0.8045
116 0.0415 0.0387 0.8968 0.0815 0.8679 0.2548 0.4405 0.8374 0.6972 0.8059
117 0.0408 0.0385 0.8981 0.0806 0.8704 0.2727 0.4474 0.8357 0.7221 0.8050
118 0.0444 0.0399 0.8916 0.0856 0.8616 0.3262 0.4496 0.8189 0.7779 0.7894
119 0.0455 0.0416 0.8859 0.0883 0.8562 0.2882 0.4377 0.8404 0.7278 0.8076
120 0.0683 0.0609 0.8718 0.1304 0.8391 0.2981 0.4734 0.8069 0.7735 0.7766
121 0.0561 0.0480 0.8815 0.1054 0.8487 0.3426 0.4543 0.8011 0.7988 0.7622
122 0.0475 0.0445 0.8848 0.0932 0.8544 0.3354 0.4591 0.8230 0.7965 0.7943
123 0.0418 0.0406 0.8928 0.0837 0.8652 0.2625 0.4548 0.8281 0.7192 0.7993
124 0.0408 0.0387 0.8985 0.0809 0.8713 0.3069 0.4523 0.8269 0.7614 0.7992
125 0.0397 0.0372 0.9014 0.0782 0.8726 0.2888 0.4523 0.8278 0.7431 0.7998
126 0.0391 0.0361 0.9011 0.0765 0.8752 0.3262 0.4546 0.8305 0.7830 0.8029
127 0.0418 0.0397 0.8935 0.0827 0.8663 0.2868 0.4586 0.8208 0.7473 0.7885
128 0.0436 0.0399 0.8932 0.0848 0.8643 0.3158 0.4581 0.8215 0.7759 0.7904
129 0.0436 0.0392 0.8930 0.0842 0.8643 0.3148 0.4496 0.8244 0.7665 0.7901
130 0.0512 0.0463 0.8901 0.0987 0.8595 0.2886 0.4541 0.8195 0.7446 0.7894
131 0.0560 0.0492 0.8852 0.1064 0.8543 0.3849 0.4509 0.8173 0.8380 0.7876
132 0.0464 0.0422 0.8920 0.0900 0.8659 0.3491 0.4513 0.8251 0.8025 0.7922
133 0.0401 0.0368 0.9010 0.0782 0.8733 0.3340 0.4441 0.8319 0.7803 0.8006
134 0.0378 0.0346 0.9030 0.0738 0.8769 0.3430 0.4423 0.8354 0.7876 0.8055
135 0.0371 0.0348 0.9042 0.0733 0.8787 0.3454 0.4438 0.8337 0.7914 0.8025
136 0.0366 0.0345 0.8996 0.0725 0.8753 0.3404 0.4454 0.8293 0.7880 0.8000
137 0.0382 0.0357 0.9016 0.0754 0.8748 0.3826 0.4329 0.8200 0.8178 0.7922
138 0.0392 0.0364 0.8989 0.0770 0.8724 0.2959 0.4480 0.8278 0.7460 0.7967
139 0.0385 0.0356 0.9004 0.0755 0.8726 0.3046 0.4400 0.8396 0.7467 0.8095
140 0.0387 0.0362 0.9006 0.0763 0.8712 0.3425 0.4407 0.8157 0.7853 0.7815
141 0.0399 0.0364 0.8992 0.0776 0.8725 0.4079 0.4591 0.8162 0.8691 0.7875
142 0.0485 0.0392 0.8943 0.0890 0.8648 0.4135 0.4619 0.8151 0.8777 0.7850
143 0.0407 0.0368 0.9030 0.0788 0.8760 0.3429 0.4482 0.8238 0.7933 0.7915
144 0.0373 0.0347 0.9046 0.0735 0.8779 0.3226 0.4470 0.8329 0.7718 0.8020
145 0.0330 0.0323 0.9050 0.0666 0.8780 0.3157 0.4456 0.8346 0.7635 0.8021
146 0.0333 0.0315 0.9033 0.0664 0.8763 0.3123 0.4431 0.8383 0.7576 0.8054
147 0.0336 0.0308 0.9073 0.0659 0.8821 0.3627 0.4488 0.8273 0.8137 0.7972
148 0.0362 0.0333 0.9091 0.0709 0.8853 0.3130 0.4454 0.8327 0.7605 0.8019
149 0.0349 0.0316 0.9050 0.0679 0.8795 0.2970 0.4453 0.8349 0.7444 0.8039
