epoch train_BCELoss train_SoftDiceLoss train_iou train_loss train_mAP val_BCELoss val_SoftDiceLoss val_iou val_loss val_mAP
0 0.6322 0.6347 0.4438 1.6575 0.4136 0.5007 0.6581 0.6014 1.3132 0.5310
1 0.4348 0.5177 0.6310 1.1453 0.5635 0.3735 0.6324 0.6800 0.9800 0.6320
2 0.3679 0.4582 0.7070 0.9374 0.6456 0.3621 0.6246 0.7047 0.9247 0.6535
3 0.3468 0.4360 0.7325 0.8832 0.6739 0.3761 0.5832 0.7245 1.0268 0.6531
4 0.3316 0.4262 0.7452 0.8259 0.6892 0.3224 0.6072 0.7427 0.8141 0.6955
5 0.3210 0.4139 0.7595 0.7889 0.7046 0.3210 0.6016 0.7502 0.8074 0.7059
6 0.3161 0.4082 0.7605 0.7829 0.7056 0.3143 0.5920 0.7598 0.7876 0.7173
7 0.3099 0.4033 0.7574 0.7893 0.7067 0.3074 0.5861 0.7586 0.7931 0.7182
8 0.2936 0.3866 0.7647 0.7620 0.7107 0.2825 0.5749 0.7523 0.7824 0.7083
9 0.2893 0.3834 0.7692 0.7593 0.7204 0.2821 0.5906 0.7621 0.7387 0.7200
10 0.2785 0.3721 0.7631 0.7457 0.7163 0.3092 0.6089 0.7106 0.8984 0.6748
11 0.2548 0.3475 0.7834 0.6859 0.7386 0.2690 0.5791 0.7507 0.7426 0.7152
12 0.2399 0.3318 0.7950 0.6490 0.7537 0.2444 0.5674 0.7737 0.6689 0.7439
13 0.2228 0.3136 0.8099 0.6034 0.7686 0.2355 0.5560 0.7880 0.6476 0.7578
14 0.2206 0.3109 0.8161 0.5907 0.7775 0.2272 0.5523 0.7914 0.6329 0.7602
15 0.2102 0.2995 0.8262 0.5538 0.7854 0.2265 0.5487 0.7978 0.6247 0.7673
16 0.2087 0.2972 0.8180 0.5662 0.7776 0.2291 0.5489 0.7992 0.6401 0.7690
17 0.2074 0.2923 0.8185 0.5722 0.7792 0.2440 0.5613 0.7742 0.6900 0.7432
18 0.2176 0.3020 0.8032 0.6203 0.7605 0.2341 0.5479 0.7795 0.6731 0.7520
19 0.2154 0.2972 0.8054 0.6145 0.7645 0.2245 0.5469 0.7779 0.6650 0.7453
20 0.2177 0.3007 0.7956 0.6384 0.7511 0.2112 0.5398 0.7927 0.6239 0.7644
21 0.2127 0.2952 0.8061 0.6229 0.7687 0.2636 0.5762 0.7231 0.7663 0.6932
22 0.2048 0.2908 0.8123 0.5908 0.7764 0.2003 0.5359 0.8060 0.5907 0.7779
23 0.1835 0.2706 0.8278 0.5386 0.7920 0.1976 0.5340 0.7950 0.5973 0.7717
24 0.1773 0.2607 0.8340 0.5125 0.7977 0.1912 0.5277 0.8077 0.5739 0.7830
25 0.1674 0.2475 0.8350 0.4900 0.8000 0.1952 0.5311 0.8100 0.5749 0.7838
26 0.1689 0.2496 0.8368 0.4944 0.8020 0.1995 0.5307 0.8101 0.5753 0.7840
27 0.1711 0.2494 0.8335 0.5061 0.7954 0.1962 0.5251 0.8088 0.5890 0.7855
28 0.1772 0.2561 0.8233 0.5375 0.7840 0.1973 0.5263 0.8018 0.6103 0.7648
29 0.1868 0.2631 0.8156 0.5765 0.7751 0.2154 0.5389 0.7826 0.6605 0.7568
30 0.1831 0.2564 0.8138 0.5693 0.7776 0.2069 0.5281 0.8071 0.6374 0.7710
31 0.1792 0.2516 0.8169 0.5692 0.7793 0.1923 0.5338 0.8053 0.5879 0.7819
32 0.1694 0.2473 0.8251 0.5255 0.7883 0.2096 0.5354 0.7962 0.6334 0.7712
33 0.1587 0.2335 0.8375 0.4959 0.8013 0.1720 0.5107 0.8250 0.5306 0.7984
34 0.1513 0.2229 0.8441 0.4614 0.8097 0.1701 0.5129 0.8188 0.5383 0.7970
35 0.1448 0.2150 0.8459 0.4517 0.8102 0.1695 0.5120 0.8227 0.5297 0.7983
36 0.1429 0.2139 0.8505 0.4460 0.8159 0.1750 0.5142 0.8193 0.5474 0.7952
37 0.1385 0.2040 0.8487 0.4369 0.8127 0.1681 0.5077 0.8237 0.5228 0.7988
38 0.1453 0.2124 0.8464 0.4659 0.8124 0.1780 0.5186 0.8145 0.5595 0.7920
39 0.1543 0.2202 0.8357 0.4986 0.8009 0.1859 0.5166 0.8115 0.5976 0.7869
40 0.1918 0.2573 0.8119 0.6052 0.7754 0.2599 0.5775 0.7266 0.8523 0.7061
41 0.1782 0.2537 0.8195 0.5536 0.7838 0.1836 0.5165 0.8070 0.5872 0.7773
42 0.1569 0.2298 0.8298 0.5044 0.7953 0.1836 0.5182 0.8080 0.5791 0.7818
43 0.1520 0.2201 0.8413 0.4825 0.8096 0.1739 0.5120 0.8137 0.5560 0.7902
44 0.1457 0.2119 0.8518 0.4443 0.8170 0.1582 0.5029 0.8322 0.5088 0.8077
45 0.1360 0.2012 0.8622 0.4255 0.8278 0.1556 0.4981 0.8336 0.5100 0.8090
46 0.1348 0.1956 0.8571 0.4227 0.8220 0.1647 0.5042 0.8331 0.5263 0.8088
47 0.1436 0.2086 0.8452 0.4559 0.8088 0.1863 0.5074 0.8146 0.5921 0.7893
48 0.1474 0.2144 0.8415 0.4774 0.8057 0.1557 0.4997 0.8314 0.5242 0.8047
49 0.1469 0.2109 0.8444 0.4703 0.8083 0.1734 0.5127 0.8160 0.5672 0.7905
50 0.1559 0.2206 0.8309 0.5124 0.7938 0.2288 0.5523 0.7508 0.7248 0.7261
51 0.1718 0.2394 0.8221 0.5469 0.7868 0.2126 0.5196 0.7912 0.6382 0.7685
52 0.1712 0.2417 0.8307 0.5272 0.7966 0.1859 0.5126 0.8115 0.5623 0.7868
53 0.1500 0.2229 0.8440 0.4704 0.8118 0.1622 0.5008 0.8216 0.5345 0.7985
54 0.1420 0.2074 0.8490 0.4503 0.8153 0.1597 0.4949 0.8331 0.5285 0.8119
55 0.1328 0.1973 0.8550 0.4253 0.8203 0.1596 0.4958 0.8316 0.5303 0.8112
56 0.1425 0.2060 0.8522 0.4502 0.8168 0.1567 0.4993 0.8305 0.5056 0.8073
57 0.1300 0.1901 0.8547 0.4258 0.8177 0.1586 0.4896 0.8387 0.5262 0.8175
58 0.1371 0.1966 0.8501 0.4457 0.8133 0.1781 0.5056 0.8071 0.5791 0.7791
59 0.1443 0.2065 0.8409 0.4780 0.8043 0.1865 0.5269 0.8097 0.5653 0.7871
60 0.1475 0.2100 0.8369 0.4871 0.7995 0.1664 0.5059 0.8267 0.5343 0.8019
61 0.1428 0.2065 0.8437 0.4664 0.8082 0.1635 0.5041 0.8204 0.5257 0.7943
62 0.1327 0.1920 0.8547 0.4351 0.8207 0.1773 0.5040 0.8276 0.5729 0.8029
63 0.1193 0.1765 0.8640 0.3971 0.8284 0.1729 0.4915 0.8296 0.5619 0.8052
64 0.1139 0.1708 0.8697 0.3778 0.8353 0.1606 0.4859 0.8340 0.5355 0.8100
65 0.1122 0.1665 0.8688 0.3779 0.8346 0.1644 0.4869 0.8316 0.5438 0.8085
66 0.1127 0.1698 0.8639 0.3821 0.8297 0.1497 0.4876 0.8420 0.4965 0.8172
67 0.1122 0.1628 0.8652 0.3884 0.8304 0.1715 0.4941 0.8307 0.5488 0.8058
68 0.1188 0.1726 0.8649 0.3992 0.8313 0.1588 0.4922 0.8340 0.5147 0.8090
69 0.1320 0.1919 0.8507 0.4435 0.8160 0.1620 0.5019 0.8256 0.5248 0.7982
70 0.1431 0.2028 0.8418 0.4790 0.8047 0.1668 0.5004 0.8190 0.5775 0.7871
71 0.1364 0.1957 0.8422 0.4633 0.8095 0.1659 0.4912 0.8199 0.5533 0.7922
72 0.1136 0.1657 0.8652 0.3897 0.8287 0.2079 0.4914 0.8185 0.6693 0.7950
73 0.1101 0.1624 0.8682 0.3829 0.8324 0.1635 0.4929 0.8312 0.5380 0.8055
74 0.1071 0.1572 0.8707 0.3677 0.8367 0.1733 0.4870 0.8327 0.5696 0.8065
75 0.1025 0.1513 0.8729 0.3560 0.8379 0.1723 0.4850 0.8328 0.5691 0.8068
76 0.0995 0.1490 0.8749 0.3562 0.8403 0.1860 0.4871 0.8301 0.6125 0.8068
77 0.1053 0.1563 0.8662 0.3727 0.8330 0.1580 0.4839 0.8288 0.5472 0.8084
78 0.1144 0.1647 0.8640 0.3988 0.8300 0.1749 0.4781 0.8324 0.5751 0.8069
79 0.1242 0.1741 0.8599 0.4130 0.8227 0.1571 0.4983 0.8322 0.5056 0.8064
80 0.1284 0.1798 0.8527 0.4414 0.8174 0.1653 0.4953 0.8173 0.5784 0.7885
81 0.1405 0.1980 0.8463 0.4620 0.8119 0.1750 0.4968 0.8198 0.5809 0.7914
82 0.1273 0.1805 0.8630 0.4202 0.8294 0.1893 0.4959 0.8213 0.6024 0.7933
83 0.1102 0.1618 0.8681 0.3734 0.8334 0.1579 0.4813 0.8403 0.5493 0.8175
84 0.0987 0.1464 0.8759 0.3536 0.8394 0.1643 0.4812 0.8412 0.5495 0.8183
85 0.0979 0.1473 0.8778 0.3417 0.8438 0.1623 0.4813 0.8433 0.5408 0.8205
86 0.1001 0.1482 0.8780 0.3435 0.8438 0.1580 0.4827 0.8429 0.5238 0.8208
87 0.1003 0.1461 0.8755 0.3543 0.8408 0.1852 0.4858 0.8112 0.6262 0.7879
88 0.1147 0.1619 0.8664 0.3916 0.8305 0.1457 0.4806 0.8450 0.4861 0.8217
89 0.1165 0.1653 0.8609 0.4054 0.8270 0.1856 0.4871 0.8260 0.6062 0.7972
90 0.1269 0.1798 0.8559 0.4273 0.8208 0.1587 0.5003 0.8402 0.4932 0.8151
91 0.1265 0.1761 0.8566 0.4283 0.8202 0.1589 0.4932 0.8351 0.5323 0.8124
92 0.1113 0.1635 0.8623 0.3918 0.8277 0.1609 0.4881 0.8199 0.5490 0.7973
93 0.1031 0.1511 0.8764 0.3508 0.8420 0.1631 0.4759 0.8371 0.5496 0.8094
94 0.0989 0.1481 0.8758 0.3521 0.8428 0.1638 0.4790 0.8394 0.5434 0.8165
95 0.0938 0.1366 0.8810 0.3330 0.8482 0.1633 0.4777 0.8403 0.5444 0.8173
96 0.0928 0.1359 0.8752 0.3398 0.8406 0.1603 0.4774 0.8402 0.5487 0.8161
97 0.0935 0.1366 0.8839 0.3343 0.8505 0.1543 0.4775 0.8421 0.5246 0.8192
98 0.1031 0.1475 0.8722 0.3598 0.8380 0.2234 0.4953 0.7940 0.7423 0.7690
99 0.1259 0.1808 0.8570 0.4276 0.8204 0.1860 0.5015 0.7986 0.6652 0.7752
100 0.1288 0.1802 0.8462 0.4532 0.8102 0.1958 0.4974 0.8058 0.6872 0.7781
101 0.1251 0.1791 0.8564 0.4302 0.8221 0.1748 0.4982 0.8240 0.5733 0.8002
102 0.1089 0.1564 0.8657 0.3867 0.8342 0.1818 0.4991 0.8101 0.6038 0.7857
103 0.1029 0.1523 0.8657 0.3682 0.8333 0.1635 0.4772 0.8289 0.5621 0.8057
104 0.1005 0.1492 0.8760 0.3468 0.8417 0.1724 0.4769 0.8314 0.5798 0.8083
105 0.0907 0.1378 0.8791 0.3302 0.8465 0.1716 0.4741 0.8332 0.5765 0.8087
106 0.0905 0.1361 0.8813 0.3205 0.8459 0.1698 0.4757 0.8375 0.5725 0.8136
107 0.0891 0.1308 0.8814 0.3267 0.8462 0.1669 0.4787 0.8372 0.5595 0.8114
108 0.0887 0.1293 0.8873 0.3189 0.8535 0.1589 0.4786 0.8366 0.5519 0.8117
109 0.1091 0.1553 0.8646 0.3931 0.8298 0.1551 0.4813 0.8366 0.5347 0.8121
110 0.1071 0.1557 0.8668 0.3846 0.8295 0.1812 0.5044 0.8094 0.6155 0.7852
111 0.1024 0.1508 0.8683 0.3685 0.8350 0.1570 0.4767 0.8361 0.5519 0.8150
112 0.0978 0.1407 0.8781 0.3521 0.8447 0.1761 0.4691 0.8250 0.6197 0.7991
113 0.0918 0.1337 0.8810 0.3323 0.8480 0.1634 0.4743 0.8398 0.5629 0.8155
114 0.0908 0.1334 0.8773 0.3335 0.8435 0.1623 0.4722 0.8428 0.5475 0.8167
115 0.0790 0.1224 0.8888 0.2919 0.8570 0.1733 0.4679 0.8378 0.5864 0.8143
116 0.0821 0.1213 0.8839 0.3121 0.8506 0.1717 0.4697 0.8370 0.5791 0.8131
117 0.0802 0.1195 0.8824 0.3093 0.8492 0.1788 0.4690 0.8482 0.5915 0.8258
118 0.0841 0.1208 0.8829 0.3215 0.8487 0.1719 0.4744 0.8358 0.5809 0.8148
119 0.0966 0.1370 0.8774 0.3495 0.8416 0.1862 0.4799 0.8227 0.6263 0.8013
120 0.0973 0.1451 0.8729 0.3565 0.8362 0.1996 0.4793 0.8146 0.6787 0.7910
121 0.0987 0.1457 0.8671 0.3730 0.8323 0.1963 0.4920 0.8039 0.6554 0.7816
122 0.0972 0.1350 0.8714 0.3582 0.8364 0.2355 0.4841 0.8210 0.7303 0.7945
123 0.0844 0.1253 0.8837 0.3181 0.8507 0.1759 0.4708 0.8334 0.5974 0.8093
124 0.0778 0.1153 0.8864 0.3048 0.8527 0.1870 0.4685 0.8342 0.6205 0.8125
125 0.0741 0.1099 0.8874 0.2923 0.8534 0.1849 0.4654 0.8373 0.6171 0.8157
126 0.0720 0.1089 0.8973 0.2752 0.8629 0.1708 0.4631 0.8436 0.5762 0.8218
127 0.0686 0.1008 0.8938 0.2761 0.8597 0.1815 0.4658 0.8429 0.5989 0.8206
128 0.0805 0.1171 0.8852 0.3125 0.8533 0.1840 0.4565 0.8372 0.6326 0.8100
129 0.0781 0.1133 0.8873 0.3032 0.8540 0.1834 0.4584 0.8402 0.6274 0.8140
130 0.1033 0.1428 0.8636 0.3872 0.8297 0.1890 0.4793 0.8053 0.6765 0.7819
131 0.1067 0.1489 0.8579 0.3961 0.8221 0.1752 0.4819 0.8386 0.5977 0.8035
132 0.0929 0.1349 0.8739 0.3454 0.8413 0.1523 0.4748 0.8445 0.5112 0.8202
133 0.0799 0.1172 0.8877 0.3038 0.8532 0.1618 0.4589 0.8431 0.5634 0.8171
134 0.0740 0.1083 0.8923 0.2905 0.8582 0.1469 0.4608 0.8416 0.5178 0.8165
135 0.0708 0.1068 0.8955 0.2757 0.8638 0.1488 0.4577 0.8469 0.5248 0.8235
136 0.0687 0.1020 0.8919 0.2770 0.8572 0.1628 0.4573 0.8508 0.5489 0.8273
137 0.0672 0.0993 0.8896 0.2839 0.8584 0.2003 0.4600 0.8418 0.6368 0.8198
138 0.0726 0.1042 0.8883 0.2934 0.8541 0.1448 0.4697 0.8388 0.5381 0.8180
139 0.0787 0.1147 0.8857 0.3101 0.8520 0.1638 0.4782 0.8333 0.5472 0.8075
140 0.0993 0.1433 0.8657 0.3730 0.8302 0.1859 0.4960 0.8023 0.6401 0.7805
141 0.0878 0.1261 0.8739 0.3430 0.8412 0.2291 0.4624 0.8215 0.7400 0.7994
142 0.0783 0.1133 0.8875 0.3003 0.8539 0.1977 0.4721 0.8333 0.6519 0.8115
143 0.0759 0.1121 0.8859 0.3086 0.8506 0.1743 0.4650 0.8424 0.5729 0.8201
144 0.0682 0.1010 0.8930 0.2776 0.8587 0.1956 0.4558 0.8433 0.6292 0.8220
145 0.0662 0.0988 0.8945 0.2675 0.8628 0.1883 0.4580 0.8449 0.6093 0.8251
146 0.0601 0.0912 0.8985 0.2557 0.8672 0.1794 0.4544 0.8447 0.6004 0.8212
147 0.0686 0.0987 0.8934 0.2812 0.8608 0.1685 0.4655 0.8418 0.5644 0.8177
148 0.0684 0.1029 0.8908 0.2868 0.8581 0.1954 0.4632 0.8472 0.6215 0.8230
149 0.0797 0.1144 0.8881 0.3056 0.8542 0.1734 0.4756 0.8358 0.6014 0.8147
150 0.0877 0.1253 0.8732 0.3481 0.8390 0.1955 0.4662 0.8351 0.6776 0.8074
151 0.0875 0.1248 0.8765 0.3418 0.8435 0.2952 0.4932 0.7900 0.9452 0.7631
152 0.0884 0.1310 0.8713 0.3488 0.8372 0.1767 0.4641 0.8439 0.5960 0.8160
153 0.0761 0.1116 0.8905 0.2960 0.8579 0.1829 0.4658 0.8359 0.6171 0.8148
154 0.0648 0.0960 0.8918 0.2732 0.8615 0.1961 0.4517 0.8445 0.6473 0.8224
155 0.0622 0.0908 0.8960 0.2578 0.8612 0.1858 0.4529 0.8446 0.6184 0.8232
156 0.0578 0.0867 0.9013 0.2477 0.8686 0.1883 0.4450 0.8413 0.6379 0.8211
157 0.0607 0.0872 0.8987 0.2599 0.8654 0.1887 0.4475 0.8463 0.6347 0.8239
158 0.0634 0.0931 0.8952 0.2670 0.8619 0.2160 0.4580 0.8295 0.6985 0.8075
159 0.0707 0.1033 0.8896 0.2875 0.8564 0.1874 0.4694 0.8398 0.6455 0.8158
160 0.0935 0.1295 0.8753 0.3579 0.8406 0.1983 0.4678 0.8129 0.6888 0.7864
161 0.0864 0.1251 0.8788 0.3301 0.8445 0.2232 0.4772 0.8315 0.7143 0.8116
162 0.0735 0.1047 0.8915 0.2875 0.8591 0.1834 0.4733 0.8321 0.6381 0.8119
163 0.0651 0.0964 0.8979 0.2676 0.8619 0.2190 0.4599 0.8381 0.7241 0.8162
164 0.0596 0.0875 0.9007 0.2513 0.8677 0.2055 0.4529 0.8463 0.6673 0.8244
165 0.0574 0.0862 0.9039 0.2418 0.8712 0.2042 0.4527 0.8434 0.6692 0.8227
166 0.0574 0.0851 0.9018 0.2471 0.8688 0.1970 0.4553 0.8427 0.6498 0.8206
167 0.0568 0.0845 0.9012 0.2454 0.8701 0.1978 0.4617 0.8283 0.6815 0.8067
168 0.0622 0.0904 0.8933 0.2720 0.8608 0.2324 0.4480 0.8403 0.7222 0.8192
169 0.0827 0.1114 0.8826 0.3176 0.8486 0.1735 0.4844 0.8156 0.6277 0.7903
170 0.0885 0.1280 0.8805 0.3331 0.8457 0.2156 0.4501 0.8374 0.7122 0.8067
171 0.0805 0.1128 0.8839 0.3177 0.8515 0.1841 0.4478 0.8453 0.6149 0.8220
172 0.0729 0.1049 0.8937 0.2903 0.8596 0.1768 0.4676 0.8297 0.6165 0.8038
173 0.0687 0.0999 0.8939 0.2825 0.8621 0.1792 0.4587 0.8385 0.6119 0.8132
174 0.0619 0.0926 0.9026 0.2507 0.8704 0.1929 0.4588 0.8425 0.6353 0.8180
175 0.0558 0.0836 0.9083 0.2357 0.8779 0.2041 0.4531 0.8428 0.6703 0.8185
176 0.0560 0.0839 0.9021 0.2441 0.8702 0.2044 0.4570 0.8459 0.6578 0.8228
177 0.0533 0.0785 0.9048 0.2387 0.8740 0.1910 0.4492 0.8458 0.6392 0.8199
178 0.0576 0.0829 0.9048 0.2477 0.8730 0.2416 0.4609 0.8328 0.7488 0.7988
179 0.0706 0.1011 0.8962 0.2778 0.8653 0.2171 0.4581 0.8415 0.6966 0.8153
180 0.0721 0.1027 0.8897 0.2931 0.8549 0.2124 0.4576 0.8389 0.6890 0.8135
181 0.0713 0.1023 0.8913 0.2890 0.8583 0.2626 0.4963 0.8144 0.8401 0.7888
182 0.0680 0.0974 0.8944 0.2794 0.8603 0.1874 0.4480 0.8426 0.6521 0.8180
183 0.0581 0.0866 0.9026 0.2476 0.8694 0.2007 0.4599 0.8410 0.6464 0.8163
184 0.0557 0.0804 0.9011 0.2435 0.8694 0.2058 0.4453 0.8471 0.6724 0.8235
185 0.0519 0.0740 0.9078 0.2285 0.8759 0.2129 0.4447 0.8445 0.6923 0.8217
186 0.0486 0.0720 0.9068 0.2234 0.8742 0.2154 0.4376 0.8458 0.7013 0.8229
187 0.0524 0.0767 0.9011 0.2384 0.8703 0.2389 0.4408 0.8449 0.7563 0.8231
188 0.0562 0.0811 0.8929 0.2633 0.8596 0.2350 0.4440 0.8420 0.7487 0.8206
189 0.0688 0.1001 0.8949 0.2773 0.8623 0.1461 0.4757 0.8295 0.5876 0.8074
190 0.0797 0.1124 0.8798 0.3200 0.8451 0.2005 0.4603 0.8414 0.6608 0.8161
191 0.0766 0.1112 0.8846 0.3087 0.8499 0.1788 0.4504 0.8375 0.6236 0.8123
192 0.0703 0.1022 0.8884 0.2859 0.8564 0.1793 0.4474 0.8462 0.5900 0.8189
193 0.0562 0.0825 0.9007 0.2481 0.8693 0.2011 0.4508 0.8462 0.6733 0.8213
194 0.0538 0.0794 0.9040 0.2374 0.8714 0.2257 0.4479 0.8418 0.7237 0.8181
195 0.0516 0.0776 0.9041 0.2336 0.8708 0.2228 0.4502 0.8399 0.7134 0.8186
196 0.0487 0.0732 0.9081 0.2248 0.8775 0.2065 0.4481 0.8449 0.6736 0.8213
197 0.0485 0.0724 0.9063 0.2240 0.8771 0.2081 0.4507 0.8371 0.6838 0.8144
198 0.0531 0.0789 0.9024 0.2427 0.8705 0.2399 0.4574 0.8239 0.7738 0.8002
199 0.0636 0.0913 0.8940 0.2757 0.8615 0.2062 0.4519 0.8479 0.6973 0.8250
200 0.0818 0.1173 0.8859 0.3212 0.8533 0.1790 0.4631 0.8310 0.6540 0.8068
201 0.0712 0.1031 0.8911 0.2928 0.8579 0.1967 0.4517 0.8392 0.6425 0.8190
202 0.0681 0.1007 0.8906 0.2827 0.8581 0.1526 0.4508 0.8454 0.5444 0.8219
203 0.0573 0.0827 0.9004 0.2477 0.8706 0.1757 0.4495 0.8494 0.5870 0.8271
204 0.0519 0.0774 0.9051 0.2306 0.8729 0.1939 0.4448 0.8475 0.6490 0.8270
205 0.0486 0.0707 0.9071 0.2204 0.8776 0.1804 0.4460 0.8512 0.6098 0.8327
206 0.0491 0.0707 0.9066 0.2288 0.8760 0.1755 0.4430 0.8510 0.6042 0.8262
207 0.0514 0.0765 0.9105 0.2213 0.8813 0.1903 0.4501 0.8486 0.6262 0.8278
208 0.0492 0.0709 0.9086 0.2260 0.8771 0.1660 0.4378 0.8453 0.5937 0.8238
209 0.0597 0.0874 0.8934 0.2646 0.8620 0.2274 0.4709 0.8396 0.7253 0.8146
210 0.0649 0.0949 0.8938 0.2771 0.8592 0.2004 0.4502 0.8374 0.6619 0.8107
211 0.0641 0.0909 0.8964 0.2724 0.8636 0.1886 0.4559 0.8383 0.6410 0.8157
212 0.0615 0.0890 0.8975 0.2633 0.8673 0.1895 0.4590 0.8361 0.6647 0.8165
213 0.0597 0.0865 0.8969 0.2560 0.8652 0.2084 0.4467 0.8455 0.6902 0.8235
214 0.0534 0.0791 0.9061 0.2371 0.8734 0.2119 0.4496 0.8421 0.6794 0.8191
215 0.0492 0.0734 0.9093 0.2172 0.8783 0.2137 0.4460 0.8433 0.6867 0.8196
216 0.0493 0.0718 0.9041 0.2288 0.8731 0.2114 0.4437 0.8496 0.6751 0.8256
217 0.0490 0.0717 0.9057 0.2262 0.8752 0.2105 0.4402 0.8463 0.6847 0.8239
218 0.0489 0.0708 0.9053 0.2288 0.8735 0.2244 0.4301 0.8597 0.7237 0.8354
219 0.0602 0.0863 0.8965 0.2648 0.8631 0.1876 0.4521 0.8557 0.6328 0.8348
220 0.0618 0.0871 0.8873 0.2811 0.8550 0.2518 0.4378 0.8293 0.8030 0.8040
221 0.0615 0.0904 0.8933 0.2719 0.8608 0.2273 0.4604 0.8342 0.7224 0.8092
222 0.0560 0.0788 0.9007 0.2483 0.8688 0.2088 0.4523 0.8437 0.6802 0.8200
223 0.0513 0.0753 0.9062 0.2278 0.8739 0.1886 0.4422 0.8536 0.6277 0.8331
224 0.0458 0.0672 0.9074 0.2191 0.8751 0.2174 0.4328 0.8535 0.6974 0.8307
225 0.0443 0.0656 0.9102 0.2123 0.8786 0.2054 0.4360 0.8591 0.6629 0.8362
226 0.0432 0.0634 0.9092 0.2126 0.8799 0.2065 0.4341 0.8566 0.6682 0.8342
227 0.0452 0.0650 0.9114 0.2136 0.8827 0.2291 0.4467 0.8462 0.7207 0.8231
228 0.0473 0.0665 0.9138 0.2148 0.8833 0.2289 0.4296 0.8588 0.7179 0.8373
229 0.0602 0.0817 0.9013 0.2557 0.8689 0.1619 0.4604 0.8444 0.6107 0.8170
230 0.0671 0.0952 0.8898 0.2902 0.8590 0.2392 0.4466 0.8486 0.7384 0.8239
231 0.0663 0.0939 0.8965 0.2725 0.8660 0.1931 0.4551 0.8293 0.6730 0.8083
232 0.0610 0.0850 0.8976 0.2606 0.8653 0.2257 0.4563 0.8363 0.7170 0.8128
233 0.0487 0.0711 0.9077 0.2251 0.8749 0.2112 0.4389 0.8529 0.6882 0.8314
234 0.0466 0.0681 0.9082 0.2173 0.8790 0.2415 0.4358 0.8538 0.7409 0.8308
235 0.0467 0.0674 0.9091 0.2164 0.8778 0.2368 0.4364 0.8550 0.7292 0.8339
236 0.0456 0.0667 0.9118 0.2096 0.8810 0.2237 0.4435 0.8518 0.7113 0.8258
237 0.0491 0.0717 0.9103 0.2193 0.8808 0.2541 0.4431 0.8375 0.7865 0.8156
238 0.0456 0.0682 0.9076 0.2179 0.8779 0.2222 0.4629 0.8301 0.7182 0.8068
239 0.0536 0.0771 0.9056 0.2401 0.8755 0.1968 0.4582 0.8382 0.6705 0.8116
240 0.0829 0.1178 0.8862 0.3143 0.8533 0.2144 0.4769 0.8280 0.7040 0.8029
241 0.0708 0.1041 0.8886 0.2895 0.8551 0.2121 0.4525 0.8442 0.6796 0.8223
242 0.0598 0.0865 0.8981 0.2578 0.8659 0.2357 0.4343 0.8479 0.7351 0.8237
243 0.0537 0.0775 0.9049 0.2341 0.8730 0.2129 0.4297 0.8562 0.6841 0.8309
244 0.0492 0.0710 0.9085 0.2240 0.8779 0.2035 0.4452 0.8592 0.6498 0.8349
245 0.0452 0.0665 0.9152 0.2052 0.8842 0.2077 0.4404 0.8596 0.6602 0.8359
246 0.0454 0.0654 0.9091 0.2133 0.8794 0.2018 0.4447 0.8575 0.6579 0.8336
247 0.0452 0.0657 0.9119 0.2113 0.8821 0.2288 0.4346 0.8504 0.7167 0.8271
248 0.0431 0.0637 0.9117 0.2081 0.8818 0.2241 0.4411 0.8463 0.7019 0.8209
249 0.0508 0.0746 0.9046 0.2362 0.8734 0.1932 0.4428 0.8546 0.6412 0.8315
