epoch train_BCELoss train_SoftDiceLoss train_iou train_loss train_mAP val_BCELoss val_SoftDiceLoss val_iou val_loss val_mAP
0 0.5797 0.6162 0.4813 1.5547 0.4452 0.4453 0.6457 0.6280 1.1638 0.5471
1 0.3979 0.4932 0.6587 1.0658 0.5903 0.3633 0.6237 0.6949 0.9714 0.6282
2 0.3457 0.4395 0.7121 0.9230 0.6508 0.3500 0.6262 0.7038 0.9093 0.6353
3 0.3219 0.4178 0.7393 0.8493 0.6851 0.3213 0.6141 0.7142 0.8404 0.6434
4 0.2966 0.3911 0.7593 0.7751 0.7024 0.2951 0.5893 0.7541 0.7802 0.6999
5 0.2878 0.3828 0.7686 0.7505 0.7157 0.2950 0.5889 0.7551 0.7729 0.7023
6 0.2855 0.3802 0.7639 0.7524 0.7114 0.2993 0.5850 0.7538 0.8044 0.7033
7 0.2799 0.3751 0.7631 0.7570 0.7102 0.2775 0.5767 0.7696 0.7379 0.7196
8 0.2680 0.3638 0.7709 0.7281 0.7189 0.2725 0.5803 0.7479 0.7445 0.6931
9 0.2653 0.3554 0.7693 0.7413 0.7186 0.2697 0.5796 0.7396 0.7743 0.6981
10 0.2495 0.3421 0.7750 0.7108 0.7301 0.3272 0.6124 0.6648 0.9691 0.6122
11 0.2462 0.3408 0.7788 0.6988 0.7325 0.2566 0.5719 0.7694 0.7078 0.7240
12 0.2258 0.3171 0.7876 0.6535 0.7477 0.2430 0.5740 0.7613 0.6932 0.7198
13 0.2130 0.3039 0.8099 0.5961 0.7677 0.2287 0.5498 0.7822 0.6488 0.7463
14 0.2043 0.2939 0.8084 0.5906 0.7706 0.2139 0.5437 0.8001 0.5982 0.7644
15 0.1969 0.2836 0.8214 0.5548 0.7840 0.2245 0.5486 0.7857 0.6196 0.7526
16 0.1971 0.2886 0.8244 0.5514 0.7856 0.2168 0.5412 0.7864 0.6163 0.7509
17 0.1961 0.2825 0.8164 0.5634 0.7767 0.2033 0.5446 0.8075 0.5836 0.7680
18 0.1921 0.2762 0.8163 0.5668 0.7774 0.2045 0.5488 0.7829 0.6046 0.7388
19 0.1961 0.2786 0.8060 0.5948 0.7696 0.2473 0.5638 0.7528 0.7459 0.7023
20 0.2026 0.2835 0.7994 0.6279 0.7582 0.2346 0.5509 0.7801 0.6843 0.7348
21 0.2000 0.2805 0.8006 0.6152 0.7617 0.2229 0.5540 0.7718 0.6605 0.7305
22 0.1882 0.2699 0.8154 0.5727 0.7752 0.2004 0.5288 0.8026 0.5976 0.7642
23 0.1781 0.2584 0.8221 0.5377 0.7851 0.1756 0.5170 0.8155 0.5462 0.7810
24 0.1656 0.2433 0.8338 0.4989 0.7989 0.1806 0.5242 0.8142 0.5465 0.7846
25 0.1602 0.2371 0.8405 0.4801 0.8078 0.1825 0.5245 0.8165 0.5475 0.7886
26 0.1597 0.2311 0.8442 0.4746 0.8103 0.1723 0.5200 0.8222 0.5156 0.7888
27 0.1583 0.2346 0.8343 0.4898 0.7991 0.1795 0.5097 0.8185 0.5519 0.7849
28 0.1607 0.2335 0.8279 0.5050 0.7932 0.1813 0.5248 0.8195 0.5409 0.7897
29 0.1816 0.2541 0.8093 0.5775 0.7708 0.2554 0.5417 0.7458 0.7988 0.6943
30 0.1898 0.2621 0.8136 0.5890 0.7729 0.2008 0.5340 0.7909 0.6002 0.7568
31 0.1842 0.2611 0.8167 0.5655 0.7796 0.2102 0.5488 0.7861 0.6174 0.7508
32 0.1736 0.2524 0.8226 0.5431 0.7877 0.1813 0.5194 0.8150 0.5535 0.7840
33 0.1632 0.2366 0.8356 0.4989 0.8025 0.1846 0.5207 0.8111 0.5477 0.7763
34 0.1543 0.2264 0.8481 0.4681 0.8130 0.1872 0.5193 0.8130 0.5565 0.7798
35 0.1494 0.2212 0.8449 0.4581 0.8109 0.1839 0.5189 0.8171 0.5477 0.7837
36 0.1487 0.2193 0.8469 0.4605 0.8133 0.1858 0.5163 0.8119 0.5776 0.7799
37 0.1460 0.2166 0.8454 0.4651 0.8106 0.1802 0.5163 0.8135 0.5729 0.7897
38 0.1569 0.2227 0.8349 0.5017 0.7999 0.1947 0.5296 0.8124 0.5732 0.7823
39 0.1553 0.2217 0.8325 0.4986 0.7972 0.1882 0.5312 0.8044 0.5624 0.7688
40 0.1755 0.2423 0.8197 0.5648 0.7813 0.2002 0.5211 0.7901 0.6277 0.7496
41 0.1681 0.2454 0.8243 0.5332 0.7883 0.2002 0.5321 0.8018 0.5775 0.7688
42 0.1532 0.2240 0.8389 0.4880 0.8061 0.2092 0.5344 0.7962 0.6145 0.7600
43 0.1480 0.2139 0.8459 0.4653 0.8095 0.1615 0.5032 0.8240 0.5248 0.7908
44 0.1401 0.2106 0.8518 0.4389 0.8189 0.1907 0.5139 0.8144 0.5714 0.7881
45 0.1331 0.1993 0.8638 0.4074 0.8293 0.1698 0.5067 0.8279 0.5189 0.7967
46 0.1355 0.2007 0.8611 0.4185 0.8291 0.1567 0.5017 0.8267 0.5026 0.7985
47 0.1337 0.1983 0.8512 0.4326 0.8172 0.1642 0.5045 0.8330 0.5034 0.8046
48 0.1416 0.2005 0.8489 0.4581 0.8135 0.1524 0.4934 0.8304 0.5065 0.7942
49 0.1359 0.1970 0.8509 0.4380 0.8179 0.2004 0.5142 0.8049 0.5916 0.7741
50 0.1507 0.2092 0.8305 0.5087 0.7959 0.1602 0.5038 0.8176 0.5530 0.7887
51 0.1489 0.2128 0.8390 0.4889 0.8054 0.1630 0.5030 0.8368 0.5079 0.8018
52 0.1343 0.1937 0.8580 0.4359 0.8238 0.1822 0.5132 0.8064 0.5588 0.7721
53 0.1518 0.2122 0.8377 0.4876 0.8054 0.1679 0.5052 0.8052 0.5522 0.7715
54 0.1409 0.2059 0.8448 0.4557 0.8110 0.1544 0.5003 0.8356 0.4875 0.8035
55 0.1330 0.1946 0.8478 0.4380 0.8165 0.1566 0.5022 0.8316 0.4888 0.7989
56 0.1307 0.1914 0.8566 0.4286 0.8258 0.1649 0.5045 0.8280 0.5073 0.7994
57 0.1245 0.1861 0.8544 0.4173 0.8227 0.1519 0.4938 0.8461 0.4848 0.8122
58 0.1347 0.1907 0.8508 0.4436 0.8179 0.1986 0.5225 0.8182 0.5814 0.7890
59 0.1334 0.1929 0.8510 0.4481 0.8198 0.2211 0.5296 0.7988 0.6622 0.7722
60 0.1468 0.2079 0.8378 0.4902 0.8049 0.1879 0.5166 0.8029 0.6034 0.7729
61 0.1431 0.2066 0.8421 0.4678 0.8088 0.1926 0.5155 0.8014 0.5857 0.7778
62 0.1307 0.1899 0.8572 0.4278 0.8257 0.1787 0.5093 0.8141 0.5347 0.7900
63 0.1290 0.1870 0.8564 0.4212 0.8210 0.1494 0.4947 0.8296 0.5073 0.8004
64 0.1159 0.1723 0.8638 0.3905 0.8335 0.1574 0.4985 0.8271 0.5065 0.8018
65 0.1101 0.1672 0.8771 0.3614 0.8464 0.1584 0.4930 0.8308 0.5116 0.8022
66 0.1058 0.1588 0.8755 0.3591 0.8408 0.1526 0.4899 0.8348 0.5062 0.8073
67 0.1080 0.1587 0.8714 0.3700 0.8407 0.1476 0.4935 0.8369 0.4834 0.8079
68 0.1097 0.1595 0.8698 0.3814 0.8360 0.2037 0.5218 0.8042 0.6483 0.7632
69 0.1352 0.1928 0.8464 0.4528 0.8116 0.1714 0.4972 0.8139 0.5877 0.7824
70 0.1400 0.2001 0.8461 0.4662 0.8120 0.1675 0.5012 0.8219 0.5625 0.7952
71 0.1233 0.1781 0.8514 0.4336 0.8187 0.1896 0.5008 0.8144 0.6178 0.7804
72 0.1267 0.1834 0.8577 0.4245 0.8247 0.1673 0.4944 0.8244 0.5508 0.7954
73 0.1196 0.1728 0.8667 0.3981 0.8363 0.1583 0.4908 0.8333 0.5159 0.8057
74 0.1146 0.1700 0.8631 0.3910 0.8293 0.1505 0.4916 0.8416 0.4806 0.8163
75 0.1116 0.1630 0.8725 0.3702 0.8436 0.1415 0.4853 0.8493 0.4686 0.8228
76 0.1090 0.1577 0.8754 0.3593 0.8456 0.1438 0.4879 0.8476 0.4632 0.8195
77 0.1109 0.1621 0.8738 0.3765 0.8420 0.1606 0.4819 0.8226 0.5667 0.7853
78 0.1154 0.1660 0.8626 0.3960 0.8300 0.1461 0.4784 0.8405 0.5000 0.8119
79 0.1155 0.1705 0.8603 0.4086 0.8254 0.1532 0.4917 0.8278 0.5241 0.7974
80 0.1157 0.1673 0.8646 0.4035 0.8335 0.1469 0.4933 0.8317 0.5195 0.8046
81 0.1131 0.1618 0.8665 0.3950 0.8354 0.1467 0.4919 0.8261 0.5118 0.7983
82 0.1051 0.1536 0.8759 0.3635 0.8457 0.1742 0.4889 0.8187 0.5696 0.7940
83 0.1036 0.1473 0.8714 0.3708 0.8407 0.1462 0.4882 0.8515 0.4572 0.8265
84 0.0959 0.1401 0.8840 0.3290 0.8525 0.1365 0.4773 0.8525 0.4511 0.8276
85 0.0937 0.1399 0.8880 0.3175 0.8560 0.1343 0.4761 0.8572 0.4406 0.8299
86 0.0896 0.1316 0.8850 0.3210 0.8557 0.1451 0.4776 0.8476 0.4752 0.8219
87 0.0923 0.1370 0.8831 0.3302 0.8549 0.1447 0.4797 0.8543 0.4734 0.8282
88 0.1095 0.1570 0.8776 0.3680 0.8463 0.1669 0.4928 0.8295 0.5359 0.7984
89 0.1052 0.1539 0.8722 0.3691 0.8409 0.1621 0.4948 0.8281 0.5208 0.7991
90 0.1287 0.1786 0.8537 0.4387 0.8197 0.4308 0.5477 0.7405 1.1775 0.6994
91 0.1180 0.1709 0.8557 0.4185 0.8261 0.4718 0.5299 0.7458 1.3026 0.7066
92 0.1112 0.1642 0.8684 0.3822 0.8348 0.1378 0.4846 0.8449 0.4780 0.8183
93 0.0989 0.1470 0.8762 0.3491 0.8461 0.1424 0.4792 0.8427 0.4860 0.8123
94 0.0907 0.1350 0.8841 0.3265 0.8545 0.1395 0.4817 0.8456 0.4740 0.8184
95 0.0924 0.1354 0.8865 0.3241 0.8564 0.1371 0.4770 0.8427 0.4749 0.8119
96 0.0872 0.1267 0.8872 0.3164 0.8580 0.1472 0.4766 0.8448 0.4964 0.8157
97 0.0906 0.1320 0.8814 0.3270 0.8499 0.1548 0.4776 0.8398 0.5213 0.8125
98 0.0946 0.1365 0.8797 0.3462 0.8481 0.1546 0.4803 0.8438 0.5241 0.8116
99 0.1035 0.1489 0.8757 0.3636 0.8414 0.1962 0.4940 0.8265 0.6150 0.7984
100 0.1348 0.1840 0.8501 0.4561 0.8175 0.1536 0.5007 0.8288 0.5175 0.7921
101 0.1178 0.1715 0.8594 0.4102 0.8276 0.1376 0.4889 0.8398 0.4623 0.8104
102 0.1088 0.1577 0.8706 0.3766 0.8388 0.1494 0.4819 0.8348 0.5103 0.8025
103 0.0943 0.1399 0.8768 0.3465 0.8451 0.1423 0.4787 0.8493 0.5015 0.8232
104 0.0881 0.1308 0.8874 0.3154 0.8572 0.1604 0.4789 0.8299 0.5492 0.8021
105 0.0841 0.1250 0.8908 0.3066 0.8605 0.1554 0.4775 0.8305 0.5332 0.8020
106 0.0833 0.1226 0.8880 0.3105 0.8557 0.1428 0.4707 0.8476 0.4972 0.8176
107 0.0830 0.1233 0.8893 0.3068 0.8568 0.1426 0.4765 0.8479 0.4825 0.8200
108 0.0876 0.1277 0.8846 0.3266 0.8523 0.1476 0.4765 0.8326 0.5429 0.8064
109 0.1047 0.1486 0.8710 0.3763 0.8380 0.1805 0.5132 0.8185 0.5757 0.7882
110 0.1114 0.1623 0.8663 0.3903 0.8332 0.1809 0.5075 0.8183 0.5727 0.7885
111 0.1151 0.1623 0.8614 0.4070 0.8280 0.1974 0.5021 0.7909 0.6478 0.7576
112 0.1010 0.1459 0.8724 0.3683 0.8398 0.1665 0.4895 0.8190 0.5455 0.7935
113 0.0908 0.1314 0.8815 0.3320 0.8491 0.1585 0.4855 0.8412 0.5090 0.8129
114 0.0898 0.1287 0.8866 0.3234 0.8549 0.1469 0.4761 0.8351 0.5011 0.8114
115 0.0795 0.1194 0.8920 0.2948 0.8609 0.1464 0.4728 0.8404 0.5048 0.8169
116 0.0760 0.1146 0.8932 0.2903 0.8614 0.1432 0.4705 0.8484 0.4901 0.8200
117 0.0763 0.1132 0.8882 0.3000 0.8565 0.1460 0.4780 0.8405 0.4884 0.8109
118 0.0869 0.1270 0.8880 0.3175 0.8569 0.1390 0.4781 0.8454 0.4959 0.8225
119 0.0990 0.1386 0.8771 0.3588 0.8425 0.1707 0.4938 0.8221 0.5532 0.7935
120 0.1152 0.1653 0.8714 0.3869 0.8385 0.1699 0.4912 0.8136 0.5780 0.7828
121 0.1027 0.1464 0.8731 0.3711 0.8417 0.1896 0.4829 0.8147 0.6370 0.7827
122 0.0905 0.1308 0.8878 0.3260 0.8567 0.1433 0.4707 0.8380 0.5095 0.8095
123 0.0816 0.1215 0.8888 0.3134 0.8585 0.1873 0.4774 0.8282 0.6082 0.7971
124 0.0720 0.1112 0.9024 0.2679 0.8740 0.1293 0.4665 0.8518 0.4834 0.8225
125 0.0704 0.1036 0.8912 0.2895 0.8616 0.1384 0.4652 0.8445 0.5141 0.8158
126 0.0758 0.1087 0.8953 0.2885 0.8644 0.1939 0.4769 0.8260 0.6355 0.8003
127 0.0797 0.1168 0.8930 0.2977 0.8643 0.1640 0.4755 0.8419 0.5584 0.8119
128 0.0767 0.1100 0.8951 0.2945 0.8629 0.1285 0.4652 0.8507 0.4786 0.8206
129 0.0861 0.1204 0.8822 0.3302 0.8502 0.1424 0.4801 0.8130 0.5756 0.7837
130 0.1196 0.1673 0.8569 0.4183 0.8239 0.1875 0.4957 0.8201 0.6329 0.7879
131 0.0996 0.1469 0.8781 0.3518 0.8438 0.1357 0.4784 0.8454 0.4906 0.8142
132 0.0923 0.1345 0.8832 0.3312 0.8512 0.1473 0.4716 0.8438 0.5054 0.8184
133 0.0785 0.1186 0.8892 0.3031 0.8571 0.1457 0.4774 0.8524 0.5186 0.8299
134 0.0751 0.1110 0.8960 0.2869 0.8648 0.1402 0.4686 0.8474 0.5047 0.8241
135 0.0684 0.1002 0.9014 0.2628 0.8728 0.1405 0.4693 0.8488 0.4941 0.8254
136 0.0686 0.1029 0.9017 0.2638 0.8735 0.1435 0.4657 0.8511 0.5002 0.8260
137 0.0648 0.0978 0.8989 0.2651 0.8689 0.1538 0.4657 0.8555 0.5231 0.8278
138 0.0799 0.1175 0.8918 0.3050 0.8620 0.1728 0.4726 0.8539 0.5409 0.8254
139 0.0886 0.1273 0.8811 0.3311 0.8494 0.2262 0.4787 0.8159 0.7201 0.7869
140 0.0984 0.1408 0.8733 0.3687 0.8430 0.1699 0.5145 0.8045 0.5879 0.7821
141 0.1055 0.1469 0.8648 0.3911 0.8335 0.1562 0.4957 0.8165 0.5373 0.7922
142 0.0825 0.1233 0.8870 0.3094 0.8564 0.1411 0.4720 0.8362 0.5115 0.8046
143 0.0735 0.1107 0.8939 0.2861 0.8642 0.1347 0.4656 0.8524 0.4829 0.8269
144 0.0657 0.0976 0.8994 0.2653 0.8704 0.1415 0.4646 0.8493 0.4995 0.8204
145 0.0644 0.0988 0.9034 0.2552 0.8747 0.1390 0.4654 0.8484 0.4913 0.8202
146 0.0656 0.0972 0.9006 0.2627 0.8717 0.1370 0.4624 0.8533 0.4897 0.8254
147 0.0612 0.0903 0.9050 0.2508 0.8732 0.1527 0.4625 0.8450 0.5494 0.8227
148 0.0825 0.1162 0.8853 0.3196 0.8537 0.1518 0.4813 0.8300 0.5224 0.8028
149 0.0746 0.1085 0.8912 0.2939 0.8609 0.1866 0.4791 0.8176 0.6266 0.7971
150 0.0788 0.1149 0.8936 0.2988 0.8614 0.1585 0.4902 0.8421 0.5466 0.8124
151 0.0783 0.1113 0.8905 0.3059 0.8607 0.1327 0.4680 0.8445 0.4936 0.8189
152 0.0744 0.1099 0.8922 0.2939 0.8601 0.1423 0.4616 0.8475 0.5157 0.8229
153 0.0671 0.0996 0.8985 0.2731 0.8717 0.1432 0.4617 0.8410 0.5167 0.8151
154 0.0618 0.0919 0.9026 0.2578 0.8740 0.1382 0.4633 0.8416 0.4999 0.8145
155 0.0570 0.0876 0.9056 0.2416 0.8792 0.1364 0.4651 0.8468 0.4882 0.8211
156 0.0578 0.0831 0.9100 0.2374 0.8819 0.1418 0.4642 0.8468 0.5123 0.8202
157 0.0603 0.0882 0.9056 0.2472 0.8759 0.1305 0.4588 0.8594 0.4799 0.8323
158 0.0599 0.0890 0.9025 0.2520 0.8714 0.1490 0.4608 0.8449 0.5303 0.8156
159 0.0611 0.0880 0.8982 0.2672 0.8676 0.1634 0.4778 0.8293 0.5902 0.7991
160 0.0775 0.1123 0.8910 0.3050 0.8592 0.1933 0.4782 0.8191 0.6339 0.7871
161 0.0820 0.1175 0.8835 0.3206 0.8522 0.2394 0.4743 0.8249 0.7458 0.8004
162 0.0655 0.0971 0.8992 0.2713 0.8680 0.1633 0.4741 0.8344 0.5495 0.8063
163 0.0615 0.0910 0.9052 0.2506 0.8746 0.1610 0.4661 0.8395 0.5540 0.8123
164 0.0556 0.0815 0.9033 0.2455 0.8758 0.1615 0.4642 0.8402 0.5540 0.8165
165 0.0542 0.0806 0.9080 0.2330 0.8768 0.1623 0.4637 0.8431 0.5594 0.8189
166 0.0499 0.0759 0.9093 0.2263 0.8798 0.1450 0.4614 0.8475 0.5260 0.8219
167 0.0515 0.0736 0.9083 0.2356 0.8803 0.1515 0.4623 0.8438 0.5357 0.8188
168 0.0618 0.0897 0.9003 0.2592 0.8726 0.2555 0.5179 0.7838 0.8241 0.7525
169 0.0664 0.0968 0.8973 0.2829 0.8676 0.1648 0.4732 0.8415 0.5503 0.8109
170 0.0829 0.1158 0.8913 0.3131 0.8593 0.2442 0.4756 0.8203 0.7668 0.7906
171 0.0757 0.1128 0.8924 0.3023 0.8640 0.1871 0.4789 0.8224 0.6103 0.8012
172 0.0600 0.0882 0.9035 0.2533 0.8740 0.1509 0.4673 0.8434 0.5458 0.8148
173 0.0560 0.0808 0.9071 0.2443 0.8775 0.1538 0.4683 0.8470 0.5512 0.8183
174 0.0537 0.0806 0.9062 0.2389 0.8790 0.1565 0.4613 0.8483 0.5428 0.8239
175 0.0484 0.0741 0.9078 0.2215 0.8787 0.1604 0.4622 0.8452 0.5559 0.8183
176 0.0490 0.0710 0.9154 0.2173 0.8878 0.1606 0.4617 0.8498 0.5525 0.8260
177 0.0510 0.0754 0.9125 0.2239 0.8843 0.1957 0.4628 0.8412 0.6404 0.8177
178 0.0566 0.0820 0.9027 0.2460 0.8742 0.1481 0.4706 0.8467 0.5297 0.8160
179 0.0600 0.0881 0.9039 0.2561 0.8726 0.1523 0.4667 0.8504 0.5569 0.8204
180 0.0639 0.0912 0.8974 0.2729 0.8670 0.4495 0.5418 0.6970 1.4339 0.6605
181 0.0699 0.1013 0.8901 0.2917 0.8591 0.1519 0.4620 0.8504 0.5323 0.8221
182 0.0636 0.0910 0.9008 0.2627 0.8710 0.1635 0.4760 0.8321 0.5916 0.8096
183 0.0555 0.0826 0.9067 0.2429 0.8789 0.1685 0.4620 0.8461 0.5755 0.8248
184 0.0495 0.0742 0.9111 0.2232 0.8829 0.1519 0.4551 0.8462 0.5389 0.8247
185 0.0487 0.0741 0.9124 0.2154 0.8844 0.1553 0.4523 0.8454 0.5545 0.8242
186 0.0504 0.0722 0.9133 0.2274 0.8858 0.1579 0.4508 0.8531 0.5618 0.8286
187 0.0477 0.0718 0.9127 0.2159 0.8837 0.1543 0.4551 0.8526 0.5535 0.8251
188 0.0536 0.0776 0.9104 0.2348 0.8810 0.1702 0.4598 0.8459 0.6014 0.8214
189 0.0581 0.0848 0.8987 0.2655 0.8675 0.1754 0.4577 0.8413 0.6053 0.8156
190 0.0790 0.1106 0.8880 0.3115 0.8539 0.1636 0.4785 0.8253 0.5757 0.7964
191 0.0889 0.1259 0.8858 0.3259 0.8541 0.1429 0.4767 0.8341 0.5086 0.8073
192 0.0629 0.0905 0.9030 0.2582 0.8730 0.1326 0.4669 0.8427 0.5037 0.8136
193 0.0595 0.0869 0.9074 0.2498 0.8776 0.1648 0.4645 0.8459 0.5615 0.8211
194 0.0548 0.0815 0.9073 0.2334 0.8786 0.1667 0.4573 0.8402 0.5781 0.8152
195 0.0478 0.0727 0.9111 0.2172 0.8824 0.1528 0.4583 0.8493 0.5403 0.8241
196 0.0466 0.0691 0.9158 0.2122 0.8878 0.1496 0.4536 0.8588 0.5353 0.8364
197 0.0516 0.0733 0.9118 0.2278 0.8842 0.1575 0.4568 0.8504 0.5426 0.8300
198 0.0499 0.0714 0.9125 0.2191 0.8832 0.1831 0.4660 0.8395 0.6005 0.8088
199 0.0594 0.0843 0.9055 0.2518 0.8760 0.1552 0.4683 0.8506 0.5652 0.8285
200 0.0740 0.1056 0.8952 0.2975 0.8650 0.1812 0.4879 0.8238 0.6363 0.8002
201 0.0732 0.1063 0.8873 0.3026 0.8571 0.1537 0.4778 0.8351 0.5327 0.8114
202 0.0636 0.0936 0.8956 0.2714 0.8684 0.1620 0.4693 0.8321 0.5832 0.8058
203 0.0559 0.0818 0.9072 0.2394 0.8799 0.1581 0.4573 0.8401 0.5671 0.8150
204 0.0492 0.0724 0.9104 0.2249 0.8814 0.1621 0.4539 0.8542 0.5757 0.8289
205 0.0483 0.0691 0.9143 0.2180 0.8881 0.1590 0.4522 0.8574 0.5617 0.8318
206 0.0453 0.0658 0.9155 0.2077 0.8871 0.1587 0.4543 0.8494 0.5744 0.8225
207 0.0484 0.0691 0.9157 0.2170 0.8883 0.1652 0.4480 0.8502 0.5964 0.8277
208 0.0485 0.0718 0.9096 0.2304 0.8828 0.1664 0.4612 0.8377 0.5909 0.8109
209 0.0572 0.0831 0.9026 0.2506 0.8726 0.1799 0.4632 0.8297 0.6728 0.8059
210 0.0734 0.1022 0.8916 0.2996 0.8603 0.2456 0.5123 0.8161 0.8253 0.7844
211 0.0601 0.0869 0.8991 0.2659 0.8697 0.1626 0.4635 0.8444 0.5728 0.8199
212 0.0568 0.0825 0.9083 0.2420 0.8792 0.1688 0.4652 0.8438 0.5889 0.8153
213 0.0482 0.0699 0.9113 0.2232 0.8819 0.1716 0.4536 0.8466 0.5974 0.8184
214 0.0450 0.0669 0.9166 0.2103 0.8890 0.1773 0.4519 0.8486 0.6103 0.8223
215 0.0434 0.0638 0.9205 0.2006 0.8928 0.1736 0.4536 0.8480 0.5999 0.8235
216 0.0432 0.0642 0.9155 0.2092 0.8862 0.1902 0.4530 0.8439 0.6319 0.8196
217 0.0466 0.0671 0.9151 0.2117 0.8877 0.1768 0.4415 0.8466 0.6094 0.8191
218 0.0453 0.0657 0.9170 0.2120 0.8900 0.2165 0.4490 0.8352 0.7257 0.8035
219 0.0627 0.0886 0.9025 0.2678 0.8728 0.1536 0.4625 0.8482 0.5441 0.8192
220 0.0647 0.0946 0.8935 0.2832 0.8627 0.1731 0.4586 0.8478 0.5809 0.8173
221 0.0596 0.0878 0.9026 0.2546 0.8720 0.1969 0.4638 0.8506 0.6323 0.8241
222 0.0539 0.0790 0.9040 0.2448 0.8725 0.1856 0.4525 0.8522 0.6406 0.8240
223 0.0490 0.0691 0.9125 0.2207 0.8838 0.1832 0.4504 0.8514 0.6226 0.8277
224 0.0430 0.0635 0.9201 0.2005 0.8934 0.1871 0.4499 0.8526 0.6220 0.8270
225 0.0435 0.0633 0.9158 0.2032 0.8888 0.1763 0.4528 0.8559 0.5982 0.8299
226 0.0419 0.0613 0.9209 0.1981 0.8950 0.1932 0.4427 0.8540 0.6405 0.8292
227 0.0400 0.0578 0.9227 0.1920 0.8963 0.1863 0.4453 0.8540 0.6373 0.8287
228 0.0501 0.0696 0.9151 0.2225 0.8873 0.1702 0.4526 0.8530 0.5746 0.8297
229 0.0513 0.0721 0.9134 0.2264 0.8861 0.2049 0.4543 0.8335 0.7171 0.8003
230 0.0730 0.1020 0.8911 0.2976 0.8619 0.2300 0.5352 0.7711 0.7474 0.7337
231 0.0720 0.1028 0.8953 0.2901 0.8627 0.1923 0.4639 0.8429 0.6513 0.8165
232 0.0587 0.0844 0.9060 0.2473 0.8767 0.1916 0.4512 0.8288 0.6521 0.8026
233 0.0557 0.0815 0.9048 0.2417 0.8775 0.1819 0.4603 0.8404 0.6165 0.8135
234 0.0457 0.0694 0.9174 0.2076 0.8902 0.1750 0.4483 0.8556 0.5830 0.8296
235 0.0438 0.0655 0.9167 0.2029 0.8910 0.1746 0.4491 0.8556 0.5813 0.8299
236 0.0427 0.0623 0.9188 0.2038 0.8924 0.1834 0.4537 0.8520 0.6044 0.8270
237 0.0419 0.0619 0.9206 0.1974 0.8923 0.1937 0.4467 0.8554 0.6330 0.8291
238 0.0462 0.0643 0.9151 0.2162 0.8876 0.1625 0.4543 0.8441 0.5665 0.8190
239 0.0517 0.0729 0.9102 0.2314 0.8822 0.1979 0.4499 0.8469 0.6583 0.8212
240 0.0678 0.1003 0.8947 0.2874 0.8676 0.1759 0.4699 0.8409 0.5915 0.8156
241 0.0781 0.1114 0.8924 0.3015 0.8617 0.1640 0.4601 0.8318 0.6141 0.8060
242 0.0570 0.0816 0.9029 0.2515 0.8762 0.2182 0.4547 0.8382 0.6921 0.8138
243 0.0610 0.0872 0.9066 0.2517 0.8776 0.1318 0.4584 0.8565 0.4806 0.8336
244 0.0485 0.0711 0.9154 0.2121 0.8868 0.1456 0.4567 0.8500 0.5316 0.8278
245 0.0454 0.0661 0.9215 0.2032 0.8964 0.1462 0.4544 0.8507 0.5395 0.8273
246 0.0447 0.0663 0.9179 0.2072 0.8903 0.1536 0.4454 0.8553 0.5473 0.8302
247 0.0494 0.0699 0.9126 0.2246 0.8828 0.1791 0.4616 0.8537 0.5938 0.8306
248 0.0458 0.0657 0.9133 0.2142 0.8853 0.2013 0.4557 0.8476 0.6650 0.8224
249 0.0552 0.0787 0.9036 0.2468 0.8762 0.1713 0.4629 0.8552 0.5897 0.8307
