epoch train_BCELoss train_SoftDiceLoss train_iou train_loss train_mAP val_BCELoss val_SoftDiceLoss val_iou val_loss val_mAP
0 0.7731 0.6539 0.0438 1.4260 0.0003 0.7446 0.7007 0.0617 1.4443 0.0023
1 0.5873 0.5550 0.5217 1.1398 0.4612 0.4715 0.6068 0.6648 1.0753 0.5779
2 0.3914 0.4197 0.6895 0.8074 0.6241 0.3421 0.5805 0.7273 0.9204 0.6734
3 0.3167 0.3643 0.7410 0.6788 0.6859 0.3142 0.5618 0.7456 0.8752 0.6949
4 0.2760 0.3280 0.7672 0.6027 0.7152 0.2525 0.5569 0.7616 0.8087 0.7231
5 0.2304 0.2879 0.7880 0.5173 0.7403 0.2740 0.5667 0.7353 0.8403 0.6975
6 0.2008 0.2587 0.7997 0.4587 0.7536 0.2161 0.5316 0.7951 0.7475 0.7565
7 0.1658 0.2221 0.8297 0.3872 0.7921 0.2074 0.5271 0.8049 0.7343 0.7689
8 0.1523 0.2072 0.8414 0.3589 0.8041 0.2294 0.5251 0.8046 0.7547 0.7694
9 0.1392 0.1944 0.8521 0.3330 0.8173 0.1960 0.5171 0.8131 0.7131 0.7817
10 0.1313 0.1895 0.8604 0.3202 0.8266 0.1944 0.5209 0.8096 0.7154 0.7771
11 0.1273 0.1824 0.8632 0.3092 0.8298 0.2064 0.5232 0.8083 0.7296 0.7742
12 0.1234 0.1764 0.8633 0.2993 0.8290 0.1748 0.5096 0.8197 0.6845 0.7873
13 0.1223 0.1719 0.8502 0.2937 0.8173 0.2114 0.5200 0.8011 0.7316 0.7674
14 0.1317 0.1709 0.8369 0.3021 0.8015 0.2023 0.5113 0.8048 0.7138 0.7695
15 0.1295 0.1631 0.8291 0.2922 0.7910 0.1972 0.5083 0.7918 0.7058 0.7496
16 0.1249 0.1552 0.8298 0.2798 0.7925 0.2080 0.5071 0.7861 0.7155 0.7516
17 0.0989 0.1299 0.8555 0.2285 0.8232 0.1752 0.4934 0.8086 0.6690 0.7701
18 0.0820 0.1129 0.8736 0.1945 0.8443 0.1769 0.4934 0.8264 0.6707 0.7962
19 0.0764 0.1052 0.8819 0.1812 0.8549 0.1636 0.4848 0.8328 0.6488 0.8008
20 0.0712 0.1029 0.8861 0.1738 0.8614 0.1620 0.4857 0.8321 0.6482 0.7998
21 0.0728 0.1020 0.8849 0.1744 0.8590 0.1679 0.4859 0.8322 0.6543 0.8013
22 0.0699 0.0972 0.8839 0.1668 0.8576 0.1780 0.4817 0.8296 0.6603 0.7990
23 0.0682 0.0943 0.8828 0.1622 0.8555 0.1784 0.4823 0.8257 0.6612 0.7921
24 0.0792 0.0993 0.8697 0.1783 0.8384 0.1835 0.4904 0.8123 0.6745 0.7780
25 0.0917 0.1032 0.8579 0.1949 0.8253 0.1871 0.4798 0.7952 0.6678 0.7566
26 0.0831 0.0964 0.8607 0.1794 0.8293 0.1899 0.4746 0.8203 0.6655 0.7890
27 0.0675 0.0813 0.8799 0.1487 0.8521 0.1768 0.4724 0.8347 0.6501 0.8026
28 0.0544 0.0696 0.8925 0.1240 0.8683 0.1521 0.4662 0.8386 0.6191 0.8062
29 0.0492 0.0641 0.8985 0.1133 0.8753 0.1567 0.4615 0.8442 0.6190 0.8157
30 0.0484 0.0628 0.9010 0.1113 0.8793 0.1555 0.4609 0.8476 0.6172 0.8205
31 0.0518 0.0667 0.8990 0.1184 0.8761 0.1565 0.4610 0.8447 0.6184 0.8160
32 0.0476 0.0608 0.9022 0.1084 0.8808 0.1576 0.4606 0.8486 0.6193 0.8184
33 0.0502 0.0624 0.8961 0.1126 0.8731 0.1552 0.4622 0.8375 0.6181 0.8033
34 0.0498 0.0599 0.8963 0.1096 0.8725 0.2080 0.4722 0.8167 0.6816 0.7852
35 0.0580 0.0663 0.8836 0.1242 0.8559 0.1966 0.4800 0.8219 0.6776 0.7925
36 0.0599 0.0650 0.8779 0.1248 0.8512 0.3032 0.5017 0.7837 0.8059 0.7426
37 0.0659 0.0669 0.8814 0.1328 0.8535 0.2010 0.4699 0.8041 0.6722 0.7694
38 0.0484 0.0543 0.8937 0.1027 0.8705 0.1860 0.4501 0.8377 0.6374 0.8097
39 0.0413 0.0489 0.9020 0.0901 0.8803 0.1861 0.4486 0.8346 0.6359 0.8042
40 0.0401 0.0472 0.9070 0.0872 0.8862 0.1869 0.4482 0.8358 0.6363 0.8045
41 0.0385 0.0452 0.9089 0.0836 0.8884 0.1695 0.4498 0.8412 0.6204 0.8088
42 0.0386 0.0441 0.9088 0.0826 0.8884 0.1970 0.4459 0.8388 0.6440 0.8108
43 0.0437 0.0475 0.9018 0.0911 0.8795 0.2176 0.4630 0.8271 0.6828 0.8033
44 0.0453 0.0480 0.8926 0.0933 0.8677 0.2447 0.4534 0.8337 0.7005 0.8079
45 0.0704 0.0652 0.8779 0.1359 0.8478 0.3226 0.4965 0.7699 0.8221 0.7253
46 0.0619 0.0613 0.8728 0.1236 0.8455 0.2050 0.4559 0.8314 0.6629 0.7974
47 0.0537 0.0544 0.8858 0.1085 0.8600 0.1915 0.4533 0.8282 0.6467 0.7968
48 0.0416 0.0441 0.9005 0.0861 0.8784 0.2082 0.4520 0.8328 0.6625 0.8008
49 0.0368 0.0398 0.9105 0.0770 0.8895 0.1764 0.4439 0.8493 0.6222 0.8176
50 0.0346 0.0386 0.9131 0.0737 0.8938 0.1724 0.4429 0.8512 0.6173 0.8192
51 0.0337 0.0367 0.9147 0.0710 0.8951 0.1710 0.4423 0.8491 0.6152 0.8176
52 0.0328 0.0358 0.9150 0.0692 0.8961 0.1880 0.4426 0.8457 0.6325 0.8147
53 0.0318 0.0346 0.9175 0.0669 0.8982 0.1818 0.4403 0.8464 0.6243 0.8128
54 0.0320 0.0343 0.9149 0.0669 0.8961 0.1796 0.4321 0.8480 0.6137 0.8148
55 0.0327 0.0346 0.9157 0.0680 0.8946 0.1673 0.4378 0.8524 0.6071 0.8237
56 0.0324 0.0340 0.9154 0.0672 0.8953 0.3272 0.4753 0.7816 0.8044 0.7396
57 0.0637 0.0582 0.8782 0.1228 0.8505 0.2413 0.4319 0.8258 0.6758 0.7983
58 0.0403 0.0393 0.9079 0.0806 0.8867 0.1730 0.4300 0.8371 0.6052 0.8070
59 0.0330 0.0349 0.9117 0.0689 0.8922 0.1891 0.4297 0.8446 0.6212 0.8137
60 0.0300 0.0314 0.9190 0.0624 0.9009 0.1801 0.4356 0.8458 0.6179 0.8156
61 0.0301 0.0304 0.9203 0.0616 0.9023 0.1860 0.4299 0.8464 0.6183 0.8162
62 0.0284 0.0297 0.9181 0.0590 0.9004 0.1953 0.4335 0.8407 0.6316 0.8099
63 0.0301 0.0305 0.9169 0.0616 0.8988 0.2239 0.4367 0.8354 0.6639 0.8080
64 0.0552 0.0503 0.8831 0.1064 0.8543 0.1993 0.4529 0.8400 0.6545 0.8157
65 0.0622 0.0568 0.8803 0.1201 0.8533 0.2664 0.4768 0.7920 0.7458 0.7594
66 0.0638 0.0563 0.8782 0.1214 0.8507 0.2471 0.4188 0.8230 0.6688 0.7906
67 0.0386 0.0376 0.9027 0.0774 0.8812 0.1946 0.4289 0.8387 0.6260 0.8086
68 0.0349 0.0331 0.9121 0.0693 0.8918 0.2094 0.4307 0.8357 0.6429 0.8077
69 0.0301 0.0296 0.9153 0.0611 0.8976 0.2110 0.4312 0.8411 0.6451 0.8113
70 0.0272 0.0273 0.9188 0.0558 0.9020 0.2102 0.4303 0.8401 0.6434 0.8109
71 0.0290 0.0281 0.9191 0.0584 0.9015 0.2109 0.4308 0.8397 0.6445 0.8088
72 0.0270 0.0269 0.9222 0.0552 0.9040 0.2143 0.4304 0.8433 0.6477 0.8107
73 0.0278 0.0271 0.9206 0.0562 0.9031 0.2180 0.4297 0.8401 0.6505 0.8089
74 0.0293 0.0273 0.9185 0.0579 0.9015 0.2196 0.4266 0.8451 0.6492 0.8124
75 0.0296 0.0288 0.9174 0.0598 0.8981 0.3064 0.4380 0.8181 0.7485 0.7901
76 0.0318 0.0297 0.9139 0.0629 0.8943 0.1990 0.4250 0.8476 0.6267 0.8175
77 0.0296 0.0281 0.9187 0.0592 0.9009 0.2139 0.4256 0.8466 0.6428 0.8196
78 0.0253 0.0249 0.9266 0.0518 0.9108 0.1991 0.4260 0.8532 0.6279 0.8271
79 0.0235 0.0234 0.9286 0.0485 0.9142 0.2164 0.4250 0.8513 0.6445 0.8233
80 0.0216 0.0219 0.9297 0.0452 0.9167 0.2164 0.4240 0.8483 0.6436 0.8193
81 0.0224 0.0223 0.9303 0.0464 0.9168 0.2108 0.4248 0.8497 0.6388 0.8203
82 0.0225 0.0224 0.9310 0.0465 0.9177 0.2110 0.4294 0.8503 0.6434 0.8210
83 0.0222 0.0220 0.9298 0.0459 0.9161 0.2155 0.4244 0.8486 0.6429 0.8195
84 0.0215 0.0216 0.9296 0.0447 0.9155 0.2090 0.4258 0.8523 0.6381 0.8239
85 0.0244 0.0232 0.9271 0.0492 0.9110 0.2169 0.4244 0.8507 0.6446 0.8230
86 0.0238 0.0230 0.9274 0.0485 0.9122 0.2165 0.4144 0.8526 0.6343 0.8225
87 0.0223 0.0221 0.9301 0.0462 0.9150 0.2074 0.4210 0.8558 0.6317 0.8282
88 0.0220 0.0216 0.9331 0.0455 0.9190 0.2596 0.4269 0.8421 0.6903 0.8104
89 0.0199 0.0199 0.9343 0.0417 0.9211 0.2207 0.4200 0.8539 0.6442 0.8242
90 0.0203 0.0199 0.9364 0.0421 0.9249 0.2246 0.4220 0.8540 0.6501 0.8238
91 0.0187 0.0189 0.9393 0.0395 0.9275 0.2267 0.4224 0.8529 0.6527 0.8235
92 0.0216 0.0196 0.9368 0.0432 0.9243 0.2228 0.4212 0.8529 0.6477 0.8219
93 0.0440 0.0357 0.9068 0.0814 0.8870 0.3148 0.4410 0.8229 0.7600 0.7933
94 0.0510 0.0441 0.8915 0.0968 0.8676 0.3991 0.5015 0.6900 0.9033 0.6388
95 0.0974 0.0839 0.8395 0.1825 0.8076 0.2111 0.4544 0.8143 0.6671 0.7825
96 0.0660 0.0572 0.8716 0.1247 0.8423 0.1896 0.4290 0.8481 0.6207 0.8169
97 0.0392 0.0368 0.9028 0.0777 0.8806 0.1897 0.4072 0.8548 0.5991 0.8268
98 0.0328 0.0298 0.9145 0.0644 0.8954 0.2047 0.4247 0.8519 0.6318 0.8211
99 0.0253 0.0249 0.9207 0.0521 0.9028 0.2056 0.4213 0.8546 0.6293 0.8224
100 0.0243 0.0239 0.9237 0.0501 0.9069 0.2060 0.4232 0.8545 0.6316 0.8228
101 0.0249 0.0237 0.9271 0.0505 0.9124 0.2199 0.4215 0.8465 0.6440 0.8135
102 0.0222 0.0217 0.9290 0.0459 0.9141 0.2092 0.4177 0.8542 0.6295 0.8188
103 0.0228 0.0218 0.9292 0.0467 0.9140 0.2505 0.4273 0.8481 0.6806 0.8169
104 0.0247 0.0227 0.9283 0.0494 0.9131 0.3245 0.4146 0.8303 0.7424 0.8041
105 0.0586 0.0499 0.8817 0.1102 0.8558 0.3099 0.4409 0.8210 0.7533 0.7940
106 0.0526 0.0449 0.8904 0.0993 0.8664 0.2487 0.4687 0.8120 0.7196 0.7819
107 0.0411 0.0375 0.9057 0.0804 0.8853 0.2160 0.4223 0.8368 0.6409 0.8073
108 0.0304 0.0282 0.9204 0.0605 0.9037 0.2082 0.4215 0.8465 0.6321 0.8200
109 0.0230 0.0225 0.9284 0.0475 0.9140 0.2173 0.4049 0.8472 0.6249 0.8191
110 0.0234 0.0219 0.9318 0.0473 0.9176 0.2249 0.4007 0.8449 0.6284 0.8157
111 0.0215 0.0213 0.9313 0.0448 0.9184 0.2323 0.4377 0.8419 0.6726 0.8186
112 0.0215 0.0208 0.9285 0.0444 0.9150 0.2477 0.4080 0.8477 0.6586 0.8192
113 0.0337 0.0290 0.9193 0.0647 0.9027 0.1911 0.4292 0.8463 0.6226 0.8180
114 0.0237 0.0226 0.9267 0.0483 0.9114 0.2185 0.4195 0.8456 0.6406 0.8154
115 0.0214 0.0206 0.9332 0.0440 0.9190 0.2909 0.4260 0.8432 0.7200 0.8184
116 0.0204 0.0198 0.9326 0.0423 0.9195 0.2932 0.4141 0.8478 0.7105 0.8208
117 0.0189 0.0183 0.9385 0.0394 0.9275 0.2683 0.4159 0.8421 0.6874 0.8170
118 0.0178 0.0173 0.9403 0.0374 0.9294 0.2656 0.4228 0.8457 0.6916 0.8190
119 0.0169 0.0165 0.9418 0.0358 0.9317 0.2695 0.4219 0.8467 0.6946 0.8201
120 0.0165 0.0164 0.9439 0.0352 0.9343 0.2826 0.4211 0.8458 0.7070 0.8189
121 0.0164 0.0158 0.9436 0.0346 0.9344 0.2887 0.4235 0.8462 0.7155 0.8184
122 0.0168 0.0162 0.9436 0.0353 0.9336 0.3114 0.4005 0.8435 0.7154 0.8182
123 0.0175 0.0167 0.9400 0.0365 0.9289 0.3006 0.4196 0.8504 0.7237 0.8233
124 0.0176 0.0169 0.9393 0.0367 0.9281 0.3021 0.3943 0.8411 0.7000 0.8115
125 0.0182 0.0174 0.9407 0.0379 0.9293 0.2776 0.4073 0.8388 0.6883 0.8107
126 0.0183 0.0176 0.9398 0.0381 0.9281 0.2379 0.4071 0.8431 0.6482 0.8118
127 0.0170 0.0165 0.9418 0.0359 0.9317 0.3156 0.3979 0.8417 0.7172 0.8138
128 0.0159 0.0155 0.9443 0.0338 0.9353 0.2686 0.3962 0.8370 0.6682 0.8083
129 0.0148 0.0150 0.9455 0.0322 0.9365 0.2893 0.3988 0.8434 0.6917 0.8166
130 0.0143 0.0142 0.9468 0.0311 0.9379 0.2577 0.3972 0.8459 0.6584 0.8155
131 0.0143 0.0143 0.9485 0.0312 0.9402 0.2669 0.4045 0.8403 0.6748 0.8094
132 0.0181 0.0164 0.9428 0.0370 0.9334 0.2897 0.4383 0.8381 0.7312 0.8086
133 0.0235 0.0203 0.9368 0.0460 0.9258 0.3457 0.4360 0.8241 0.7854 0.7981
134 0.0586 0.0502 0.8851 0.1106 0.8606 0.2729 0.4284 0.7652 0.7037 0.7205
135 0.0653 0.0527 0.8868 0.1197 0.8621 0.3227 0.4149 0.8063 0.7397 0.7711
136 0.0495 0.0440 0.8904 0.0952 0.8688 0.3398 0.4219 0.8118 0.7644 0.7806
137 0.0327 0.0303 0.9099 0.0649 0.8904 0.2065 0.4154 0.8456 0.6243 0.8147
138 0.0239 0.0224 0.9249 0.0483 0.9102 0.1970 0.3999 0.8578 0.5995 0.8302
139 0.0209 0.0198 0.9347 0.0429 0.9218 0.2186 0.3956 0.8562 0.6170 0.8276
140 0.0195 0.0187 0.9357 0.0404 0.9244 0.2155 0.3951 0.8541 0.6134 0.8259
141 0.0195 0.0186 0.9360 0.0404 0.9243 0.2057 0.3954 0.8555 0.6038 0.8289
142 0.0191 0.0181 0.9340 0.0394 0.9227 0.2242 0.3912 0.8578 0.6183 0.8307
143 0.0191 0.0179 0.9375 0.0392 0.9256 0.2156 0.3946 0.8577 0.6131 0.8299
144 0.0187 0.0175 0.9355 0.0385 0.9241 0.2534 0.3868 0.8538 0.6432 0.8248
145 0.0188 0.0179 0.9358 0.0389 0.9249 0.2422 0.4006 0.8494 0.6456 0.8219
146 0.0182 0.0173 0.9404 0.0378 0.9287 0.2179 0.3904 0.8577 0.6111 0.8292
147 0.0175 0.0166 0.9400 0.0365 0.9288 0.2771 0.3967 0.8523 0.6769 0.8247
148 0.0157 0.0155 0.9434 0.0336 0.9349 0.2544 0.3967 0.8538 0.6543 0.8249
149 0.0150 0.0147 0.9463 0.0321 0.9370 0.2564 0.3946 0.8528 0.6542 0.8235
150 0.0146 0.0146 0.9474 0.0317 0.9388 0.2512 0.3972 0.8538 0.6515 0.8252
151 0.0144 0.0143 0.9472 0.0312 0.9386 0.2561 0.3875 0.8520 0.6469 0.8217
152 0.0146 0.0144 0.9474 0.0314 0.9393 0.2548 0.3940 0.8509 0.6520 0.8221
153 0.0150 0.0146 0.9454 0.0320 0.9359 0.2482 0.3897 0.8557 0.6410 0.8263
154 0.0156 0.0152 0.9439 0.0332 0.9347 0.2730 0.3963 0.8520 0.6725 0.8281
155 0.0163 0.0158 0.9413 0.0344 0.9312 0.2420 0.3922 0.8527 0.6373 0.8258
156 0.0165 0.0162 0.9445 0.0351 0.9335 0.3002 0.3898 0.8507 0.6934 0.8217
157 0.0278 0.0235 0.9282 0.0535 0.9137 0.2856 0.3987 0.8450 0.6874 0.8165
158 0.0179 0.0174 0.9386 0.0376 0.9266 0.2719 0.3991 0.8427 0.6741 0.8150
159 0.0160 0.0157 0.9440 0.0341 0.9347 0.3097 0.3895 0.8463 0.7027 0.8195
160 0.0142 0.0145 0.9469 0.0312 0.9375 0.3082 0.3883 0.8481 0.7000 0.8210
161 0.0146 0.0145 0.9451 0.0317 0.9361 0.2279 0.3881 0.8607 0.6191 0.8328
162 0.0142 0.0140 0.9486 0.0307 0.9403 0.2716 0.3837 0.8554 0.6587 0.8287
163 0.0150 0.0145 0.9462 0.0320 0.9378 0.3229 0.4158 0.8410 0.7421 0.8123
164 0.0440 0.0381 0.9029 0.0841 0.8818 0.2356 0.4422 0.8410 0.6801 0.8129
165 0.0799 0.0666 0.8718 0.1481 0.8456 0.1913 0.4529 0.8244 0.6461 0.7979
166 0.0517 0.0465 0.8938 0.0999 0.8718 0.2346 0.4264 0.8436 0.6634 0.8154
167 0.0277 0.0254 0.9227 0.0551 0.9070 0.2231 0.4324 0.8581 0.6579 0.8306
168 0.0235 0.0213 0.9302 0.0470 0.9167 0.3286 0.4127 0.8310 0.7444 0.8085
169 0.0197 0.0187 0.9345 0.0406 0.9226 0.2496 0.4181 0.8491 0.6705 0.8258
170 0.0179 0.0173 0.9394 0.0375 0.9284 0.2496 0.4185 0.8490 0.6709 0.8250
171 0.0179 0.0172 0.9389 0.0375 0.9279 0.2579 0.4183 0.8483 0.6791 0.8210
172 0.0170 0.0164 0.9392 0.0358 0.9286 0.2694 0.4232 0.8495 0.6955 0.8231
173 0.0175 0.0166 0.9403 0.0364 0.9293 0.3220 0.4236 0.8428 0.7486 0.8157
174 0.0166 0.0160 0.9414 0.0350 0.9316 0.2922 0.4231 0.8492 0.7184 0.8212
175 0.0205 0.0189 0.9323 0.0417 0.9191 0.3648 0.4290 0.8354 0.7967 0.8070
176 0.0338 0.0302 0.9156 0.0660 0.8985 0.2628 0.4093 0.8443 0.6747 0.8155
177 0.0205 0.0196 0.9369 0.0424 0.9247 0.3449 0.3980 0.8351 0.7461 0.8090
178 0.0185 0.0176 0.9404 0.0384 0.9306 0.2742 0.3960 0.8420 0.6733 0.8147
179 0.0154 0.0151 0.9440 0.0330 0.9354 0.2818 0.4013 0.8501 0.6863 0.8205
180 0.0149 0.0147 0.9470 0.0322 0.9378 0.2737 0.3995 0.8516 0.6763 0.8218
181 0.0150 0.0147 0.9474 0.0322 0.9393 0.2731 0.4127 0.8508 0.6889 0.8210
182 0.0156 0.0156 0.9467 0.0336 0.9374 0.2952 0.3901 0.8483 0.6886 0.8189
183 0.0149 0.0145 0.9478 0.0318 0.9391 0.2727 0.3897 0.8551 0.6655 0.8239
184 0.0152 0.0147 0.9469 0.0324 0.9382 0.3245 0.3911 0.8468 0.7189 0.8188
185 0.0153 0.0150 0.9469 0.0328 0.9372 0.3630 0.3927 0.8400 0.7591 0.8128
186 0.0156 0.0151 0.9460 0.0331 0.9373 0.2543 0.4016 0.8443 0.6588 0.8080
187 0.0194 0.0180 0.9405 0.0398 0.9290 0.2542 0.3893 0.8514 0.6465 0.8179
188 0.0139 0.0140 0.9492 0.0304 0.9402 0.2832 0.3861 0.8534 0.6726 0.8224
189 0.0131 0.0133 0.9516 0.0291 0.9443 0.3410 0.3910 0.8424 0.7355 0.8132
190 0.0127 0.0129 0.9531 0.0283 0.9464 0.3229 0.3906 0.8444 0.7169 0.8133
191 0.0126 0.0128 0.9532 0.0281 0.9464 0.2870 0.3873 0.8520 0.6777 0.8169
192 0.0184 0.0159 0.9489 0.0369 0.9412 0.2653 0.4115 0.8410 0.6800 0.8106
193 0.0145 0.0140 0.9483 0.0310 0.9402 0.2911 0.4058 0.8415 0.7000 0.8137
194 0.0241 0.0193 0.9384 0.0459 0.9281 0.3562 0.4454 0.7725 0.8045 0.7346
195 0.0586 0.0471 0.8910 0.1075 0.8679 0.2364 0.4322 0.8217 0.6709 0.7912
196 0.0423 0.0386 0.9079 0.0829 0.8888 0.2704 0.4372 0.8239 0.7099 0.7956
197 0.0334 0.0307 0.9154 0.0662 0.8979 0.2386 0.4288 0.8333 0.6699 0.8009
198 0.0224 0.0215 0.9316 0.0462 0.9191 0.2800 0.4250 0.8406 0.7079 0.8138
199 0.0171 0.0173 0.9410 0.0367 0.9312 0.2976 0.4136 0.8449 0.7142 0.8188
