epoch train_BCELoss train_SoftDiceLoss train_iou train_loss train_mAP val_BCELoss val_SoftDiceLoss val_iou val_loss val_mAP
0 0.7359 0.6623 0.0153 1.3972 0.0000 0.7152 0.7140 0.2089 1.4290 0.2087
1 0.6354 0.6081 0.3828 1.2402 0.3299 0.5200 0.6427 0.5992 1.1583 0.5225
2 0.4233 0.4574 0.6391 0.8750 0.5672 0.3596 0.5883 0.6914 0.9433 0.6174
3 0.3229 0.3730 0.7106 0.6907 0.6462 0.3130 0.5793 0.7070 0.8893 0.6581
4 0.2767 0.3308 0.7302 0.6047 0.6741 0.2698 0.5591 0.7470 0.8276 0.7023
5 0.2444 0.2971 0.7559 0.5396 0.7035 0.2821 0.5635 0.7453 0.8449 0.7054
6 0.2147 0.2693 0.7799 0.4824 0.7305 0.3098 0.5458 0.7382 0.8553 0.6835
7 0.1909 0.2451 0.8030 0.4346 0.7574 0.2277 0.5387 0.7670 0.7657 0.7272
8 0.1692 0.2270 0.8162 0.3948 0.7737 0.2257 0.5395 0.7777 0.7646 0.7385
9 0.1591 0.2205 0.8167 0.3783 0.7754 0.2139 0.5306 0.7950 0.7439 0.7571
10 0.1480 0.2055 0.8367 0.3522 0.7975 0.2156 0.5294 0.7950 0.7444 0.7566
11 0.1408 0.2011 0.8430 0.3406 0.8048 0.2126 0.5298 0.7963 0.7418 0.7597
12 0.1427 0.1999 0.8356 0.3413 0.7967 0.2139 0.5302 0.7852 0.7435 0.7489
13 0.1381 0.1915 0.8393 0.3283 0.7986 0.2021 0.5228 0.7984 0.7244 0.7633
14 0.1354 0.1841 0.8352 0.3183 0.7953 0.2255 0.5235 0.7868 0.7488 0.7513
15 0.1447 0.1885 0.8045 0.3322 0.7603 0.2387 0.5238 0.7844 0.7623 0.7535
16 0.1459 0.1849 0.8102 0.3299 0.7667 0.2126 0.5191 0.7821 0.7316 0.7396
17 0.1261 0.1623 0.8318 0.2875 0.7917 0.2083 0.5134 0.7836 0.7217 0.7423
18 0.1083 0.1470 0.8501 0.2545 0.8133 0.1862 0.5010 0.8035 0.6871 0.7729
19 0.0955 0.1357 0.8578 0.2304 0.8228 0.1876 0.5015 0.8109 0.6890 0.7778
20 0.0913 0.1301 0.8704 0.2205 0.8393 0.1838 0.5016 0.8120 0.6854 0.7773
21 0.0896 0.1306 0.8708 0.2194 0.8370 0.2027 0.5026 0.8124 0.7053 0.7817
22 0.0841 0.1222 0.8751 0.2054 0.8446 0.1955 0.4985 0.8119 0.6940 0.7820
23 0.0897 0.1267 0.8655 0.2156 0.8317 0.1931 0.5016 0.8074 0.6947 0.7708
24 0.0886 0.1194 0.8620 0.2073 0.8287 0.2115 0.4993 0.7918 0.7111 0.7541
25 0.0938 0.1201 0.8511 0.2132 0.8157 0.2946 0.5124 0.7518 0.8074 0.7087
26 0.1035 0.1272 0.8404 0.2302 0.8014 0.2101 0.4998 0.7832 0.7102 0.7494
27 0.0870 0.1103 0.8599 0.1968 0.8276 0.1902 0.4907 0.8151 0.6812 0.7848
28 0.0790 0.1045 0.8652 0.1830 0.8325 0.2005 0.4890 0.8199 0.6899 0.7904
29 0.0676 0.0936 0.8805 0.1608 0.8522 0.1948 0.4867 0.8161 0.6819 0.7850
30 0.0649 0.0889 0.8836 0.1533 0.8558 0.1979 0.4849 0.8145 0.6832 0.7820
31 0.0612 0.0857 0.8883 0.1464 0.8628 0.1887 0.4835 0.8177 0.6727 0.7879
32 0.0596 0.0831 0.8885 0.1423 0.8624 0.1932 0.4833 0.8149 0.6768 0.7833
33 0.0639 0.0860 0.8839 0.1495 0.8551 0.1988 0.4883 0.8135 0.6877 0.7848
34 0.0627 0.0830 0.8800 0.1453 0.8498 0.2336 0.4888 0.8024 0.7232 0.7699
35 0.0694 0.0866 0.8703 0.1558 0.8390 0.2189 0.4803 0.7967 0.7001 0.7637
36 0.0993 0.1084 0.8397 0.2075 0.8052 0.1971 0.4821 0.8037 0.6797 0.7686
37 0.0770 0.0875 0.8636 0.1644 0.8308 0.1691 0.4745 0.8163 0.6441 0.7856
38 0.0613 0.0774 0.8790 0.1385 0.8507 0.2035 0.4763 0.8158 0.6806 0.7867
39 0.0529 0.0688 0.8889 0.1216 0.8622 0.2006 0.4722 0.8227 0.6737 0.7960
40 0.0489 0.0672 0.8960 0.1159 0.8715 0.1968 0.4740 0.8181 0.6716 0.7905
41 0.0491 0.0643 0.8967 0.1133 0.8739 0.2038 0.4702 0.8259 0.6748 0.7974
42 0.0457 0.0620 0.9000 0.1076 0.8766 0.2054 0.4705 0.8238 0.6768 0.7959
43 0.0455 0.0599 0.9000 0.1054 0.8774 0.2168 0.4703 0.8163 0.6880 0.7875
44 0.0473 0.0605 0.8943 0.1078 0.8687 0.2287 0.4806 0.8103 0.7103 0.7828
45 0.0645 0.0731 0.8769 0.1376 0.8458 0.3081 0.4995 0.7731 0.8087 0.7320
46 0.0627 0.0697 0.8712 0.1325 0.8410 0.2723 0.4760 0.7977 0.7496 0.7689
47 0.0530 0.0609 0.8856 0.1140 0.8585 0.2005 0.4584 0.8189 0.6599 0.7905
48 0.0418 0.0528 0.8921 0.0948 0.8687 0.2260 0.4608 0.8210 0.6880 0.7953
49 0.0409 0.0513 0.9008 0.0924 0.8786 0.2110 0.4588 0.8246 0.6710 0.7984
50 0.0391 0.0501 0.9034 0.0894 0.8818 0.2147 0.4594 0.8246 0.6753 0.7985
51 0.0369 0.0491 0.9067 0.0863 0.8853 0.2199 0.4593 0.8272 0.6804 0.8022
52 0.0397 0.0488 0.9060 0.0888 0.8859 0.1696 0.4466 0.8346 0.6171 0.8058
53 0.0421 0.0512 0.8971 0.0935 0.8739 0.2335 0.4671 0.8261 0.7020 0.7978
54 0.0395 0.0483 0.8933 0.0880 0.8703 0.2464 0.4691 0.8124 0.7169 0.7829
55 0.0449 0.0510 0.8906 0.0962 0.8643 0.2273 0.4679 0.7876 0.6965 0.7498
56 0.0707 0.0690 0.8694 0.1401 0.8388 0.2701 0.4712 0.7818 0.7428 0.7436
57 0.0564 0.0589 0.8799 0.1157 0.8488 0.2198 0.4670 0.8063 0.6881 0.7727
58 0.0476 0.0510 0.8902 0.0990 0.8647 0.2763 0.4682 0.8075 0.7464 0.7772
59 0.0381 0.0456 0.9011 0.0841 0.8793 0.2831 0.4670 0.8095 0.7522 0.7835
60 0.0354 0.0429 0.9049 0.0787 0.8846 0.2501 0.4634 0.8169 0.7152 0.7896
61 0.0344 0.0416 0.9074 0.0764 0.8866 0.2631 0.4546 0.8085 0.7197 0.7816
62 0.0367 0.0412 0.9081 0.0784 0.8873 0.2226 0.4556 0.8207 0.6800 0.7935
63 0.0394 0.0446 0.9051 0.0845 0.8823 0.2140 0.4594 0.8309 0.6752 0.8019
64 0.0512 0.0538 0.8901 0.1054 0.8626 0.2887 0.4711 0.8004 0.7619 0.7676
65 0.0520 0.0520 0.8881 0.1045 0.8601 0.2648 0.4705 0.7913 0.7374 0.7556
66 0.0627 0.0599 0.8759 0.1231 0.8487 0.2229 0.4653 0.8034 0.6898 0.7743
67 0.0446 0.0470 0.8931 0.0923 0.8694 0.2577 0.4507 0.8206 0.7104 0.7949
68 0.0448 0.0432 0.8986 0.0886 0.8758 0.2292 0.4535 0.8270 0.6850 0.8007
69 0.0356 0.0368 0.9113 0.0730 0.8919 0.2346 0.4379 0.8256 0.6746 0.7981
70 0.0365 0.0382 0.9105 0.0754 0.8902 0.2372 0.4397 0.8314 0.6791 0.8051
71 0.0310 0.0359 0.9095 0.0676 0.8895 0.2186 0.4434 0.8297 0.6640 0.8018
72 0.0298 0.0334 0.9148 0.0639 0.8963 0.2177 0.4432 0.8318 0.6629 0.8026
73 0.0294 0.0330 0.9130 0.0631 0.8939 0.2252 0.4441 0.8288 0.6715 0.8016
74 0.0339 0.0367 0.9108 0.0713 0.8906 0.2437 0.4524 0.8281 0.6980 0.8007
75 0.0575 0.0541 0.8736 0.1123 0.8447 0.3639 0.4839 0.7656 0.8501 0.7262
76 0.0510 0.0501 0.8811 0.1019 0.8532 0.2230 0.4550 0.8285 0.6801 0.7989
77 0.0363 0.0370 0.9041 0.0741 0.8808 0.2156 0.4418 0.8370 0.6595 0.8078
78 0.0320 0.0345 0.9110 0.0674 0.8911 0.2456 0.4308 0.8200 0.6786 0.7912
79 0.0291 0.0317 0.9134 0.0617 0.8951 0.2505 0.4367 0.8322 0.6896 0.8038
80 0.0286 0.0311 0.9177 0.0606 0.8993 0.2387 0.4353 0.8328 0.6764 0.8022
81 0.0275 0.0300 0.9174 0.0585 0.8982 0.2331 0.4395 0.8380 0.6750 0.8078
82 0.0271 0.0300 0.9181 0.0581 0.9004 0.2485 0.4384 0.8358 0.6896 0.8063
83 0.0323 0.0332 0.9101 0.0664 0.8903 0.2392 0.4458 0.8309 0.6876 0.7989
84 0.0293 0.0313 0.9138 0.0616 0.8941 0.2131 0.4409 0.8304 0.6563 0.7978
85 0.0371 0.0365 0.9017 0.0746 0.8810 0.2281 0.4550 0.8167 0.6856 0.7854
86 0.0342 0.0337 0.9035 0.0689 0.8813 0.3028 0.4472 0.7821 0.7527 0.7480
87 0.0325 0.0325 0.9105 0.0661 0.8890 0.2595 0.4472 0.8292 0.7096 0.7978
88 0.0260 0.0282 0.9199 0.0554 0.9011 0.2110 0.4463 0.8399 0.6598 0.8090
89 0.0249 0.0268 0.9223 0.0529 0.9056 0.2058 0.4407 0.8331 0.6489 0.8033
90 0.0245 0.0263 0.9246 0.0520 0.9087 0.2037 0.4406 0.8378 0.6468 0.8075
91 0.0234 0.0256 0.9241 0.0502 0.9084 0.2077 0.4410 0.8329 0.6511 0.8028
92 0.0229 0.0246 0.9271 0.0487 0.9115 0.2223 0.4423 0.8351 0.6674 0.8058
93 0.0227 0.0242 0.9264 0.0482 0.9116 0.2233 0.4412 0.8349 0.6671 0.8031
94 0.0328 0.0298 0.9175 0.0638 0.8996 0.2461 0.4598 0.8287 0.7083 0.7980
95 0.0569 0.0501 0.8735 0.1081 0.8458 0.1811 0.4563 0.7999 0.6390 0.7641
96 0.0609 0.0523 0.8724 0.1143 0.8418 0.2319 0.4474 0.8227 0.6815 0.7885
97 0.0651 0.0554 0.8750 0.1215 0.8450 0.3066 0.4417 0.8070 0.7510 0.7763
98 0.0400 0.0374 0.8960 0.0787 0.8729 0.2080 0.4489 0.8363 0.6592 0.8066
99 0.0310 0.0314 0.9107 0.0636 0.8903 0.2282 0.4377 0.8362 0.6686 0.8070
