epoch train_BCELoss train_SoftDiceLoss train_iou train_loss train_mAP val_BCELoss val_SoftDiceLoss val_iou val_loss val_mAP
0 0.7072 0.6660 0.0040 1.3721 0.0022 0.7119 0.7149 0.3181 1.4262 0.3181
1 0.6447 0.6383 0.2591 1.2814 0.2330 0.5424 0.6774 0.5565 1.2173 0.4665
2 0.4351 0.4646 0.6026 0.8935 0.5263 0.3633 0.6018 0.6796 0.9602 0.6218
3 0.3217 0.3734 0.6932 0.6898 0.6270 0.3491 0.5785 0.7081 0.9246 0.6394
4 0.2881 0.3363 0.7218 0.6208 0.6643 0.2596 0.5593 0.7362 0.8170 0.6922
5 0.2515 0.3018 0.7421 0.5507 0.6867 0.2538 0.5461 0.7517 0.7986 0.7003
6 0.2253 0.2698 0.7598 0.4931 0.7087 0.2428 0.5421 0.7535 0.7840 0.7085
7 0.1995 0.2477 0.7827 0.4453 0.7347 0.2326 0.5350 0.7664 0.7667 0.7253
8 0.1886 0.2344 0.7936 0.4212 0.7474 0.2272 0.5296 0.7767 0.7561 0.7354
9 0.1775 0.2227 0.8009 0.3985 0.7562 0.2296 0.5267 0.7823 0.7556 0.7449
10 0.1609 0.2144 0.8084 0.3735 0.7658 0.2229 0.5286 0.7803 0.7508 0.7441
11 0.1671 0.2104 0.8185 0.3758 0.7765 0.2268 0.5288 0.7854 0.7550 0.7507
12 0.1697 0.2135 0.8040 0.3816 0.7612 0.2185 0.5205 0.7847 0.7384 0.7449
13 0.1767 0.2139 0.7882 0.3891 0.7431 0.2111 0.5126 0.7887 0.7231 0.7485
14 0.1748 0.2130 0.7917 0.3865 0.7445 0.2523 0.5379 0.7558 0.7900 0.7190
15 0.1700 0.2003 0.7890 0.3690 0.7443 0.2125 0.5101 0.7718 0.7223 0.7288
16 0.1561 0.1813 0.8132 0.3363 0.7702 0.2313 0.5080 0.7804 0.7393 0.7478
17 0.1474 0.1721 0.8182 0.3185 0.7772 0.2154 0.5047 0.7866 0.7200 0.7533
18 0.1293 0.1569 0.8318 0.2851 0.7919 0.2269 0.5046 0.7941 0.7314 0.7568
19 0.1210 0.1503 0.8427 0.2702 0.8036 0.2251 0.5061 0.7973 0.7312 0.7682
20 0.1139 0.1421 0.8396 0.2550 0.8011 0.2204 0.5027 0.7970 0.7231 0.7632
21 0.1171 0.1440 0.8415 0.2600 0.8033 0.2276 0.4992 0.8031 0.7268 0.7695
22 0.1193 0.1450 0.8386 0.2632 0.8005 0.2099 0.4957 0.7989 0.7057 0.7663
23 0.1226 0.1448 0.8362 0.2663 0.7963 0.2026 0.4895 0.8014 0.6920 0.7679
24 0.1262 0.1448 0.8282 0.2701 0.7891 0.2080 0.4841 0.7989 0.6922 0.7640
25 0.1507 0.1591 0.8088 0.3091 0.7679 0.2325 0.5169 0.7607 0.7498 0.7246
26 0.1319 0.1405 0.8233 0.2718 0.7817 0.2313 0.4963 0.7886 0.7279 0.7579
27 0.1263 0.1364 0.8275 0.2622 0.7880 0.2241 0.4869 0.7977 0.7114 0.7663
28 0.1043 0.1157 0.8474 0.2194 0.8106 0.2206 0.4829 0.8102 0.7038 0.7779
29 0.0943 0.1089 0.8566 0.2026 0.8206 0.2378 0.4836 0.8077 0.7219 0.7779
30 0.1017 0.1144 0.8449 0.2155 0.8070 0.2341 0.4843 0.8079 0.7188 0.7759
31 0.0961 0.1116 0.8543 0.2071 0.8199 0.2144 0.4823 0.8130 0.6970 0.7791
32 0.0928 0.1073 0.8493 0.1996 0.8127 0.2355 0.4829 0.8127 0.7189 0.7852
33 0.0931 0.1047 0.8480 0.1972 0.8108 0.2035 0.4757 0.8160 0.6795 0.7804
34 0.1064 0.1167 0.8389 0.2227 0.8012 0.2229 0.4832 0.8014 0.7067 0.7681
35 0.1238 0.1279 0.8180 0.2514 0.7783 0.3557 0.4996 0.7706 0.8566 0.7323
36 0.1221 0.1227 0.8346 0.2447 0.7947 0.2543 0.4891 0.7862 0.7438 0.7502
37 0.1114 0.1173 0.8288 0.2285 0.7889 0.2354 0.4859 0.8000 0.7217 0.7604
38 0.0919 0.0978 0.8539 0.1895 0.8162 0.2151 0.4738 0.8167 0.6896 0.7912
39 0.0840 0.0939 0.8510 0.1777 0.8156 0.2023 0.4690 0.8236 0.6719 0.7924
40 0.0795 0.0883 0.8637 0.1675 0.8284 0.2096 0.4697 0.8220 0.6800 0.7919
41 0.0793 0.0853 0.8622 0.1645 0.8267 0.2369 0.4668 0.8205 0.7045 0.7933
42 0.0876 0.0932 0.8527 0.1806 0.8156 0.2480 0.4703 0.8083 0.7191 0.7779
43 0.0876 0.0906 0.8622 0.1780 0.8240 0.2530 0.4694 0.8177 0.7234 0.7913
44 0.0948 0.0977 0.8515 0.1925 0.8148 0.2444 0.4703 0.8100 0.7157 0.7809
45 0.1045 0.1016 0.8468 0.2061 0.8090 0.2567 0.4675 0.8071 0.7253 0.7730
46 0.1095 0.1055 0.8414 0.2151 0.8025 0.2190 0.4624 0.8081 0.6819 0.7706
47 0.0850 0.0893 0.8560 0.1743 0.8202 0.2577 0.4633 0.8104 0.7218 0.7816
48 0.0775 0.0797 0.8606 0.1574 0.8261 0.2291 0.4575 0.8111 0.6875 0.7828
49 0.0653 0.0713 0.8728 0.1367 0.8405 0.2289 0.4520 0.8219 0.6817 0.7912
50 0.0657 0.0704 0.8700 0.1362 0.8374 0.2379 0.4495 0.8252 0.6883 0.7956
51 0.0673 0.0710 0.8728 0.1384 0.8404 0.2397 0.4477 0.8203 0.6885 0.7888
52 0.0649 0.0703 0.8719 0.1353 0.8390 0.2176 0.4574 0.8244 0.6757 0.7961
53 0.0707 0.0741 0.8628 0.1450 0.8293 0.2319 0.4558 0.8244 0.6887 0.7954
54 0.0742 0.0732 0.8714 0.1477 0.8388 0.2342 0.4405 0.8274 0.6757 0.7929
55 0.0875 0.0832 0.8629 0.1711 0.8273 0.3218 0.4736 0.7923 0.7973 0.7626
56 0.0884 0.0863 0.8472 0.1750 0.8127 0.2266 0.4695 0.8170 0.6971 0.7853
57 0.0801 0.0796 0.8613 0.1600 0.8275 0.2305 0.4528 0.8207 0.6841 0.7874
58 0.0749 0.0725 0.8687 0.1478 0.8355 0.2461 0.4544 0.8153 0.7017 0.7858
59 0.0628 0.0645 0.8761 0.1278 0.8456 0.2473 0.4554 0.8210 0.7040 0.7943
60 0.0614 0.0623 0.8816 0.1241 0.8534 0.2390 0.4517 0.8232 0.6920 0.7945
61 0.0599 0.0636 0.8840 0.1239 0.8511 0.2239 0.4496 0.8248 0.6747 0.7932
62 0.0577 0.0592 0.8880 0.1173 0.8547 0.2352 0.4600 0.8231 0.6966 0.7937
63 0.0580 0.0584 0.8789 0.1168 0.8471 0.2309 0.4482 0.8235 0.6802 0.7890
64 0.0617 0.0594 0.8780 0.1215 0.8453 0.3224 0.4914 0.7913 0.8156 0.7540
65 0.0971 0.0894 0.8355 0.1869 0.7971 0.3302 0.4752 0.7810 0.8071 0.7492
66 0.0974 0.0852 0.8504 0.1831 0.8112 0.2759 0.4724 0.8039 0.7496 0.7739
67 0.0805 0.0745 0.8656 0.1555 0.8312 0.2768 0.4617 0.8180 0.7401 0.7871
68 0.0761 0.0709 0.8656 0.1476 0.8330 0.2466 0.4408 0.8175 0.6887 0.7871
69 0.0624 0.0612 0.8771 0.1241 0.8456 0.2804 0.4372 0.8215 0.7191 0.7960
70 0.0620 0.0605 0.8749 0.1230 0.8399 0.2756 0.4362 0.8235 0.7131 0.7970
71 0.0556 0.0560 0.8794 0.1122 0.8486 0.2633 0.4390 0.8231 0.7038 0.7973
72 0.0611 0.0572 0.8763 0.1190 0.8458 0.2852 0.4540 0.8257 0.7408 0.7969
73 0.0615 0.0589 0.8771 0.1211 0.8476 0.2619 0.4513 0.8227 0.7147 0.7894
74 0.0664 0.0633 0.8707 0.1303 0.8381 0.2408 0.4570 0.8240 0.6994 0.7963
75 0.0864 0.0795 0.8596 0.1665 0.8235 0.3024 0.4427 0.8109 0.7468 0.7855
76 0.0832 0.0771 0.8567 0.1610 0.8217 0.2731 0.4642 0.8161 0.7389 0.7845
77 0.0803 0.0715 0.8589 0.1525 0.8250 0.2495 0.4256 0.8256 0.6765 0.7953
78 0.0654 0.0596 0.8774 0.1257 0.8444 0.2703 0.4360 0.8260 0.7081 0.7953
79 0.0541 0.0562 0.8793 0.1110 0.8490 0.2583 0.4332 0.8250 0.6930 0.7926
80 0.0548 0.0535 0.8815 0.1091 0.8522 0.2577 0.4288 0.8292 0.6880 0.7996
81 0.0492 0.0499 0.8912 0.0998 0.8606 0.2708 0.4213 0.8297 0.6937 0.7987
82 0.0513 0.0503 0.8843 0.1024 0.8556 0.2989 0.4363 0.8214 0.7370 0.7936
83 0.0489 0.0493 0.8930 0.0990 0.8630 0.3087 0.4288 0.8289 0.7396 0.8001
84 0.0691 0.0630 0.8745 0.1328 0.8422 0.2999 0.4602 0.8010 0.7620 0.7728
85 0.0916 0.0793 0.8535 0.1718 0.8204 0.2956 0.4431 0.8110 0.7404 0.7807
86 0.0831 0.0782 0.8529 0.1621 0.8171 0.2523 0.4506 0.8269 0.7043 0.7936
87 0.0695 0.0623 0.8735 0.1326 0.8427 0.2327 0.4585 0.8222 0.6928 0.7900
88 0.0639 0.0581 0.8740 0.1229 0.8427 0.2666 0.4333 0.8251 0.7017 0.7963
89 0.0514 0.0504 0.8839 0.1026 0.8525 0.2569 0.4386 0.8275 0.6973 0.8006
90 0.0544 0.0500 0.8896 0.1053 0.8585 0.2578 0.4415 0.8273 0.7012 0.7992
91 0.0484 0.0477 0.8893 0.0970 0.8586 0.2698 0.4476 0.8295 0.7193 0.8016
92 0.0465 0.0449 0.8869 0.0923 0.8559 0.2818 0.4245 0.8262 0.7080 0.7988
93 0.0517 0.0493 0.8798 0.1018 0.8477 0.3262 0.4383 0.8250 0.7668 0.7987
94 0.0789 0.0657 0.8719 0.1457 0.8383 0.2349 0.4634 0.8117 0.6997 0.7796
95 0.0715 0.0609 0.8770 0.1334 0.8463 0.3482 0.4324 0.8109 0.7826 0.7757
96 0.0606 0.0524 0.8803 0.1140 0.8491 0.2762 0.4306 0.8292 0.7085 0.8007
97 0.0532 0.0513 0.8851 0.1055 0.8544 0.3003 0.4373 0.8146 0.7394 0.7824
98 0.0517 0.0486 0.8840 0.1013 0.8540 0.2930 0.4434 0.8250 0.7384 0.7961
99 0.0458 0.0430 0.8881 0.0897 0.8596 0.3029 0.4281 0.8288 0.7329 0.8004
