epoch train_BCELoss train_SoftDiceLoss train_iou train_loss train_mAP val_BCELoss val_SoftDiceLoss val_iou val_loss val_mAP
0 0.6628 0.6788 0.2399 1.3407 0.2397 0.6719 0.7337 0.3538 1.4054 0.3538
1 0.6083 0.6486 0.3719 1.2556 0.3482 0.5149 0.6548 0.5622 1.1667 0.4866
2 0.3964 0.4593 0.6364 0.8519 0.5650 0.3541 0.6066 0.6609 0.9581 0.6033
3 0.3124 0.3688 0.7046 0.6784 0.6418 0.3252 0.5798 0.7017 0.9036 0.6393
4 0.2823 0.3398 0.7294 0.6204 0.6746 0.3636 0.5630 0.7064 0.9260 0.6349
5 0.2441 0.2957 0.7494 0.5385 0.6988 0.2943 0.5556 0.7397 0.8495 0.6850
6 0.2187 0.2708 0.7699 0.4883 0.7231 0.2434 0.5360 0.7603 0.7789 0.7116
7 0.2068 0.2561 0.7778 0.4618 0.7308 0.2408 0.5435 0.7568 0.7839 0.7160
8 0.1876 0.2364 0.7855 0.4229 0.7441 0.2211 0.5259 0.7839 0.7466 0.7454
9 0.1763 0.2242 0.7933 0.3995 0.7502 0.2295 0.5298 0.7671 0.7589 0.7308
10 0.1713 0.2243 0.7998 0.3946 0.7576 0.2233 0.5311 0.7774 0.7540 0.7436
11 0.1644 0.2113 0.8132 0.3746 0.7714 0.2235 0.5288 0.7733 0.7519 0.7368
12 0.1624 0.2121 0.8123 0.3734 0.7688 0.2286 0.5289 0.7769 0.7573 0.7411
13 0.1720 0.2108 0.8000 0.3819 0.7587 0.2303 0.5201 0.7743 0.7502 0.7339
14 0.1777 0.2139 0.7924 0.3907 0.7509 0.2545 0.5302 0.7587 0.7846 0.7170
15 0.1752 0.2044 0.7849 0.3788 0.7421 0.2785 0.5296 0.7622 0.8081 0.7213
16 0.1698 0.1930 0.8065 0.3621 0.7621 0.1951 0.5093 0.7841 0.7044 0.7498
17 0.1496 0.1792 0.8120 0.3282 0.7699 0.2243 0.5143 0.7871 0.7387 0.7577
18 0.1386 0.1678 0.8258 0.3058 0.7868 0.2090 0.5005 0.7952 0.7096 0.7608
19 0.1268 0.1575 0.8308 0.2837 0.7921 0.1947 0.4989 0.8044 0.6936 0.7720
20 0.1159 0.1458 0.8342 0.2611 0.7949 0.2010 0.4978 0.8007 0.6989 0.7670
21 0.1164 0.1466 0.8375 0.2624 0.8004 0.1952 0.4986 0.8046 0.6939 0.7729
22 0.1183 0.1458 0.8337 0.2635 0.7952 0.2125 0.5011 0.7956 0.7138 0.7660
23 0.1237 0.1444 0.8373 0.2675 0.7981 0.2362 0.5032 0.7909 0.7396 0.7567
24 0.1227 0.1416 0.8330 0.2638 0.7940 0.2690 0.5104 0.7698 0.7798 0.7408
25 0.1355 0.1494 0.8157 0.2846 0.7751 0.2450 0.5061 0.7799 0.7514 0.7421
26 0.1275 0.1401 0.8286 0.2673 0.7906 0.1789 0.4883 0.8093 0.6675 0.7769
27 0.1207 0.1342 0.8277 0.2547 0.7890 0.2332 0.4895 0.8047 0.7232 0.7711
28 0.1060 0.1228 0.8453 0.2286 0.8085 0.1990 0.4833 0.8175 0.6828 0.7809
29 0.1003 0.1148 0.8463 0.2149 0.8108 0.2045 0.4823 0.8145 0.6872 0.7839
30 0.0954 0.1113 0.8482 0.2066 0.8115 0.2046 0.4797 0.8151 0.6847 0.7849
31 0.0909 0.1087 0.8555 0.1994 0.8222 0.2176 0.4843 0.8099 0.7024 0.7763
32 0.0990 0.1127 0.8557 0.2116 0.8186 0.1899 0.4753 0.8164 0.6656 0.7849
33 0.1045 0.1143 0.8420 0.2187 0.8064 0.2080 0.4777 0.8142 0.6861 0.7828
34 0.1107 0.1191 0.8350 0.2297 0.7970 0.2432 0.4982 0.7785 0.7421 0.7515
35 0.1250 0.1294 0.8236 0.2544 0.7841 0.2286 0.4786 0.8015 0.7078 0.7699
36 0.1089 0.1139 0.8382 0.2229 0.8028 0.2395 0.4922 0.7982 0.7324 0.7663
37 0.1051 0.1104 0.8472 0.2156 0.8101 0.2457 0.4797 0.8079 0.7261 0.7782
38 0.0920 0.0979 0.8458 0.1901 0.8102 0.1971 0.4723 0.8227 0.6701 0.7945
39 0.0817 0.0916 0.8637 0.1735 0.8304 0.1966 0.4722 0.8215 0.6694 0.7925
40 0.0785 0.0903 0.8617 0.1689 0.8297 0.2009 0.4703 0.8195 0.6718 0.7894
41 0.0716 0.0839 0.8665 0.1556 0.8340 0.2086 0.4692 0.8239 0.6785 0.7937
42 0.0782 0.0860 0.8721 0.1644 0.8388 0.2225 0.4697 0.8223 0.6929 0.7946
43 0.0845 0.0931 0.8582 0.1778 0.8244 0.2105 0.4732 0.8135 0.6844 0.7816
44 0.1072 0.1057 0.8363 0.2131 0.7997 0.2811 0.4909 0.7836 0.7730 0.7504
45 0.1144 0.1096 0.8396 0.2244 0.8012 0.3702 0.5308 0.7389 0.9021 0.6978
46 0.1110 0.1110 0.8419 0.2224 0.8055 0.2499 0.4778 0.8050 0.7286 0.7723
47 0.0937 0.0931 0.8470 0.1872 0.8099 0.2642 0.4654 0.8138 0.7304 0.7818
48 0.0865 0.0867 0.8617 0.1736 0.8245 0.2168 0.4517 0.8121 0.6692 0.7833
49 0.0761 0.0795 0.8639 0.1560 0.8297 0.2412 0.4547 0.8154 0.6967 0.7888
50 0.0694 0.0762 0.8630 0.1460 0.8287 0.2308 0.4527 0.8176 0.6843 0.7894
51 0.0655 0.0723 0.8662 0.1382 0.8345 0.2143 0.4492 0.8256 0.6643 0.7981
52 0.0723 0.0766 0.8717 0.1493 0.8381 0.2078 0.4549 0.8261 0.6635 0.7964
53 0.0744 0.0773 0.8648 0.1521 0.8316 0.2663 0.4685 0.8055 0.7359 0.7762
54 0.0755 0.0753 0.8702 0.1514 0.8354 0.2151 0.4550 0.8271 0.6711 0.7991
55 0.0991 0.0936 0.8428 0.1932 0.8094 0.2328 0.4696 0.8034 0.7035 0.7676
56 0.0985 0.0938 0.8446 0.1928 0.8085 0.2478 0.4665 0.8118 0.7154 0.7815
57 0.0929 0.0923 0.8514 0.1858 0.8176 0.2370 0.4580 0.8138 0.6960 0.7839
58 0.0752 0.0740 0.8622 0.1499 0.8270 0.2346 0.4560 0.8241 0.6918 0.7951
59 0.0641 0.0673 0.8764 0.1320 0.8430 0.2215 0.4527 0.8276 0.6754 0.7980
60 0.0625 0.0655 0.8772 0.1286 0.8466 0.2221 0.4464 0.8289 0.6696 0.7980
61 0.0612 0.0633 0.8768 0.1252 0.8435 0.2468 0.4480 0.8247 0.6960 0.7984
62 0.0628 0.0634 0.8781 0.1268 0.8478 0.2472 0.4459 0.8278 0.6943 0.7968
63 0.0715 0.0693 0.8711 0.1415 0.8391 0.2449 0.4441 0.8158 0.6903 0.7850
64 0.0761 0.0715 0.8713 0.1483 0.8390 0.2464 0.4472 0.8046 0.6947 0.7734
65 0.0811 0.0794 0.8565 0.1611 0.8196 0.2611 0.4607 0.8035 0.7232 0.7742
66 0.0957 0.0874 0.8515 0.1838 0.8156 0.2935 0.4673 0.7960 0.7621 0.7681
67 0.0762 0.0726 0.8535 0.1494 0.8198 0.2295 0.4505 0.8204 0.6812 0.7916
68 0.0657 0.0629 0.8724 0.1293 0.8401 0.2283 0.4577 0.8212 0.6872 0.7858
69 0.0619 0.0630 0.8736 0.1256 0.8419 0.2623 0.4482 0.8200 0.7119 0.7894
70 0.0552 0.0579 0.8812 0.1139 0.8484 0.2599 0.4457 0.8238 0.7070 0.7925
71 0.0554 0.0570 0.8783 0.1132 0.8469 0.2581 0.4490 0.8204 0.7084 0.7911
72 0.0578 0.0569 0.8784 0.1154 0.8463 0.2692 0.4298 0.8215 0.7002 0.7905
73 0.0607 0.0599 0.8784 0.1213 0.8443 0.2816 0.4428 0.8247 0.7258 0.7943
74 0.0639 0.0602 0.8721 0.1249 0.8391 0.2927 0.4544 0.8142 0.7486 0.7817
75 0.0743 0.0705 0.8616 0.1455 0.8288 0.3513 0.4810 0.7778 0.8340 0.7468
76 0.0789 0.0731 0.8591 0.1528 0.8237 0.2468 0.4268 0.8289 0.6747 0.7983
77 0.0774 0.0695 0.8597 0.1478 0.8266 0.2749 0.4534 0.8159 0.7298 0.7876
78 0.0601 0.0575 0.8752 0.1185 0.8436 0.2661 0.4516 0.8264 0.7194 0.7980
79 0.0552 0.0527 0.8807 0.1087 0.8496 0.2654 0.4544 0.8265 0.7214 0.7990
80 0.0532 0.0526 0.8781 0.1067 0.8476 0.2611 0.4501 0.8281 0.7128 0.7994
81 0.0483 0.0468 0.8859 0.0960 0.8560 0.2639 0.4347 0.8355 0.7001 0.8049
82 0.0515 0.0495 0.8846 0.1020 0.8546 0.2764 0.4427 0.8340 0.7209 0.8063
83 0.0645 0.0597 0.8666 0.1251 0.8366 0.5265 0.4868 0.7647 1.0156 0.7318
84 0.0843 0.0769 0.8585 0.1620 0.8240 0.2855 0.4635 0.7957 0.7507 0.7594
85 0.0837 0.0760 0.8584 0.1606 0.8244 0.2615 0.4411 0.8153 0.7042 0.7859
86 0.0716 0.0677 0.8658 0.1402 0.8328 0.2861 0.4349 0.8208 0.7224 0.7915
87 0.0659 0.0609 0.8732 0.1277 0.8404 0.2802 0.4320 0.8240 0.7137 0.7919
88 0.0530 0.0524 0.8770 0.1063 0.8472 0.2494 0.4334 0.8279 0.6843 0.8003
89 0.0516 0.0485 0.8829 0.1011 0.8509 0.2658 0.4209 0.8338 0.6882 0.8057
90 0.0464 0.0456 0.8876 0.0929 0.8580 0.2644 0.4228 0.8356 0.6887 0.8087
91 0.0477 0.0473 0.8879 0.0961 0.8576 0.2437 0.4227 0.8366 0.6678 0.8085
92 0.0487 0.0454 0.8869 0.0951 0.8579 0.2581 0.4336 0.8277 0.6933 0.7984
93 0.0553 0.0531 0.8863 0.1094 0.8555 0.2962 0.4562 0.8147 0.7539 0.7837
94 0.0557 0.0504 0.8821 0.1072 0.8497 0.2944 0.4214 0.8283 0.7175 0.7998
95 0.0660 0.0558 0.8732 0.1228 0.8426 0.2970 0.4462 0.8156 0.7447 0.7887
96 0.0669 0.0580 0.8704 0.1259 0.8346 0.2576 0.4533 0.8162 0.7125 0.7838
97 0.0585 0.0536 0.8784 0.1131 0.8459 0.2565 0.4539 0.8200 0.7120 0.7967
98 0.0549 0.0509 0.8870 0.1069 0.8566 0.2786 0.4401 0.8192 0.7204 0.7917
99 0.0468 0.0453 0.8882 0.0932 0.8573 0.3276 0.4301 0.8153 0.7595 0.7881
