epoch train_BCELoss train_SoftDiceLoss train_iou train_loss train_mAP val_BCELoss val_SoftDiceLoss val_iou val_loss val_mAP
0 0.6548 0.6813 0.3297 1.6783 0.3294 0.6696 0.7351 0.3549 1.4043 0.3549
1 0.5873 0.6352 0.4333 1.3631 0.4049 0.4868 0.6619 0.5618 1.1441 0.4924
2 0.3936 0.4553 0.6287 0.9326 0.5575 0.4068 0.5938 0.6553 0.9967 0.5724
3 0.3036 0.3628 0.6976 0.7448 0.6395 0.4508 0.5818 0.6350 1.0315 0.5503
4 0.2663 0.3235 0.7318 0.6655 0.6782 0.2761 0.5615 0.7281 0.8370 0.6667
5 0.2336 0.2859 0.7517 0.5914 0.7028 0.2495 0.5460 0.7470 0.7949 0.6913
6 0.2132 0.2628 0.7666 0.5415 0.7204 0.2232 0.5445 0.7575 0.7672 0.7054
7 0.1942 0.2430 0.7760 0.4909 0.7302 0.2167 0.5359 0.7628 0.7523 0.7114
8 0.1805 0.2259 0.7890 0.4533 0.7456 0.2113 0.5354 0.7696 0.7465 0.7225
9 0.1691 0.2190 0.7900 0.4283 0.7482 0.1974 0.5307 0.7731 0.7277 0.7306
10 0.1630 0.2111 0.7954 0.4096 0.7552 0.1941 0.5269 0.7760 0.7208 0.7328
11 0.1601 0.2074 0.8046 0.4015 0.7617 0.2228 0.5296 0.7700 0.7523 0.7234
12 0.1631 0.2062 0.8029 0.4079 0.7633 0.2226 0.5301 0.7732 0.7525 0.7266
13 0.1692 0.2043 0.7953 0.4204 0.7535 0.2088 0.5220 0.7734 0.7308 0.7238
14 0.1695 0.2042 0.7867 0.4293 0.7452 0.2747 0.5445 0.7229 0.8192 0.6711
15 0.1642 0.1951 0.7966 0.4099 0.7527 0.1863 0.5130 0.7732 0.6993 0.7233
16 0.1543 0.1778 0.8039 0.3797 0.7630 0.2303 0.5140 0.7862 0.7444 0.7392
17 0.1466 0.1728 0.8087 0.3626 0.7714 0.1965 0.5074 0.7992 0.7040 0.7538
18 0.1262 0.1540 0.8268 0.3138 0.7901 0.2066 0.5071 0.7908 0.7140 0.7384
19 0.1195 0.1493 0.8362 0.2964 0.7948 0.1957 0.5033 0.8022 0.6992 0.7621
20 0.1177 0.1414 0.8351 0.2854 0.7948 0.1870 0.4981 0.8087 0.6854 0.7664
21 0.1099 0.1367 0.8393 0.2687 0.8016 0.1979 0.5027 0.8068 0.7009 0.7684
22 0.1173 0.1425 0.8356 0.2861 0.7973 0.2279 0.5092 0.7933 0.7374 0.7537
23 0.1208 0.1429 0.8288 0.2931 0.7903 0.1879 0.4922 0.8104 0.6804 0.7700
24 0.1176 0.1366 0.8237 0.2895 0.7853 0.2108 0.4979 0.7976 0.7090 0.7569
25 0.1286 0.1430 0.8227 0.3091 0.7838 0.3044 0.5164 0.7599 0.8214 0.7163
26 0.1240 0.1354 0.8190 0.2986 0.7795 0.2437 0.5082 0.7871 0.7524 0.7484
27 0.1096 0.1197 0.8357 0.2561 0.7987 0.2201 0.4916 0.8047 0.7123 0.7661
28 0.0990 0.1118 0.8512 0.2350 0.8144 0.1972 0.4852 0.8132 0.6830 0.7732
29 0.0873 0.1023 0.8580 0.2072 0.8240 0.1913 0.4821 0.8148 0.6740 0.7781
30 0.0836 0.0998 0.8624 0.1985 0.8286 0.1855 0.4815 0.8193 0.6675 0.7806
31 0.0832 0.1007 0.8557 0.1991 0.8219 0.1928 0.4779 0.8210 0.6713 0.7828
32 0.0822 0.0979 0.8614 0.1959 0.8257 0.1995 0.4803 0.8199 0.6804 0.7809
33 0.0957 0.1069 0.8447 0.2265 0.8125 0.2218 0.4821 0.7968 0.7044 0.7545
34 0.0995 0.1056 0.8468 0.2303 0.8099 0.2151 0.4838 0.8093 0.6995 0.7701
35 0.1231 0.1227 0.8291 0.2833 0.7898 0.2393 0.4897 0.7920 0.7297 0.7521
36 0.1136 0.1141 0.8331 0.2642 0.7954 0.2032 0.4923 0.7956 0.6962 0.7578
37 0.0976 0.1047 0.8386 0.2286 0.8020 0.1986 0.4700 0.8218 0.6694 0.7887
38 0.0868 0.0938 0.8522 0.2022 0.8190 0.1849 0.4756 0.8156 0.6613 0.7797
39 0.0814 0.0872 0.8591 0.1854 0.8263 0.2080 0.4762 0.8144 0.6851 0.7800
40 0.0723 0.0804 0.8650 0.1653 0.8316 0.2116 0.4751 0.8140 0.6876 0.7815
41 0.0709 0.0779 0.8702 0.1605 0.8373 0.2020 0.4741 0.8234 0.6769 0.7896
42 0.0763 0.0810 0.8710 0.1713 0.8392 0.2278 0.4742 0.8165 0.7028 0.7806
43 0.0776 0.0833 0.8566 0.1777 0.8244 0.2064 0.4712 0.8152 0.6785 0.7795
44 0.0800 0.0855 0.8583 0.1836 0.8222 0.2226 0.4748 0.8099 0.6984 0.7778
45 0.0882 0.0874 0.8513 0.1991 0.8164 0.2677 0.4689 0.7927 0.7376 0.7559
46 0.0988 0.0932 0.8504 0.2230 0.8152 0.2755 0.4841 0.8040 0.7607 0.7664
47 0.0912 0.0890 0.8572 0.2055 0.8253 0.2291 0.4753 0.8072 0.7054 0.7704
48 0.0815 0.0832 0.8537 0.1834 0.8197 0.1956 0.4654 0.8227 0.6620 0.7859
49 0.0689 0.0729 0.8701 0.1562 0.8386 0.1926 0.4634 0.8218 0.6569 0.7830
50 0.0673 0.0706 0.8730 0.1509 0.8413 0.1931 0.4633 0.8255 0.6573 0.7868
51 0.0660 0.0670 0.8732 0.1450 0.8433 0.1971 0.4651 0.8291 0.6632 0.7942
52 0.0664 0.0696 0.8762 0.1479 0.8439 0.2045 0.4680 0.8229 0.6735 0.7896
53 0.0686 0.0694 0.8732 0.1498 0.8385 0.2120 0.4634 0.8283 0.6766 0.7926
54 0.0681 0.0696 0.8665 0.1521 0.8357 0.2403 0.4717 0.8184 0.7132 0.7824
55 0.0868 0.0800 0.8597 0.1891 0.8264 0.2585 0.4733 0.7904 0.7329 0.7427
56 0.0867 0.0807 0.8506 0.1909 0.8148 0.2764 0.4854 0.8023 0.7630 0.7603
57 0.0693 0.0686 0.8690 0.1534 0.8376 0.2394 0.4654 0.8101 0.7060 0.7647
58 0.0666 0.0653 0.8755 0.1450 0.8448 0.2272 0.4666 0.8249 0.6951 0.7939
59 0.0581 0.0594 0.8770 0.1273 0.8476 0.2181 0.4598 0.8334 0.6792 0.8027
60 0.0551 0.0581 0.8835 0.1216 0.8531 0.2186 0.4581 0.8319 0.6780 0.7990
61 0.0551 0.0579 0.8752 0.1220 0.8472 0.2379 0.4665 0.8247 0.7058 0.7890
62 0.0543 0.0553 0.8778 0.1178 0.8472 0.2414 0.4657 0.8298 0.7085 0.7961
63 0.0648 0.0619 0.8765 0.1389 0.8470 0.2694 0.4595 0.8148 0.7304 0.7769
64 0.0680 0.0660 0.8706 0.1497 0.8391 0.3086 0.4481 0.8047 0.7582 0.7738
65 0.1034 0.0924 0.8434 0.2310 0.8090 0.3085 0.4938 0.7877 0.8035 0.7480
66 0.1017 0.0890 0.8402 0.2237 0.8058 0.2396 0.4564 0.8080 0.6972 0.7677
67 0.0782 0.0709 0.8635 0.1696 0.8333 0.2305 0.4606 0.8203 0.6924 0.7829
68 0.0705 0.0652 0.8705 0.1529 0.8391 0.1926 0.4582 0.8381 0.6521 0.8022
69 0.0659 0.0614 0.8774 0.1408 0.8478 0.2075 0.4600 0.8322 0.6688 0.7977
70 0.0607 0.0585 0.8770 0.1305 0.8489 0.2207 0.4573 0.8343 0.6794 0.7996
71 0.0575 0.0548 0.8883 0.1228 0.8580 0.2401 0.4580 0.8301 0.6996 0.7961
72 0.0565 0.0538 0.8846 0.1196 0.8561 0.2442 0.4629 0.8175 0.7085 0.7801
73 0.0680 0.0638 0.8726 0.1467 0.8436 0.2490 0.4580 0.8159 0.7085 0.7789
74 0.0742 0.0660 0.8696 0.1567 0.8387 0.2047 0.4730 0.8159 0.6789 0.7773
75 0.0814 0.0731 0.8638 0.1752 0.8304 0.2503 0.4701 0.8113 0.7218 0.7762
76 0.0828 0.0727 0.8609 0.1786 0.8297 0.2620 0.4653 0.8040 0.7286 0.7675
77 0.0766 0.0697 0.8618 0.1652 0.8276 0.2732 0.4504 0.8224 0.7251 0.7868
78 0.0581 0.0567 0.8774 0.1260 0.8478 0.2512 0.4560 0.8260 0.7087 0.7910
79 0.0524 0.0493 0.8863 0.1105 0.8603 0.2521 0.4491 0.8292 0.7027 0.7946
80 0.0514 0.0501 0.8780 0.1091 0.8520 0.2577 0.4416 0.8277 0.7008 0.7917
81 0.0486 0.0476 0.8916 0.1031 0.8643 0.2386 0.4536 0.8297 0.6937 0.7943
82 0.0506 0.0489 0.8866 0.1073 0.8590 0.2284 0.4519 0.8321 0.6818 0.7989
83 0.0572 0.0534 0.8791 0.1197 0.8488 0.2776 0.4471 0.8204 0.7263 0.7859
84 0.0640 0.0596 0.8734 0.1403 0.8435 0.2140 0.4526 0.8329 0.6680 0.7987
85 0.0971 0.0840 0.8467 0.2146 0.8128 0.4334 0.5370 0.7273 0.9718 0.6749
86 0.1098 0.0934 0.8399 0.2361 0.8034 0.2584 0.4677 0.8049 0.7275 0.7676
87 0.0770 0.0699 0.8632 0.1686 0.8323 0.2371 0.4591 0.8125 0.6976 0.7729
88 0.0689 0.0642 0.8738 0.1504 0.8441 0.2278 0.4520 0.8220 0.6813 0.7853
89 0.0536 0.0532 0.8841 0.1168 0.8542 0.2045 0.4416 0.8375 0.6475 0.8012
90 0.0565 0.0530 0.8797 0.1209 0.8521 0.2052 0.4413 0.8374 0.6479 0.8016
91 0.0499 0.0490 0.8851 0.1071 0.8587 0.2266 0.4481 0.8273 0.6762 0.7882
92 0.0469 0.0457 0.8895 0.0997 0.8641 0.2287 0.4528 0.8330 0.6829 0.7962
93 0.0529 0.0484 0.8857 0.1102 0.8559 0.2246 0.4549 0.8279 0.6810 0.7916
94 0.0579 0.0527 0.8804 0.1228 0.8486 0.2325 0.4499 0.8181 0.6840 0.7770
95 0.0617 0.0567 0.8745 0.1343 0.8450 0.2442 0.4469 0.8278 0.6925 0.7865
96 0.0599 0.0534 0.8742 0.1267 0.8453 0.2539 0.4562 0.8168 0.7117 0.7850
97 0.0579 0.0534 0.8794 0.1237 0.8508 0.2418 0.4562 0.8146 0.6996 0.7706
98 0.0488 0.0470 0.8865 0.1041 0.8579 0.2668 0.4440 0.8283 0.7125 0.7941
99 0.0473 0.0453 0.8930 0.1000 0.8653 0.2748 0.4480 0.8217 0.7246 0.7865
