epoch train_BCELoss train_SoftDiceLoss train_iou train_loss train_mAP val_BCELoss val_SoftDiceLoss val_iou val_loss val_mAP
0 0.6323 0.6894 0.4398 1.3206 0.4398 0.6549 0.7440 0.3560 1.3979 0.3560
1 0.5250 0.5945 0.5088 1.1164 0.4695 0.4124 0.6488 0.6297 1.0564 0.5584
2 0.3338 0.4060 0.6902 0.7332 0.6224 0.3085 0.5924 0.7040 0.8971 0.6481
3 0.2666 0.3288 0.7230 0.5909 0.6639 0.2989 0.5780 0.7074 0.8748 0.6520
4 0.2255 0.2778 0.7522 0.5007 0.6981 0.2441 0.5567 0.7388 0.7996 0.6894
5 0.2054 0.2467 0.7645 0.4502 0.7148 0.2478 0.5323 0.7661 0.7795 0.7239
6 0.1823 0.2149 0.7849 0.3957 0.7409 0.2549 0.5288 0.7645 0.7833 0.7238
7 0.1581 0.1865 0.8033 0.3433 0.7594 0.2141 0.5136 0.7939 0.7274 0.7527
8 0.1397 0.1703 0.8206 0.3089 0.7796 0.2111 0.5136 0.7911 0.7244 0.7545
9 0.1298 0.1574 0.8277 0.2861 0.7901 0.2208 0.5146 0.7937 0.7352 0.7559
10 0.1287 0.1560 0.8311 0.2836 0.7934 0.2170 0.5127 0.7963 0.7294 0.7604
11 0.1286 0.1569 0.8270 0.2845 0.7866 0.2242 0.5116 0.7929 0.7357 0.7593
12 0.1299 0.1555 0.8244 0.2844 0.7853 0.2133 0.5048 0.7975 0.7180 0.7628
13 0.1356 0.1594 0.8181 0.2943 0.7777 0.2212 0.5074 0.7891 0.7285 0.7548
14 0.1426 0.1539 0.8148 0.2959 0.7708 0.2236 0.5026 0.7926 0.7262 0.7545
15 0.1428 0.1494 0.8146 0.2918 0.7735 0.2107 0.4960 0.8010 0.7070 0.7604
16 0.1311 0.1378 0.8232 0.2685 0.7845 0.2113 0.4916 0.8043 0.7032 0.7689
17 0.1223 0.1319 0.8354 0.2540 0.8002 0.1975 0.4935 0.8155 0.6913 0.7843
18 0.1066 0.1140 0.8530 0.2204 0.8198 0.2032 0.4755 0.8240 0.6793 0.7916
19 0.0972 0.1072 0.8547 0.2042 0.8213 0.1745 0.4758 0.8313 0.6506 0.7987
20 0.0917 0.1055 0.8591 0.1971 0.8292 0.1770 0.4725 0.8340 0.6499 0.8017
21 0.0884 0.0971 0.8605 0.1853 0.8273 0.1961 0.4745 0.8316 0.6711 0.7999
22 0.0936 0.0992 0.8597 0.1928 0.8259 0.2126 0.4788 0.8232 0.6919 0.7926
23 0.1021 0.1071 0.8490 0.2092 0.8140 0.2011 0.4842 0.8123 0.6861 0.7761
24 0.1028 0.1049 0.8466 0.2078 0.8101 0.2625 0.4922 0.7939 0.7555 0.7593
25 0.1160 0.1148 0.8426 0.2310 0.8062 0.2513 0.5208 0.7454 0.7728 0.6988
26 0.1210 0.1152 0.8325 0.2365 0.7953 0.2011 0.4863 0.8137 0.6880 0.7819
27 0.1027 0.0981 0.8550 0.2011 0.8218 0.2207 0.4742 0.8182 0.6959 0.7829
28 0.0884 0.0887 0.8609 0.1775 0.8265 0.1953 0.4691 0.8279 0.6653 0.7905
29 0.0803 0.0837 0.8665 0.1644 0.8348 0.1816 0.4624 0.8356 0.6449 0.8017
30 0.0728 0.0765 0.8714 0.1497 0.8409 0.1863 0.4622 0.8357 0.6494 0.8006
31 0.0776 0.0810 0.8677 0.1589 0.8344 0.1804 0.4592 0.8353 0.6404 0.8031
32 0.0780 0.0784 0.8656 0.1569 0.8329 0.2027 0.4698 0.8293 0.6735 0.7954
33 0.0879 0.0856 0.8595 0.1740 0.8277 0.2058 0.4601 0.8306 0.6668 0.7967
34 0.0982 0.0915 0.8500 0.1902 0.8141 0.2249 0.4646 0.8266 0.6904 0.7897
35 0.1030 0.0935 0.8483 0.1971 0.8119 0.2275 0.4865 0.7964 0.7150 0.7592
36 0.0976 0.0933 0.8472 0.1916 0.8138 0.2016 0.4683 0.8146 0.6708 0.7806
37 0.0876 0.0873 0.8598 0.1755 0.8264 0.2081 0.4588 0.8249 0.6680 0.7936
38 0.0719 0.0684 0.8734 0.1409 0.8429 0.1949 0.4539 0.8357 0.6498 0.8019
39 0.0703 0.0659 0.8812 0.1368 0.8504 0.2010 0.4493 0.8401 0.6514 0.8081
40 0.0624 0.0631 0.8759 0.1262 0.8458 0.1867 0.4507 0.8411 0.6384 0.8056
41 0.0636 0.0635 0.8782 0.1279 0.8492 0.2188 0.4483 0.8375 0.6683 0.8074
42 0.0646 0.0637 0.8780 0.1291 0.8481 0.2074 0.4453 0.8358 0.6540 0.8026
43 0.0698 0.0668 0.8759 0.1373 0.8446 0.2583 0.4684 0.8171 0.7279 0.7862
44 0.0827 0.0741 0.8702 0.1576 0.8393 0.2186 0.4529 0.8324 0.6728 0.7984
45 0.1012 0.0914 0.8507 0.1935 0.8155 0.2477 0.4629 0.8184 0.7119 0.7864
46 0.0875 0.0795 0.8631 0.1678 0.8308 0.2575 0.4690 0.8311 0.7280 0.8027
47 0.0870 0.0767 0.8696 0.1647 0.8381 0.2159 0.4642 0.8249 0.6815 0.7922
48 0.0682 0.0628 0.8797 0.1320 0.8490 0.2308 0.4498 0.8370 0.6821 0.8036
49 0.0645 0.0604 0.8810 0.1260 0.8507 0.2133 0.4488 0.8424 0.6636 0.8094
50 0.0593 0.0578 0.8867 0.1180 0.8579 0.2209 0.4459 0.8427 0.6683 0.8110
51 0.0591 0.0553 0.8863 0.1154 0.8556 0.2350 0.4425 0.8456 0.6790 0.8152
52 0.0596 0.0569 0.8858 0.1175 0.8588 0.2405 0.4515 0.8313 0.6935 0.7998
53 0.0684 0.0609 0.8740 0.1303 0.8435 0.1729 0.4530 0.8337 0.6272 0.8033
54 0.0703 0.0644 0.8776 0.1357 0.8467 0.2549 0.4496 0.8389 0.7059 0.8088
55 0.0825 0.0714 0.8679 0.1549 0.8349 0.2625 0.4569 0.8331 0.7208 0.8017
56 0.0844 0.0734 0.8627 0.1587 0.8299 0.1905 0.4632 0.8359 0.6548 0.8019
57 0.0762 0.0670 0.8700 0.1442 0.8406 0.2108 0.4516 0.8422 0.6639 0.8117
58 0.0631 0.0587 0.8819 0.1229 0.8541 0.2303 0.4434 0.8373 0.6754 0.8092
59 0.0558 0.0515 0.8841 0.1084 0.8563 0.2062 0.4305 0.8528 0.6383 0.8227
60 0.0505 0.0493 0.8897 0.1009 0.8603 0.2000 0.4348 0.8519 0.6363 0.8214
61 0.0504 0.0479 0.8902 0.0994 0.8615 0.2183 0.4311 0.8556 0.6509 0.8239
62 0.0530 0.0501 0.8872 0.1042 0.8579 0.2544 0.4401 0.8374 0.6962 0.8077
63 0.0561 0.0507 0.8890 0.1079 0.8605 0.2682 0.4531 0.8283 0.7230 0.7939
64 0.0670 0.0593 0.8751 0.1274 0.8448 0.2226 0.4410 0.8454 0.6652 0.8090
65 0.0782 0.0685 0.8667 0.1478 0.8325 0.2988 0.4601 0.8037 0.7605 0.7708
66 0.0786 0.0671 0.8742 0.1468 0.8427 0.2257 0.4590 0.8362 0.6861 0.8038
67 0.0664 0.0594 0.8791 0.1269 0.8470 0.2801 0.4493 0.8347 0.7311 0.8031
68 0.0605 0.0559 0.8841 0.1176 0.8553 0.2109 0.4454 0.8520 0.6579 0.8220
69 0.0498 0.0466 0.8955 0.0976 0.8668 0.2201 0.4346 0.8510 0.6565 0.8173
70 0.0510 0.0462 0.8891 0.0985 0.8623 0.2293 0.4361 0.8520 0.6672 0.8185
71 0.0491 0.0448 0.8943 0.0952 0.8670 0.2090 0.4383 0.8560 0.6490 0.8260
72 0.0479 0.0443 0.8938 0.0935 0.8654 0.2570 0.4509 0.8441 0.7095 0.8095
73 0.0643 0.0560 0.8801 0.1215 0.8505 0.2237 0.4398 0.8496 0.6652 0.8195
74 0.0690 0.0600 0.8773 0.1302 0.8467 0.2367 0.4338 0.8352 0.6722 0.7997
75 0.0768 0.0685 0.8658 0.1464 0.8340 0.3261 0.4805 0.8038 0.8081 0.7702
76 0.0705 0.0629 0.8791 0.1346 0.8487 0.2180 0.4479 0.8419 0.6677 0.8133
77 0.0668 0.0572 0.8828 0.1252 0.8545 0.2502 0.4464 0.8390 0.6984 0.8095
78 0.0552 0.0499 0.8888 0.1063 0.8601 0.2543 0.4379 0.8421 0.6941 0.8127
79 0.0479 0.0452 0.8957 0.0944 0.8680 0.2263 0.4383 0.8481 0.6664 0.8136
80 0.0426 0.0431 0.8967 0.0870 0.8691 0.2383 0.4383 0.8481 0.6784 0.8141
81 0.0441 0.0398 0.8935 0.0851 0.8665 0.2175 0.4375 0.8525 0.6568 0.8205
82 0.0468 0.0433 0.8896 0.0913 0.8619 0.2687 0.4450 0.8488 0.7155 0.8171
83 0.0488 0.0427 0.8911 0.0928 0.8622 0.2789 0.4289 0.8505 0.7097 0.8186
84 0.0509 0.0467 0.8902 0.0989 0.8614 0.3020 0.4496 0.8359 0.7535 0.8061
85 0.0609 0.0514 0.8848 0.1135 0.8542 0.2826 0.4498 0.8410 0.7343 0.8128
86 0.0633 0.0533 0.8851 0.1179 0.8548 0.2289 0.4373 0.8423 0.6679 0.8097
87 0.0579 0.0512 0.8858 0.1104 0.8557 0.3042 0.4368 0.8415 0.7430 0.8065
88 0.0513 0.0465 0.8855 0.0991 0.8557 0.2510 0.4299 0.8515 0.6827 0.8218
89 0.0422 0.0392 0.9021 0.0828 0.8762 0.2558 0.4218 0.8523 0.6796 0.8190
90 0.0410 0.0386 0.8996 0.0810 0.8741 0.2442 0.4228 0.8567 0.6689 0.8231
91 0.0410 0.0377 0.8985 0.0801 0.8726 0.2745 0.4272 0.8547 0.7037 0.8222
92 0.0445 0.0397 0.8988 0.0856 0.8726 0.2711 0.4381 0.8426 0.7112 0.8117
93 0.0475 0.0417 0.8952 0.0906 0.8673 0.2394 0.4382 0.8508 0.6796 0.8212
94 0.0498 0.0447 0.8937 0.0959 0.8634 0.3467 0.4408 0.8397 0.7894 0.8080
95 0.0707 0.0607 0.8756 0.1328 0.8445 0.2889 0.4492 0.8269 0.7400 0.7965
96 0.0657 0.0585 0.8766 0.1254 0.8457 0.2168 0.4553 0.8313 0.6737 0.8003
97 0.0546 0.0483 0.8896 0.1043 0.8617 0.3312 0.4356 0.8378 0.7688 0.8071
98 0.0501 0.0441 0.8939 0.0956 0.8670 0.2800 0.4362 0.8420 0.7181 0.8151
99 0.0421 0.0389 0.9000 0.0825 0.8746 0.2756 0.4395 0.8463 0.7170 0.8179
100 0.0418 0.0384 0.8977 0.0817 0.8702 0.2915 0.4415 0.8444 0.7350 0.8165
101 0.0419 0.0379 0.9029 0.0811 0.8776 0.2875 0.4334 0.8450 0.7229 0.8172
102 0.0417 0.0388 0.8988 0.0819 0.8734 0.2802 0.4455 0.8500 0.7276 0.8206
103 0.0461 0.0405 0.8956 0.0881 0.8691 0.3185 0.4454 0.8338 0.7660 0.8035
104 0.0501 0.0442 0.8948 0.0957 0.8695 0.2709 0.4263 0.8263 0.6991 0.7884
105 0.0574 0.0491 0.8848 0.1079 0.8551 0.3520 0.4516 0.8011 0.8057 0.7663
106 0.0568 0.0488 0.8883 0.1070 0.8610 0.3648 0.4602 0.8244 0.8270 0.7945
107 0.0522 0.0459 0.8955 0.0995 0.8699 0.2503 0.4360 0.8495 0.6883 0.8198
108 0.0409 0.0375 0.9016 0.0799 0.8771 0.3120 0.4406 0.8477 0.7547 0.8160
109 0.0405 0.0364 0.9021 0.0784 0.8764 0.2678 0.4420 0.8484 0.7117 0.8198
110 0.0371 0.0342 0.9076 0.0728 0.8842 0.2711 0.4378 0.8507 0.7110 0.8211
111 0.0380 0.0340 0.9021 0.0736 0.8780 0.2847 0.4419 0.8532 0.7286 0.8233
112 0.0382 0.0338 0.9044 0.0735 0.8812 0.3365 0.4430 0.8420 0.7817 0.8117
113 0.0445 0.0380 0.9035 0.0840 0.8789 0.2763 0.4348 0.8511 0.7132 0.8227
114 0.0490 0.0414 0.8971 0.0918 0.8713 0.3216 0.4488 0.8252 0.7723 0.7912
115 0.0612 0.0531 0.8860 0.1157 0.8580 0.3400 0.4531 0.8252 0.7950 0.7960
116 0.0541 0.0469 0.8914 0.1025 0.8644 0.3331 0.4316 0.8353 0.7667 0.8039
117 0.0521 0.0423 0.8898 0.0958 0.8641 0.2499 0.4485 0.8383 0.7004 0.8052
118 0.0434 0.0373 0.8985 0.0824 0.8730 0.2895 0.4374 0.8399 0.7289 0.8078
119 0.0387 0.0347 0.9074 0.0749 0.8830 0.3189 0.4289 0.8495 0.7500 0.8175
120 0.0377 0.0344 0.9062 0.0738 0.8817 0.2933 0.4340 0.8454 0.7294 0.8122
121 0.0345 0.0313 0.9110 0.0674 0.8875 0.3031 0.4341 0.8454 0.7392 0.8146
122 0.0373 0.0336 0.9022 0.0724 0.8781 0.3055 0.4327 0.8402 0.7403 0.8095
123 0.0398 0.0363 0.9038 0.0777 0.8778 0.2773 0.4314 0.8483 0.7108 0.8217
124 0.0445 0.0388 0.8974 0.0847 0.8717 0.2624 0.4400 0.8446 0.7045 0.8155
125 0.0543 0.0476 0.8932 0.1032 0.8661 0.3184 0.4697 0.8167 0.7899 0.7856
126 0.0558 0.0476 0.8919 0.1048 0.8650 0.3406 0.4526 0.8133 0.7953 0.7789
127 0.0506 0.0450 0.8903 0.0971 0.8658 0.3397 0.4420 0.8336 0.7836 0.8052
128 0.0445 0.0388 0.9027 0.0848 0.8771 0.3141 0.4453 0.8459 0.7614 0.8174
129 0.0356 0.0329 0.9106 0.0701 0.8879 0.2941 0.4230 0.8464 0.7192 0.8147
130 0.0328 0.0309 0.9108 0.0652 0.8881 0.3124 0.4235 0.8412 0.7381 0.8112
131 0.0348 0.0320 0.9055 0.0683 0.8834 0.3722 0.4296 0.8441 0.8040 0.8133
132 0.0367 0.0337 0.9090 0.0720 0.8857 0.2878 0.4341 0.8511 0.7240 0.8233
133 0.0420 0.0371 0.9000 0.0807 0.8755 0.2660 0.4459 0.8393 0.7138 0.8081
134 0.0468 0.0408 0.8994 0.0891 0.8742 0.3425 0.4335 0.8274 0.7780 0.7879
135 0.0581 0.0495 0.8866 0.1091 0.8568 0.2758 0.4477 0.8213 0.7252 0.7824
136 0.0542 0.0478 0.8917 0.1034 0.8646 0.2743 0.4256 0.8497 0.7018 0.8183
137 0.0530 0.0448 0.8979 0.0993 0.8725 0.3125 0.4392 0.8432 0.7539 0.8163
138 0.0400 0.0363 0.9030 0.0779 0.8793 0.3161 0.4316 0.8529 0.7499 0.8219
139 0.0366 0.0333 0.9086 0.0716 0.8845 0.3247 0.4306 0.8512 0.7576 0.8224
140 0.0325 0.0302 0.9089 0.0643 0.8859 0.3094 0.4300 0.8528 0.7416 0.8227
141 0.0359 0.0316 0.9097 0.0692 0.8867 0.3265 0.4314 0.8451 0.7601 0.8147
142 0.0363 0.0329 0.9099 0.0708 0.8870 0.3409 0.4394 0.8437 0.7825 0.8132
143 0.0351 0.0316 0.9066 0.0683 0.8836 0.3176 0.4322 0.8426 0.7519 0.8098
144 0.0394 0.0350 0.9029 0.0759 0.8789 0.3079 0.4401 0.8424 0.7499 0.8134
145 0.0528 0.0468 0.8923 0.1011 0.8662 0.4045 0.4405 0.8080 0.8472 0.7742
146 0.0556 0.0491 0.8906 0.1061 0.8633 0.2981 0.4460 0.8246 0.7460 0.7920
147 0.0432 0.0379 0.9042 0.0827 0.8804 0.3292 0.4363 0.8318 0.7676 0.8012
148 0.0366 0.0323 0.9107 0.0705 0.8871 0.3524 0.4190 0.8477 0.7735 0.8165
149 0.0346 0.0322 0.9127 0.0684 0.8917 0.3196 0.4177 0.8528 0.7396 0.8246
150 0.0314 0.0292 0.9104 0.0623 0.8875 0.3072 0.4168 0.8543 0.7262 0.8271
151 0.0314 0.0287 0.9129 0.0618 0.8901 0.3091 0.4157 0.8588 0.7270 0.8329
152 0.0304 0.0282 0.9124 0.0602 0.8892 0.3314 0.4212 0.8524 0.7547 0.8227
153 0.0315 0.0282 0.9134 0.0614 0.8902 0.3029 0.4155 0.8607 0.7205 0.8327
154 0.0337 0.0306 0.9076 0.0660 0.8853 0.3626 0.4265 0.8340 0.7911 0.8006
155 0.0472 0.0406 0.8968 0.0893 0.8723 0.3500 0.4400 0.8314 0.7921 0.7988
156 0.0607 0.0488 0.8888 0.1111 0.8622 0.2955 0.4618 0.8250 0.7592 0.7952
157 0.0495 0.0464 0.8927 0.0974 0.8669 0.3140 0.4316 0.8496 0.7477 0.8212
158 0.0384 0.0353 0.9082 0.0752 0.8840 0.3580 0.4275 0.8400 0.7878 0.8133
159 0.0336 0.0306 0.9079 0.0659 0.8851 0.3664 0.4321 0.8455 0.8008 0.8196
160 0.0322 0.0293 0.9091 0.0631 0.8858 0.3566 0.4333 0.8422 0.7922 0.8156
161 0.0333 0.0300 0.9116 0.0649 0.8883 0.3569 0.4349 0.8360 0.7940 0.8094
162 0.0318 0.0283 0.9088 0.0617 0.8867 0.3430 0.4370 0.8344 0.7822 0.8078
163 0.0360 0.0319 0.9089 0.0695 0.8854 0.3010 0.4513 0.8429 0.7544 0.8170
164 0.0395 0.0352 0.9029 0.0763 0.8793 0.3632 0.4452 0.8102 0.8105 0.7785
165 0.0659 0.0539 0.8858 0.1213 0.8584 0.3321 0.4393 0.8324 0.7733 0.7991
166 0.0489 0.0423 0.8955 0.0927 0.8691 0.3102 0.4358 0.8341 0.7481 0.8030
167 0.0389 0.0349 0.9069 0.0754 0.8819 0.3554 0.4357 0.8412 0.7932 0.8133
168 0.0351 0.0321 0.9103 0.0688 0.8866 0.3148 0.4420 0.8443 0.7588 0.8136
169 0.0310 0.0290 0.9149 0.0617 0.8929 0.3542 0.4284 0.8414 0.7847 0.8105
170 0.0316 0.0284 0.9185 0.0616 0.8968 0.3566 0.4328 0.8413 0.7916 0.8109
171 0.0308 0.0282 0.9121 0.0606 0.8902 0.3544 0.4337 0.8420 0.7903 0.8132
172 0.0310 0.0283 0.9156 0.0611 0.8932 0.3502 0.4285 0.8425 0.7809 0.8125
173 0.0368 0.0309 0.9115 0.0693 0.8898 0.3929 0.4891 0.7079 0.8834 0.6613
174 0.0399 0.0353 0.9048 0.0768 0.8801 0.3795 0.4345 0.8276 0.8161 0.7982
175 0.0530 0.0421 0.8943 0.0967 0.8679 0.3655 0.4563 0.8253 0.8238 0.7936
176 0.0417 0.0368 0.9019 0.0800 0.8786 0.2672 0.4528 0.8384 0.7218 0.8115
177 0.0386 0.0367 0.9031 0.0770 0.8801 0.2646 0.4342 0.8492 0.7008 0.8158
178 0.0312 0.0283 0.9096 0.0611 0.8867 0.2480 0.4314 0.8476 0.6814 0.8161
179 0.0316 0.0285 0.9139 0.0617 0.8914 0.2762 0.4337 0.8497 0.7120 0.8170
180 0.0288 0.0271 0.9131 0.0576 0.8911 0.2714 0.4322 0.8532 0.7056 0.8186
181 0.0284 0.0271 0.9164 0.0572 0.8956 0.3353 0.4350 0.8437 0.7725 0.8151
182 0.0302 0.0277 0.9162 0.0596 0.8939 0.3487 0.4296 0.8434 0.7806 0.8174
183 0.0295 0.0263 0.9140 0.0575 0.8916 0.3001 0.4398 0.8440 0.7420 0.8160
184 0.0299 0.0273 0.9147 0.0589 0.8927 0.2521 0.4316 0.8545 0.6857 0.8235
185 0.0320 0.0291 0.9112 0.0628 0.8881 0.3122 0.4372 0.8377 0.7514 0.8047
186 0.0445 0.0368 0.9079 0.0828 0.8839 0.3078 0.4350 0.8492 0.7449 0.8250
187 0.0352 0.0312 0.9137 0.0681 0.8899 0.3273 0.4450 0.8457 0.7744 0.8208
188 0.0317 0.0289 0.9118 0.0623 0.8894 0.2960 0.4293 0.8521 0.7276 0.8297
189 0.0292 0.0265 0.9166 0.0574 0.8948 0.3297 0.4255 0.8539 0.7575 0.8272
190 0.0298 0.0257 0.9160 0.0573 0.8931 0.3229 0.4233 0.8543 0.7485 0.8285
191 0.0294 0.0263 0.9199 0.0575 0.8988 0.3011 0.4326 0.8507 0.7359 0.8260
192 0.0270 0.0249 0.9160 0.0537 0.8955 0.2554 0.4208 0.8557 0.6784 0.8299
193 0.0352 0.0309 0.9151 0.0677 0.8925 0.2517 0.4381 0.8518 0.6918 0.8218
194 0.0440 0.0395 0.8980 0.0851 0.8729 0.3410 0.4372 0.8434 0.7802 0.8163
195 0.0568 0.0471 0.8921 0.1054 0.8668 0.3087 0.4718 0.8153 0.7821 0.7838
196 0.0509 0.0451 0.8936 0.0975 0.8671 0.3283 0.4627 0.8363 0.7928 0.8079
197 0.0443 0.0396 0.9024 0.0855 0.8782 0.2771 0.4459 0.8453 0.7250 0.8166
198 0.0322 0.0305 0.9147 0.0643 0.8938 0.2805 0.4279 0.8540 0.7105 0.8270
199 0.0300 0.0275 0.9182 0.0591 0.8975 0.2930 0.4223 0.8599 0.7175 0.8334
