epoch train_BCELoss train_SoftDiceLoss train_iou train_loss train_mAP val_BCELoss val_SoftDiceLoss val_iou val_loss val_mAP
0 0.6844 0.6691 0.3695 1.7870 0.3684 0.6675 0.7255 0.3560 1.6844 0.3560
1 0.6315 0.6543 0.4440 1.6303 0.4387 0.5842 0.6961 0.4812 1.5044 0.3881
2 0.4897 0.5666 0.5899 1.3412 0.5016 0.4471 0.6635 0.6131 1.1982 0.5357
3 0.4043 0.5024 0.6552 1.1004 0.5865 0.3919 0.6458 0.6579 1.0542 0.6097
4 0.3738 0.4741 0.6879 0.9952 0.6236 0.3795 0.6299 0.6821 1.0136 0.6410
5 0.3644 0.4664 0.6970 0.9582 0.6401 0.3806 0.6393 0.6672 1.0219 0.6266
6 0.3559 0.4533 0.7078 0.9411 0.6477 0.3601 0.6269 0.6899 0.9618 0.6508
7 0.3411 0.4345 0.7270 0.8940 0.6702 0.3595 0.6298 0.6899 0.9653 0.6469
8 0.3336 0.4256 0.7302 0.8849 0.6765 0.3322 0.6181 0.7138 0.9091 0.6791
9 0.3169 0.4115 0.7390 0.8585 0.6835 0.3308 0.6227 0.7038 0.9098 0.6605
10 0.3043 0.3981 0.7435 0.8330 0.6914 0.3236 0.5981 0.7380 0.8837 0.6902
11 0.2870 0.3809 0.7657 0.7712 0.7143 0.3093 0.6035 0.7376 0.8239 0.6981
12 0.2762 0.3724 0.7686 0.7502 0.7187 0.2830 0.5825 0.7720 0.7557 0.7320
13 0.2602 0.3523 0.7858 0.7003 0.7376 0.2783 0.5822 0.7758 0.7351 0.7376
14 0.2535 0.3470 0.7949 0.6722 0.7491 0.2689 0.5789 0.7818 0.7102 0.7449
15 0.2486 0.3419 0.7980 0.6574 0.7511 0.2668 0.5785 0.7780 0.7077 0.7422
16 0.2446 0.3374 0.8021 0.6516 0.7561 0.2578 0.5730 0.7895 0.6904 0.7503
17 0.2472 0.3369 0.8042 0.6553 0.7591 0.2635 0.5697 0.7879 0.7053 0.7499
18 0.2445 0.3338 0.7932 0.6707 0.7456 0.2687 0.5893 0.7579 0.7460 0.7198
19 0.2347 0.3214 0.8025 0.6458 0.7539 0.2719 0.5784 0.7590 0.7660 0.7224
20 0.2520 0.3411 0.7888 0.7018 0.7405 0.2617 0.5673 0.7782 0.7331 0.7388
21 0.2314 0.3189 0.8025 0.6456 0.7579 0.2555 0.5747 0.7647 0.7264 0.7304
22 0.2224 0.3084 0.8102 0.6119 0.7662 0.2360 0.5569 0.7944 0.6486 0.7612
23 0.2139 0.3001 0.8198 0.5937 0.7787 0.2320 0.5559 0.7936 0.6485 0.7633
24 0.2072 0.2921 0.8245 0.5668 0.7828 0.2385 0.5596 0.7889 0.6605 0.7594
25 0.2026 0.2894 0.8280 0.5534 0.7873 0.2314 0.5539 0.7973 0.6365 0.7661
26 0.1988 0.2811 0.8344 0.5401 0.7942 0.2231 0.5500 0.7982 0.6242 0.7700
27 0.2033 0.2867 0.8296 0.5589 0.7869 0.2218 0.5504 0.8063 0.6087 0.7737
28 0.2030 0.2875 0.8167 0.5791 0.7735 0.2152 0.5433 0.8189 0.5986 0.7837
29 0.2055 0.2898 0.8161 0.5937 0.7728 0.2506 0.5683 0.7659 0.7146 0.7360
30 0.2085 0.2890 0.8082 0.6079 0.7670 0.2210 0.5506 0.7811 0.6482 0.7544
31 0.1990 0.2821 0.8118 0.5874 0.7718 0.2290 0.5449 0.7887 0.6532 0.7578
32 0.1869 0.2645 0.8307 0.5373 0.7908 0.2185 0.5424 0.7985 0.6212 0.7728
33 0.1794 0.2586 0.8361 0.5180 0.7959 0.1960 0.5271 0.8277 0.5535 0.7981
34 0.1711 0.2441 0.8453 0.4887 0.8076 0.1896 0.5305 0.8108 0.5487 0.7825
35 0.1673 0.2410 0.8480 0.4776 0.8125 0.1884 0.5307 0.8054 0.5554 0.7799
36 0.1645 0.2366 0.8444 0.4763 0.8078 0.1836 0.5269 0.8203 0.5266 0.7871
37 0.1681 0.2419 0.8394 0.4969 0.8018 0.1847 0.5255 0.8166 0.5559 0.7839
38 0.1759 0.2503 0.8384 0.5132 0.7987 0.2190 0.5494 0.7786 0.6622 0.7500
39 0.1729 0.2457 0.8375 0.5082 0.7976 0.1986 0.5312 0.8185 0.5717 0.7860
40 0.1718 0.2439 0.8382 0.5212 0.7985 0.2586 0.5668 0.7686 0.7215 0.7381
41 0.1714 0.2424 0.8366 0.5119 0.7956 0.1819 0.5216 0.8284 0.5426 0.7953
42 0.1642 0.2355 0.8395 0.4923 0.8035 0.1882 0.5241 0.8149 0.5630 0.7862
43 0.1540 0.2258 0.8476 0.4639 0.8102 0.1817 0.5242 0.8244 0.5325 0.7961
44 0.1471 0.2167 0.8549 0.4440 0.8193 0.1671 0.5158 0.8290 0.5123 0.8016
45 0.1463 0.2154 0.8560 0.4354 0.8211 0.1657 0.5159 0.8303 0.5001 0.8025
46 0.1450 0.2142 0.8571 0.4378 0.8215 0.1673 0.5146 0.8354 0.4993 0.8065
47 0.1426 0.2094 0.8588 0.4297 0.8244 0.1779 0.5196 0.8198 0.5405 0.7931
48 0.1489 0.2121 0.8522 0.4551 0.8137 0.1882 0.5119 0.8233 0.5822 0.7954
49 0.1480 0.2114 0.8516 0.4599 0.8149 0.2451 0.5297 0.7879 0.7499 0.7562
50 0.1529 0.2186 0.8376 0.4916 0.8002 0.2237 0.5300 0.7837 0.6758 0.7537
51 0.1541 0.2174 0.8442 0.4836 0.8043 0.2059 0.5362 0.8060 0.5964 0.7703
52 0.1447 0.2105 0.8455 0.4614 0.8071 0.1967 0.5253 0.8132 0.5837 0.7867
53 0.1402 0.2014 0.8579 0.4339 0.8217 0.1661 0.5061 0.8373 0.5046 0.8077
54 0.1346 0.1942 0.8714 0.4023 0.8354 0.1574 0.5057 0.8461 0.4774 0.8192
55 0.1302 0.1954 0.8635 0.4028 0.8261 0.1578 0.5061 0.8416 0.4795 0.8169
56 0.1302 0.1910 0.8678 0.3986 0.8316 0.1518 0.5020 0.8452 0.4707 0.8164
57 0.1326 0.1921 0.8613 0.4185 0.8279 0.1666 0.5103 0.8342 0.4971 0.8075
58 0.1270 0.1864 0.8622 0.4059 0.8258 0.1724 0.5112 0.8355 0.5152 0.8068
59 0.1389 0.1977 0.8511 0.4494 0.8148 0.1693 0.5133 0.8329 0.5288 0.8029
60 0.1404 0.2016 0.8491 0.4606 0.8090 0.2938 0.5528 0.7398 0.8914 0.6943
61 0.1501 0.2109 0.8499 0.4705 0.8119 0.1783 0.5156 0.8098 0.5883 0.7777
62 0.1503 0.2097 0.8411 0.4826 0.8046 0.2084 0.5202 0.7936 0.6531 0.7666
63 0.1347 0.1935 0.8610 0.4163 0.8257 0.1921 0.5098 0.8100 0.5933 0.7840
64 0.1301 0.1904 0.8629 0.4072 0.8301 0.1690 0.5069 0.8241 0.5275 0.7973
65 0.1175 0.1736 0.8712 0.3717 0.8343 0.1670 0.5011 0.8251 0.5253 0.7981
66 0.1178 0.1750 0.8667 0.3837 0.8339 0.1575 0.5016 0.8273 0.5007 0.8031
67 0.1257 0.1803 0.8622 0.4121 0.8280 0.1752 0.5047 0.8276 0.5447 0.8025
68 0.1222 0.1766 0.8648 0.4003 0.8314 0.1743 0.5034 0.8283 0.5424 0.7983
69 0.1265 0.1821 0.8520 0.4373 0.8155 0.1610 0.4980 0.8282 0.5271 0.8012
70 0.1358 0.1910 0.8537 0.4437 0.8161 0.1672 0.5066 0.8328 0.5353 0.8078
71 0.1324 0.1886 0.8536 0.4345 0.8160 0.1557 0.5122 0.8197 0.5349 0.7898
72 0.1193 0.1736 0.8613 0.4000 0.8245 0.1779 0.5062 0.8315 0.5510 0.8033
73 0.1194 0.1709 0.8655 0.3983 0.8312 0.1699 0.4899 0.8307 0.5526 0.8023
74 0.1094 0.1642 0.8730 0.3643 0.8390 0.1600 0.4955 0.8352 0.5090 0.8098
75 0.1105 0.1613 0.8722 0.3661 0.8374 0.1673 0.4977 0.8362 0.5262 0.8121
76 0.1078 0.1576 0.8749 0.3596 0.8436 0.1694 0.4973 0.8343 0.5350 0.8125
77 0.1067 0.1567 0.8722 0.3671 0.8393 0.1715 0.4963 0.8339 0.5320 0.8083
78 0.1081 0.1566 0.8761 0.3592 0.8415 0.1511 0.4870 0.8448 0.5140 0.8203
79 0.1103 0.1586 0.8729 0.3763 0.8364 0.1773 0.4936 0.8292 0.5712 0.8038
80 0.1180 0.1694 0.8591 0.4126 0.8225 0.1834 0.5035 0.8157 0.5858 0.7818
81 0.1331 0.1869 0.8508 0.4476 0.8150 0.1657 0.5037 0.8182 0.5413 0.7927
82 0.1348 0.1926 0.8578 0.4266 0.8237 0.2308 0.5278 0.7710 0.7182 0.7377
83 0.1219 0.1744 0.8632 0.4008 0.8308 0.1632 0.5002 0.8350 0.5077 0.8083
84 0.1165 0.1692 0.8699 0.3841 0.8367 0.1501 0.4935 0.8360 0.4932 0.8118
85 0.1103 0.1615 0.8731 0.3619 0.8419 0.1481 0.4916 0.8371 0.4837 0.8108
86 0.1019 0.1481 0.8712 0.3576 0.8400 0.1520 0.4871 0.8375 0.5045 0.8128
87 0.1083 0.1580 0.8718 0.3682 0.8401 0.1512 0.4916 0.8478 0.4863 0.8209
88 0.1092 0.1589 0.8779 0.3618 0.8472 0.1681 0.4870 0.8373 0.5500 0.8058
89 0.1124 0.1600 0.8682 0.3860 0.8325 0.2460 0.5214 0.7760 0.7624 0.7392
90 0.1127 0.1607 0.8682 0.3859 0.8331 0.1979 0.5003 0.8091 0.6310 0.7816
91 0.1143 0.1628 0.8636 0.3970 0.8279 0.1782 0.5104 0.8308 0.5514 0.8010
92 0.1045 0.1487 0.8703 0.3682 0.8337 0.1850 0.4855 0.8399 0.5829 0.8138
93 0.1039 0.1499 0.8732 0.3576 0.8394 0.1612 0.4851 0.8443 0.5173 0.8182
94 0.0982 0.1432 0.8782 0.3387 0.8452 0.1701 0.4857 0.8444 0.5337 0.8183
95 0.0892 0.1329 0.8804 0.3256 0.8451 0.1700 0.4848 0.8429 0.5381 0.8174
96 0.0864 0.1274 0.8843 0.3124 0.8512 0.1768 0.4832 0.8413 0.5671 0.8161
97 0.0979 0.1415 0.8826 0.3404 0.8491 0.1560 0.4809 0.8535 0.4878 0.8271
98 0.0966 0.1382 0.8789 0.3418 0.8464 0.2007 0.5000 0.8239 0.6127 0.8000
99 0.1087 0.1536 0.8678 0.3807 0.8326 0.1659 0.4972 0.8337 0.5085 0.8054
100 0.1204 0.1680 0.8644 0.4070 0.8268 0.2127 0.5360 0.7400 0.7619 0.7093
101 0.1303 0.1788 0.8584 0.4347 0.8244 0.1802 0.4936 0.8264 0.5948 0.8045
102 0.1205 0.1636 0.8652 0.4092 0.8300 0.1821 0.5044 0.8284 0.5557 0.7983
103 0.1065 0.1549 0.8789 0.3541 0.8447 0.1918 0.4889 0.8259 0.5839 0.7960
104 0.0966 0.1440 0.8802 0.3345 0.8486 0.1882 0.4894 0.8379 0.5775 0.8126
105 0.0919 0.1366 0.8777 0.3354 0.8431 0.1900 0.4880 0.8376 0.5801 0.8134
106 0.0919 0.1346 0.8832 0.3233 0.8491 0.1754 0.4846 0.8373 0.5541 0.8136
107 0.0882 0.1283 0.8827 0.3225 0.8484 0.1782 0.4856 0.8427 0.5477 0.8192
108 0.0850 0.1243 0.8855 0.3197 0.8519 0.1905 0.4840 0.8383 0.5963 0.8105
109 0.1016 0.1434 0.8790 0.3527 0.8440 0.2065 0.4954 0.8170 0.6432 0.7916
110 0.1187 0.1652 0.8709 0.3934 0.8333 0.1704 0.4799 0.8283 0.5850 0.7967
111 0.1132 0.1619 0.8636 0.3921 0.8275 0.2002 0.5208 0.8136 0.6515 0.7847
112 0.1012 0.1439 0.8749 0.3619 0.8407 0.1532 0.4839 0.8405 0.4953 0.8143
113 0.1033 0.1467 0.8763 0.3574 0.8420 0.1458 0.4804 0.8463 0.4823 0.8234
114 0.0870 0.1294 0.8884 0.3116 0.8555 0.1434 0.4756 0.8551 0.4763 0.8306
115 0.0829 0.1224 0.8881 0.3038 0.8548 0.1417 0.4695 0.8537 0.4740 0.8300
116 0.0826 0.1219 0.8892 0.3049 0.8554 0.1595 0.4744 0.8388 0.5236 0.8137
117 0.0802 0.1183 0.8905 0.2985 0.8582 0.1792 0.4804 0.8437 0.5742 0.8210
118 0.0874 0.1262 0.8798 0.3245 0.8471 0.1632 0.4837 0.8393 0.5320 0.8117
119 0.0949 0.1343 0.8770 0.3471 0.8444 0.1956 0.5011 0.8082 0.6161 0.7773
120 0.1208 0.1662 0.8651 0.4067 0.8308 0.1946 0.5156 0.7950 0.6205 0.7638
121 0.1056 0.1494 0.8763 0.3676 0.8406 0.2184 0.4929 0.8046 0.6845 0.7761
122 0.1099 0.1557 0.8672 0.3865 0.8336 0.1806 0.4856 0.8263 0.5772 0.7997
123 0.0926 0.1366 0.8764 0.3462 0.8442 0.1698 0.4827 0.8366 0.5347 0.8122
124 0.0850 0.1252 0.8836 0.3129 0.8501 0.1836 0.4829 0.8303 0.5712 0.8042
125 0.0812 0.1214 0.8924 0.2966 0.8599 0.1723 0.4776 0.8414 0.5440 0.8160
126 0.0808 0.1166 0.8877 0.3021 0.8555 0.1926 0.4870 0.8214 0.6158 0.7958
127 0.0840 0.1240 0.8843 0.3125 0.8503 0.1963 0.4793 0.8290 0.6343 0.8057
128 0.0832 0.1196 0.8910 0.3049 0.8568 0.1731 0.4776 0.8379 0.5514 0.8122
129 0.0843 0.1225 0.8907 0.3044 0.8573 0.1754 0.4936 0.8367 0.5717 0.8083
130 0.0916 0.1322 0.8794 0.3413 0.8443 0.1811 0.5047 0.8310 0.5918 0.8020
131 0.1084 0.1499 0.8738 0.3766 0.8412 0.1470 0.4831 0.8384 0.5051 0.8087
132 0.0986 0.1423 0.8778 0.3467 0.8427 0.1609 0.4775 0.8476 0.5179 0.8225
133 0.0884 0.1273 0.8823 0.3239 0.8478 0.1531 0.4769 0.8514 0.4936 0.8279
134 0.0776 0.1142 0.8943 0.2886 0.8629 0.1610 0.4723 0.8491 0.5213 0.8252
135 0.0746 0.1130 0.8945 0.2811 0.8639 0.1619 0.4735 0.8479 0.5297 0.8238
136 0.0718 0.1066 0.8900 0.2820 0.8592 0.1635 0.4690 0.8496 0.5254 0.8269
137 0.0713 0.1041 0.8954 0.2788 0.8636 0.1688 0.4703 0.8462 0.5477 0.8229
138 0.0786 0.1146 0.8865 0.3007 0.8528 0.1659 0.4685 0.8441 0.5445 0.8194
139 0.0781 0.1114 0.8850 0.3073 0.8519 0.1532 0.4898 0.8342 0.5219 0.8115
140 0.0826 0.1173 0.8826 0.3213 0.8498 0.1669 0.4851 0.8271 0.5590 0.8036
141 0.0918 0.1301 0.8778 0.3420 0.8458 0.1554 0.4701 0.8546 0.5301 0.8275
142 0.0737 0.1082 0.8942 0.2830 0.8588 0.1576 0.4706 0.8523 0.5422 0.8272
143 0.0715 0.1038 0.8960 0.2815 0.8623 0.1700 0.4669 0.8547 0.5519 0.8242
144 0.0733 0.1042 0.8969 0.2775 0.8648 0.1489 0.4657 0.8556 0.4898 0.8308
145 0.0677 0.1008 0.8972 0.2652 0.8663 0.1518 0.4646 0.8540 0.4992 0.8276
146 0.0640 0.0957 0.8988 0.2614 0.8676 0.1567 0.4643 0.8630 0.5149 0.8369
147 0.0649 0.0948 0.9036 0.2591 0.8712 0.1603 0.4750 0.8639 0.5226 0.8349
148 0.0644 0.0931 0.8975 0.2654 0.8639 0.1697 0.4707 0.8554 0.5520 0.8299
149 0.0714 0.1028 0.8871 0.2982 0.8546 0.1705 0.4688 0.8429 0.5666 0.8172
