epoch train_BCELoss train_SoftDiceLoss train_iou train_loss train_mAP val_BCELoss val_SoftDiceLoss val_iou val_loss val_mAP
0 0.5356 0.5508 0.2651 1.0848 0.2199 0.4339 0.4573 0.5983 0.8896 0.5057
1 0.3957 0.4333 0.4797 0.8281 0.4302 0.4163 0.3873 0.6363 0.8022 0.5404
2 0.3534 0.3882 0.4888 0.7411 0.4411 0.2925 0.3438 0.7082 0.6358 0.6350
3 0.3264 0.3670 0.4956 0.6931 0.4469 0.2323 0.3207 0.7288 0.5529 0.6667
4 0.3151 0.3515 0.4995 0.6663 0.4517 0.2278 0.2974 0.7497 0.5251 0.6937
5 0.2939 0.3208 0.4910 0.6147 0.4419 0.2124 0.2681 0.7536 0.4805 0.7017
6 0.2778 0.3050 0.4994 0.5828 0.4492 0.2011 0.2538 0.7538 0.4549 0.7011
7 0.2798 0.2987 0.5039 0.5785 0.4547 0.2325 0.2674 0.7200 0.5000 0.6558
8 0.2694 0.2907 0.4954 0.5602 0.4433 0.1647 0.2342 0.7631 0.3992 0.7173
9 0.2663 0.2825 0.5077 0.5490 0.4572 0.1830 0.2289 0.7664 0.4122 0.7209
10 0.2529 0.2617 0.5124 0.5147 0.4648 0.1706 0.2098 0.7802 0.3806 0.7312
11 0.2381 0.2497 0.5277 0.4880 0.4754 0.1600 0.2056 0.7870 0.3660 0.7444
12 0.2410 0.2579 0.5229 0.4991 0.4757 0.1565 0.2047 0.7875 0.3616 0.7453
13 0.2376 0.2494 0.5194 0.4871 0.4700 0.1640 0.2037 0.7849 0.3681 0.7401
14 0.2294 0.2439 0.5213 0.4736 0.4703 0.1541 0.2031 0.7932 0.3577 0.7504
15 0.2326 0.2440 0.5115 0.4769 0.4580 0.1537 0.1985 0.7902 0.3527 0.7485
16 0.2341 0.2409 0.5205 0.4753 0.4716 0.1574 0.2004 0.7909 0.3581 0.7469
17 0.2332 0.2436 0.5242 0.4771 0.4747 0.1532 0.2002 0.7925 0.3538 0.7488
18 0.2343 0.2455 0.5069 0.4800 0.4547 0.1526 0.1967 0.7943 0.3497 0.7509
19 0.2306 0.2433 0.5149 0.4742 0.4642 0.1551 0.1969 0.7910 0.3525 0.7470
20 0.2376 0.2460 0.5081 0.4838 0.4582 0.1585 0.2025 0.7941 0.3615 0.7489
21 0.2446 0.2456 0.5155 0.4905 0.4643 0.1760 0.2029 0.7770 0.3793 0.7415
22 0.2446 0.2415 0.5029 0.4864 0.4526 0.1926 0.2011 0.7494 0.3940 0.6944
23 0.2503 0.2415 0.5103 0.4922 0.4619 0.1657 0.1849 0.7679 0.3511 0.7194
24 0.2406 0.2360 0.5052 0.4770 0.4546 0.1647 0.1969 0.7647 0.3622 0.7198
25 0.2281 0.2232 0.5149 0.4518 0.4637 0.1443 0.1736 0.7978 0.3186 0.7564
26 0.2199 0.2218 0.5245 0.4422 0.4756 0.1470 0.1727 0.8003 0.3205 0.7590
27 0.2258 0.2198 0.5168 0.4461 0.4673 0.1473 0.1682 0.7933 0.3162 0.7497
28 0.2170 0.2112 0.5216 0.4287 0.4709 0.1402 0.1665 0.8018 0.3073 0.7563
29 0.2180 0.2153 0.5206 0.4338 0.4715 0.1434 0.1629 0.7983 0.3070 0.7547
30 0.2061 0.2009 0.5318 0.4075 0.4817 0.1393 0.1653 0.7992 0.3054 0.7560
31 0.2151 0.2128 0.5299 0.4284 0.4837 0.1407 0.1665 0.7982 0.3079 0.7537
32 0.2153 0.2057 0.5211 0.4215 0.4710 0.1397 0.1662 0.8058 0.3066 0.7633
33 0.2158 0.2118 0.5286 0.4281 0.4803 0.1422 0.1653 0.7991 0.3082 0.7549
34 0.2096 0.2052 0.5257 0.4153 0.4753 0.1404 0.1636 0.7995 0.3046 0.7550
35 0.2229 0.2110 0.5111 0.4343 0.4614 0.1727 0.1714 0.7731 0.3446 0.7238
36 0.2343 0.2245 0.5182 0.4592 0.4673 0.1752 0.1758 0.7723 0.3515 0.7231
37 0.2439 0.2260 0.5091 0.4704 0.4583 0.1526 0.1743 0.7537 0.3275 0.7040
38 0.2293 0.2082 0.5158 0.4380 0.4657 0.1454 0.1464 0.7978 0.2925 0.7506
39 0.2255 0.2037 0.5243 0.4298 0.4763 0.1537 0.1499 0.7808 0.3041 0.7297
40 0.2273 0.2015 0.5329 0.4293 0.4829 0.1359 0.1449 0.8121 0.2817 0.7734
41 0.2115 0.1939 0.5250 0.4061 0.4726 0.1369 0.1406 0.8108 0.2782 0.7702
42 0.2224 0.2060 0.5231 0.4291 0.4728 0.1340 0.1383 0.8028 0.2730 0.7595
43 0.1955 0.1819 0.5313 0.3781 0.4812 0.1255 0.1342 0.8175 0.2606 0.7787
44 0.2087 0.1888 0.5287 0.3982 0.4777 0.1289 0.1346 0.8183 0.2644 0.7779
45 0.1991 0.1860 0.5377 0.3859 0.4884 0.1273 0.1332 0.8217 0.2614 0.7826
46 0.1972 0.1861 0.5364 0.3840 0.4855 0.1266 0.1333 0.8190 0.2608 0.7794
47 0.2087 0.1960 0.5320 0.4053 0.4820 0.1264 0.1325 0.8194 0.2598 0.7807
48 0.2084 0.1930 0.5301 0.4020 0.4790 0.1266 0.1335 0.8127 0.2610 0.7720
49 0.2115 0.1972 0.5293 0.4093 0.4819 0.1284 0.1321 0.8142 0.2614 0.7735
50 0.2089 0.1916 0.5308 0.4011 0.4798 0.1284 0.1338 0.8195 0.2630 0.7791
51 0.2016 0.1882 0.5267 0.3905 0.4777 0.1289 0.1345 0.8142 0.2643 0.7738
52 0.2003 0.1824 0.5247 0.3835 0.4755 0.1251 0.1332 0.8181 0.2592 0.7801
53 0.2092 0.1971 0.5212 0.4070 0.4746 0.1259 0.1331 0.8193 0.2598 0.7798
54 0.2032 0.1890 0.5326 0.3929 0.4800 0.1271 0.1344 0.8157 0.2623 0.7746
55 0.2021 0.1896 0.5244 0.3924 0.4778 0.1265 0.1334 0.8151 0.2608 0.7761
56 0.2116 0.1933 0.5340 0.4056 0.4816 0.1253 0.1309 0.8182 0.2571 0.7791
57 0.1977 0.1856 0.5381 0.3839 0.4863 0.1262 0.1346 0.8191 0.2617 0.7798
58 0.2068 0.1928 0.5319 0.4004 0.4821 0.1288 0.1331 0.8174 0.2628 0.7773
59 0.2052 0.1844 0.5218 0.3903 0.4728 0.1256 0.1346 0.8188 0.2612 0.7799
