epoch train_BCELoss train_SoftDiceLoss train_iou train_loss train_mAP val_BCELoss val_SoftDiceLoss val_iou val_loss val_mAP
0 0.8033 0.6506 0.0860 2.4450 0.0023 0.7270 0.7131 0.0020 1.9767 0.0000
1 0.7731 0.6503 0.0651 2.1974 0.0058 0.7381 0.6930 0.1217 2.0507 0.0280
2 0.6678 0.6371 0.4174 1.7445 0.3775 0.6220 0.6856 0.4937 1.5867 0.4273
3 0.5861 0.6022 0.4849 1.5538 0.4441 0.5433 0.6823 0.5189 1.4345 0.4705
4 0.5014 0.5430 0.5475 1.3742 0.4930 0.4674 0.6517 0.6166 1.2377 0.5471
5 0.4111 0.4784 0.6303 1.1129 0.5605 0.3798 0.6317 0.6803 0.9921 0.6097
6 0.3546 0.4365 0.6892 0.9373 0.6193 0.3633 0.6270 0.6811 0.9599 0.6131
7 0.3311 0.4146 0.7165 0.8719 0.6507 0.3386 0.6039 0.7242 0.9007 0.6614
8 0.3143 0.3972 0.7420 0.8117 0.6754 0.3299 0.6031 0.7275 0.8751 0.6655
9 0.3014 0.3863 0.7555 0.7652 0.6921 0.3360 0.6109 0.7159 0.8811 0.6458
10 0.2931 0.3754 0.7772 0.7199 0.7119 0.3320 0.6030 0.7300 0.8727 0.6646
11 0.2940 0.3764 0.7685 0.7336 0.7031 0.3247 0.5950 0.7365 0.8699 0.6734
12 0.2874 0.3713 0.7726 0.7277 0.7077 0.3593 0.6323 0.6765 0.9561 0.5854
13 0.2768 0.3592 0.7821 0.7027 0.7197 0.3212 0.6037 0.7190 0.8793 0.6586
14 0.2635 0.3433 0.7858 0.6769 0.7262 0.3187 0.5854 0.7469 0.8843 0.6921
15 0.2562 0.3366 0.7959 0.6625 0.7358 0.3391 0.6157 0.6989 0.9396 0.6246
16 0.2476 0.3297 0.7990 0.6463 0.7392 0.2967 0.5861 0.7480 0.8333 0.6985
17 0.2363 0.3183 0.8054 0.6211 0.7480 0.2794 0.5818 0.7626 0.7699 0.7110
18 0.2251 0.3067 0.8260 0.5766 0.7709 0.2813 0.5796 0.7681 0.7759 0.7205
19 0.2165 0.2980 0.8340 0.5424 0.7815 0.2749 0.5741 0.7771 0.7637 0.7268
20 0.2104 0.2908 0.8454 0.5219 0.7967 0.2751 0.5742 0.7764 0.7654 0.7298
21 0.2063 0.2869 0.8488 0.5060 0.7995 0.2731 0.5670 0.7789 0.7678 0.7317
22 0.2054 0.2855 0.8426 0.5210 0.7924 0.2704 0.5716 0.7759 0.7617 0.7238
23 0.2000 0.2777 0.8464 0.5054 0.7982 0.2747 0.5593 0.7762 0.8080 0.7283
24 0.1961 0.2733 0.8413 0.5172 0.7875 0.2697 0.5674 0.7793 0.7765 0.7275
25 0.1964 0.2744 0.8316 0.5399 0.7792 0.3020 0.5583 0.7684 0.9221 0.7135
26 0.1849 0.2614 0.8405 0.5072 0.7882 0.2486 0.5576 0.7858 0.7292 0.7398
27 0.1722 0.2473 0.8593 0.4603 0.8128 0.2723 0.5662 0.7717 0.7879 0.7227
28 0.1650 0.2387 0.8658 0.4360 0.8209 0.2414 0.5508 0.7986 0.7009 0.7537
29 0.1570 0.2305 0.8734 0.4123 0.8317 0.2433 0.5472 0.8052 0.7090 0.7592
30 0.1561 0.2311 0.8782 0.3984 0.8351 0.2451 0.5498 0.8007 0.7098 0.7558
31 0.1532 0.2267 0.8802 0.3971 0.8382 0.2554 0.5554 0.7887 0.7460 0.7415
32 0.1465 0.2164 0.8836 0.3812 0.8423 0.2363 0.5464 0.7989 0.7018 0.7536
33 0.1475 0.2179 0.8781 0.4006 0.8350 0.2420 0.5411 0.7993 0.7490 0.7510
34 0.1475 0.2163 0.8728 0.4117 0.8272 0.2608 0.5451 0.7953 0.7861 0.7438
35 0.1510 0.2227 0.8580 0.4436 0.8103 0.2425 0.5575 0.7813 0.7410 0.7276
36 0.1397 0.2070 0.8666 0.4161 0.8204 0.2343 0.5421 0.7912 0.7425 0.7500
37 0.1313 0.1973 0.8780 0.3847 0.8357 0.2416 0.5365 0.8047 0.7428 0.7640
38 0.1233 0.1878 0.8900 0.3472 0.8507 0.2440 0.5407 0.7961 0.7445 0.7527
39 0.1173 0.1816 0.8958 0.3299 0.8590 0.2476 0.5424 0.8004 0.7461 0.7599
40 0.1137 0.1759 0.9038 0.3102 0.8690 0.2449 0.5388 0.7986 0.7492 0.7577
41 0.1140 0.1771 0.9031 0.3133 0.8662 0.2373 0.5366 0.8010 0.7336 0.7565
42 0.1097 0.1706 0.9040 0.3092 0.8675 0.2448 0.5381 0.7974 0.7495 0.7559
43 0.1084 0.1681 0.9023 0.3093 0.8665 0.2429 0.5266 0.8068 0.7846 0.7647
44 0.1108 0.1702 0.8924 0.3342 0.8488 0.2201 0.5270 0.8064 0.7307 0.7623
45 0.1202 0.1788 0.8738 0.3855 0.8328 0.2368 0.5360 0.7773 0.7898 0.7355
46 0.1184 0.1774 0.8749 0.3779 0.8283 0.2228 0.5308 0.7963 0.7274 0.7496
47 0.1016 0.1575 0.8937 0.3219 0.8556 0.2088 0.5220 0.8188 0.6801 0.7827
48 0.0973 0.1530 0.8968 0.3107 0.8591 0.1979 0.5209 0.8195 0.6536 0.7729
49 0.0898 0.1434 0.9099 0.2761 0.8752 0.1920 0.5159 0.8231 0.6435 0.7825
50 0.0869 0.1395 0.9149 0.2657 0.8817 0.1947 0.5142 0.8223 0.6491 0.7825
51 0.0847 0.1361 0.9160 0.2571 0.8829 0.1937 0.5124 0.8256 0.6475 0.7862
52 0.0831 0.1337 0.9168 0.2569 0.8860 0.2361 0.5229 0.8029 0.7633 0.7595
53 0.0843 0.1353 0.9092 0.2711 0.8725 0.2093 0.5159 0.8127 0.7138 0.7753
54 0.0856 0.1339 0.9077 0.2826 0.8707 0.2328 0.5184 0.8031 0.7798 0.7674
55 0.0965 0.1446 0.8856 0.3424 0.8443 0.3138 0.5337 0.7439 1.0974 0.7087
56 0.1076 0.1562 0.8776 0.3695 0.8355 0.1827 0.5142 0.8189 0.6320 0.7780
57 0.0919 0.1400 0.8948 0.3140 0.8558 0.1972 0.5066 0.8218 0.6895 0.7835
58 0.0816 0.1268 0.9076 0.2752 0.8720 0.2020 0.5094 0.8253 0.6812 0.7924
59 0.0746 0.1208 0.9165 0.2488 0.8837 0.1958 0.5075 0.8211 0.6691 0.7833
60 0.0731 0.1186 0.9230 0.2381 0.8908 0.1803 0.5022 0.8280 0.6294 0.7915
61 0.0715 0.1153 0.9211 0.2342 0.8893 0.1835 0.5022 0.8275 0.6332 0.7917
62 0.0681 0.1117 0.9228 0.2287 0.8914 0.2127 0.5093 0.8098 0.7261 0.7702
63 0.0683 0.1108 0.9216 0.2337 0.8897 0.1994 0.4997 0.8264 0.6992 0.7936
64 0.0685 0.1094 0.9143 0.2461 0.8802 0.2084 0.5125 0.7954 0.7450 0.7568
65 0.0836 0.1237 0.8972 0.3045 0.8588 0.1936 0.5182 0.7865 0.7532 0.7328
66 0.0867 0.1275 0.8925 0.3223 0.8512 0.2952 0.5389 0.7685 0.9371 0.7256
67 0.0778 0.1172 0.9045 0.2823 0.8680 0.1822 0.4944 0.8283 0.6589 0.7883
68 0.0675 0.1070 0.9139 0.2487 0.8800 0.2059 0.5020 0.8220 0.6925 0.7838
69 0.0609 0.0976 0.9262 0.2147 0.8961 0.1976 0.4980 0.8214 0.6817 0.7848
70 0.0568 0.0929 0.9293 0.2035 0.9023 0.2017 0.4979 0.8247 0.6920 0.7868
71 0.0566 0.0919 0.9300 0.2015 0.9011 0.2005 0.4946 0.8245 0.7007 0.7886
72 0.0561 0.0902 0.9294 0.2035 0.9016 0.2001 0.4983 0.8206 0.7074 0.7847
73 0.0574 0.0917 0.9265 0.2141 0.8967 0.1933 0.4936 0.8251 0.6870 0.7844
74 0.0643 0.0981 0.9165 0.2424 0.8839 0.1931 0.4961 0.8301 0.7072 0.7955
75 0.0631 0.0970 0.9110 0.2513 0.8780 0.2764 0.5116 0.7832 0.9356 0.7432
76 0.0716 0.1070 0.9055 0.2760 0.8705 0.2449 0.5120 0.7915 0.8241 0.7430
77 0.0644 0.0974 0.9134 0.2476 0.8804 0.1852 0.4954 0.8279 0.6578 0.7971
78 0.0536 0.0847 0.9248 0.2090 0.8948 0.1780 0.4794 0.8394 0.6515 0.8087
79 0.0502 0.0797 0.9335 0.1910 0.9066 0.1893 0.4819 0.8345 0.6783 0.8023
80 0.0465 0.0761 0.9384 0.1756 0.9131 0.1968 0.4842 0.8281 0.7018 0.7956
81 0.0459 0.0745 0.9385 0.1731 0.9139 0.1889 0.4796 0.8345 0.6853 0.8017
82 0.0454 0.0735 0.9376 0.1742 0.9132 0.1907 0.4795 0.8349 0.6903 0.8000
83 0.0442 0.0709 0.9361 0.1752 0.9106 0.2094 0.4788 0.8277 0.7393 0.7925
84 0.0452 0.0715 0.9338 0.1836 0.9066 0.1968 0.4754 0.8359 0.7117 0.8025
85 0.0452 0.0709 0.9289 0.1939 0.9000 0.1896 0.4833 0.8368 0.7110 0.8064
86 0.0564 0.0842 0.9201 0.2321 0.8904 0.2054 0.4885 0.8069 0.7580 0.7713
87 0.0557 0.0846 0.9203 0.2203 0.8888 0.2059 0.4816 0.8264 0.7283 0.7946
88 0.0472 0.0722 0.9320 0.1895 0.9043 0.1836 0.4744 0.8396 0.6769 0.8105
89 0.0407 0.0646 0.9396 0.1670 0.9169 0.1759 0.4724 0.8464 0.6619 0.8163
90 0.0388 0.0621 0.9423 0.1578 0.9207 0.1767 0.4720 0.8462 0.6616 0.8162
91 0.0376 0.0600 0.9435 0.1539 0.9207 0.1785 0.4696 0.8453 0.6729 0.8151
92 0.0435 0.0660 0.9379 0.1793 0.9132 0.2052 0.4799 0.8327 0.7404 0.7969
93 0.0419 0.0653 0.9361 0.1751 0.9088 0.2048 0.4747 0.8358 0.7341 0.8015
94 0.0472 0.0670 0.9308 0.1970 0.9035 0.2861 0.4847 0.7983 0.9713 0.7680
95 0.0613 0.0884 0.9151 0.2509 0.8823 0.1953 0.4907 0.8212 0.7105 0.7877
96 0.0693 0.0932 0.9043 0.2900 0.8709 0.1794 0.4964 0.8188 0.6878 0.7780
97 0.0529 0.0796 0.9156 0.2309 0.8835 0.1695 0.4843 0.8311 0.6265 0.8003
98 0.0435 0.0681 0.9309 0.1866 0.9037 0.1647 0.4713 0.8432 0.6147 0.8141
99 0.0384 0.0603 0.9383 0.1649 0.9137 0.1786 0.4664 0.8475 0.6511 0.8154
