epoch train_BCELoss train_SoftDiceLoss train_iou train_loss train_mAP val_BCELoss val_SoftDiceLoss val_iou val_loss val_mAP
0 0.6891 0.6730 0.0547 1.3612 0.0541 0.7027 0.7186 0.3516 1.4211 0.3516
1 0.6414 0.6457 0.1620 1.2853 0.1380 0.5310 0.6850 0.4928 1.2125 0.3913
2 0.4298 0.4744 0.6258 0.8972 0.5512 0.3387 0.6115 0.6589 0.9449 0.5835
3 0.3257 0.3858 0.6906 0.7065 0.6248 0.2913 0.5834 0.7166 0.8719 0.6564
4 0.2790 0.3379 0.7216 0.6137 0.6598 0.2891 0.5842 0.7062 0.8718 0.6458
5 0.2330 0.2942 0.7423 0.5251 0.6879 0.2482 0.5531 0.7481 0.8003 0.6962
6 0.2079 0.2625 0.7670 0.4687 0.7177 0.2261 0.5397 0.7711 0.7651 0.7208
7 0.1790 0.2342 0.7920 0.4117 0.7450 0.2279 0.5403 0.7753 0.7677 0.7254
8 0.1662 0.2200 0.8077 0.3848 0.7638 0.2083 0.5275 0.7876 0.7352 0.7394
9 0.1480 0.2042 0.8275 0.3509 0.7891 0.2150 0.5299 0.7865 0.7443 0.7404
10 0.1406 0.1998 0.8342 0.3390 0.7969 0.2223 0.5358 0.7832 0.7576 0.7384
11 0.1389 0.1941 0.8300 0.3317 0.7908 0.2225 0.5268 0.7842 0.7489 0.7400
12 0.1333 0.1866 0.8355 0.3186 0.7960 0.2245 0.5272 0.7915 0.7513 0.7452
13 0.1376 0.1857 0.8262 0.3222 0.7859 0.2231 0.5229 0.7899 0.7457 0.7444
14 0.1404 0.1821 0.8162 0.3215 0.7764 0.2516 0.5314 0.7647 0.7829 0.7147
15 0.1415 0.1766 0.8095 0.3172 0.7660 0.2218 0.5162 0.7618 0.7380 0.7071
16 0.1298 0.1648 0.8168 0.2939 0.7757 0.2491 0.5139 0.7642 0.7629 0.7182
17 0.1171 0.1470 0.8302 0.2634 0.7931 0.1981 0.5039 0.7822 0.7021 0.7294
18 0.0992 0.1328 0.8518 0.2314 0.8149 0.1915 0.4975 0.8104 0.6891 0.7688
19 0.0885 0.1226 0.8644 0.2105 0.8312 0.1974 0.4980 0.8079 0.6955 0.7665
20 0.0840 0.1186 0.8672 0.2019 0.8358 0.1990 0.4965 0.8091 0.6956 0.7675
21 0.0837 0.1174 0.8673 0.2005 0.8358 0.1995 0.4974 0.8127 0.6971 0.7744
22 0.0824 0.1135 0.8727 0.1953 0.8400 0.1944 0.4956 0.8071 0.6902 0.7680
23 0.0783 0.1077 0.8701 0.1855 0.8400 0.2004 0.4898 0.8029 0.6904 0.7590
24 0.0902 0.1135 0.8532 0.2032 0.8190 0.2075 0.4904 0.7882 0.6983 0.7404
25 0.0941 0.1136 0.8475 0.2073 0.8104 0.2301 0.4965 0.7678 0.7270 0.7195
26 0.0962 0.1111 0.8424 0.2071 0.8063 0.3330 0.5273 0.7588 0.8613 0.7174
27 0.0867 0.1046 0.8559 0.1911 0.8193 0.2034 0.4842 0.8042 0.6881 0.7596
28 0.0770 0.0930 0.8657 0.1698 0.8343 0.2102 0.4825 0.8102 0.6933 0.7703
29 0.0641 0.0831 0.8778 0.1470 0.8498 0.2139 0.4786 0.8188 0.6931 0.7796
30 0.0612 0.0807 0.8822 0.1417 0.8548 0.2158 0.4798 0.8141 0.6962 0.7765
31 0.0593 0.0794 0.8822 0.1384 0.8537 0.2149 0.4800 0.8185 0.6956 0.7785
32 0.0591 0.0777 0.8853 0.1367 0.8575 0.2108 0.4697 0.8090 0.6810 0.7665
33 0.0654 0.0805 0.8723 0.1456 0.8412 0.2012 0.4763 0.8116 0.6781 0.7768
34 0.0855 0.0940 0.8477 0.1795 0.8113 0.2589 0.4892 0.7897 0.7490 0.7453
35 0.0796 0.0864 0.8566 0.1659 0.8216 0.2309 0.4928 0.7626 0.7242 0.7181
36 0.0820 0.0874 0.8578 0.1694 0.8242 0.2484 0.4871 0.7994 0.7366 0.7576
37 0.0721 0.0797 0.8660 0.1519 0.8345 0.2045 0.4698 0.8130 0.6752 0.7791
38 0.0597 0.0711 0.8762 0.1309 0.8460 0.2135 0.4660 0.8169 0.6805 0.7798
39 0.0536 0.0652 0.8860 0.1190 0.8595 0.2139 0.4687 0.8201 0.6835 0.7827
40 0.0490 0.0612 0.8914 0.1104 0.8657 0.2133 0.4672 0.8193 0.6815 0.7826
41 0.0486 0.0606 0.8905 0.1094 0.8663 0.2150 0.4651 0.8171 0.6809 0.7806
42 0.0465 0.0572 0.8947 0.1038 0.8687 0.2215 0.4629 0.8168 0.6853 0.7810
43 0.0459 0.0560 0.8955 0.1022 0.8714 0.2110 0.4619 0.8127 0.6739 0.7767
44 0.0436 0.0529 0.8986 0.0968 0.8743 0.2252 0.4616 0.8174 0.6879 0.7783
45 0.0555 0.0616 0.8798 0.1174 0.8509 0.4101 0.4953 0.7403 0.9073 0.6840
46 0.0569 0.0626 0.8748 0.1199 0.8463 0.2387 0.4720 0.8195 0.7118 0.7757
47 0.0441 0.0514 0.8950 0.0960 0.8690 0.2300 0.4611 0.8214 0.6924 0.7825
48 0.0397 0.0477 0.8994 0.0879 0.8749 0.2390 0.4605 0.8173 0.7010 0.7783
49 0.0376 0.0448 0.9022 0.0829 0.8791 0.2158 0.4559 0.8300 0.6730 0.7908
50 0.0364 0.0438 0.9084 0.0808 0.8873 0.2200 0.4520 0.8302 0.6733 0.7912
51 0.0355 0.0424 0.9078 0.0785 0.8864 0.2234 0.4508 0.8273 0.6755 0.7876
52 0.0344 0.0417 0.9093 0.0767 0.8879 0.2339 0.4518 0.8279 0.6872 0.7892
53 0.0389 0.0459 0.9007 0.0854 0.8760 0.2205 0.4576 0.8217 0.6795 0.7788
54 0.0499 0.0527 0.8842 0.1031 0.8550 0.2440 0.4613 0.8125 0.7066 0.7738
55 0.0696 0.0649 0.8628 0.1350 0.8295 0.3546 0.4837 0.7779 0.8401 0.7325
56 0.0735 0.0708 0.8572 0.1449 0.8248 0.2553 0.4657 0.7936 0.7224 0.7554
57 0.0669 0.0661 0.8676 0.1338 0.8357 0.2569 0.4457 0.8172 0.7041 0.7828
58 0.0432 0.0454 0.8927 0.0894 0.8688 0.1964 0.4545 0.8297 0.6522 0.7908
59 0.0363 0.0402 0.9017 0.0774 0.8789 0.2108 0.4457 0.8299 0.6579 0.7917
60 0.0342 0.0391 0.9021 0.0741 0.8807 0.2126 0.4449 0.8324 0.6590 0.7938
61 0.0344 0.0387 0.9055 0.0740 0.8837 0.2141 0.4463 0.8325 0.6619 0.7943
62 0.0350 0.0382 0.9053 0.0741 0.8824 0.2331 0.4427 0.8302 0.6774 0.7923
63 0.0347 0.0374 0.9047 0.0730 0.8827 0.2376 0.4338 0.8307 0.6729 0.7944
64 0.0315 0.0350 0.9113 0.0674 0.8892 0.2250 0.4396 0.8334 0.6663 0.7961
65 0.0369 0.0393 0.8995 0.0771 0.8750 0.2340 0.4381 0.8295 0.6738 0.7922
66 0.0409 0.0417 0.8954 0.0836 0.8703 0.2340 0.4442 0.8277 0.6799 0.7932
67 0.0323 0.0345 0.9075 0.0678 0.8852 0.2360 0.4326 0.8295 0.6704 0.7949
68 0.0282 0.0312 0.9167 0.0605 0.8953 0.2315 0.4352 0.8346 0.6684 0.7975
69 0.0276 0.0302 0.9180 0.0591 0.8989 0.2337 0.4313 0.8334 0.6669 0.7970
70 0.0265 0.0297 0.9172 0.0573 0.8984 0.2318 0.4316 0.8343 0.6652 0.7969
71 0.0499 0.0470 0.8931 0.0983 0.8717 0.2095 0.4474 0.8301 0.6587 0.7920
72 0.0478 0.0446 0.8976 0.0938 0.8741 0.1929 0.4547 0.8213 0.6492 0.7866
73 0.0614 0.0538 0.8875 0.1166 0.8643 0.2002 0.4556 0.8221 0.6573 0.7864
74 0.0784 0.0656 0.8751 0.1453 0.8495 0.2048 0.4702 0.8174 0.6764 0.7782
75 0.0888 0.0754 0.8649 0.1654 0.8375 0.2517 0.4884 0.7936 0.7415 0.7560
76 0.0748 0.0657 0.8746 0.1417 0.8486 0.2036 0.4469 0.8252 0.6521 0.7915
77 0.0529 0.0480 0.8998 0.1024 0.8788 0.2411 0.4429 0.8260 0.6858 0.7933
78 0.0407 0.0382 0.9118 0.0804 0.8940 0.2511 0.4412 0.8221 0.6941 0.7876
79 0.0330 0.0333 0.9187 0.0679 0.9030 0.2559 0.4475 0.8300 0.7053 0.7975
80 0.0319 0.0315 0.9258 0.0650 0.9108 0.2510 0.4456 0.8258 0.6986 0.7941
81 0.0296 0.0295 0.9248 0.0607 0.9095 0.2602 0.4356 0.8285 0.6978 0.7969
82 0.0317 0.0297 0.9223 0.0632 0.9071 0.2636 0.4237 0.8326 0.6893 0.7983
83 0.0355 0.0340 0.9175 0.0710 0.9002 0.2632 0.4458 0.8245 0.7111 0.7919
84 0.0628 0.0543 0.8892 0.1185 0.8665 0.3057 0.4555 0.8084 0.7635 0.7771
85 0.0798 0.0689 0.8745 0.1502 0.8487 0.2699 0.4606 0.8101 0.7326 0.7727
86 0.0535 0.0476 0.8948 0.1027 0.8739 0.2538 0.4468 0.8250 0.7026 0.7911
87 0.0406 0.0372 0.9099 0.0794 0.8925 0.2339 0.4435 0.8330 0.6791 0.7981
88 0.0348 0.0306 0.9226 0.0670 0.9063 0.2656 0.4362 0.8299 0.7038 0.7963
89 0.0320 0.0294 0.9249 0.0632 0.9103 0.2565 0.4391 0.8337 0.6978 0.8021
90 0.0271 0.0265 0.9285 0.0554 0.9147 0.2521 0.4399 0.8350 0.6941 0.8037
91 0.0267 0.0258 0.9274 0.0544 0.9141 0.2643 0.4421 0.8363 0.7085 0.8056
92 0.0252 0.0243 0.9290 0.0514 0.9161 0.2640 0.4371 0.8301 0.7031 0.7949
93 0.0248 0.0232 0.9272 0.0499 0.9145 0.2719 0.4357 0.8383 0.7097 0.8060
94 0.0320 0.0292 0.9253 0.0629 0.9107 0.2692 0.4457 0.8202 0.7171 0.7891
95 0.0373 0.0314 0.9169 0.0705 0.9012 0.2622 0.4463 0.8230 0.7108 0.7896
96 0.0446 0.0365 0.9093 0.0828 0.8922 0.3495 0.4465 0.7780 0.7982 0.7396
97 0.0560 0.0484 0.8839 0.1062 0.8608 0.3112 0.4449 0.7944 0.7584 0.7622
98 0.0354 0.0317 0.9097 0.0690 0.8926 0.2954 0.4303 0.8231 0.7280 0.7915
99 0.0311 0.0280 0.9292 0.0611 0.9149 0.2667 0.4375 0.8259 0.7066 0.7944
100 0.0261 0.0244 0.9340 0.0526 0.9221 0.2713 0.4383 0.8267 0.7121 0.7952
101 0.0263 0.0241 0.9315 0.0525 0.9187 0.2897 0.4382 0.8253 0.7304 0.7903
102 0.0236 0.0217 0.9347 0.0473 0.9225 0.3090 0.4354 0.8314 0.7470 0.8027
103 0.0360 0.0313 0.9185 0.0691 0.9024 0.3307 0.4332 0.8197 0.7663 0.7883
104 0.0364 0.0312 0.9167 0.0693 0.8997 0.2918 0.4396 0.8215 0.7336 0.7908
105 0.0463 0.0373 0.9011 0.0853 0.8811 0.3092 0.4319 0.8195 0.7434 0.7895
106 0.0636 0.0509 0.8942 0.1162 0.8730 1.0385 0.5664 0.6049 1.6084 0.5402
107 0.1767 0.1840 0.7717 0.3616 0.7143 0.3241 0.4520 0.8029 0.7781 0.7638
108 0.0472 0.0430 0.9109 0.0919 0.8940 0.2642 0.4334 0.8356 0.6997 0.8015
109 0.0354 0.0311 0.9227 0.0684 0.9060 0.2854 0.4087 0.8341 0.6962 0.8010
110 0.0298 0.0272 0.9278 0.0590 0.9138 0.2675 0.4130 0.8357 0.6826 0.8020
111 0.0293 0.0277 0.9283 0.0591 0.9146 0.2685 0.4117 0.8323 0.6823 0.8010
112 0.0262 0.0239 0.9301 0.0521 0.9164 0.2874 0.4079 0.8343 0.6976 0.8026
113 0.0257 0.0232 0.9323 0.0509 0.9196 0.2860 0.4114 0.8380 0.6997 0.8081
114 0.0355 0.0293 0.9205 0.0667 0.9037 0.2860 0.4288 0.8270 0.7169 0.7926
115 0.0527 0.0450 0.8939 0.0996 0.8727 0.2476 0.4252 0.8268 0.6748 0.7917
116 0.0394 0.0329 0.9146 0.0742 0.8967 0.2938 0.4484 0.8207 0.7443 0.7853
117 0.0321 0.0276 0.9207 0.0617 0.9050 0.2767 0.4404 0.8332 0.7191 0.7998
118 0.0333 0.0274 0.9210 0.0628 0.9061 0.2576 0.4518 0.8250 0.7114 0.7946
119 0.0269 0.0235 0.9322 0.0525 0.9187 0.2642 0.4371 0.8306 0.7034 0.7992
120 0.0258 0.0222 0.9343 0.0502 0.9233 0.2739 0.4393 0.8300 0.7153 0.7980
121 0.0240 0.0210 0.9371 0.0472 0.9259 0.2802 0.4397 0.8330 0.7221 0.8004
122 0.0248 0.0217 0.9329 0.0487 0.9209 0.2815 0.4422 0.8361 0.7259 0.8052
123 0.0291 0.0230 0.9313 0.0542 0.9187 0.2914 0.4384 0.8353 0.7320 0.8056
124 0.0271 0.0229 0.9310 0.0520 0.9178 0.2865 0.4404 0.8255 0.7289 0.7931
125 0.0437 0.0346 0.9116 0.0801 0.8934 0.3178 0.4549 0.8167 0.7747 0.7804
126 0.0483 0.0396 0.9040 0.0897 0.8829 0.2499 0.4504 0.8170 0.7022 0.7820
127 0.0406 0.0346 0.9050 0.0772 0.8879 0.2472 0.4353 0.8326 0.6844 0.8003
128 0.0286 0.0249 0.9266 0.0555 0.9119 0.2583 0.4391 0.8346 0.6994 0.8025
129 0.0234 0.0206 0.9382 0.0462 0.9260 0.2677 0.4370 0.8336 0.7068 0.8035
130 0.0230 0.0197 0.9366 0.0449 0.9250 0.2655 0.4437 0.8338 0.7112 0.8030
131 0.0212 0.0193 0.9393 0.0427 0.9284 0.2723 0.4448 0.8345 0.7192 0.8035
132 0.0237 0.0197 0.9371 0.0456 0.9256 0.2602 0.4420 0.8339 0.7042 0.8057
133 0.0235 0.0204 0.9378 0.0462 0.9266 0.2845 0.4346 0.8314 0.7212 0.8004
134 0.0312 0.0266 0.9258 0.0598 0.9102 0.3807 0.4157 0.8169 0.7987 0.7859
135 0.0694 0.0531 0.8830 0.1243 0.8608 0.2390 0.4459 0.8000 0.6866 0.7629
136 0.0492 0.0407 0.8977 0.0918 0.8795 0.2778 0.4484 0.8144 0.7281 0.7824
137 0.0388 0.0320 0.9169 0.0727 0.9018 0.2648 0.4419 0.8220 0.7088 0.7911
138 0.0304 0.0261 0.9255 0.0586 0.9118 0.2620 0.4323 0.8349 0.6964 0.8035
139 0.0269 0.0226 0.9317 0.0517 0.9197 0.2832 0.4244 0.8351 0.7098 0.8031
140 0.0224 0.0199 0.9380 0.0445 0.9270 0.2860 0.4247 0.8333 0.7130 0.8023
141 0.0216 0.0193 0.9378 0.0431 0.9268 0.2770 0.4211 0.8373 0.7003 0.8066
142 0.0250 0.0207 0.9343 0.0479 0.9231 0.2575 0.4379 0.8327 0.6975 0.8036
143 0.0251 0.0211 0.9328 0.0484 0.9203 0.2552 0.4496 0.8293 0.7068 0.8008
144 0.0288 0.0237 0.9294 0.0546 0.9155 0.2897 0.4561 0.8123 0.7478 0.7773
145 0.0500 0.0405 0.9016 0.0922 0.8818 0.2820 0.4382 0.8061 0.7221 0.7703
146 0.0497 0.0399 0.8999 0.0916 0.8801 0.2975 0.4352 0.8243 0.7348 0.7906
147 0.0306 0.0259 0.9275 0.0585 0.9131 0.3187 0.4312 0.8253 0.7520 0.7942
148 0.0299 0.0257 0.9274 0.0576 0.9132 0.2720 0.4171 0.8425 0.6912 0.8116
149 0.0246 0.0219 0.9360 0.0487 0.9240 0.2841 0.4107 0.8377 0.6970 0.8038
150 0.0221 0.0200 0.9346 0.0444 0.9231 0.2803 0.4170 0.8358 0.6995 0.8026
151 0.0212 0.0187 0.9412 0.0422 0.9315 0.2838 0.4114 0.8387 0.6974 0.8070
152 0.0230 0.0192 0.9388 0.0444 0.9288 0.3326 0.4118 0.8367 0.7467 0.8060
153 0.0204 0.0182 0.9423 0.0409 0.9318 0.3411 0.4052 0.8342 0.7486 0.8048
154 0.0286 0.0243 0.9280 0.0550 0.9151 0.3412 0.4366 0.8155 0.7799 0.7860
155 0.0540 0.0431 0.9029 0.0989 0.8823 0.2455 0.4554 0.8048 0.7028 0.7704
156 0.0549 0.0405 0.9015 0.0974 0.8846 0.2062 0.4398 0.8138 0.6477 0.7765
157 0.0397 0.0309 0.9108 0.0726 0.8946 0.3450 0.4088 0.8215 0.7558 0.7895
158 0.0360 0.0293 0.9188 0.0675 0.9035 0.2636 0.4344 0.8227 0.7000 0.7885
159 0.0231 0.0215 0.9327 0.0468 0.9207 0.3198 0.4014 0.8321 0.7235 0.8013
160 0.0249 0.0203 0.9358 0.0475 0.9238 0.2961 0.4021 0.8289 0.7004 0.7977
161 0.0252 0.0208 0.9351 0.0483 0.9233 0.2336 0.4011 0.8425 0.6367 0.8116
162 0.0221 0.0196 0.9387 0.0440 0.9277 0.2545 0.4015 0.8379 0.6581 0.8052
163 0.0204 0.0181 0.9397 0.0408 0.9287 0.2511 0.4042 0.8447 0.6575 0.8137
164 0.0187 0.0171 0.9397 0.0380 0.9288 0.2916 0.4111 0.8401 0.7049 0.8084
165 0.0346 0.0279 0.9223 0.0646 0.9081 0.2555 0.4783 0.7898 0.7354 0.7508
166 0.0877 0.0668 0.8620 0.1563 0.8358 0.2124 0.4487 0.8253 0.6627 0.7953
167 0.0413 0.0347 0.9146 0.0780 0.8979 0.1961 0.4262 0.8360 0.6242 0.8010
168 0.0323 0.0265 0.9261 0.0610 0.9128 0.2230 0.4341 0.8374 0.6590 0.8061
169 0.0262 0.0215 0.9331 0.0499 0.9209 0.2213 0.4254 0.8391 0.6487 0.8076
170 0.0223 0.0204 0.9372 0.0449 0.9260 0.2196 0.4251 0.8396 0.6467 0.8104
171 0.0205 0.0188 0.9397 0.0416 0.9289 0.2314 0.4226 0.8448 0.6561 0.8161
172 0.0217 0.0191 0.9396 0.0431 0.9282 0.2523 0.4230 0.8438 0.6774 0.8158
173 0.0257 0.0218 0.9333 0.0497 0.9211 0.2296 0.4353 0.8393 0.6669 0.8068
174 0.0321 0.0269 0.9172 0.0612 0.9016 0.2473 0.4171 0.8230 0.6664 0.7912
175 0.0390 0.0313 0.9078 0.0723 0.8895 0.2995 0.4581 0.7946 0.7595 0.7515
176 0.0473 0.0371 0.8972 0.0864 0.8772 0.2568 0.4514 0.8242 0.7102 0.7946
177 0.0318 0.0278 0.9213 0.0617 0.9047 0.2721 0.4458 0.8340 0.7200 0.8017
178 0.0275 0.0234 0.9298 0.0532 0.9164 0.2753 0.4372 0.8336 0.7146 0.8074
179 0.0278 0.0217 0.9370 0.0518 0.9252 0.2728 0.4385 0.8324 0.7134 0.8049
180 0.0227 0.0194 0.9415 0.0445 0.9315 0.2752 0.4378 0.8347 0.7152 0.8085
181 0.0213 0.0189 0.9397 0.0425 0.9288 0.2706 0.4322 0.8347 0.7049 0.8079
182 0.0228 0.0189 0.9405 0.0441 0.9288 0.2843 0.4393 0.8333 0.7257 0.8029
183 0.0220 0.0192 0.9386 0.0436 0.9270 0.3427 0.4276 0.8314 0.7726 0.8033
184 0.0244 0.0206 0.9365 0.0473 0.9246 0.3325 0.4218 0.8324 0.7564 0.8010
185 0.0461 0.0380 0.9061 0.0862 0.8881 0.2503 0.4630 0.8113 0.7150 0.7775
186 0.0520 0.0403 0.9059 0.0943 0.8861 0.2576 0.4456 0.8254 0.7052 0.7964
187 0.0334 0.0278 0.9229 0.0633 0.9073 0.2813 0.4256 0.8320 0.7091 0.8032
188 0.0276 0.0241 0.9307 0.0540 0.9184 0.2679 0.4263 0.8379 0.6964 0.8095
189 0.0241 0.0215 0.9359 0.0480 0.9247 0.2807 0.4249 0.8381 0.7078 0.8067
190 0.0216 0.0192 0.9402 0.0433 0.9302 0.2872 0.4235 0.8371 0.7128 0.8039
191 0.0217 0.0189 0.9397 0.0430 0.9294 0.2888 0.4302 0.8370 0.7212 0.8080
192 0.0221 0.0198 0.9363 0.0443 0.9252 0.2954 0.4138 0.8378 0.7113 0.8076
193 0.0226 0.0203 0.9371 0.0452 0.9254 0.3325 0.4276 0.8275 0.7623 0.7978
194 0.0233 0.0195 0.9373 0.0451 0.9257 0.4637 0.4342 0.7968 0.9003 0.7596
195 0.0617 0.0490 0.8954 0.1127 0.8739 0.3725 0.4420 0.8029 0.8164 0.7618
196 0.0529 0.0440 0.9057 0.0990 0.8866 0.3053 0.4355 0.8164 0.7427 0.7826
197 0.0352 0.0309 0.9238 0.0683 0.9091 0.3607 0.4386 0.8160 0.8014 0.7825
198 0.0334 0.0282 0.9326 0.0639 0.9204 0.2829 0.4290 0.8303 0.7140 0.7950
199 0.0214 0.0204 0.9394 0.0441 0.9290 0.3128 0.4255 0.8274 0.7405 0.7945
