epoch train_BCELoss train_SoftDiceLoss train_iou train_loss train_mAP val_BCELoss val_SoftDiceLoss val_iou val_loss val_mAP
0 0.4697 0.5427 0.4414 1.0111 0.3554 0.4350 0.4724 0.5089 0.9063 0.4087
1 0.3027 0.3799 0.6946 0.6818 0.6248 0.2976 0.3611 0.6924 0.6580 0.6163
2 0.2428 0.3134 0.7457 0.5557 0.6863 0.2293 0.3019 0.7592 0.5309 0.6977
3 0.2127 0.2762 0.7605 0.4886 0.7044 0.2225 0.2729 0.7470 0.4953 0.6929
4 0.1829 0.2406 0.7843 0.4232 0.7343 0.2080 0.2639 0.7385 0.4717 0.6818
5 0.1710 0.2237 0.7892 0.3946 0.7399 0.1957 0.2358 0.7712 0.4316 0.7239
6 0.1499 0.1968 0.8069 0.3467 0.7597 0.1805 0.2266 0.7785 0.4073 0.7316
7 0.1320 0.1743 0.8189 0.3065 0.7758 0.1904 0.2258 0.7768 0.4164 0.7323
8 0.1181 0.1558 0.8276 0.2741 0.7833 0.1873 0.2032 0.7639 0.3908 0.7132
9 0.1196 0.1490 0.8335 0.2688 0.7922 0.1849 0.1939 0.7790 0.3793 0.7331
10 0.1005 0.1301 0.8363 0.2310 0.7962 0.1724 0.1834 0.7959 0.3564 0.7511
11 0.1081 0.1327 0.8309 0.2412 0.7904 0.2075 0.1965 0.7662 0.4047 0.7260
12 0.0985 0.1193 0.8391 0.2184 0.7981 0.1888 0.1821 0.7761 0.3713 0.7269
13 0.0911 0.1104 0.8414 0.2020 0.8016 0.1722 0.1628 0.7987 0.3358 0.7568
14 0.0894 0.1073 0.8501 0.1973 0.8125 0.1946 0.1775 0.7864 0.3728 0.7459
15 0.0751 0.0958 0.8630 0.1715 0.8293 0.1566 0.1527 0.8058 0.3101 0.7656
16 0.0677 0.0889 0.8706 0.1573 0.8358 0.1540 0.1486 0.8054 0.3034 0.7656
17 0.0672 0.0875 0.8718 0.1554 0.8383 0.1555 0.1481 0.8062 0.3044 0.7657
18 0.0617 0.0826 0.8761 0.1451 0.8444 0.1546 0.1468 0.8058 0.3023 0.7657
19 0.0625 0.0825 0.8759 0.1458 0.8435 0.1533 0.1462 0.8065 0.3003 0.7681
20 0.0588 0.0793 0.8847 0.1389 0.8520 0.1556 0.1462 0.8056 0.3026 0.7638
21 0.0604 0.0786 0.8813 0.1398 0.8508 0.1577 0.1458 0.8063 0.3043 0.7625
22 0.0598 0.0783 0.8805 0.1389 0.8484 0.1558 0.1451 0.8063 0.3017 0.7636
23 0.0565 0.0764 0.8844 0.1337 0.8544 0.1567 0.1434 0.8088 0.3011 0.7688
24 0.0543 0.0737 0.8851 0.1287 0.8552 0.1556 0.1426 0.8075 0.2991 0.7677
25 0.0558 0.0751 0.8817 0.1318 0.8516 0.1564 0.1420 0.8092 0.2993 0.7679
26 0.0550 0.0741 0.8860 0.1300 0.8578 0.1549 0.1411 0.8087 0.2969 0.7674
27 0.0546 0.0734 0.8863 0.1289 0.8568 0.1535 0.1404 0.8063 0.2948 0.7653
28 0.0545 0.0741 0.8873 0.1294 0.8577 0.1549 0.1415 0.8080 0.2973 0.7692
29 0.0579 0.0766 0.8792 0.1354 0.8476 0.1544 0.1405 0.8059 0.2957 0.7635
30 0.0792 0.0921 0.8509 0.1720 0.8158 0.1795 0.1504 0.7900 0.3307 0.7475
31 0.0806 0.0881 0.8563 0.1695 0.8176 0.1971 0.1685 0.7838 0.3664 0.7360
32 0.0858 0.0911 0.8471 0.1776 0.8054 0.1833 0.1580 0.7584 0.3420 0.7076
33 0.0662 0.0739 0.8621 0.1410 0.8248 0.1877 0.1484 0.7748 0.3370 0.7353
34 0.0717 0.0757 0.8641 0.1483 0.8290 0.1720 0.1417 0.7939 0.3147 0.7497
35 0.0807 0.0823 0.8498 0.1639 0.8129 0.2027 0.1474 0.7893 0.3510 0.7494
36 0.0858 0.0810 0.7852 0.1676 0.7557 0.1856 0.1404 0.7884 0.3271 0.7488
37 0.0680 0.0669 0.7993 0.1358 0.7721 0.1839 0.1401 0.7933 0.3250 0.7550
38 0.0642 0.0661 0.8027 0.1313 0.7781 0.1723 0.1313 0.8119 0.3049 0.7757
39 0.0572 0.0598 0.8082 0.1181 0.7840 0.1672 0.1281 0.8125 0.2965 0.7740
40 0.0534 0.0576 0.8117 0.1121 0.7881 0.1687 0.1258 0.8154 0.2957 0.7794
41 0.0500 0.0539 0.8162 0.1049 0.7932 0.1667 0.1250 0.8142 0.2929 0.7766
42 0.0489 0.0525 0.8161 0.1025 0.7942 0.1722 0.1252 0.8122 0.2987 0.7758
43 0.0492 0.0513 0.8150 0.1017 0.7935 0.1713 0.1242 0.8117 0.2968 0.7767
44 0.0483 0.0513 0.8135 0.1008 0.7914 0.1731 0.1243 0.8046 0.2985 0.7632
45 0.0474 0.0507 0.8203 0.0993 0.7985 0.1793 0.1243 0.8142 0.3049 0.7810
46 0.0453 0.0485 0.8191 0.0950 0.7968 0.1748 0.1234 0.8134 0.2994 0.7778
47 0.0448 0.0486 0.8200 0.0946 0.7980 0.1760 0.1232 0.8123 0.3004 0.7752
48 0.0454 0.0492 0.8198 0.0958 0.7989 0.1770 0.1232 0.8138 0.3015 0.7780
49 0.0456 0.0484 0.8227 0.0952 0.8018 0.1751 0.1235 0.8125 0.2999 0.7762
50 0.0455 0.0498 0.8191 0.0965 0.7976 0.1762 0.1235 0.8064 0.3009 0.7714
51 0.0445 0.0486 0.8189 0.0943 0.7983 0.1776 0.1240 0.8065 0.3028 0.7708
52 0.0442 0.0479 0.8189 0.0932 0.7976 0.1779 0.1239 0.8139 0.3031 0.7794
53 0.0441 0.0479 0.8196 0.0932 0.7998 0.1776 0.1242 0.8118 0.3031 0.7752
54 0.0487 0.0501 0.8145 0.0999 0.7903 0.2862 0.1756 0.7715 0.4631 0.7350
55 0.0975 0.0810 0.7839 0.1794 0.7569 0.2396 0.1602 0.7793 0.4006 0.7329
56 0.0910 0.0793 0.7860 0.1712 0.7574 0.1903 0.1276 0.7952 0.3191 0.7544
57 0.0704 0.0658 0.7869 0.1373 0.7598 0.1993 0.1372 0.7880 0.3378 0.7481
58 0.0648 0.0595 0.8005 0.1255 0.7727 0.1881 0.1220 0.8038 0.3113 0.7682
59 0.0570 0.0550 0.8037 0.1131 0.7799 0.1938 0.1231 0.8083 0.3182 0.7763
60 0.0533 0.0509 0.8056 0.1054 0.7810 0.2030 0.1330 0.8062 0.3374 0.7705
61 0.0540 0.0479 0.8122 0.1031 0.7882 0.1838 0.1132 0.8217 0.2983 0.7843
62 0.0403 0.0407 0.8250 0.0824 0.8037 0.1745 0.1100 0.8231 0.2858 0.7863
63 0.0394 0.0387 0.8248 0.0795 0.8038 0.1742 0.1099 0.8228 0.2855 0.7844
64 0.0365 0.0370 0.8266 0.0750 0.8064 0.1731 0.1087 0.8243 0.2830 0.7878
65 0.0383 0.0372 0.8263 0.0769 0.8060 0.1737 0.1065 0.8265 0.2815 0.7906
66 0.0350 0.0350 0.8313 0.0715 0.8118 0.1738 0.1071 0.8119 0.2822 0.7740
67 0.0343 0.0341 0.8299 0.0699 0.8115 0.1760 0.1074 0.8224 0.2847 0.7866
68 0.0346 0.0343 0.8316 0.0704 0.8123 0.1761 0.1067 0.8233 0.2840 0.7868
69 0.0347 0.0340 0.8331 0.0701 0.8147 0.1819 0.1078 0.8242 0.2910 0.7890
70 0.0364 0.0354 0.8331 0.0733 0.8151 0.1782 0.1068 0.8249 0.2863 0.7887
71 0.0326 0.0329 0.8311 0.0671 0.8133 0.1780 0.1071 0.8236 0.2864 0.7875
72 0.0333 0.0328 0.8352 0.0676 0.8168 0.1777 0.1069 0.8216 0.2858 0.7857
73 0.0334 0.0334 0.8325 0.0683 0.8145 0.1807 0.1072 0.8239 0.2891 0.7879
74 0.0329 0.0330 0.8350 0.0674 0.8165 0.1789 0.1068 0.8265 0.2869 0.7907
