epoch train_BCELoss train_SoftDiceLoss train_iou train_loss train_mAP val_BCELoss val_SoftDiceLoss val_iou val_loss val_mAP
0 0.4325 0.4894 0.5800 0.9197 0.5197 0.3109 0.5893 0.7206 0.8990 0.6599
1 0.2801 0.3388 0.7243 0.6173 0.6663 0.3105 0.5583 0.7397 0.8682 0.6722
2 0.2444 0.2996 0.7514 0.5429 0.6971 0.2521 0.5505 0.7734 0.8022 0.7128
3 0.2126 0.2675 0.7767 0.4790 0.7276 0.2160 0.5435 0.7815 0.7590 0.7338
4 0.2024 0.2565 0.7849 0.4579 0.7378 0.2160 0.5349 0.7977 0.7506 0.7554
5 0.1915 0.2474 0.7949 0.4379 0.7486 0.2139 0.5342 0.7968 0.7478 0.7541
6 0.1848 0.2401 0.7999 0.4239 0.7556 0.2080 0.5321 0.8035 0.7398 0.7622
7 0.1845 0.2327 0.7970 0.4163 0.7530 0.2272 0.5322 0.8020 0.7592 0.7590
8 0.1780 0.2232 0.7936 0.4004 0.7478 0.2027 0.5252 0.7913 0.7277 0.7485
9 0.1853 0.2228 0.7830 0.4074 0.7373 0.2172 0.5219 0.7765 0.7391 0.7297
10 0.1822 0.2090 0.7925 0.3907 0.7474 0.1874 0.4958 0.8074 0.6833 0.7590
11 0.1541 0.1798 0.8079 0.3335 0.7683 0.2154 0.5152 0.7943 0.7310 0.7616
12 0.1439 0.1689 0.8149 0.3125 0.7745 0.1885 0.4941 0.8173 0.6829 0.7802
13 0.1344 0.1615 0.8195 0.2956 0.7805 0.2022 0.4980 0.8132 0.7006 0.7807
14 0.1201 0.1438 0.8372 0.2636 0.8011 0.1736 0.4872 0.8255 0.6610 0.7911
15 0.1154 0.1402 0.8400 0.2554 0.8031 0.1705 0.4859 0.8277 0.6566 0.7913
16 0.1158 0.1395 0.8403 0.2551 0.8026 0.1914 0.4893 0.8204 0.6810 0.7850
17 0.1146 0.1375 0.8403 0.2519 0.8044 0.1652 0.4835 0.8311 0.6490 0.7981
18 0.1254 0.1442 0.8336 0.2695 0.7954 0.1874 0.4873 0.8195 0.6751 0.7799
19 0.1262 0.1406 0.8258 0.2667 0.7901 0.1892 0.4919 0.8094 0.6817 0.7771
20 0.1364 0.1426 0.8139 0.2791 0.7750 0.1796 0.4755 0.8245 0.6557 0.7927
21 0.1264 0.1330 0.8219 0.2596 0.7861 0.1621 0.4779 0.8273 0.6405 0.7955
22 0.1123 0.1179 0.8359 0.2304 0.8008 0.1701 0.4599 0.8340 0.6308 0.8019
23 0.1036 0.1121 0.8472 0.2159 0.8110 0.1468 0.4674 0.8393 0.6148 0.8077
24 0.0980 0.1056 0.8544 0.2039 0.8213 0.1714 0.4627 0.8422 0.6349 0.8127
25 0.0892 0.1011 0.8625 0.1906 0.8295 0.1703 0.4631 0.8424 0.6342 0.8131
26 0.0836 0.0924 0.8598 0.1762 0.8272 0.1855 0.4605 0.8422 0.6468 0.8119
27 0.0881 0.0923 0.8602 0.1807 0.8271 0.1855 0.4634 0.8396 0.6497 0.8095
28 0.0992 0.1026 0.8505 0.2022 0.8160 0.2950 0.5205 0.6886 0.8161 0.6177
29 0.1029 0.1020 0.8504 0.2053 0.8158 0.2156 0.4772 0.8108 0.6937 0.7761
30 0.1158 0.1109 0.8351 0.2272 0.7978 0.1542 0.4711 0.8311 0.6262 0.8002
31 0.1131 0.1075 0.8366 0.2212 0.8014 0.1940 0.4608 0.8309 0.6559 0.7963
32 0.1133 0.1123 0.8359 0.2262 0.8000 0.1869 0.4668 0.8299 0.6548 0.8016
33 0.0892 0.0926 0.8558 0.1824 0.8228 0.2117 0.4520 0.8373 0.6649 0.8087
34 0.0769 0.0797 0.8674 0.1573 0.8353 0.1896 0.4507 0.8436 0.6413 0.8144
35 0.0782 0.0760 0.8691 0.1549 0.8404 0.1834 0.4476 0.8477 0.6321 0.8182
36 0.0754 0.0785 0.8635 0.1546 0.8307 0.1774 0.4506 0.8476 0.6291 0.8219
37 0.0741 0.0756 0.8697 0.1503 0.8382 0.2351 0.4510 0.8321 0.6876 0.7999
38 0.0832 0.0823 0.8615 0.1661 0.8296 0.2399 0.4483 0.8342 0.6895 0.8003
39 0.0955 0.0885 0.8532 0.1847 0.8182 0.2000 0.4634 0.8368 0.6643 0.8029
40 0.1073 0.0970 0.8454 0.2051 0.8064 0.2040 0.4842 0.8095 0.6892 0.7698
41 0.0963 0.0914 0.8510 0.1884 0.8165 0.2362 0.4713 0.8180 0.7089 0.7881
42 0.0824 0.0773 0.8676 0.1606 0.8341 0.2320 0.4514 0.8334 0.6847 0.8047
43 0.0805 0.0792 0.8618 0.1606 0.8298 0.2089 0.4381 0.8350 0.6484 0.8017
44 0.0691 0.0669 0.8755 0.1370 0.8442 0.1921 0.4270 0.8463 0.6205 0.8150
45 0.0644 0.0659 0.8758 0.1311 0.8462 0.1884 0.4305 0.8457 0.6201 0.8144
46 0.0665 0.0670 0.8767 0.1344 0.8469 0.1852 0.4388 0.8406 0.6253 0.8092
47 0.0664 0.0642 0.8817 0.1315 0.8515 0.2015 0.4285 0.8493 0.6313 0.8217
48 0.0684 0.0679 0.8719 0.1371 0.8415 0.1857 0.4508 0.8354 0.6377 0.8002
49 0.0752 0.0705 0.8645 0.1466 0.8328 0.2523 0.4599 0.8007 0.7137 0.7583
50 0.0843 0.0777 0.8556 0.1629 0.8222 0.2142 0.4572 0.8267 0.6728 0.7979
51 0.0871 0.0777 0.8669 0.1658 0.8337 0.2025 0.4326 0.8384 0.6363 0.8046
52 0.0798 0.0712 0.8657 0.1520 0.8336 0.2293 0.4368 0.8341 0.6677 0.8035
53 0.0699 0.0626 0.8728 0.1335 0.8411 0.1774 0.4417 0.8522 0.6205 0.8221
54 0.0628 0.0596 0.8790 0.1234 0.8480 0.1931 0.4340 0.8495 0.6286 0.8239
55 0.0570 0.0543 0.8816 0.1124 0.8531 0.2050 0.4345 0.8459 0.6410 0.8180
56 0.0584 0.0550 0.8848 0.1145 0.8545 0.2188 0.4348 0.8443 0.6553 0.8160
57 0.0649 0.0597 0.8806 0.1256 0.8491 0.2610 0.4324 0.8376 0.6951 0.8092
58 0.0627 0.0582 0.8786 0.1220 0.8477 0.2345 0.4461 0.8405 0.6822 0.8089
59 0.0772 0.0664 0.8697 0.1447 0.8393 0.2185 0.4526 0.8263 0.6728 0.7942
60 0.0867 0.0788 0.8641 0.1666 0.8293 0.2763 0.4358 0.8336 0.7137 0.8041
61 0.0827 0.0758 0.8600 0.1595 0.8259 0.2264 0.4404 0.8345 0.6682 0.8065
62 0.0728 0.0650 0.8718 0.1390 0.8405 0.2222 0.4348 0.8430 0.6587 0.8132
63 0.0627 0.0575 0.8797 0.1214 0.8501 0.1870 0.4312 0.8493 0.6197 0.8193
64 0.0576 0.0535 0.8865 0.1123 0.8567 0.2050 0.4206 0.8521 0.6273 0.8233
65 0.0517 0.0488 0.8902 0.1018 0.8610 0.2046 0.4161 0.8538 0.6224 0.8243
66 0.0535 0.0501 0.8884 0.1047 0.8598 0.2260 0.4295 0.8490 0.6573 0.8211
67 0.0531 0.0493 0.8855 0.1036 0.8550 0.2226 0.4306 0.8476 0.6550 0.8195
68 0.0579 0.0539 0.8801 0.1130 0.8502 0.2361 0.4295 0.8506 0.6673 0.8243
69 0.0605 0.0531 0.8840 0.1148 0.8536 0.2067 0.4218 0.8399 0.6302 0.8106
70 0.0828 0.0706 0.8624 0.1545 0.8298 0.2472 0.4660 0.7724 0.7147 0.7309
71 0.0791 0.0722 0.8594 0.1524 0.8262 0.2349 0.4378 0.8411 0.6744 0.8085
72 0.0702 0.0640 0.8763 0.1354 0.8472 0.1814 0.4368 0.8292 0.6197 0.7984
73 0.0556 0.0520 0.8806 0.1088 0.8511 0.2148 0.4303 0.8493 0.6467 0.8179
74 0.0512 0.0472 0.8847 0.0997 0.8568 0.2159 0.4077 0.8458 0.6252 0.8164
75 0.0485 0.0461 0.8855 0.0958 0.8566 0.2204 0.4075 0.8435 0.6294 0.8138
76 0.0506 0.0472 0.8908 0.0991 0.8620 0.2399 0.4075 0.8466 0.6490 0.8210
77 0.0499 0.0451 0.8921 0.0963 0.8642 0.1967 0.4275 0.8530 0.6258 0.8242
78 0.0505 0.0464 0.8884 0.0981 0.8577 0.2447 0.4317 0.8523 0.6783 0.8261
79 0.0556 0.0490 0.8870 0.1058 0.8589 0.2639 0.4187 0.8356 0.6844 0.8118
80 0.0676 0.0572 0.8760 0.1260 0.8458 0.3054 0.4485 0.8162 0.7556 0.7840
81 0.0733 0.0661 0.8647 0.1406 0.8320 0.3053 0.4318 0.8189 0.7390 0.7868
82 0.0639 0.0567 0.8780 0.1218 0.8460 0.2629 0.4068 0.8425 0.6715 0.8127
83 0.0513 0.0469 0.8877 0.0996 0.8591 0.2471 0.4146 0.8408 0.6635 0.8119
84 0.0486 0.0448 0.8935 0.0947 0.8646 0.2434 0.4189 0.8439 0.6642 0.8126
85 0.0447 0.0419 0.8963 0.0880 0.8690 0.2381 0.4186 0.8465 0.6586 0.8165
86 0.0453 0.0420 0.8929 0.0886 0.8643 0.2334 0.4154 0.8510 0.6505 0.8198
87 0.0467 0.0430 0.8930 0.0910 0.8644 0.2419 0.4033 0.8428 0.6468 0.8107
88 0.0532 0.0472 0.8871 0.1017 0.8568 0.2611 0.4226 0.8429 0.6856 0.8142
89 0.0532 0.0488 0.8868 0.1033 0.8574 0.2668 0.4184 0.8391 0.6871 0.8057
90 0.0660 0.0553 0.8783 0.1226 0.8477 0.2410 0.4572 0.8192 0.6998 0.7896
91 0.0856 0.0755 0.8652 0.1623 0.8328 0.2261 0.4598 0.8227 0.6875 0.7919
92 0.0654 0.0591 0.8784 0.1258 0.8464 0.2194 0.4310 0.8493 0.6521 0.8199
93 0.0547 0.0496 0.8856 0.1056 0.8573 0.2583 0.4258 0.8387 0.6859 0.8124
94 0.0487 0.0444 0.8928 0.0945 0.8659 0.2314 0.4326 0.8399 0.6659 0.8096
95 0.0439 0.0424 0.8888 0.0877 0.8606 0.2180 0.4277 0.8419 0.6475 0.8124
96 0.0464 0.0420 0.8898 0.0897 0.8609 0.2528 0.4182 0.8400 0.6729 0.8133
97 0.0459 0.0419 0.8961 0.0892 0.8681 0.2934 0.4177 0.8410 0.7130 0.8116
98 0.0517 0.0463 0.8949 0.0995 0.8668 0.2014 0.4175 0.8494 0.6206 0.8208
99 0.0591 0.0528 0.8823 0.1132 0.8521 0.1994 0.4381 0.8296 0.6390 0.7953
100 0.0967 0.0858 0.8467 0.1837 0.8122 0.3062 0.4491 0.8017 0.7570 0.7613
101 0.0780 0.0661 0.8638 0.1454 0.8322 0.2264 0.4381 0.8402 0.6661 0.8087
102 0.0647 0.0591 0.8820 0.1251 0.8512 0.2067 0.4340 0.8429 0.6424 0.8173
103 0.0519 0.0468 0.8890 0.1001 0.8609 0.2353 0.4170 0.8590 0.6541 0.8319
104 0.0512 0.0452 0.8900 0.0978 0.8615 0.2290 0.4164 0.8549 0.6473 0.8273
105 0.0452 0.0436 0.8936 0.0902 0.8656 0.2276 0.4163 0.8543 0.6457 0.8272
106 0.0440 0.0423 0.8927 0.0877 0.8642 0.2404 0.4189 0.8524 0.6611 0.8252
107 0.0514 0.0467 0.8933 0.0995 0.8652 0.2243 0.4152 0.8600 0.6413 0.8289
108 0.0516 0.0467 0.8886 0.0996 0.8599 0.2928 0.4342 0.8280 0.7287 0.7974
109 0.0568 0.0511 0.8781 0.1092 0.8468 0.2351 0.4340 0.8414 0.6709 0.8150
110 0.0577 0.0494 0.8837 0.1084 0.8510 0.3135 0.4458 0.8246 0.7612 0.7954
111 0.0655 0.0573 0.8768 0.1241 0.8462 0.2302 0.4274 0.8413 0.6591 0.8129
112 0.0519 0.0472 0.8856 0.1005 0.8547 0.2465 0.4392 0.8489 0.6873 0.8225
113 0.0492 0.0420 0.8907 0.0926 0.8624 0.2194 0.4252 0.8542 0.6463 0.8237
114 0.0477 0.0431 0.8951 0.0923 0.8691 0.2268 0.4361 0.8506 0.6648 0.8200
115 0.0447 0.0405 0.8929 0.0867 0.8642 0.2248 0.4341 0.8501 0.6606 0.8200
116 0.0461 0.0404 0.8977 0.0880 0.8717 0.2273 0.4159 0.8535 0.6450 0.8244
117 0.0451 0.0418 0.8901 0.0883 0.8617 0.2308 0.4125 0.8559 0.6450 0.8277
118 0.0458 0.0421 0.8956 0.0893 0.8686 0.2294 0.4262 0.8489 0.6573 0.8211
119 0.0506 0.0443 0.8877 0.0964 0.8607 0.2300 0.4049 0.8463 0.6366 0.8173
120 0.0743 0.0637 0.8671 0.1393 0.8323 0.2511 0.4489 0.8158 0.7017 0.7800
121 0.0752 0.0657 0.8721 0.1422 0.8413 0.2593 0.4328 0.8332 0.6938 0.8067
122 0.0593 0.0517 0.8817 0.1124 0.8522 0.2102 0.4340 0.8519 0.6457 0.8238
123 0.0494 0.0443 0.8896 0.0951 0.8594 0.2281 0.4255 0.8468 0.6554 0.8134
124 0.0422 0.0391 0.8955 0.0829 0.8669 0.2576 0.4179 0.8442 0.6773 0.8121
125 0.0415 0.0379 0.8971 0.0808 0.8698 0.2598 0.4279 0.8430 0.6896 0.8124
126 0.0415 0.0373 0.8995 0.0803 0.8726 0.2630 0.4238 0.8442 0.6886 0.8141
127 0.0457 0.0408 0.8934 0.0879 0.8664 0.2980 0.4191 0.8401 0.7191 0.8123
128 0.0472 0.0415 0.8972 0.0902 0.8705 0.2273 0.4198 0.8577 0.6489 0.8289
129 0.0435 0.0402 0.8985 0.0852 0.8700 0.2331 0.4122 0.8527 0.6471 0.8179
130 0.0535 0.0462 0.8911 0.1012 0.8607 0.2983 0.4419 0.8336 0.7421 0.7990
131 0.0500 0.0454 0.8929 0.0968 0.8635 0.3070 0.4244 0.8246 0.7333 0.7929
132 0.0471 0.0411 0.8921 0.0896 0.8650 0.2499 0.4081 0.8469 0.6598 0.8164
133 0.0406 0.0374 0.9000 0.0795 0.8726 0.2194 0.4199 0.8596 0.6409 0.8289
134 0.0394 0.0374 0.9029 0.0784 0.8756 0.2643 0.4047 0.8528 0.6709 0.8230
135 0.0378 0.0345 0.9015 0.0738 0.8749 0.2652 0.4005 0.8516 0.6676 0.8213
136 0.0367 0.0336 0.9016 0.0718 0.8753 0.2649 0.4123 0.8520 0.6790 0.8217
137 0.0373 0.0337 0.9027 0.0725 0.8762 0.2670 0.4214 0.8532 0.6902 0.8254
138 0.0391 0.0342 0.9037 0.0749 0.8773 0.2856 0.4096 0.8536 0.6971 0.8242
139 0.0422 0.0384 0.8982 0.0821 0.8701 0.2713 0.4444 0.8240 0.7175 0.7883
140 0.0849 0.0681 0.8727 0.1543 0.8426 0.2328 0.4561 0.8305 0.6904 0.8008
141 0.0678 0.0602 0.8749 0.1295 0.8449 0.2258 0.4391 0.8409 0.6666 0.8067
142 0.0587 0.0526 0.8870 0.1128 0.8583 0.2308 0.4231 0.8569 0.6556 0.8287
143 0.0465 0.0418 0.8921 0.0897 0.8631 0.2451 0.4139 0.8513 0.6609 0.8194
144 0.0412 0.0392 0.8959 0.0819 0.8687 0.2243 0.4165 0.8600 0.6426 0.8310
145 0.0412 0.0371 0.9040 0.0798 0.8768 0.2332 0.4159 0.8587 0.6510 0.8297
146 0.0409 0.0373 0.9003 0.0798 0.8727 0.2456 0.4170 0.8551 0.6645 0.8256
147 0.0385 0.0357 0.9017 0.0757 0.8743 0.3131 0.4206 0.8390 0.7358 0.8136
148 0.0432 0.0390 0.9011 0.0837 0.8739 0.2578 0.4048 0.8424 0.6645 0.8133
149 0.0494 0.0427 0.8972 0.0936 0.8687 0.2462 0.4078 0.8426 0.6559 0.8059
