epoch BCELoss SoftDiceLoss iou loss mAP
0 0.4530 0.6413 0.4956 1.0934 0.4318
1 0.2851 0.3010 0.6358 0.5858 0.5528
2 0.1989 0.2119 0.7310 0.4108 0.6779
3 0.1966 0.1888 0.7163 0.3856 0.6612
4 0.2277 0.1749 0.7416 0.4027 0.6955
5 0.1948 0.1652 0.7301 0.3602 0.6769
6 0.2013 0.1944 0.7370 0.3961 0.6814
7 0.2619 0.1938 0.6844 0.4555 0.6233
8 0.1741 0.2025 0.7472 0.3771 0.6988
9 0.2215 0.1924 0.7403 0.4144 0.6882
10 0.1627 0.1324 0.7670 0.2958 0.7259
11 0.1878 0.1382 0.7793 0.3266 0.7337
12 0.1804 0.1482 0.7560 0.3292 0.7099
13 0.1561 0.1322 0.7781 0.2891 0.7347
14 0.2251 0.1553 0.7362 0.3809 0.6946
15 0.1933 0.1665 0.7604 0.3605 0.7141
16 0.1888 0.1429 0.7746 0.3324 0.7365
17 0.1625 0.1301 0.7853 0.2933 0.7481
18 0.1801 0.1370 0.7884 0.3178 0.7462
19 0.2335 0.1436 0.7661 0.3778 0.7265
20 0.2045 0.1325 0.7875 0.3377 0.7437
21 0.1863 0.1264 0.7627 0.3133 0.7155
22 0.2243 0.1409 0.7727 0.3657 0.7291
23 0.1644 0.1216 0.7900 0.2868 0.7474
24 0.1915 0.1208 0.7885 0.3131 0.7420
25 0.1814 0.1202 0.8063 0.3026 0.7653
26 0.1758 0.1142 0.8025 0.2909 0.7607
27 0.1740 0.1132 0.8030 0.2881 0.7618
28 0.1797 0.1154 0.8029 0.2960 0.7629
29 0.1760 0.1129 0.8043 0.2899 0.7643
30 0.1776 0.1107 0.8058 0.2892 0.7671
31 0.1823 0.1120 0.8045 0.2951 0.7646
32 0.1807 0.1104 0.8067 0.2919 0.7667
33 0.1810 0.1111 0.8043 0.2930 0.7633
34 0.1788 0.1089 0.8064 0.2886 0.7658
35 0.1792 0.1085 0.8026 0.2886 0.7634
36 0.1795 0.1078 0.8149 0.2881 0.7750
37 0.1841 0.1091 0.7999 0.2940 0.7595
38 0.1805 0.1081 0.8057 0.2894 0.7660
39 0.1837 0.1078 0.8107 0.2925 0.7710
40 0.1818 0.1080 0.8002 0.2906 0.7613
41 0.1848 0.1077 0.8055 0.2933 0.7669
42 0.1837 0.1082 0.8044 0.2927 0.7635
43 0.1835 0.1075 0.8006 0.2918 0.7609
44 0.1843 0.1072 0.8057 0.2923 0.7656
45 0.1907 0.1138 0.7985 0.3053 0.7595
46 0.1836 0.1079 0.8019 0.2923 0.7610
47 0.1785 0.1052 0.8157 0.2846 0.7757
48 0.1755 0.1064 0.8002 0.2827 0.7613
49 0.1762 0.1054 0.8019 0.2824 0.7617
50 0.1825 0.1087 0.8001 0.2920 0.7621
51 0.1790 0.1080 0.8008 0.2878 0.7622
52 0.1790 0.1069 0.8033 0.2867 0.7632
53 0.1802 0.1075 0.8017 0.2886 0.7628
54 0.1809 0.1061 0.8039 0.2878 0.7640
55 0.1799 0.1075 0.8030 0.2883 0.7632
56 0.1809 0.1098 0.7982 0.2915 0.7596
57 0.1826 0.1071 0.8028 0.2906 0.7641
58 0.1805 0.1064 0.8074 0.2877 0.7680
59 0.1793 0.1061 0.8048 0.2862 0.7672
60 0.1830 0.1084 0.8007 0.2922 0.7625
61 0.1842 0.1067 0.8042 0.2917 0.7650
62 0.1799 0.1064 0.7998 0.2872 0.7612
63 0.1828 0.1093 0.7980 0.2928 0.7600
64 0.1790 0.1055 0.8019 0.2853 0.7619
65 0.1797 0.1064 0.8029 0.2870 0.7643
66 0.1810 0.1079 0.8020 0.2897 0.7633
67 0.1816 0.1071 0.8022 0.2895 0.7615
68 0.1815 0.1074 0.8014 0.2897 0.7610
69 0.1832 0.1085 0.8034 0.2924 0.7656
70 0.1837 0.1093 0.7999 0.2937 0.7610
71 0.1818 0.1077 0.8016 0.2904 0.7616
72 0.1852 0.1097 0.7973 0.2957 0.7579
73 0.1803 0.1065 0.8019 0.2875 0.7627
74 0.1871 0.1110 0.7981 0.2989 0.7589
75 0.1813 0.1068 0.7992 0.2889 0.7593
76 0.1805 0.1065 0.8019 0.2878 0.7623
77 0.1830 0.1069 0.8026 0.2906 0.7640
78 0.1804 0.1067 0.8033 0.2878 0.7646
79 0.1852 0.1097 0.8011 0.2956 0.7614
80 0.1839 0.1091 0.8001 0.2938 0.7614
81 0.1817 0.1069 0.8033 0.2894 0.7651
82 0.1843 0.1079 0.8013 0.2930 0.7621
83 0.1815 0.1073 0.8011 0.2896 0.7625
84 0.1835 0.1084 0.7991 0.2928 0.7607
85 0.1802 0.1060 0.8028 0.2871 0.7640
86 0.1865 0.1112 0.7994 0.2984 0.7608
87 0.1822 0.1067 0.8016 0.2897 0.7607
88 0.1844 0.1099 0.8006 0.2951 0.7613
89 0.1826 0.1068 0.8023 0.2902 0.7631
90 0.1852 0.1108 0.8007 0.2968 0.7605
91 0.1834 0.1051 0.8062 0.2892 0.7669
92 0.1825 0.1074 0.7990 0.2907 0.7585
93 0.1814 0.1046 0.8022 0.2868 0.7610
94 0.1853 0.1086 0.8034 0.2946 0.7645
95 0.1833 0.1088 0.8011 0.2928 0.7614
96 0.1811 0.1073 0.8011 0.2892 0.7619
97 0.1806 0.1067 0.8018 0.2881 0.7610
98 0.1816 0.1061 0.8005 0.2885 0.7587
99 0.1837 0.1094 0.8005 0.2938 0.7618
