epoch train_BCELoss train_SoftDiceLoss train_iou train_loss train_mAP val_BCELoss val_SoftDiceLoss val_iou val_loss val_mAP
0 0.4852 0.5314 0.5545 1.0125 0.4987 0.3764 0.6103 0.6553 0.9827 0.5872
1 0.3177 0.3731 0.6879 0.6861 0.6245 0.2801 0.5734 0.7268 0.8510 0.6765
2 0.2727 0.3252 0.7268 0.5946 0.6732 0.2783 0.5614 0.7208 0.8380 0.6723
3 0.2504 0.3041 0.7417 0.5519 0.6902 0.2674 0.5518 0.7485 0.8177 0.6987
4 0.2338 0.2891 0.7582 0.5205 0.7050 0.2517 0.5480 0.7581 0.7984 0.7110
5 0.2232 0.2746 0.7732 0.4954 0.7233 0.2524 0.5480 0.7572 0.7990 0.7122
6 0.2252 0.2772 0.7762 0.5001 0.7277 0.2457 0.5457 0.7651 0.7901 0.7249
7 0.2187 0.2734 0.7663 0.4898 0.7186 0.2657 0.5490 0.7427 0.8136 0.6987
8 0.2163 0.2647 0.7695 0.4790 0.7201 0.2399 0.5443 0.7557 0.7831 0.7132
9 0.2112 0.2538 0.7625 0.4631 0.7147 0.2181 0.5301 0.7707 0.7472 0.7338
10 0.2124 0.2504 0.7573 0.4612 0.7122 0.2428 0.5282 0.7775 0.7703 0.7388
11 0.1870 0.2267 0.7799 0.4121 0.7348 0.2280 0.5298 0.7544 0.7571 0.7154
12 0.1747 0.2041 0.7964 0.3773 0.7541 0.2171 0.5203 0.7841 0.7368 0.7487
13 0.1604 0.1937 0.8108 0.3527 0.7681 0.2203 0.5137 0.7845 0.7335 0.7459
14 0.1476 0.1833 0.8165 0.3295 0.7786 0.2101 0.5095 0.7943 0.7191 0.7562
15 0.1417 0.1782 0.8246 0.3185 0.7860 0.2135 0.5096 0.7915 0.7225 0.7537
16 0.1434 0.1803 0.8148 0.3223 0.7727 0.2302 0.5118 0.7882 0.7416 0.7571
17 0.1414 0.1719 0.8282 0.3120 0.7888 0.2197 0.5097 0.7921 0.7290 0.7609
18 0.1461 0.1761 0.8197 0.3209 0.7788 0.2256 0.5057 0.7888 0.7309 0.7526
19 0.1528 0.1773 0.8045 0.3288 0.7639 0.2124 0.5008 0.7858 0.7128 0.7436
20 0.1448 0.1694 0.8116 0.3131 0.7689 0.2596 0.5103 0.7790 0.7698 0.7432
21 0.1445 0.1644 0.8095 0.3079 0.7686 0.2023 0.5015 0.7827 0.7035 0.7427
22 0.1414 0.1567 0.8146 0.2971 0.7722 0.2093 0.5012 0.7933 0.7103 0.7607
23 0.1258 0.1432 0.8315 0.2680 0.7935 0.2105 0.4948 0.8044 0.7051 0.7703
24 0.1141 0.1336 0.8427 0.2467 0.8069 0.2110 0.4874 0.8103 0.6984 0.7778
25 0.1057 0.1266 0.8430 0.2314 0.8062 0.2136 0.4887 0.8091 0.7022 0.7781
26 0.1020 0.1229 0.8464 0.2240 0.8107 0.2287 0.4914 0.8033 0.7201 0.7742
27 0.1154 0.1335 0.8352 0.2480 0.7977 0.2198 0.4874 0.8096 0.7071 0.7760
28 0.1085 0.1256 0.8420 0.2333 0.8035 0.2201 0.4855 0.8059 0.7058 0.7783
29 0.1201 0.1301 0.8353 0.2496 0.7998 0.2233 0.4842 0.7969 0.7076 0.7635
30 0.1230 0.1345 0.8176 0.2569 0.7786 0.2006 0.4807 0.8128 0.6814 0.7788
31 0.1244 0.1318 0.8267 0.2558 0.7891 0.1974 0.4854 0.8067 0.6831 0.7703
32 0.1102 0.1164 0.8419 0.2261 0.8072 0.2517 0.4865 0.7974 0.7385 0.7656
33 0.0981 0.1056 0.8522 0.2033 0.8176 0.1913 0.4717 0.8224 0.6631 0.7911
34 0.0913 0.0986 0.8512 0.1895 0.8192 0.1991 0.4711 0.8218 0.6704 0.7921
35 0.0836 0.0983 0.8532 0.1814 0.8157 0.1988 0.4727 0.8202 0.6717 0.7904
36 0.0890 0.0969 0.8583 0.1855 0.8249 0.2134 0.4769 0.8149 0.6907 0.7885
37 0.0865 0.0947 0.8565 0.1808 0.8233 0.2210 0.4773 0.8048 0.6987 0.7717
38 0.0956 0.1009 0.8550 0.1962 0.8212 0.2593 0.4801 0.8099 0.7399 0.7772
39 0.0986 0.1038 0.8485 0.2022 0.8115 0.2336 0.4729 0.8087 0.7069 0.7783
40 0.1094 0.1132 0.8366 0.2225 0.7997 0.2198 0.4817 0.8019 0.7019 0.7654
41 0.1114 0.1122 0.8318 0.2236 0.7921 0.3104 0.5071 0.7724 0.8183 0.7386
42 0.0997 0.1020 0.8468 0.2017 0.8126 0.2147 0.4627 0.8171 0.6778 0.7873
43 0.0901 0.0917 0.8507 0.1817 0.8151 0.2123 0.4630 0.8110 0.6758 0.7782
44 0.0804 0.0860 0.8634 0.1664 0.8304 0.1940 0.4565 0.8283 0.6510 0.8020
45 0.0709 0.0798 0.8741 0.1507 0.8406 0.1935 0.4581 0.8258 0.6520 0.7975
46 0.0764 0.0810 0.8679 0.1574 0.8343 0.2168 0.4550 0.8194 0.6722 0.7907
47 0.0703 0.0767 0.8691 0.1470 0.8357 0.2401 0.4536 0.8240 0.6942 0.7955
48 0.0698 0.0744 0.8724 0.1442 0.8390 0.2090 0.4621 0.8254 0.6717 0.7974
49 0.0858 0.0849 0.8606 0.1708 0.8258 0.2328 0.4759 0.8019 0.7095 0.7705
50 0.1030 0.0998 0.8415 0.2030 0.8048 0.2956 0.4946 0.7680 0.7914 0.7407
51 0.1071 0.1020 0.8380 0.2093 0.8018 0.2561 0.4803 0.8075 0.7374 0.7712
52 0.0973 0.0944 0.8508 0.1920 0.8156 0.2273 0.4707 0.8118 0.6989 0.7838
53 0.0786 0.0820 0.8579 0.1609 0.8234 0.2238 0.4708 0.8131 0.6956 0.7874
54 0.0776 0.0788 0.8633 0.1567 0.8297 0.2320 0.4562 0.8204 0.6890 0.7965
55 0.0684 0.0701 0.8746 0.1388 0.8428 0.2331 0.4567 0.8199 0.6907 0.7955
56 0.0638 0.0676 0.8731 0.1316 0.8406 0.2256 0.4505 0.8297 0.6769 0.8031
57 0.0660 0.0675 0.8701 0.1337 0.8362 0.2336 0.4569 0.8239 0.6915 0.7952
58 0.0720 0.0710 0.8684 0.1433 0.8347 0.2073 0.4493 0.8276 0.6575 0.7982
59 0.0876 0.0849 0.8535 0.1729 0.8193 0.2183 0.4715 0.8169 0.6907 0.7876
60 0.0997 0.0947 0.8429 0.1948 0.8038 0.2467 0.4768 0.7974 0.7244 0.7602
61 0.1047 0.0890 0.8480 0.1942 0.8103 0.2150 0.4564 0.8216 0.6724 0.7812
62 0.0743 0.0709 0.8635 0.1456 0.8306 0.2240 0.4517 0.8299 0.6767 0.7972
63 0.0718 0.0709 0.8678 0.1432 0.8345 0.2406 0.4501 0.8282 0.6917 0.8047
64 0.0653 0.0647 0.8756 0.1304 0.8443 0.2112 0.4528 0.8312 0.6651 0.8009
65 0.0637 0.0638 0.8764 0.1280 0.8427 0.2186 0.4498 0.8302 0.6695 0.8018
66 0.0603 0.0603 0.8790 0.1211 0.8502 0.2316 0.4500 0.8382 0.6828 0.8112
67 0.0621 0.0610 0.8752 0.1236 0.8438 0.1952 0.4517 0.8374 0.6481 0.8070
68 0.0740 0.0759 0.8675 0.1504 0.8343 0.2268 0.4597 0.8148 0.6876 0.7781
69 0.0793 0.0716 0.8612 0.1515 0.8274 0.2389 0.4640 0.8068 0.7042 0.7762
70 0.0999 0.0909 0.8461 0.1913 0.8100 0.2174 0.4685 0.8095 0.6869 0.7805
71 0.0826 0.0791 0.8554 0.1623 0.8205 0.2874 0.4767 0.7932 0.7655 0.7628
72 0.0740 0.0683 0.8635 0.1429 0.8293 0.2202 0.4475 0.8234 0.6689 0.7944
73 0.0596 0.0596 0.8811 0.1199 0.8485 0.2709 0.4406 0.8186 0.7127 0.7882
74 0.0557 0.0555 0.8750 0.1118 0.8425 0.2356 0.4370 0.8244 0.6738 0.7945
75 0.0558 0.0556 0.8864 0.1121 0.8532 0.2445 0.4322 0.8246 0.6778 0.7940
76 0.0543 0.0547 0.8776 0.1097 0.8461 0.2522 0.4305 0.8243 0.6838 0.7969
77 0.0583 0.0541 0.8829 0.1132 0.8524 0.2898 0.4329 0.8241 0.7240 0.7958
78 0.0574 0.0556 0.8789 0.1136 0.8484 0.2731 0.4644 0.8062 0.7390 0.7776
79 0.0653 0.0633 0.8742 0.1294 0.8415 0.2131 0.4462 0.8317 0.6605 0.8010
80 0.0939 0.0766 0.8564 0.1713 0.8210 0.2248 0.4507 0.8234 0.6768 0.7919
81 0.0817 0.0754 0.8556 0.1579 0.8222 0.2446 0.4445 0.8284 0.6904 0.7973
82 0.0755 0.0671 0.8704 0.1434 0.8377 0.2144 0.4435 0.8275 0.6591 0.7950
83 0.0587 0.0569 0.8778 0.1164 0.8455 0.2529 0.4335 0.8373 0.6878 0.8128
84 0.0533 0.0529 0.8843 0.1070 0.8514 0.2468 0.4269 0.8365 0.6750 0.8090
85 0.0565 0.0537 0.8813 0.1111 0.8492 0.2469 0.4313 0.8342 0.6795 0.8073
86 0.0556 0.0520 0.8853 0.1084 0.8547 0.2505 0.4246 0.8359 0.6764 0.8106
87 0.0536 0.0516 0.8849 0.1060 0.8539 0.2592 0.4442 0.8300 0.7050 0.8033
88 0.0556 0.0524 0.8771 0.1089 0.8467 0.2674 0.4485 0.8100 0.7173 0.7757
89 0.0713 0.0670 0.8731 0.1391 0.8391 0.2383 0.4391 0.8322 0.6788 0.8010
90 0.0823 0.0727 0.8565 0.1558 0.8189 0.3373 0.4686 0.7942 0.8076 0.7581
91 0.0757 0.0701 0.8600 0.1467 0.8281 0.2753 0.4474 0.8207 0.7244 0.7915
92 0.0679 0.0647 0.8689 0.1335 0.8351 0.2703 0.4421 0.8260 0.7139 0.7993
93 0.0566 0.0525 0.8784 0.1100 0.8479 0.2465 0.4397 0.8336 0.6877 0.8080
94 0.0519 0.0492 0.8867 0.1021 0.8584 0.2509 0.4322 0.8376 0.6847 0.8103
95 0.0517 0.0496 0.8821 0.1022 0.8536 0.2536 0.4321 0.8389 0.6873 0.8121
96 0.0474 0.0465 0.8863 0.0949 0.8564 0.2297 0.4419 0.8333 0.6732 0.8060
97 0.0528 0.0512 0.8781 0.1050 0.8473 0.2690 0.4411 0.8264 0.7117 0.7936
98 0.0514 0.0486 0.8857 0.1009 0.8549 0.2524 0.4332 0.8293 0.6872 0.8012
99 0.0522 0.0471 0.8842 0.1002 0.8529 0.3145 0.4230 0.8201 0.7391 0.7884
100 0.0744 0.0654 0.8707 0.1408 0.8382 0.3608 0.4528 0.7965 0.8157 0.7585
101 0.0610 0.0559 0.8810 0.1179 0.8500 0.3136 0.4483 0.8156 0.7636 0.7836
102 0.0580 0.0519 0.8832 0.1108 0.8514 0.3048 0.4523 0.8083 0.7590 0.7744
103 0.0525 0.0488 0.8820 0.1023 0.8512 0.3185 0.4433 0.8218 0.7637 0.7921
104 0.0489 0.0450 0.8915 0.0949 0.8607 0.2755 0.4412 0.8291 0.7185 0.8040
105 0.0459 0.0436 0.8914 0.0906 0.8609 0.2817 0.4390 0.8310 0.7225 0.8067
106 0.0427 0.0414 0.8929 0.0852 0.8638 0.2975 0.4395 0.8331 0.7388 0.8097
107 0.0439 0.0424 0.8954 0.0873 0.8647 0.2891 0.4349 0.8331 0.7258 0.8052
108 0.0450 0.0432 0.8887 0.0893 0.8603 0.2739 0.4265 0.8329 0.7021 0.8037
109 0.0478 0.0432 0.8919 0.0920 0.8623 0.2661 0.4536 0.8307 0.7213 0.8012
110 0.0654 0.0559 0.8731 0.1223 0.8394 0.3299 0.4280 0.8113 0.7596 0.7790
111 0.0582 0.0533 0.8751 0.1124 0.8413 0.3682 0.4469 0.8056 0.8170 0.7717
112 0.0721 0.0609 0.8749 0.1341 0.8415 0.3015 0.4575 0.8186 0.7608 0.7912
113 0.0520 0.0493 0.8886 0.1024 0.8558 0.3010 0.4257 0.8258 0.7285 0.8020
114 0.0491 0.0459 0.8886 0.0962 0.8607 0.3000 0.4175 0.8303 0.7193 0.8048
115 0.0430 0.0415 0.8931 0.0856 0.8626 0.2989 0.4196 0.8313 0.7204 0.8044
116 0.0452 0.0421 0.8923 0.0885 0.8637 0.2381 0.4212 0.8389 0.6610 0.8143
117 0.0466 0.0434 0.8951 0.0912 0.8658 0.2743 0.4340 0.8317 0.7101 0.8051
118 0.0481 0.0438 0.8920 0.0931 0.8628 0.2805 0.4433 0.8321 0.7257 0.8033
119 0.0471 0.0432 0.8885 0.0914 0.8573 0.2938 0.4391 0.8224 0.7348 0.7935
120 0.0503 0.0466 0.8882 0.0980 0.8588 0.2781 0.4414 0.8287 0.7212 0.7964
121 0.0529 0.0473 0.8860 0.1013 0.8548 0.2725 0.4321 0.8297 0.7063 0.8017
122 0.0484 0.0440 0.8907 0.0935 0.8630 0.3307 0.4247 0.8263 0.7573 0.7970
123 0.0468 0.0437 0.8878 0.0917 0.8578 0.2514 0.4387 0.8302 0.6919 0.7977
124 0.0396 0.0378 0.9023 0.0786 0.8729 0.2618 0.4321 0.8415 0.6957 0.8107
125 0.0419 0.0371 0.8973 0.0802 0.8695 0.2804 0.4286 0.8373 0.7108 0.8088
126 0.0406 0.0379 0.8953 0.0796 0.8669 0.2632 0.4378 0.8398 0.7028 0.8109
127 0.0374 0.0353 0.8970 0.0739 0.8697 0.2795 0.4250 0.8387 0.7063 0.8108
128 0.0453 0.0414 0.8914 0.0879 0.8615 0.2511 0.4182 0.8372 0.6711 0.8106
129 0.0539 0.0481 0.8841 0.1032 0.8527 0.2531 0.4422 0.8267 0.6971 0.7959
130 0.0686 0.0585 0.8733 0.1282 0.8409 0.3253 0.4522 0.7915 0.7794 0.7527
131 0.0727 0.0661 0.8704 0.1399 0.8364 0.2701 0.4344 0.8207 0.7063 0.7893
132 0.0534 0.0498 0.8844 0.1043 0.8539 0.2388 0.4346 0.8437 0.6751 0.8198
133 0.0440 0.0412 0.8966 0.0864 0.8677 0.2774 0.4489 0.8224 0.7281 0.7952
134 0.0419 0.0402 0.8949 0.0832 0.8663 0.2599 0.4262 0.8406 0.6880 0.8162
135 0.0439 0.0401 0.8933 0.0852 0.8633 0.2622 0.4251 0.8421 0.6891 0.8175
136 0.0390 0.0369 0.8951 0.0771 0.8657 0.2537 0.4245 0.8420 0.6800 0.8151
137 0.0422 0.0395 0.8897 0.0829 0.8585 0.2443 0.4045 0.8475 0.6506 0.8220
138 0.0547 0.0489 0.8896 0.1049 0.8586 0.2647 0.4221 0.8380 0.6887 0.8105
139 0.0459 0.0424 0.8918 0.0895 0.8625 0.2321 0.4313 0.8430 0.6652 0.8163
140 0.0547 0.0474 0.8799 0.1033 0.8470 0.2422 0.4297 0.8328 0.6735 0.7945
141 0.0551 0.0508 0.8813 0.1071 0.8509 0.2686 0.4035 0.8427 0.6738 0.8154
142 0.0469 0.0425 0.8872 0.0906 0.8575 0.2728 0.4013 0.8406 0.6758 0.8138
143 0.0556 0.0499 0.8851 0.1068 0.8546 0.2568 0.4030 0.8494 0.6617 0.8190
144 0.0411 0.0391 0.8942 0.0815 0.8661 0.2398 0.4039 0.8479 0.6455 0.8202
145 0.0386 0.0367 0.8971 0.0766 0.8682 0.2473 0.4027 0.8508 0.6519 0.8241
146 0.0375 0.0353 0.9016 0.0741 0.8744 0.2490 0.4007 0.8494 0.6515 0.8215
147 0.0385 0.0352 0.9018 0.0750 0.8745 0.2553 0.4024 0.8527 0.6596 0.8258
148 0.0378 0.0356 0.8982 0.0747 0.8714 0.2660 0.4003 0.8475 0.6682 0.8221
149 0.0393 0.0369 0.8974 0.0774 0.8683 0.3186 0.4154 0.8339 0.7359 0.8052
