epoch train_BCELoss train_SoftDiceLoss train_iou train_loss train_mAP val_BCELoss val_SoftDiceLoss val_iou val_loss val_mAP
0 0.4370 0.4709 0.6229 0.9052 0.5589 0.3200 0.6047 0.6861 0.9232 0.6331
1 0.2925 0.3497 0.7363 0.6408 0.6812 0.2742 0.5643 0.7470 0.8380 0.6959
2 0.2514 0.3050 0.7657 0.5555 0.7167 0.2641 0.5558 0.7635 0.8196 0.7205
3 0.2293 0.2870 0.7844 0.5155 0.7355 0.2559 0.5471 0.7772 0.8028 0.7349
4 0.2083 0.2668 0.8025 0.4744 0.7573 0.2319 0.5381 0.7893 0.7698 0.7532
5 0.2042 0.2599 0.8017 0.4635 0.7568 0.2373 0.5381 0.7889 0.7753 0.7484
6 0.1983 0.2556 0.8081 0.4532 0.7659 0.2333 0.5424 0.7764 0.7755 0.7404
7 0.1966 0.2498 0.8087 0.4458 0.7646 0.2404 0.5359 0.7813 0.7762 0.7434
8 0.1940 0.2453 0.7964 0.4388 0.7527 0.2296 0.5306 0.7829 0.7602 0.7421
9 0.1829 0.2313 0.8051 0.4137 0.7620 0.2222 0.5296 0.7836 0.7518 0.7469
10 0.1826 0.2214 0.7945 0.4036 0.7510 0.2336 0.5288 0.7790 0.7625 0.7425
11 0.1664 0.2041 0.8125 0.3701 0.7730 0.2360 0.5256 0.7743 0.7618 0.7390
12 0.1525 0.1872 0.8171 0.3394 0.7769 0.2138 0.5082 0.8079 0.7223 0.7728
13 0.1339 0.1667 0.8322 0.3003 0.7947 0.1955 0.4986 0.8092 0.6944 0.7796
14 0.1234 0.1563 0.8421 0.2794 0.8072 0.1816 0.4928 0.8267 0.6747 0.7973
15 0.1181 0.1544 0.8478 0.2722 0.8124 0.1863 0.4981 0.8219 0.6847 0.7912
16 0.1193 0.1507 0.8437 0.2697 0.8067 0.2015 0.4974 0.8084 0.6992 0.7809
17 0.1220 0.1510 0.8440 0.2728 0.8080 0.1982 0.4936 0.8166 0.6921 0.7831
18 0.1189 0.1470 0.8392 0.2657 0.8023 0.2010 0.4915 0.8158 0.6929 0.7826
19 0.1319 0.1516 0.8292 0.2833 0.7921 0.2127 0.4950 0.7918 0.7081 0.7535
20 0.1346 0.1506 0.8260 0.2851 0.7875 0.2061 0.4921 0.8033 0.6987 0.7732
21 0.1289 0.1413 0.8331 0.2702 0.7968 0.2315 0.5042 0.7939 0.7365 0.7633
22 0.1227 0.1321 0.8363 0.2547 0.8025 0.2012 0.4819 0.8179 0.6838 0.7898
23 0.1048 0.1208 0.8495 0.2255 0.8138 0.1948 0.4738 0.8243 0.6693 0.8002
24 0.0963 0.1093 0.8616 0.2055 0.8291 0.1893 0.4720 0.8287 0.6620 0.8012
25 0.0888 0.1032 0.8640 0.1920 0.8309 0.1900 0.4723 0.8292 0.6630 0.8045
26 0.0931 0.1071 0.8612 0.2003 0.8282 0.1877 0.4699 0.8294 0.6583 0.8040
27 0.0930 0.1056 0.8619 0.1986 0.8286 0.1849 0.4677 0.8303 0.6533 0.8045
28 0.0986 0.1078 0.8520 0.2063 0.8165 0.2129 0.4760 0.8149 0.6898 0.7837
29 0.1125 0.1165 0.8420 0.2290 0.8052 0.2137 0.4761 0.8092 0.6909 0.7781
30 0.1072 0.1097 0.8486 0.2170 0.8151 0.2159 0.4575 0.8221 0.6743 0.7924
31 0.1077 0.1091 0.8450 0.2169 0.8105 0.2089 0.4660 0.8198 0.6758 0.7937
32 0.0967 0.0992 0.8514 0.1961 0.8190 0.1971 0.4551 0.8313 0.6531 0.8048
33 0.0828 0.0889 0.8665 0.1717 0.8329 0.2261 0.4594 0.8237 0.6868 0.7979
34 0.0811 0.0850 0.8656 0.1662 0.8344 0.2117 0.4550 0.8263 0.6677 0.8000
35 0.0750 0.0799 0.8729 0.1550 0.8422 0.2182 0.4523 0.8274 0.6715 0.8011
36 0.0733 0.0775 0.8767 0.1508 0.8469 0.2184 0.4542 0.8322 0.6737 0.8054
37 0.0778 0.0810 0.8683 0.1589 0.8369 0.2082 0.4475 0.8335 0.6570 0.8047
38 0.0815 0.0863 0.8685 0.1679 0.8352 0.2053 0.4602 0.8237 0.6670 0.7972
39 0.0988 0.0918 0.8548 0.1909 0.8212 0.2404 0.4841 0.8088 0.7259 0.7796
40 0.1026 0.0989 0.8524 0.2018 0.8172 0.1908 0.4518 0.8096 0.6436 0.7695
41 0.0943 0.0917 0.8520 0.1863 0.8189 0.2452 0.4767 0.8060 0.7236 0.7809
42 0.0843 0.0812 0.8641 0.1659 0.8309 0.2246 0.4456 0.8285 0.6717 0.7994
43 0.0756 0.0749 0.8719 0.1509 0.8408 0.2264 0.4517 0.8315 0.6797 0.8092
44 0.0678 0.0700 0.8713 0.1382 0.8404 0.1996 0.4442 0.8408 0.6454 0.8174
45 0.0636 0.0661 0.8808 0.1300 0.8513 0.1959 0.4444 0.8389 0.6419 0.8160
46 0.0671 0.0673 0.8779 0.1347 0.8468 0.2258 0.4485 0.8266 0.6760 0.7999
47 0.0689 0.0664 0.8825 0.1356 0.8543 0.1946 0.4351 0.8291 0.6312 0.8017
48 0.0683 0.0684 0.8729 0.1372 0.8437 0.2206 0.4587 0.8237 0.6811 0.7975
49 0.0730 0.0717 0.8724 0.1451 0.8411 0.2173 0.4548 0.8280 0.6739 0.8021
50 0.0966 0.0848 0.8554 0.1820 0.8220 0.2114 0.4448 0.8229 0.6578 0.7922
51 0.0888 0.0833 0.8605 0.1727 0.8253 0.1841 0.4484 0.8366 0.6340 0.8073
52 0.0725 0.0682 0.8775 0.1414 0.8477 0.2024 0.4321 0.8336 0.6359 0.8074
53 0.0683 0.0656 0.8796 0.1345 0.8485 0.2152 0.4244 0.8371 0.6411 0.8102
54 0.0609 0.0610 0.8869 0.1225 0.8563 0.2412 0.4310 0.8265 0.6742 0.8015
55 0.0586 0.0589 0.8834 0.1181 0.8536 0.2461 0.4346 0.8285 0.6827 0.8042
56 0.0554 0.0568 0.8849 0.1128 0.8567 0.1962 0.4318 0.8379 0.6295 0.8137
57 0.0605 0.0585 0.8826 0.1196 0.8533 0.2478 0.4349 0.8282 0.6849 0.8045
58 0.0689 0.0632 0.8774 0.1327 0.8448 0.2415 0.4278 0.8228 0.6713 0.7886
59 0.0707 0.0680 0.8701 0.1394 0.8388 0.2602 0.4220 0.8250 0.6842 0.7975
60 0.0802 0.0747 0.8647 0.1556 0.8321 0.2772 0.4566 0.7965 0.7360 0.7648
61 0.0764 0.0687 0.8628 0.1460 0.8309 0.2803 0.4674 0.8124 0.7499 0.7873
62 0.0726 0.0674 0.8770 0.1409 0.8462 0.2264 0.4480 0.8230 0.6764 0.7987
63 0.0648 0.0589 0.8802 0.1246 0.8494 0.2337 0.4264 0.8296 0.6622 0.8058
64 0.0557 0.0553 0.8890 0.1119 0.8595 0.2799 0.4178 0.8309 0.7001 0.8073
65 0.0506 0.0531 0.8863 0.1046 0.8585 0.2681 0.4197 0.8340 0.6901 0.8104
66 0.0501 0.0499 0.8903 0.1009 0.8618 0.2848 0.4174 0.8313 0.7047 0.8075
67 0.0525 0.0511 0.8896 0.1046 0.8595 0.2485 0.4215 0.8312 0.6722 0.8057
68 0.0658 0.0601 0.8799 0.1268 0.8497 0.2462 0.4394 0.8054 0.6879 0.7723
69 0.0699 0.0651 0.8725 0.1359 0.8411 0.2553 0.4256 0.8298 0.6832 0.7988
70 0.0774 0.0708 0.8686 0.1492 0.8358 0.2332 0.4311 0.8301 0.6663 0.8051
71 0.0701 0.0634 0.8743 0.1345 0.8421 0.2538 0.4198 0.8243 0.6757 0.8004
72 0.0614 0.0567 0.8747 0.1191 0.8451 0.2236 0.4182 0.8385 0.6439 0.8113
73 0.0581 0.0538 0.8864 0.1130 0.8565 0.2476 0.4104 0.8389 0.6602 0.8116
74 0.0501 0.0477 0.8950 0.0989 0.8668 0.2723 0.4137 0.8371 0.6884 0.8131
75 0.0486 0.0460 0.8938 0.0957 0.8650 0.2747 0.4132 0.8359 0.6905 0.8124
76 0.0464 0.0444 0.8914 0.0919 0.8641 0.2221 0.4110 0.8436 0.6351 0.8141
77 0.0459 0.0434 0.8951 0.0904 0.8665 0.2450 0.4289 0.8439 0.6765 0.8191
78 0.0520 0.0484 0.8907 0.1015 0.8618 0.2593 0.4542 0.8396 0.7159 0.8099
79 0.0602 0.0559 0.8797 0.1171 0.8498 0.2391 0.4299 0.8255 0.6715 0.7939
80 0.0772 0.0648 0.8717 0.1432 0.8407 0.2287 0.4309 0.8330 0.6618 0.8066
81 0.0738 0.0666 0.8727 0.1416 0.8424 0.2466 0.4178 0.8388 0.6665 0.8090
82 0.0618 0.0567 0.8793 0.1196 0.8500 0.2420 0.4234 0.8404 0.6678 0.8146
83 0.0537 0.0483 0.8933 0.1032 0.8656 0.2158 0.4062 0.8438 0.6242 0.8171
84 0.0480 0.0445 0.8919 0.0938 0.8643 0.2532 0.4122 0.8408 0.6678 0.8152
85 0.0470 0.0443 0.8920 0.0925 0.8629 0.2474 0.4102 0.8415 0.6600 0.8151
86 0.0457 0.0427 0.8989 0.0897 0.8713 0.2736 0.4006 0.8436 0.6767 0.8166
87 0.0484 0.0443 0.8907 0.0939 0.8624 0.2207 0.4088 0.8449 0.6317 0.8185
88 0.0524 0.0478 0.8860 0.1014 0.8576 0.2618 0.4006 0.8353 0.6648 0.8023
89 0.0592 0.0546 0.8800 0.1151 0.8508 0.2672 0.4342 0.8283 0.7040 0.7983
90 0.0584 0.0529 0.8824 0.1125 0.8520 0.2880 0.4521 0.8191 0.7426 0.7929
91 0.0644 0.0565 0.8788 0.1221 0.8483 0.2055 0.4672 0.8214 0.6746 0.7975
92 0.0565 0.0525 0.8853 0.1103 0.8545 0.2656 0.4262 0.8443 0.6943 0.8182
93 0.0573 0.0520 0.8848 0.1106 0.8562 0.2341 0.4227 0.8442 0.6592 0.8180
94 0.0463 0.0448 0.8947 0.0925 0.8691 0.2645 0.4241 0.8402 0.6912 0.8138
95 0.0431 0.0407 0.8965 0.0851 0.8685 0.2614 0.4247 0.8351 0.6887 0.8086
96 0.0425 0.0398 0.8969 0.0836 0.8706 0.2993 0.4101 0.8328 0.7121 0.8087
97 0.0443 0.0405 0.8946 0.0861 0.8673 0.2424 0.4050 0.8451 0.6497 0.8165
98 0.0489 0.0453 0.8875 0.0955 0.8588 0.2680 0.4334 0.8468 0.7040 0.8210
99 0.0521 0.0475 0.8901 0.1009 0.8614 0.2937 0.4186 0.8273 0.7147 0.7991
100 0.0624 0.0539 0.8798 0.1175 0.8502 0.2336 0.4104 0.8376 0.6461 0.8087
101 0.0695 0.0623 0.8751 0.1330 0.8417 0.2786 0.4738 0.8021 0.7545 0.7733
102 0.0684 0.0604 0.8806 0.1302 0.8497 0.2674 0.4415 0.8366 0.7113 0.8094
103 0.0493 0.0458 0.8937 0.0964 0.8653 0.2842 0.4239 0.8317 0.7104 0.8073
104 0.0444 0.0417 0.8967 0.0875 0.8687 0.2799 0.3995 0.8388 0.6818 0.8129
105 0.0445 0.0412 0.8969 0.0871 0.8701 0.2730 0.3982 0.8431 0.6735 0.8170
106 0.0431 0.0403 0.9006 0.0847 0.8736 0.2773 0.4160 0.8412 0.6958 0.8165
107 0.0431 0.0394 0.8935 0.0839 0.8657 0.2477 0.3996 0.8461 0.6497 0.8190
108 0.0451 0.0420 0.8940 0.0884 0.8667 0.2462 0.4141 0.8440 0.6627 0.8148
109 0.0505 0.0455 0.8908 0.0974 0.8626 0.3133 0.4671 0.8176 0.7828 0.7904
110 0.0609 0.0522 0.8839 0.1144 0.8542 0.2824 0.4276 0.8352 0.7122 0.8104
111 0.0652 0.0587 0.8741 0.1253 0.8446 0.2832 0.4175 0.8306 0.7031 0.7989
112 0.0594 0.0539 0.8846 0.1146 0.8553 0.3047 0.4425 0.8337 0.7498 0.8090
113 0.0491 0.0459 0.8939 0.0964 0.8648 0.2458 0.4259 0.8398 0.6740 0.8132
114 0.0424 0.0390 0.8968 0.0828 0.8690 0.2575 0.4042 0.8453 0.6640 0.8194
115 0.0414 0.0393 0.8985 0.0821 0.8715 0.2530 0.4032 0.8490 0.6585 0.8235
116 0.0404 0.0372 0.9008 0.0790 0.8722 0.2797 0.4056 0.8463 0.6879 0.8213
117 0.0393 0.0360 0.8984 0.0767 0.8714 0.2750 0.4300 0.8454 0.7075 0.8200
118 0.0423 0.0381 0.8982 0.0818 0.8709 0.2908 0.4068 0.8433 0.7001 0.8162
119 0.0479 0.0426 0.8988 0.0920 0.8711 0.3116 0.4371 0.8264 0.7513 0.7983
120 0.0636 0.0575 0.8765 0.1225 0.8448 0.2855 0.4113 0.8485 0.6991 0.8217
121 0.0532 0.0493 0.8882 0.1039 0.8595 0.2822 0.4103 0.8293 0.6946 0.8049
122 0.0499 0.0439 0.8962 0.0952 0.8680 0.2867 0.4048 0.8435 0.6938 0.8182
123 0.0431 0.0397 0.8999 0.0843 0.8724 0.2836 0.4090 0.8479 0.6950 0.8218
124 0.0397 0.0363 0.8993 0.0775 0.8744 0.2862 0.3981 0.8465 0.6867 0.8204
125 0.0376 0.0352 0.9048 0.0743 0.8790 0.2900 0.4000 0.8460 0.6924 0.8202
126 0.0387 0.0355 0.9026 0.0757 0.8765 0.3132 0.3898 0.8506 0.7056 0.8238
127 0.0394 0.0358 0.9032 0.0766 0.8765 0.2866 0.4277 0.8500 0.7167 0.8208
128 0.0402 0.0363 0.9025 0.0779 0.8757 0.2817 0.4052 0.8555 0.6893 0.8269
129 0.0476 0.0422 0.8937 0.0912 0.8645 0.2741 0.4170 0.8287 0.6935 0.7982
130 0.0508 0.0442 0.8885 0.0965 0.8600 0.3200 0.4044 0.8408 0.7268 0.8096
131 0.0528 0.0471 0.8897 0.1013 0.8615 0.4412 0.4551 0.7827 0.8988 0.7515
132 0.0461 0.0428 0.8949 0.0904 0.8675 0.2847 0.4328 0.8370 0.7198 0.8153
133 0.0425 0.0393 0.8960 0.0833 0.8685 0.3041 0.4101 0.8409 0.7166 0.8147
134 0.0389 0.0361 0.9036 0.0766 0.8771 0.3183 0.4040 0.8413 0.7248 0.8184
135 0.0365 0.0340 0.9044 0.0720 0.8786 0.3065 0.4042 0.8407 0.7132 0.8173
136 0.0370 0.0344 0.9042 0.0730 0.8800 0.3015 0.3998 0.8469 0.7038 0.8237
137 0.0418 0.0371 0.9015 0.0804 0.8755 0.2868 0.4100 0.8304 0.6992 0.8049
138 0.0440 0.0410 0.8977 0.0866 0.8690 0.2894 0.4132 0.8458 0.7050 0.8213
139 0.0497 0.0440 0.8911 0.0951 0.8635 0.3042 0.4049 0.8325 0.7115 0.8057
140 0.0579 0.0496 0.8863 0.1089 0.8571 0.3417 0.4535 0.8193 0.7974 0.7901
141 0.0523 0.0473 0.8909 0.1010 0.8614 0.3106 0.4108 0.8351 0.7238 0.8092
142 0.0472 0.0430 0.8956 0.0917 0.8684 0.2946 0.4379 0.8332 0.7348 0.8048
143 0.0412 0.0380 0.9033 0.0807 0.8763 0.3180 0.3955 0.8415 0.7158 0.8175
144 0.0382 0.0356 0.9035 0.0753 0.8775 0.3032 0.3896 0.8417 0.6952 0.8166
145 0.0357 0.0335 0.9109 0.0708 0.8858 0.3043 0.3890 0.8433 0.6957 0.8189
146 0.0351 0.0329 0.9068 0.0696 0.8809 0.3099 0.3876 0.8442 0.7000 0.8186
147 0.0359 0.0326 0.9049 0.0700 0.8790 0.3132 0.4025 0.8445 0.7181 0.8164
148 0.0374 0.0347 0.9053 0.0737 0.8787 0.2961 0.3953 0.8449 0.6938 0.8205
149 0.0504 0.0434 0.8913 0.0953 0.8619 0.3762 0.4080 0.8254 0.7867 0.7994
