epoch train_BCELoss train_SoftDiceLoss train_iou train_loss train_mAP val_BCELoss val_SoftDiceLoss val_iou val_loss val_mAP
0 0.4749 0.5353 0.5042 1.0059 0.4519 0.7466 0.6108 0.4393 1.3536 0.3354
1 0.2955 0.3484 0.6950 0.6387 0.6340 0.2748 0.5844 0.7019 0.8566 0.6310
2 0.2534 0.3014 0.7230 0.5516 0.6655 0.2738 0.5574 0.7195 0.8295 0.6604
3 0.2340 0.2801 0.7396 0.5115 0.6875 0.2529 0.5577 0.7417 0.8093 0.6888
4 0.2158 0.2618 0.7574 0.4753 0.7080 0.2183 0.5413 0.7602 0.7583 0.7117
5 0.2126 0.2534 0.7522 0.4637 0.6971 0.2245 0.5402 0.7578 0.7634 0.7063
6 0.2021 0.2508 0.7625 0.4508 0.7120 0.2385 0.5455 0.7534 0.7829 0.7066
7 0.2033 0.2464 0.7604 0.4478 0.7105 0.2377 0.5436 0.7370 0.7805 0.6826
8 0.2014 0.2385 0.7674 0.4383 0.7161 0.2229 0.5310 0.7649 0.7533 0.7123
9 0.1964 0.2306 0.7615 0.4256 0.7126 0.2128 0.5364 0.7536 0.7486 0.6961
10 0.1891 0.2192 0.7652 0.4072 0.7181 0.2333 0.5286 0.7516 0.7617 0.7033
11 0.1822 0.2074 0.7695 0.3887 0.7240 0.2515 0.5341 0.7529 0.7854 0.7070
12 0.1647 0.1897 0.7867 0.3536 0.7442 0.1911 0.5061 0.7834 0.6969 0.7400
13 0.1533 0.1788 0.7982 0.3313 0.7557 0.1939 0.5090 0.7885 0.7028 0.7484
14 0.1426 0.1664 0.8094 0.3082 0.7675 0.2060 0.5083 0.7924 0.7141 0.7535
15 0.1411 0.1653 0.8114 0.3056 0.7705 0.2049 0.5021 0.7971 0.7069 0.7544
16 0.1322 0.1576 0.8123 0.2890 0.7720 0.1975 0.5009 0.8039 0.6983 0.7644
17 0.1317 0.1555 0.8217 0.2865 0.7786 0.2073 0.5024 0.7984 0.7096 0.7604
18 0.1382 0.1553 0.8189 0.2928 0.7786 0.2278 0.5005 0.7931 0.7283 0.7478
19 0.1424 0.1579 0.8133 0.2997 0.7724 0.2417 0.5065 0.7856 0.7484 0.7477
20 0.1557 0.1610 0.8019 0.3162 0.7593 0.2229 0.5108 0.7762 0.7338 0.7317
21 0.1588 0.1600 0.7949 0.3185 0.7495 0.1910 0.4923 0.7977 0.6836 0.7551
22 0.1338 0.1421 0.8164 0.2757 0.7778 0.1734 0.4938 0.8044 0.6674 0.7660
23 0.1382 0.1404 0.8170 0.2783 0.7763 0.2137 0.4806 0.7998 0.6946 0.7585
24 0.1165 0.1290 0.8340 0.2452 0.7939 0.1961 0.4843 0.8092 0.6807 0.7692
25 0.1094 0.1204 0.8379 0.2295 0.7997 0.1872 0.4840 0.8152 0.6715 0.7728
26 0.1042 0.1154 0.8425 0.2193 0.8041 0.1867 0.4820 0.8137 0.6690 0.7722
27 0.1060 0.1155 0.8400 0.2213 0.8032 0.2225 0.4895 0.8085 0.7124 0.7756
28 0.1163 0.1200 0.8358 0.2362 0.7995 0.2813 0.4888 0.7884 0.7705 0.7518
29 0.1318 0.1296 0.8194 0.2614 0.7780 0.2385 0.4821 0.7959 0.7211 0.7566
30 0.1441 0.1405 0.8112 0.2846 0.7667 0.1940 0.4789 0.7889 0.6733 0.7479
31 0.1339 0.1324 0.8209 0.2663 0.7840 0.2107 0.4937 0.8023 0.7050 0.7671
32 0.1193 0.1168 0.8282 0.2362 0.7900 0.2033 0.4742 0.8138 0.6779 0.7791
33 0.1138 0.1114 0.8400 0.2253 0.8043 0.2150 0.4721 0.8129 0.6876 0.7811
34 0.0967 0.1004 0.8482 0.1972 0.8132 0.1790 0.4616 0.8272 0.6411 0.7953
35 0.0833 0.0914 0.8512 0.1747 0.8168 0.1806 0.4623 0.8213 0.6433 0.7878
36 0.0895 0.0959 0.8482 0.1854 0.8155 0.1907 0.4677 0.8168 0.6590 0.7819
37 0.0886 0.0932 0.8532 0.1819 0.8202 0.1957 0.4696 0.8209 0.6659 0.7853
38 0.0974 0.0990 0.8455 0.1966 0.8103 0.1782 0.4660 0.8253 0.6448 0.7867
39 0.1084 0.0985 0.8425 0.2071 0.8057 0.2130 0.4648 0.8153 0.6785 0.7855
40 0.1222 0.1105 0.8259 0.2329 0.7866 0.2559 0.4749 0.8047 0.7314 0.7657
41 0.1265 0.1147 0.8260 0.2415 0.7887 0.2236 0.4763 0.8106 0.7007 0.7782
42 0.1111 0.1044 0.8394 0.2159 0.8031 0.1891 0.4809 0.8194 0.6707 0.7805
43 0.1004 0.0951 0.8471 0.1958 0.8102 0.2132 0.4698 0.8174 0.6838 0.7864
44 0.0898 0.0883 0.8594 0.1785 0.8248 0.2020 0.4645 0.8200 0.6673 0.7853
45 0.0853 0.0871 0.8618 0.1727 0.8298 0.1982 0.4659 0.8247 0.6649 0.7898
46 0.0827 0.0850 0.8593 0.1680 0.8251 0.1916 0.4608 0.8294 0.6531 0.7970
47 0.0849 0.0814 0.8599 0.1668 0.8280 0.2237 0.4670 0.8270 0.6916 0.7925
48 0.0867 0.0807 0.8609 0.1679 0.8298 0.2318 0.4601 0.8188 0.6928 0.7827
49 0.0931 0.0902 0.8527 0.1838 0.8173 0.2409 0.4719 0.8190 0.7137 0.7888
50 0.1214 0.1130 0.8267 0.2350 0.7896 0.2387 0.4815 0.7729 0.7210 0.7237
51 0.1026 0.0985 0.8454 0.2016 0.8087 0.2123 0.4796 0.8086 0.6928 0.7731
52 0.0963 0.0898 0.8511 0.1867 0.8141 0.2544 0.4700 0.7940 0.7253 0.7544
53 0.0847 0.0795 0.8609 0.1648 0.8271 0.2038 0.4712 0.8252 0.6760 0.7949
54 0.0741 0.0730 0.8755 0.1477 0.8404 0.2071 0.4631 0.8246 0.6712 0.7929
55 0.0707 0.0695 0.8666 0.1408 0.8321 0.2122 0.4632 0.8180 0.6764 0.7875
56 0.0709 0.0693 0.8680 0.1408 0.8368 0.2111 0.4585 0.8304 0.6707 0.7992
57 0.0694 0.0688 0.8766 0.1388 0.8443 0.2337 0.4656 0.8233 0.7005 0.7894
58 0.0763 0.0713 0.8643 0.1483 0.8317 0.2366 0.4612 0.8189 0.6990 0.7825
59 0.0802 0.0746 0.8652 0.1554 0.8304 0.1998 0.4591 0.8271 0.6599 0.7913
60 0.0885 0.0795 0.8575 0.1686 0.8244 0.2100 0.4868 0.8050 0.6978 0.7733
61 0.0886 0.0821 0.8528 0.1713 0.8173 0.2161 0.4634 0.8141 0.6806 0.7770
62 0.0933 0.0801 0.8591 0.1741 0.8263 0.2142 0.4657 0.8194 0.6811 0.7852
63 0.0778 0.0726 0.8684 0.1511 0.8341 0.1971 0.4576 0.8301 0.6558 0.7980
64 0.0669 0.0618 0.8790 0.1294 0.8478 0.2057 0.4545 0.8233 0.6614 0.7915
65 0.0690 0.0637 0.8714 0.1334 0.8372 0.1990 0.4558 0.8271 0.6559 0.7964
66 0.0632 0.0610 0.8745 0.1248 0.8436 0.2091 0.4558 0.8280 0.6661 0.7958
67 0.0632 0.0586 0.8802 0.1226 0.8499 0.2130 0.4568 0.8283 0.6710 0.7956
68 0.0599 0.0577 0.8757 0.1184 0.8439 0.2396 0.4517 0.8257 0.6927 0.7943
69 0.0709 0.0649 0.8714 0.1366 0.8388 0.2277 0.4733 0.8236 0.7022 0.7879
70 0.0874 0.0758 0.8577 0.1640 0.8249 0.1726 0.4646 0.8209 0.6383 0.7852
71 0.0896 0.0776 0.8574 0.1680 0.8223 0.2527 0.4640 0.7964 0.7181 0.7577
72 0.0955 0.0829 0.8609 0.1792 0.8272 0.1743 0.4540 0.8249 0.6295 0.7942
73 0.0822 0.0725 0.8669 0.1556 0.8349 0.2123 0.4569 0.8237 0.6704 0.7919
74 0.0635 0.0617 0.8748 0.1261 0.8437 0.1925 0.4478 0.8360 0.6415 0.8047
75 0.0606 0.0592 0.8787 0.1206 0.8508 0.2005 0.4506 0.8325 0.6523 0.8021
76 0.0577 0.0555 0.8788 0.1141 0.8488 0.2024 0.4523 0.8327 0.6560 0.8027
77 0.0580 0.0528 0.8786 0.1117 0.8470 0.2085 0.4427 0.8325 0.6525 0.8039
78 0.0609 0.0578 0.8737 0.1196 0.8423 0.2438 0.4412 0.8217 0.6862 0.7855
79 0.0724 0.0628 0.8645 0.1361 0.8322 0.2621 0.4991 0.7959 0.7624 0.7651
80 0.0758 0.0676 0.8590 0.1443 0.8236 0.1907 0.4461 0.8269 0.6380 0.7910
81 0.0729 0.0669 0.8646 0.1408 0.8313 0.4756 0.4706 0.7760 0.9481 0.7381
82 0.0695 0.0646 0.8711 0.1349 0.8385 0.2095 0.4451 0.8260 0.6558 0.7892
83 0.0653 0.0559 0.8788 0.1222 0.8497 0.1983 0.4387 0.8365 0.6383 0.7999
84 0.0545 0.0525 0.8810 0.1080 0.8519 0.1973 0.4389 0.8398 0.6376 0.8095
85 0.0548 0.0515 0.8868 0.1073 0.8575 0.2020 0.4370 0.8415 0.6404 0.8127
86 0.0528 0.0492 0.8815 0.1029 0.8527 0.1943 0.4405 0.8374 0.6361 0.8104
87 0.0586 0.0522 0.8809 0.1117 0.8496 0.1882 0.4306 0.8411 0.6201 0.8105
88 0.0529 0.0504 0.8858 0.1043 0.8552 0.2569 0.4526 0.8169 0.7110 0.7859
89 0.0826 0.0683 0.8644 0.1519 0.8315 0.2967 0.4718 0.8099 0.7700 0.7754
90 0.0943 0.0793 0.8598 0.1745 0.8260 0.2589 0.4692 0.8113 0.7295 0.7780
91 0.0814 0.0706 0.8595 0.1530 0.8279 0.2256 0.4742 0.7899 0.7009 0.7521
92 0.0733 0.0656 0.8663 0.1399 0.8321 0.2259 0.4479 0.8249 0.6751 0.7929
93 0.0641 0.0566 0.8738 0.1217 0.8443 0.2141 0.4421 0.8290 0.6577 0.7989
94 0.0587 0.0520 0.8808 0.1118 0.8513 0.2146 0.4423 0.8365 0.6584 0.8090
95 0.0522 0.0497 0.8814 0.1030 0.8528 0.2140 0.4410 0.8364 0.6565 0.8085
96 0.0538 0.0497 0.8823 0.1045 0.8521 0.2300 0.4424 0.8339 0.6740 0.8054
97 0.0520 0.0496 0.8798 0.1026 0.8508 0.2351 0.4542 0.8234 0.6908 0.7930
98 0.0605 0.0541 0.8809 0.1156 0.8500 0.2734 0.4468 0.8237 0.7218 0.7935
99 0.0614 0.0522 0.8798 0.1147 0.8490 0.2514 0.4425 0.8282 0.6954 0.7935
100 0.0898 0.0772 0.8570 0.1679 0.8228 0.2483 0.4687 0.7977 0.7184 0.7588
101 0.0733 0.0659 0.8657 0.1402 0.8322 0.2523 0.4716 0.8110 0.7254 0.7808
102 0.0718 0.0640 0.8643 0.1368 0.8321 0.2203 0.4373 0.8397 0.6590 0.8075
103 0.0614 0.0562 0.8790 0.1186 0.8470 0.2165 0.4479 0.8292 0.6658 0.7948
104 0.0531 0.0483 0.8806 0.1025 0.8498 0.2168 0.4262 0.8414 0.6444 0.8105
105 0.0510 0.0487 0.8786 0.1008 0.8478 0.2194 0.4268 0.8391 0.6476 0.8066
106 0.0494 0.0465 0.8869 0.0970 0.8576 0.2236 0.4369 0.8385 0.6621 0.8033
107 0.0526 0.0487 0.8787 0.1024 0.8505 0.2351 0.4536 0.8421 0.6903 0.8131
108 0.0550 0.0508 0.8809 0.1069 0.8509 0.2169 0.4543 0.8449 0.6728 0.8161
109 0.0530 0.0491 0.8806 0.1032 0.8508 0.2095 0.4524 0.8304 0.6633 0.7998
110 0.0707 0.0613 0.8639 0.1331 0.8309 0.2955 0.4594 0.7849 0.7564 0.7393
111 0.0833 0.0705 0.8567 0.1549 0.8217 0.3003 0.4122 0.8218 0.7143 0.7914
112 0.0698 0.0639 0.8724 0.1348 0.8383 0.2236 0.4559 0.8167 0.6809 0.7796
113 0.0605 0.0520 0.8776 0.1136 0.8479 0.2047 0.4180 0.8392 0.6242 0.8045
114 0.0570 0.0503 0.8777 0.1084 0.8463 0.1975 0.4280 0.8438 0.6270 0.8127
115 0.0533 0.0471 0.8851 0.1016 0.8557 0.2011 0.4261 0.8429 0.6288 0.8109
116 0.0486 0.0452 0.8857 0.0950 0.8551 0.2097 0.4247 0.8409 0.6359 0.8081
117 0.0455 0.0417 0.8905 0.0883 0.8618 0.2337 0.4290 0.8386 0.6644 0.8103
118 0.0508 0.0447 0.8844 0.0967 0.8548 0.2813 0.4306 0.8224 0.7135 0.7852
119 0.0567 0.0511 0.8765 0.1089 0.8441 0.2430 0.4431 0.8269 0.6876 0.7934
120 0.0580 0.0516 0.8757 0.1106 0.8428 0.2153 0.4377 0.8311 0.6544 0.7990
121 0.0657 0.0578 0.8788 0.1247 0.8441 0.2035 0.4543 0.8331 0.6592 0.8012
122 0.0619 0.0536 0.8778 0.1167 0.8467 0.2735 0.4533 0.8085 0.7283 0.7739
123 0.0571 0.0516 0.8735 0.1099 0.8424 0.2479 0.4467 0.8292 0.6962 0.7971
124 0.0450 0.0425 0.8886 0.0887 0.8600 0.2762 0.4235 0.8280 0.7015 0.7979
125 0.0468 0.0418 0.8939 0.0899 0.8634 0.2537 0.4316 0.8303 0.6871 0.8010
126 0.0401 0.0381 0.8932 0.0795 0.8654 0.2466 0.4363 0.8333 0.6846 0.8042
127 0.0431 0.0395 0.8973 0.0839 0.8701 0.2242 0.4411 0.8406 0.6670 0.8115
128 0.0495 0.0417 0.8903 0.0924 0.8610 0.2783 0.4292 0.8226 0.7092 0.7888
129 0.0488 0.0438 0.8890 0.0938 0.8592 0.2987 0.4340 0.8209 0.7346 0.7901
130 0.0672 0.0580 0.8737 0.1264 0.8391 0.4094 0.4891 0.7549 0.9002 0.7026
131 0.0758 0.0665 0.8679 0.1434 0.8340 0.2104 0.4674 0.8219 0.6791 0.7882
132 0.0620 0.0530 0.8835 0.1162 0.8540 0.2237 0.4383 0.8268 0.6636 0.7879
133 0.0514 0.0451 0.8804 0.0977 0.8507 0.2584 0.4104 0.8357 0.6704 0.8013
134 0.0478 0.0444 0.8872 0.0935 0.8583 0.2406 0.4313 0.8374 0.6737 0.8067
135 0.0451 0.0415 0.8964 0.0879 0.8697 0.2467 0.4281 0.8385 0.6766 0.8076
136 0.0476 0.0425 0.8932 0.0914 0.8652 0.2354 0.4199 0.8398 0.6571 0.8067
137 0.0417 0.0392 0.8993 0.0821 0.8712 0.2421 0.4242 0.8400 0.6681 0.8127
138 0.0419 0.0384 0.8965 0.0816 0.8669 0.2488 0.4449 0.8281 0.6955 0.7950
139 0.0488 0.0442 0.8853 0.0942 0.8528 0.2343 0.4367 0.8365 0.6727 0.8008
140 0.0682 0.0545 0.8729 0.1240 0.8427 0.3041 0.4751 0.8080 0.7809 0.7794
141 0.0751 0.0659 0.8657 0.1422 0.8333 0.2751 0.4716 0.8086 0.7482 0.7788
142 0.0624 0.0578 0.8749 0.1214 0.8432 0.2808 0.4349 0.8155 0.7174 0.7797
143 0.0575 0.0473 0.8883 0.1060 0.8586 0.2068 0.4492 0.8313 0.6576 0.8018
144 0.0488 0.0464 0.8884 0.0964 0.8601 0.2208 0.4468 0.8376 0.6693 0.8071
145 0.0431 0.0422 0.8948 0.0865 0.8669 0.2076 0.4463 0.8431 0.6556 0.8125
146 0.0437 0.0415 0.8943 0.0866 0.8655 0.2140 0.4390 0.8420 0.6547 0.8119
147 0.0437 0.0410 0.8916 0.0860 0.8613 0.2881 0.4584 0.8278 0.7482 0.7974
148 0.0477 0.0421 0.8843 0.0910 0.8548 0.2765 0.4340 0.8257 0.7123 0.7864
149 0.0575 0.0514 0.8792 0.1101 0.8471 0.2710 0.4526 0.8262 0.7252 0.7996
