epoch train_BCELoss train_SoftDiceLoss train_iou train_loss train_mAP val_BCELoss val_SoftDiceLoss val_iou val_loss val_mAP
0 0.6682 0.6768 0.0290 1.3436 0.0281 0.6761 0.7306 0.3527 1.4062 0.3527
1 0.6288 0.6594 0.1401 1.2863 0.1243 0.5265 0.6925 0.4105 1.2150 0.2908
2 0.4209 0.4737 0.6112 0.8864 0.5326 0.3256 0.6021 0.6656 0.9218 0.5877
3 0.3158 0.3746 0.6837 0.6847 0.6192 0.3229 0.5831 0.6993 0.9032 0.6277
4 0.2724 0.3272 0.7173 0.5966 0.6605 0.2728 0.5595 0.7296 0.8308 0.6689
5 0.2409 0.2892 0.7442 0.5283 0.6893 0.2410 0.5547 0.7339 0.7950 0.6809
6 0.2273 0.2756 0.7401 0.5016 0.6876 0.2315 0.5380 0.7459 0.7688 0.6970
7 0.2050 0.2456 0.7666 0.4494 0.7139 0.2271 0.5378 0.7624 0.7644 0.7154
8 0.1878 0.2282 0.7819 0.4149 0.7363 0.2104 0.5335 0.7759 0.7435 0.7326
9 0.1740 0.2127 0.7978 0.3856 0.7510 0.2058 0.5252 0.7809 0.7307 0.7350
10 0.1711 0.2126 0.7966 0.3825 0.7493 0.2036 0.5239 0.7836 0.7272 0.7381
11 0.1644 0.2077 0.7964 0.3710 0.7494 0.2084 0.5231 0.7799 0.7312 0.7353
12 0.1694 0.2051 0.7991 0.3734 0.7532 0.2137 0.5223 0.7879 0.7358 0.7481
13 0.1700 0.2045 0.7917 0.3736 0.7458 0.1793 0.5160 0.7795 0.6951 0.7335
14 0.1686 0.1974 0.7908 0.3652 0.7443 0.2197 0.5195 0.7875 0.7391 0.7463
15 0.1779 0.2043 0.7729 0.3815 0.7259 0.2330 0.5198 0.7593 0.7529 0.7135
16 0.1686 0.1891 0.7893 0.3572 0.7405 0.2192 0.5147 0.7741 0.7340 0.7261
17 0.1467 0.1677 0.8010 0.3138 0.7575 0.2088 0.5111 0.7768 0.7200 0.7330
18 0.1387 0.1581 0.8086 0.2963 0.7662 0.2170 0.5058 0.7965 0.7230 0.7607
19 0.1220 0.1461 0.8264 0.2676 0.7861 0.1901 0.5006 0.8080 0.6909 0.7723
20 0.1224 0.1419 0.8234 0.2636 0.7852 0.1859 0.4967 0.8114 0.6828 0.7723
21 0.1172 0.1380 0.8304 0.2546 0.7942 0.1972 0.5008 0.8061 0.6982 0.7685
22 0.1206 0.1410 0.8261 0.2610 0.7850 0.1972 0.4954 0.8000 0.6927 0.7658
23 0.1286 0.1436 0.8219 0.2717 0.7830 0.2286 0.4956 0.7959 0.7248 0.7622
24 0.1330 0.1459 0.8115 0.2784 0.7683 0.2215 0.5082 0.7849 0.7302 0.7411
25 0.1339 0.1428 0.8105 0.2763 0.7662 0.7870 0.6589 0.5828 1.4489 0.5362
26 0.1446 0.1497 0.8080 0.2941 0.7632 0.1916 0.4952 0.7983 0.6872 0.7556
27 0.1228 0.1322 0.8215 0.2547 0.7812 0.2066 0.4904 0.8085 0.6975 0.7703
28 0.1096 0.1211 0.8312 0.2304 0.7893 0.2217 0.4881 0.8087 0.7104 0.7669
29 0.0987 0.1113 0.8511 0.2097 0.8115 0.2126 0.4859 0.8096 0.6990 0.7718
30 0.0955 0.1076 0.8420 0.2027 0.8054 0.2098 0.4837 0.8106 0.6941 0.7704
31 0.0927 0.1052 0.8504 0.1975 0.8109 0.2033 0.4795 0.8149 0.6833 0.7768
32 0.0911 0.1018 0.8464 0.1925 0.8101 0.2194 0.4861 0.8093 0.7062 0.7761
33 0.0961 0.1019 0.8489 0.1977 0.8096 0.2270 0.4759 0.8215 0.7038 0.7871
34 0.1175 0.1196 0.8291 0.2369 0.7879 0.2569 0.4903 0.7880 0.7484 0.7541
35 0.1179 0.1174 0.8253 0.2352 0.7839 0.2250 0.4990 0.7793 0.7248 0.7411
36 0.1154 0.1150 0.8275 0.2304 0.7862 0.2328 0.4689 0.8112 0.7028 0.7766
37 0.1075 0.1098 0.8388 0.2173 0.7989 0.2135 0.4759 0.8058 0.6902 0.7683
38 0.0907 0.0933 0.8457 0.1839 0.8084 0.2020 0.4746 0.8143 0.6772 0.7763
39 0.0935 0.0938 0.8484 0.1873 0.8082 0.2048 0.4640 0.8199 0.6695 0.7839
40 0.0801 0.0873 0.8536 0.1673 0.8176 0.1957 0.4637 0.8233 0.6601 0.7860
41 0.0803 0.0857 0.8568 0.1660 0.8196 0.2118 0.4676 0.8168 0.6801 0.7796
42 0.0810 0.0834 0.8518 0.1643 0.8154 0.2481 0.4722 0.8142 0.7214 0.7715
43 0.0861 0.0895 0.8491 0.1754 0.8141 0.2311 0.4764 0.8069 0.7087 0.7737
44 0.1053 0.1007 0.8397 0.2061 0.8032 0.2194 0.4830 0.8011 0.7033 0.7628
45 0.1150 0.1090 0.8331 0.2241 0.7922 0.2544 0.4881 0.7857 0.7438 0.7468
46 0.0989 0.0991 0.8385 0.1982 0.7992 0.2141 0.4675 0.8187 0.6827 0.7831
47 0.0948 0.0911 0.8479 0.1861 0.8090 0.2202 0.4660 0.8181 0.6874 0.7825
48 0.0783 0.0792 0.8528 0.1577 0.8162 0.2089 0.4733 0.8145 0.6834 0.7806
49 0.0724 0.0759 0.8611 0.1485 0.8254 0.2142 0.4739 0.8107 0.6893 0.7776
50 0.0754 0.0784 0.8624 0.1539 0.8283 0.2099 0.4724 0.8090 0.6834 0.7750
51 0.0712 0.0740 0.8649 0.1454 0.8309 0.2215 0.4741 0.8042 0.6968 0.7681
52 0.0691 0.0707 0.8596 0.1399 0.8224 0.2509 0.4708 0.8076 0.7231 0.7717
53 0.0725 0.0726 0.8616 0.1453 0.8270 0.2957 0.4732 0.7894 0.7708 0.7488
54 0.0861 0.0785 0.8528 0.1650 0.8147 0.2622 0.4667 0.8052 0.7306 0.7624
55 0.1112 0.1016 0.8341 0.2132 0.7942 0.4126 0.4875 0.7746 0.9028 0.7369
56 0.1008 0.0932 0.8445 0.1944 0.8050 0.2758 0.4880 0.7901 0.7654 0.7480
57 0.0813 0.0789 0.8580 0.1606 0.8224 0.2383 0.4607 0.8172 0.7006 0.7817
58 0.0718 0.0731 0.8651 0.1453 0.8287 0.2076 0.4584 0.8299 0.6675 0.7954
59 0.0641 0.0662 0.8661 0.1307 0.8292 0.2120 0.4588 0.8201 0.6722 0.7828
60 0.0646 0.0654 0.8665 0.1304 0.8295 0.2116 0.4551 0.8245 0.6683 0.7874
61 0.0602 0.0596 0.8739 0.1203 0.8424 0.2204 0.4538 0.8320 0.6757 0.7971
62 0.0635 0.0651 0.8685 0.1290 0.8343 0.2090 0.4575 0.8333 0.6680 0.7969
63 0.0668 0.0643 0.8715 0.1316 0.8366 0.2466 0.4606 0.8268 0.7091 0.7926
64 0.0817 0.0759 0.8480 0.1581 0.8093 0.2523 0.4465 0.8093 0.7003 0.7686
65 0.0937 0.0849 0.8465 0.1792 0.8083 0.2091 0.4829 0.7998 0.6935 0.7627
66 0.0884 0.0833 0.8445 0.1722 0.8076 0.2079 0.4769 0.7990 0.6859 0.7568
67 0.0725 0.0723 0.8586 0.1453 0.8226 0.2217 0.4706 0.8123 0.6939 0.7769
68 0.0683 0.0658 0.8680 0.1347 0.8333 0.2458 0.4543 0.8181 0.7019 0.7811
69 0.0592 0.0568 0.8732 0.1165 0.8396 0.2199 0.4577 0.8263 0.6792 0.7927
70 0.0579 0.0563 0.8786 0.1148 0.8464 0.2234 0.4569 0.8237 0.6820 0.7901
71 0.0564 0.0555 0.8734 0.1125 0.8409 0.2127 0.4534 0.8298 0.6677 0.7965
72 0.0557 0.0526 0.8791 0.1090 0.8434 0.2226 0.4550 0.8317 0.6793 0.7985
73 0.0661 0.0614 0.8735 0.1282 0.8401 0.2784 0.4371 0.8087 0.7172 0.7711
74 0.0836 0.0746 0.8601 0.1589 0.8227 0.3931 0.4817 0.7596 0.8771 0.7069
75 0.0773 0.0705 0.8575 0.1485 0.8226 0.2662 0.4665 0.8047 0.7345 0.7681
76 0.0852 0.0798 0.8560 0.1657 0.8157 0.2784 0.4890 0.8058 0.7694 0.7722
77 0.0806 0.0743 0.8552 0.1556 0.8185 0.2495 0.4606 0.8190 0.7117 0.7808
78 0.0663 0.0633 0.8621 0.1303 0.8277 0.2400 0.4534 0.8291 0.6953 0.7972
79 0.0599 0.0574 0.8749 0.1181 0.8406 0.2486 0.4575 0.8197 0.7078 0.7821
80 0.0566 0.0550 0.8757 0.1123 0.8437 0.2456 0.4603 0.8192 0.7077 0.7829
81 0.0544 0.0517 0.8750 0.1068 0.8419 0.2431 0.4568 0.8252 0.7018 0.7908
82 0.0561 0.0539 0.8780 0.1108 0.8456 0.2612 0.4569 0.8137 0.7202 0.7827
83 0.0610 0.0566 0.8715 0.1184 0.8348 0.3276 0.4774 0.7827 0.8072 0.7432
84 0.0729 0.0652 0.8662 0.1389 0.8310 0.2470 0.4648 0.8115 0.7136 0.7704
85 0.0743 0.0649 0.8615 0.1400 0.8270 0.2586 0.4748 0.8097 0.7351 0.7759
86 0.0754 0.0675 0.8618 0.1437 0.8244 0.2791 0.4659 0.8138 0.7467 0.7815
87 0.0789 0.0686 0.8539 0.1484 0.8162 0.2653 0.4617 0.8146 0.7290 0.7767
88 0.0642 0.0597 0.8692 0.1248 0.8348 0.2865 0.4672 0.8070 0.7558 0.7724
89 0.0557 0.0540 0.8760 0.1106 0.8415 0.2795 0.4561 0.8181 0.7378 0.7833
90 0.0506 0.0482 0.8773 0.0997 0.8434 0.2848 0.4541 0.8178 0.7411 0.7821
91 0.0530 0.0494 0.8815 0.1033 0.8487 0.2751 0.4546 0.8185 0.7319 0.7827
92 0.0603 0.0549 0.8719 0.1161 0.8375 0.2737 0.4561 0.8187 0.7319 0.7848
93 0.0550 0.0509 0.8832 0.1069 0.8483 0.2811 0.4483 0.8276 0.7317 0.7968
94 0.0598 0.0536 0.8770 0.1143 0.8428 0.3111 0.4431 0.8198 0.7564 0.7817
95 0.0712 0.0614 0.8692 0.1336 0.8345 0.2950 0.4565 0.8082 0.7536 0.7647
96 0.0887 0.0746 0.8494 0.1642 0.8120 0.2305 0.4721 0.8103 0.7043 0.7769
97 0.0700 0.0646 0.8623 0.1355 0.8244 0.2364 0.4477 0.8292 0.6859 0.7923
98 0.0628 0.0591 0.8656 0.1228 0.8307 0.2490 0.4481 0.8251 0.6990 0.7913
99 0.0552 0.0500 0.8786 0.1062 0.8451 0.2590 0.4455 0.8284 0.7065 0.7950
