epoch train_BCELoss train_SoftDiceLoss train_iou train_loss train_mAP val_BCELoss val_SoftDiceLoss val_iou val_loss val_mAP
0 0.8131 0.6452 0.0885 1.4570 0.0058 0.7362 0.7052 0.1457 1.4413 0.1359
1 0.6718 0.5966 0.4575 1.2664 0.4016 0.5739 0.6607 0.5609 1.2329 0.5071
2 0.5024 0.4872 0.6194 0.9874 0.5530 0.4318 0.6149 0.6790 1.0452 0.6080
3 0.3920 0.4117 0.6841 0.8025 0.6174 0.3798 0.5839 0.6929 0.9631 0.6232
4 0.3275 0.3662 0.7275 0.6929 0.6687 0.3896 0.5727 0.6951 0.9623 0.6208
5 0.2933 0.3387 0.7435 0.6314 0.6890 0.3283 0.5853 0.6939 0.9133 0.6412
6 0.2609 0.3142 0.7639 0.5746 0.7105 0.2742 0.5671 0.7546 0.8409 0.7073
7 0.2298 0.2843 0.7902 0.5136 0.7394 0.2750 0.5462 0.7593 0.8210 0.7110
8 0.2095 0.2697 0.8062 0.4787 0.7581 0.2434 0.5535 0.7706 0.7966 0.7191
9 0.1952 0.2571 0.8138 0.4519 0.7679 0.2435 0.5434 0.7778 0.7868 0.7272
10 0.1882 0.2489 0.8223 0.4366 0.7768 0.2418 0.5429 0.7796 0.7846 0.7300
11 0.1847 0.2455 0.8270 0.4297 0.7845 0.2330 0.5425 0.7821 0.7754 0.7364
12 0.1762 0.2372 0.8319 0.4129 0.7875 0.2312 0.5363 0.7842 0.7675 0.7393
13 0.1706 0.2312 0.8296 0.4014 0.7860 0.2350 0.5310 0.7810 0.7659 0.7285
14 0.1742 0.2275 0.8142 0.4014 0.7682 0.2996 0.5451 0.7398 0.8448 0.6882
15 0.1664 0.2169 0.8031 0.3829 0.7582 0.2774 0.5406 0.7245 0.8181 0.6704
16 0.1620 0.2087 0.8112 0.3704 0.7684 0.2779 0.5421 0.7505 0.8203 0.7050
17 0.1393 0.1892 0.8308 0.3282 0.7888 0.2236 0.5299 0.7818 0.7536 0.7386
18 0.1328 0.1816 0.8360 0.3142 0.7966 0.1981 0.5177 0.7993 0.7159 0.7586
19 0.1155 0.1648 0.8540 0.2800 0.8172 0.2113 0.5160 0.7994 0.7275 0.7523
20 0.1125 0.1629 0.8605 0.2752 0.8232 0.2111 0.5163 0.7982 0.7276 0.7550
21 0.1067 0.1562 0.8627 0.2627 0.8283 0.2061 0.5126 0.8058 0.7188 0.7629
22 0.1062 0.1555 0.8602 0.2615 0.8239 0.2041 0.5094 0.8036 0.7137 0.7617
23 0.0997 0.1459 0.8654 0.2453 0.8298 0.2445 0.5156 0.7806 0.7605 0.7394
24 0.1021 0.1452 0.8563 0.2470 0.8204 0.2162 0.5109 0.7943 0.7273 0.7477
25 0.1320 0.1640 0.8169 0.2958 0.7718 0.2021 0.5023 0.7947 0.7048 0.7467
26 0.1171 0.1485 0.8320 0.2654 0.7909 0.2489 0.5155 0.7765 0.7649 0.7290
27 0.0969 0.1305 0.8487 0.2273 0.8110 0.2265 0.5011 0.7983 0.7280 0.7590
28 0.0876 0.1197 0.8625 0.2071 0.8262 0.2258 0.4976 0.8068 0.7238 0.7677
29 0.0809 0.1144 0.8702 0.1951 0.8384 0.2064 0.4921 0.8159 0.6989 0.7804
30 0.0736 0.1086 0.8751 0.1820 0.8439 0.2062 0.4940 0.8151 0.7007 0.7788
31 0.0736 0.1068 0.8775 0.1802 0.8463 0.2088 0.4930 0.8172 0.7022 0.7845
32 0.0734 0.1063 0.8732 0.1795 0.8412 0.2137 0.4961 0.8105 0.7102 0.7749
33 0.0772 0.1082 0.8656 0.1851 0.8317 0.2105 0.4925 0.8161 0.7033 0.7779
34 0.0824 0.1073 0.8579 0.1895 0.8210 0.2172 0.4862 0.8011 0.7040 0.7609
35 0.0990 0.1136 0.8469 0.2124 0.8087 0.3095 0.5073 0.7791 0.8174 0.7375
36 0.0869 0.1057 0.8486 0.1925 0.8113 0.2269 0.4869 0.8013 0.7143 0.7633
37 0.0723 0.0940 0.8629 0.1662 0.8291 0.2349 0.4864 0.8031 0.7220 0.7679
38 0.0638 0.0846 0.8747 0.1483 0.8434 0.2260 0.4824 0.8035 0.7090 0.7643
39 0.0571 0.0800 0.8802 0.1370 0.8489 0.2241 0.4781 0.8087 0.7028 0.7689
40 0.0553 0.0770 0.8840 0.1323 0.8539 0.2264 0.4780 0.8105 0.7051 0.7708
41 0.0547 0.0770 0.8853 0.1316 0.8555 0.2137 0.4753 0.8183 0.6896 0.7835
42 0.0539 0.0753 0.8884 0.1291 0.8580 0.2169 0.4751 0.8186 0.6926 0.7833
43 0.0509 0.0704 0.8914 0.1212 0.8633 0.2280 0.4770 0.8082 0.7057 0.7744
44 0.0508 0.0695 0.8897 0.1203 0.8593 0.2304 0.4736 0.8143 0.7047 0.7796
45 0.0506 0.0671 0.8927 0.1177 0.8622 0.2313 0.4696 0.8146 0.7018 0.7737
46 0.0498 0.0659 0.8892 0.1156 0.8575 0.2575 0.4722 0.8148 0.7306 0.7772
47 0.0586 0.0706 0.8831 0.1292 0.8528 0.2258 0.4768 0.8107 0.7034 0.7779
48 0.0464 0.0605 0.8922 0.1069 0.8629 0.2460 0.4642 0.8086 0.7111 0.7721
49 0.0421 0.0572 0.9000 0.0993 0.8731 0.2428 0.4629 0.8149 0.7065 0.7794
50 0.0395 0.0545 0.9045 0.0941 0.8787 0.2430 0.4622 0.8115 0.7061 0.7744
51 0.0403 0.0542 0.9020 0.0946 0.8764 0.2412 0.4627 0.8155 0.7048 0.7805
52 0.0414 0.0552 0.9002 0.0966 0.8739 0.2291 0.4646 0.8120 0.6945 0.7758
53 0.0404 0.0539 0.8988 0.0942 0.8706 0.2458 0.4618 0.8198 0.7086 0.7830
54 0.0401 0.0510 0.8977 0.0910 0.8712 0.2536 0.4602 0.8131 0.7147 0.7737
55 0.0545 0.0613 0.8770 0.1159 0.8445 0.2440 0.4638 0.8113 0.7084 0.7691
56 0.0652 0.0688 0.8574 0.1343 0.8204 0.2708 0.4771 0.7833 0.7491 0.7352
57 0.0667 0.0709 0.8630 0.1377 0.8282 0.2674 0.4919 0.7927 0.7606 0.7565
58 0.0666 0.0676 0.8703 0.1344 0.8359 0.2600 0.4754 0.7991 0.7370 0.7612
59 0.0455 0.0529 0.8901 0.0985 0.8619 0.2527 0.4635 0.8164 0.7175 0.7818
60 0.0410 0.0498 0.8972 0.0909 0.8695 0.2667 0.4624 0.8170 0.7306 0.7848
61 0.0393 0.0479 0.8955 0.0873 0.8683 0.2708 0.4634 0.8171 0.7357 0.7818
62 0.0386 0.0469 0.8993 0.0855 0.8722 0.2706 0.4638 0.8196 0.7360 0.7845
63 0.0409 0.0476 0.8985 0.0885 0.8719 0.2779 0.4645 0.8117 0.7439 0.7811
64 0.0564 0.0606 0.8748 0.1170 0.8427 0.2608 0.4686 0.7924 0.7308 0.7581
65 0.0778 0.0779 0.8443 0.1558 0.8073 0.2658 0.4656 0.7902 0.7325 0.7444
66 0.0591 0.0592 0.8679 0.1185 0.8353 0.2825 0.4611 0.8110 0.7449 0.7762
67 0.0549 0.0566 0.8740 0.1117 0.8446 0.2459 0.4460 0.8210 0.6929 0.7882
68 0.0419 0.0467 0.8894 0.0888 0.8607 0.2302 0.4464 0.8256 0.6780 0.7930
69 0.0374 0.0436 0.8983 0.0812 0.8704 0.2392 0.4343 0.8300 0.6746 0.7975
70 0.0347 0.0426 0.9025 0.0773 0.8764 0.2257 0.4380 0.8333 0.6647 0.7999
71 0.0349 0.0414 0.9024 0.0764 0.8742 0.2446 0.4366 0.8276 0.6824 0.7964
72 0.0346 0.0399 0.9045 0.0745 0.8780 0.2167 0.4345 0.8311 0.6518 0.7996
73 0.0415 0.0453 0.8947 0.0868 0.8682 0.2360 0.4469 0.8203 0.6843 0.7806
74 0.0401 0.0445 0.8904 0.0846 0.8622 0.3108 0.4504 0.8048 0.7634 0.7741
75 0.0574 0.0566 0.8777 0.1141 0.8442 0.3213 0.4661 0.7934 0.7896 0.7537
76 0.0520 0.0526 0.8810 0.1049 0.8486 0.3151 0.4685 0.8009 0.7864 0.7714
77 0.0432 0.0439 0.8946 0.0872 0.8653 0.2881 0.4452 0.8151 0.7354 0.7850
78 0.0381 0.0413 0.8981 0.0794 0.8705 0.2775 0.4580 0.8245 0.7376 0.7919
79 0.0329 0.0375 0.9052 0.0705 0.8793 0.3012 0.4427 0.8223 0.7461 0.7902
80 0.0311 0.0360 0.9033 0.0672 0.8778 0.3149 0.4374 0.8256 0.7547 0.7941
81 0.0313 0.0361 0.9086 0.0674 0.8839 0.2905 0.4430 0.8223 0.7355 0.7922
82 0.0307 0.0351 0.9080 0.0659 0.8844 0.2773 0.4486 0.8250 0.7275 0.7934
83 0.0298 0.0342 0.9091 0.0640 0.8832 0.3137 0.4316 0.8225 0.7480 0.7898
84 0.0332 0.0360 0.9057 0.0694 0.8800 0.2707 0.4369 0.8312 0.7099 0.7960
85 0.0439 0.0431 0.8907 0.0872 0.8614 0.3231 0.4781 0.7979 0.8050 0.7652
86 0.0434 0.0436 0.8864 0.0874 0.8563 0.3206 0.4475 0.8058 0.7712 0.7684
87 0.0414 0.0404 0.8959 0.0822 0.8672 0.3048 0.4507 0.8171 0.7587 0.7839
88 0.0312 0.0344 0.9051 0.0660 0.8794 0.3228 0.4402 0.8252 0.7669 0.7917
89 0.0295 0.0322 0.9086 0.0620 0.8847 0.3187 0.4497 0.8277 0.7722 0.7971
90 0.0267 0.0302 0.9157 0.0572 0.8930 0.3081 0.4526 0.8275 0.7641 0.7962
91 0.0270 0.0304 0.9131 0.0577 0.8896 0.3101 0.4504 0.8293 0.7639 0.7991
92 0.0274 0.0298 0.9112 0.0576 0.8874 0.3265 0.4397 0.8271 0.7705 0.7964
93 0.0273 0.0305 0.9110 0.0581 0.8878 0.3234 0.4372 0.8262 0.7650 0.7943
94 0.0270 0.0291 0.9137 0.0565 0.8896 0.3135 0.4419 0.8219 0.7593 0.7866
95 0.0327 0.0331 0.9071 0.0663 0.8808 0.4100 0.4665 0.7820 0.8814 0.7377
96 0.0640 0.0571 0.8677 0.1217 0.8341 0.2775 0.4575 0.8052 0.7369 0.7690
97 0.0489 0.0467 0.8817 0.0966 0.8502 0.3165 0.4366 0.8020 0.7558 0.7658
98 0.0364 0.0384 0.8943 0.0757 0.8663 0.2861 0.4482 0.8233 0.7372 0.7901
99 0.0293 0.0311 0.9088 0.0613 0.8838 0.2700 0.4386 0.8268 0.7116 0.7934
