epoch train_BCELoss train_SoftDiceLoss train_iou train_loss train_mAP val_BCELoss val_SoftDiceLoss val_iou val_loss val_mAP
0 0.4368 0.4837 0.5465 0.9149 0.4927 0.3367 0.5831 0.6707 0.9169 0.6017
1 0.2653 0.3165 0.7263 0.5788 0.6687 0.2315 0.5501 0.7520 0.7803 0.7090
2 0.2290 0.2740 0.7534 0.5009 0.7017 0.2170 0.5365 0.7757 0.7526 0.7334
3 0.2034 0.2487 0.7748 0.4504 0.7283 0.2001 0.5301 0.7819 0.7296 0.7398
4 0.1888 0.2341 0.7841 0.4215 0.7384 0.1866 0.5242 0.7952 0.7101 0.7573
5 0.1729 0.2197 0.7988 0.3912 0.7553 0.1862 0.5233 0.7895 0.7089 0.7508
6 0.1726 0.2161 0.8015 0.3873 0.7554 0.1882 0.5204 0.7977 0.7082 0.7596
7 0.1784 0.2159 0.8002 0.3931 0.7570 0.1988 0.5178 0.7968 0.7162 0.7587
8 0.1756 0.2124 0.7921 0.3869 0.7485 0.1933 0.5110 0.8005 0.7040 0.7719
9 0.1702 0.1962 0.8022 0.3655 0.7604 0.2209 0.5146 0.7923 0.7356 0.7580
10 0.1682 0.1882 0.7962 0.3557 0.7554 0.2182 0.5078 0.7813 0.7262 0.7414
11 0.1587 0.1767 0.8054 0.3348 0.7647 0.2032 0.5027 0.7935 0.7062 0.7689
12 0.1409 0.1574 0.8162 0.2979 0.7765 0.1727 0.4904 0.8227 0.6635 0.7941
13 0.1277 0.1470 0.8294 0.2743 0.7927 0.1723 0.4869 0.8227 0.6595 0.7950
14 0.1147 0.1309 0.8443 0.2453 0.8072 0.1504 0.4806 0.8339 0.6313 0.8073
15 0.1108 0.1251 0.8479 0.2355 0.8121 0.1536 0.4807 0.8293 0.6346 0.8029
16 0.1129 0.1281 0.8447 0.2407 0.8111 0.1593 0.4828 0.8318 0.6425 0.8055
17 0.1206 0.1369 0.8365 0.2572 0.8020 0.1724 0.4805 0.8267 0.6533 0.7960
18 0.1222 0.1318 0.8336 0.2537 0.7979 0.1686 0.4819 0.8166 0.6510 0.7838
19 0.1419 0.1459 0.8183 0.2878 0.7790 0.1812 0.4810 0.8100 0.6628 0.7769
20 0.1314 0.1331 0.8299 0.2646 0.7921 0.1987 0.4788 0.8121 0.6783 0.7846
21 0.1172 0.1204 0.8342 0.2377 0.7996 0.1531 0.4685 0.8297 0.6222 0.7992
22 0.1139 0.1155 0.8399 0.2297 0.8060 0.1588 0.4720 0.8326 0.6316 0.7980
23 0.1059 0.1108 0.8466 0.2169 0.8111 0.1639 0.4693 0.8276 0.6341 0.8020
24 0.0956 0.0997 0.8607 0.1955 0.8274 0.1512 0.4592 0.8385 0.6112 0.8107
25 0.0939 0.0989 0.8576 0.1930 0.8251 0.1487 0.4588 0.8435 0.6083 0.8143
26 0.0907 0.0955 0.8573 0.1865 0.8259 0.1459 0.4592 0.8456 0.6059 0.8217
27 0.0963 0.0986 0.8589 0.1952 0.8255 0.1696 0.4599 0.8357 0.6304 0.8081
28 0.1043 0.1047 0.8466 0.2093 0.8110 0.1638 0.4639 0.8424 0.6286 0.8163
29 0.1056 0.1022 0.8495 0.2082 0.8138 0.1673 0.4632 0.8353 0.6314 0.8066
30 0.1129 0.1048 0.8454 0.2181 0.8086 0.1585 0.4700 0.8282 0.6295 0.8016
31 0.1067 0.1006 0.8459 0.2079 0.8110 0.1988 0.4582 0.8273 0.6581 0.7961
32 0.0918 0.0891 0.8577 0.1815 0.8243 0.1699 0.4501 0.8423 0.6211 0.8117
33 0.0859 0.0855 0.8612 0.1720 0.8287 0.1759 0.4555 0.8331 0.6326 0.8049
34 0.0778 0.0765 0.8732 0.1550 0.8422 0.1571 0.4501 0.8483 0.6083 0.8215
35 0.0777 0.0770 0.8710 0.1553 0.8385 0.1609 0.4488 0.8464 0.6110 0.8192
36 0.0763 0.0758 0.8759 0.1527 0.8455 0.1780 0.4541 0.8386 0.6334 0.8097
37 0.0784 0.0757 0.8708 0.1547 0.8393 0.1783 0.4491 0.8417 0.6287 0.8112
38 0.0775 0.0758 0.8657 0.1541 0.8341 0.1988 0.4444 0.8325 0.6446 0.8049
39 0.0964 0.0901 0.8514 0.1872 0.8160 0.2040 0.4625 0.8301 0.6678 0.7970
40 0.0985 0.0900 0.8515 0.1892 0.8175 0.1958 0.4530 0.8085 0.6501 0.7762
41 0.1024 0.0940 0.8506 0.1973 0.8165 0.1735 0.4567 0.8419 0.6316 0.8183
42 0.0933 0.0865 0.8627 0.1806 0.8301 0.1889 0.4575 0.8364 0.6477 0.8058
43 0.0784 0.0742 0.8697 0.1535 0.8369 0.1687 0.4459 0.8455 0.6159 0.8192
44 0.0699 0.0666 0.8778 0.1374 0.8492 0.1598 0.4421 0.8511 0.6033 0.8252
45 0.0660 0.0649 0.8801 0.1318 0.8500 0.1586 0.4397 0.8593 0.5997 0.8330
46 0.0679 0.0651 0.8800 0.1339 0.8500 0.1813 0.4455 0.8442 0.6283 0.8177
47 0.0700 0.0665 0.8756 0.1374 0.8443 0.1792 0.4534 0.8460 0.6340 0.8212
48 0.0697 0.0658 0.8823 0.1364 0.8478 0.1981 0.4489 0.8435 0.6486 0.8186
49 0.0864 0.0806 0.8698 0.1679 0.8380 0.1602 0.4449 0.8477 0.6066 0.8208
50 0.0871 0.0784 0.8655 0.1665 0.8322 0.1889 0.4532 0.8271 0.6436 0.7931
51 0.0916 0.0853 0.8530 0.1778 0.8184 0.2202 0.4534 0.8086 0.6751 0.7737
52 0.0864 0.0783 0.8616 0.1657 0.8281 0.2053 0.4476 0.8201 0.6545 0.7864
53 0.0727 0.0691 0.8741 0.1428 0.8445 0.1713 0.4578 0.8486 0.6306 0.8214
54 0.0653 0.0621 0.8811 0.1284 0.8503 0.1771 0.4348 0.8569 0.6136 0.8316
55 0.0526 0.0523 0.8847 0.1060 0.8575 0.1703 0.4365 0.8585 0.6084 0.8330
56 0.0570 0.0548 0.8862 0.1128 0.8563 0.1775 0.4349 0.8574 0.6142 0.8311
57 0.0631 0.0586 0.8857 0.1227 0.8543 0.2007 0.4468 0.8382 0.6492 0.8087
58 0.0671 0.0599 0.8829 0.1280 0.8527 0.1867 0.4459 0.8525 0.6343 0.8290
59 0.0700 0.0650 0.8738 0.1361 0.8437 0.2225 0.4497 0.8407 0.6739 0.8119
60 0.1004 0.0864 0.8568 0.1878 0.8224 0.2564 0.4514 0.8154 0.7096 0.7795
61 0.0792 0.0714 0.8636 0.1516 0.8295 0.1776 0.4521 0.8353 0.6313 0.8061
62 0.0686 0.0620 0.8734 0.1317 0.8437 0.1927 0.4397 0.8441 0.6341 0.8202
63 0.0640 0.0567 0.8833 0.1218 0.8542 0.1932 0.4401 0.8442 0.6351 0.8194
64 0.0579 0.0535 0.8845 0.1125 0.8561 0.1942 0.4347 0.8476 0.6307 0.8232
65 0.0527 0.0511 0.8901 0.1050 0.8605 0.1900 0.4335 0.8487 0.6254 0.8228
66 0.0552 0.0528 0.8857 0.1092 0.8560 0.1937 0.4336 0.8518 0.6292 0.8270
67 0.0527 0.0497 0.8889 0.1035 0.8615 0.1789 0.4337 0.8525 0.6144 0.8280
68 0.0579 0.0544 0.8864 0.1135 0.8573 0.1607 0.4385 0.8468 0.6009 0.8221
69 0.0697 0.0598 0.8806 0.1306 0.8496 0.2168 0.4504 0.8326 0.6687 0.8006
70 0.0850 0.0729 0.8629 0.1591 0.8308 0.1838 0.4597 0.8285 0.6450 0.7991
71 0.0806 0.0692 0.8717 0.1509 0.8408 0.2846 0.4931 0.7908 0.7795 0.7644
72 0.0674 0.0608 0.8750 0.1294 0.8439 0.2297 0.4430 0.8433 0.6747 0.8195
73 0.0548 0.0514 0.8836 0.1074 0.8552 0.2381 0.4527 0.8409 0.6927 0.8166
74 0.0528 0.0493 0.8883 0.1033 0.8595 0.2192 0.4505 0.8467 0.6717 0.8234
75 0.0474 0.0457 0.8943 0.0944 0.8659 0.2246 0.4464 0.8476 0.6729 0.8242
76 0.0525 0.0483 0.8895 0.1020 0.8620 0.2329 0.4422 0.8417 0.6771 0.8194
77 0.0511 0.0473 0.8904 0.0997 0.8626 0.2094 0.4400 0.8463 0.6513 0.8235
78 0.0572 0.0511 0.8885 0.1095 0.8596 0.1856 0.4406 0.8395 0.6281 0.8087
79 0.0685 0.0615 0.8818 0.1313 0.8514 0.2437 0.4558 0.8271 0.7013 0.7978
80 0.0733 0.0639 0.8706 0.1383 0.8379 0.2053 0.4535 0.8315 0.6605 0.8010
81 0.0696 0.0607 0.8760 0.1315 0.8470 0.1902 0.4391 0.8392 0.6312 0.8133
82 0.0590 0.0548 0.8822 0.1151 0.8516 0.2515 0.4419 0.8451 0.6954 0.8194
83 0.0578 0.0504 0.8886 0.1096 0.8598 0.2070 0.4406 0.8468 0.6495 0.8233
84 0.0517 0.0471 0.8928 0.1001 0.8653 0.2195 0.4319 0.8490 0.6534 0.8221
85 0.0469 0.0436 0.8939 0.0919 0.8647 0.2332 0.4323 0.8463 0.6676 0.8217
86 0.0463 0.0426 0.8957 0.0902 0.8675 0.2096 0.4309 0.8533 0.6424 0.8283
87 0.0442 0.0417 0.8980 0.0872 0.8713 0.2354 0.4323 0.8511 0.6697 0.8281
88 0.0520 0.0471 0.8833 0.1005 0.8547 0.2170 0.4412 0.8523 0.6601 0.8292
89 0.0551 0.0487 0.8891 0.1051 0.8604 0.3199 0.4913 0.7874 0.8131 0.7574
90 0.0931 0.0755 0.8652 0.1698 0.8318 0.1837 0.4494 0.8151 0.6345 0.7835
91 0.0780 0.0690 0.8696 0.1482 0.8369 0.1893 0.4401 0.8438 0.6312 0.8147
92 0.0618 0.0591 0.8782 0.1221 0.8497 0.1687 0.4406 0.8425 0.6111 0.8138
93 0.0527 0.0478 0.8913 0.1019 0.8619 0.1984 0.4339 0.8456 0.6342 0.8183
94 0.0474 0.0440 0.8937 0.0927 0.8666 0.2215 0.4276 0.8551 0.6511 0.8298
95 0.0473 0.0423 0.8933 0.0910 0.8670 0.2055 0.4307 0.8535 0.6382 0.8273
96 0.0447 0.0415 0.8951 0.0875 0.8687 0.1919 0.4296 0.8588 0.6234 0.8342
97 0.0481 0.0434 0.8926 0.0928 0.8646 0.1693 0.4212 0.8666 0.5924 0.8407
98 0.0526 0.0468 0.8899 0.1007 0.8624 0.1980 0.4362 0.8581 0.6362 0.8315
99 0.0605 0.0548 0.8840 0.1166 0.8558 0.2764 0.4725 0.8073 0.7505 0.7768
100 0.0797 0.0698 0.8691 0.1508 0.8376 0.1846 0.4378 0.8396 0.6242 0.8115
101 0.0663 0.0587 0.8793 0.1263 0.8506 0.1830 0.4354 0.8448 0.6202 0.8144
102 0.0559 0.0496 0.8832 0.1068 0.8523 0.2051 0.4423 0.8411 0.6493 0.8113
103 0.0502 0.0471 0.8887 0.0987 0.8588 0.2014 0.4301 0.8507 0.6335 0.8240
104 0.0457 0.0416 0.8940 0.0887 0.8663 0.2076 0.4326 0.8524 0.6422 0.8242
105 0.0447 0.0415 0.8998 0.0876 0.8734 0.2069 0.4310 0.8527 0.6399 0.8266
106 0.0439 0.0399 0.8981 0.0852 0.8713 0.1961 0.4260 0.8568 0.6241 0.8278
107 0.0430 0.0403 0.8998 0.0847 0.8720 0.2072 0.4291 0.8538 0.6384 0.8273
108 0.0483 0.0430 0.8949 0.0926 0.8659 0.2152 0.4262 0.8493 0.6435 0.8222
109 0.0555 0.0477 0.8894 0.1045 0.8595 0.2138 0.4490 0.8257 0.6646 0.7920
110 0.0661 0.0599 0.8756 0.1273 0.8445 0.2615 0.4531 0.8290 0.7167 0.8001
111 0.0599 0.0539 0.8823 0.1152 0.8522 0.2077 0.4314 0.8503 0.6412 0.8252
112 0.0522 0.0472 0.8886 0.1007 0.8606 0.2054 0.4391 0.8519 0.6464 0.8228
113 0.0455 0.0419 0.8962 0.0889 0.8691 0.2015 0.4269 0.8560 0.6305 0.8299
114 0.0416 0.0381 0.9011 0.0812 0.8749 0.2175 0.4243 0.8549 0.6439 0.8300
115 0.0413 0.0389 0.9025 0.0817 0.8749 0.2115 0.4234 0.8558 0.6370 0.8315
116 0.0370 0.0359 0.9049 0.0744 0.8780 0.2094 0.4232 0.8562 0.6347 0.8327
117 0.0403 0.0364 0.8978 0.0781 0.8715 0.2087 0.4220 0.8589 0.6329 0.8325
118 0.0451 0.0419 0.8985 0.0884 0.8709 0.2520 0.4304 0.8429 0.6844 0.8151
119 0.0574 0.0500 0.8907 0.1089 0.8629 0.1979 0.4288 0.8456 0.6287 0.8203
120 0.0639 0.0530 0.8837 0.1183 0.8541 0.1703 0.4333 0.8328 0.6054 0.8055
121 0.0603 0.0521 0.8824 0.1136 0.8520 0.3103 0.4631 0.8148 0.7752 0.7859
122 0.0564 0.0522 0.8826 0.1100 0.8533 0.2139 0.4388 0.8520 0.6547 0.8283
123 0.0472 0.0441 0.8957 0.0927 0.8695 0.2154 0.4267 0.8545 0.6442 0.8306
124 0.0393 0.0366 0.9010 0.0774 0.8726 0.2218 0.4263 0.8556 0.6502 0.8316
125 0.0373 0.0350 0.9039 0.0738 0.8771 0.2252 0.4258 0.8562 0.6532 0.8321
126 0.0364 0.0344 0.9054 0.0723 0.8790 0.2471 0.4274 0.8525 0.6766 0.8280
127 0.0365 0.0339 0.9072 0.0720 0.8820 0.2483 0.4261 0.8524 0.6767 0.8307
128 0.0470 0.0417 0.8927 0.0902 0.8646 0.3173 0.4436 0.8313 0.7632 0.8037
129 0.0561 0.0486 0.8841 0.1060 0.8554 0.2392 0.4322 0.8475 0.6734 0.8175
130 0.0676 0.0561 0.8806 0.1250 0.8499 0.2507 0.4266 0.8506 0.6793 0.8289
131 0.0560 0.0487 0.8927 0.1061 0.8638 0.2159 0.4392 0.8463 0.6571 0.8214
132 0.0513 0.0469 0.8933 0.0996 0.8646 0.1988 0.4244 0.8567 0.6252 0.8308
133 0.0394 0.0369 0.9020 0.0777 0.8754 0.2291 0.4264 0.8515 0.6575 0.8241
134 0.0366 0.0345 0.9044 0.0726 0.8784 0.2429 0.4217 0.8518 0.6667 0.8253
135 0.0370 0.0341 0.9016 0.0726 0.8755 0.2373 0.4199 0.8568 0.6594 0.8294
136 0.0375 0.0347 0.9049 0.0737 0.8778 0.2137 0.4201 0.8597 0.6359 0.8328
137 0.0360 0.0340 0.9021 0.0715 0.8768 0.2130 0.4306 0.8563 0.6457 0.8348
138 0.0374 0.0349 0.9028 0.0738 0.8766 0.2187 0.4216 0.8497 0.6423 0.8265
139 0.0432 0.0397 0.8918 0.0844 0.8638 0.2826 0.4219 0.8474 0.7068 0.8219
140 0.0600 0.0531 0.8756 0.1145 0.8463 0.2961 0.4577 0.8253 0.7557 0.7971
141 0.0632 0.0560 0.8805 0.1206 0.8520 0.1941 0.4324 0.8477 0.6286 0.8185
142 0.0520 0.0470 0.8898 0.1004 0.8607 0.1960 0.4245 0.8559 0.6225 0.8338
143 0.0400 0.0382 0.9012 0.0798 0.8746 0.2292 0.4218 0.8565 0.6532 0.8299
144 0.0380 0.0347 0.9004 0.0743 0.8740 0.2088 0.4195 0.8606 0.6305 0.8345
145 0.0356 0.0328 0.9073 0.0699 0.8816 0.2143 0.4182 0.8604 0.6347 0.8357
146 0.0333 0.0321 0.9089 0.0670 0.8841 0.2033 0.4179 0.8613 0.6233 0.8369
147 0.0383 0.0347 0.9029 0.0746 0.8751 0.2218 0.4195 0.8614 0.6435 0.8331
148 0.0414 0.0362 0.9030 0.0791 0.8766 0.1884 0.4380 0.8580 0.6283 0.8327
149 0.0427 0.0405 0.8928 0.0846 0.8650 0.2191 0.4341 0.8518 0.6553 0.8214
