epoch train_BCELoss train_SoftDiceLoss train_iou train_loss train_mAP val_BCELoss val_SoftDiceLoss val_iou val_loss val_mAP
0 0.7374 0.6620 0.0186 1.3979 0.0000 0.7068 0.7175 0.2936 1.4239 0.2935
1 0.6220 0.6148 0.4346 1.2349 0.3972 0.5216 0.6714 0.5556 1.1910 0.5061
2 0.4221 0.4556 0.6433 0.8732 0.5795 0.4560 0.5885 0.6591 1.0418 0.5839
3 0.3261 0.3736 0.7042 0.6954 0.6464 0.3072 0.5704 0.7296 0.8754 0.6724
4 0.2932 0.3388 0.7307 0.6290 0.6745 0.3056 0.5593 0.7436 0.8638 0.6886
5 0.2662 0.3228 0.7409 0.5867 0.6932 0.2618 0.5641 0.7449 0.8247 0.6979
6 0.2391 0.2934 0.7580 0.5305 0.7142 0.2404 0.5454 0.7744 0.7847 0.7317
7 0.2253 0.2803 0.7685 0.5037 0.7240 0.2461 0.5420 0.7834 0.7872 0.7411
8 0.2044 0.2556 0.7906 0.4581 0.7467 0.2202 0.5390 0.7910 0.7582 0.7501
9 0.1997 0.2504 0.7874 0.4483 0.7451 0.2291 0.5281 0.7996 0.7563 0.7535
10 0.1856 0.2404 0.7977 0.4242 0.7549 0.2101 0.5307 0.8033 0.7399 0.7618
11 0.1861 0.2412 0.8010 0.4255 0.7599 0.2185 0.5338 0.8009 0.7513 0.7604
12 0.1919 0.2410 0.8023 0.4311 0.7596 0.2363 0.5251 0.8088 0.7607 0.7644
13 0.1864 0.2313 0.7983 0.4160 0.7567 0.2395 0.5298 0.7854 0.7685 0.7448
14 0.1812 0.2244 0.7960 0.4040 0.7551 0.2199 0.5205 0.7913 0.7398 0.7452
15 0.1855 0.2238 0.8021 0.4078 0.7615 0.2223 0.5283 0.8013 0.7500 0.7626
16 0.1764 0.2113 0.7966 0.3864 0.7548 0.2053 0.5121 0.8119 0.7169 0.7732
17 0.1621 0.1960 0.8135 0.3568 0.7756 0.2173 0.5122 0.7965 0.7291 0.7578
18 0.1438 0.1849 0.8196 0.3274 0.7818 0.2000 0.5168 0.8028 0.7164 0.7674
19 0.1366 0.1749 0.8303 0.3102 0.7919 0.1715 0.5034 0.8227 0.6743 0.7872
20 0.1358 0.1705 0.8337 0.3050 0.7963 0.1732 0.5045 0.8214 0.6772 0.7875
21 0.1342 0.1709 0.8334 0.3038 0.7974 0.1869 0.5051 0.8145 0.6916 0.7791
22 0.1337 0.1690 0.8265 0.3014 0.7891 0.1842 0.5041 0.8167 0.6879 0.7874
23 0.1411 0.1697 0.8271 0.3096 0.7891 0.1872 0.5022 0.8155 0.6890 0.7796
24 0.1440 0.1733 0.8223 0.3162 0.7844 0.2051 0.5058 0.8017 0.7106 0.7669
25 0.1432 0.1675 0.8215 0.3098 0.7809 0.2296 0.5128 0.8030 0.7425 0.7616
26 0.1376 0.1622 0.8161 0.2989 0.7810 0.1809 0.4999 0.8239 0.6806 0.7905
27 0.1270 0.1524 0.8273 0.2785 0.7918 0.1743 0.4930 0.8222 0.6672 0.7903
28 0.1209 0.1401 0.8397 0.2602 0.8043 0.1759 0.4867 0.8355 0.6625 0.8022
29 0.1102 0.1359 0.8439 0.2453 0.8098 0.1743 0.4860 0.8285 0.6602 0.7992
30 0.1058 0.1304 0.8438 0.2353 0.8098 0.1692 0.4868 0.8303 0.6559 0.8017
31 0.0988 0.1239 0.8580 0.2218 0.8251 0.1770 0.4878 0.8318 0.6646 0.7997
32 0.0999 0.1238 0.8501 0.2229 0.8151 0.1819 0.4851 0.8293 0.6670 0.7948
33 0.1090 0.1306 0.8416 0.2388 0.8065 0.1881 0.4872 0.8317 0.6752 0.7975
34 0.1212 0.1354 0.8319 0.2559 0.7943 0.1934 0.4933 0.8176 0.6869 0.7837
35 0.1314 0.1403 0.8150 0.2711 0.7757 0.2097 0.4857 0.8076 0.6955 0.7688
36 0.1242 0.1347 0.8269 0.2584 0.7884 0.1889 0.4856 0.8090 0.6747 0.7679
37 0.1148 0.1253 0.8381 0.2396 0.8040 0.1842 0.4803 0.8270 0.6648 0.7952
38 0.1037 0.1169 0.8409 0.2201 0.8070 0.1776 0.4785 0.8302 0.6562 0.8016
39 0.0874 0.1052 0.8562 0.1922 0.8240 0.1620 0.4723 0.8427 0.6345 0.8128
40 0.0917 0.1054 0.8572 0.1967 0.8224 0.1633 0.4701 0.8440 0.6336 0.8134
41 0.0867 0.1031 0.8591 0.1894 0.8249 0.1713 0.4721 0.8414 0.6436 0.8099
42 0.0913 0.1053 0.8584 0.1962 0.8248 0.1634 0.4730 0.8355 0.6366 0.8040
43 0.0961 0.1064 0.8519 0.2021 0.8179 0.1543 0.4742 0.8385 0.6287 0.8069
44 0.0932 0.1047 0.8532 0.1976 0.8168 0.2183 0.4760 0.8188 0.6946 0.7859
45 0.1091 0.1125 0.8432 0.2214 0.8072 0.2036 0.4741 0.8255 0.6782 0.7943
46 0.1155 0.1164 0.8390 0.2318 0.8028 0.1850 0.4868 0.8340 0.6723 0.7981
47 0.1035 0.1069 0.8402 0.2104 0.8057 0.1670 0.4678 0.8305 0.6353 0.7962
48 0.0901 0.0969 0.8565 0.1869 0.8220 0.1923 0.4661 0.8272 0.6589 0.7931
49 0.0794 0.0880 0.8610 0.1673 0.8251 0.2033 0.4676 0.8395 0.6714 0.8098
50 0.0736 0.0828 0.8678 0.1564 0.8346 0.2013 0.4667 0.8412 0.6685 0.8114
51 0.0794 0.0869 0.8688 0.1662 0.8360 0.2023 0.4686 0.8327 0.6715 0.8045
52 0.0721 0.0812 0.8723 0.1533 0.8390 0.2195 0.4694 0.8267 0.6895 0.7968
53 0.0798 0.0856 0.8638 0.1655 0.8302 0.1781 0.4693 0.8191 0.6479 0.7802
54 0.1014 0.1050 0.8349 0.2064 0.8002 0.2133 0.4743 0.8038 0.6882 0.7688
55 0.1125 0.1073 0.8320 0.2200 0.7937 0.2603 0.4768 0.8017 0.7375 0.7658
56 0.1115 0.1089 0.8341 0.2206 0.7971 0.2000 0.4727 0.8239 0.6733 0.7940
57 0.0951 0.0971 0.8529 0.1924 0.8165 0.1638 0.4685 0.8329 0.6329 0.8035
58 0.0847 0.0889 0.8508 0.1738 0.8179 0.1764 0.4605 0.8379 0.6376 0.8094
59 0.0743 0.0799 0.8667 0.1544 0.8336 0.1643 0.4477 0.8447 0.6127 0.8116
60 0.0714 0.0754 0.8710 0.1470 0.8389 0.1626 0.4474 0.8422 0.6106 0.8121
61 0.0683 0.0745 0.8669 0.1430 0.8348 0.1721 0.4497 0.8432 0.6224 0.8126
62 0.0700 0.0748 0.8631 0.1450 0.8293 0.2087 0.4476 0.8381 0.6568 0.8109
63 0.0710 0.0750 0.8685 0.1461 0.8354 0.2409 0.4671 0.8178 0.7088 0.7867
64 0.0822 0.0795 0.8609 0.1620 0.8280 0.2160 0.4646 0.8275 0.6815 0.8018
65 0.0909 0.0875 0.8540 0.1789 0.8196 0.2257 0.4573 0.8222 0.6839 0.7866
66 0.0881 0.0854 0.8594 0.1739 0.8261 0.2109 0.4592 0.8393 0.6708 0.8106
67 0.0788 0.0782 0.8583 0.1575 0.8229 0.2198 0.4553 0.8161 0.6759 0.7795
68 0.0737 0.0747 0.8651 0.1488 0.8330 0.2316 0.4538 0.8271 0.6863 0.7929
69 0.0626 0.0646 0.8759 0.1277 0.8458 0.2365 0.4551 0.8338 0.6926 0.8037
70 0.0592 0.0625 0.8753 0.1222 0.8424 0.2317 0.4556 0.8344 0.6884 0.8036
71 0.0603 0.0606 0.8786 0.1214 0.8492 0.2337 0.4530 0.8355 0.6877 0.8048
72 0.0590 0.0623 0.8772 0.1217 0.8467 0.2120 0.4515 0.8363 0.6644 0.8086
73 0.0608 0.0631 0.8725 0.1244 0.8406 0.2158 0.4512 0.8297 0.6679 0.8032
74 0.0746 0.0724 0.8658 0.1474 0.8330 0.2012 0.4467 0.8317 0.6488 0.8018
75 0.0858 0.0753 0.8541 0.1616 0.8219 0.3336 0.4875 0.8051 0.8224 0.7712
76 0.1077 0.0908 0.8447 0.1991 0.8089 0.2305 0.4810 0.7948 0.7126 0.7622
77 0.0764 0.0768 0.8601 0.1539 0.8272 0.2102 0.4495 0.8256 0.6606 0.7973
78 0.0664 0.0653 0.8704 0.1323 0.8366 0.2356 0.4540 0.8258 0.6907 0.7985
79 0.0639 0.0629 0.8669 0.1274 0.8340 0.2405 0.4533 0.8257 0.6949 0.7971
80 0.0581 0.0587 0.8789 0.1175 0.8450 0.2344 0.4487 0.8328 0.6842 0.8009
81 0.0553 0.0560 0.8813 0.1119 0.8497 0.2426 0.4448 0.8340 0.6886 0.8047
82 0.0585 0.0577 0.8827 0.1168 0.8517 0.2093 0.4510 0.8275 0.6613 0.7958
83 0.0670 0.0640 0.8683 0.1317 0.8382 0.2202 0.4675 0.8232 0.6890 0.7914
84 0.0697 0.0661 0.8653 0.1365 0.8318 0.2198 0.4518 0.8329 0.6726 0.8039
85 0.0777 0.0680 0.8639 0.1464 0.8330 0.2393 0.4640 0.8203 0.7043 0.7872
86 0.0834 0.0740 0.8610 0.1581 0.8285 0.2113 0.4554 0.8342 0.6679 0.8050
87 0.0727 0.0664 0.8649 0.1398 0.8324 0.2386 0.4330 0.8374 0.6727 0.8094
88 0.0608 0.0583 0.8727 0.1199 0.8410 0.2390 0.4404 0.8377 0.6807 0.8116
89 0.0541 0.0539 0.8792 0.1088 0.8494 0.2387 0.4473 0.8317 0.6872 0.8041
90 0.0524 0.0522 0.8802 0.1053 0.8507 0.2330 0.4443 0.8334 0.6785 0.8039
91 0.0529 0.0539 0.8801 0.1075 0.8497 0.2140 0.4509 0.8364 0.6662 0.8086
92 0.0529 0.0533 0.8792 0.1070 0.8490 0.2532 0.4407 0.8350 0.6951 0.8085
93 0.0517 0.0508 0.8823 0.1033 0.8512 0.2850 0.4472 0.8275 0.7333 0.8013
94 0.0591 0.0562 0.8765 0.1162 0.8446 0.2450 0.4691 0.8231 0.7154 0.7893
95 0.0838 0.0742 0.8556 0.1587 0.8223 0.2694 0.4741 0.7945 0.7447 0.7583
96 0.0865 0.0731 0.8650 0.1605 0.8319 0.2515 0.4305 0.8259 0.6833 0.7900
97 0.0674 0.0629 0.8626 0.1311 0.8306 0.2486 0.4525 0.8261 0.7025 0.7934
98 0.0607 0.0555 0.8812 0.1171 0.8515 0.2047 0.4454 0.8354 0.6514 0.8050
99 0.0545 0.0522 0.8788 0.1076 0.8487 0.2154 0.4458 0.8403 0.6626 0.8059
