epoch train_BCELoss train_SoftDiceLoss train_iou train_loss train_mAP val_BCELoss val_SoftDiceLoss val_iou val_loss val_mAP
0 0.4938 0.5280 0.4791 1.0209 0.3904 0.3907 0.4572 0.6533 0.8473 0.5964
1 0.3129 0.3747 0.6927 0.6871 0.6259 0.2936 0.3228 0.7066 0.6161 0.6489
2 0.2604 0.3237 0.7288 0.5839 0.6681 0.2900 0.2790 0.7355 0.5688 0.6682
3 0.2245 0.2894 0.7552 0.5139 0.6989 0.2318 0.2585 0.7708 0.4903 0.7192
4 0.1960 0.2589 0.7816 0.4549 0.7312 0.2211 0.2446 0.7666 0.4657 0.7166
5 0.1769 0.2383 0.7830 0.4153 0.7327 0.2191 0.2262 0.7892 0.4455 0.7421
6 0.1529 0.2103 0.8021 0.3634 0.7567 0.2000 0.2149 0.7672 0.4150 0.7127
7 0.1442 0.1958 0.8128 0.3402 0.7675 0.2165 0.2027 0.7969 0.4195 0.7554
8 0.1414 0.1869 0.8064 0.3286 0.7623 0.2041 0.1994 0.7699 0.4037 0.7151
9 0.1183 0.1642 0.8229 0.2829 0.7822 0.1986 0.1822 0.8053 0.3812 0.7645
10 0.1106 0.1529 0.8347 0.2639 0.7954 0.1773 0.1724 0.8056 0.3501 0.7575
11 0.1037 0.1474 0.8398 0.2515 0.7994 0.1814 0.1727 0.8004 0.3545 0.7526
12 0.1011 0.1457 0.8501 0.2472 0.8132 0.1732 0.1716 0.8083 0.3453 0.7618
13 0.1019 0.1455 0.8441 0.2479 0.8064 0.1694 0.1696 0.8125 0.3395 0.7657
14 0.0966 0.1402 0.8493 0.2373 0.8113 0.1718 0.1672 0.8095 0.3394 0.7619
15 0.0954 0.1395 0.8470 0.2354 0.8084 0.1707 0.1667 0.8103 0.3379 0.7635
16 0.0937 0.1374 0.8517 0.2317 0.8157 0.1710 0.1678 0.8009 0.3392 0.7541
17 0.0938 0.1383 0.8500 0.2326 0.8135 0.1701 0.1678 0.8087 0.3384 0.7628
18 0.0945 0.1403 0.8519 0.2353 0.8154 0.1702 0.1663 0.8092 0.3370 0.7632
19 0.0963 0.1409 0.8507 0.2378 0.8132 0.1716 0.1671 0.8079 0.3391 0.7618
20 0.0960 0.1360 0.8419 0.2325 0.8036 0.1868 0.1575 0.8016 0.3447 0.7554
21 0.0964 0.1295 0.8388 0.2265 0.8002 0.1793 0.1563 0.7985 0.3362 0.7599
22 0.1052 0.1300 0.8332 0.2357 0.7920 0.1919 0.1581 0.8069 0.3505 0.7622
23 0.1096 0.1342 0.8177 0.2443 0.7763 0.1872 0.1571 0.8066 0.3447 0.7632
24 0.1009 0.1228 0.8288 0.2243 0.7895 0.1860 0.1625 0.7916 0.3492 0.7500
25 0.0851 0.1104 0.8455 0.1962 0.8088 0.1731 0.1411 0.8122 0.3149 0.7718
26 0.0721 0.0989 0.8601 0.1718 0.8259 0.1714 0.1403 0.8173 0.3124 0.7790
27 0.0705 0.0968 0.8610 0.1681 0.8278 0.1707 0.1377 0.8098 0.3092 0.7693
28 0.0674 0.0940 0.8664 0.1622 0.8348 0.1717 0.1375 0.8087 0.3099 0.7676
29 0.0670 0.0917 0.8727 0.1596 0.8413 0.1647 0.1351 0.8100 0.3006 0.7690
30 0.0632 0.0892 0.8727 0.1533 0.8412 0.1688 0.1369 0.8064 0.3064 0.7623
31 0.0641 0.0896 0.8706 0.1546 0.8376 0.1674 0.1358 0.8100 0.3039 0.7688
32 0.0643 0.0929 0.8678 0.1581 0.8355 0.1681 0.1360 0.8095 0.3048 0.7680
33 0.0628 0.0887 0.8732 0.1523 0.8405 0.1692 0.1360 0.8103 0.3059 0.7682
34 0.0644 0.0919 0.8725 0.1571 0.8406 0.1684 0.1360 0.8095 0.3052 0.7676
35 0.0773 0.0988 0.8515 0.1768 0.8159 0.2164 0.1542 0.7635 0.3711 0.7121
36 0.1023 0.1139 0.8320 0.2168 0.7937 0.1915 0.1533 0.7758 0.3455 0.7222
37 0.0838 0.0992 0.8419 0.1838 0.8035 0.1701 0.1329 0.7995 0.3038 0.7546
38 0.0759 0.0901 0.8499 0.1669 0.8148 0.1935 0.1399 0.8282 0.3344 0.7883
39 0.0688 0.0803 0.8599 0.1500 0.8271 0.1802 0.1130 0.8218 0.2939 0.7796
40 0.0571 0.0729 0.8756 0.1311 0.8466 0.1536 0.1143 0.8373 0.2688 0.7956
41 0.0536 0.0683 0.8812 0.1230 0.8512 0.1592 0.1143 0.8373 0.2745 0.7969
42 0.0493 0.0653 0.8858 0.1158 0.8574 0.1531 0.1103 0.8353 0.2644 0.7950
43 0.0485 0.0643 0.8880 0.1140 0.8601 0.1578 0.1128 0.8325 0.2716 0.7919
44 0.0481 0.0631 0.8912 0.1124 0.8624 0.1576 0.1118 0.8338 0.2703 0.7932
45 0.0484 0.0620 0.8890 0.1116 0.8629 0.1563 0.1104 0.8326 0.2676 0.7925
46 0.0484 0.0639 0.8844 0.1134 0.8574 0.1588 0.1130 0.8289 0.2726 0.7879
47 0.0472 0.0627 0.8909 0.1111 0.8634 0.1586 0.1122 0.8322 0.2718 0.7930
48 0.0482 0.0634 0.8859 0.1129 0.8583 0.1580 0.1113 0.8323 0.2702 0.7925
49 0.0482 0.0636 0.8909 0.1130 0.8645 0.1596 0.1120 0.8356 0.2725 0.7981
50 0.0482 0.0639 0.8906 0.1133 0.8634 0.1559 0.1107 0.8323 0.2676 0.7934
51 0.0481 0.0628 0.8939 0.1121 0.8672 0.1583 0.1118 0.8359 0.2711 0.7972
52 0.0477 0.0629 0.8905 0.1118 0.8643 0.1594 0.1120 0.8388 0.2724 0.8007
53 0.0483 0.0636 0.8868 0.1131 0.8595 0.1561 0.1099 0.8333 0.2670 0.7944
54 0.0474 0.0635 0.8881 0.1121 0.8614 0.1615 0.1130 0.8302 0.2754 0.7896
55 0.0476 0.0629 0.8875 0.1117 0.8619 0.1563 0.1101 0.8362 0.2675 0.7974
56 0.0472 0.0628 0.8909 0.1111 0.8637 0.1576 0.1110 0.8318 0.2696 0.7929
57 0.0457 0.0619 0.8900 0.1088 0.8640 0.1580 0.1109 0.8284 0.2698 0.7876
58 0.0459 0.0619 0.8909 0.1091 0.8647 0.1566 0.1105 0.8334 0.2681 0.7940
59 0.0468 0.0613 0.8914 0.1094 0.8647 0.1565 0.1088 0.8314 0.2662 0.7917
