epoch train_BCELoss train_SoftDiceLoss train_iou train_loss train_mAP val_BCELoss val_SoftDiceLoss val_iou val_loss val_mAP
0 0.6377 0.6686 0.4001 1.7142 0.3997 0.5727 0.7035 0.3897 1.5159 0.3540
1 0.4487 0.5439 0.6093 1.2251 0.5333 0.3801 0.6469 0.6621 1.0278 0.6075
2 0.3634 0.4677 0.6890 0.9849 0.6290 0.3676 0.6392 0.6717 0.9922 0.6191
3 0.3375 0.4410 0.7198 0.9083 0.6606 0.3290 0.6206 0.7088 0.8795 0.6568
4 0.3175 0.4196 0.7295 0.8679 0.6746 0.3197 0.6054 0.7331 0.8591 0.6888
5 0.3073 0.4061 0.7463 0.8257 0.6933 0.3175 0.6081 0.7349 0.8449 0.6878
6 0.3026 0.4003 0.7438 0.8277 0.6898 0.3216 0.6186 0.7146 0.8619 0.6624
7 0.2986 0.3962 0.7457 0.8273 0.6893 0.3161 0.6121 0.7236 0.8708 0.6840
8 0.2973 0.3988 0.7477 0.8224 0.6948 0.3111 0.5896 0.7470 0.8594 0.7002
9 0.2833 0.3826 0.7565 0.7946 0.7043 0.2893 0.5866 0.7564 0.8013 0.7180
10 0.2764 0.3754 0.7649 0.7714 0.7137 0.2900 0.5777 0.7454 0.8549 0.7046
11 0.2603 0.3560 0.7681 0.7500 0.7212 0.2648 0.5804 0.7474 0.7542 0.7135
12 0.2469 0.3462 0.7875 0.6937 0.7404 0.2653 0.5813 0.7681 0.7151 0.7375
13 0.2309 0.3248 0.8020 0.6367 0.7587 0.2438 0.5619 0.7893 0.6710 0.7539
14 0.2268 0.3203 0.8027 0.6339 0.7626 0.2290 0.5595 0.7908 0.6475 0.7604
15 0.2175 0.3122 0.8151 0.6021 0.7732 0.2331 0.5611 0.7917 0.6496 0.7581
16 0.2160 0.3079 0.8152 0.6022 0.7730 0.2287 0.5495 0.8064 0.6250 0.7739
17 0.2116 0.3042 0.8093 0.6011 0.7659 0.2409 0.5490 0.7956 0.6857 0.7616
18 0.2155 0.3044 0.8025 0.6295 0.7581 0.2433 0.5555 0.7871 0.6723 0.7518
19 0.2178 0.3023 0.7964 0.6548 0.7528 0.2136 0.5425 0.7914 0.6481 0.7528
20 0.2233 0.3110 0.7889 0.6729 0.7463 0.2642 0.5757 0.7396 0.7759 0.7119
21 0.2231 0.3135 0.7960 0.6581 0.7519 0.2387 0.5676 0.7769 0.6874 0.7564
22 0.1993 0.2876 0.8101 0.5894 0.7721 0.2152 0.5438 0.7995 0.6284 0.7732
23 0.1931 0.2778 0.8217 0.5719 0.7816 0.2152 0.5414 0.7963 0.6211 0.7722
24 0.1831 0.2650 0.8269 0.5375 0.7905 0.2045 0.5387 0.8081 0.5946 0.7811
25 0.1756 0.2589 0.8398 0.5056 0.8016 0.2021 0.5366 0.8098 0.5827 0.7821
26 0.1766 0.2611 0.8386 0.5105 0.8002 0.1962 0.5317 0.8147 0.5782 0.7874
27 0.1777 0.2582 0.8322 0.5239 0.7927 0.1861 0.5312 0.8052 0.5743 0.7802
28 0.1792 0.2597 0.8216 0.5477 0.7843 0.2031 0.5444 0.8080 0.5880 0.7766
29 0.1905 0.2693 0.8186 0.5781 0.7776 0.2192 0.5408 0.7869 0.6480 0.7610
30 0.1858 0.2667 0.8157 0.5663 0.7786 0.2058 0.5474 0.7689 0.6559 0.7496
31 0.1887 0.2668 0.8135 0.5845 0.7757 0.2379 0.5382 0.7913 0.7178 0.7605
32 0.1708 0.2439 0.8281 0.5266 0.7918 0.2050 0.5238 0.8185 0.5923 0.7940
33 0.1615 0.2358 0.8384 0.5019 0.8026 0.1815 0.5210 0.8126 0.5504 0.7877
34 0.1489 0.2177 0.8491 0.4578 0.8118 0.1813 0.5126 0.8258 0.5458 0.8002
35 0.1430 0.2124 0.8454 0.4568 0.8105 0.1755 0.5115 0.8317 0.5350 0.8018
36 0.1498 0.2197 0.8488 0.4596 0.8131 0.1785 0.5109 0.8253 0.5482 0.8002
37 0.1561 0.2245 0.8435 0.4825 0.8071 0.1944 0.5201 0.8056 0.6032 0.7821
38 0.1653 0.2359 0.8327 0.5148 0.7968 0.1985 0.5170 0.8007 0.6315 0.7777
39 0.1785 0.2527 0.8254 0.5515 0.7882 0.1855 0.5259 0.8061 0.5733 0.7798
40 0.1697 0.2403 0.8256 0.5357 0.7878 0.1958 0.5183 0.8032 0.6107 0.7705
41 0.1733 0.2453 0.8260 0.5449 0.7892 0.1959 0.5252 0.8073 0.5766 0.7813
42 0.1587 0.2304 0.8425 0.4945 0.8076 0.1790 0.5174 0.8206 0.5503 0.7954
43 0.1503 0.2224 0.8458 0.4700 0.8082 0.1769 0.5153 0.8197 0.5549 0.7956
44 0.1460 0.2131 0.8494 0.4558 0.8146 0.1725 0.5164 0.8324 0.5259 0.8096
45 0.1403 0.2085 0.8547 0.4397 0.8218 0.1691 0.5095 0.8381 0.5209 0.8153
46 0.1361 0.2015 0.8560 0.4340 0.8235 0.1595 0.5054 0.8393 0.5025 0.8187
47 0.1352 0.1989 0.8519 0.4428 0.8177 0.1663 0.5021 0.8418 0.5210 0.8196
48 0.1365 0.1955 0.8504 0.4520 0.8137 0.1535 0.4939 0.8238 0.5186 0.7926
49 0.1553 0.2208 0.8299 0.5139 0.7947 0.2807 0.5387 0.7413 0.8720 0.7144
50 0.1624 0.2324 0.8288 0.5255 0.7939 0.2002 0.5064 0.7988 0.6382 0.7638
51 0.1520 0.2198 0.8381 0.4930 0.8041 0.1790 0.5094 0.8255 0.5438 0.7968
52 0.1487 0.2165 0.8446 0.4716 0.8109 0.1594 0.5068 0.8286 0.5114 0.8039
53 0.1337 0.1919 0.8523 0.4372 0.8184 0.1737 0.5055 0.8305 0.5344 0.8073
54 0.1265 0.1885 0.8611 0.4107 0.8285 0.1572 0.4984 0.8382 0.4971 0.8146
55 0.1241 0.1798 0.8590 0.4118 0.8249 0.1599 0.4987 0.8380 0.5043 0.8143
56 0.1230 0.1832 0.8637 0.4015 0.8308 0.1475 0.4945 0.8484 0.4688 0.8234
57 0.1353 0.1968 0.8518 0.4400 0.8189 0.1753 0.5094 0.8157 0.5455 0.7960
58 0.1294 0.1890 0.8542 0.4329 0.8199 0.1910 0.5070 0.8263 0.5964 0.8016
59 0.1407 0.2023 0.8373 0.4774 0.8030 0.2041 0.5247 0.7990 0.6146 0.7752
60 0.1566 0.2183 0.8335 0.5126 0.7984 0.2055 0.5175 0.7951 0.6433 0.7635
61 0.1495 0.2151 0.8376 0.4899 0.8030 0.1669 0.5016 0.8272 0.5325 0.8004
62 0.1343 0.1933 0.8514 0.4460 0.8182 0.1529 0.4979 0.8331 0.4987 0.8093
63 0.1240 0.1858 0.8633 0.4036 0.8287 0.1600 0.4884 0.8396 0.5022 0.8153
64 0.1238 0.1836 0.8636 0.4019 0.8291 0.1576 0.4911 0.8401 0.4958 0.8161
65 0.1156 0.1712 0.8710 0.3771 0.8392 0.1625 0.4900 0.8406 0.5073 0.8169
66 0.1185 0.1744 0.8679 0.3846 0.8362 0.1633 0.4892 0.8383 0.5140 0.8156
67 0.1190 0.1713 0.8634 0.4015 0.8291 0.1579 0.4891 0.8443 0.5010 0.8167
68 0.1299 0.1860 0.8535 0.4337 0.8204 0.1987 0.5034 0.8168 0.6019 0.7911
69 0.1423 0.2001 0.8510 0.4645 0.8149 0.1777 0.5038 0.8167 0.5709 0.7929
70 0.1405 0.2008 0.8539 0.4558 0.8210 0.1802 0.5070 0.8176 0.5609 0.7891
71 0.1436 0.2051 0.8450 0.4745 0.8113 0.1694 0.5074 0.8268 0.5247 0.8016
72 0.1325 0.1909 0.8522 0.4361 0.8151 0.1778 0.4962 0.8224 0.5529 0.7975
73 0.1199 0.1756 0.8664 0.3984 0.8317 0.1709 0.4906 0.8273 0.5487 0.8040
74 0.1140 0.1690 0.8657 0.3830 0.8326 0.1597 0.4934 0.8296 0.5248 0.8058
75 0.1080 0.1583 0.8757 0.3653 0.8424 0.1568 0.4891 0.8319 0.5205 0.8076
76 0.1050 0.1543 0.8740 0.3598 0.8406 0.1740 0.4879 0.8390 0.5413 0.8116
77 0.1082 0.1581 0.8730 0.3678 0.8371 0.1662 0.4914 0.8390 0.5285 0.8152
78 0.1169 0.1666 0.8637 0.3989 0.8289 0.1887 0.4926 0.8146 0.5957 0.7892
79 0.1306 0.1863 0.8474 0.4538 0.8122 0.1592 0.4929 0.8271 0.5415 0.7999
80 0.1351 0.1932 0.8540 0.4450 0.8187 0.1781 0.5033 0.8194 0.5762 0.7970
81 0.1278 0.1849 0.8525 0.4346 0.8193 0.1577 0.5041 0.8125 0.5577 0.7876
82 0.1246 0.1786 0.8589 0.4152 0.8265 0.1750 0.4952 0.8081 0.5888 0.7860
83 0.1098 0.1626 0.8680 0.3852 0.8360 0.1599 0.4857 0.8406 0.5269 0.8129
84 0.0985 0.1469 0.8758 0.3484 0.8416 0.1663 0.4803 0.8415 0.5339 0.8163
85 0.0964 0.1424 0.8802 0.3383 0.8451 0.1690 0.4787 0.8499 0.5301 0.8250
86 0.0925 0.1382 0.8800 0.3304 0.8496 0.1663 0.4768 0.8468 0.5234 0.8206
87 0.0966 0.1401 0.8806 0.3436 0.8471 0.1828 0.4852 0.8371 0.5764 0.8133
88 0.1044 0.1504 0.8733 0.3608 0.8391 0.1494 0.4746 0.8361 0.5111 0.8108
89 0.1117 0.1558 0.8630 0.4008 0.8286 0.1997 0.5078 0.8004 0.6598 0.7739
90 0.1353 0.1900 0.8465 0.4609 0.8114 0.1690 0.5001 0.8180 0.5515 0.7922
91 0.1442 0.2031 0.8428 0.4785 0.8061 0.1942 0.5246 0.7965 0.6095 0.7714
92 0.1235 0.1809 0.8613 0.4104 0.8293 0.1458 0.4891 0.8496 0.4613 0.8235
93 0.1098 0.1616 0.8715 0.3699 0.8392 0.1498 0.4877 0.8471 0.4938 0.8231
94 0.1042 0.1536 0.8722 0.3594 0.8393 0.1398 0.4697 0.8512 0.4724 0.8285
95 0.0977 0.1449 0.8776 0.3442 0.8437 0.1394 0.4741 0.8531 0.4692 0.8297
96 0.0953 0.1423 0.8820 0.3358 0.8498 0.1563 0.4769 0.8486 0.5077 0.8266
97 0.0935 0.1393 0.8762 0.3440 0.8449 0.1729 0.4823 0.8349 0.5562 0.8105
98 0.1061 0.1550 0.8677 0.3765 0.8341 0.1621 0.4785 0.8450 0.5306 0.8199
99 0.1099 0.1575 0.8653 0.3861 0.8334 0.1639 0.4914 0.8203 0.5430 0.7948
100 0.1101 0.1557 0.8623 0.3946 0.8262 0.1548 0.4884 0.8287 0.5289 0.8046
101 0.1096 0.1589 0.8655 0.3851 0.8309 0.1575 0.4911 0.8315 0.5151 0.8096
102 0.1105 0.1604 0.8660 0.3850 0.8318 0.1956 0.4903 0.8186 0.6202 0.7941
103 0.0980 0.1467 0.8747 0.3521 0.8418 0.1676 0.4790 0.8415 0.5365 0.8198
104 0.0885 0.1337 0.8808 0.3229 0.8469 0.1697 0.4776 0.8380 0.5458 0.8153
105 0.0850 0.1280 0.8853 0.3144 0.8516 0.1650 0.4740 0.8434 0.5333 0.8193
106 0.0836 0.1215 0.8911 0.3003 0.8586 0.1601 0.4743 0.8485 0.5140 0.8225
107 0.0826 0.1210 0.8867 0.3061 0.8549 0.1634 0.4774 0.8441 0.5505 0.8194
108 0.0954 0.1371 0.8788 0.3433 0.8459 0.1717 0.4797 0.8387 0.5523 0.8145
109 0.0966 0.1390 0.8729 0.3580 0.8394 0.1721 0.4880 0.8290 0.5680 0.8029
110 0.1109 0.1551 0.8584 0.4024 0.8237 0.1517 0.4788 0.8259 0.5357 0.7998
111 0.1112 0.1620 0.8735 0.3770 0.8391 0.1712 0.4910 0.8228 0.5986 0.8003
112 0.1095 0.1542 0.8669 0.3911 0.8339 0.1527 0.4812 0.8451 0.4904 0.8219
113 0.0979 0.1438 0.8762 0.3488 0.8439 0.1644 0.4805 0.8413 0.5333 0.8131
114 0.0868 0.1275 0.8857 0.3180 0.8537 0.1664 0.4815 0.8386 0.5354 0.8150
115 0.0822 0.1250 0.8854 0.3044 0.8553 0.1640 0.4766 0.8396 0.5354 0.8155
116 0.0816 0.1203 0.8886 0.3028 0.8550 0.1543 0.4737 0.8489 0.4994 0.8200
117 0.0791 0.1176 0.8881 0.3011 0.8552 0.1633 0.4739 0.8428 0.5353 0.8137
118 0.0813 0.1200 0.8857 0.3087 0.8531 0.1541 0.4664 0.8494 0.5140 0.8267
119 0.0910 0.1294 0.8764 0.3497 0.8438 0.1826 0.4839 0.8341 0.5939 0.8086
120 0.1013 0.1472 0.8725 0.3647 0.8399 0.2000 0.4836 0.8293 0.6193 0.8008
121 0.1041 0.1413 0.8742 0.3692 0.8421 0.1747 0.4964 0.8402 0.5540 0.8140
122 0.0924 0.1333 0.8807 0.3364 0.8485 0.1964 0.4814 0.8322 0.6228 0.8066
123 0.0893 0.1294 0.8884 0.3161 0.8560 0.1657 0.4676 0.8584 0.5296 0.8337
124 0.0729 0.1109 0.8905 0.2868 0.8577 0.1945 0.4667 0.8537 0.5994 0.8289
125 0.0704 0.1063 0.8929 0.2786 0.8602 0.1829 0.4676 0.8520 0.5696 0.8268
126 0.0678 0.1008 0.8979 0.2694 0.8648 0.1919 0.4658 0.8544 0.5969 0.8324
127 0.0710 0.1041 0.8951 0.2841 0.8615 0.1855 0.4732 0.8403 0.5862 0.8166
128 0.0794 0.1160 0.8919 0.2975 0.8590 0.1703 0.4733 0.8506 0.5540 0.8244
129 0.1011 0.1389 0.8771 0.3613 0.8425 0.1826 0.4963 0.8218 0.6080 0.8008
130 0.0959 0.1399 0.8725 0.3579 0.8391 0.2126 0.4787 0.8325 0.6342 0.8052
131 0.0941 0.1340 0.8755 0.3442 0.8407 0.1836 0.4792 0.8354 0.5830 0.8142
132 0.0888 0.1293 0.8786 0.3353 0.8466 0.1627 0.4783 0.8471 0.5237 0.8227
133 0.0772 0.1148 0.8948 0.2878 0.8647 0.1742 0.4663 0.8491 0.5526 0.8246
134 0.0721 0.1041 0.8931 0.2867 0.8625 0.1660 0.4629 0.8566 0.5403 0.8316
135 0.0685 0.1008 0.8992 0.2675 0.8686 0.1691 0.4668 0.8541 0.5449 0.8314
136 0.0655 0.1003 0.8940 0.2715 0.8637 0.1761 0.4745 0.8448 0.5766 0.8227
137 0.0673 0.0987 0.8949 0.2746 0.8627 0.1796 0.4665 0.8515 0.5654 0.8271
138 0.0706 0.1010 0.8867 0.2970 0.8527 0.1842 0.4632 0.8555 0.5754 0.8299
139 0.0679 0.0996 0.8935 0.2858 0.8599 0.1718 0.4574 0.8575 0.5655 0.8334
140 0.0941 0.1285 0.8765 0.3534 0.8431 0.2016 0.4896 0.8113 0.6696 0.7847
141 0.0981 0.1428 0.8757 0.3545 0.8429 0.2019 0.4894 0.8329 0.6382 0.8077
142 0.0796 0.1166 0.8921 0.2980 0.8616 0.1789 0.4642 0.8498 0.5702 0.8259
143 0.0657 0.0967 0.8947 0.2745 0.8614 0.1636 0.4641 0.8511 0.5492 0.8271
144 0.0620 0.0934 0.8994 0.2559 0.8679 0.1660 0.4610 0.8626 0.5314 0.8373
145 0.0613 0.0908 0.8983 0.2613 0.8664 0.1654 0.4581 0.8635 0.5299 0.8386
146 0.0595 0.0888 0.9014 0.2480 0.8693 0.1746 0.4568 0.8610 0.5542 0.8338
147 0.0596 0.0889 0.8978 0.2551 0.8659 0.1688 0.4603 0.8610 0.5475 0.8344
148 0.0667 0.0945 0.8945 0.2765 0.8626 0.1993 0.4710 0.8312 0.6363 0.8038
149 0.0816 0.1154 0.8805 0.3214 0.8464 0.1903 0.4743 0.8375 0.6216 0.8126
150 0.0914 0.1332 0.8768 0.3459 0.8428 0.1916 0.4650 0.8559 0.6309 0.8287
151 0.0895 0.1306 0.8757 0.3449 0.8378 0.1775 0.4793 0.8435 0.5537 0.8180
152 0.0802 0.1145 0.8809 0.3198 0.8464 0.1517 0.4714 0.8526 0.5142 0.8272
153 0.0723 0.1077 0.8926 0.2864 0.8610 0.1626 0.4670 0.8510 0.5313 0.8286
154 0.0644 0.0948 0.8988 0.2640 0.8652 0.1559 0.4633 0.8530 0.5207 0.8314
155 0.0628 0.0946 0.9002 0.2505 0.8689 0.1587 0.4655 0.8532 0.5231 0.8315
156 0.0614 0.0892 0.9012 0.2528 0.8692 0.1701 0.4642 0.8497 0.5488 0.8271
157 0.0590 0.0866 0.9061 0.2443 0.8744 0.1947 0.4621 0.8536 0.5991 0.8300
158 0.0642 0.0918 0.8981 0.2643 0.8649 0.1827 0.4600 0.8544 0.5693 0.8290
159 0.0724 0.1059 0.8894 0.2926 0.8565 0.1946 0.4774 0.8400 0.6081 0.8160
160 0.0863 0.1227 0.8832 0.3338 0.8500 0.1934 0.4784 0.8336 0.6017 0.8114
161 0.0864 0.1217 0.8824 0.3281 0.8510 0.1857 0.4762 0.8501 0.5936 0.8251
162 0.0783 0.1143 0.8877 0.3074 0.8557 0.1724 0.4718 0.8571 0.5513 0.8344
163 0.0713 0.1047 0.8901 0.2909 0.8587 0.1790 0.4736 0.8427 0.5710 0.8195
164 0.0626 0.0917 0.8998 0.2561 0.8668 0.1935 0.4697 0.8429 0.6039 0.8227
165 0.0612 0.0906 0.9001 0.2459 0.8688 0.1865 0.4646 0.8435 0.5926 0.8219
166 0.0556 0.0810 0.9059 0.2362 0.8736 0.1864 0.4629 0.8463 0.5939 0.8246
167 0.0567 0.0829 0.9063 0.2401 0.8743 0.2325 0.4583 0.8501 0.6924 0.8282
168 0.0602 0.0903 0.8959 0.2626 0.8644 0.1989 0.4671 0.8413 0.6299 0.8192
169 0.0652 0.0942 0.8902 0.2831 0.8567 0.2031 0.4727 0.8301 0.6480 0.8056
170 0.0855 0.1170 0.8828 0.3266 0.8498 0.2064 0.4975 0.8060 0.7351 0.7795
171 0.0993 0.1425 0.8769 0.3501 0.8424 0.1981 0.4695 0.8486 0.6238 0.8175
172 0.0776 0.1117 0.8875 0.3041 0.8543 0.1636 0.4721 0.8492 0.5412 0.8275
173 0.0650 0.0951 0.9013 0.2608 0.8663 0.1786 0.4588 0.8606 0.5618 0.8368
174 0.0601 0.0897 0.9008 0.2519 0.8693 0.1880 0.4515 0.8563 0.5897 0.8328
175 0.0591 0.0864 0.8998 0.2519 0.8674 0.1901 0.4555 0.8555 0.5866 0.8325
176 0.0575 0.0846 0.9027 0.2457 0.8694 0.1829 0.4559 0.8567 0.5760 0.8334
177 0.0556 0.0834 0.9066 0.2349 0.8739 0.1836 0.4482 0.8572 0.5909 0.8321
178 0.0550 0.0795 0.9044 0.2393 0.8736 0.2053 0.4564 0.8516 0.6298 0.8299
179 0.0600 0.0856 0.8995 0.2608 0.8685 0.1947 0.4673 0.8502 0.6216 0.8286
180 0.0740 0.1044 0.8901 0.2970 0.8587 0.1902 0.4725 0.8209 0.6216 0.7941
181 0.0856 0.1211 0.8805 0.3248 0.8457 0.1705 0.4737 0.8504 0.5520 0.8285
182 0.0678 0.0996 0.8900 0.2866 0.8562 0.1938 0.4734 0.8445 0.6200 0.8227
183 0.0629 0.0923 0.8998 0.2578 0.8679 0.1968 0.4648 0.8535 0.6171 0.8279
184 0.0563 0.0833 0.9019 0.2410 0.8699 0.2144 0.4649 0.8429 0.6679 0.8189
185 0.0532 0.0792 0.9065 0.2320 0.8749 0.2162 0.4658 0.8424 0.6691 0.8196
186 0.0523 0.0746 0.9031 0.2333 0.8711 0.2184 0.4609 0.8478 0.6700 0.8240
187 0.0503 0.0735 0.9070 0.2246 0.8754 0.2219 0.4620 0.8501 0.6847 0.8278
188 0.0560 0.0786 0.9055 0.2392 0.8735 0.2097 0.4563 0.8498 0.6598 0.8248
189 0.0661 0.0928 0.8953 0.2746 0.8631 0.1506 0.4602 0.8489 0.5175 0.8190
190 0.0754 0.1082 0.8879 0.3013 0.8534 0.2434 0.4891 0.8232 0.7376 0.7948
191 0.0738 0.1073 0.8891 0.2988 0.8569 0.2349 0.4717 0.8272 0.7295 0.8004
192 0.0734 0.1045 0.8964 0.2885 0.8639 0.2236 0.4653 0.8400 0.6842 0.8140
193 0.0648 0.0931 0.8953 0.2715 0.8649 0.1652 0.4631 0.8413 0.5441 0.8163
194 0.0586 0.0846 0.8991 0.2526 0.8677 0.1776 0.4581 0.8489 0.5751 0.8275
195 0.0546 0.0817 0.9039 0.2336 0.8724 0.1803 0.4558 0.8511 0.5788 0.8283
196 0.0512 0.0760 0.9068 0.2255 0.8756 0.1961 0.4495 0.8592 0.6128 0.8344
197 0.0519 0.0742 0.9061 0.2292 0.8747 0.1916 0.4505 0.8591 0.6033 0.8338
198 0.0518 0.0757 0.9026 0.2375 0.8693 0.1978 0.4518 0.8527 0.6281 0.8305
199 0.0618 0.0887 0.9005 0.2601 0.8662 0.2402 0.4608 0.8501 0.7089 0.8260
200 0.0674 0.0964 0.8973 0.2784 0.8651 0.2455 0.4632 0.8288 0.7605 0.8045
201 0.0669 0.0960 0.8917 0.2818 0.8598 0.2008 0.4653 0.8430 0.6268 0.8152
202 0.0558 0.0830 0.8997 0.2502 0.8661 0.1928 0.4658 0.8526 0.6142 0.8250
203 0.0495 0.0738 0.9091 0.2268 0.8768 0.2116 0.4508 0.8610 0.6453 0.8333
204 0.0503 0.0714 0.9101 0.2271 0.8790 0.2029 0.4515 0.8588 0.6274 0.8335
205 0.0481 0.0710 0.9138 0.2094 0.8833 0.2177 0.4547 0.8587 0.6531 0.8342
206 0.0460 0.0667 0.9113 0.2148 0.8828 0.2127 0.4493 0.8568 0.6513 0.8317
207 0.0485 0.0708 0.9108 0.2213 0.8801 0.2443 0.4506 0.8512 0.7186 0.8240
208 0.0529 0.0735 0.9064 0.2365 0.8744 0.2115 0.4639 0.8459 0.6722 0.8202
209 0.0731 0.1027 0.8900 0.2884 0.8567 0.1920 0.4644 0.8554 0.5978 0.8267
210 0.0801 0.1137 0.8853 0.3128 0.8505 0.2214 0.4916 0.8029 0.7333 0.7753
211 0.0651 0.0925 0.8944 0.2742 0.8639 0.3025 0.4700 0.8411 0.8394 0.8173
212 0.0606 0.0894 0.8997 0.2556 0.8671 0.2071 0.4581 0.8445 0.6527 0.8213
213 0.0534 0.0773 0.9023 0.2443 0.8711 0.2267 0.4679 0.8381 0.7020 0.8154
214 0.0508 0.0738 0.9056 0.2308 0.8780 0.2186 0.4591 0.8477 0.6656 0.8262
215 0.0524 0.0752 0.9061 0.2268 0.8738 0.2014 0.4608 0.8476 0.6312 0.8267
216 0.0490 0.0720 0.9092 0.2202 0.8797 0.2332 0.4492 0.8513 0.6994 0.8269
217 0.0455 0.0667 0.9098 0.2162 0.8801 0.2517 0.4497 0.8559 0.7278 0.8285
218 0.0493 0.0715 0.9045 0.2336 0.8735 0.2214 0.4631 0.8419 0.6952 0.8179
219 0.0526 0.0749 0.9054 0.2356 0.8730 0.2545 0.4571 0.8444 0.7510 0.8174
220 0.0670 0.0929 0.8897 0.2860 0.8566 0.2467 0.4716 0.8405 0.7509 0.8170
221 0.0735 0.1005 0.8912 0.2980 0.8596 0.2815 0.4705 0.8280 0.8635 0.8029
222 0.0608 0.0881 0.9003 0.2597 0.8675 0.2307 0.4671 0.8397 0.7094 0.8148
223 0.0526 0.0753 0.9080 0.2311 0.8757 0.2098 0.4728 0.8448 0.6765 0.8227
224 0.0512 0.0767 0.9092 0.2250 0.8782 0.2128 0.4534 0.8613 0.6523 0.8347
225 0.0478 0.0709 0.9088 0.2166 0.8763 0.2220 0.4507 0.8609 0.6713 0.8336
226 0.0458 0.0676 0.9113 0.2111 0.8790 0.2137 0.4487 0.8551 0.6620 0.8311
227 0.0432 0.0635 0.9096 0.2122 0.8804 0.2281 0.4500 0.8538 0.7060 0.8273
228 0.0490 0.0698 0.9112 0.2211 0.8788 0.2092 0.4471 0.8463 0.6594 0.8186
229 0.0551 0.0791 0.9031 0.2404 0.8720 0.2133 0.4583 0.8454 0.6920 0.8191
230 0.0706 0.0988 0.8936 0.2905 0.8607 0.1472 0.4619 0.8513 0.5317 0.8243
231 0.0852 0.1193 0.8814 0.3246 0.8488 0.1459 0.4695 0.8452 0.5024 0.8230
232 0.0647 0.0932 0.8957 0.2729 0.8632 0.2030 0.4681 0.8419 0.6370 0.8157
233 0.0570 0.0833 0.9033 0.2436 0.8726 0.1966 0.4562 0.8437 0.6173 0.8211
234 0.0490 0.0727 0.9058 0.2275 0.8748 0.1844 0.4538 0.8535 0.5872 0.8299
235 0.0482 0.0720 0.9092 0.2178 0.8786 0.1877 0.4511 0.8545 0.5939 0.8281
236 0.0493 0.0708 0.9089 0.2201 0.8783 0.1737 0.4501 0.8524 0.5632 0.8276
237 0.0502 0.0710 0.9097 0.2215 0.8772 0.1872 0.4456 0.8581 0.5869 0.8319
238 0.0520 0.0729 0.9067 0.2334 0.8764 0.2014 0.4562 0.8427 0.6444 0.8142
239 0.0613 0.0898 0.8976 0.2606 0.8630 0.1776 0.4534 0.8514 0.5766 0.8234
240 0.0731 0.1006 0.8878 0.2952 0.8550 0.1806 0.4722 0.8281 0.6150 0.8054
241 0.0649 0.0936 0.8937 0.2761 0.8614 0.1826 0.4773 0.8202 0.6053 0.7917
242 0.0624 0.0840 0.9027 0.2553 0.8710 0.2203 0.4572 0.8435 0.6860 0.8211
243 0.0489 0.0717 0.9096 0.2175 0.8788 0.1857 0.4556 0.8500 0.6185 0.8279
244 0.0522 0.0752 0.9054 0.2304 0.8739 0.1865 0.4509 0.8559 0.6093 0.8289
245 0.0475 0.0696 0.9121 0.2137 0.8797 0.1915 0.4492 0.8510 0.6182 0.8233
246 0.0436 0.0639 0.9137 0.2041 0.8825 0.1745 0.4470 0.8598 0.5818 0.8325
247 0.0425 0.0633 0.9106 0.2082 0.8803 0.1826 0.4486 0.8532 0.6049 0.8251
248 0.0463 0.0659 0.9090 0.2169 0.8763 0.2061 0.4533 0.8559 0.6562 0.8266
249 0.0503 0.0717 0.9077 0.2303 0.8754 0.1921 0.4651 0.8483 0.6233 0.8210
