epoch train_BCELoss train_SoftDiceLoss train_iou train_loss train_mAP val_BCELoss val_SoftDiceLoss val_iou val_loss val_mAP
0 0.6866 0.6702 0.0210 1.3554 0.0156 0.6784 0.7292 0.3516 1.4074 0.3516
1 0.5968 0.6190 0.3844 1.2128 0.3447 0.4922 0.6576 0.5656 1.1458 0.5001
2 0.4114 0.4629 0.6376 0.8698 0.5690 0.4545 0.5910 0.6347 1.0430 0.5458
3 0.3269 0.3857 0.7076 0.7099 0.6475 0.3146 0.6030 0.6950 0.9163 0.6299
4 0.2862 0.3384 0.7328 0.6234 0.6784 0.2888 0.5612 0.7437 0.8495 0.6811
5 0.2585 0.3140 0.7530 0.5717 0.7031 0.3132 0.5586 0.7272 0.8717 0.6655
6 0.2294 0.2882 0.7747 0.5170 0.7281 0.2604 0.5477 0.7525 0.8080 0.7063
7 0.2125 0.2674 0.7795 0.4793 0.7351 0.2375 0.5465 0.7671 0.7839 0.7262
8 0.2018 0.2514 0.7927 0.4527 0.7497 0.2386 0.5419 0.7656 0.7805 0.7222
9 0.1921 0.2456 0.7994 0.4373 0.7563 0.2215 0.5363 0.7720 0.7577 0.7287
10 0.1818 0.2328 0.8033 0.4141 0.7611 0.2227 0.5290 0.7798 0.7517 0.7297
11 0.1742 0.2305 0.8112 0.4042 0.7724 0.2102 0.5267 0.7944 0.7368 0.7491
12 0.1786 0.2302 0.8120 0.4084 0.7709 0.2269 0.5342 0.7826 0.7611 0.7438
13 0.1722 0.2206 0.8104 0.3923 0.7712 0.2341 0.5283 0.7758 0.7625 0.7290
14 0.1714 0.2182 0.8093 0.3893 0.7670 0.2591 0.5370 0.7409 0.7963 0.6945
15 0.1718 0.2101 0.7950 0.3815 0.7541 0.2252 0.5258 0.7742 0.7511 0.7328
16 0.1693 0.2038 0.8004 0.3728 0.7587 0.2426 0.5251 0.7807 0.7680 0.7386
17 0.1449 0.1829 0.8216 0.3275 0.7827 0.2909 0.5388 0.7554 0.8300 0.7068
18 0.1378 0.1713 0.8254 0.3089 0.7876 0.2101 0.5087 0.8039 0.7192 0.7642
19 0.1213 0.1553 0.8410 0.2763 0.8057 0.1964 0.5053 0.8084 0.7020 0.7698
20 0.1202 0.1553 0.8439 0.2752 0.8081 0.2000 0.5058 0.8071 0.7060 0.7673
21 0.1220 0.1570 0.8458 0.2788 0.8103 0.2030 0.5055 0.8051 0.7089 0.7677
22 0.1212 0.1547 0.8397 0.2757 0.8059 0.2264 0.5040 0.7868 0.7307 0.7426
23 0.1239 0.1542 0.8335 0.2779 0.7959 0.2248 0.5027 0.7806 0.7280 0.7355
24 0.1341 0.1583 0.8247 0.2923 0.7868 0.1979 0.5212 0.7815 0.7194 0.7387
25 0.1378 0.1533 0.8266 0.2910 0.7893 0.2387 0.5085 0.7825 0.7478 0.7467
26 0.1279 0.1471 0.8329 0.2750 0.7968 0.2397 0.5128 0.7890 0.7530 0.7548
27 0.1176 0.1372 0.8344 0.2547 0.7978 0.1964 0.4920 0.8050 0.6890 0.7702
28 0.1101 0.1293 0.8470 0.2395 0.8123 0.1950 0.4883 0.8109 0.6838 0.7709
29 0.0990 0.1206 0.8537 0.2195 0.8195 0.1887 0.4869 0.8203 0.6762 0.7849
30 0.0913 0.1120 0.8660 0.2032 0.8334 0.1746 0.4825 0.8268 0.6576 0.7887
31 0.0936 0.1124 0.8615 0.2060 0.8300 0.2125 0.4882 0.8090 0.7014 0.7675
32 0.0977 0.1147 0.8523 0.2124 0.8194 0.2020 0.4882 0.8112 0.6908 0.7688
33 0.1031 0.1179 0.8454 0.2210 0.8148 0.2272 0.4925 0.8046 0.7205 0.7702
34 0.1047 0.1186 0.8446 0.2234 0.8126 0.2307 0.4927 0.8051 0.7242 0.7664
35 0.1125 0.1192 0.8432 0.2317 0.8080 0.2090 0.4900 0.8037 0.6998 0.7615
36 0.1219 0.1276 0.8298 0.2496 0.7927 0.2730 0.5061 0.7549 0.7801 0.7136
37 0.1056 0.1166 0.8366 0.2223 0.8018 0.2449 0.4845 0.8004 0.7304 0.7662
38 0.1001 0.1070 0.8514 0.2073 0.8182 0.1997 0.4797 0.8159 0.6802 0.7760
39 0.0831 0.0958 0.8590 0.1791 0.8258 0.2211 0.4837 0.8070 0.7056 0.7701
40 0.0780 0.0899 0.8623 0.1682 0.8323 0.2224 0.4824 0.8063 0.7058 0.7720
41 0.0817 0.0924 0.8616 0.1743 0.8300 0.2155 0.4788 0.8206 0.6952 0.7849
42 0.0785 0.0916 0.8590 0.1702 0.8280 0.2347 0.4813 0.8113 0.7170 0.7763
43 0.0869 0.0934 0.8632 0.1805 0.8296 0.2688 0.4838 0.8063 0.7537 0.7685
44 0.1012 0.1069 0.8514 0.2084 0.8151 0.2410 0.4768 0.8082 0.7188 0.7695
45 0.1010 0.1014 0.8468 0.2027 0.8134 0.2566 0.4827 0.7981 0.7402 0.7622
46 0.1000 0.1039 0.8406 0.2041 0.8058 0.2679 0.4935 0.7926 0.7624 0.7550
47 0.0837 0.0870 0.8600 0.1710 0.8278 0.2256 0.4879 0.8075 0.7144 0.7712
48 0.0767 0.0785 0.8645 0.1556 0.8345 0.2252 0.4592 0.8215 0.6855 0.7852
49 0.0674 0.0743 0.8738 0.1421 0.8442 0.2268 0.4645 0.8191 0.6924 0.7820
50 0.0649 0.0714 0.8772 0.1366 0.8477 0.2243 0.4645 0.8187 0.6899 0.7848
51 0.0678 0.0738 0.8766 0.1420 0.8457 0.2137 0.4588 0.8215 0.6736 0.7859
52 0.0632 0.0692 0.8732 0.1327 0.8448 0.2127 0.4557 0.8287 0.6695 0.7981
53 0.0681 0.0701 0.8703 0.1385 0.8440 0.2428 0.4628 0.8147 0.7068 0.7804
54 0.0781 0.0772 0.8621 0.1557 0.8317 0.1978 0.4596 0.8245 0.6585 0.7864
55 0.0890 0.0851 0.8607 0.1745 0.8275 0.2550 0.4712 0.8046 0.7276 0.7669
56 0.0857 0.0851 0.8470 0.1712 0.8123 0.2275 0.4770 0.8187 0.7057 0.7798
57 0.0842 0.0846 0.8614 0.1693 0.8304 0.2259 0.4599 0.8234 0.6871 0.7887
58 0.0750 0.0769 0.8669 0.1524 0.8354 0.2411 0.4562 0.8277 0.6986 0.7933
59 0.0600 0.0650 0.8771 0.1255 0.8493 0.2371 0.4669 0.8241 0.7053 0.7864
60 0.0579 0.0599 0.8776 0.1183 0.8491 0.2498 0.4641 0.8228 0.7154 0.7856
61 0.0594 0.0614 0.8780 0.1214 0.8492 0.2390 0.4634 0.8279 0.7038 0.7941
62 0.0619 0.0632 0.8844 0.1256 0.8558 0.2412 0.4638 0.8235 0.7066 0.7897
63 0.0668 0.0689 0.8757 0.1363 0.8469 0.2429 0.4673 0.8132 0.7117 0.7729
64 0.0809 0.0753 0.8617 0.1568 0.8313 0.2362 0.4664 0.8030 0.7039 0.7648
65 0.0861 0.0805 0.8542 0.1672 0.8213 0.2260 0.4522 0.8007 0.6794 0.7567
66 0.0866 0.0820 0.8547 0.1692 0.8213 0.2492 0.4887 0.8097 0.7393 0.7740
67 0.0700 0.0672 0.8714 0.1379 0.8433 0.2209 0.4646 0.8217 0.6872 0.7897
68 0.0650 0.0644 0.8771 0.1300 0.8462 0.2230 0.4675 0.8247 0.6922 0.7916
69 0.0649 0.0630 0.8758 0.1286 0.8473 0.2249 0.4590 0.8250 0.6857 0.7930
70 0.0595 0.0612 0.8794 0.1213 0.8521 0.2217 0.4576 0.8274 0.6810 0.7968
71 0.0536 0.0558 0.8825 0.1101 0.8540 0.2104 0.4547 0.8295 0.6666 0.7937
72 0.0561 0.0571 0.8832 0.1139 0.8539 0.2505 0.4511 0.8214 0.7033 0.7883
73 0.0626 0.0599 0.8825 0.1232 0.8539 0.2292 0.4488 0.8330 0.6797 0.7969
74 0.0681 0.0643 0.8750 0.1331 0.8461 0.2292 0.4453 0.8278 0.6761 0.7952
75 0.0805 0.0714 0.8571 0.1526 0.8252 0.3291 0.4709 0.7853 0.8019 0.7460
76 0.0925 0.0801 0.8529 0.1733 0.8203 0.2245 0.4559 0.8119 0.6820 0.7748
77 0.0760 0.0720 0.8674 0.1488 0.8378 0.2344 0.4560 0.8276 0.6920 0.7946
78 0.0657 0.0619 0.8735 0.1285 0.8458 0.2016 0.4508 0.8362 0.6538 0.8000
79 0.0561 0.0556 0.8830 0.1126 0.8556 0.2014 0.4447 0.8372 0.6476 0.8036
80 0.0488 0.0512 0.8864 0.1007 0.8597 0.1990 0.4446 0.8370 0.6451 0.8038
81 0.0488 0.0501 0.8869 0.0997 0.8606 0.2223 0.4465 0.8324 0.6704 0.7988
82 0.0492 0.0500 0.8837 0.1001 0.8571 0.2073 0.4431 0.8358 0.6520 0.8006
83 0.0525 0.0512 0.8852 0.1046 0.8576 0.2262 0.4412 0.8350 0.6691 0.7979
84 0.0656 0.0613 0.8741 0.1278 0.8443 0.2310 0.4501 0.8292 0.6830 0.7904
85 0.0798 0.0710 0.8576 0.1516 0.8278 0.3353 0.4511 0.7979 0.7884 0.7588
86 0.0740 0.0673 0.8729 0.1421 0.8432 0.3122 0.4520 0.8046 0.7661 0.7701
87 0.0624 0.0570 0.8790 0.1203 0.8484 0.2769 0.4382 0.8156 0.7171 0.7842
88 0.0571 0.0519 0.8792 0.1100 0.8532 0.2562 0.4476 0.8267 0.7058 0.7937
89 0.0504 0.0496 0.8844 0.1010 0.8575 0.2389 0.4467 0.8274 0.6875 0.7902
90 0.0572 0.0536 0.8863 0.1119 0.8589 0.2412 0.4447 0.8311 0.6878 0.7965
91 0.0478 0.0482 0.8915 0.0970 0.8656 0.2415 0.4442 0.8296 0.6877 0.7949
92 0.0498 0.0485 0.8901 0.0993 0.8647 0.2495 0.4285 0.8304 0.6796 0.7951
93 0.0557 0.0505 0.8858 0.1072 0.8575 0.2597 0.4577 0.8231 0.7195 0.7875
94 0.0537 0.0491 0.8872 0.1038 0.8582 0.2746 0.4383 0.8315 0.7150 0.7984
95 0.0701 0.0610 0.8726 0.1321 0.8465 0.3776 0.4999 0.7550 0.8800 0.7199
96 0.0804 0.0743 0.8556 0.1557 0.8238 0.2202 0.4528 0.8133 0.6746 0.7771
97 0.0605 0.0563 0.8811 0.1178 0.8521 0.2011 0.4399 0.8344 0.6428 0.8000
98 0.0490 0.0472 0.8917 0.0973 0.8661 0.2204 0.4301 0.8350 0.6523 0.8035
99 0.0493 0.0458 0.8893 0.0961 0.8611 0.2651 0.4242 0.8301 0.6912 0.7988
