epoch train_BCELoss train_SoftDiceLoss train_iou train_loss train_mAP val_BCELoss val_SoftDiceLoss val_iou val_loss val_mAP
0 0.6550 0.6836 0.3935 1.3373 0.3934 0.6722 0.7336 0.3549 1.4055 0.3549
1 0.6121 0.6528 0.4191 1.2627 0.4102 0.5439 0.6988 0.4329 1.2404 0.3386
2 0.4167 0.4782 0.6317 0.8889 0.5586 0.3504 0.6031 0.6868 0.9488 0.6121
3 0.3127 0.3749 0.6968 0.6820 0.6353 0.3038 0.5789 0.6872 0.8799 0.6243
4 0.2692 0.3302 0.7190 0.5959 0.6617 0.3194 0.5737 0.7184 0.8915 0.6515
5 0.2536 0.3085 0.7281 0.5597 0.6737 0.2826 0.5791 0.7240 0.8605 0.6588
6 0.2212 0.2690 0.7543 0.4881 0.7057 0.2565 0.5517 0.7550 0.8073 0.7080
7 0.2061 0.2547 0.7645 0.4589 0.7157 0.2061 0.5324 0.7840 0.7376 0.7350
8 0.1874 0.2294 0.7846 0.4150 0.7395 0.1943 0.5206 0.7920 0.7141 0.7442
9 0.1777 0.2210 0.8004 0.3969 0.7550 0.2043 0.5260 0.7907 0.7295 0.7459
10 0.1746 0.2214 0.8000 0.3942 0.7538 0.2001 0.5205 0.7927 0.7198 0.7477
11 0.1717 0.2156 0.8067 0.3857 0.7605 0.1982 0.5202 0.7928 0.7177 0.7532
12 0.1655 0.2086 0.8009 0.3724 0.7570 0.1995 0.5198 0.7993 0.7186 0.7528
13 0.1724 0.2077 0.8022 0.3786 0.7571 0.2315 0.5237 0.7884 0.7547 0.7462
14 0.1816 0.2098 0.7960 0.3901 0.7508 0.2307 0.5265 0.7816 0.7569 0.7454
15 0.1747 0.1976 0.7939 0.3711 0.7489 0.2088 0.5160 0.7928 0.7245 0.7501
16 0.1657 0.1928 0.7967 0.3574 0.7540 0.2191 0.5196 0.7742 0.7385 0.7301
17 0.1466 0.1700 0.8089 0.3155 0.7648 0.1930 0.5035 0.7905 0.6964 0.7475
18 0.1361 0.1623 0.8162 0.2973 0.7749 0.1908 0.5013 0.8032 0.6920 0.7615
19 0.1304 0.1548 0.8326 0.2841 0.7939 0.1815 0.4980 0.8138 0.6795 0.7725
20 0.1194 0.1466 0.8354 0.2649 0.7976 0.1803 0.4979 0.8138 0.6781 0.7738
21 0.1197 0.1445 0.8316 0.2632 0.7941 0.1739 0.4941 0.8157 0.6679 0.7734
22 0.1280 0.1449 0.8285 0.2720 0.7896 0.1893 0.4963 0.8089 0.6854 0.7596
23 0.1231 0.1445 0.8302 0.2666 0.7912 0.2259 0.5053 0.7983 0.7315 0.7599
24 0.1294 0.1415 0.8238 0.2701 0.7852 0.2218 0.5011 0.7703 0.7230 0.7227
25 0.1493 0.1593 0.8054 0.3079 0.7642 0.1876 0.5018 0.7966 0.6893 0.7503
26 0.1386 0.1494 0.8102 0.2874 0.7689 0.2049 0.4914 0.7760 0.6965 0.7282
27 0.1365 0.1421 0.8142 0.2781 0.7715 0.2008 0.5013 0.8056 0.7024 0.7644
28 0.1164 0.1261 0.8368 0.2420 0.7988 0.1906 0.4926 0.8086 0.6836 0.7723
29 0.1022 0.1129 0.8467 0.2146 0.8094 0.1979 0.4855 0.8158 0.6838 0.7808
30 0.1079 0.1157 0.8402 0.2231 0.8040 0.1933 0.4818 0.8188 0.6755 0.7842
31 0.0981 0.1118 0.8451 0.2094 0.8096 0.2026 0.4904 0.8129 0.6934 0.7756
32 0.1057 0.1165 0.8484 0.2216 0.8127 0.1972 0.4895 0.8137 0.6870 0.7777
33 0.1057 0.1143 0.8384 0.2195 0.8007 0.2282 0.4912 0.8126 0.7200 0.7766
34 0.1190 0.1215 0.8376 0.2402 0.7976 0.2120 0.4846 0.8074 0.6970 0.7688
35 0.1241 0.1228 0.8345 0.2465 0.7963 0.4224 0.5710 0.6722 0.9955 0.6334
36 0.1255 0.1233 0.8220 0.2485 0.7839 0.2868 0.4995 0.7695 0.7875 0.7319
37 0.1232 0.1216 0.8295 0.2447 0.7912 0.2611 0.4961 0.7941 0.7584 0.7590
38 0.1026 0.1051 0.8447 0.2075 0.8084 0.1966 0.4761 0.8143 0.6733 0.7762
39 0.0936 0.0978 0.8567 0.1912 0.8242 0.1965 0.4787 0.8076 0.6757 0.7699
40 0.0789 0.0870 0.8577 0.1656 0.8247 0.2051 0.4770 0.8059 0.6830 0.7743
41 0.0826 0.0875 0.8587 0.1699 0.8257 0.1915 0.4752 0.8230 0.6674 0.7865
42 0.0819 0.0873 0.8611 0.1690 0.8270 0.2198 0.4726 0.8241 0.6934 0.7920
43 0.0880 0.0909 0.8546 0.1787 0.8199 0.2080 0.4707 0.8154 0.6795 0.7772
44 0.1028 0.1008 0.8476 0.2035 0.8119 0.2083 0.4832 0.8033 0.6921 0.7646
45 0.1238 0.1182 0.8294 0.2421 0.7931 0.2607 0.4713 0.8151 0.7335 0.7794
46 0.1154 0.1117 0.8336 0.2272 0.7927 0.2098 0.4742 0.8110 0.6849 0.7719
47 0.0966 0.0922 0.8532 0.1890 0.8190 0.2160 0.4626 0.8217 0.6795 0.7831
48 0.0866 0.0856 0.8609 0.1723 0.8271 0.2193 0.4604 0.8211 0.6807 0.7846
49 0.0791 0.0839 0.8591 0.1630 0.8246 0.2218 0.4648 0.8225 0.6878 0.7895
50 0.0721 0.0775 0.8696 0.1496 0.8363 0.2233 0.4635 0.8223 0.6882 0.7885
51 0.0712 0.0738 0.8741 0.1452 0.8428 0.2367 0.4670 0.8191 0.7051 0.7887
52 0.0835 0.0820 0.8627 0.1657 0.8308 0.2096 0.4713 0.8240 0.6821 0.7908
53 0.0776 0.0742 0.8655 0.1519 0.8316 0.2421 0.4527 0.8236 0.6960 0.7945
54 0.0904 0.0851 0.8584 0.1757 0.8231 0.2170 0.4677 0.8083 0.6860 0.7693
55 0.0926 0.0885 0.8455 0.1813 0.8097 0.3456 0.4798 0.7651 0.8274 0.7277
56 0.1000 0.0946 0.8370 0.1950 0.8010 0.2236 0.4726 0.8138 0.6975 0.7772
57 0.0922 0.0917 0.8482 0.1843 0.8123 0.2239 0.4699 0.8208 0.6951 0.7852
58 0.0736 0.0711 0.8586 0.1450 0.8263 0.2308 0.4618 0.8198 0.6941 0.7887
59 0.0729 0.0716 0.8677 0.1448 0.8343 0.2147 0.4644 0.8217 0.6805 0.7884
60 0.0628 0.0654 0.8791 0.1285 0.8483 0.2159 0.4639 0.8223 0.6812 0.7905
61 0.0677 0.0648 0.8756 0.1328 0.8432 0.2285 0.4645 0.8218 0.6946 0.7893
62 0.0685 0.0676 0.8659 0.1365 0.8321 0.2370 0.4611 0.8193 0.6997 0.7810
63 0.0702 0.0667 0.8693 0.1373 0.8378 0.2499 0.4591 0.8133 0.7106 0.7797
64 0.0904 0.0778 0.8574 0.1686 0.8241 0.2386 0.4691 0.8098 0.7096 0.7730
65 0.0915 0.0828 0.8516 0.1748 0.8178 0.2419 0.4819 0.7891 0.7247 0.7504
66 0.0935 0.0809 0.8535 0.1750 0.8181 0.2653 0.4499 0.7946 0.7168 0.7628
67 0.0911 0.0826 0.8577 0.1743 0.8227 0.3208 0.4908 0.7893 0.8131 0.7511
68 0.0866 0.0786 0.8559 0.1658 0.8218 0.2439 0.4585 0.8075 0.7040 0.7724
69 0.0703 0.0692 0.8674 0.1400 0.8369 0.2243 0.4578 0.8239 0.6836 0.7912
70 0.0656 0.0662 0.8671 0.1324 0.8354 0.2209 0.4562 0.8255 0.6787 0.7919
71 0.0595 0.0596 0.8781 0.1196 0.8479 0.2148 0.4520 0.8326 0.6684 0.8007
72 0.0641 0.0644 0.8777 0.1291 0.8448 0.2246 0.4592 0.8301 0.6853 0.7961
73 0.0788 0.0698 0.8675 0.1493 0.8346 0.2494 0.4594 0.8200 0.7105 0.7868
74 0.0788 0.0702 0.8640 0.1497 0.8286 0.2411 0.4780 0.8087 0.7208 0.7767
75 0.0742 0.0658 0.8592 0.1407 0.8260 0.2687 0.4577 0.8001 0.7283 0.7599
76 0.0817 0.0761 0.8649 0.1585 0.8300 0.2802 0.4579 0.8058 0.7400 0.7773
77 0.0700 0.0640 0.8690 0.1348 0.8362 0.2387 0.4492 0.8228 0.6893 0.7898
78 0.0712 0.0654 0.8684 0.1374 0.8371 0.2071 0.4504 0.8276 0.6588 0.7925
79 0.0588 0.0567 0.8765 0.1163 0.8456 0.2189 0.4551 0.8303 0.6757 0.7967
80 0.0587 0.0576 0.8811 0.1171 0.8532 0.2196 0.4562 0.8314 0.6774 0.7982
81 0.0589 0.0548 0.8812 0.1145 0.8492 0.2072 0.4483 0.8386 0.6572 0.8055
82 0.0555 0.0534 0.8819 0.1097 0.8504 0.2178 0.4506 0.8297 0.6701 0.7923
83 0.0616 0.0571 0.8730 0.1194 0.8413 0.2901 0.4531 0.8117 0.7452 0.7789
84 0.0620 0.0555 0.8770 0.1184 0.8462 0.2496 0.4698 0.8077 0.7211 0.7750
85 0.0736 0.0666 0.8670 0.1410 0.8327 0.2583 0.4514 0.8198 0.7114 0.7839
86 0.0784 0.0680 0.8622 0.1472 0.8299 0.2316 0.4575 0.8298 0.6909 0.7979
87 0.0716 0.0640 0.8715 0.1365 0.8390 0.2153 0.4559 0.8321 0.6730 0.8038
88 0.0618 0.0538 0.8764 0.1166 0.8453 0.2059 0.4411 0.8408 0.6488 0.8084
89 0.0547 0.0501 0.8825 0.1058 0.8514 0.1897 0.4446 0.8452 0.6361 0.8156
90 0.0594 0.0510 0.8809 0.1113 0.8499 0.1903 0.4452 0.8464 0.6372 0.8148
91 0.0520 0.0490 0.8851 0.1018 0.8563 0.1830 0.4449 0.8432 0.6295 0.8127
92 0.0540 0.0485 0.8863 0.1034 0.8574 0.1860 0.4386 0.8383 0.6263 0.8056
93 0.0550 0.0510 0.8793 0.1068 0.8476 0.2126 0.4498 0.8439 0.6642 0.8115
94 0.0586 0.0522 0.8728 0.1118 0.8398 0.2639 0.4434 0.8182 0.7093 0.7780
95 0.0866 0.0705 0.8618 0.1580 0.8292 0.2263 0.4542 0.8213 0.6822 0.7854
96 0.0889 0.0732 0.8639 0.1631 0.8318 0.1981 0.4661 0.8246 0.6656 0.7922
97 0.0751 0.0692 0.8615 0.1452 0.8286 0.1761 0.4561 0.8238 0.6336 0.7886
98 0.0687 0.0630 0.8692 0.1327 0.8365 0.2005 0.4521 0.8245 0.6542 0.7893
99 0.0561 0.0526 0.8805 0.1096 0.8538 0.2174 0.4492 0.8320 0.6684 0.8030
