epoch train_BCELoss train_SoftDiceLoss train_iou train_loss train_mAP val_BCELoss val_SoftDiceLoss val_iou val_loss val_mAP
0 0.4596 0.4760 0.6311 0.9336 0.5760 0.3482 0.5906 0.7003 0.9378 0.6355
1 0.3092 0.3567 0.7321 0.6649 0.6782 0.3041 0.5650 0.7447 0.8689 0.6895
2 0.2634 0.3171 0.7653 0.5797 0.7173 0.2577 0.5644 0.7639 0.8216 0.7188
3 0.2403 0.2930 0.7796 0.5326 0.7319 0.2575 0.5494 0.7711 0.8067 0.7208
4 0.2240 0.2814 0.7901 0.5048 0.7465 0.2384 0.5430 0.7827 0.7812 0.7413
5 0.2145 0.2746 0.7979 0.4885 0.7542 0.2418 0.5400 0.7880 0.7816 0.7426
6 0.2149 0.2727 0.7975 0.4870 0.7537 0.2270 0.5369 0.7919 0.7637 0.7507
7 0.2088 0.2643 0.7989 0.4725 0.7545 0.2448 0.5386 0.7815 0.7834 0.7297
8 0.2031 0.2542 0.7994 0.4568 0.7572 0.2382 0.5289 0.7922 0.7671 0.7402
9 0.2001 0.2464 0.7945 0.4461 0.7512 0.2409 0.5359 0.7629 0.7768 0.7166
10 0.1907 0.2300 0.7931 0.4204 0.7516 0.2673 0.5265 0.7539 0.7941 0.6961
11 0.1690 0.2124 0.8084 0.3810 0.7672 0.1780 0.5122 0.8063 0.6903 0.7681
12 0.1482 0.1864 0.8216 0.3343 0.7828 0.1935 0.5081 0.8109 0.7017 0.7765
13 0.1437 0.1804 0.8291 0.3238 0.7905 0.1770 0.5057 0.8181 0.6828 0.7852
14 0.1313 0.1669 0.8407 0.2980 0.8047 0.1772 0.4979 0.8289 0.6753 0.7898
15 0.1234 0.1626 0.8447 0.2857 0.8076 0.1761 0.4993 0.8289 0.6756 0.7920
16 0.1239 0.1624 0.8453 0.2860 0.8100 0.1776 0.4981 0.8264 0.6759 0.7935
17 0.1248 0.1584 0.8471 0.2829 0.8144 0.1756 0.4938 0.8232 0.6697 0.7881
18 0.1278 0.1614 0.8411 0.2890 0.8035 0.1944 0.5028 0.8164 0.6974 0.7811
19 0.1292 0.1559 0.8343 0.2850 0.7984 0.2292 0.5022 0.7733 0.7318 0.7224
20 0.1358 0.1568 0.8160 0.2925 0.7771 0.1862 0.4969 0.8047 0.6834 0.7600
21 0.1304 0.1483 0.8233 0.2786 0.7862 0.1844 0.4851 0.8135 0.6698 0.7769
22 0.1155 0.1334 0.8349 0.2488 0.8009 0.1765 0.4853 0.8157 0.6623 0.7780
23 0.0974 0.1155 0.8545 0.2129 0.8212 0.1771 0.4759 0.8291 0.6534 0.7948
24 0.0958 0.1115 0.8619 0.2074 0.8299 0.1626 0.4747 0.8328 0.6378 0.7969
25 0.0856 0.1062 0.8610 0.1918 0.8294 0.1628 0.4760 0.8297 0.6392 0.7948
26 0.0873 0.1053 0.8639 0.1927 0.8317 0.1825 0.4786 0.8258 0.6616 0.7959
27 0.0913 0.1070 0.8613 0.1983 0.8304 0.1923 0.4767 0.8205 0.6696 0.7887
28 0.0922 0.1070 0.8603 0.1994 0.8274 0.1944 0.4816 0.8176 0.6766 0.7877
29 0.1088 0.1168 0.8452 0.2257 0.8101 0.1826 0.4709 0.8246 0.6542 0.7871
30 0.1187 0.1200 0.8375 0.2390 0.8030 0.2026 0.4767 0.8062 0.6800 0.7691
31 0.1026 0.1072 0.8497 0.2100 0.8163 0.2148 0.4748 0.8091 0.6904 0.7751
32 0.0930 0.0990 0.8575 0.1924 0.8245 0.1930 0.4751 0.8165 0.6688 0.7852
33 0.0870 0.0956 0.8625 0.1830 0.8305 0.1658 0.4665 0.8315 0.6332 0.8003
34 0.0745 0.0814 0.8740 0.1564 0.8442 0.1738 0.4615 0.8321 0.6362 0.7991
35 0.0701 0.0811 0.8684 0.1516 0.8369 0.1708 0.4621 0.8357 0.6338 0.8044
36 0.0705 0.0781 0.8796 0.1490 0.8503 0.1668 0.4597 0.8395 0.6272 0.8087
37 0.0729 0.0802 0.8743 0.1534 0.8439 0.1898 0.4543 0.8271 0.6449 0.7920
38 0.0892 0.0890 0.8624 0.1786 0.8307 0.1673 0.4577 0.8314 0.6259 0.7961
39 0.0860 0.0874 0.8589 0.1738 0.8278 0.2140 0.4871 0.7881 0.7020 0.7542
40 0.1061 0.1034 0.8405 0.2100 0.8053 0.2524 0.5043 0.7863 0.7576 0.7551
41 0.1026 0.0981 0.8495 0.2013 0.8158 0.2089 0.4642 0.8121 0.6741 0.7775
42 0.0862 0.0863 0.8595 0.1732 0.8280 0.1809 0.4526 0.8300 0.6345 0.7964
43 0.0792 0.0781 0.8654 0.1580 0.8352 0.1832 0.4646 0.8304 0.6488 0.8028
44 0.0663 0.0688 0.8802 0.1358 0.8517 0.1744 0.4496 0.8390 0.6250 0.8104
45 0.0650 0.0667 0.8788 0.1324 0.8488 0.1820 0.4491 0.8373 0.6322 0.8094
46 0.0652 0.0682 0.8766 0.1341 0.8482 0.2018 0.4541 0.8314 0.6569 0.8025
47 0.0741 0.0733 0.8729 0.1481 0.8419 0.1843 0.4542 0.8384 0.6397 0.8093
48 0.0686 0.0674 0.8721 0.1367 0.8421 0.2066 0.4551 0.8252 0.6630 0.7970
49 0.0829 0.0780 0.8708 0.1617 0.8373 0.2088 0.4585 0.8029 0.6683 0.7636
50 0.0986 0.0923 0.8478 0.1917 0.8124 0.2110 0.4579 0.8332 0.6700 0.8006
51 0.0852 0.0803 0.8602 0.1664 0.8277 0.1870 0.4441 0.8405 0.6323 0.8075
52 0.0704 0.0690 0.8737 0.1402 0.8440 0.1755 0.4544 0.8384 0.6311 0.8068
53 0.0689 0.0662 0.8724 0.1360 0.8420 0.2082 0.4524 0.8240 0.6621 0.7954
54 0.0577 0.0597 0.8838 0.1183 0.8556 0.2144 0.4491 0.8291 0.6649 0.8002
55 0.0574 0.0569 0.8872 0.1152 0.8605 0.1878 0.4450 0.8373 0.6341 0.8057
56 0.0572 0.0565 0.8851 0.1146 0.8570 0.1957 0.4468 0.8414 0.6438 0.8128
57 0.0574 0.0572 0.8838 0.1155 0.8536 0.1912 0.4398 0.8450 0.6324 0.8179
58 0.0610 0.0610 0.8775 0.1229 0.8486 0.2266 0.4397 0.8251 0.6677 0.7921
59 0.0763 0.0666 0.8744 0.1438 0.8443 0.2173 0.4502 0.8228 0.6687 0.7876
60 0.0770 0.0740 0.8687 0.1519 0.8394 0.2415 0.4477 0.8313 0.6905 0.8035
61 0.0740 0.0691 0.8705 0.1441 0.8390 0.2927 0.4815 0.8109 0.7757 0.7828
62 0.0749 0.0677 0.8730 0.1436 0.8424 0.3122 0.4620 0.8086 0.7758 0.7792
63 0.0732 0.0664 0.8727 0.1406 0.8415 0.1888 0.4326 0.8301 0.6227 0.8000
64 0.0609 0.0604 0.8824 0.1224 0.8528 0.1908 0.4339 0.8372 0.6261 0.8087
65 0.0527 0.0511 0.8859 0.1049 0.8594 0.1901 0.4351 0.8348 0.6267 0.8029
66 0.0527 0.0507 0.8893 0.1046 0.8615 0.2003 0.4378 0.8363 0.6397 0.8047
67 0.0513 0.0505 0.8856 0.1029 0.8575 0.2152 0.4364 0.8373 0.6532 0.8084
68 0.0595 0.0556 0.8845 0.1162 0.8555 0.2149 0.4500 0.8252 0.6665 0.7958
69 0.0696 0.0620 0.8725 0.1326 0.8418 0.2618 0.4354 0.8219 0.6986 0.7906
70 0.0819 0.0725 0.8612 0.1554 0.8300 0.2498 0.4425 0.8103 0.6935 0.7760
71 0.0744 0.0666 0.8712 0.1420 0.8407 0.1722 0.4592 0.8414 0.6327 0.8113
72 0.0608 0.0562 0.8771 0.1182 0.8474 0.1839 0.4370 0.8432 0.6223 0.8142
73 0.0585 0.0540 0.8858 0.1137 0.8572 0.1996 0.4318 0.8384 0.6329 0.8108
74 0.0513 0.0506 0.8877 0.1031 0.8605 0.1987 0.4338 0.8428 0.6341 0.8153
75 0.0491 0.0482 0.8903 0.0985 0.8628 0.1989 0.4327 0.8415 0.6333 0.8131
76 0.0481 0.0469 0.8901 0.0962 0.8619 0.2018 0.4313 0.8444 0.6347 0.8171
77 0.0501 0.0471 0.8916 0.0984 0.8649 0.2024 0.4365 0.8450 0.6405 0.8191
78 0.0576 0.0534 0.8803 0.1122 0.8494 0.2028 0.4322 0.8445 0.6365 0.8173
79 0.0715 0.0629 0.8750 0.1355 0.8436 0.2253 0.4439 0.8348 0.6709 0.8039
80 0.0756 0.0682 0.8649 0.1449 0.8338 0.2131 0.4398 0.8326 0.6543 0.8074
81 0.0701 0.0641 0.8698 0.1354 0.8389 0.2504 0.4360 0.8286 0.6881 0.8025
82 0.0662 0.0584 0.8791 0.1258 0.8496 0.2188 0.4429 0.8333 0.6633 0.8054
83 0.0547 0.0514 0.8890 0.1073 0.8610 0.2055 0.4322 0.8400 0.6393 0.8092
84 0.0478 0.0449 0.8932 0.0940 0.8652 0.2097 0.4320 0.8396 0.6434 0.8088
85 0.0456 0.0442 0.8907 0.0911 0.8641 0.2081 0.4319 0.8440 0.6417 0.8147
86 0.0469 0.0450 0.8930 0.0931 0.8666 0.2235 0.4356 0.8384 0.6609 0.8108
87 0.0492 0.0441 0.8927 0.0946 0.8655 0.2549 0.4361 0.8327 0.6928 0.8054
88 0.0484 0.0451 0.8909 0.0948 0.8634 0.2184 0.4365 0.8435 0.6566 0.8127
89 0.0539 0.0493 0.8842 0.1044 0.8552 0.2348 0.4340 0.8369 0.6705 0.8123
90 0.0598 0.0536 0.8779 0.1147 0.8477 0.2318 0.4352 0.8277 0.6686 0.7963
91 0.0628 0.0535 0.8781 0.1175 0.8473 0.2627 0.4249 0.8173 0.6893 0.7799
92 0.0574 0.0545 0.8810 0.1131 0.8512 0.2022 0.4667 0.8252 0.6704 0.7948
93 0.0547 0.0503 0.8890 0.1063 0.8605 0.1891 0.4381 0.8356 0.6289 0.8050
94 0.0494 0.0447 0.8907 0.0954 0.8632 0.2102 0.4435 0.8273 0.6553 0.7950
95 0.0470 0.0442 0.8930 0.0926 0.8664 0.1660 0.4359 0.8504 0.6036 0.8229
96 0.0439 0.0411 0.9008 0.0865 0.8725 0.2092 0.4313 0.8449 0.6423 0.8174
97 0.0431 0.0392 0.8962 0.0838 0.8704 0.2288 0.4323 0.8490 0.6630 0.8219
98 0.0487 0.0441 0.8901 0.0942 0.8617 0.2322 0.4322 0.8403 0.6662 0.8096
99 0.0528 0.0474 0.8893 0.1015 0.8595 0.2589 0.4095 0.8400 0.6702 0.8075
100 0.0725 0.0632 0.8743 0.1370 0.8429 0.2789 0.4417 0.8150 0.7222 0.7814
101 0.0758 0.0694 0.8733 0.1465 0.8417 0.2893 0.4249 0.8300 0.7160 0.8028
102 0.0667 0.0586 0.8814 0.1266 0.8535 0.2414 0.4495 0.8256 0.6926 0.7959
103 0.0484 0.0465 0.8897 0.0963 0.8613 0.2680 0.4312 0.8373 0.7010 0.8085
104 0.0461 0.0441 0.8959 0.0917 0.8699 0.2438 0.4457 0.8393 0.6914 0.8090
105 0.0418 0.0391 0.8996 0.0823 0.8712 0.2659 0.4233 0.8362 0.6911 0.8088
106 0.0464 0.0411 0.8990 0.0889 0.8721 0.2740 0.4157 0.8392 0.6917 0.8107
107 0.0416 0.0391 0.8952 0.0821 0.8683 0.2572 0.4466 0.8356 0.7056 0.8046
108 0.0448 0.0406 0.8931 0.0867 0.8666 0.2154 0.4360 0.8448 0.6533 0.8162
109 0.0564 0.0470 0.8855 0.1048 0.8572 0.2635 0.4347 0.8406 0.7001 0.8137
110 0.0680 0.0565 0.8793 0.1258 0.8491 0.1756 0.4353 0.8414 0.6124 0.8058
111 0.0698 0.0614 0.8765 0.1325 0.8443 0.2740 0.4490 0.8142 0.7246 0.7837
112 0.0631 0.0571 0.8784 0.1215 0.8502 0.1943 0.4417 0.8376 0.6377 0.8039
113 0.0472 0.0451 0.8895 0.0938 0.8618 0.2618 0.4326 0.8378 0.6964 0.8102
114 0.0445 0.0409 0.8971 0.0868 0.8711 0.2376 0.4374 0.8399 0.6769 0.8122
115 0.0413 0.0388 0.8943 0.0815 0.8677 0.2380 0.4378 0.8382 0.6777 0.8085
116 0.0399 0.0385 0.9008 0.0799 0.8748 0.2667 0.4285 0.8403 0.6971 0.8113
117 0.0413 0.0387 0.8976 0.0814 0.8699 0.2794 0.4186 0.8443 0.6999 0.8122
118 0.0441 0.0396 0.8962 0.0852 0.8709 0.2505 0.4306 0.8447 0.6830 0.8121
119 0.0498 0.0453 0.8887 0.0965 0.8602 0.1997 0.4256 0.8364 0.6271 0.8102
120 0.0776 0.0627 0.8727 0.1416 0.8437 0.2410 0.4493 0.8055 0.6917 0.7709
121 0.0666 0.0587 0.8750 0.1266 0.8446 0.2236 0.4422 0.8386 0.6674 0.8092
122 0.0561 0.0525 0.8802 0.1099 0.8528 0.2584 0.4494 0.8330 0.7094 0.8088
123 0.0451 0.0412 0.8929 0.0878 0.8648 0.2745 0.4290 0.8410 0.7053 0.8161
124 0.0427 0.0394 0.8957 0.0837 0.8692 0.2398 0.4385 0.8488 0.6801 0.8217
125 0.0423 0.0401 0.8972 0.0838 0.8709 0.2354 0.4383 0.8454 0.6756 0.8171
126 0.0397 0.0375 0.8990 0.0787 0.8728 0.2214 0.4348 0.8499 0.6580 0.8239
127 0.0401 0.0376 0.8963 0.0791 0.8693 0.2575 0.4335 0.8446 0.6929 0.8192
128 0.0442 0.0404 0.8939 0.0860 0.8675 0.2153 0.4351 0.8475 0.6522 0.8221
129 0.0493 0.0434 0.8883 0.0941 0.8590 0.2236 0.4160 0.8445 0.6414 0.8126
130 0.0636 0.0530 0.8838 0.1180 0.8547 0.4853 0.5065 0.6902 0.9932 0.6302
131 0.0645 0.0573 0.8801 0.1232 0.8498 0.2448 0.4266 0.8405 0.6731 0.8125
132 0.0513 0.0467 0.8858 0.0995 0.8582 0.2815 0.4068 0.8438 0.6901 0.8148
133 0.0457 0.0415 0.8983 0.0887 0.8707 0.2210 0.4212 0.8467 0.6441 0.8220
134 0.0410 0.0381 0.8976 0.0806 0.8723 0.2302 0.4247 0.8474 0.6569 0.8224
135 0.0391 0.0367 0.9037 0.0773 0.8767 0.2380 0.4164 0.8470 0.6563 0.8212
136 0.0361 0.0342 0.9038 0.0718 0.8779 0.2524 0.4266 0.8487 0.6809 0.8232
137 0.0394 0.0360 0.9007 0.0769 0.8743 0.2798 0.4109 0.8475 0.6928 0.8238
138 0.0392 0.0356 0.9006 0.0763 0.8734 0.2704 0.4160 0.8447 0.6883 0.8188
139 0.0476 0.0420 0.8958 0.0911 0.8687 0.3534 0.4505 0.8108 0.8058 0.7740
140 0.0605 0.0542 0.8832 0.1161 0.8517 0.2834 0.4516 0.8335 0.7366 0.8020
141 0.0620 0.0561 0.8847 0.1195 0.8568 0.2699 0.4402 0.8345 0.7119 0.8048
142 0.0500 0.0455 0.8906 0.0969 0.8642 0.3582 0.4289 0.8236 0.7892 0.7974
143 0.0452 0.0402 0.8981 0.0870 0.8718 0.2725 0.4317 0.8442 0.7061 0.8166
144 0.0385 0.0360 0.8983 0.0760 0.8730 0.2539 0.4326 0.8447 0.6885 0.8174
145 0.0357 0.0334 0.9037 0.0706 0.8769 0.2623 0.4328 0.8473 0.6971 0.8177
146 0.0379 0.0349 0.9034 0.0743 0.8767 0.2509 0.4340 0.8458 0.6868 0.8170
147 0.0390 0.0358 0.9027 0.0763 0.8764 0.2846 0.4241 0.8399 0.7107 0.8107
148 0.0388 0.0349 0.9047 0.0753 0.8787 0.3390 0.4383 0.8108 0.7791 0.7767
149 0.0543 0.0458 0.8917 0.1015 0.8632 0.2457 0.4578 0.8261 0.7052 0.7965
