epoch train_BCELoss train_SoftDiceLoss train_iou train_loss train_mAP val_BCELoss val_SoftDiceLoss val_iou val_loss val_mAP
0 0.5244 0.4949 0.5500 1.0186 0.4670 0.4018 0.4662 0.6797 0.8677 0.6150
1 0.3640 0.3982 0.6859 0.7620 0.6160 0.3694 0.3879 0.6711 0.7571 0.5892
2 0.3084 0.3545 0.7204 0.6627 0.6535 0.3102 0.3690 0.7410 0.6791 0.6892
3 0.2744 0.3227 0.7427 0.5970 0.6844 0.2792 0.3290 0.7156 0.6081 0.6559
4 0.2414 0.2984 0.7639 0.5398 0.7076 0.2840 0.3065 0.7315 0.5904 0.6709
5 0.2132 0.2685 0.7776 0.4817 0.7257 0.2176 0.2733 0.7756 0.4909 0.7337
6 0.1916 0.2438 0.7849 0.4354 0.7347 0.2396 0.2935 0.7442 0.5334 0.6966
7 0.1766 0.2208 0.7934 0.3975 0.7493 0.2046 0.2466 0.7647 0.4514 0.7175
8 0.1541 0.1963 0.8131 0.3506 0.7681 0.1843 0.2156 0.7793 0.4003 0.7373
9 0.1506 0.1887 0.8029 0.3396 0.7598 0.2056 0.2198 0.7609 0.4258 0.7220
10 0.1379 0.1653 0.8218 0.3036 0.7803 0.1940 0.1968 0.7906 0.3912 0.7518
11 0.1242 0.1514 0.8168 0.2761 0.7768 0.1868 0.1909 0.7973 0.3785 0.7576
12 0.1120 0.1371 0.8337 0.2497 0.7943 0.1940 0.1873 0.7815 0.3821 0.7425
13 0.1068 0.1294 0.8290 0.2368 0.7889 0.2046 0.1837 0.7933 0.3889 0.7566
14 0.0988 0.1179 0.8374 0.2173 0.8000 0.1685 0.1722 0.7977 0.3415 0.7624
15 0.0809 0.1025 0.8567 0.1843 0.8219 0.1633 0.1569 0.8096 0.3212 0.7737
16 0.0697 0.0908 0.8697 0.1614 0.8373 0.1590 0.1522 0.8135 0.3122 0.7769
17 0.0682 0.0900 0.8748 0.1590 0.8428 0.1569 0.1502 0.8179 0.3081 0.7823
18 0.0650 0.0881 0.8757 0.1540 0.8447 0.1585 0.1494 0.8163 0.3089 0.7794
19 0.0628 0.0854 0.8781 0.1490 0.8473 0.1640 0.1506 0.8119 0.3157 0.7768
20 0.0603 0.0818 0.8824 0.1430 0.8523 0.1660 0.1514 0.8135 0.3185 0.7755
21 0.0596 0.0803 0.8819 0.1409 0.8525 0.1664 0.1495 0.8155 0.3170 0.7792
22 0.0573 0.0777 0.8870 0.1359 0.8583 0.1655 0.1489 0.8153 0.3155 0.7809
23 0.0572 0.0781 0.8885 0.1363 0.8600 0.1768 0.1513 0.8165 0.3292 0.7815
24 0.0560 0.0766 0.8867 0.1335 0.8589 0.1656 0.1472 0.8159 0.3138 0.7825
25 0.0545 0.0758 0.8902 0.1314 0.8631 0.1688 0.1476 0.8180 0.3175 0.7837
26 0.0532 0.0715 0.8926 0.1257 0.8653 0.1702 0.1468 0.8172 0.3181 0.7845
27 0.0536 0.0746 0.8907 0.1293 0.8627 0.1675 0.1465 0.8214 0.3151 0.7885
28 0.0531 0.0730 0.8893 0.1271 0.8629 0.1671 0.1472 0.8135 0.3154 0.7788
29 0.0536 0.0740 0.8902 0.1286 0.8635 0.1721 0.1505 0.8186 0.3236 0.7847
30 0.0695 0.0819 0.8680 0.1523 0.8350 0.2903 0.2225 0.7434 0.5136 0.6928
31 0.1382 0.1365 0.7947 0.2754 0.7497 0.2050 0.1680 0.7665 0.3737 0.7192
32 0.1165 0.1208 0.8099 0.2381 0.7683 0.2331 0.2153 0.7509 0.4493 0.7049
33 0.1013 0.1058 0.8127 0.2080 0.7747 0.1742 0.1538 0.7888 0.3290 0.7483
34 0.0933 0.0927 0.8384 0.1870 0.8026 0.1625 0.1479 0.8023 0.3115 0.7691
35 0.0891 0.0878 0.8416 0.1778 0.8031 0.2076 0.1595 0.7763 0.3681 0.7385
36 0.1069 0.0976 0.7542 0.2054 0.7269 0.2119 0.1503 0.7706 0.3631 0.7332
37 0.0958 0.0901 0.7581 0.1869 0.7297 0.1817 0.1324 0.7941 0.3153 0.7582
38 0.0702 0.0713 0.7728 0.1427 0.7479 0.1715 0.1293 0.8176 0.3021 0.7859
39 0.0607 0.0626 0.7877 0.1245 0.7645 0.1715 0.1253 0.8234 0.2982 0.7916
40 0.0558 0.0569 0.7882 0.1139 0.7657 0.1667 0.1212 0.8242 0.2892 0.7907
41 0.0546 0.0556 0.7883 0.1115 0.7667 0.1750 0.1224 0.8229 0.2988 0.7893
42 0.0559 0.0545 0.7914 0.1117 0.7694 0.1697 0.1183 0.8260 0.2893 0.7938
43 0.0515 0.0523 0.7932 0.1051 0.7715 0.1649 0.1158 0.8253 0.2819 0.7933
44 0.0518 0.0532 0.7920 0.1063 0.7702 0.1681 0.1161 0.8305 0.2855 0.7988
45 0.0516 0.0519 0.7949 0.1047 0.7734 0.1669 0.1132 0.8323 0.2815 0.8004
46 0.0479 0.0486 0.7982 0.0978 0.7769 0.1669 0.1144 0.8251 0.2827 0.7931
47 0.0494 0.0484 0.7980 0.0991 0.7765 0.1664 0.1138 0.8265 0.2816 0.7935
48 0.0487 0.0489 0.7981 0.0990 0.7777 0.1665 0.1127 0.8276 0.2806 0.7957
49 0.0487 0.0490 0.7964 0.0990 0.7757 0.1673 0.1127 0.8311 0.2814 0.7996
50 0.0480 0.0492 0.7962 0.0985 0.7756 0.1690 0.1132 0.8269 0.2837 0.7945
51 0.0491 0.0493 0.7996 0.0997 0.7786 0.1644 0.1118 0.8293 0.2775 0.7982
52 0.0489 0.0496 0.7972 0.0998 0.7767 0.1669 0.1126 0.8270 0.2809 0.7948
53 0.0488 0.0490 0.7980 0.0991 0.7773 0.1672 0.1112 0.8292 0.2797 0.7981
54 0.1007 0.0888 0.7550 0.1905 0.7254 0.2382 0.1517 0.7945 0.3912 0.7642
55 0.0982 0.0904 0.7555 0.1897 0.7283 0.1926 0.1446 0.7894 0.3383 0.7553
56 0.0955 0.0848 0.7548 0.1813 0.7247 0.2031 0.1353 0.8003 0.3396 0.7625
57 0.0885 0.0800 0.7668 0.1696 0.7395 0.1827 0.1429 0.8015 0.3267 0.7671
58 0.0801 0.0726 0.7718 0.1536 0.7469 0.1800 0.1209 0.8024 0.3020 0.7666
59 0.0705 0.0618 0.7761 0.1335 0.7512 0.1638 0.1177 0.8101 0.2828 0.7750
60 0.0615 0.0566 0.7812 0.1194 0.7567 0.1650 0.1190 0.8152 0.2853 0.7760
61 0.0621 0.0537 0.7821 0.1170 0.7567 0.1955 0.1214 0.8202 0.3182 0.7889
62 0.0516 0.0468 0.7951 0.0998 0.7738 0.1691 0.1066 0.8311 0.2771 0.7998
63 0.0446 0.0412 0.7984 0.0873 0.7779 0.1706 0.1052 0.8333 0.2772 0.8038
64 0.0441 0.0404 0.8025 0.0859 0.7818 0.1706 0.1034 0.8359 0.2755 0.8043
65 0.0404 0.0384 0.8040 0.0802 0.7839 0.1747 0.1032 0.8323 0.2793 0.8025
66 0.0417 0.0378 0.8034 0.0810 0.7830 0.1707 0.1003 0.8374 0.2724 0.8079
67 0.0388 0.0363 0.8024 0.0766 0.7827 0.1739 0.1020 0.8374 0.2773 0.8071
68 0.0396 0.0354 0.8078 0.0764 0.7894 0.1713 0.0992 0.8368 0.2720 0.8061
69 0.0401 0.0360 0.8060 0.0776 0.7855 0.1663 0.0982 0.8377 0.2660 0.8083
70 0.0376 0.0352 0.8064 0.0743 0.7871 0.1688 0.0994 0.8376 0.2696 0.8094
71 0.0386 0.0358 0.8064 0.0758 0.7866 0.1686 0.0981 0.8391 0.2682 0.8106
72 0.0379 0.0348 0.8058 0.0742 0.7861 0.1689 0.0978 0.8398 0.2681 0.8100
73 0.0354 0.0338 0.8088 0.0708 0.7894 0.1692 0.0989 0.8382 0.2695 0.8087
74 0.0378 0.0345 0.8069 0.0739 0.7881 0.1716 0.1006 0.8373 0.2735 0.8084
