epoch BCELoss SoftDiceLoss iou loss mAP
0 0.5073 0.3088 0.5863 0.8150 0.4891
1 0.2461 0.2196 0.6863 0.4653 0.6245
2 0.3705 0.2239 0.6817 0.5942 0.6114
3 0.2553 0.1536 0.7324 0.4084 0.6661
4 0.2377 0.1938 0.7425 0.4314 0.6939
5 0.2177 0.1771 0.7222 0.3949 0.6829
6 0.2735 0.2219 0.7245 0.4956 0.6850
7 0.2521 0.1588 0.7523 0.4111 0.7085
8 0.2526 0.1335 0.7802 0.3866 0.7394
9 0.2557 0.1862 0.7430 0.4421 0.6867
10 0.2012 0.1337 0.7582 0.3355 0.7114
11 0.1781 0.1178 0.7934 0.2965 0.7525
12 0.3306 0.1842 0.7321 0.5150 0.6887
13 0.2408 0.1333 0.7762 0.3747 0.7321
14 0.1940 0.1211 0.8012 0.3156 0.7596
15 0.2532 0.1470 0.7723 0.4005 0.7315
16 0.2754 0.1696 0.6976 0.4452 0.6361
17 1.0443 0.5416 0.5505 1.5850 0.4983
18 0.2926 0.1604 0.7586 0.4535 0.7178
19 0.2123 0.1189 0.7946 0.3318 0.7584
20 0.2156 0.0998 0.8034 0.3163 0.7638
21 0.2335 0.1133 0.8071 0.3473 0.7689
22 0.2025 0.1188 0.7931 0.3217 0.7534
23 0.2035 0.1059 0.7993 0.3102 0.7608
24 0.2522 0.1256 0.7822 0.3784 0.7444
25 0.1816 0.1013 0.8092 0.2838 0.7732
26 0.1814 0.1003 0.8130 0.2826 0.7786
27 0.1876 0.1010 0.8099 0.2896 0.7736
28 0.1859 0.0995 0.8112 0.2863 0.7742
29 0.1948 0.1010 0.8138 0.2966 0.7768
30 0.1869 0.0997 0.8128 0.2875 0.7769
31 0.1934 0.0995 0.8131 0.2937 0.7742
32 0.1882 0.0976 0.8157 0.2867 0.7796
33 0.1888 0.0982 0.8146 0.2878 0.7776
34 0.1979 0.0993 0.8164 0.2980 0.7792
35 0.1966 0.0984 0.8146 0.2958 0.7773
36 0.1954 0.0969 0.8158 0.2932 0.7787
37 0.2167 0.1014 0.8157 0.3190 0.7785
38 0.2170 0.1014 0.8165 0.3191 0.7799
39 0.2144 0.0999 0.8172 0.3151 0.7799
40 0.2070 0.0974 0.8161 0.3052 0.7796
41 0.2088 0.0975 0.8190 0.3071 0.7825
42 0.2074 0.0958 0.8131 0.3039 0.7751
43 0.2102 0.0971 0.8167 0.3081 0.7793
44 0.2214 0.1035 0.8042 0.3256 0.7661
45 0.2078 0.0962 0.8166 0.3047 0.7781
46 0.2089 0.0962 0.8116 0.3057 0.7746
47 0.2141 0.0961 0.8169 0.3109 0.7804
48 0.2165 0.0966 0.8164 0.3139 0.7793
49 0.2135 0.0956 0.8187 0.3098 0.7823
50 0.2141 0.0961 0.8201 0.3109 0.7840
51 0.2117 0.0958 0.8152 0.3081 0.7775
52 0.2105 0.0953 0.8198 0.3066 0.7821
53 0.2122 0.0957 0.8177 0.3086 0.7810
54 0.2144 0.0965 0.8174 0.3115 0.7800
55 0.2117 0.0958 0.8167 0.3082 0.7787
56 0.2148 0.0960 0.8158 0.3115 0.7791
57 0.2146 0.0959 0.8192 0.3111 0.7814
58 0.2134 0.0954 0.8189 0.3095 0.7814
59 0.2124 0.0954 0.8169 0.3085 0.7793
60 0.2168 0.0963 0.8175 0.3138 0.7808
61 0.2145 0.0958 0.8153 0.3110 0.7779
62 0.2105 0.0952 0.8176 0.3064 0.7815
63 0.2143 0.0955 0.8173 0.3104 0.7805
64 0.2106 0.0953 0.8126 0.3066 0.7749
65 0.2101 0.0953 0.8147 0.3061 0.7764
66 0.2104 0.0954 0.8137 0.3066 0.7760
67 0.2132 0.0957 0.8153 0.3096 0.7781
68 0.2130 0.0955 0.8145 0.3092 0.7772
69 0.2148 0.0963 0.8138 0.3118 0.7757
70 0.2133 0.0958 0.8168 0.3098 0.7802
71 0.2154 0.0961 0.8158 0.3122 0.7799
72 0.2106 0.0948 0.8120 0.3061 0.7733
73 0.2126 0.0952 0.8158 0.3085 0.7787
74 0.2129 0.0956 0.8165 0.3091 0.7793
75 0.2127 0.0957 0.8130 0.3091 0.7755
76 0.2118 0.0956 0.8151 0.3080 0.7773
77 0.2098 0.0950 0.8166 0.3055 0.7785
78 0.2145 0.0962 0.8125 0.3114 0.7744
79 0.2132 0.0953 0.8174 0.3091 0.7796
80 0.2123 0.0957 0.8159 0.3087 0.7786
81 0.2143 0.0951 0.8166 0.3101 0.7797
82 0.2072 0.0947 0.8128 0.3026 0.7746
83 0.2138 0.0957 0.8176 0.3102 0.7799
84 0.2127 0.0957 0.8187 0.3091 0.7810
85 0.2091 0.0945 0.8148 0.3043 0.7776
86 0.2157 0.0963 0.8146 0.3127 0.7767
87 0.2132 0.0951 0.8174 0.3089 0.7805
88 0.2097 0.0946 0.8141 0.3050 0.7758
89 0.2126 0.0955 0.8131 0.3088 0.7752
90 0.2114 0.0955 0.8151 0.3076 0.7770
91 0.2150 0.0958 0.8158 0.3115 0.7791
92 0.2129 0.0960 0.8169 0.3095 0.7806
93 0.2094 0.0944 0.8166 0.3045 0.7792
94 0.2166 0.0959 0.8173 0.3131 0.7808
95 0.2113 0.0948 0.8130 0.3068 0.7761
96 0.2145 0.0961 0.8154 0.3113 0.7770
97 0.2109 0.0951 0.8156 0.3067 0.7778
98 0.2146 0.0959 0.8154 0.3111 0.7779
99 0.2167 0.0962 0.8198 0.3136 0.7828
