epoch train_BCELoss train_SoftDiceLoss train_iou train_loss train_mAP val_BCELoss val_SoftDiceLoss val_iou val_loss val_mAP
0 0.6193 0.6946 0.4288 1.3133 0.4288 0.6542 0.7447 0.3560 1.3988 0.3560
1 0.5701 0.6531 0.4278 1.2221 0.4225 0.5207 0.7047 0.3948 1.2237 0.3393
2 0.3956 0.4850 0.6232 0.8762 0.5523 0.3465 0.6131 0.6811 0.9559 0.6150
3 0.2938 0.3685 0.7049 0.6584 0.6414 0.3097 0.5860 0.7117 0.8938 0.6539
4 0.2555 0.3199 0.7229 0.5733 0.6678 0.2682 0.5697 0.7338 0.8369 0.6846
5 0.2328 0.2872 0.7459 0.5187 0.6915 0.2717 0.5583 0.7312 0.8295 0.6799
6 0.2039 0.2515 0.7654 0.4544 0.7156 0.2529 0.5483 0.7480 0.8009 0.7017
7 0.1878 0.2309 0.7687 0.4178 0.7199 0.2407 0.5380 0.7651 0.7785 0.7223
8 0.1732 0.2141 0.7917 0.3865 0.7469 0.2254 0.5289 0.7753 0.7541 0.7330
9 0.1631 0.2043 0.7972 0.3666 0.7506 0.2285 0.5295 0.7759 0.7579 0.7402
10 0.1595 0.2004 0.7989 0.3591 0.7534 0.2243 0.5296 0.7768 0.7539 0.7383
11 0.1502 0.1898 0.8071 0.3393 0.7670 0.2282 0.5253 0.7799 0.7534 0.7424
12 0.1518 0.1902 0.8128 0.3412 0.7685 0.2371 0.5216 0.7781 0.7587 0.7408
13 0.1537 0.1868 0.8012 0.3398 0.7571 0.2197 0.5211 0.7799 0.7408 0.7388
14 0.1655 0.1924 0.7927 0.3574 0.7490 0.2481 0.5268 0.7608 0.7749 0.7106
15 0.1639 0.1842 0.7898 0.3477 0.7441 0.2532 0.5339 0.7646 0.7873 0.7247
16 0.1537 0.1693 0.8093 0.3228 0.7643 0.2122 0.5166 0.7772 0.7291 0.7422
17 0.1476 0.1618 0.8107 0.3092 0.7687 0.2495 0.5147 0.7812 0.7647 0.7462
18 0.1396 0.1551 0.8157 0.2945 0.7735 0.2177 0.5066 0.7913 0.7247 0.7547
19 0.1257 0.1428 0.8270 0.2684 0.7884 0.2183 0.5030 0.7939 0.7217 0.7566
20 0.1092 0.1311 0.8386 0.2401 0.8008 0.2144 0.5045 0.7967 0.7193 0.7603
21 0.1139 0.1336 0.8325 0.2473 0.7938 0.2146 0.5060 0.7957 0.7209 0.7619
22 0.1165 0.1306 0.8376 0.2470 0.7970 0.2228 0.5004 0.8040 0.7237 0.7664
23 0.1244 0.1354 0.8230 0.2597 0.7839 0.1839 0.4939 0.8098 0.6783 0.7748
24 0.1199 0.1287 0.8352 0.2486 0.7956 0.2275 0.5053 0.7910 0.7332 0.7507
25 0.1348 0.1392 0.8225 0.2741 0.7781 0.2532 0.5051 0.7843 0.7588 0.7456
26 0.1221 0.1264 0.8314 0.2487 0.7913 0.2571 0.5174 0.7713 0.7750 0.7270
27 0.1153 0.1196 0.8297 0.2350 0.7895 0.2075 0.4886 0.8078 0.6968 0.7699
28 0.1065 0.1127 0.8396 0.2195 0.8016 0.2548 0.4835 0.8049 0.7391 0.7710
29 0.0970 0.1065 0.8471 0.2037 0.8129 0.2581 0.4807 0.8096 0.7396 0.7787
30 0.0898 0.0981 0.8476 0.1880 0.8113 0.2374 0.4817 0.8069 0.7199 0.7719
31 0.0883 0.0968 0.8561 0.1854 0.8226 0.2366 0.4836 0.8096 0.7210 0.7797
32 0.0933 0.0987 0.8447 0.1922 0.8103 0.2199 0.4794 0.8118 0.7000 0.7770
33 0.0976 0.1006 0.8502 0.1984 0.8144 0.2297 0.4963 0.7924 0.7269 0.7585
34 0.1060 0.1042 0.8439 0.2106 0.8077 0.2774 0.4979 0.7739 0.7763 0.7327
35 0.1243 0.1182 0.8285 0.2429 0.7879 0.2337 0.4911 0.7691 0.7254 0.7291
36 0.1175 0.1129 0.8290 0.2307 0.7907 0.2264 0.4884 0.7937 0.7157 0.7566
37 0.1238 0.1146 0.8283 0.2388 0.7916 0.2681 0.4826 0.7984 0.7518 0.7625
38 0.1039 0.1036 0.8430 0.2079 0.8068 0.2041 0.4812 0.8210 0.6862 0.7854
39 0.0922 0.0940 0.8486 0.1867 0.8130 0.2205 0.4712 0.8225 0.6926 0.7901
40 0.0772 0.0832 0.8651 0.1609 0.8320 0.2277 0.4695 0.8258 0.6981 0.7923
41 0.0799 0.0812 0.8646 0.1616 0.8311 0.2391 0.4767 0.8167 0.7169 0.7854
42 0.0875 0.0860 0.8565 0.1740 0.8233 0.2270 0.4632 0.8250 0.6911 0.7920
43 0.0852 0.0851 0.8591 0.1707 0.8241 0.2490 0.4743 0.8106 0.7243 0.7788
44 0.0938 0.0923 0.8502 0.1866 0.8133 0.2636 0.4755 0.8103 0.7402 0.7746
45 0.1123 0.1029 0.8319 0.2159 0.7926 0.2539 0.4771 0.7835 0.7320 0.7410
46 0.0965 0.0943 0.8469 0.1913 0.8097 0.2647 0.4920 0.7973 0.7579 0.7592
47 0.0936 0.0882 0.8533 0.1824 0.8180 0.2637 0.4776 0.8155 0.7425 0.7772
48 0.0829 0.0809 0.8647 0.1645 0.8285 0.2478 0.4749 0.8150 0.7240 0.7830
49 0.0788 0.0753 0.8689 0.1549 0.8372 0.2466 0.4650 0.8241 0.7128 0.7924
50 0.0670 0.0694 0.8691 0.1371 0.8363 0.2376 0.4669 0.8288 0.7057 0.7968
51 0.0705 0.0708 0.8697 0.1420 0.8384 0.2466 0.4669 0.8284 0.7149 0.7990
52 0.0700 0.0699 0.8694 0.1406 0.8360 0.2574 0.4774 0.8183 0.7361 0.7877
53 0.0779 0.0725 0.8689 0.1512 0.8360 0.2712 0.4632 0.8197 0.7357 0.7843
54 0.0830 0.0779 0.8547 0.1617 0.8187 0.4298 0.5220 0.7390 0.9534 0.6948
55 0.1003 0.0904 0.8464 0.1913 0.8069 0.3490 0.5050 0.7588 0.8550 0.7107
56 0.1065 0.0948 0.8439 0.2021 0.8091 0.2934 0.4716 0.7900 0.7662 0.7523
57 0.0841 0.0792 0.8630 0.1641 0.8293 0.2321 0.4556 0.8298 0.6890 0.7984
58 0.0774 0.0746 0.8701 0.1528 0.8359 0.2411 0.4673 0.8232 0.7098 0.7927
59 0.0672 0.0666 0.8729 0.1345 0.8405 0.2683 0.4613 0.8187 0.7312 0.7896
60 0.0620 0.0606 0.8788 0.1234 0.8474 0.2643 0.4604 0.8211 0.7261 0.7913
61 0.0634 0.0619 0.8753 0.1262 0.8429 0.2494 0.4602 0.8286 0.7111 0.7985
62 0.0627 0.0621 0.8725 0.1256 0.8392 0.2500 0.4559 0.8256 0.7073 0.7963
63 0.0827 0.0749 0.8569 0.1584 0.8240 0.2798 0.4925 0.6984 0.7731 0.6516
64 0.0922 0.0827 0.8555 0.1758 0.8214 0.3085 0.4701 0.8121 0.7801 0.7770
65 0.0871 0.0806 0.8558 0.1685 0.8198 0.2836 0.4668 0.8181 0.7520 0.7875
66 0.0820 0.0726 0.8550 0.1555 0.8192 0.2920 0.4819 0.8163 0.7754 0.7884
67 0.0791 0.0724 0.8661 0.1523 0.8323 0.2722 0.4694 0.8252 0.7431 0.7944
68 0.0609 0.0583 0.8754 0.1201 0.8418 0.2818 0.4641 0.8294 0.7475 0.8000
69 0.0614 0.0573 0.8810 0.1196 0.8486 0.2938 0.4659 0.8328 0.7614 0.8011
70 0.0547 0.0526 0.8826 0.1083 0.8511 0.2887 0.4646 0.8356 0.7549 0.8059
71 0.0543 0.0526 0.8823 0.1079 0.8523 0.2948 0.4650 0.8323 0.7615 0.8027
72 0.0591 0.0565 0.8753 0.1165 0.8441 0.2804 0.4644 0.8269 0.7464 0.7975
73 0.0564 0.0535 0.8805 0.1108 0.8490 0.3131 0.4668 0.8217 0.7816 0.7919
74 0.0656 0.0599 0.8754 0.1265 0.8439 0.3118 0.4517 0.8204 0.7652 0.7892
75 0.0876 0.0759 0.8607 0.1644 0.8236 0.3298 0.4726 0.8097 0.8040 0.7706
76 0.0745 0.0656 0.8680 0.1411 0.8347 0.2818 0.4514 0.8229 0.7347 0.7884
77 0.0694 0.0630 0.8754 0.1335 0.8434 0.2292 0.4542 0.8320 0.6848 0.7996
78 0.0566 0.0538 0.8755 0.1113 0.8424 0.3017 0.4557 0.8271 0.7591 0.7913
79 0.0537 0.0502 0.8778 0.1049 0.8473 0.2446 0.4455 0.8407 0.6916 0.8097
80 0.0540 0.0489 0.8866 0.1038 0.8561 0.2387 0.4444 0.8417 0.6846 0.8107
81 0.0524 0.0512 0.8790 0.1047 0.8494 0.2697 0.4515 0.8365 0.7229 0.8066
82 0.0534 0.0507 0.8772 0.1052 0.8458 0.2697 0.4535 0.8293 0.7249 0.7992
83 0.0591 0.0543 0.8806 0.1144 0.8508 0.3243 0.4642 0.8177 0.7903 0.7858
84 0.0836 0.0700 0.8623 0.1546 0.8268 0.3233 0.4655 0.8076 0.7905 0.7750
85 0.0861 0.0766 0.8550 0.1636 0.8220 0.2529 0.4617 0.8120 0.7161 0.7722
86 0.0708 0.0643 0.8650 0.1361 0.8323 0.2311 0.4494 0.8360 0.6819 0.8010
87 0.0658 0.0583 0.8736 0.1251 0.8417 0.2585 0.4598 0.8310 0.7198 0.7994
88 0.0596 0.0564 0.8791 0.1171 0.8462 0.2385 0.4440 0.8413 0.6841 0.8103
89 0.0535 0.0495 0.8769 0.1041 0.8468 0.2352 0.4385 0.8446 0.6753 0.8142
90 0.0494 0.0468 0.8843 0.0972 0.8544 0.2339 0.4392 0.8456 0.6747 0.8161
91 0.0468 0.0444 0.8946 0.0924 0.8645 0.2431 0.4353 0.8472 0.6800 0.8165
92 0.0513 0.0478 0.8846 0.1002 0.8539 0.2703 0.4375 0.8355 0.7095 0.8019
93 0.0540 0.0497 0.8854 0.1048 0.8547 0.2782 0.4530 0.8309 0.7330 0.8007
94 0.0523 0.0486 0.8799 0.1020 0.8495 0.2748 0.4547 0.8382 0.7313 0.8050
95 0.0741 0.0650 0.8670 0.1401 0.8317 0.1959 0.4668 0.8256 0.6640 0.7951
96 0.0678 0.0625 0.8657 0.1314 0.8348 0.3002 0.4603 0.8194 0.7622 0.7896
97 0.0596 0.0524 0.8787 0.1131 0.8485 0.2455 0.4544 0.8280 0.7015 0.7946
98 0.0504 0.0466 0.8854 0.0982 0.8562 0.3257 0.4492 0.8253 0.7767 0.7933
99 0.0470 0.0431 0.8914 0.0912 0.8603 0.2950 0.4532 0.8276 0.7500 0.7974
