epoch train_BCELoss train_SoftDiceLoss train_iou train_loss train_mAP val_BCELoss val_SoftDiceLoss val_iou val_loss val_mAP
0 0.4686 0.5328 0.4210 0.9998 0.3333 0.4946 0.4885 0.5012 0.9815 0.3964
1 0.2946 0.3629 0.6934 0.6567 0.6256 0.2703 0.3448 0.7166 0.6147 0.6483
2 0.2421 0.2982 0.7297 0.5400 0.6693 0.3163 0.3371 0.5702 0.6531 0.4989
3 0.2095 0.2674 0.7516 0.4768 0.6963 0.2478 0.2880 0.7395 0.5357 0.6787
4 0.1817 0.2318 0.7748 0.4135 0.7246 0.2138 0.2571 0.7471 0.4710 0.6946
5 0.1636 0.2079 0.7926 0.3716 0.7418 0.2887 0.2704 0.6654 0.5592 0.5939
6 0.1399 0.1819 0.8088 0.3220 0.7628 0.1801 0.2159 0.7758 0.3963 0.7260
7 0.1370 0.1732 0.8091 0.3105 0.7640 0.1715 0.2017 0.7849 0.3736 0.7330
8 0.1156 0.1510 0.8273 0.2670 0.7829 0.1818 0.1970 0.7894 0.3793 0.7441
9 0.1086 0.1388 0.8317 0.2478 0.7880 0.1757 0.1856 0.7753 0.3618 0.7233
10 0.0992 0.1279 0.8413 0.2276 0.7994 0.1638 0.1721 0.7794 0.3365 0.7369
11 0.0918 0.1159 0.8468 0.2084 0.8069 0.1711 0.1760 0.7924 0.3478 0.7473
12 0.0888 0.1088 0.8479 0.1983 0.8095 0.1894 0.1749 0.7633 0.3648 0.7133
13 0.0834 0.1028 0.8487 0.1869 0.8105 0.1824 0.1629 0.8002 0.3459 0.7549
14 0.0780 0.0939 0.8608 0.1726 0.8247 0.1778 0.1613 0.7947 0.3399 0.7556
15 0.0673 0.0856 0.8674 0.1538 0.8319 0.1705 0.1527 0.8039 0.3241 0.7600
16 0.0668 0.0840 0.8703 0.1517 0.8371 0.1755 0.1533 0.8012 0.3296 0.7592
17 0.0631 0.0826 0.8753 0.1466 0.8418 0.1672 0.1514 0.8015 0.3195 0.7605
18 0.0601 0.0779 0.8769 0.1390 0.8453 0.1609 0.1470 0.8043 0.3088 0.7621
19 0.0573 0.0758 0.8830 0.1340 0.8522 0.1698 0.1497 0.8045 0.3204 0.7610
20 0.0585 0.0758 0.8863 0.1353 0.8547 0.1729 0.1484 0.8012 0.3222 0.7579
21 0.0557 0.0735 0.8845 0.1301 0.8537 0.1686 0.1463 0.8031 0.3159 0.7626
22 0.0557 0.0740 0.8867 0.1306 0.8538 0.1755 0.1477 0.8021 0.3241 0.7584
23 0.0570 0.0744 0.8803 0.1324 0.8494 0.1670 0.1437 0.8043 0.3116 0.7615
24 0.0554 0.0748 0.8837 0.1311 0.8511 0.1644 0.1416 0.8060 0.3070 0.7644
25 0.0530 0.0710 0.8856 0.1250 0.8536 0.1655 0.1420 0.8025 0.3084 0.7588
26 0.0533 0.0711 0.8868 0.1254 0.8560 0.1689 0.1440 0.8020 0.3139 0.7570
27 0.0522 0.0708 0.8870 0.1240 0.8569 0.1685 0.1432 0.8044 0.3126 0.7614
28 0.0510 0.0693 0.8915 0.1213 0.8626 0.1638 0.1407 0.8076 0.3054 0.7665
29 0.0529 0.0702 0.8882 0.1240 0.8600 0.1710 0.1441 0.8042 0.3160 0.7600
30 0.0658 0.0777 0.8752 0.1444 0.8432 0.1901 0.1538 0.7855 0.3447 0.7430
31 0.0762 0.0832 0.8565 0.1603 0.8164 0.1696 0.1507 0.7809 0.3212 0.7304
32 0.0848 0.0911 0.8405 0.1767 0.8018 0.2172 0.1546 0.7809 0.3727 0.7365
33 0.0883 0.0914 0.8396 0.1805 0.7986 0.1889 0.1531 0.7698 0.3428 0.7181
34 0.0743 0.0769 0.8601 0.1522 0.8246 0.2026 0.1611 0.7733 0.3645 0.7251
35 0.0713 0.0733 0.8574 0.1456 0.8203 0.1857 0.1325 0.7816 0.3189 0.7323
36 0.0894 0.0838 0.7635 0.1741 0.7357 0.1948 0.1537 0.7260 0.3491 0.6685
37 0.0869 0.0814 0.7673 0.1692 0.7373 0.1675 0.1309 0.7881 0.2994 0.7411
38 0.0610 0.0624 0.7818 0.1244 0.7559 0.1667 0.1294 0.8092 0.2972 0.7664
39 0.0575 0.0578 0.7948 0.1164 0.7712 0.1664 0.1263 0.8123 0.2939 0.7731
40 0.0522 0.0550 0.7956 0.1084 0.7733 0.1649 0.1263 0.8131 0.2924 0.7734
41 0.0521 0.0545 0.7976 0.1078 0.7757 0.1637 0.1237 0.8149 0.2886 0.7779
42 0.0522 0.0539 0.8000 0.1074 0.7776 0.1684 0.1265 0.8119 0.2961 0.7706
43 0.0496 0.0521 0.7991 0.1030 0.7765 0.1625 0.1207 0.8180 0.2844 0.7802
44 0.0492 0.0510 0.8007 0.1015 0.7790 0.1675 0.1227 0.8142 0.2914 0.7729
45 0.0490 0.0511 0.8012 0.1013 0.7793 0.1679 0.1215 0.8177 0.2905 0.7779
46 0.0478 0.0501 0.7987 0.0992 0.7773 0.1651 0.1191 0.8201 0.2853 0.7814
47 0.0455 0.0490 0.8050 0.0957 0.7836 0.1673 0.1217 0.8193 0.2902 0.7804
48 0.0476 0.0505 0.8021 0.0994 0.7797 0.1691 0.1222 0.8126 0.2925 0.7722
49 0.0467 0.0487 0.8016 0.0967 0.7811 0.1668 0.1209 0.8191 0.2889 0.7796
50 0.0457 0.0487 0.8042 0.0957 0.7828 0.1657 0.1198 0.8197 0.2868 0.7807
51 0.0456 0.0486 0.8047 0.0955 0.7841 0.1662 0.1197 0.8199 0.2871 0.7802
52 0.0463 0.0491 0.8015 0.0967 0.7814 0.1657 0.1202 0.8151 0.2871 0.7748
53 0.0453 0.0479 0.8049 0.0946 0.7840 0.1650 0.1196 0.8251 0.2858 0.7859
54 0.0549 0.0545 0.7930 0.1105 0.7697 0.1836 0.1278 0.7766 0.3125 0.7248
55 0.0655 0.0602 0.7759 0.1268 0.7490 0.2049 0.1302 0.7915 0.3362 0.7493
56 0.0818 0.0738 0.7689 0.1567 0.7405 0.1918 0.1279 0.7933 0.3208 0.7510
57 0.0724 0.0647 0.7792 0.1382 0.7520 0.2043 0.1331 0.7877 0.3385 0.7480
58 0.0754 0.0658 0.7761 0.1423 0.7505 0.1761 0.1318 0.7760 0.3090 0.7309
59 0.0734 0.0638 0.7749 0.1383 0.7494 0.1731 0.1270 0.7689 0.3012 0.7220
60 0.0628 0.0564 0.7849 0.1204 0.7587 0.1702 0.1094 0.8123 0.2808 0.7749
61 0.0522 0.0477 0.7938 0.1012 0.7707 0.1820 0.1285 0.8073 0.3118 0.7647
62 0.0480 0.0451 0.8003 0.0945 0.7786 0.1686 0.1119 0.8196 0.2818 0.7804
63 0.0402 0.0400 0.8037 0.0817 0.7831 0.1667 0.1103 0.8144 0.2783 0.7738
64 0.0387 0.0385 0.8045 0.0786 0.7852 0.1706 0.1101 0.8119 0.2820 0.7719
65 0.0385 0.0380 0.8077 0.0780 0.7876 0.1718 0.1082 0.8223 0.2813 0.7842
66 0.0378 0.0365 0.8076 0.0758 0.7885 0.1720 0.1082 0.8220 0.2815 0.7844
67 0.0359 0.0357 0.8093 0.0732 0.7901 0.1819 0.1102 0.8181 0.2934 0.7797
68 0.0354 0.0355 0.8112 0.0724 0.7928 0.1777 0.1091 0.8208 0.2881 0.7820
69 0.0350 0.0339 0.8111 0.0704 0.7927 0.1824 0.1099 0.8217 0.2935 0.7843
70 0.0334 0.0342 0.8135 0.0693 0.7950 0.1816 0.1099 0.8188 0.2928 0.7797
71 0.0346 0.0341 0.8112 0.0702 0.7918 0.1785 0.1084 0.8214 0.2883 0.7836
72 0.0337 0.0336 0.8137 0.0689 0.7951 0.1814 0.1089 0.8218 0.2916 0.7850
73 0.0335 0.0343 0.8151 0.0693 0.7974 0.1800 0.1079 0.8235 0.2892 0.7852
74 0.0336 0.0334 0.8144 0.0686 0.7967 0.1808 0.1085 0.8218 0.2906 0.7848
