epoch train_BCELoss train_SoftDiceLoss train_iou train_loss train_mAP val_BCELoss val_SoftDiceLoss val_iou val_loss val_mAP
0 0.4324 0.4813 0.4769 0.9127 0.3949 0.2982 0.3990 0.6523 0.6967 0.5928
1 0.2798 0.3330 0.6799 0.6124 0.6143 0.2533 0.3514 0.6967 0.6045 0.6356
2 0.2409 0.2869 0.7146 0.5277 0.6545 0.1990 0.2697 0.7392 0.4687 0.6871
3 0.2050 0.2436 0.7404 0.4487 0.6879 0.2272 0.2999 0.7004 0.5272 0.6308
4 0.1890 0.2247 0.7496 0.4140 0.6987 0.2263 0.2344 0.7359 0.4610 0.6839
5 0.1829 0.2020 0.7642 0.3853 0.7155 0.1879 0.2110 0.7466 0.3991 0.6933
6 0.1535 0.1740 0.7924 0.3280 0.7452 0.1924 0.2112 0.7663 0.4042 0.7180
7 0.1596 0.1749 0.7816 0.3351 0.7379 0.1504 0.1692 0.7794 0.3203 0.7458
8 0.1488 0.1572 0.7963 0.3067 0.7541 0.1501 0.1626 0.7935 0.3135 0.7517
9 0.1343 0.1396 0.8090 0.2747 0.7679 0.1510 0.1500 0.7944 0.3019 0.7569
10 0.1344 0.1342 0.8152 0.2694 0.7760 0.1653 0.1415 0.7957 0.3078 0.7559
11 0.1182 0.1181 0.8221 0.2372 0.7843 0.1662 0.1562 0.7895 0.3233 0.7512
12 0.1199 0.1190 0.8192 0.2397 0.7816 0.1702 0.1676 0.7753 0.3386 0.7337
13 0.0985 0.0979 0.8405 0.1974 0.8033 0.1586 0.1297 0.8089 0.2894 0.7757
14 0.1001 0.0998 0.8304 0.2009 0.7923 0.1544 0.1321 0.7948 0.2875 0.7590
15 0.0742 0.0807 0.8591 0.1559 0.8279 0.1423 0.1227 0.8161 0.2662 0.7843
16 0.0637 0.0708 0.8723 0.1357 0.8409 0.1487 0.1213 0.8160 0.2712 0.7794
17 0.0602 0.0654 0.8735 0.1267 0.8431 0.1472 0.1155 0.8269 0.2639 0.7907
18 0.0613 0.0676 0.8710 0.1301 0.8411 0.1443 0.1146 0.8262 0.2602 0.7905
19 0.0558 0.0615 0.8768 0.1185 0.8481 0.1473 0.1166 0.8251 0.2652 0.7900
20 0.0557 0.0638 0.8761 0.1206 0.8460 0.1513 0.1173 0.8286 0.2698 0.7939
21 0.0521 0.0584 0.8822 0.1118 0.8544 0.1562 0.1177 0.8275 0.2751 0.7931
22 0.0515 0.0574 0.8816 0.1101 0.8546 0.1512 0.1143 0.8306 0.2667 0.7957
23 0.0489 0.0547 0.8825 0.1049 0.8553 0.1542 0.1155 0.8250 0.2709 0.7909
24 0.0489 0.0559 0.8854 0.1060 0.8576 0.1515 0.1131 0.8275 0.2659 0.7921
25 0.0470 0.0542 0.8871 0.1025 0.8593 0.1536 0.1142 0.8245 0.2690 0.7895
26 0.0456 0.0528 0.8890 0.0997 0.8634 0.1518 0.1132 0.8274 0.2663 0.7946
27 0.0451 0.0514 0.8891 0.0978 0.8627 0.1544 0.1144 0.8255 0.2700 0.7922
28 0.0435 0.0515 0.8926 0.0963 0.8668 0.1513 0.1140 0.8308 0.2665 0.7970
29 0.0435 0.0499 0.8903 0.0947 0.8648 0.1529 0.1143 0.8260 0.2684 0.7934
30 0.1023 0.0944 0.8356 0.1978 0.7995 0.1774 0.1417 0.7831 0.3199 0.7400
31 0.1150 0.1061 0.8173 0.2221 0.7784 0.1492 0.1268 0.8096 0.2771 0.7722
32 0.1026 0.0917 0.8303 0.1954 0.7914 0.1481 0.1115 0.8186 0.2608 0.7787
33 0.0850 0.0778 0.8386 0.1638 0.8027 0.1800 0.1243 0.8152 0.3055 0.7775
34 0.1096 0.0945 0.8204 0.2051 0.7818 0.1952 0.1545 0.7799 0.3506 0.7398
35 0.0941 0.0864 0.8344 0.1815 0.7986 0.1623 0.1159 0.8032 0.2794 0.7650
36 0.0956 0.0809 0.7612 0.1776 0.7328 0.2043 0.1425 0.7976 0.3480 0.7585
37 0.0968 0.0829 0.7652 0.1808 0.7378 0.1559 0.1083 0.8249 0.2655 0.7877
38 0.0662 0.0632 0.7851 0.1307 0.7611 0.1456 0.1038 0.8342 0.2508 0.8001
39 0.0567 0.0539 0.7883 0.1119 0.7658 0.1484 0.1025 0.8340 0.2523 0.7986
40 0.0527 0.0506 0.7893 0.1047 0.7678 0.1520 0.1023 0.8343 0.2557 0.7989
41 0.0538 0.0487 0.7931 0.1038 0.7719 0.1498 0.1018 0.8372 0.2530 0.8024
42 0.0506 0.0472 0.7948 0.0993 0.7729 0.1519 0.1008 0.8353 0.2540 0.7994
43 0.0503 0.0471 0.7921 0.0987 0.7708 0.1586 0.1006 0.8363 0.2606 0.7990
44 0.0500 0.0454 0.7980 0.0968 0.7759 0.1554 0.1004 0.8349 0.2572 0.7984
45 0.0448 0.0428 0.7949 0.0890 0.7746 0.1584 0.1014 0.8279 0.2611 0.7910
46 0.0452 0.0419 0.7993 0.0885 0.7789 0.1609 0.1014 0.8289 0.2637 0.7906
47 0.0452 0.0419 0.8021 0.0884 0.7820 0.1600 0.1005 0.8314 0.2619 0.7956
48 0.0435 0.0419 0.7999 0.0869 0.7794 0.1622 0.1034 0.8276 0.2669 0.7895
49 0.0447 0.0409 0.7969 0.0869 0.7770 0.1591 0.1007 0.8321 0.2612 0.7964
50 0.0424 0.0400 0.8003 0.0837 0.7802 0.1613 0.1026 0.8304 0.2652 0.7935
51 0.0422 0.0405 0.7968 0.0842 0.7761 0.1583 0.1007 0.8271 0.2604 0.7913
52 0.0418 0.0395 0.7985 0.0828 0.7782 0.1597 0.1009 0.8329 0.2620 0.7941
53 0.0410 0.0397 0.8004 0.0821 0.7806 0.1640 0.1031 0.8263 0.2683 0.7899
54 0.0867 0.0732 0.7613 0.1610 0.7337 0.1987 0.1242 0.7922 0.3236 0.7518
55 0.1025 0.0869 0.7516 0.1903 0.7241 0.2362 0.1402 0.7932 0.3768 0.7487
56 0.1127 0.0913 0.7497 0.2049 0.7203 0.2054 0.1499 0.7697 0.3562 0.7264
57 0.0981 0.0818 0.7521 0.1810 0.7242 0.1893 0.1233 0.8107 0.3138 0.7816
58 0.0925 0.0789 0.7590 0.1726 0.7327 0.1748 0.1084 0.8172 0.2844 0.7793
59 0.0753 0.0635 0.7741 0.1401 0.7488 0.1889 0.1231 0.7886 0.3126 0.7424
60 0.0806 0.0675 0.7731 0.1492 0.7451 0.1783 0.1179 0.8122 0.2973 0.7742
61 0.0763 0.0637 0.7742 0.1411 0.7484 0.1633 0.1051 0.8179 0.2697 0.7831
62 0.0536 0.0481 0.7872 0.1031 0.7656 0.1698 0.1047 0.8203 0.2758 0.7856
63 0.0464 0.0420 0.7928 0.0898 0.7706 0.1685 0.0993 0.8242 0.2691 0.7888
64 0.0475 0.0419 0.7926 0.0909 0.7710 0.1629 0.0968 0.8292 0.2610 0.7930
65 0.0456 0.0402 0.7945 0.0872 0.7731 0.1696 0.0964 0.8288 0.2673 0.7940
66 0.0443 0.0406 0.7941 0.0864 0.7724 0.1668 0.0965 0.8253 0.2646 0.7915
67 0.0442 0.0385 0.7997 0.0842 0.7793 0.1690 0.0956 0.8299 0.2660 0.7966
68 0.0418 0.0369 0.7998 0.0802 0.7805 0.1691 0.0971 0.8291 0.2675 0.7956
69 0.0414 0.0363 0.7978 0.0791 0.7777 0.1688 0.0961 0.8300 0.2663 0.7962
70 0.0388 0.0356 0.7996 0.0759 0.7793 0.1690 0.0957 0.8268 0.2661 0.7930
71 0.0410 0.0363 0.7988 0.0788 0.7782 0.1705 0.0965 0.8241 0.2683 0.7893
72 0.0388 0.0345 0.8005 0.0748 0.7803 0.1714 0.0960 0.8311 0.2688 0.7974
73 0.0393 0.0349 0.7984 0.0757 0.7785 0.1703 0.0959 0.8309 0.2676 0.7966
74 0.0392 0.0354 0.8014 0.0761 0.7818 0.1716 0.0957 0.8295 0.2686 0.7958
