epoch train_BCELoss train_SoftDiceLoss train_iou train_loss train_mAP val_BCELoss val_SoftDiceLoss val_iou val_loss val_mAP
0 0.4512 0.5034 0.5508 0.9537 0.4817 0.3479 0.4314 0.6343 0.7789 0.5710
1 0.2978 0.3503 0.6975 0.6477 0.6320 0.2811 0.3363 0.6973 0.6172 0.6349
2 0.2445 0.3002 0.7454 0.5446 0.6873 0.2400 0.3416 0.7388 0.5814 0.6970
3 0.2233 0.2722 0.7496 0.4954 0.6942 0.2663 0.2810 0.7321 0.5473 0.6787
4 0.2026 0.2537 0.7685 0.4563 0.7151 0.2123 0.2712 0.7537 0.4836 0.7124
5 0.1762 0.2257 0.7893 0.4021 0.7405 0.2138 0.2652 0.7610 0.4793 0.7204
6 0.1645 0.2083 0.7989 0.3730 0.7506 0.1846 0.2320 0.7714 0.4169 0.7280
7 0.1452 0.1901 0.8147 0.3357 0.7682 0.1904 0.2221 0.7659 0.4129 0.7254
8 0.1388 0.1792 0.8109 0.3183 0.7672 0.1760 0.2056 0.7808 0.3821 0.7403
9 0.1219 0.1594 0.8268 0.2817 0.7854 0.1913 0.2143 0.7706 0.4061 0.7215
10 0.1183 0.1499 0.8340 0.2687 0.7930 0.1734 0.1885 0.7824 0.3625 0.7455
11 0.1107 0.1410 0.8337 0.2521 0.7945 0.1911 0.2122 0.7544 0.4039 0.7165
12 0.1082 0.1356 0.8331 0.2444 0.7909 0.1693 0.1776 0.7979 0.3476 0.7606
13 0.0904 0.1173 0.8508 0.2084 0.8156 0.1748 0.1772 0.7640 0.3527 0.7184
14 0.0907 0.1121 0.8480 0.2036 0.8107 0.1646 0.1555 0.8078 0.3209 0.7720
15 0.0801 0.1035 0.8632 0.1845 0.8308 0.1548 0.1568 0.8179 0.3125 0.7810
16 0.0711 0.0978 0.8679 0.1697 0.8356 0.1510 0.1523 0.8176 0.3043 0.7806
17 0.0687 0.0939 0.8757 0.1636 0.8461 0.1469 0.1487 0.8242 0.2965 0.7868
18 0.0674 0.0931 0.8774 0.1615 0.8475 0.1484 0.1485 0.8217 0.2979 0.7839
19 0.0655 0.0907 0.8797 0.1571 0.8503 0.1460 0.1446 0.8225 0.2915 0.7835
20 0.0658 0.0921 0.8799 0.1589 0.8497 0.1462 0.1447 0.8236 0.2919 0.7862
21 0.0648 0.0903 0.8797 0.1560 0.8501 0.1467 0.1443 0.8192 0.2920 0.7808
22 0.0635 0.0881 0.8830 0.1525 0.8566 0.1474 0.1432 0.8255 0.2915 0.7860
23 0.0613 0.0863 0.8859 0.1486 0.8579 0.1496 0.1450 0.8263 0.2956 0.7882
24 0.0612 0.0862 0.8849 0.1484 0.8571 0.1483 0.1434 0.8273 0.2927 0.7896
25 0.0597 0.0836 0.8893 0.1443 0.8624 0.1468 0.1420 0.8253 0.2899 0.7886
26 0.0594 0.0844 0.8856 0.1448 0.8591 0.1469 0.1421 0.8261 0.2900 0.7884
27 0.0601 0.0848 0.8850 0.1458 0.8578 0.1476 0.1429 0.8260 0.2915 0.7887
28 0.0591 0.0840 0.8879 0.1441 0.8606 0.1486 0.1431 0.8259 0.2927 0.7881
29 0.0598 0.0844 0.8834 0.1452 0.8579 0.1473 0.1427 0.8261 0.2909 0.7882
30 0.0647 0.0856 0.8721 0.1512 0.8405 0.1621 0.1446 0.8056 0.3076 0.7610
31 0.0866 0.0970 0.8546 0.1846 0.8205 0.2273 0.1670 0.7828 0.3950 0.7358
32 0.1054 0.1125 0.8322 0.2188 0.7946 0.1898 0.1600 0.7977 0.3504 0.7472
33 0.0970 0.1066 0.8331 0.2044 0.7934 0.2424 0.1737 0.7756 0.4167 0.7298
34 0.0876 0.0956 0.8411 0.1841 0.8055 0.1857 0.1535 0.7910 0.3401 0.7507
35 0.0790 0.0848 0.8518 0.1647 0.8198 0.1766 0.1352 0.8013 0.3127 0.7646
36 0.0964 0.0944 0.7767 0.1917 0.7501 0.1774 0.1515 0.7961 0.3299 0.7556
37 0.0866 0.0845 0.7898 0.1720 0.7638 0.1868 0.1401 0.8111 0.3279 0.7795
38 0.0693 0.0725 0.8105 0.1429 0.7876 0.1631 0.1274 0.8258 0.2916 0.7911
39 0.0599 0.0646 0.8129 0.1257 0.7917 0.1662 0.1295 0.8235 0.2968 0.7887
40 0.0632 0.0673 0.8139 0.1317 0.7927 0.1619 0.1274 0.8217 0.2905 0.7883
41 0.0604 0.0657 0.8105 0.1273 0.7898 0.1596 0.1244 0.8225 0.2851 0.7877
42 0.0565 0.0615 0.8174 0.1192 0.7972 0.1628 0.1275 0.8232 0.2914 0.7860
43 0.0544 0.0596 0.8189 0.1152 0.7988 0.1579 0.1234 0.8260 0.2825 0.7902
44 0.0540 0.0591 0.8193 0.1143 0.7985 0.1619 0.1250 0.8260 0.2881 0.7901
45 0.0526 0.0573 0.8212 0.1112 0.8017 0.1638 0.1241 0.8255 0.2890 0.7881
46 0.0526 0.0578 0.8208 0.1116 0.8001 0.1648 0.1243 0.8268 0.2904 0.7900
47 0.0514 0.0564 0.8192 0.1090 0.7990 0.1620 0.1224 0.8286 0.2857 0.7926
48 0.0513 0.0561 0.8230 0.1087 0.8023 0.1657 0.1239 0.8280 0.2908 0.7921
49 0.0509 0.0558 0.8230 0.1080 0.8028 0.1624 0.1224 0.8262 0.2860 0.7907
50 0.0505 0.0556 0.8231 0.1074 0.8039 0.1637 0.1203 0.8285 0.2852 0.7929
51 0.0505 0.0559 0.8211 0.1076 0.8018 0.1640 0.1216 0.8264 0.2868 0.7891
52 0.0503 0.0555 0.8228 0.1070 0.8032 0.1661 0.1217 0.8267 0.2889 0.7902
53 0.0518 0.0562 0.8210 0.1092 0.8017 0.1681 0.1237 0.8267 0.2929 0.7888
54 0.0675 0.0671 0.8052 0.1357 0.7817 0.1878 0.1394 0.7946 0.3281 0.7541
55 0.0925 0.0862 0.7788 0.1797 0.7516 0.1861 0.1514 0.7591 0.3384 0.7078
56 0.1031 0.0922 0.7726 0.1961 0.7426 0.1829 0.1411 0.8027 0.3251 0.7663
57 0.0805 0.0732 0.7958 0.1548 0.7699 0.2182 0.1566 0.7860 0.3758 0.7388
58 0.0788 0.0706 0.8008 0.1506 0.7746 0.1711 0.1222 0.8111 0.2944 0.7746
59 0.0829 0.0735 0.7865 0.1575 0.7579 0.1874 0.1319 0.8080 0.3204 0.7729
60 0.0732 0.0681 0.7993 0.1425 0.7757 0.1660 0.1208 0.8096 0.2880 0.7694
61 0.0611 0.0550 0.8083 0.1174 0.7864 0.1552 0.1094 0.8207 0.2658 0.7877
62 0.0487 0.0485 0.8142 0.0985 0.7945 0.1501 0.1046 0.8236 0.2560 0.7882
63 0.0468 0.0457 0.8192 0.0939 0.7999 0.1476 0.1032 0.8291 0.2521 0.7945
64 0.0435 0.0431 0.8201 0.0880 0.8008 0.1506 0.1024 0.8265 0.2543 0.7926
65 0.0437 0.0425 0.8219 0.0877 0.8042 0.1528 0.1014 0.8291 0.2555 0.7954
66 0.0424 0.0418 0.8229 0.0856 0.8043 0.1551 0.1017 0.8290 0.2581 0.7953
67 0.0415 0.0409 0.8241 0.0838 0.8047 0.1535 0.1002 0.8304 0.2550 0.7959
68 0.0394 0.0399 0.8247 0.0808 0.8069 0.1539 0.1007 0.8292 0.2558 0.7945
69 0.0398 0.0388 0.8262 0.0801 0.8073 0.1557 0.0995 0.8284 0.2565 0.7937
70 0.0395 0.0392 0.8263 0.0802 0.8082 0.1555 0.1006 0.8312 0.2573 0.7959
71 0.0393 0.0388 0.8301 0.0796 0.8124 0.1578 0.1012 0.8298 0.2603 0.7953
72 0.0391 0.0387 0.8282 0.0793 0.8103 0.1546 0.0992 0.8312 0.2551 0.7960
73 0.0382 0.0386 0.8273 0.0783 0.8093 0.1565 0.1008 0.8297 0.2586 0.7944
74 0.0406 0.0390 0.8269 0.0811 0.8093 0.1546 0.0994 0.8310 0.2553 0.7955
