epoch train_BCELoss train_SoftDiceLoss train_iou train_loss train_mAP val_BCELoss val_SoftDiceLoss val_iou val_loss val_mAP
0 0.7966 0.6490 0.0781 1.4444 0.0014 0.7381 0.7068 0.0048 1.4446 0.0000
1 0.6415 0.5937 0.4568 1.2335 0.4036 0.5441 0.6753 0.5447 1.2177 0.4936
2 0.4445 0.4603 0.6309 0.9014 0.5590 0.3903 0.5946 0.6773 0.9824 0.6128
3 0.3419 0.3827 0.6984 0.7216 0.6367 0.3541 0.5942 0.6859 0.9466 0.6221
4 0.2929 0.3415 0.7453 0.6327 0.6913 0.3261 0.5782 0.7207 0.9035 0.6699
5 0.2711 0.3231 0.7549 0.5931 0.7009 0.4092 0.5718 0.6892 0.9808 0.6285
6 0.2428 0.2975 0.7703 0.5394 0.7236 0.3045 0.5517 0.7574 0.8559 0.7160
7 0.2116 0.2707 0.7976 0.4815 0.7536 0.2681 0.5447 0.7706 0.8126 0.7271
8 0.1909 0.2533 0.8169 0.4433 0.7757 0.2588 0.5532 0.7713 0.8115 0.7285
9 0.1821 0.2429 0.8255 0.4242 0.7854 0.2530 0.5416 0.7796 0.7943 0.7387
10 0.1764 0.2374 0.8356 0.4130 0.7952 0.2537 0.5427 0.7811 0.7960 0.7402
11 0.1749 0.2380 0.8347 0.4122 0.7975 0.2479 0.5419 0.7852 0.7895 0.7474
12 0.1660 0.2277 0.8397 0.3930 0.8015 0.2490 0.5392 0.7794 0.7880 0.7395
13 0.1600 0.2191 0.8425 0.3784 0.8048 0.2511 0.5413 0.7719 0.7922 0.7312
14 0.1528 0.2094 0.8423 0.3616 0.8036 0.2768 0.5306 0.7869 0.8075 0.7443
15 0.1581 0.2105 0.8227 0.3680 0.7830 0.3331 0.5434 0.7061 0.8765 0.6468
16 0.1668 0.2101 0.8094 0.3763 0.7687 0.2514 0.5567 0.7406 0.8078 0.7015
17 0.1403 0.1878 0.8345 0.3275 0.7986 0.2099 0.5174 0.8008 0.7273 0.7636
18 0.1262 0.1752 0.8505 0.3008 0.8147 0.2188 0.5185 0.7966 0.7373 0.7550
19 0.1155 0.1645 0.8602 0.2794 0.8287 0.2074 0.5136 0.8131 0.7210 0.7772
20 0.1112 0.1605 0.8682 0.2711 0.8355 0.2082 0.5121 0.8129 0.7204 0.7805
21 0.1068 0.1562 0.8711 0.2625 0.8415 0.2087 0.5117 0.8109 0.7204 0.7771
22 0.1057 0.1549 0.8713 0.2599 0.8397 0.2102 0.5115 0.8110 0.7218 0.7754
23 0.1069 0.1523 0.8626 0.2585 0.8328 0.2209 0.5172 0.7990 0.7382 0.7616
24 0.1192 0.1601 0.8471 0.2787 0.8105 0.2930 0.5386 0.7640 0.8319 0.7266
25 0.1287 0.1645 0.8212 0.2926 0.7820 0.2494 0.5222 0.7664 0.7717 0.7230
26 0.1148 0.1487 0.8361 0.2628 0.7987 0.2186 0.5014 0.8058 0.7202 0.7661
27 0.1016 0.1377 0.8508 0.2386 0.8189 0.2103 0.5052 0.8064 0.7156 0.7739
28 0.0866 0.1219 0.8715 0.2076 0.8417 0.2330 0.5084 0.7964 0.7416 0.7594
29 0.0801 0.1155 0.8780 0.1947 0.8504 0.2230 0.5021 0.8090 0.7255 0.7772
30 0.0766 0.1114 0.8827 0.1872 0.8561 0.2176 0.5016 0.8103 0.7193 0.7791
31 0.0760 0.1121 0.8818 0.1872 0.8552 0.2145 0.5001 0.8080 0.7147 0.7724
32 0.0744 0.1092 0.8824 0.1827 0.8555 0.2180 0.4993 0.8123 0.7174 0.7825
33 0.0749 0.1063 0.8763 0.1801 0.8502 0.2300 0.4976 0.8057 0.7277 0.7693
34 0.0899 0.1159 0.8587 0.2047 0.8275 0.3680 0.5464 0.7169 0.9151 0.6607
35 0.1028 0.1243 0.8333 0.2257 0.7956 0.2650 0.5093 0.7774 0.7743 0.7401
36 0.0897 0.1113 0.8568 0.1994 0.8254 0.2501 0.4982 0.8005 0.7486 0.7615
37 0.0774 0.1001 0.8664 0.1752 0.8378 0.2379 0.4962 0.8034 0.7343 0.7731
38 0.0681 0.0919 0.8762 0.1570 0.8492 0.2380 0.4880 0.8096 0.7256 0.7783
39 0.0612 0.0862 0.8880 0.1435 0.8641 0.2278 0.4846 0.8146 0.7120 0.7840
40 0.0583 0.0828 0.8907 0.1371 0.8669 0.2281 0.4868 0.8153 0.7144 0.7862
41 0.0576 0.0822 0.8933 0.1353 0.8698 0.2347 0.4864 0.8194 0.7208 0.7898
42 0.0563 0.0809 0.8940 0.1323 0.8705 0.2398 0.4867 0.8204 0.7263 0.7896
43 0.0573 0.0789 0.8927 0.1310 0.8697 0.2405 0.4881 0.8159 0.7285 0.7854
44 0.0590 0.0787 0.8902 0.1326 0.8648 0.3229 0.5167 0.7696 0.8413 0.7352
45 0.0828 0.0977 0.8512 0.1762 0.8200 0.2423 0.4958 0.7967 0.7379 0.7578
46 0.0753 0.0889 0.8682 0.1596 0.8378 0.2123 0.4797 0.8220 0.6917 0.7920
47 0.0569 0.0741 0.8831 0.1261 0.8565 0.2225 0.4779 0.8223 0.7004 0.7911
48 0.0510 0.0688 0.8909 0.1148 0.8660 0.2215 0.4734 0.8267 0.6954 0.7948
49 0.0534 0.0679 0.8951 0.1164 0.8708 0.2433 0.4797 0.8195 0.7238 0.7887
50 0.0454 0.0627 0.9011 0.1032 0.8786 0.2412 0.4774 0.8136 0.7191 0.7809
51 0.0457 0.0631 0.9021 0.1038 0.8805 0.2338 0.4771 0.8194 0.7109 0.7877
52 0.0451 0.0611 0.9029 0.1014 0.8828 0.2744 0.4796 0.8101 0.7550 0.7819
53 0.0481 0.0629 0.9004 0.1064 0.8771 0.2426 0.4755 0.8120 0.7183 0.7816
54 0.0545 0.0653 0.8914 0.1156 0.8669 0.2738 0.4850 0.7956 0.7602 0.7520
55 0.0791 0.0852 0.8508 0.1607 0.8182 0.2632 0.4794 0.7931 0.7449 0.7568
56 0.0829 0.0867 0.8539 0.1671 0.8210 0.2990 0.4962 0.7737 0.7976 0.7377
57 0.0636 0.0723 0.8691 0.1325 0.8392 0.2111 0.4712 0.8225 0.6832 0.7819
58 0.0480 0.0583 0.8923 0.1029 0.8665 0.2017 0.4670 0.8348 0.6689 0.8023
59 0.0452 0.0558 0.8993 0.0975 0.8771 0.2099 0.4697 0.8313 0.6799 0.7982
60 0.0414 0.0541 0.9033 0.0920 0.8824 0.2179 0.4686 0.8327 0.6875 0.8004
61 0.0402 0.0521 0.9021 0.0888 0.8796 0.1993 0.4655 0.8320 0.6649 0.7978
62 0.0409 0.0514 0.9043 0.0889 0.8829 0.2258 0.4686 0.8291 0.6952 0.7978
63 0.0392 0.0496 0.9062 0.0854 0.8858 0.2149 0.4634 0.8347 0.6788 0.8037
64 0.0376 0.0475 0.9052 0.0820 0.8837 0.2205 0.4627 0.8347 0.6838 0.7999
65 0.0435 0.0510 0.8962 0.0917 0.8732 0.2655 0.4668 0.8167 0.7345 0.7850
66 0.0438 0.0504 0.8961 0.0916 0.8742 0.2455 0.4701 0.8183 0.7173 0.7828
67 0.0449 0.0510 0.8988 0.0935 0.8747 0.2774 0.4700 0.7989 0.7495 0.7584
68 0.0412 0.0496 0.8979 0.0885 0.8740 0.2238 0.4599 0.8269 0.6848 0.7941
69 0.0351 0.0436 0.9058 0.0764 0.8860 0.2186 0.4558 0.8350 0.6753 0.8032
70 0.0328 0.0422 0.9113 0.0726 0.8931 0.2251 0.4564 0.8308 0.6830 0.7959
71 0.0326 0.0409 0.9125 0.0712 0.8938 0.2287 0.4560 0.8346 0.6865 0.7999
72 0.0322 0.0407 0.9122 0.0706 0.8943 0.2296 0.4568 0.8350 0.6878 0.8015
73 0.0314 0.0388 0.9167 0.0681 0.8992 0.2308 0.4551 0.8340 0.6878 0.8006
74 0.0399 0.0455 0.9017 0.0834 0.8808 0.2897 0.4648 0.8204 0.7587 0.7868
75 0.0432 0.0473 0.8977 0.0889 0.8728 0.3081 0.4635 0.8152 0.7758 0.7835
76 0.0436 0.0480 0.8937 0.0901 0.8697 0.2979 0.4666 0.8126 0.7688 0.7782
77 0.0396 0.0417 0.8998 0.0800 0.8773 0.2832 0.4619 0.8235 0.7494 0.7946
78 0.0323 0.0378 0.9104 0.0687 0.8904 0.2766 0.4591 0.8239 0.7401 0.7943
79 0.0295 0.0353 0.9156 0.0634 0.8982 0.2769 0.4586 0.8281 0.7396 0.7984
80 0.0283 0.0340 0.9180 0.0609 0.9016 0.2808 0.4591 0.8280 0.7440 0.7973
81 0.0283 0.0342 0.9190 0.0613 0.9017 0.2814 0.4556 0.8318 0.7416 0.8011
82 0.0278 0.0330 0.9197 0.0596 0.9028 0.2835 0.4554 0.8333 0.7436 0.8029
83 0.0273 0.0325 0.9189 0.0587 0.9031 0.2908 0.4548 0.8302 0.7506 0.8000
84 0.0272 0.0321 0.9198 0.0583 0.9030 0.2879 0.4538 0.8365 0.7464 0.8054
85 0.0274 0.0316 0.9200 0.0582 0.9027 0.2908 0.4536 0.8347 0.7494 0.8047
86 0.0278 0.0321 0.9180 0.0592 0.9019 0.3051 0.4608 0.8244 0.7714 0.7973
87 0.0258 0.0300 0.9243 0.0552 0.9087 0.2942 0.4499 0.8322 0.7492 0.8021
88 0.0241 0.0293 0.9262 0.0529 0.9113 0.2987 0.4522 0.8323 0.7561 0.8013
89 0.0232 0.0274 0.9280 0.0503 0.9149 0.3007 0.4516 0.8304 0.7576 0.8001
90 0.0221 0.0266 0.9311 0.0484 0.9188 0.3024 0.4523 0.8301 0.7599 0.8002
91 0.0236 0.0274 0.9292 0.0507 0.9168 0.3013 0.4510 0.8315 0.7573 0.8017
92 0.0242 0.0283 0.9268 0.0522 0.9128 0.3058 0.4665 0.8190 0.7771 0.7853
93 0.0240 0.0284 0.9254 0.0521 0.9093 0.3044 0.4559 0.8273 0.7653 0.7961
94 0.0237 0.0270 0.9277 0.0505 0.9129 0.3054 0.4502 0.8353 0.7612 0.8029
95 0.0242 0.0273 0.9248 0.0514 0.9073 0.3106 0.4524 0.8310 0.7688 0.7993
96 0.0244 0.0269 0.9245 0.0513 0.9086 0.3089 0.4521 0.8362 0.7667 0.8061
97 0.0225 0.0259 0.9282 0.0485 0.9137 0.3169 0.4515 0.8323 0.7746 0.8020
98 0.0244 0.0268 0.9252 0.0514 0.9101 0.3045 0.4429 0.8286 0.7522 0.7946
99 0.0227 0.0265 0.9291 0.0493 0.9147 0.2915 0.4485 0.8234 0.7440 0.7873
