epoch train_BCELoss train_SoftDiceLoss train_iou train_loss train_mAP val_BCELoss val_SoftDiceLoss val_iou val_loss val_mAP
0 0.6191 0.6945 0.4294 1.3127 0.4294 0.6536 0.7451 0.3538 1.3985 0.3538
1 0.5826 0.6667 0.4293 1.2483 0.4288 0.5205 0.7126 0.3560 1.2321 0.3482
2 0.4021 0.4910 0.6067 0.8901 0.5348 0.3509 0.6160 0.6747 0.9642 0.6081
3 0.3074 0.3851 0.6855 0.6897 0.6177 0.2978 0.5944 0.6994 0.8908 0.6498
4 0.2657 0.3338 0.7181 0.5978 0.6611 0.2695 0.5696 0.7436 0.8384 0.6978
5 0.2473 0.3041 0.7311 0.5500 0.6749 0.2901 0.5607 0.7392 0.8502 0.6866
6 0.2154 0.2674 0.7646 0.4816 0.7147 0.2424 0.5408 0.7672 0.7829 0.7257
7 0.1992 0.2433 0.7747 0.4415 0.7272 0.2343 0.5397 0.7616 0.7738 0.7244
8 0.1792 0.2261 0.7947 0.4041 0.7488 0.2123 0.5287 0.7816 0.7408 0.7443
9 0.1798 0.2246 0.7923 0.4033 0.7476 0.2184 0.5284 0.7744 0.7467 0.7381
10 0.1693 0.2102 0.8028 0.3784 0.7582 0.2153 0.5258 0.7810 0.7408 0.7436
11 0.1616 0.2079 0.8050 0.3684 0.7626 0.2074 0.5232 0.7853 0.7304 0.7506
12 0.1731 0.2118 0.7934 0.3839 0.7484 0.2210 0.5237 0.7793 0.7447 0.7422
13 0.1758 0.2113 0.7947 0.3861 0.7487 0.2176 0.5192 0.7592 0.7366 0.7164
14 0.1682 0.2014 0.7980 0.3687 0.7543 0.2308 0.5294 0.7661 0.7601 0.7299
15 0.1770 0.2036 0.7829 0.3797 0.7380 0.2311 0.5207 0.7560 0.7522 0.7160
16 0.1630 0.1834 0.8046 0.3456 0.7623 0.2088 0.5084 0.7918 0.7173 0.7513
17 0.1545 0.1762 0.8029 0.3299 0.7605 0.2929 0.5329 0.7398 0.8265 0.7029
18 0.1374 0.1610 0.8157 0.2976 0.7760 0.2112 0.4998 0.8037 0.7112 0.7741
19 0.1301 0.1502 0.8246 0.2796 0.7858 0.1864 0.4936 0.8082 0.6801 0.7776
20 0.1210 0.1430 0.8376 0.2631 0.7997 0.1944 0.4948 0.8034 0.6895 0.7731
21 0.1181 0.1432 0.8341 0.2604 0.7950 0.2004 0.4952 0.8022 0.6958 0.7719
22 0.1247 0.1436 0.8251 0.2676 0.7872 0.2487 0.5038 0.7845 0.7531 0.7536
23 0.1312 0.1471 0.8247 0.2776 0.7844 0.2218 0.4979 0.7919 0.7200 0.7555
24 0.1371 0.1479 0.8183 0.2844 0.7765 0.2019 0.4959 0.7953 0.6983 0.7631
25 0.1308 0.1400 0.8189 0.2702 0.7795 0.2537 0.4959 0.7729 0.7504 0.7373
26 0.1258 0.1370 0.8248 0.2621 0.7865 0.2212 0.5114 0.7726 0.7331 0.7426
27 0.1183 0.1230 0.8449 0.2407 0.8072 0.2302 0.4826 0.8027 0.7136 0.7728
28 0.1048 0.1140 0.8446 0.2181 0.8104 0.2059 0.4862 0.8120 0.6926 0.7849
29 0.1005 0.1123 0.8433 0.2121 0.8073 0.2365 0.4832 0.8068 0.7208 0.7801
30 0.0963 0.1099 0.8436 0.2054 0.8065 0.2153 0.4808 0.8179 0.6969 0.7900
31 0.0952 0.1074 0.8487 0.2019 0.8120 0.2171 0.4787 0.8134 0.6967 0.7850
32 0.1007 0.1091 0.8514 0.2090 0.8134 0.2094 0.4861 0.8100 0.6964 0.7827
33 0.1172 0.1188 0.8394 0.2354 0.8015 0.2189 0.4855 0.8053 0.7049 0.7738
34 0.1165 0.1211 0.8305 0.2372 0.7917 0.2611 0.4943 0.7940 0.7567 0.7650
35 0.1419 0.1316 0.8139 0.2733 0.7755 0.2617 0.4873 0.7812 0.7501 0.7485
36 0.1254 0.1278 0.8246 0.2530 0.7839 0.2630 0.4916 0.7625 0.7562 0.7246
37 0.1077 0.1069 0.8508 0.2143 0.8145 0.2053 0.4714 0.8186 0.6777 0.7882
38 0.0984 0.0989 0.8481 0.1970 0.8126 0.2460 0.4646 0.8048 0.7118 0.7680
39 0.0918 0.0985 0.8523 0.1899 0.8178 0.2201 0.4714 0.8110 0.6926 0.7852
40 0.0872 0.0925 0.8584 0.1793 0.8267 0.2230 0.4728 0.8118 0.6970 0.7859
41 0.0771 0.0825 0.8637 0.1592 0.8303 0.2676 0.4715 0.8116 0.7409 0.7834
42 0.0835 0.0870 0.8600 0.1702 0.8239 0.2532 0.4672 0.8107 0.7219 0.7829
43 0.1027 0.0989 0.8532 0.2014 0.8200 0.2439 0.4527 0.8155 0.6978 0.7836
44 0.1001 0.0992 0.8498 0.1991 0.8132 0.2511 0.4647 0.8058 0.7178 0.7743
45 0.1223 0.1151 0.8238 0.2375 0.7859 0.2639 0.4838 0.7738 0.7490 0.7347
46 0.1180 0.1122 0.8340 0.2303 0.7978 0.2694 0.4711 0.7934 0.7422 0.7604
47 0.0941 0.0951 0.8483 0.1892 0.8130 0.2238 0.4548 0.8152 0.6793 0.7766
48 0.0963 0.0929 0.8527 0.1893 0.8142 0.2461 0.4618 0.8146 0.7097 0.7802
49 0.0806 0.0821 0.8650 0.1628 0.8322 0.2259 0.4602 0.8232 0.6877 0.7935
50 0.0739 0.0773 0.8677 0.1512 0.8335 0.2358 0.4580 0.8174 0.6953 0.7869
51 0.0726 0.0753 0.8693 0.1480 0.8358 0.2535 0.4615 0.8189 0.7168 0.7887
52 0.0757 0.0751 0.8636 0.1509 0.8310 0.2441 0.4499 0.8351 0.6959 0.8083
53 0.0844 0.0846 0.8558 0.1690 0.8187 0.2397 0.4475 0.8122 0.6887 0.7838
54 0.0837 0.0810 0.8568 0.1648 0.8213 0.2478 0.4734 0.8097 0.7233 0.7806
55 0.1117 0.0993 0.8457 0.2114 0.8112 0.2795 0.4733 0.7858 0.7547 0.7550
56 0.1108 0.1000 0.8409 0.2113 0.8028 0.3243 0.4741 0.7863 0.8007 0.7593
57 0.0917 0.0840 0.8576 0.1761 0.8235 0.2711 0.4792 0.8056 0.7522 0.7767
58 0.0782 0.0744 0.8694 0.1530 0.8370 0.2991 0.4396 0.8154 0.7408 0.7881
59 0.0740 0.0722 0.8642 0.1466 0.8316 0.2550 0.4470 0.8190 0.7040 0.7907
60 0.0651 0.0675 0.8708 0.1328 0.8397 0.2489 0.4469 0.8212 0.6977 0.7933
61 0.0644 0.0643 0.8736 0.1290 0.8417 0.2629 0.4416 0.8205 0.7064 0.7951
62 0.0720 0.0706 0.8760 0.1429 0.8420 0.3032 0.4607 0.8164 0.7666 0.7887
63 0.0801 0.0727 0.8673 0.1531 0.8355 0.2806 0.4556 0.8169 0.7384 0.7908
64 0.0861 0.0781 0.8580 0.1646 0.8233 0.2288 0.4300 0.8291 0.6605 0.7998
65 0.0882 0.0808 0.8585 0.1695 0.8244 0.2446 0.4965 0.7893 0.7425 0.7592
66 0.1063 0.0969 0.8454 0.2037 0.8086 0.2950 0.4662 0.7908 0.7637 0.7571
67 0.0899 0.0866 0.8528 0.1770 0.8182 0.2261 0.4740 0.8061 0.7018 0.7732
68 0.0807 0.0746 0.8629 0.1559 0.8303 0.2865 0.4547 0.8114 0.7436 0.7845
69 0.0709 0.0677 0.8714 0.1392 0.8383 0.2586 0.4402 0.8227 0.7011 0.7955
70 0.0641 0.0628 0.8737 0.1273 0.8401 0.2529 0.4424 0.8210 0.6974 0.7937
71 0.0616 0.0603 0.8791 0.1223 0.8489 0.2544 0.4576 0.8224 0.7143 0.7964
72 0.0706 0.0662 0.8694 0.1373 0.8354 0.2661 0.4445 0.8231 0.7129 0.7977
73 0.0709 0.0657 0.8620 0.1371 0.8292 0.2714 0.4577 0.8221 0.7312 0.7913
74 0.0861 0.0802 0.8530 0.1668 0.8195 0.2763 0.4380 0.8110 0.7165 0.7787
75 0.0826 0.0734 0.8684 0.1568 0.8324 0.3072 0.4533 0.7893 0.7633 0.7498
76 0.0945 0.0825 0.8487 0.1778 0.8119 0.2942 0.4388 0.8038 0.7352 0.7738
77 0.0800 0.0724 0.8603 0.1531 0.8273 0.2673 0.4342 0.8210 0.7035 0.7943
78 0.0703 0.0631 0.8731 0.1342 0.8424 0.2881 0.4461 0.8137 0.7368 0.7868
79 0.0666 0.0631 0.8739 0.1304 0.8407 0.2835 0.4286 0.8202 0.7146 0.7946
80 0.0594 0.0588 0.8796 0.1188 0.8477 0.2695 0.4390 0.8206 0.7108 0.7945
81 0.0637 0.0581 0.8781 0.1226 0.8460 0.2915 0.4278 0.8181 0.7218 0.7923
82 0.0644 0.0596 0.8755 0.1247 0.8450 0.2963 0.4311 0.8154 0.7299 0.7874
83 0.0739 0.0657 0.8646 0.1403 0.8306 0.2587 0.4366 0.8158 0.6976 0.7869
84 0.0734 0.0648 0.8654 0.1389 0.8318 0.3844 0.4826 0.7817 0.8701 0.7510
85 0.0846 0.0728 0.8632 0.1583 0.8283 0.2921 0.4499 0.8100 0.7447 0.7748
86 0.0902 0.0769 0.8504 0.1679 0.8147 0.2872 0.4632 0.7975 0.7526 0.7672
87 0.0844 0.0784 0.8610 0.1638 0.8267 0.3043 0.4504 0.8098 0.7572 0.7796
88 0.0678 0.0637 0.8756 0.1323 0.8431 0.2610 0.4379 0.8367 0.7014 0.8083
89 0.0558 0.0548 0.8818 0.1114 0.8512 0.3052 0.4454 0.8165 0.7533 0.7854
90 0.0530 0.0503 0.8851 0.1042 0.8566 0.2992 0.4390 0.8217 0.7408 0.7929
91 0.0551 0.0516 0.8833 0.1077 0.8515 0.2860 0.4370 0.8236 0.7255 0.7921
92 0.0572 0.0543 0.8804 0.1123 0.8488 0.2969 0.4279 0.8157 0.7270 0.7850
93 0.0672 0.0610 0.8720 0.1291 0.8392 0.3554 0.4775 0.7969 0.8359 0.7693
94 0.0688 0.0613 0.8723 0.1310 0.8388 0.3051 0.4499 0.8133 0.7576 0.7796
95 0.0808 0.0709 0.8593 0.1525 0.8252 0.3066 0.4485 0.8097 0.7578 0.7838
96 0.0925 0.0805 0.8613 0.1739 0.8290 0.2778 0.4376 0.8132 0.7177 0.7806
97 0.0648 0.0625 0.8727 0.1283 0.8388 0.2974 0.4391 0.8084 0.7388 0.7749
98 0.0648 0.0606 0.8694 0.1264 0.8366 0.2438 0.4361 0.8227 0.6821 0.7891
99 0.0537 0.0539 0.8835 0.1085 0.8519 0.2472 0.4375 0.8237 0.6869 0.7955
