epoch train_BCELoss train_SoftDiceLoss train_iou train_loss train_mAP val_BCELoss val_SoftDiceLoss val_iou val_loss val_mAP
0 0.4651 0.5637 0.2940 1.0275 0.2580 0.3747 0.4413 0.5774 0.8153 0.4873
1 0.3475 0.4012 0.4639 0.7481 0.4172 0.3246 0.3377 0.6014 0.6619 0.5037
2 0.3178 0.3589 0.4776 0.6765 0.4305 0.2245 0.2732 0.6996 0.4976 0.6263
3 0.2938 0.3261 0.4920 0.6198 0.4430 0.2122 0.2427 0.7073 0.4549 0.6367
4 0.2753 0.3026 0.5008 0.5779 0.4504 0.1866 0.2411 0.7414 0.4279 0.6891
5 0.2736 0.2911 0.5038 0.5649 0.4550 0.1831 0.2038 0.7481 0.3871 0.6881
6 0.2732 0.2799 0.4852 0.5532 0.4364 0.1899 0.2021 0.7440 0.3923 0.6835
7 0.2709 0.2740 0.5082 0.5451 0.4570 0.1714 0.1912 0.7761 0.3630 0.7271
8 0.2552 0.2594 0.5075 0.5149 0.4589 0.1879 0.2047 0.7206 0.3928 0.6506
9 0.2471 0.2486 0.5280 0.4960 0.4798 0.1683 0.1813 0.7641 0.3503 0.7163
10 0.2411 0.2359 0.5156 0.4773 0.4648 0.1602 0.1756 0.7837 0.3364 0.7372
11 0.2346 0.2363 0.5179 0.4713 0.4662 0.1568 0.1715 0.7900 0.3290 0.7452
12 0.2302 0.2273 0.5169 0.4579 0.4694 0.1525 0.1674 0.7883 0.3207 0.7422
13 0.2298 0.2278 0.5177 0.4579 0.4703 0.1593 0.1708 0.7795 0.3308 0.7301
14 0.2253 0.2247 0.5405 0.4504 0.4860 0.1557 0.1671 0.7932 0.3235 0.7496
15 0.2164 0.2113 0.5253 0.4281 0.4778 0.1520 0.1661 0.7923 0.3189 0.7463
16 0.2221 0.2173 0.5290 0.4398 0.4816 0.1536 0.1675 0.7885 0.3218 0.7410
17 0.2272 0.2248 0.5215 0.4524 0.4727 0.1533 0.1652 0.7934 0.3192 0.7472
18 0.2285 0.2211 0.5203 0.4501 0.4710 0.1518 0.1670 0.7913 0.3195 0.7474
19 0.2190 0.2166 0.5239 0.4360 0.4739 0.1529 0.1667 0.7927 0.3203 0.7478
20 0.2327 0.2244 0.5156 0.4576 0.4662 0.1658 0.1735 0.7609 0.3400 0.7077
21 0.2378 0.2283 0.5208 0.4666 0.4718 0.1619 0.1733 0.7779 0.3359 0.7279
22 0.2454 0.2291 0.5182 0.4749 0.4694 0.1623 0.1645 0.7821 0.3277 0.7338
23 0.2459 0.2264 0.5169 0.4727 0.4685 0.1702 0.1649 0.7763 0.3360 0.7272
24 0.2437 0.2207 0.5039 0.4650 0.4552 0.1596 0.1572 0.7670 0.3175 0.7157
25 0.2312 0.2108 0.5162 0.4425 0.4715 0.1523 0.1483 0.7851 0.3015 0.7388
26 0.2222 0.2026 0.5374 0.4254 0.4867 0.1536 0.1461 0.7972 0.3006 0.7527
27 0.2180 0.1986 0.5237 0.4172 0.4755 0.1528 0.1470 0.7908 0.3007 0.7429
28 0.2194 0.2001 0.5242 0.4201 0.4744 0.1523 0.1473 0.7900 0.3005 0.7454
29 0.2047 0.1930 0.5325 0.3984 0.4817 0.1549 0.1486 0.7892 0.3044 0.7422
30 0.2204 0.1971 0.5206 0.4182 0.4739 0.1532 0.1466 0.7912 0.3008 0.7472
31 0.2145 0.1936 0.5182 0.4087 0.4692 0.1510 0.1440 0.7999 0.2960 0.7564
32 0.2084 0.1944 0.5347 0.4035 0.4826 0.1513 0.1457 0.7968 0.2979 0.7519
33 0.2167 0.1982 0.5364 0.4155 0.4866 0.1519 0.1452 0.7928 0.2980 0.7472
34 0.2112 0.1960 0.5234 0.4079 0.4728 0.1512 0.1439 0.7998 0.2960 0.7568
35 0.2226 0.1989 0.5099 0.4221 0.4604 0.1941 0.1617 0.7508 0.3565 0.6993
36 0.2283 0.2044 0.5085 0.4332 0.4604 0.1819 0.1658 0.7729 0.3486 0.7244
37 0.2285 0.2001 0.5077 0.4291 0.4563 0.1733 0.1581 0.7815 0.3322 0.7339
38 0.2286 0.2016 0.5296 0.4308 0.4794 0.1586 0.1547 0.7991 0.3143 0.7531
39 0.2304 0.1994 0.5098 0.4305 0.4598 0.1800 0.1526 0.7798 0.3335 0.7305
40 0.2187 0.1973 0.5231 0.4166 0.4715 0.1479 0.1379 0.7950 0.2868 0.7508
41 0.2203 0.1987 0.5315 0.4197 0.4812 0.1484 0.1383 0.7991 0.2878 0.7523
42 0.2124 0.1877 0.5246 0.4007 0.4747 0.1478 0.1384 0.7995 0.2873 0.7544
43 0.2150 0.1916 0.5251 0.4073 0.4751 0.1515 0.1379 0.8116 0.2906 0.7675
44 0.2138 0.1925 0.5276 0.4070 0.4780 0.1506 0.1387 0.7980 0.2904 0.7522
45 0.1994 0.1788 0.5290 0.3789 0.4789 0.1511 0.1384 0.8065 0.2907 0.7622
46 0.2064 0.1857 0.5372 0.3928 0.4839 0.1512 0.1370 0.7920 0.2893 0.7465
47 0.2104 0.1889 0.5262 0.4000 0.4761 0.1512 0.1362 0.8139 0.2884 0.7683
48 0.2108 0.1838 0.5293 0.3953 0.4792 0.1499 0.1369 0.8105 0.2879 0.7652
49 0.2013 0.1783 0.5250 0.3803 0.4753 0.1480 0.1356 0.8039 0.2848 0.7595
50 0.2052 0.1825 0.5226 0.3885 0.4740 0.1505 0.1371 0.8052 0.2887 0.7603
51 0.2102 0.1905 0.5281 0.4014 0.4819 0.1526 0.1372 0.7911 0.2908 0.7435
52 0.2023 0.1808 0.5191 0.3839 0.4704 0.1483 0.1362 0.8041 0.2855 0.7588
53 0.2028 0.1842 0.5160 0.3878 0.4678 0.1501 0.1349 0.8104 0.2861 0.7654
54 0.2076 0.1811 0.5332 0.3894 0.4829 0.1513 0.1357 0.7966 0.2881 0.7493
55 0.2026 0.1826 0.5216 0.3859 0.4724 0.1515 0.1363 0.8116 0.2889 0.7666
56 0.2024 0.1827 0.5150 0.3857 0.4663 0.1522 0.1371 0.8143 0.2904 0.7699
57 0.2052 0.1797 0.5289 0.3856 0.4750 0.1501 0.1358 0.8122 0.2871 0.7671
58 0.2003 0.1792 0.5365 0.3802 0.4866 0.1502 0.1365 0.7934 0.2878 0.7482
59 0.2035 0.1854 0.5259 0.3896 0.4754 0.1486 0.1352 0.8019 0.2849 0.7561
