epoch train_BCELoss train_SoftDiceLoss train_iou train_loss train_mAP val_BCELoss val_SoftDiceLoss val_iou val_loss val_mAP
0 0.7149 0.6668 0.0054 1.3808 0.0000 0.7037 0.7183 0.3147 1.4218 0.3147
1 0.6290 0.6221 0.3570 1.2488 0.3161 0.5058 0.6656 0.5763 1.1680 0.5115
2 0.4374 0.4752 0.6440 0.9081 0.5765 0.4023 0.5976 0.6904 0.9967 0.6164
3 0.3601 0.4088 0.6996 0.7660 0.6385 0.3373 0.5885 0.7067 0.9246 0.6455
4 0.3184 0.3754 0.7321 0.6924 0.6745 0.3263 0.5885 0.7170 0.9142 0.6532
5 0.2961 0.3484 0.7446 0.6436 0.6916 0.2699 0.5877 0.7372 0.8571 0.6860
6 0.2764 0.3227 0.7449 0.5984 0.6953 0.2757 0.5588 0.7491 0.8343 0.6999
7 0.2477 0.3065 0.7593 0.5536 0.7130 0.2564 0.5564 0.7664 0.8126 0.7192
8 0.2328 0.2909 0.7750 0.5232 0.7281 0.2350 0.5399 0.7925 0.7746 0.7516
9 0.2143 0.2750 0.7896 0.4888 0.7455 0.2241 0.5378 0.8032 0.7617 0.7651
10 0.2125 0.2687 0.7930 0.4807 0.7496 0.2254 0.5364 0.8008 0.7616 0.7632
11 0.2114 0.2697 0.7923 0.4806 0.7490 0.2175 0.5372 0.8030 0.7546 0.7636
12 0.2070 0.2652 0.7977 0.4717 0.7528 0.2197 0.5389 0.7870 0.7584 0.7473
13 0.2083 0.2608 0.7913 0.4686 0.7470 0.2467 0.5350 0.7863 0.7816 0.7461
14 0.2065 0.2566 0.7828 0.4626 0.7367 0.2305 0.5338 0.7761 0.7643 0.7406
15 0.2028 0.2525 0.7748 0.4549 0.7328 0.2373 0.5287 0.7697 0.7660 0.7251
16 0.1816 0.2270 0.7995 0.4082 0.7553 0.2049 0.5195 0.7995 0.7245 0.7653
17 0.1728 0.2151 0.8093 0.3876 0.7672 0.1990 0.5151 0.8013 0.7140 0.7608
18 0.1605 0.2042 0.8133 0.3644 0.7709 0.1979 0.5143 0.7990 0.7124 0.7606
19 0.1533 0.2004 0.8097 0.3533 0.7706 0.2010 0.5143 0.8060 0.7154 0.7709
20 0.1372 0.1859 0.8271 0.3227 0.7872 0.1956 0.5127 0.8087 0.7083 0.7744
21 0.1448 0.1856 0.8269 0.3301 0.7885 0.2076 0.5122 0.8085 0.7199 0.7766
22 0.1420 0.1857 0.8241 0.3274 0.7843 0.2053 0.5108 0.8215 0.7162 0.7868
23 0.1518 0.1884 0.8166 0.3398 0.7730 0.2401 0.5311 0.7616 0.7714 0.7218
24 0.1736 0.2057 0.7948 0.3790 0.7514 0.1881 0.5091 0.8135 0.6974 0.7804
25 0.1544 0.1857 0.8094 0.3398 0.7684 0.1911 0.5148 0.7998 0.7060 0.7660
26 0.1558 0.1867 0.8050 0.3423 0.7630 0.2389 0.5101 0.7968 0.7494 0.7545
27 0.1456 0.1725 0.8071 0.3178 0.7656 0.1836 0.4944 0.8241 0.6782 0.7869
28 0.1251 0.1533 0.8221 0.2781 0.7839 0.1724 0.4956 0.8163 0.6684 0.7806
29 0.1224 0.1493 0.8295 0.2715 0.7892 0.1787 0.4906 0.8218 0.6695 0.7826
30 0.1155 0.1437 0.8402 0.2590 0.7997 0.1674 0.4896 0.8241 0.6572 0.7868
31 0.1152 0.1454 0.8419 0.2604 0.8026 0.1497 0.4881 0.8345 0.6380 0.7969
32 0.1187 0.1472 0.8360 0.2657 0.7964 0.1751 0.4890 0.8332 0.6644 0.7981
33 0.1216 0.1454 0.8316 0.2668 0.7944 0.1964 0.4921 0.8251 0.6888 0.7891
34 0.1235 0.1432 0.8311 0.2665 0.7914 0.1609 0.4934 0.8252 0.6547 0.7875
35 0.1285 0.1448 0.8259 0.2731 0.7853 0.2098 0.4975 0.8089 0.7078 0.7702
36 0.1295 0.1410 0.8287 0.2704 0.7895 0.2145 0.4959 0.8047 0.7108 0.7666
37 0.1222 0.1361 0.8305 0.2583 0.7917 0.1982 0.4876 0.8155 0.6864 0.7809
38 0.1040 0.1229 0.8363 0.2268 0.8015 0.1705 0.4799 0.8301 0.6508 0.7981
39 0.0995 0.1155 0.8506 0.2149 0.8150 0.1636 0.4787 0.8323 0.6428 0.8001
40 0.0874 0.1099 0.8524 0.1972 0.8140 0.1599 0.4768 0.8341 0.6372 0.7992
41 0.0903 0.1105 0.8528 0.2006 0.8176 0.1648 0.4780 0.8365 0.6434 0.8018
42 0.0940 0.1093 0.8530 0.2033 0.8172 0.1652 0.4780 0.8350 0.6437 0.8004
43 0.0904 0.1049 0.8553 0.1952 0.8166 0.1683 0.4750 0.8327 0.6440 0.7978
44 0.1070 0.1176 0.8432 0.2246 0.8049 0.1823 0.4867 0.8101 0.6697 0.7808
45 0.1209 0.1278 0.8273 0.2488 0.7871 0.2057 0.4851 0.8237 0.6914 0.7847
46 0.1206 0.1243 0.8351 0.2450 0.7941 0.1643 0.4738 0.8334 0.6388 0.7959
47 0.1044 0.1101 0.8429 0.2146 0.8020 0.1773 0.4749 0.8303 0.6529 0.7948
48 0.1001 0.1088 0.8432 0.2091 0.8067 0.1821 0.4709 0.8367 0.6538 0.8033
49 0.0879 0.1002 0.8514 0.1882 0.8158 0.1815 0.4695 0.8365 0.6518 0.8071
50 0.0774 0.0895 0.8579 0.1670 0.8217 0.1794 0.4666 0.8406 0.6468 0.8100
51 0.0818 0.0924 0.8587 0.1744 0.8238 0.1763 0.4716 0.8381 0.6487 0.8106
52 0.0879 0.0978 0.8542 0.1858 0.8163 0.1849 0.4748 0.8337 0.6605 0.8030
53 0.0788 0.0873 0.8591 0.1662 0.8233 0.1899 0.4688 0.8382 0.6594 0.8062
54 0.0966 0.1002 0.8441 0.1971 0.8078 0.1946 0.4722 0.8243 0.6677 0.7913
55 0.1024 0.1038 0.8399 0.2065 0.8018 0.1959 0.4811 0.8205 0.6779 0.7814
56 0.1025 0.1018 0.8359 0.2046 0.7976 0.1798 0.4678 0.8281 0.6486 0.7959
57 0.0925 0.0986 0.8453 0.1914 0.8103 0.1891 0.4698 0.8278 0.6597 0.7977
58 0.0833 0.0866 0.8535 0.1702 0.8190 0.1863 0.4692 0.8273 0.6564 0.7988
59 0.0732 0.0783 0.8595 0.1518 0.8231 0.1886 0.4627 0.8362 0.6522 0.8056
60 0.0720 0.0765 0.8647 0.1488 0.8316 0.1881 0.4618 0.8366 0.6508 0.8058
61 0.0793 0.0822 0.8595 0.1618 0.8238 0.1827 0.4688 0.8315 0.6525 0.8020
62 0.0707 0.0767 0.8676 0.1477 0.8322 0.1933 0.4588 0.8427 0.6531 0.8108
63 0.0789 0.0827 0.8644 0.1621 0.8287 0.2133 0.4736 0.8283 0.6881 0.7965
64 0.0871 0.0839 0.8583 0.1714 0.8214 0.1868 0.4578 0.8411 0.6458 0.8151
65 0.0988 0.0987 0.8395 0.1980 0.8009 0.2168 0.4795 0.8116 0.6975 0.7808
66 0.0902 0.0855 0.8496 0.1762 0.8134 0.1910 0.4666 0.8249 0.6587 0.7924
67 0.0938 0.0885 0.8489 0.1828 0.8136 0.2058 0.4645 0.8293 0.6714 0.7931
68 0.0827 0.0827 0.8541 0.1660 0.8183 0.1846 0.4593 0.8407 0.6451 0.8086
69 0.0744 0.0746 0.8635 0.1496 0.8277 0.1822 0.4611 0.8454 0.6445 0.8147
70 0.0714 0.0726 0.8667 0.1446 0.8321 0.1809 0.4616 0.8457 0.6437 0.8150
71 0.0701 0.0702 0.8663 0.1408 0.8336 0.1825 0.4570 0.8506 0.6406 0.8205
72 0.0663 0.0676 0.8695 0.1345 0.8352 0.2171 0.4677 0.8269 0.6861 0.7942
73 0.0696 0.0730 0.8654 0.1432 0.8303 0.2093 0.4640 0.8337 0.6746 0.8045
74 0.0881 0.0859 0.8542 0.1746 0.8173 0.3696 0.4806 0.7730 0.8520 0.7401
75 0.1071 0.0925 0.8407 0.2002 0.8021 0.2062 0.4627 0.8123 0.6700 0.7827
76 0.0994 0.0896 0.8437 0.1897 0.8047 0.2202 0.4711 0.8198 0.6925 0.7885
77 0.0812 0.0791 0.8615 0.1610 0.8247 0.1987 0.4572 0.8345 0.6572 0.8083
78 0.0735 0.0737 0.8667 0.1478 0.8305 0.1993 0.4533 0.8321 0.6539 0.8049
79 0.0668 0.0674 0.8740 0.1349 0.8409 0.1866 0.4559 0.8382 0.6438 0.8079
80 0.0616 0.0621 0.8747 0.1243 0.8415 0.1903 0.4561 0.8377 0.6477 0.8087
81 0.0665 0.0674 0.8720 0.1346 0.8386 0.1901 0.4572 0.8374 0.6486 0.8095
82 0.0678 0.0670 0.8693 0.1354 0.8329 0.1882 0.4540 0.8407 0.6434 0.8113
83 0.0672 0.0686 0.8635 0.1365 0.8258 0.2180 0.4589 0.8267 0.6783 0.7994
84 0.0726 0.0687 0.8628 0.1420 0.8265 0.2235 0.4524 0.8366 0.6774 0.8070
85 0.0776 0.0727 0.8607 0.1510 0.8260 0.2675 0.4720 0.8000 0.7411 0.7654
86 0.0888 0.0823 0.8497 0.1718 0.8128 0.2157 0.4927 0.7950 0.7097 0.7585
87 0.0717 0.0712 0.8597 0.1437 0.8240 0.2190 0.4660 0.8330 0.6864 0.8037
88 0.0646 0.0658 0.8658 0.1311 0.8294 0.2243 0.4541 0.8303 0.6800 0.8007
89 0.0643 0.0609 0.8745 0.1261 0.8410 0.2171 0.4568 0.8407 0.6754 0.8096
90 0.0573 0.0581 0.8749 0.1163 0.8422 0.2197 0.4565 0.8389 0.6777 0.8079
91 0.0560 0.0565 0.8754 0.1133 0.8414 0.2231 0.4588 0.8420 0.6834 0.8129
92 0.0556 0.0534 0.8777 0.1098 0.8445 0.2183 0.4488 0.8428 0.6687 0.8123
93 0.0661 0.0630 0.8665 0.1299 0.8315 0.2464 0.4608 0.8276 0.7086 0.7958
94 0.0836 0.0720 0.8568 0.1564 0.8184 0.3327 0.4695 0.7689 0.8040 0.7103
95 0.0933 0.0852 0.8490 0.1793 0.8135 0.2299 0.4647 0.8157 0.6960 0.7879
96 0.0804 0.0736 0.8586 0.1548 0.8228 0.2303 0.4652 0.8122 0.6970 0.7811
97 0.0723 0.0697 0.8596 0.1428 0.8227 0.2160 0.4548 0.8253 0.6723 0.7952
98 0.0605 0.0574 0.8714 0.1188 0.8363 0.2448 0.4595 0.8302 0.7058 0.8003
99 0.0598 0.0553 0.8701 0.1161 0.8367 0.2321 0.4465 0.8348 0.6802 0.8039
