epoch train_BCELoss train_SoftDiceLoss train_iou train_loss train_mAP val_BCELoss val_SoftDiceLoss val_iou val_loss val_mAP
0 0.5216 0.5245 0.4184 1.0446 0.3154 0.3867 0.4788 0.6762 0.8645 0.6151
1 0.3187 0.3659 0.6974 0.6838 0.6295 0.3151 0.3753 0.7165 0.6899 0.6573
2 0.2695 0.3202 0.7324 0.5895 0.6726 0.2649 0.3375 0.7301 0.6022 0.6717
3 0.2331 0.2846 0.7589 0.5176 0.7038 0.2504 0.3267 0.7380 0.5769 0.6834
4 0.2071 0.2596 0.7727 0.4666 0.7220 0.2208 0.2906 0.7697 0.5114 0.7185
5 0.1793 0.2315 0.7928 0.4109 0.7427 0.1915 0.2634 0.7813 0.4550 0.7300
6 0.1697 0.2177 0.7980 0.3875 0.7494 0.1993 0.2614 0.7481 0.4608 0.6969
7 0.1489 0.1966 0.8072 0.3456 0.7629 0.1925 0.2675 0.7759 0.4602 0.7335
8 0.1451 0.1861 0.8138 0.3313 0.7677 0.2330 0.2314 0.7506 0.4644 0.6927
9 0.1298 0.1709 0.8227 0.3009 0.7815 0.1660 0.2134 0.7883 0.3797 0.7402
10 0.1173 0.1555 0.8358 0.2732 0.7963 0.1599 0.2033 0.7897 0.3634 0.7449
11 0.1032 0.1377 0.8423 0.2413 0.8018 0.1743 0.1956 0.8026 0.3703 0.7587
12 0.0980 0.1294 0.8486 0.2279 0.8102 0.1596 0.1927 0.8098 0.3529 0.7642
13 0.0900 0.1180 0.8513 0.2086 0.8157 0.1692 0.1702 0.7849 0.3397 0.7402
14 0.0842 0.1104 0.8604 0.1952 0.8251 0.1646 0.1713 0.8019 0.3365 0.7597
15 0.0782 0.1042 0.8645 0.1830 0.8306 0.1666 0.1659 0.8064 0.3329 0.7662
16 0.0721 0.0997 0.8730 0.1725 0.8421 0.1577 0.1619 0.8050 0.3201 0.7636
17 0.0700 0.0982 0.8720 0.1689 0.8422 0.1545 0.1608 0.8085 0.3159 0.7684
18 0.0696 0.0973 0.8712 0.1676 0.8402 0.1543 0.1603 0.8091 0.3152 0.7685
19 0.0667 0.0948 0.8781 0.1623 0.8473 0.1562 0.1603 0.8026 0.3171 0.7633
20 0.0666 0.0945 0.8770 0.1618 0.8448 0.1592 0.1587 0.8038 0.3185 0.7632
21 0.0632 0.0906 0.8819 0.1547 0.8521 0.1577 0.1597 0.8087 0.3179 0.7684
22 0.0635 0.0902 0.8840 0.1546 0.8544 0.1534 0.1580 0.8089 0.3121 0.7674
23 0.0625 0.0882 0.8843 0.1516 0.8557 0.1580 0.1602 0.8037 0.3188 0.7645
24 0.0623 0.0896 0.8858 0.1528 0.8575 0.1562 0.1558 0.8086 0.3126 0.7684
25 0.0608 0.0866 0.8858 0.1483 0.8562 0.1557 0.1560 0.8006 0.3123 0.7608
26 0.0609 0.0868 0.8854 0.1486 0.8576 0.1578 0.1573 0.7998 0.3157 0.7593
27 0.0603 0.0873 0.8874 0.1484 0.8597 0.1584 0.1578 0.7983 0.3167 0.7579
28 0.0609 0.0881 0.8878 0.1499 0.8589 0.1574 0.1567 0.7982 0.3147 0.7583
29 0.0595 0.0864 0.8893 0.1468 0.8621 0.1566 0.1567 0.8050 0.3139 0.7651
30 0.0634 0.0864 0.8738 0.1507 0.8433 0.1706 0.1559 0.7767 0.3270 0.7328
31 0.0719 0.0901 0.8606 0.1627 0.8264 0.2519 0.1794 0.7652 0.4316 0.7193
32 0.0914 0.1010 0.8448 0.1932 0.8053 0.1580 0.1572 0.7906 0.3159 0.7415
33 0.0860 0.0953 0.8464 0.1821 0.8087 0.2868 0.2709 0.7177 0.5585 0.6644
34 0.0794 0.0886 0.8513 0.1689 0.8168 0.1762 0.1535 0.7973 0.3303 0.7508
35 0.0714 0.0793 0.8629 0.1516 0.8286 0.1851 0.1541 0.8008 0.3400 0.7605
36 0.0962 0.0954 0.7671 0.1924 0.7400 0.1668 0.1526 0.8047 0.3202 0.7654
37 0.0918 0.0901 0.7754 0.1827 0.7492 0.1753 0.1354 0.7845 0.3115 0.7338
38 0.0711 0.0741 0.7737 0.1462 0.7486 0.1596 0.1361 0.8182 0.2966 0.7788
39 0.0659 0.0691 0.7890 0.1360 0.7664 0.1533 0.1316 0.8177 0.2858 0.7778
40 0.0612 0.0665 0.7906 0.1287 0.7684 0.1543 0.1322 0.8175 0.2874 0.7780
41 0.0615 0.0657 0.7931 0.1283 0.7719 0.1538 0.1266 0.8178 0.2813 0.7792
42 0.0581 0.0626 0.7971 0.1217 0.7768 0.1529 0.1262 0.8193 0.2800 0.7795
43 0.0591 0.0636 0.8001 0.1239 0.7808 0.1475 0.1218 0.8213 0.2703 0.7833
44 0.0570 0.0607 0.7993 0.1188 0.7785 0.1527 0.1228 0.8188 0.2764 0.7810
45 0.0551 0.0598 0.7981 0.1161 0.7784 0.1540 0.1238 0.8203 0.2786 0.7810
46 0.0536 0.0585 0.8015 0.1133 0.7828 0.1512 0.1237 0.8225 0.2759 0.7849
47 0.0522 0.0584 0.8002 0.1118 0.7809 0.1543 0.1239 0.8211 0.2791 0.7820
48 0.0530 0.0585 0.8009 0.1126 0.7813 0.1523 0.1238 0.8199 0.2771 0.7806
49 0.0520 0.0579 0.8028 0.1110 0.7831 0.1539 0.1223 0.8210 0.2771 0.7826
50 0.0511 0.0561 0.8030 0.1084 0.7844 0.1526 0.1229 0.8198 0.2765 0.7806
51 0.0511 0.0560 0.8030 0.1082 0.7839 0.1521 0.1215 0.8217 0.2746 0.7831
52 0.0515 0.0565 0.8011 0.1092 0.7817 0.1521 0.1232 0.8213 0.2764 0.7827
53 0.0506 0.0570 0.8002 0.1088 0.7812 0.1522 0.1241 0.8211 0.2772 0.7824
54 0.0588 0.0595 0.7944 0.1193 0.7725 0.1798 0.1355 0.8012 0.3160 0.7663
55 0.0766 0.0721 0.7810 0.1496 0.7554 0.2185 0.1575 0.7782 0.3768 0.7367
56 0.0931 0.0843 0.7588 0.1783 0.7312 0.1688 0.1495 0.7679 0.3192 0.7339
57 0.0838 0.0763 0.7650 0.1610 0.7389 0.1983 0.1477 0.7749 0.3464 0.7312
58 0.0838 0.0741 0.7652 0.1588 0.7388 0.2152 0.1487 0.7850 0.3649 0.7469
59 0.0729 0.0660 0.7759 0.1399 0.7520 0.1988 0.1430 0.7953 0.3427 0.7474
60 0.0749 0.0665 0.7805 0.1425 0.7561 0.1611 0.1324 0.8150 0.2947 0.7772
61 0.0632 0.0572 0.7905 0.1215 0.7670 0.1623 0.1222 0.8171 0.2857 0.7805
62 0.0499 0.0480 0.7988 0.0991 0.7780 0.1576 0.1173 0.8202 0.2761 0.7817
63 0.0447 0.0441 0.8027 0.0901 0.7831 0.1561 0.1156 0.8196 0.2730 0.7826
64 0.0437 0.0435 0.8050 0.0886 0.7864 0.1610 0.1195 0.8203 0.2817 0.7828
65 0.0429 0.0419 0.8072 0.0862 0.7871 0.1548 0.1140 0.8250 0.2700 0.7859
66 0.0426 0.0418 0.8086 0.0858 0.7893 0.1572 0.1145 0.8232 0.2728 0.7855
67 0.0404 0.0402 0.8113 0.0821 0.7932 0.1555 0.1129 0.8256 0.2696 0.7883
68 0.0413 0.0412 0.8090 0.0839 0.7903 0.1595 0.1137 0.8280 0.2744 0.7900
69 0.0407 0.0397 0.8097 0.0818 0.7914 0.1590 0.1157 0.8278 0.2759 0.7897
70 0.0395 0.0391 0.8130 0.0801 0.7967 0.1589 0.1147 0.8274 0.2748 0.7900
71 0.0372 0.0381 0.8144 0.0767 0.7971 0.1575 0.1133 0.8233 0.2720 0.7838
72 0.0375 0.0379 0.8131 0.0768 0.7964 0.1594 0.1142 0.8283 0.2747 0.7892
73 0.0380 0.0385 0.8103 0.0780 0.7935 0.1617 0.1149 0.8302 0.2778 0.7915
74 0.0361 0.0369 0.8150 0.0744 0.7980 0.1594 0.1138 0.8283 0.2744 0.7894
