epoch train_BCELoss train_SoftDiceLoss train_iou train_loss train_mAP val_BCELoss val_SoftDiceLoss val_iou val_loss val_mAP
0 0.7004 0.6660 0.0223 1.3649 0.0088 0.6797 0.7275 0.3472 1.4068 0.3471
1 0.4237 0.4607 0.6025 0.8817 0.5381 0.3788 0.5779 0.6898 0.9564 0.6261
2 0.2836 0.3337 0.6871 0.6163 0.6296 0.3844 0.5634 0.6424 0.9478 0.5762
3 0.2542 0.2821 0.6965 0.5357 0.6421 0.4352 0.5645 0.6280 0.9998 0.5604
4 0.2481 0.2547 0.6855 0.5024 0.6278 1.0878 0.5833 0.5220 1.6716 0.4450
5 0.2499 0.2436 0.6762 0.4935 0.6217 0.2720 0.5508 0.6939 0.8230 0.6458
6 0.2170 0.2067 0.7126 0.4238 0.6622 0.3763 0.5491 0.6562 0.9258 0.6062
7 0.2012 0.1906 0.7240 0.3920 0.6766 0.3110 0.5766 0.6646 0.8879 0.6106
8 0.1691 0.1654 0.7541 0.3348 0.7089 0.3706 0.5427 0.6959 0.9138 0.6554
9 0.1507 0.1502 0.7790 0.3013 0.7359 0.1895 0.4890 0.7861 0.6792 0.7489
10 0.1365 0.1353 0.7863 0.2722 0.7434 0.1859 0.4858 0.7879 0.6725 0.7521
11 0.1428 0.1375 0.7879 0.2809 0.7475 0.1796 0.4865 0.7815 0.6669 0.7411
12 0.1436 0.1332 0.7903 0.2772 0.7495 0.1926 0.5104 0.7648 0.7037 0.7244
13 0.1530 0.1434 0.7732 0.2969 0.7335 0.2392 0.5169 0.7281 0.7568 0.6824
14 0.1533 0.1451 0.7751 0.2989 0.7334 0.1947 0.4799 0.7894 0.6754 0.7528
15 0.1716 0.1598 0.7490 0.3319 0.7053 1.2115 0.6517 0.5472 1.8643 0.4866
16 0.1520 0.1421 0.7768 0.2949 0.7355 0.1951 0.4864 0.7492 0.6824 0.7106
17 0.1438 0.1378 0.7840 0.2824 0.7434 0.5828 0.5785 0.6563 1.1621 0.6030
18 0.1248 0.1217 0.7922 0.2473 0.7531 0.1899 0.4753 0.7833 0.6663 0.7480
19 0.1150 0.1083 0.8113 0.2241 0.7743 0.1787 0.4686 0.8006 0.6484 0.7656
20 0.0972 0.0952 0.8267 0.1933 0.7914 0.1768 0.4683 0.8026 0.6462 0.7698
21 0.0932 0.0897 0.8283 0.1838 0.7944 0.1793 0.4644 0.8043 0.6448 0.7731
22 0.0991 0.0925 0.8257 0.1924 0.7908 0.2112 0.4715 0.7981 0.6838 0.7688
23 0.1030 0.0955 0.8201 0.1994 0.7839 0.1994 0.4576 0.7903 0.6580 0.7519
24 0.1266 0.1133 0.8022 0.2407 0.7631 0.2261 0.4773 0.7721 0.7045 0.7324
25 0.1250 0.1097 0.8094 0.2356 0.7734 0.3220 0.5350 0.6910 0.8578 0.6323
26 0.1348 0.1291 0.7817 0.2647 0.7417 0.2095 0.4824 0.7720 0.6929 0.7296
27 0.1163 0.1070 0.8132 0.2242 0.7771 0.1818 0.4590 0.8035 0.6420 0.7698
28 0.0928 0.0856 0.8288 0.1794 0.7946 0.2005 0.4778 0.7827 0.6795 0.7487
29 0.0870 0.0803 0.8386 0.1683 0.8061 0.2066 0.4494 0.8072 0.6573 0.7706
30 0.0738 0.0693 0.8515 0.1441 0.8192 0.1872 0.4574 0.8064 0.6459 0.7694
31 0.0718 0.0666 0.8535 0.1393 0.8204 0.2042 0.4481 0.8074 0.6537 0.7691
32 0.0836 0.0742 0.8434 0.1589 0.8122 0.1891 0.4619 0.7973 0.6523 0.7618
33 0.0826 0.0761 0.8463 0.1596 0.8119 0.2528 0.4612 0.8009 0.7153 0.7664
34 0.0795 0.0695 0.8497 0.1500 0.8156 0.2711 0.4550 0.8051 0.7275 0.7749
35 0.1007 0.0906 0.8265 0.1923 0.7900 0.3278 0.4791 0.7306 0.8081 0.6886
36 0.0995 0.0889 0.8299 0.1894 0.7927 0.2021 0.4595 0.8056 0.6629 0.7703
37 0.0805 0.0754 0.8386 0.1570 0.8058 0.2341 0.4541 0.8015 0.6896 0.7674
38 0.0611 0.0559 0.8615 0.1181 0.8303 0.2016 0.4429 0.8195 0.6458 0.7853
39 0.0581 0.0526 0.8701 0.1119 0.8387 0.2025 0.4372 0.8182 0.6412 0.7823
40 0.0558 0.0505 0.8696 0.1075 0.8413 0.1944 0.4411 0.8223 0.6370 0.7875
41 0.0546 0.0502 0.8732 0.1060 0.8436 0.2033 0.4379 0.8190 0.6427 0.7840
42 0.0514 0.0482 0.8716 0.1008 0.8437 0.2243 0.4550 0.8118 0.6807 0.7811
43 0.0575 0.0518 0.8679 0.1105 0.8383 0.2186 0.4458 0.8165 0.6660 0.7801
44 0.0697 0.0595 0.8581 0.1303 0.8272 0.2536 0.4453 0.7895 0.7003 0.7512
45 0.0735 0.0647 0.8509 0.1394 0.8186 0.2189 0.4595 0.8067 0.6798 0.7751
46 0.0632 0.0581 0.8602 0.1224 0.8294 0.2487 0.4422 0.8114 0.6923 0.7808
47 0.0544 0.0490 0.8693 0.1046 0.8406 0.1987 0.4440 0.8255 0.6442 0.7911
48 0.0497 0.0453 0.8795 0.0962 0.8507 0.1985 0.4530 0.8278 0.6530 0.7950
49 0.0477 0.0432 0.8824 0.0922 0.8543 0.2024 0.4477 0.8278 0.6516 0.7925
50 0.0474 0.0420 0.8829 0.0906 0.8550 0.2072 0.4463 0.8283 0.6551 0.7951
51 0.0452 0.0424 0.8832 0.0889 0.8545 0.2087 0.4362 0.8226 0.6465 0.7898
52 0.0463 0.0426 0.8800 0.0902 0.8523 0.2169 0.4341 0.8298 0.6526 0.7954
53 0.0457 0.0407 0.8847 0.0876 0.8571 0.2024 0.4311 0.8255 0.6351 0.7916
54 0.0461 0.0413 0.8805 0.0887 0.8530 0.2224 0.4285 0.8200 0.6525 0.7865
55 0.0480 0.0436 0.8759 0.0928 0.8477 0.3051 0.4362 0.7977 0.7431 0.7640
56 0.0455 0.0409 0.8812 0.0876 0.8540 0.2049 0.4391 0.8271 0.6457 0.7943
57 0.0430 0.0385 0.8876 0.0827 0.8622 0.2084 0.4282 0.8209 0.6382 0.7864
58 0.0418 0.0380 0.8877 0.0810 0.8612 0.2076 0.4311 0.8180 0.6405 0.7827
59 0.0392 0.0359 0.8916 0.0764 0.8673 0.1998 0.4277 0.8193 0.6293 0.7856
60 0.0380 0.0344 0.8922 0.0738 0.8683 0.2019 0.4244 0.8198 0.6280 0.7868
61 0.0393 0.0359 0.8910 0.0766 0.8663 0.2116 0.4249 0.8211 0.6382 0.7863
62 0.0379 0.0340 0.8944 0.0733 0.8711 0.2153 0.4231 0.8202 0.6401 0.7847
63 0.0385 0.0351 0.8961 0.0749 0.8716 0.2330 0.4295 0.8219 0.6643 0.7883
64 0.0396 0.0354 0.8894 0.0765 0.8634 0.2021 0.4274 0.8153 0.6311 0.7809
65 0.0409 0.0370 0.8902 0.0793 0.8646 0.2347 0.4187 0.8070 0.6551 0.7695
66 0.0394 0.0352 0.8914 0.0760 0.8654 0.2084 0.4189 0.8236 0.6290 0.7872
67 0.0393 0.0349 0.8945 0.0756 0.8693 0.1854 0.4225 0.8246 0.6095 0.7883
68 0.0364 0.0338 0.8961 0.0717 0.8719 0.1910 0.4224 0.8181 0.6151 0.7799
69 0.0346 0.0319 0.9009 0.0680 0.8781 0.1949 0.4163 0.8230 0.6130 0.7858
70 0.0341 0.0312 0.9015 0.0667 0.8792 0.2008 0.4150 0.8198 0.6176 0.7815
71 0.0340 0.0312 0.9001 0.0666 0.8767 0.2075 0.4134 0.8188 0.6227 0.7804
72 0.0337 0.0309 0.8992 0.0661 0.8775 0.1984 0.4163 0.8226 0.6165 0.7856
73 0.0340 0.0308 0.8986 0.0663 0.8759 0.2093 0.4141 0.8254 0.6252 0.7890
74 0.0337 0.0304 0.9014 0.0656 0.8779 0.2097 0.4226 0.8194 0.6341 0.7853
75 0.0333 0.0306 0.9011 0.0654 0.8783 0.2072 0.4119 0.8290 0.6209 0.7916
76 0.0329 0.0304 0.8991 0.0647 0.8769 0.2115 0.4140 0.8263 0.6274 0.7900
77 0.0333 0.0304 0.9027 0.0652 0.8812 0.2226 0.4269 0.8187 0.6513 0.7867
78 0.0307 0.0286 0.9047 0.0608 0.8834 0.2321 0.4134 0.8228 0.6474 0.7881
79 0.0309 0.0284 0.9044 0.0609 0.8830 0.2411 0.4135 0.8256 0.6565 0.7926
80 0.0308 0.0287 0.9021 0.0610 0.8816 0.2268 0.4123 0.8211 0.6410 0.7853
81 0.0303 0.0284 0.9068 0.0601 0.8852 0.2354 0.4137 0.8223 0.6510 0.7881
82 0.0305 0.0279 0.9070 0.0600 0.8849 0.2217 0.4297 0.8197 0.6531 0.7873
83 0.0297 0.0275 0.9057 0.0588 0.8850 0.2437 0.4147 0.8205 0.6603 0.7856
84 0.0303 0.0273 0.9071 0.0592 0.8859 0.2262 0.4156 0.8197 0.6436 0.7835
85 0.0331 0.0302 0.9035 0.0649 0.8808 0.2325 0.4149 0.8182 0.6492 0.7816
86 0.0330 0.0293 0.9026 0.0639 0.8809 0.2452 0.4137 0.8229 0.6608 0.7885
87 0.0313 0.0287 0.9053 0.0616 0.8840 0.2318 0.4177 0.8197 0.6513 0.7836
88 0.0297 0.0272 0.9076 0.0585 0.8868 0.2424 0.4126 0.8216 0.6568 0.7876
89 0.0303 0.0271 0.9068 0.0590 0.8867 0.2307 0.4138 0.8221 0.6464 0.7858
90 0.0289 0.0267 0.9101 0.0572 0.8899 0.2409 0.4131 0.8235 0.6558 0.7892
91 0.0287 0.0267 0.9076 0.0569 0.8871 0.2376 0.4106 0.8275 0.6502 0.7923
92 0.0284 0.0265 0.9115 0.0565 0.8909 0.2444 0.4139 0.8197 0.6602 0.7849
93 0.0283 0.0261 0.9100 0.0560 0.8897 0.2292 0.4085 0.8237 0.6396 0.7879
94 0.0291 0.0265 0.9094 0.0572 0.8897 0.2351 0.4069 0.8194 0.6438 0.7820
95 0.0284 0.0262 0.9091 0.0562 0.8892 0.2260 0.4191 0.8210 0.6471 0.7855
96 0.0283 0.0264 0.9102 0.0563 0.8894 0.2365 0.4077 0.8241 0.6461 0.7867
97 0.0274 0.0257 0.9069 0.0547 0.8868 0.2286 0.4073 0.8243 0.6377 0.7855
98 0.0276 0.0257 0.9124 0.0549 0.8923 0.2424 0.4054 0.8252 0.6497 0.7878
99 0.0275 0.0254 0.9104 0.0545 0.8900 0.2502 0.4068 0.8238 0.6589 0.7879
