epoch train_BCELoss train_SoftDiceLoss train_iou train_loss train_mAP val_BCELoss val_SoftDiceLoss val_iou val_loss val_mAP
0 0.4658 0.4797 0.5996 0.9422 0.5387 0.3571 0.6042 0.7033 0.9597 0.6606
1 0.3109 0.3569 0.7448 0.6664 0.6929 0.3854 0.5750 0.7162 0.9600 0.6596
2 0.2676 0.3220 0.7747 0.5886 0.7259 0.2783 0.5670 0.7551 0.8449 0.7115
3 0.2350 0.2956 0.8029 0.5298 0.7593 0.2738 0.5596 0.7739 0.8330 0.7239
4 0.2143 0.2757 0.8226 0.4892 0.7806 0.2565 0.5438 0.7900 0.8000 0.7467
5 0.2049 0.2715 0.8293 0.4756 0.7887 0.2454 0.5462 0.7916 0.7912 0.7528
6 0.2034 0.2672 0.8326 0.4699 0.7913 0.2460 0.5474 0.7924 0.7931 0.7444
7 0.1950 0.2551 0.8335 0.4493 0.7933 0.2620 0.5602 0.7564 0.8219 0.7132
8 0.1883 0.2452 0.8329 0.4328 0.7933 0.2533 0.5307 0.7869 0.7839 0.7453
9 0.1842 0.2393 0.8176 0.4226 0.7744 0.2951 0.5316 0.7777 0.8266 0.7262
10 0.1702 0.2205 0.8225 0.3900 0.7823 0.2264 0.5292 0.7896 0.7554 0.7540
11 0.1475 0.1961 0.8388 0.3428 0.8032 0.2276 0.5288 0.7975 0.7564 0.7654
12 0.1276 0.1738 0.8575 0.3007 0.8261 0.2166 0.5159 0.8112 0.7325 0.7782
13 0.1155 0.1613 0.8683 0.2760 0.8393 0.2056 0.5106 0.8047 0.7162 0.7618
14 0.1057 0.1505 0.8758 0.2554 0.8485 0.2038 0.5097 0.8162 0.7135 0.7800
15 0.0991 0.1440 0.8838 0.2423 0.8566 0.1990 0.5095 0.8177 0.7085 0.7805
16 0.0984 0.1439 0.8871 0.2415 0.8604 0.1878 0.5031 0.8282 0.6909 0.7922
17 0.0947 0.1386 0.8870 0.2325 0.8610 0.2123 0.5089 0.8149 0.7212 0.7817
18 0.0951 0.1351 0.8788 0.2293 0.8516 0.2058 0.5049 0.8031 0.7108 0.7693
19 0.1127 0.1424 0.8487 0.2543 0.8150 0.2438 0.5111 0.8083 0.7550 0.7743
20 0.1254 0.1470 0.8324 0.2717 0.7971 0.2229 0.5032 0.7978 0.7266 0.7581
21 0.0986 0.1255 0.8513 0.2234 0.8188 0.2677 0.5079 0.7950 0.7762 0.7643
22 0.0897 0.1127 0.8646 0.2016 0.8355 0.2241 0.4964 0.8076 0.7209 0.7711
23 0.0730 0.0982 0.8845 0.1704 0.8582 0.1981 0.4853 0.8298 0.6838 0.7982
24 0.0685 0.0913 0.8899 0.1590 0.8650 0.1915 0.4842 0.8324 0.6761 0.7999
25 0.0642 0.0891 0.8951 0.1523 0.8721 0.1982 0.4857 0.8307 0.6843 0.7977
26 0.0628 0.0872 0.8936 0.1490 0.8708 0.2085 0.4844 0.8290 0.6934 0.7980
27 0.0620 0.0847 0.8951 0.1457 0.8717 0.2462 0.4916 0.8197 0.7385 0.7883
28 0.0610 0.0817 0.8969 0.1413 0.8720 0.2325 0.4833 0.8272 0.7165 0.7939
29 0.0695 0.0856 0.8816 0.1534 0.8537 0.2145 0.4760 0.8215 0.6911 0.7856
30 0.0850 0.0948 0.8613 0.1782 0.8314 0.2560 0.5129 0.7866 0.7701 0.7564
31 0.0879 0.0947 0.8582 0.1812 0.8274 0.2647 0.4976 0.7994 0.7633 0.7665
32 0.0776 0.0882 0.8736 0.1640 0.8450 0.2107 0.4847 0.8206 0.6964 0.7904
33 0.0581 0.0706 0.8880 0.1268 0.8649 0.2191 0.4766 0.8232 0.6966 0.7943
34 0.0521 0.0643 0.9004 0.1144 0.8784 0.2135 0.4725 0.8264 0.6867 0.7942
35 0.0495 0.0626 0.9033 0.1102 0.8824 0.2171 0.4727 0.8274 0.6907 0.7960
36 0.0467 0.0590 0.9051 0.1037 0.8841 0.2070 0.4715 0.8336 0.6792 0.8013
37 0.0456 0.0573 0.9040 0.1008 0.8843 0.2294 0.4675 0.8241 0.6978 0.7925
38 0.0473 0.0584 0.9034 0.1037 0.8809 0.2175 0.4605 0.8381 0.6796 0.8027
39 0.0517 0.0590 0.9002 0.1088 0.8778 0.2193 0.4742 0.8224 0.6944 0.7897
40 0.0784 0.0821 0.8654 0.1593 0.8354 0.2699 0.4893 0.8070 0.7604 0.7756
41 0.0707 0.0742 0.8709 0.1439 0.8426 0.2350 0.4718 0.8259 0.7085 0.7964
42 0.0486 0.0538 0.8962 0.1011 0.8724 0.2653 0.4664 0.8293 0.7343 0.7985
43 0.0439 0.0496 0.9020 0.0921 0.8806 0.2384 0.4641 0.8347 0.7051 0.8079
44 0.0391 0.0466 0.9062 0.0844 0.8859 0.2508 0.4600 0.8343 0.7132 0.8081
45 0.0367 0.0442 0.9117 0.0795 0.8925 0.2512 0.4598 0.8362 0.7135 0.8097
46 0.0376 0.0441 0.9119 0.0804 0.8924 0.2514 0.4581 0.8351 0.7123 0.8080
47 0.0385 0.0450 0.9084 0.0821 0.8885 0.2437 0.4569 0.8362 0.7030 0.8097
48 0.0385 0.0432 0.9093 0.0806 0.8891 0.2206 0.4539 0.8353 0.6769 0.8060
49 0.0412 0.0449 0.9080 0.0851 0.8866 0.2708 0.4633 0.8316 0.7379 0.8041
50 0.0600 0.0587 0.8767 0.1181 0.8490 0.3592 0.5049 0.7808 0.8674 0.7484
51 0.0677 0.0651 0.8666 0.1325 0.8385 0.2932 0.4677 0.8043 0.7643 0.7698
52 0.0458 0.0471 0.8924 0.0927 0.8691 0.2328 0.4489 0.8375 0.6842 0.8076
53 0.0385 0.0412 0.9040 0.0795 0.8827 0.2615 0.4624 0.8316 0.7272 0.8040
54 0.0357 0.0383 0.9103 0.0737 0.8916 0.2412 0.4529 0.8334 0.6969 0.8046
55 0.0336 0.0364 0.9133 0.0697 0.8953 0.2513 0.4508 0.8297 0.7052 0.8007
56 0.0327 0.0362 0.9125 0.0686 0.8944 0.2452 0.4537 0.8332 0.7018 0.8066
57 0.0331 0.0361 0.9147 0.0689 0.8964 0.2744 0.4521 0.8245 0.7302 0.7940
58 0.0337 0.0360 0.9144 0.0694 0.8951 0.2700 0.4518 0.8299 0.7248 0.8003
59 0.0325 0.0348 0.9121 0.0672 0.8932 0.2514 0.4463 0.8348 0.7008 0.8056
60 0.0326 0.0337 0.9139 0.0665 0.8942 0.2257 0.4459 0.8446 0.6742 0.8123
61 0.0334 0.0341 0.9138 0.0677 0.8932 0.2447 0.4509 0.8393 0.6989 0.8115
62 0.0316 0.0330 0.9187 0.0649 0.8994 0.3088 0.4492 0.8317 0.7630 0.8042
63 0.0361 0.0358 0.9145 0.0724 0.8954 0.2785 0.4524 0.8187 0.7352 0.7838
64 0.0297 0.0304 0.9202 0.0608 0.9030 0.2872 0.4497 0.8331 0.7418 0.8039
65 0.0259 0.0278 0.9260 0.0543 0.9091 0.2837 0.4500 0.8346 0.7385 0.8059
66 0.0264 0.0279 0.9255 0.0548 0.9097 0.2861 0.4450 0.8389 0.7360 0.8099
67 0.0259 0.0281 0.9243 0.0544 0.9092 0.2814 0.4433 0.8362 0.7288 0.8057
68 0.0321 0.0318 0.9166 0.0644 0.8987 0.2657 0.4434 0.8338 0.7126 0.8051
69 0.0383 0.0382 0.9032 0.0772 0.8806 0.2542 0.4471 0.8379 0.7048 0.8070
70 0.0468 0.0418 0.8996 0.0895 0.8763 0.2635 0.4477 0.8318 0.7141 0.7969
71 0.0359 0.0355 0.9057 0.0724 0.8839 0.2728 0.4450 0.8315 0.7218 0.8010
72 0.0292 0.0293 0.9201 0.0596 0.9020 0.2883 0.4369 0.8382 0.7299 0.8104
73 0.0253 0.0264 0.9247 0.0527 0.9079 0.2924 0.4357 0.8346 0.7326 0.8070
74 0.0243 0.0252 0.9285 0.0506 0.9132 0.2823 0.4358 0.8387 0.7223 0.8098
75 0.0235 0.0241 0.9299 0.0487 0.9157 0.2884 0.4359 0.8367 0.7289 0.8083
76 0.0231 0.0242 0.9296 0.0484 0.9150 0.2813 0.4356 0.8404 0.7210 0.8110
77 0.0229 0.0234 0.9297 0.0475 0.9152 0.2960 0.4371 0.8388 0.7378 0.8118
78 0.0268 0.0265 0.9245 0.0545 0.9078 0.2769 0.4339 0.8446 0.7150 0.8067
79 0.0308 0.0297 0.9169 0.0617 0.8975 0.2261 0.4417 0.8360 0.6716 0.8081
80 0.0515 0.0446 0.8870 0.0973 0.8611 0.6069 0.5210 0.7132 1.1329 0.6522
81 0.0705 0.0621 0.8639 0.1339 0.8343 0.2951 0.4426 0.8149 0.7414 0.7836
82 0.0390 0.0372 0.8993 0.0775 0.8755 0.2837 0.4338 0.8400 0.7213 0.8148
83 0.0307 0.0294 0.9146 0.0616 0.8952 0.2698 0.4284 0.8375 0.7022 0.8096
84 0.0274 0.0268 0.9211 0.0558 0.9038 0.2748 0.4312 0.8325 0.7098 0.8054
85 0.0244 0.0246 0.9256 0.0505 0.9086 0.2864 0.4317 0.8375 0.7223 0.8114
86 0.0250 0.0247 0.9236 0.0512 0.9073 0.2758 0.4287 0.8383 0.7083 0.8100
87 0.0238 0.0236 0.9267 0.0490 0.9108 0.3005 0.4299 0.8367 0.7352 0.8096
88 0.0242 0.0235 0.9259 0.0493 0.9098 0.2966 0.4296 0.8420 0.7306 0.8135
89 0.0379 0.0327 0.9098 0.0722 0.8905 0.3355 0.4391 0.8249 0.7798 0.7939
90 0.0613 0.0522 0.8752 0.1149 0.8488 0.3543 0.4642 0.8193 0.8216 0.7834
91 0.0454 0.0408 0.8968 0.0877 0.8714 0.2959 0.4453 0.8328 0.7448 0.8027
92 0.0341 0.0317 0.9126 0.0674 0.8914 0.2750 0.4420 0.8390 0.7206 0.8102
93 0.0281 0.0264 0.9183 0.0561 0.9007 0.2951 0.4319 0.8417 0.7310 0.8093
94 0.0250 0.0245 0.9252 0.0512 0.9084 0.2885 0.4421 0.8405 0.7345 0.8129
95 0.0237 0.0233 0.9268 0.0487 0.9117 0.3058 0.4357 0.8385 0.7458 0.8102
96 0.0227 0.0223 0.9276 0.0467 0.9125 0.3169 0.4307 0.8404 0.7522 0.8119
97 0.0226 0.0221 0.9290 0.0464 0.9140 0.3241 0.4226 0.8398 0.7517 0.8114
98 0.0223 0.0216 0.9280 0.0457 0.9136 0.3121 0.4341 0.8378 0.7508 0.8081
99 0.0220 0.0214 0.9299 0.0452 0.9151 0.3167 0.4286 0.8414 0.7502 0.8136
100 0.0222 0.0217 0.9279 0.0457 0.9132 0.3255 0.4246 0.8377 0.7549 0.8098
101 0.0250 0.0228 0.9251 0.0496 0.9091 0.2655 0.4162 0.8540 0.6854 0.8234
102 0.0215 0.0213 0.9280 0.0446 0.9124 0.2709 0.4191 0.8514 0.6939 0.8249
103 0.0197 0.0193 0.9351 0.0410 0.9225 0.2769 0.4143 0.8530 0.6955 0.8254
104 0.0182 0.0184 0.9377 0.0386 0.9249 0.2731 0.4139 0.8527 0.6912 0.8225
105 0.0181 0.0181 0.9393 0.0382 0.9277 0.2650 0.4126 0.8554 0.6816 0.8242
106 0.0173 0.0177 0.9389 0.0371 0.9278 0.2775 0.4138 0.8533 0.6954 0.8240
107 0.0175 0.0174 0.9397 0.0369 0.9293 0.2843 0.4130 0.8544 0.7017 0.8235
108 0.0182 0.0181 0.9385 0.0383 0.9259 0.3215 0.4169 0.8483 0.7436 0.8196
109 0.0207 0.0196 0.9338 0.0423 0.9194 0.3221 0.4218 0.8334 0.7485 0.8006
110 0.0298 0.0260 0.9135 0.0577 0.8950 0.2531 0.4278 0.8435 0.6844 0.8129
111 0.0373 0.0314 0.9103 0.0706 0.8912 1.2290 0.6028 0.5988 1.8459 0.5576
112 0.0325 0.0297 0.9109 0.0640 0.8904 0.2684 0.4244 0.8423 0.6963 0.8115
113 0.0246 0.0242 0.9239 0.0508 0.9075 0.3571 0.4288 0.8266 0.7905 0.7956
114 0.0209 0.0205 0.9334 0.0435 0.9195 0.2950 0.4323 0.8316 0.7311 0.7982
115 0.0182 0.0184 0.9365 0.0388 0.9241 0.3023 0.4324 0.8320 0.7388 0.7992
116 0.0187 0.0184 0.9368 0.0392 0.9235 0.3301 0.4423 0.8319 0.7766 0.7988
117 0.0245 0.0228 0.9272 0.0494 0.9123 0.2955 0.4304 0.8270 0.7296 0.7941
118 0.0220 0.0214 0.9276 0.0455 0.9112 0.3238 0.4315 0.8311 0.7595 0.8021
119 0.0200 0.0194 0.9324 0.0415 0.9185 0.3394 0.4321 0.8314 0.7759 0.8013
120 0.0337 0.0286 0.9240 0.0643 0.9063 0.5597 0.4911 0.7912 1.0541 0.7516
121 0.0379 0.0329 0.8962 0.0725 0.8736 0.3541 0.4527 0.8260 0.8099 0.7990
122 0.0269 0.0241 0.9242 0.0530 0.9071 0.3488 0.4299 0.8377 0.7826 0.8088
123 0.0212 0.0204 0.9309 0.0437 0.9154 0.3257 0.4421 0.8402 0.7715 0.8135
124 0.0193 0.0188 0.9348 0.0403 0.9217 0.3478 0.4296 0.8357 0.7816 0.8075
125 0.0176 0.0177 0.9381 0.0376 0.9256 0.3414 0.4262 0.8371 0.7716 0.8075
126 0.0177 0.0176 0.9376 0.0375 0.9259 0.3414 0.4296 0.8376 0.7751 0.8070
127 0.0171 0.0169 0.9382 0.0362 0.9256 0.3328 0.4283 0.8401 0.7651 0.8081
128 0.0171 0.0169 0.9412 0.0363 0.9286 0.3331 0.4267 0.8412 0.7640 0.8116
129 0.0171 0.0167 0.9400 0.0361 0.9272 0.3828 0.4320 0.8327 0.8196 0.8033
130 0.0174 0.0166 0.9385 0.0363 0.9266 0.3945 0.4324 0.8279 0.8314 0.7953
131 0.0227 0.0207 0.9316 0.0456 0.9173 0.4300 0.4354 0.8057 0.8699 0.7711
132 0.0390 0.0325 0.9118 0.0736 0.8938 0.3119 0.4706 0.8167 0.7853 0.7823
133 0.0249 0.0248 0.9233 0.0519 0.9076 0.3267 0.4465 0.8291 0.7766 0.7981
134 0.0179 0.0180 0.9361 0.0382 0.9239 0.3947 0.4439 0.8297 0.8428 0.7985
135 0.0172 0.0174 0.9392 0.0369 0.9264 0.3864 0.4426 0.8313 0.8332 0.7981
136 0.0162 0.0163 0.9409 0.0348 0.9296 0.3826 0.4421 0.8327 0.8290 0.8013
137 0.0163 0.0159 0.9398 0.0347 0.9288 0.3634 0.4390 0.8365 0.8065 0.8054
138 0.0162 0.0161 0.9397 0.0346 0.9272 0.4228 0.4337 0.8375 0.8612 0.8068
139 0.0204 0.0193 0.9350 0.0419 0.9211 0.4095 0.4438 0.8253 0.8576 0.7955
140 0.0673 0.0523 0.8782 0.1214 0.8527 0.2573 0.4480 0.8092 0.7072 0.7695
141 0.0422 0.0387 0.9005 0.0827 0.8788 0.2998 0.4606 0.8290 0.7632 0.7990
142 0.0291 0.0277 0.9156 0.0587 0.8966 0.3104 0.4338 0.8316 0.7473 0.8019
143 0.0228 0.0212 0.9255 0.0462 0.9112 0.3081 0.4376 0.8337 0.7488 0.8036
144 0.0186 0.0185 0.9375 0.0393 0.9239 0.3153 0.4312 0.8340 0.7498 0.8042
145 0.0174 0.0172 0.9383 0.0369 0.9256 0.3109 0.4323 0.8350 0.7464 0.8049
146 0.0172 0.0169 0.9403 0.0364 0.9281 0.3162 0.4319 0.8391 0.7514 0.8087
147 0.0179 0.0174 0.9366 0.0377 0.9244 0.3701 0.4304 0.8337 0.8041 0.8048
148 0.0176 0.0173 0.9353 0.0373 0.9229 0.3187 0.4290 0.8404 0.7511 0.8095
149 0.0167 0.0165 0.9389 0.0356 0.9271 0.3343 0.4284 0.8401 0.7660 0.8115
