epoch train_BCELoss train_SoftDiceLoss train_iou train_loss train_mAP val_BCELoss val_SoftDiceLoss val_iou val_loss val_mAP
0 0.5180 0.5352 0.4824 1.0520 0.3906 0.3878 0.4617 0.6160 0.8490 0.5460
1 0.3433 0.3902 0.6482 0.7331 0.5732 0.3227 0.3897 0.6529 0.7122 0.5838
2 0.2936 0.3442 0.6805 0.6375 0.6153 0.2882 0.3577 0.6862 0.6457 0.6267
3 0.2566 0.3103 0.7056 0.5667 0.6447 0.2742 0.3219 0.7021 0.5960 0.6383
4 0.2395 0.2932 0.7153 0.5327 0.6568 0.2348 0.3060 0.7106 0.5407 0.6506
5 0.2088 0.2606 0.7368 0.4695 0.6811 0.2170 0.2746 0.7439 0.4918 0.6921
6 0.1933 0.2409 0.7510 0.4344 0.6938 0.2362 0.2621 0.7251 0.4986 0.6719
7 0.1793 0.2248 0.7616 0.4042 0.7088 0.2132 0.2641 0.7333 0.4774 0.6739
8 0.1675 0.2086 0.7682 0.3763 0.7132 0.2190 0.2465 0.7297 0.4660 0.6731
9 0.1532 0.1902 0.7779 0.3437 0.7283 0.1979 0.2235 0.7490 0.4218 0.6944
10 0.1475 0.1823 0.7782 0.3301 0.7277 0.2458 0.2306 0.7268 0.4768 0.6771
11 0.1343 0.1637 0.7931 0.2984 0.7452 0.1971 0.2093 0.7475 0.4070 0.6987
12 0.1314 0.1535 0.8052 0.2854 0.7595 0.1917 0.2015 0.7661 0.3938 0.7198
13 0.1151 0.1400 0.8083 0.2558 0.7641 0.2076 0.2070 0.7294 0.4152 0.6733
14 0.1133 0.1360 0.8058 0.2499 0.7605 0.1957 0.1982 0.7685 0.3945 0.7199
15 0.1092 0.1323 0.8250 0.2421 0.7828 0.1777 0.1838 0.7828 0.3623 0.7371
16 0.0942 0.1190 0.8372 0.2139 0.7960 0.1794 0.1842 0.7738 0.3644 0.7256
17 0.1014 0.1239 0.8267 0.2259 0.7851 0.1748 0.1799 0.7842 0.3555 0.7410
18 0.0926 0.1156 0.8396 0.2088 0.7996 0.1775 0.1808 0.7801 0.3592 0.7352
19 0.0904 0.1126 0.8428 0.2038 0.8038 0.1773 0.1809 0.7765 0.3590 0.7294
20 0.0869 0.1101 0.8443 0.1977 0.8058 0.1808 0.1816 0.7761 0.3632 0.7299
21 0.0887 0.1122 0.8401 0.2017 0.8022 0.1821 0.1820 0.7758 0.3649 0.7298
22 0.0885 0.1105 0.8440 0.1997 0.8052 0.1808 0.1815 0.7737 0.3631 0.7268
23 0.0841 0.1071 0.8521 0.1920 0.8129 0.1788 0.1807 0.7778 0.3603 0.7311
24 0.0927 0.1155 0.8412 0.2089 0.8012 0.1825 0.1817 0.7730 0.3651 0.7243
25 0.1045 0.1212 0.8258 0.2264 0.7825 0.2057 0.1933 0.7198 0.3995 0.6609
26 0.1105 0.1224 0.8155 0.2336 0.7718 0.2066 0.1845 0.7537 0.3917 0.7019
27 0.0973 0.1110 0.8175 0.2091 0.7757 0.2215 0.1906 0.7547 0.4129 0.7068
28 0.1046 0.1133 0.8270 0.2187 0.7846 0.1874 0.1695 0.7798 0.3578 0.7376
29 0.0961 0.1063 0.8252 0.2032 0.7854 0.1683 0.1583 0.7809 0.3275 0.7365
30 0.0806 0.0920 0.8452 0.1734 0.8080 0.1670 0.1536 0.7784 0.3216 0.7371
31 0.0749 0.0867 0.8545 0.1624 0.8183 0.1694 0.1529 0.7884 0.3233 0.7464
32 0.0735 0.0837 0.8569 0.1581 0.8206 0.1726 0.1516 0.7858 0.3252 0.7411
33 0.0760 0.0846 0.8561 0.1615 0.8214 0.1722 0.1562 0.7880 0.3293 0.7413
34 0.0688 0.0794 0.8594 0.1492 0.8244 0.1648 0.1479 0.7942 0.3137 0.7509
35 0.0693 0.0813 0.8543 0.1515 0.8193 0.1657 0.1483 0.7938 0.3150 0.7496
36 0.0687 0.0798 0.8629 0.1494 0.8273 0.1677 0.1485 0.7960 0.3172 0.7519
37 0.0690 0.0803 0.8652 0.1502 0.8307 0.1712 0.1512 0.7908 0.3234 0.7470
38 0.0682 0.0804 0.8604 0.1496 0.8260 0.1678 0.1489 0.7943 0.3178 0.7501
39 0.0676 0.0802 0.8617 0.1488 0.8274 0.1675 0.1489 0.7945 0.3175 0.7503
40 0.0809 0.0893 0.8410 0.1710 0.8020 0.1943 0.1612 0.7732 0.3564 0.7286
41 0.0993 0.1020 0.8262 0.2022 0.7841 0.1832 0.1534 0.7799 0.3377 0.7320
42 0.0861 0.0879 0.8377 0.1749 0.7986 0.2185 0.1684 0.7731 0.3880 0.7273
43 0.0826 0.0856 0.8422 0.1691 0.8053 0.2002 0.1620 0.7816 0.3631 0.7404
44 0.0731 0.0746 0.8530 0.1487 0.8169 0.2087 0.1500 0.7862 0.3597 0.7432
45 0.0649 0.0686 0.8591 0.1346 0.8251 0.1875 0.1447 0.7919 0.3334 0.7493
46 0.0649 0.0694 0.8623 0.1353 0.8285 0.1886 0.1469 0.7881 0.3366 0.7479
47 0.0595 0.0654 0.8702 0.1260 0.8372 0.1887 0.1461 0.7960 0.3359 0.7559
48 0.0599 0.0636 0.8721 0.1247 0.8400 0.1851 0.1427 0.7922 0.3290 0.7500
49 0.0595 0.0632 0.8711 0.1238 0.8391 0.1846 0.1426 0.7970 0.3284 0.7537
50 0.0577 0.0614 0.8749 0.1203 0.8406 0.1871 0.1439 0.7822 0.3322 0.7394
51 0.0549 0.0618 0.8715 0.1178 0.8392 0.1897 0.1465 0.7868 0.3374 0.7441
52 0.0568 0.0619 0.8727 0.1198 0.8404 0.1827 0.1421 0.7966 0.3260 0.7542
53 0.0556 0.0612 0.8730 0.1180 0.8419 0.1834 0.1422 0.7932 0.3267 0.7513
54 0.0574 0.0620 0.8721 0.1205 0.8403 0.1841 0.1418 0.7918 0.3270 0.7506
55 0.0555 0.0597 0.8767 0.1165 0.8468 0.1812 0.1419 0.7928 0.3243 0.7513
56 0.0566 0.0610 0.8765 0.1187 0.8452 0.1835 0.1427 0.7919 0.3274 0.7502
57 0.0563 0.0604 0.8762 0.1178 0.8454 0.1831 0.1418 0.7925 0.3260 0.7501
58 0.0543 0.0612 0.8716 0.1165 0.8407 0.1835 0.1413 0.7922 0.3260 0.7511
59 0.0556 0.0609 0.8732 0.1176 0.8405 0.1854 0.1435 0.7916 0.3300 0.7484
