epoch train_BCELoss train_SoftDiceLoss train_iou train_loss train_mAP val_BCELoss val_SoftDiceLoss val_iou val_loss val_mAP
0 0.7076 0.6680 0.0091 1.3742 0.0044 0.7028 0.7191 0.0224 1.4207 0.0179
1 0.5888 0.5975 0.3665 1.1837 0.3237 0.4288 0.6251 0.6451 1.0505 0.5732
2 0.3388 0.3942 0.6953 0.7301 0.6300 0.3232 0.5855 0.7189 0.9074 0.6673
3 0.2736 0.3292 0.7453 0.6014 0.6889 0.3025 0.5798 0.7178 0.8818 0.6636
4 0.2263 0.2835 0.7735 0.5088 0.7231 0.2521 0.5462 0.7563 0.7980 0.7128
5 0.1986 0.2526 0.7890 0.4504 0.7426 0.2698 0.5607 0.7395 0.8303 0.6926
6 0.1711 0.2210 0.8067 0.3914 0.7643 0.2595 0.5486 0.7591 0.8080 0.7126
7 0.1488 0.1981 0.8221 0.3463 0.7835 0.2039 0.5258 0.8032 0.7296 0.7613
8 0.1309 0.1765 0.8428 0.3069 0.8080 0.1814 0.5126 0.8158 0.6940 0.7821
9 0.1164 0.1627 0.8514 0.2786 0.8187 0.1788 0.5110 0.8175 0.6898 0.7847
10 0.1111 0.1589 0.8614 0.2694 0.8297 0.1809 0.5104 0.8163 0.6914 0.7816
11 0.1092 0.1553 0.8625 0.2640 0.8300 0.1748 0.5063 0.8232 0.6811 0.7900
12 0.1052 0.1496 0.8614 0.2543 0.8304 0.1902 0.5086 0.8082 0.6990 0.7732
13 0.1046 0.1431 0.8602 0.2473 0.8289 0.1891 0.5074 0.8018 0.6966 0.7627
14 0.1178 0.1482 0.8342 0.2656 0.7963 0.2935 0.5176 0.7770 0.8113 0.7381
15 0.1156 0.1420 0.8376 0.2574 0.8021 0.2148 0.5172 0.7896 0.7324 0.7468
16 0.1029 0.1263 0.8465 0.2291 0.8116 0.1840 0.4953 0.8058 0.6797 0.7728
17 0.0946 0.1159 0.8586 0.2105 0.8267 0.1808 0.4864 0.8180 0.6676 0.7828
18 0.0804 0.1040 0.8673 0.1845 0.8388 0.1948 0.4871 0.8212 0.6825 0.7920
19 0.0712 0.0936 0.8835 0.1648 0.8576 0.1770 0.4835 0.8266 0.6611 0.7934
20 0.0667 0.0904 0.8856 0.1571 0.8602 0.1742 0.4797 0.8309 0.6544 0.7963
21 0.0653 0.0888 0.8851 0.1542 0.8599 0.1649 0.4770 0.8316 0.6425 0.7960
22 0.0629 0.0838 0.8929 0.1468 0.8671 0.1755 0.4773 0.8321 0.6534 0.8037
23 0.0623 0.0804 0.8885 0.1429 0.8630 0.1804 0.4732 0.8359 0.6543 0.8019
24 0.0745 0.0872 0.8712 0.1618 0.8416 0.2241 0.4806 0.8140 0.7055 0.7819
25 0.0813 0.0905 0.8627 0.1720 0.8314 0.2832 0.4951 0.7865 0.7793 0.7463
26 0.0720 0.0816 0.8683 0.1539 0.8379 0.1843 0.4801 0.8214 0.6651 0.7884
27 0.0594 0.0711 0.8811 0.1310 0.8543 0.1646 0.4644 0.8374 0.6299 0.8042
28 0.0505 0.0614 0.8955 0.1125 0.8725 0.1735 0.4653 0.8349 0.6398 0.8026
29 0.0473 0.0577 0.8996 0.1056 0.8784 0.1651 0.4598 0.8385 0.6258 0.8035
30 0.0438 0.0551 0.9045 0.0995 0.8841 0.1661 0.4587 0.8374 0.6258 0.8035
31 0.0435 0.0539 0.9036 0.0980 0.8830 0.1726 0.4609 0.8376 0.6345 0.8056
32 0.0443 0.0542 0.9023 0.0991 0.8815 0.1791 0.4596 0.8379 0.6398 0.8065
33 0.0438 0.0516 0.9078 0.0961 0.8867 0.1762 0.4610 0.8405 0.6383 0.8100
34 0.0602 0.0649 0.8798 0.1257 0.8531 0.2449 0.4759 0.8241 0.7219 0.7871
35 0.0685 0.0683 0.8703 0.1375 0.8400 0.2735 0.4816 0.7956 0.7565 0.7597
36 0.0715 0.0700 0.8696 0.1423 0.8416 0.2528 0.4806 0.8122 0.7346 0.7775
37 0.0598 0.0612 0.8804 0.1219 0.8536 0.3057 0.4717 0.7973 0.7790 0.7646
38 0.0444 0.0495 0.8977 0.0948 0.8739 0.2189 0.4605 0.8323 0.6808 0.8010
39 0.0398 0.0445 0.9056 0.0853 0.8856 0.2490 0.4571 0.8302 0.7078 0.7988
40 0.0368 0.0425 0.9099 0.0803 0.8900 0.2222 0.4551 0.8330 0.6788 0.7977
41 0.0380 0.0428 0.9095 0.0819 0.8905 0.2175 0.4542 0.8369 0.6732 0.8032
42 0.0370 0.0412 0.9120 0.0793 0.8920 0.2386 0.4506 0.8340 0.6908 0.8026
43 0.0352 0.0401 0.9116 0.0764 0.8916 0.2575 0.4490 0.8297 0.7082 0.7935
44 0.0393 0.0419 0.9055 0.0822 0.8832 0.2188 0.4570 0.8351 0.6775 0.8075
45 0.0651 0.0605 0.8732 0.1266 0.8443 0.3450 0.4985 0.7710 0.8455 0.7298
46 0.0618 0.0566 0.8770 0.1196 0.8501 0.2345 0.4739 0.8154 0.7100 0.7829
47 0.0595 0.0554 0.8817 0.1161 0.8560 0.3117 0.4787 0.8056 0.7924 0.7734
48 0.0470 0.0466 0.8954 0.0949 0.8726 0.2158 0.4553 0.8405 0.6727 0.8103
49 0.0369 0.0392 0.9099 0.0774 0.8897 0.2371 0.4535 0.8357 0.6924 0.8056
50 0.0334 0.0356 0.9129 0.0704 0.8927 0.2502 0.4521 0.8340 0.7040 0.8044
51 0.0331 0.0349 0.9130 0.0693 0.8935 0.2504 0.4528 0.8307 0.7051 0.8019
52 0.0342 0.0357 0.9120 0.0712 0.8930 0.2267 0.4565 0.8355 0.6849 0.8095
53 0.0334 0.0342 0.9084 0.0689 0.8883 0.2129 0.4457 0.8404 0.6604 0.8092
54 0.0320 0.0328 0.9125 0.0662 0.8935 0.2788 0.4560 0.8316 0.7369 0.8051
55 0.0337 0.0341 0.9131 0.0692 0.8926 0.2242 0.4548 0.8381 0.6808 0.8054
56 0.0375 0.0370 0.9092 0.0759 0.8882 0.2330 0.4527 0.8403 0.6874 0.8068
57 0.0312 0.0316 0.9146 0.0643 0.8951 0.2105 0.4431 0.8457 0.6555 0.8107
58 0.0297 0.0299 0.9175 0.0611 0.8989 0.3001 0.4482 0.8312 0.7507 0.8036
59 0.0282 0.0279 0.9238 0.0578 0.9073 0.2744 0.4468 0.8329 0.7234 0.8021
60 0.0263 0.0268 0.9261 0.0548 0.9099 0.2630 0.4446 0.8374 0.7098 0.8030
61 0.0245 0.0258 0.9272 0.0520 0.9117 0.2696 0.4422 0.8365 0.7139 0.8008
62 0.0247 0.0255 0.9285 0.0519 0.9128 0.2903 0.4436 0.8307 0.7363 0.8000
63 0.0435 0.0409 0.8901 0.0858 0.8660 0.2537 0.4492 0.8265 0.7048 0.7895
64 0.0456 0.0408 0.9009 0.0879 0.8781 0.2412 0.4524 0.8149 0.6954 0.7773
65 0.0450 0.0416 0.8874 0.0881 0.8618 0.3300 0.4533 0.8211 0.7856 0.7944
66 0.0406 0.0371 0.8990 0.0792 0.8773 0.2860 0.4538 0.8342 0.7419 0.8001
67 0.0375 0.0353 0.9070 0.0744 0.8863 0.3005 0.4489 0.8377 0.7517 0.8088
68 0.0294 0.0293 0.9183 0.0604 0.8996 0.2727 0.4492 0.8385 0.7240 0.8128
69 0.0255 0.0258 0.9234 0.0530 0.9071 0.2910 0.4433 0.8397 0.7365 0.8153
70 0.0236 0.0242 0.9265 0.0496 0.9106 0.2926 0.4414 0.8413 0.7363 0.8150
71 0.0245 0.0245 0.9253 0.0508 0.9091 0.2918 0.4446 0.8406 0.7387 0.8138
72 0.0230 0.0238 0.9281 0.0486 0.9128 0.3103 0.4438 0.8353 0.7565 0.8066
73 0.0238 0.0234 0.9266 0.0490 0.9119 0.3179 0.4419 0.8390 0.7622 0.8103
74 0.0235 0.0236 0.9241 0.0490 0.9080 0.3089 0.4492 0.8382 0.7605 0.8128
75 0.0237 0.0236 0.9271 0.0491 0.9113 0.2778 0.4456 0.8399 0.7256 0.8126
76 0.0227 0.0225 0.9287 0.0471 0.9126 0.2934 0.4449 0.8378 0.7406 0.8083
77 0.0433 0.0377 0.9012 0.0828 0.8789 0.3189 0.4574 0.8174 0.7784 0.7891
78 0.0377 0.0341 0.9100 0.0736 0.8901 0.2588 0.4507 0.8251 0.7118 0.7911
79 0.0245 0.0241 0.9232 0.0505 0.9067 0.2276 0.4310 0.8357 0.6608 0.8022
80 0.0228 0.0226 0.9280 0.0474 0.9126 0.2227 0.4327 0.8356 0.6576 0.8016
81 0.0222 0.0224 0.9286 0.0466 0.9134 0.2296 0.4292 0.8478 0.6611 0.8116
82 0.0216 0.0214 0.9294 0.0450 0.9143 0.1961 0.4293 0.8498 0.6275 0.8200
83 0.0211 0.0209 0.9303 0.0440 0.9144 0.2015 0.4310 0.8496 0.6345 0.8152
84 0.0222 0.0216 0.9307 0.0458 0.9156 0.2327 0.4350 0.8421 0.6699 0.8041
85 0.0404 0.0366 0.8979 0.0787 0.8754 0.2292 0.4483 0.8149 0.6790 0.7765
86 0.0599 0.0484 0.8888 0.1100 0.8640 0.2609 0.4690 0.8168 0.7317 0.7826
87 0.0462 0.0415 0.8945 0.0894 0.8724 0.2735 0.4429 0.8350 0.7185 0.8057
88 0.0312 0.0287 0.9174 0.0618 0.8990 0.2722 0.4376 0.8440 0.7121 0.8126
89 0.0235 0.0234 0.9272 0.0488 0.9109 0.2605 0.4337 0.8515 0.6966 0.8240
90 0.0225 0.0220 0.9272 0.0465 0.9123 0.2687 0.4338 0.8526 0.7049 0.8248
91 0.0223 0.0218 0.9268 0.0461 0.9112 0.2702 0.4330 0.8525 0.7056 0.8261
92 0.0210 0.0207 0.9300 0.0437 0.9155 0.2701 0.4345 0.8517 0.7070 0.8257
93 0.0209 0.0205 0.9298 0.0434 0.9149 0.2554 0.4342 0.8561 0.6918 0.8262
94 0.0216 0.0208 0.9287 0.0445 0.9128 0.2736 0.4295 0.8487 0.7055 0.8201
95 0.0220 0.0215 0.9320 0.0455 0.9162 0.2940 0.4320 0.8424 0.7284 0.8154
96 0.0203 0.0197 0.9344 0.0421 0.9202 0.2625 0.4367 0.8451 0.7015 0.8177
97 0.0238 0.0217 0.9314 0.0476 0.9170 0.3165 0.4367 0.8337 0.7558 0.8066
98 0.0213 0.0202 0.9334 0.0437 0.9197 0.3139 0.4314 0.8416 0.7478 0.8117
99 0.0183 0.0180 0.9383 0.0385 0.9255 0.3236 0.4277 0.8409 0.7540 0.8113
100 0.0171 0.0171 0.9402 0.0365 0.9276 0.3289 0.4282 0.8394 0.7597 0.8113
101 0.0169 0.0172 0.9426 0.0364 0.9316 0.3323 0.4293 0.8396 0.7643 0.8121
102 0.0161 0.0161 0.9436 0.0346 0.9321 0.3272 0.4262 0.8456 0.7562 0.8180
103 0.0163 0.0159 0.9446 0.0345 0.9341 0.3160 0.4246 0.8426 0.7431 0.8160
104 0.0168 0.0164 0.9428 0.0356 0.9314 0.3048 0.4261 0.8346 0.7335 0.8021
105 0.0245 0.0216 0.9274 0.0483 0.9138 0.2567 0.4505 0.8233 0.7090 0.7884
106 0.0419 0.0345 0.9010 0.0783 0.8806 0.4557 0.4456 0.8060 0.9040 0.7758
107 0.0362 0.0321 0.9097 0.0702 0.8897 0.2456 0.4501 0.8393 0.6977 0.8112
108 0.0241 0.0227 0.9280 0.0490 0.9127 0.3166 0.4336 0.8454 0.7527 0.8160
109 0.0213 0.0211 0.9326 0.0445 0.9181 0.2769 0.4268 0.8457 0.7061 0.8164
110 0.0180 0.0181 0.9393 0.0383 0.9277 0.2816 0.4271 0.8486 0.7111 0.8214
111 0.0180 0.0176 0.9404 0.0379 0.9277 0.2956 0.4254 0.8498 0.7235 0.8225
112 0.0175 0.0171 0.9395 0.0369 0.9284 0.2772 0.4232 0.8525 0.7028 0.8254
113 0.0174 0.0168 0.9405 0.0365 0.9283 0.3204 0.4251 0.8430 0.7479 0.8146
114 0.0217 0.0192 0.9360 0.0432 0.9240 0.3444 0.4306 0.8439 0.7774 0.8131
115 0.0227 0.0203 0.9320 0.0452 0.9177 0.3546 0.4410 0.8376 0.7982 0.8087
116 0.0273 0.0250 0.9225 0.0544 0.9061 0.2735 0.4208 0.8377 0.6965 0.8094
117 0.0385 0.0323 0.9071 0.0728 0.8881 0.2922 0.4370 0.8343 0.7314 0.8016
118 0.0257 0.0239 0.9281 0.0518 0.9133 0.2978 0.4369 0.8420 0.7371 0.8153
119 0.0192 0.0186 0.9372 0.0401 0.9256 0.2835 0.4324 0.8461 0.7183 0.8189
120 0.0163 0.0165 0.9428 0.0352 0.9315 0.2750 0.4305 0.8463 0.7079 0.8174
121 0.0170 0.0168 0.9426 0.0363 0.9323 0.3086 0.4300 0.8424 0.7411 0.8131
122 0.0161 0.0157 0.9451 0.0342 0.9353 0.3315 0.4251 0.8437 0.7591 0.8127
123 0.0160 0.0156 0.9446 0.0341 0.9335 0.3484 0.4284 0.8442 0.7794 0.8150
124 0.0160 0.0157 0.9449 0.0341 0.9345 0.3169 0.4235 0.8474 0.7428 0.8161
125 0.0179 0.0172 0.9386 0.0374 0.9269 0.3395 0.4378 0.8421 0.7797 0.8145
126 0.0175 0.0169 0.9412 0.0367 0.9299 0.3439 0.4276 0.8429 0.7740 0.8147
127 0.0158 0.0154 0.9468 0.0337 0.9364 0.3476 0.4273 0.8420 0.7774 0.8134
128 0.0146 0.0143 0.9488 0.0315 0.9395 0.3404 0.4248 0.8462 0.7678 0.8172
129 0.0137 0.0140 0.9526 0.0302 0.9443 0.3526 0.4245 0.8433 0.7798 0.8171
130 0.0133 0.0134 0.9516 0.0293 0.9439 0.3373 0.4222 0.8454 0.7622 0.8179
131 0.0129 0.0131 0.9539 0.0286 0.9463 0.3548 0.4247 0.8423 0.7821 0.8171
132 0.0128 0.0128 0.9519 0.0284 0.9445 0.3613 0.4257 0.8415 0.7896 0.8151
133 0.0135 0.0133 0.9516 0.0295 0.9435 0.3533 0.4258 0.8419 0.7817 0.8158
134 0.0162 0.0155 0.9410 0.0341 0.9303 0.3543 0.4307 0.8436 0.7875 0.8150
135 0.0870 0.0725 0.8591 0.1610 0.8292 0.4746 0.5029 0.7556 0.9789 0.7169
136 0.0728 0.0598 0.8719 0.1341 0.8450 0.3267 0.4604 0.8116 0.7887 0.7820
137 0.0403 0.0362 0.9091 0.0783 0.8882 0.2576 0.4536 0.8361 0.7130 0.8066
138 0.0270 0.0254 0.9219 0.0544 0.9061 0.2919 0.4429 0.8354 0.7368 0.8052
139 0.0219 0.0212 0.9329 0.0452 0.9188 0.3216 0.4393 0.8357 0.7630 0.8083
140 0.0203 0.0196 0.9354 0.0421 0.9226 0.3141 0.4376 0.8357 0.7539 0.8054
141 0.0195 0.0192 0.9337 0.0409 0.9208 0.3118 0.4320 0.8379 0.7459 0.8076
142 0.0217 0.0203 0.9325 0.0442 0.9199 0.3336 0.4385 0.8377 0.7742 0.8076
143 0.0319 0.0285 0.9215 0.0625 0.9051 0.3190 0.4507 0.8250 0.7718 0.7931
144 0.0303 0.0265 0.9190 0.0587 0.9030 0.3816 0.4621 0.8005 0.8457 0.7650
145 0.0470 0.0384 0.8939 0.0872 0.8710 0.3316 0.4476 0.8351 0.7813 0.8084
146 0.0365 0.0336 0.9089 0.0721 0.8894 0.3648 0.4549 0.8347 0.8218 0.8071
147 0.0235 0.0220 0.9278 0.0477 0.9120 0.3323 0.4355 0.8371 0.7701 0.8070
148 0.0189 0.0183 0.9361 0.0395 0.9237 0.2876 0.4401 0.8432 0.7299 0.8171
149 0.0172 0.0166 0.9410 0.0362 0.9303 0.3867 0.4399 0.8401 0.8290 0.8141
150 0.0182 0.0166 0.9414 0.0371 0.9300 0.3889 0.4386 0.8395 0.8300 0.8136
151 0.0165 0.0160 0.9419 0.0349 0.9314 0.3760 0.4368 0.8412 0.8152 0.8125
152 0.0162 0.0158 0.9405 0.0343 0.9302 0.3762 0.4342 0.8418 0.8128 0.8134
153 0.0166 0.0159 0.9427 0.0349 0.9321 0.3884 0.4365 0.8412 0.8273 0.8143
154 0.0161 0.0156 0.9452 0.0341 0.9346 0.3535 0.4345 0.8402 0.7903 0.8109
155 0.0190 0.0177 0.9364 0.0390 0.9256 0.4243 0.4355 0.8153 0.8622 0.7833
156 0.0282 0.0251 0.9176 0.0554 0.9009 0.3831 0.4639 0.8155 0.8491 0.7837
157 0.0219 0.0209 0.9317 0.0450 0.9175 0.3878 0.4446 0.8293 0.8348 0.8035
158 0.0209 0.0190 0.9362 0.0423 0.9245 0.3967 0.4401 0.8276 0.8394 0.7967
159 0.0174 0.0165 0.9422 0.0364 0.9324 0.3734 0.4345 0.8342 0.8105 0.8074
160 0.0151 0.0150 0.9460 0.0325 0.9370 0.3598 0.4332 0.8340 0.7955 0.8066
161 0.0146 0.0146 0.9458 0.0318 0.9371 0.3480 0.4340 0.8400 0.7844 0.8125
162 0.0150 0.0145 0.9456 0.0320 0.9366 0.3705 0.4312 0.8356 0.8042 0.8060
163 0.0148 0.0143 0.9451 0.0317 0.9366 0.4311 0.4324 0.8332 0.8661 0.8051
164 0.0147 0.0145 0.9466 0.0317 0.9373 0.4249 0.4348 0.8326 0.8622 0.8028
165 0.0165 0.0158 0.9434 0.0347 0.9328 0.3813 0.4418 0.8370 0.8254 0.8089
166 0.0156 0.0154 0.9452 0.0334 0.9359 0.3996 0.4338 0.8361 0.8360 0.8113
167 0.0141 0.0141 0.9495 0.0308 0.9399 0.3744 0.4286 0.8400 0.8056 0.8078
168 0.0130 0.0131 0.9525 0.0287 0.9448 0.4072 0.4289 0.8389 0.8387 0.8116
169 0.0122 0.0125 0.9533 0.0275 0.9457 0.4082 0.4276 0.8374 0.8384 0.8094
170 0.0118 0.0122 0.9553 0.0267 0.9482 0.4045 0.4270 0.8397 0.8342 0.8116
171 0.0120 0.0122 0.9536 0.0269 0.9468 0.4126 0.4284 0.8406 0.8437 0.8125
172 0.0122 0.0124 0.9536 0.0274 0.9463 0.4086 0.4271 0.8397 0.8383 0.8121
173 0.0123 0.0125 0.9538 0.0275 0.9455 0.4139 0.4271 0.8378 0.8437 0.8123
174 0.0141 0.0135 0.9482 0.0302 0.9396 0.3944 0.4349 0.8333 0.8319 0.8046
175 0.0160 0.0154 0.9419 0.0338 0.9318 0.4510 0.4328 0.8256 0.8864 0.7988
176 0.0144 0.0144 0.9453 0.0314 0.9356 0.4554 0.4312 0.8338 0.8892 0.8109
177 0.0129 0.0131 0.9515 0.0287 0.9428 0.4277 0.4294 0.8320 0.8597 0.8060
178 0.0162 0.0154 0.9489 0.0342 0.9407 0.4053 0.4289 0.8432 0.8367 0.8175
179 0.0122 0.0126 0.9539 0.0275 0.9467 0.4119 0.4261 0.8460 0.8406 0.8205
180 0.0115 0.0120 0.9560 0.0263 0.9500 0.4069 0.4256 0.8471 0.8351 0.8217
181 0.0114 0.0119 0.9569 0.0261 0.9503 0.4366 0.4288 0.8380 0.8681 0.8121
182 0.0112 0.0117 0.9573 0.0258 0.9502 0.4324 0.4274 0.8424 0.8624 0.8162
183 0.0114 0.0117 0.9556 0.0259 0.9490 0.4755 0.4311 0.8366 0.9093 0.8122
184 0.0117 0.0119 0.9572 0.0264 0.9507 0.4728 0.4294 0.8362 0.9048 0.8113
185 0.0189 0.0169 0.9446 0.0384 0.9338 0.9471 0.4786 0.6998 1.4281 0.6414
186 0.0731 0.0598 0.8718 0.1346 0.8454 0.3261 0.4625 0.7993 0.7904 0.7667
187 0.0474 0.0439 0.8923 0.0931 0.8701 0.3323 0.4652 0.8128 0.7994 0.7826
188 0.0283 0.0268 0.9194 0.0572 0.9024 0.3983 0.4487 0.8237 0.8493 0.7940
189 0.0206 0.0197 0.9334 0.0427 0.9214 0.3098 0.4497 0.8400 0.7616 0.8144
190 0.0177 0.0175 0.9381 0.0376 0.9264 0.3091 0.4465 0.8392 0.7578 0.8133
191 0.0175 0.0169 0.9405 0.0368 0.9292 0.3298 0.4464 0.8423 0.7785 0.8160
192 0.0166 0.0161 0.9396 0.0351 0.9294 0.3869 0.4474 0.8368 0.8367 0.8103
193 0.0161 0.0157 0.9430 0.0343 0.9331 0.3724 0.4489 0.8321 0.8235 0.8031
194 0.0198 0.0180 0.9383 0.0402 0.9268 0.3862 0.4399 0.8339 0.8285 0.8016
195 0.0421 0.0349 0.9095 0.0790 0.8912 0.3895 0.4573 0.8159 0.8489 0.7852
196 0.0264 0.0246 0.9246 0.0531 0.9100 0.2738 0.4371 0.8493 0.7129 0.8196
197 0.0200 0.0190 0.9360 0.0415 0.9239 0.3840 0.4466 0.8263 0.8329 0.7930
198 0.0184 0.0179 0.9396 0.0387 0.9282 0.3311 0.4417 0.8407 0.7751 0.8109
199 0.0157 0.0155 0.9464 0.0337 0.9364 0.4018 0.4432 0.8324 0.8474 0.8040
