epoch train_BCELoss train_SoftDiceLoss train_iou train_loss train_mAP val_BCELoss val_SoftDiceLoss val_iou val_loss val_mAP
0 0.7692 0.6566 0.0395 1.4244 0.0000 0.7296 0.7104 0.0876 1.4396 0.0871
1 0.6572 0.6078 0.4195 1.2631 0.3672 0.5560 0.6766 0.5394 1.2308 0.4850
2 0.4580 0.4707 0.6463 0.9253 0.5769 0.3924 0.6048 0.6768 0.9943 0.6182
3 0.3570 0.3963 0.7024 0.7505 0.6377 0.3852 0.5763 0.7148 0.9604 0.6494
4 0.3050 0.3523 0.7384 0.6556 0.6839 0.3675 0.5740 0.7289 0.9410 0.6875
5 0.2754 0.3271 0.7522 0.6014 0.6982 0.3174 0.5594 0.7420 0.8764 0.6906
6 0.2499 0.3026 0.7640 0.5515 0.7121 0.2826 0.5654 0.7404 0.8475 0.6962
7 0.2140 0.2708 0.7921 0.4839 0.7449 0.2536 0.5620 0.7556 0.8151 0.7196
8 0.1986 0.2527 0.8051 0.4504 0.7609 0.2486 0.5399 0.7880 0.7881 0.7483
9 0.1883 0.2455 0.8138 0.4330 0.7713 0.2391 0.5412 0.7845 0.7800 0.7470
10 0.1835 0.2429 0.8186 0.4255 0.7761 0.2415 0.5443 0.7806 0.7855 0.7474
11 0.1790 0.2348 0.8232 0.4129 0.7785 0.2329 0.5365 0.7921 0.7690 0.7562
12 0.1838 0.2396 0.8015 0.4226 0.7576 0.2387 0.5379 0.7867 0.7764 0.7464
13 0.1673 0.2222 0.8176 0.3887 0.7726 0.2585 0.5519 0.7662 0.8101 0.7299
14 0.1854 0.2323 0.7973 0.4169 0.7515 0.2421 0.5368 0.7594 0.7787 0.7136
15 0.1808 0.2201 0.7953 0.4003 0.7489 0.2435 0.5489 0.7456 0.7922 0.7039
16 0.1682 0.2094 0.8064 0.3769 0.7619 0.2522 0.5386 0.7675 0.7908 0.7307
17 0.1432 0.1864 0.8260 0.3290 0.7841 0.2165 0.5180 0.7896 0.7345 0.7532
18 0.1319 0.1755 0.8363 0.3068 0.7977 0.2255 0.5164 0.7933 0.7418 0.7621
19 0.1213 0.1624 0.8485 0.2831 0.8099 0.2211 0.5127 0.7978 0.7339 0.7657
20 0.1191 0.1613 0.8458 0.2797 0.8054 0.2274 0.5137 0.7973 0.7412 0.7651
21 0.1182 0.1591 0.8458 0.2766 0.8063 0.2162 0.5123 0.8036 0.7286 0.7703
22 0.1166 0.1582 0.8456 0.2741 0.8082 0.2132 0.5095 0.8074 0.7228 0.7778
23 0.1134 0.1542 0.8420 0.2670 0.8022 0.2236 0.5114 0.8023 0.7351 0.7670
24 0.1199 0.1521 0.8441 0.2714 0.8053 0.2247 0.5081 0.8033 0.7329 0.7681
25 0.1345 0.1605 0.8234 0.2945 0.7832 0.2558 0.5141 0.7832 0.7702 0.7423
26 0.1133 0.1427 0.8350 0.2554 0.7927 0.2280 0.5027 0.7916 0.7310 0.7548
27 0.1062 0.1302 0.8432 0.2358 0.8056 0.2304 0.5066 0.7931 0.7374 0.7566
28 0.0951 0.1239 0.8541 0.2184 0.8162 0.1953 0.4887 0.8232 0.6841 0.7910
29 0.0861 0.1142 0.8619 0.1996 0.8235 0.2027 0.4909 0.8193 0.6938 0.7901
30 0.0856 0.1111 0.8661 0.1961 0.8292 0.2076 0.4886 0.8203 0.6965 0.7898
31 0.0858 0.1135 0.8637 0.1986 0.8279 0.2116 0.4914 0.8193 0.7032 0.7871
32 0.0859 0.1109 0.8660 0.1961 0.8303 0.2299 0.4968 0.8116 0.7271 0.7794
33 0.0828 0.1096 0.8614 0.1917 0.8250 0.2390 0.4949 0.8052 0.7343 0.7652
34 0.0880 0.1083 0.8588 0.1956 0.8198 0.2227 0.4870 0.8013 0.7100 0.7665
35 0.1013 0.1160 0.8477 0.2166 0.8078 0.2332 0.4868 0.7864 0.7205 0.7445
36 0.0990 0.1106 0.8438 0.2088 0.8048 0.2559 0.4883 0.8045 0.7449 0.7731
37 0.0926 0.1069 0.8469 0.1986 0.8107 0.2358 0.4887 0.8109 0.7251 0.7812
38 0.0742 0.0901 0.8693 0.1633 0.8345 0.2609 0.4872 0.8088 0.7491 0.7752
39 0.0716 0.0869 0.8722 0.1574 0.8403 0.2061 0.4784 0.8290 0.6848 0.7934
40 0.0669 0.0864 0.8722 0.1521 0.8390 0.2080 0.4784 0.8247 0.6870 0.7902
41 0.0668 0.0833 0.8769 0.1487 0.8424 0.2298 0.4795 0.8238 0.7100 0.7940
42 0.0657 0.0817 0.8760 0.1461 0.8434 0.2468 0.4830 0.8120 0.7306 0.7763
43 0.0700 0.0842 0.8771 0.1526 0.8418 0.2311 0.4835 0.8145 0.7154 0.7864
44 0.0766 0.0860 0.8604 0.1610 0.8248 0.2969 0.4922 0.7973 0.7905 0.7646
45 0.0887 0.0947 0.8586 0.1819 0.8213 0.2976 0.4900 0.7806 0.7888 0.7404
46 0.0785 0.0874 0.8599 0.1645 0.8251 0.2693 0.4833 0.8101 0.7536 0.7738
47 0.0733 0.0819 0.8691 0.1540 0.8332 0.2311 0.4734 0.8110 0.7056 0.7743
48 0.0644 0.0741 0.8708 0.1374 0.8377 0.2520 0.4758 0.8182 0.7290 0.7879
49 0.0595 0.0682 0.8806 0.1264 0.8491 0.2393 0.4744 0.8216 0.7150 0.7902
50 0.0554 0.0669 0.8809 0.1210 0.8491 0.2393 0.4729 0.8212 0.7133 0.7905
51 0.0542 0.0659 0.8888 0.1187 0.8572 0.2549 0.4735 0.8241 0.7298 0.7941
52 0.0567 0.0647 0.8861 0.1201 0.8543 0.2508 0.4723 0.8257 0.7246 0.7951
53 0.0579 0.0665 0.8800 0.1231 0.8475 0.2432 0.4707 0.8212 0.7155 0.7896
54 0.0675 0.0718 0.8708 0.1382 0.8371 0.2840 0.4749 0.7962 0.7607 0.7622
55 0.0900 0.0885 0.8480 0.1777 0.8089 0.2443 0.4851 0.8047 0.7311 0.7713
56 0.0898 0.0874 0.8478 0.1767 0.8099 0.2871 0.4846 0.8093 0.7734 0.7733
57 0.0922 0.0891 0.8497 0.1808 0.8125 0.2388 0.4757 0.8162 0.7154 0.7805
58 0.0678 0.0726 0.8681 0.1397 0.8354 0.2149 0.4644 0.8364 0.6806 0.8046
59 0.0581 0.0647 0.8797 0.1220 0.8462 0.2180 0.4666 0.8353 0.6859 0.8069
60 0.0544 0.0621 0.8836 0.1157 0.8529 0.2207 0.4652 0.8346 0.6874 0.8075
61 0.0562 0.0626 0.8795 0.1181 0.8482 0.2172 0.4559 0.8395 0.6744 0.8129
62 0.0552 0.0594 0.8787 0.1137 0.8478 0.2122 0.4569 0.8208 0.6701 0.7894
63 0.0589 0.0640 0.8786 0.1221 0.8444 0.2349 0.4624 0.8273 0.6991 0.7948
64 0.0655 0.0656 0.8778 0.1306 0.8430 0.2387 0.4715 0.8131 0.7120 0.7808
65 0.0678 0.0698 0.8583 0.1372 0.8219 0.2835 0.4897 0.7942 0.7752 0.7647
66 0.0788 0.0763 0.8594 0.1550 0.8226 0.2885 0.4894 0.7965 0.7798 0.7650
67 0.0621 0.0633 0.8725 0.1253 0.8393 0.3269 0.4704 0.8089 0.8004 0.7759
68 0.0559 0.0566 0.8784 0.1123 0.8478 0.2624 0.4649 0.8287 0.7298 0.8012
69 0.0526 0.0551 0.8832 0.1075 0.8519 0.2530 0.4650 0.8280 0.7203 0.7996
70 0.0468 0.0509 0.8872 0.0974 0.8581 0.2501 0.4658 0.8280 0.7180 0.7991
71 0.0466 0.0500 0.8888 0.0964 0.8594 0.2646 0.4595 0.8262 0.7267 0.7971
72 0.0449 0.0490 0.8865 0.0937 0.8579 0.2295 0.4526 0.8326 0.6839 0.8040
73 0.0476 0.0492 0.8908 0.0966 0.8601 0.2466 0.4606 0.8320 0.7094 0.8010
74 0.0546 0.0554 0.8821 0.1098 0.8505 0.2956 0.4639 0.8170 0.7622 0.7829
75 0.0642 0.0603 0.8763 0.1246 0.8421 0.2524 0.4726 0.8150 0.7267 0.7807
76 0.0685 0.0657 0.8569 0.1343 0.8244 0.3150 0.4822 0.8034 0.8001 0.7696
77 0.0595 0.0562 0.8738 0.1158 0.8434 0.2930 0.4620 0.8210 0.7577 0.7896
78 0.0507 0.0511 0.8837 0.1019 0.8512 0.2718 0.4592 0.8261 0.7336 0.7980
79 0.0454 0.0470 0.8881 0.0926 0.8600 0.2774 0.4579 0.8242 0.7382 0.7948
80 0.0426 0.0455 0.8907 0.0882 0.8579 0.2647 0.4579 0.8247 0.7250 0.7927
81 0.0462 0.0466 0.8904 0.0929 0.8604 0.2669 0.4578 0.8280 0.7276 0.7975
82 0.0431 0.0445 0.8929 0.0877 0.8607 0.2717 0.4536 0.8306 0.7282 0.7993
83 0.0430 0.0448 0.8919 0.0879 0.8620 0.2841 0.4545 0.8287 0.7420 0.7962
84 0.0610 0.0592 0.8811 0.1206 0.8488 0.2884 0.4666 0.8201 0.7578 0.7872
85 0.0760 0.0664 0.8674 0.1428 0.8322 0.2936 0.4741 0.8121 0.7706 0.7882
86 0.0689 0.0622 0.8605 0.1317 0.8266 0.2335 0.4588 0.8256 0.6945 0.7955
87 0.0521 0.0521 0.8765 0.1047 0.8427 0.2962 0.4531 0.8177 0.7523 0.7837
88 0.0469 0.0458 0.8882 0.0932 0.8563 0.2977 0.4486 0.8274 0.7493 0.7952
89 0.0412 0.0418 0.8944 0.0834 0.8649 0.2783 0.4552 0.8302 0.7365 0.7990
90 0.0406 0.0414 0.8936 0.0825 0.8621 0.2776 0.4561 0.8310 0.7366 0.7999
91 0.0415 0.0419 0.8939 0.0839 0.8648 0.2718 0.4446 0.8332 0.7193 0.8049
92 0.0399 0.0410 0.8927 0.0814 0.8621 0.2990 0.4501 0.8312 0.7526 0.8016
93 0.0417 0.0415 0.8938 0.0837 0.8636 0.2871 0.4462 0.8331 0.7367 0.8075
94 0.0405 0.0398 0.8920 0.0808 0.8628 0.2903 0.4565 0.8318 0.7501 0.8004
95 0.0424 0.0406 0.8919 0.0836 0.8625 0.3925 0.4744 0.7886 0.8717 0.7504
96 0.0516 0.0481 0.8817 0.1003 0.8480 0.3021 0.4550 0.8247 0.7603 0.7926
97 0.0504 0.0462 0.8918 0.0974 0.8593 0.3255 0.4558 0.8209 0.7850 0.7905
98 0.0427 0.0403 0.8954 0.0838 0.8645 0.2722 0.4518 0.8399 0.7270 0.8124
99 0.0387 0.0396 0.8990 0.0790 0.8682 0.2826 0.4512 0.8362 0.7372 0.8054
