epoch train_BCELoss train_SoftDiceLoss train_iou train_loss train_mAP val_BCELoss val_SoftDiceLoss val_iou val_loss val_mAP
0 0.4479 0.4956 0.5351 0.9383 0.4730 0.3364 0.5981 0.6903 0.9315 0.6294
1 0.2725 0.3289 0.7118 0.5984 0.6504 0.2733 0.5781 0.7235 0.8502 0.6791
2 0.2270 0.2804 0.7395 0.5060 0.6865 0.2550 0.5619 0.7410 0.8164 0.6927
3 0.2004 0.2478 0.7645 0.4472 0.7140 0.2961 0.5420 0.7526 0.8380 0.7050
4 0.1745 0.2205 0.7859 0.3944 0.7388 0.2974 0.5343 0.7225 0.8315 0.6705
5 0.1628 0.2028 0.7956 0.3652 0.7500 0.2217 0.5426 0.7622 0.7643 0.7162
6 0.1490 0.1836 0.8022 0.3321 0.7571 0.2509 0.5314 0.7661 0.7824 0.7316
7 0.1334 0.1637 0.8098 0.2968 0.7683 0.2932 0.5329 0.7524 0.8263 0.7040
8 0.1236 0.1533 0.8179 0.2768 0.7761 0.2219 0.5147 0.7744 0.7369 0.7335
9 0.1081 0.1334 0.8325 0.2414 0.7942 0.1699 0.4917 0.8067 0.6619 0.7680
10 0.1113 0.1320 0.8337 0.2432 0.7947 0.2524 0.5034 0.7937 0.7562 0.7513
11 0.1055 0.1242 0.8299 0.2298 0.7924 0.2031 0.4858 0.7919 0.6892 0.7530
12 0.0997 0.1160 0.8392 0.2159 0.8038 0.2705 0.5043 0.7804 0.7755 0.7407
13 0.0934 0.1072 0.8408 0.2008 0.8049 0.2198 0.4949 0.7914 0.7153 0.7518
14 0.0900 0.1029 0.8454 0.1931 0.8116 0.2271 0.4922 0.7912 0.7200 0.7482
15 0.0760 0.0877 0.8590 0.1641 0.8274 0.2242 0.4878 0.8056 0.7129 0.7722
16 0.0705 0.0828 0.8591 0.1538 0.8266 0.2149 0.4795 0.8091 0.6952 0.7737
17 0.0706 0.0803 0.8644 0.1514 0.8347 0.2639 0.4983 0.7807 0.7631 0.7434
18 0.0669 0.0738 0.8701 0.1412 0.8384 0.2353 0.4852 0.7976 0.7214 0.7622
19 0.0571 0.0669 0.8697 0.1246 0.8413 0.2314 0.4847 0.8037 0.7170 0.7703
20 0.0637 0.0686 0.8670 0.1329 0.8381 0.2613 0.4818 0.8028 0.7441 0.7689
21 0.0571 0.0633 0.8724 0.1210 0.8444 0.2811 0.4684 0.8070 0.7505 0.7758
22 0.0617 0.0636 0.8747 0.1260 0.8471 0.2898 0.4960 0.7813 0.7869 0.7465
23 0.0693 0.0721 0.8593 0.1421 0.8298 0.2856 0.4754 0.7912 0.7621 0.7559
24 0.0655 0.0648 0.8643 0.1311 0.8353 0.2573 0.4699 0.7817 0.7282 0.7408
25 0.0630 0.0626 0.8694 0.1264 0.8395 0.2637 0.4803 0.7998 0.7453 0.7648
26 0.0554 0.0563 0.8723 0.1125 0.8432 0.3433 0.4718 0.7646 0.8165 0.7180
27 0.0688 0.0655 0.8676 0.1351 0.8358 0.3714 0.4934 0.7678 0.8662 0.7249
28 0.0536 0.0544 0.8732 0.1088 0.8446 0.2323 0.4636 0.8255 0.6970 0.7953
29 0.0487 0.0494 0.8862 0.0991 0.8613 0.2871 0.4670 0.8132 0.7555 0.7842
30 0.0558 0.0552 0.8801 0.1120 0.8523 0.2438 0.4538 0.7950 0.6987 0.7566
31 0.0487 0.0490 0.8813 0.0987 0.8543 0.2629 0.4663 0.8193 0.7306 0.7907
32 0.0439 0.0446 0.8879 0.0895 0.8632 0.2898 0.4673 0.8161 0.7587 0.7867
33 0.0392 0.0402 0.8975 0.0805 0.8744 0.2645 0.4604 0.8146 0.7265 0.7843
34 0.0402 0.0404 0.8991 0.0817 0.8755 0.2525 0.4462 0.8171 0.7003 0.7820
35 0.0467 0.0435 0.8909 0.0913 0.8650 0.2065 0.4554 0.8347 0.6634 0.8060
36 0.0430 0.0428 0.8947 0.0869 0.8685 0.3023 0.4649 0.8069 0.7688 0.7735
37 0.0432 0.0423 0.8868 0.0866 0.8622 0.2391 0.4549 0.8233 0.6956 0.7921
38 0.0424 0.0408 0.8944 0.0845 0.8707 0.2381 0.4564 0.8127 0.6959 0.7723
39 0.0456 0.0441 0.8903 0.0908 0.8639 0.3369 0.4744 0.7758 0.8131 0.7256
40 0.0409 0.0400 0.8925 0.0822 0.8664 0.2076 0.4471 0.8263 0.6562 0.7896
41 0.0342 0.0349 0.9031 0.0705 0.8803 0.2170 0.4423 0.8251 0.6608 0.7877
42 0.0318 0.0330 0.9058 0.0661 0.8836 0.2123 0.4408 0.8293 0.6547 0.7930
43 0.0303 0.0316 0.9078 0.0633 0.8872 0.2150 0.4400 0.8300 0.6565 0.7951
44 0.0310 0.0316 0.9081 0.0640 0.8877 0.2180 0.4408 0.8316 0.6604 0.7965
45 0.0292 0.0305 0.9099 0.0611 0.8890 0.2296 0.4392 0.8284 0.6705 0.7949
46 0.0294 0.0306 0.9114 0.0615 0.8914 0.2198 0.4389 0.8323 0.6604 0.7977
47 0.0283 0.0301 0.9091 0.0598 0.8894 0.2256 0.4392 0.8334 0.6665 0.8002
48 0.0295 0.0299 0.9109 0.0609 0.8908 0.2253 0.4386 0.8357 0.6656 0.8038
49 0.0274 0.0295 0.9124 0.0584 0.8929 0.2143 0.4369 0.8309 0.6528 0.7974
50 0.0276 0.0299 0.9129 0.0590 0.8941 0.2320 0.4391 0.8307 0.6728 0.7989
51 0.0264 0.0282 0.9152 0.0561 0.8966 0.2216 0.4370 0.8325 0.6603 0.8001
52 0.0269 0.0281 0.9143 0.0565 0.8953 0.2298 0.4378 0.8340 0.6694 0.8010
53 0.0263 0.0281 0.9155 0.0560 0.8968 0.2275 0.4378 0.8322 0.6670 0.7985
54 0.0258 0.0273 0.9170 0.0546 0.8990 0.2315 0.4363 0.8328 0.6695 0.8010
55 0.0254 0.0271 0.9176 0.0541 0.8996 0.2332 0.4365 0.8341 0.6715 0.8016
56 0.0253 0.0266 0.9178 0.0534 0.8998 0.2344 0.4375 0.8358 0.6737 0.8040
57 0.0250 0.0264 0.9203 0.0530 0.9028 0.2389 0.4361 0.8317 0.6768 0.7973
58 0.0252 0.0266 0.9204 0.0534 0.9031 0.2344 0.4362 0.8322 0.6724 0.8004
59 0.0242 0.0261 0.9202 0.0519 0.9031 0.2387 0.4343 0.8331 0.6748 0.8007
60 0.0241 0.0254 0.9220 0.0512 0.9051 0.2424 0.4357 0.8342 0.6800 0.8029
61 0.0237 0.0251 0.9223 0.0504 0.9052 0.2401 0.4348 0.8324 0.6767 0.7992
62 0.0239 0.0261 0.9188 0.0516 0.9025 0.2364 0.4344 0.8342 0.6725 0.8010
63 0.0231 0.0249 0.9223 0.0497 0.9059 0.2378 0.4346 0.8348 0.6741 0.8015
64 0.0234 0.0245 0.9226 0.0496 0.9063 0.2424 0.4355 0.8351 0.6796 0.8010
65 0.0230 0.0246 0.9251 0.0493 0.9091 0.2501 0.4351 0.8349 0.6870 0.8022
66 0.0233 0.0250 0.9230 0.0499 0.9063 0.2494 0.4343 0.8338 0.6856 0.7992
67 0.0231 0.0253 0.9246 0.0500 0.9091 0.2508 0.4345 0.8323 0.6872 0.7980
68 0.0228 0.0238 0.9263 0.0484 0.9103 0.2529 0.4337 0.8336 0.6885 0.7994
69 0.0224 0.0240 0.9253 0.0481 0.9101 0.2503 0.4343 0.8312 0.6864 0.7971
70 0.0228 0.0246 0.9250 0.0491 0.9093 0.2510 0.4355 0.8323 0.6884 0.7988
71 0.0225 0.0239 0.9250 0.0481 0.9100 0.2345 0.4331 0.8307 0.6694 0.7953
72 0.0213 0.0229 0.9277 0.0459 0.9127 0.2446 0.4322 0.8305 0.6788 0.7953
73 0.0218 0.0234 0.9266 0.0470 0.9117 0.2503 0.4329 0.8298 0.6852 0.7939
74 0.0218 0.0234 0.9271 0.0470 0.9118 0.2561 0.4342 0.8334 0.6923 0.7981
75 0.0216 0.0231 0.9262 0.0465 0.9108 0.2457 0.4322 0.8324 0.6798 0.7977
76 0.0207 0.0224 0.9301 0.0449 0.9157 0.2438 0.4326 0.8314 0.6783 0.7963
77 0.0208 0.0225 0.9283 0.0452 0.9143 0.2608 0.4334 0.8291 0.6963 0.7945
78 0.0207 0.0221 0.9304 0.0446 0.9162 0.2503 0.4335 0.8274 0.6857 0.7922
79 0.0208 0.0224 0.9285 0.0450 0.9140 0.2496 0.4307 0.8302 0.6822 0.7944
80 0.0198 0.0215 0.9300 0.0432 0.9166 0.2585 0.4320 0.8270 0.6924 0.7921
81 0.0201 0.0218 0.9301 0.0438 0.9163 0.2516 0.4325 0.8278 0.6860 0.7916
82 0.0200 0.0216 0.9305 0.0434 0.9175 0.2540 0.4325 0.8277 0.6884 0.7922
83 0.0196 0.0213 0.9326 0.0429 0.9188 0.2584 0.4314 0.8291 0.6918 0.7944
84 0.0197 0.0216 0.9296 0.0432 0.9152 0.2569 0.4321 0.8309 0.6909 0.7960
85 0.0195 0.0209 0.9327 0.0423 0.9195 0.2597 0.4315 0.8288 0.6932 0.7941
86 0.0198 0.0216 0.9303 0.0433 0.9173 0.2580 0.4301 0.8302 0.6900 0.7944
87 0.0197 0.0220 0.9311 0.0436 0.9175 0.2578 0.4314 0.8290 0.6912 0.7950
88 0.0200 0.0219 0.9313 0.0438 0.9187 0.2561 0.4309 0.8291 0.6890 0.7948
89 0.0197 0.0216 0.9322 0.0432 0.9186 0.2591 0.4303 0.8287 0.6914 0.7923
90 0.0195 0.0212 0.9330 0.0426 0.9191 0.2556 0.4327 0.8275 0.6903 0.7920
91 0.0195 0.0212 0.9303 0.0426 0.9173 0.2671 0.4311 0.8261 0.7003 0.7892
92 0.0199 0.0213 0.9329 0.0431 0.9195 0.2555 0.4309 0.8298 0.6883 0.7937
93 0.0198 0.0213 0.9310 0.0431 0.9178 0.2565 0.4330 0.8296 0.6914 0.7939
94 0.0198 0.0211 0.9312 0.0428 0.9177 0.2587 0.4316 0.8297 0.6923 0.7936
95 0.0196 0.0215 0.9318 0.0430 0.9187 0.2622 0.4313 0.8280 0.6956 0.7914
96 0.0193 0.0209 0.9321 0.0422 0.9187 0.2571 0.4311 0.8332 0.6901 0.7974
97 0.0194 0.0209 0.9335 0.0422 0.9203 0.2615 0.4310 0.8307 0.6945 0.7946
98 0.0194 0.0212 0.9323 0.0425 0.9186 0.2563 0.4320 0.8306 0.6903 0.7950
99 0.0193 0.0207 0.9342 0.0421 0.9209 0.2614 0.4320 0.8278 0.6954 0.7926
