epoch train_BCELoss train_SoftDiceLoss train_iou train_loss train_mAP val_BCELoss val_SoftDiceLoss val_iou val_loss val_mAP
0 0.6958 0.6686 0.0684 1.3634 0.0613 0.6887 0.7194 0.1645 1.4070 0.1467
1 0.5412 0.5635 0.5554 1.1026 0.5018 0.4300 0.6259 0.6531 1.0533 0.5757
2 0.3601 0.4095 0.6980 0.7665 0.6330 0.3151 0.5843 0.7252 0.8977 0.6648
3 0.2923 0.3471 0.7450 0.6379 0.6865 0.2756 0.5788 0.7492 0.8535 0.6913
4 0.2562 0.3111 0.7607 0.5665 0.7109 0.2633 0.5506 0.7612 0.8135 0.7133
5 0.2269 0.2801 0.7751 0.5063 0.7290 0.2425 0.5473 0.7717 0.7896 0.7212
6 0.1982 0.2469 0.7959 0.4446 0.7559 0.2319 0.5401 0.7724 0.7719 0.7306
7 0.1845 0.2319 0.8052 0.4160 0.7609 0.2206 0.5224 0.7885 0.7430 0.7446
8 0.1614 0.2075 0.8215 0.3686 0.7828 0.2196 0.5254 0.7875 0.7451 0.7478
9 0.1527 0.1958 0.8310 0.3481 0.7943 0.1861 0.5128 0.8151 0.6990 0.7733
10 0.1429 0.1907 0.8354 0.3334 0.7995 0.1898 0.5147 0.8097 0.7046 0.7682
11 0.1428 0.1868 0.8305 0.3294 0.7943 0.2040 0.5147 0.8054 0.7189 0.7682
12 0.1432 0.1841 0.8330 0.3270 0.7973 0.1928 0.5095 0.8097 0.7026 0.7667
13 0.1487 0.1851 0.8249 0.3336 0.7870 0.2174 0.5157 0.7916 0.7333 0.7512
14 0.1415 0.1745 0.8248 0.3158 0.7856 0.1872 0.5109 0.7984 0.6983 0.7648
15 0.1491 0.1736 0.8153 0.3226 0.7760 0.2096 0.5135 0.7897 0.7234 0.7493
16 0.1357 0.1560 0.8294 0.2917 0.7928 0.2665 0.5292 0.7638 0.7963 0.7285
17 0.1224 0.1430 0.8401 0.2655 0.8040 0.1795 0.4946 0.8156 0.6745 0.7815
18 0.1066 0.1293 0.8461 0.2361 0.8127 0.1771 0.4838 0.8202 0.6615 0.7850
19 0.0998 0.1220 0.8536 0.2220 0.8186 0.1723 0.4804 0.8301 0.6532 0.7970
20 0.0954 0.1155 0.8585 0.2111 0.8262 0.1744 0.4802 0.8271 0.6551 0.7967
21 0.0946 0.1155 0.8596 0.2103 0.8265 0.1749 0.4792 0.8310 0.6547 0.7990
22 0.0997 0.1157 0.8633 0.2156 0.8305 0.2064 0.4805 0.8220 0.6876 0.7939
23 0.1025 0.1186 0.8492 0.2213 0.8162 0.1813 0.4785 0.8255 0.6604 0.7906
24 0.1116 0.1219 0.8447 0.2337 0.8093 0.1782 0.4800 0.8147 0.6589 0.7741
25 0.1149 0.1231 0.8401 0.2383 0.8036 0.2737 0.4941 0.7559 0.7686 0.7056
26 0.1028 0.1107 0.8425 0.2138 0.8091 0.2361 0.4833 0.8009 0.7204 0.7641
27 0.0995 0.1025 0.8597 0.2025 0.8249 0.1852 0.4664 0.8195 0.6524 0.7876
28 0.0837 0.0888 0.8664 0.1729 0.8359 0.1709 0.4614 0.8301 0.6332 0.7988
29 0.0760 0.0843 0.8696 0.1607 0.8391 0.1947 0.4639 0.8262 0.6595 0.7956
30 0.0731 0.0829 0.8752 0.1566 0.8471 0.1859 0.4647 0.8315 0.6516 0.8015
31 0.0764 0.0839 0.8724 0.1608 0.8423 0.1763 0.4616 0.8295 0.6388 0.7989
32 0.0761 0.0820 0.8717 0.1587 0.8426 0.1814 0.4538 0.8331 0.6362 0.8006
33 0.0898 0.0905 0.8611 0.1809 0.8305 0.1981 0.4684 0.8146 0.6675 0.7843
34 0.0838 0.0822 0.8667 0.1665 0.8356 0.1798 0.4669 0.8276 0.6477 0.7946
35 0.1060 0.1013 0.8466 0.2079 0.8122 0.1697 0.4670 0.8191 0.6376 0.7780
36 0.0934 0.0894 0.8545 0.1835 0.8232 0.2212 0.4663 0.8204 0.6887 0.7864
37 0.0893 0.0873 0.8637 0.1773 0.8329 0.1830 0.4605 0.8218 0.6444 0.7863
38 0.0767 0.0762 0.8691 0.1537 0.8390 0.1891 0.4392 0.8426 0.6294 0.8079
39 0.0667 0.0685 0.8770 0.1360 0.8485 0.1918 0.4408 0.8414 0.6338 0.8059
40 0.0630 0.0662 0.8802 0.1300 0.8519 0.1903 0.4398 0.8417 0.6313 0.8056
41 0.0660 0.0683 0.8788 0.1351 0.8509 0.1907 0.4434 0.8338 0.6353 0.7998
42 0.0652 0.0677 0.8782 0.1337 0.8492 0.2084 0.4484 0.8324 0.6581 0.7998
43 0.0639 0.0635 0.8813 0.1282 0.8512 0.2145 0.4523 0.8281 0.6681 0.7929
44 0.0820 0.0772 0.8701 0.1600 0.8392 0.2406 0.4706 0.8103 0.7125 0.7773
45 0.0851 0.0813 0.8548 0.1673 0.8226 0.2046 0.4552 0.8081 0.6611 0.7689
46 0.0834 0.0788 0.8627 0.1631 0.8304 0.1925 0.4507 0.8340 0.6444 0.7950
47 0.0753 0.0733 0.8713 0.1496 0.8403 0.1650 0.4539 0.8397 0.6201 0.8041
48 0.0665 0.0649 0.8768 0.1323 0.8476 0.2170 0.4513 0.8320 0.6698 0.7962
49 0.0575 0.0556 0.8820 0.1141 0.8556 0.2284 0.4401 0.8357 0.6700 0.8044
50 0.0559 0.0555 0.8870 0.1124 0.8593 0.2191 0.4388 0.8356 0.6593 0.8050
51 0.0579 0.0583 0.8841 0.1173 0.8535 0.1903 0.4384 0.8467 0.6301 0.8177
52 0.0567 0.0568 0.8778 0.1146 0.8501 0.2088 0.4556 0.8370 0.6658 0.8086
53 0.0618 0.0580 0.8798 0.1208 0.8505 0.2633 0.4534 0.8044 0.7183 0.7664
54 0.0712 0.0660 0.8721 0.1381 0.8420 0.2238 0.4593 0.8219 0.6848 0.7883
55 0.0799 0.0736 0.8668 0.1544 0.8342 0.2491 0.4625 0.8157 0.7130 0.7781
56 0.0834 0.0731 0.8639 0.1575 0.8336 0.2402 0.4602 0.8097 0.7019 0.7732
57 0.0647 0.0611 0.8830 0.1268 0.8540 0.2358 0.4313 0.8198 0.6685 0.7884
58 0.0627 0.0583 0.8805 0.1221 0.8512 0.1990 0.4349 0.8415 0.6355 0.8110
59 0.0516 0.0506 0.8891 0.1033 0.8616 0.1850 0.4291 0.8409 0.6156 0.8107
60 0.0517 0.0515 0.8918 0.1042 0.8639 0.1867 0.4292 0.8440 0.6175 0.8142
61 0.0488 0.0497 0.8913 0.0997 0.8635 0.1992 0.4340 0.8479 0.6349 0.8187
62 0.0504 0.0481 0.8909 0.0997 0.8647 0.2229 0.4350 0.8429 0.6597 0.8144
63 0.0591 0.0532 0.8832 0.1135 0.8557 0.2253 0.4284 0.8447 0.6555 0.8085
64 0.0657 0.0584 0.8788 0.1252 0.8481 0.2435 0.4289 0.8153 0.6740 0.7761
65 0.0711 0.0653 0.8691 0.1376 0.8384 0.2438 0.4376 0.8312 0.6830 0.8013
66 0.0787 0.0698 0.8676 0.1496 0.8365 0.2146 0.4739 0.8219 0.6900 0.7881
67 0.0690 0.0627 0.8764 0.1328 0.8482 0.1971 0.4418 0.8367 0.6406 0.8058
68 0.0547 0.0502 0.8876 0.1062 0.8594 0.2185 0.4182 0.8467 0.6385 0.8204
69 0.0478 0.0456 0.8940 0.0946 0.8680 0.2158 0.4115 0.8493 0.6290 0.8220
70 0.0469 0.0440 0.8976 0.0922 0.8698 0.2123 0.4108 0.8494 0.6248 0.8206
71 0.0458 0.0437 0.8943 0.0907 0.8684 0.2359 0.4117 0.8432 0.6495 0.8109
72 0.0482 0.0453 0.8910 0.0947 0.8635 0.2203 0.4240 0.8375 0.6461 0.8063
73 0.0499 0.0467 0.8891 0.0978 0.8611 0.2277 0.4215 0.8362 0.6509 0.8045
74 0.0591 0.0541 0.8847 0.1144 0.8532 0.2524 0.4539 0.8222 0.7080 0.7856
75 0.0700 0.0626 0.8729 0.1339 0.8427 0.2219 0.4609 0.8218 0.6843 0.7897
76 0.0641 0.0585 0.8781 0.1238 0.8478 0.2607 0.4278 0.8341 0.6903 0.8056
77 0.0621 0.0550 0.8832 0.1184 0.8549 0.1993 0.4442 0.8498 0.6452 0.8211
78 0.0525 0.0496 0.8901 0.1034 0.8622 0.2400 0.4130 0.8479 0.6549 0.8175
79 0.0450 0.0422 0.8990 0.0885 0.8716 0.2273 0.4199 0.8481 0.6491 0.8212
80 0.0432 0.0412 0.8988 0.0857 0.8725 0.2325 0.4155 0.8506 0.6499 0.8237
81 0.0435 0.0417 0.8986 0.0865 0.8723 0.2524 0.4076 0.8492 0.6619 0.8212
82 0.0454 0.0431 0.8952 0.0898 0.8667 0.2293 0.4168 0.8502 0.6480 0.8211
83 0.0467 0.0442 0.8916 0.0923 0.8657 0.2165 0.4177 0.8429 0.6360 0.8126
84 0.0583 0.0502 0.8866 0.1097 0.8563 0.2340 0.4449 0.8302 0.6807 0.7940
85 0.0865 0.0762 0.8606 0.1638 0.8295 0.2582 0.4557 0.8091 0.7154 0.7699
86 0.0780 0.0666 0.8721 0.1459 0.8400 0.2281 0.4251 0.8345 0.6548 0.8046
87 0.0688 0.0573 0.8814 0.1275 0.8530 0.2704 0.4446 0.8129 0.7167 0.7772
88 0.0543 0.0505 0.8891 0.1062 0.8606 0.2129 0.4190 0.8481 0.6337 0.8166
89 0.0468 0.0436 0.8928 0.0918 0.8646 0.2124 0.4260 0.8500 0.6402 0.8189
90 0.0416 0.0404 0.8996 0.0834 0.8720 0.2062 0.4282 0.8506 0.6362 0.8198
91 0.0468 0.0427 0.8942 0.0910 0.8662 0.2189 0.4225 0.8457 0.6432 0.8172
92 0.0441 0.0406 0.8930 0.0861 0.8658 0.2108 0.4185 0.8536 0.6312 0.8240
93 0.0485 0.0448 0.8920 0.0947 0.8630 0.2053 0.4300 0.8400 0.6370 0.8002
94 0.0499 0.0447 0.8955 0.0959 0.8674 0.2736 0.4246 0.8324 0.7002 0.7979
95 0.0610 0.0553 0.8823 0.1177 0.8531 0.3083 0.4396 0.8257 0.7500 0.7942
96 0.0614 0.0537 0.8837 0.1164 0.8547 0.2837 0.4229 0.8437 0.7085 0.8114
97 0.0482 0.0450 0.8928 0.0946 0.8638 0.2221 0.4320 0.8482 0.6560 0.8201
98 0.0479 0.0429 0.8912 0.0923 0.8636 0.1962 0.4392 0.8507 0.6372 0.8232
99 0.0403 0.0379 0.9023 0.0797 0.8760 0.2151 0.4189 0.8532 0.6359 0.8243
100 0.0372 0.0349 0.9061 0.0736 0.8803 0.2072 0.4269 0.8532 0.6360 0.8228
101 0.0375 0.0350 0.9062 0.0741 0.8812 0.2131 0.4269 0.8501 0.6419 0.8218
102 0.0381 0.0349 0.9090 0.0746 0.8849 0.2233 0.4268 0.8547 0.6520 0.8257
103 0.0433 0.0384 0.9005 0.0832 0.8744 0.2967 0.4309 0.8369 0.7297 0.8011
104 0.0497 0.0430 0.8944 0.0942 0.8694 0.2464 0.4210 0.8344 0.6693 0.8010
105 0.0645 0.0522 0.8888 0.1181 0.8607 0.2424 0.4461 0.8153 0.6902 0.7798
106 0.0695 0.0606 0.8761 0.1315 0.8462 0.2204 0.4595 0.8235 0.6817 0.7907
107 0.0538 0.0478 0.8917 0.1031 0.8655 0.2267 0.4017 0.8426 0.6302 0.8104
108 0.0437 0.0399 0.9039 0.0852 0.8786 0.1992 0.4064 0.8542 0.6074 0.8246
109 0.0408 0.0374 0.9034 0.0797 0.8782 0.2268 0.4043 0.8482 0.6330 0.8193
110 0.0382 0.0348 0.9084 0.0745 0.8860 0.2288 0.4034 0.8494 0.6341 0.8195
111 0.0388 0.0348 0.9072 0.0752 0.8822 0.2183 0.4074 0.8490 0.6276 0.8205
112 0.0397 0.0366 0.9050 0.0778 0.8789 0.2740 0.4365 0.8433 0.7125 0.8108
113 0.0421 0.0385 0.9043 0.0821 0.8790 0.2534 0.4303 0.8495 0.6856 0.8214
114 0.0521 0.0436 0.8985 0.0972 0.8713 0.2282 0.4342 0.8409 0.6641 0.8093
115 0.0718 0.0631 0.8811 0.1363 0.8513 0.2834 0.4305 0.8198 0.7157 0.7917
116 0.0693 0.0602 0.8784 0.1309 0.8509 0.2027 0.4220 0.8407 0.6266 0.8122
117 0.0541 0.0484 0.8947 0.1039 0.8678 0.2157 0.4366 0.8403 0.6542 0.8118
118 0.0468 0.0418 0.8980 0.0902 0.8740 0.2319 0.4171 0.8399 0.6509 0.8106
119 0.0369 0.0352 0.9009 0.0736 0.8763 0.2543 0.4123 0.8440 0.6686 0.8146
120 0.0356 0.0331 0.9116 0.0703 0.8883 0.2525 0.4183 0.8442 0.6728 0.8165
121 0.0361 0.0335 0.9087 0.0712 0.8856 0.2567 0.4106 0.8518 0.6694 0.8248
122 0.0359 0.0326 0.9095 0.0701 0.8866 0.2814 0.4136 0.8415 0.6971 0.8103
123 0.0442 0.0389 0.9069 0.0846 0.8821 0.2398 0.4324 0.8420 0.6740 0.8087
124 0.0410 0.0378 0.9011 0.0803 0.8776 0.2441 0.4485 0.8379 0.6944 0.8106
125 0.0480 0.0421 0.8932 0.0916 0.8672 0.2574 0.4240 0.8251 0.6832 0.7969
126 0.0577 0.0482 0.8883 0.1073 0.8614 0.2696 0.4321 0.8370 0.7036 0.8031
127 0.0529 0.0467 0.8881 0.1011 0.8624 0.2426 0.4234 0.8367 0.6679 0.8042
128 0.0428 0.0390 0.9019 0.0833 0.8782 0.2482 0.4313 0.8447 0.6814 0.8134
129 0.0365 0.0347 0.9068 0.0727 0.8831 0.2352 0.4251 0.8528 0.6621 0.8225
130 0.0358 0.0331 0.9096 0.0705 0.8857 0.2381 0.4202 0.8535 0.6603 0.8220
131 0.0342 0.0316 0.9069 0.0673 0.8832 0.2483 0.4191 0.8544 0.6693 0.8218
132 0.0359 0.0328 0.9080 0.0702 0.8848 0.2616 0.4182 0.8441 0.6817 0.8136
133 0.0384 0.0347 0.9082 0.0746 0.8835 0.2457 0.4064 0.8503 0.6540 0.8199
134 0.0369 0.0341 0.9107 0.0726 0.8860 0.2948 0.4451 0.8401 0.7417 0.8069
135 0.0494 0.0413 0.8984 0.0921 0.8728 0.3147 0.4279 0.8211 0.7443 0.7866
136 0.0503 0.0447 0.8949 0.0966 0.8685 0.3416 0.4149 0.8305 0.7585 0.8003
137 0.0444 0.0387 0.8970 0.0847 0.8722 0.3076 0.4152 0.8369 0.7249 0.8083
138 0.0387 0.0361 0.9029 0.0764 0.8782 0.2912 0.4218 0.8390 0.7151 0.8114
139 0.0353 0.0318 0.9058 0.0688 0.8831 0.2913 0.4209 0.8436 0.7144 0.8125
140 0.0317 0.0300 0.9132 0.0633 0.8878 0.2982 0.4135 0.8450 0.7139 0.8148
141 0.0337 0.0318 0.9092 0.0672 0.8848 0.2586 0.4145 0.8459 0.6752 0.8164
142 0.0404 0.0345 0.9075 0.0766 0.8817 0.3296 0.4192 0.8378 0.7510 0.8094
143 0.0404 0.0364 0.9070 0.0784 0.8837 0.2819 0.4118 0.8278 0.6958 0.7969
144 0.0376 0.0344 0.9050 0.0736 0.8804 0.3151 0.4304 0.8399 0.7475 0.8099
145 0.0474 0.0428 0.8930 0.0918 0.8647 0.2868 0.4476 0.8338 0.7363 0.8018
146 0.0425 0.0375 0.8990 0.0816 0.8737 0.2321 0.4324 0.8554 0.6663 0.8250
147 0.0359 0.0343 0.9089 0.0718 0.8843 0.2587 0.3963 0.8542 0.6571 0.8239
148 0.0332 0.0313 0.9166 0.0662 0.8933 0.2585 0.4120 0.8493 0.6727 0.8144
149 0.0325 0.0299 0.9152 0.0641 0.8926 0.2569 0.3900 0.8554 0.6491 0.8252
150 0.0306 0.0281 0.9170 0.0604 0.8928 0.2514 0.3890 0.8568 0.6425 0.8268
151 0.0330 0.0305 0.9152 0.0651 0.8929 0.2505 0.4107 0.8519 0.6633 0.8202
152 0.0312 0.0288 0.9135 0.0617 0.8918 0.3147 0.3992 0.8470 0.7162 0.8151
153 0.0369 0.0328 0.9129 0.0714 0.8890 0.2794 0.4259 0.8453 0.7074 0.8119
154 0.0379 0.0329 0.9070 0.0724 0.8841 0.2568 0.4252 0.8407 0.6839 0.8064
155 0.0469 0.0402 0.8942 0.0887 0.8660 0.3335 0.4279 0.8236 0.7633 0.7893
156 0.0541 0.0461 0.8925 0.1017 0.8660 0.3676 0.4421 0.8206 0.8117 0.7898
157 0.0519 0.0458 0.8989 0.0993 0.8735 0.3067 0.4314 0.8289 0.7399 0.7950
158 0.0372 0.0341 0.9060 0.0729 0.8821 0.2943 0.4268 0.8465 0.7231 0.8169
159 0.0346 0.0323 0.9123 0.0685 0.8894 0.2713 0.4388 0.8471 0.7120 0.8179
160 0.0329 0.0304 0.9118 0.0650 0.8897 0.2869 0.4255 0.8508 0.7145 0.8230
161 0.0300 0.0283 0.9132 0.0600 0.8910 0.2847 0.4212 0.8524 0.7081 0.8227
162 0.0346 0.0315 0.9093 0.0678 0.8867 0.2972 0.4136 0.8459 0.7130 0.8163
163 0.0327 0.0293 0.9094 0.0637 0.8868 0.2272 0.4296 0.8476 0.6588 0.8154
164 0.0377 0.0343 0.9090 0.0737 0.8843 0.2339 0.4202 0.8494 0.6562 0.8208
165 0.0625 0.0532 0.8816 0.1172 0.8533 0.2798 0.4280 0.8210 0.7096 0.7866
166 0.0564 0.0487 0.8867 0.1066 0.8589 0.2460 0.4386 0.8351 0.6864 0.7981
167 0.0487 0.0426 0.8956 0.0928 0.8684 0.2112 0.4139 0.8506 0.6271 0.8194
168 0.0399 0.0372 0.9061 0.0787 0.8815 0.2835 0.3991 0.8468 0.6847 0.8163
169 0.0342 0.0315 0.9095 0.0674 0.8866 0.2262 0.4135 0.8571 0.6418 0.8304
170 0.0314 0.0299 0.9129 0.0630 0.8910 0.2288 0.4110 0.8511 0.6420 0.8227
171 0.0318 0.0295 0.9134 0.0631 0.8900 0.2697 0.4132 0.8496 0.6851 0.8249
172 0.0324 0.0298 0.9145 0.0639 0.8915 0.2767 0.4012 0.8421 0.6801 0.8110
173 0.0359 0.0326 0.9099 0.0701 0.8862 0.2336 0.4324 0.8458 0.6679 0.8152
174 0.0352 0.0329 0.9095 0.0697 0.8846 0.2423 0.4243 0.8517 0.6686 0.8240
175 0.0480 0.0409 0.8961 0.0903 0.8696 0.3045 0.4484 0.8330 0.7546 0.8052
176 0.0408 0.0369 0.9047 0.0792 0.8793 0.2675 0.4197 0.8460 0.6893 0.8190
177 0.0364 0.0328 0.9098 0.0708 0.8870 0.2372 0.4112 0.8550 0.6506 0.8252
178 0.0317 0.0291 0.9124 0.0625 0.8900 0.2771 0.4255 0.8479 0.7047 0.8238
179 0.0294 0.0279 0.9132 0.0590 0.8896 0.2421 0.4076 0.8642 0.6519 0.8377
180 0.0294 0.0272 0.9154 0.0583 0.8937 0.2506 0.3998 0.8638 0.6526 0.8364
181 0.0287 0.0261 0.9178 0.0566 0.8958 0.2877 0.4113 0.8525 0.7012 0.8271
182 0.0299 0.0279 0.9149 0.0596 0.8913 0.3202 0.4163 0.8465 0.7387 0.8206
183 0.0340 0.0307 0.9169 0.0664 0.8936 0.2467 0.4382 0.8472 0.6868 0.8176
184 0.0418 0.0369 0.9060 0.0804 0.8823 0.2757 0.4356 0.8338 0.7134 0.8015
185 0.0439 0.0416 0.8947 0.0870 0.8696 0.2413 0.4489 0.8459 0.6921 0.8152
186 0.0463 0.0413 0.8956 0.0891 0.8695 0.2801 0.4416 0.8317 0.7236 0.8013
187 0.0371 0.0337 0.9070 0.0725 0.8824 0.2570 0.4306 0.8412 0.6896 0.8110
188 0.0326 0.0298 0.9137 0.0640 0.8914 0.3123 0.4338 0.8421 0.7481 0.8122
189 0.0313 0.0292 0.9143 0.0621 0.8919 0.2389 0.4363 0.8469 0.6772 0.8181
190 0.0279 0.0273 0.9178 0.0569 0.8964 0.2521 0.4327 0.8467 0.6868 0.8163
191 0.0297 0.0277 0.9178 0.0591 0.8952 0.3017 0.4355 0.8492 0.7393 0.8214
192 0.0273 0.0259 0.9170 0.0550 0.8961 0.2997 0.4251 0.8499 0.7270 0.8196
193 0.0334 0.0284 0.9191 0.0635 0.8963 0.4908 0.4252 0.8054 0.9182 0.7700
194 0.0622 0.0506 0.8843 0.1144 0.8572 0.2843 0.4585 0.8172 0.7446 0.7848
195 0.0610 0.0515 0.8897 0.1140 0.8623 0.2689 0.4463 0.8110 0.7170 0.7759
196 0.0486 0.0445 0.8950 0.0946 0.8696 0.2505 0.4313 0.8194 0.6836 0.7847
197 0.0360 0.0341 0.9073 0.0717 0.8838 0.3338 0.4329 0.8419 0.7687 0.8127
198 0.0337 0.0309 0.9141 0.0663 0.8913 0.2883 0.4345 0.8488 0.7248 0.8170
199 0.0305 0.0288 0.9135 0.0610 0.8915 0.2790 0.4351 0.8496 0.7161 0.8195
