epoch train_BCELoss train_SoftDiceLoss train_iou train_loss train_mAP val_BCELoss val_SoftDiceLoss val_iou val_loss val_mAP
0 0.6413 0.6757 0.4182 1.7152 0.4181 0.6123 0.7194 0.3549 1.6046 0.3549
1 0.4622 0.5538 0.5784 1.2868 0.5099 0.3879 0.6417 0.6770 1.0209 0.6164
2 0.3685 0.4702 0.6794 1.0102 0.6221 0.3489 0.6291 0.7038 0.9104 0.6605
3 0.3411 0.4430 0.7147 0.9270 0.6571 0.3100 0.6065 0.7408 0.8384 0.6980
4 0.3280 0.4300 0.7248 0.8977 0.6667 0.3095 0.6061 0.7564 0.8028 0.7141
5 0.3189 0.4257 0.7366 0.8532 0.6814 0.3017 0.6032 0.7594 0.7829 0.7186
6 0.3131 0.4188 0.7397 0.8507 0.6843 0.2904 0.5913 0.7712 0.7685 0.7287
7 0.3106 0.4143 0.7391 0.8611 0.6837 0.2847 0.5892 0.7666 0.7624 0.7247
8 0.2969 0.4014 0.7427 0.8308 0.6907 0.3023 0.5848 0.7488 0.8619 0.6872
9 0.2835 0.3805 0.7478 0.8102 0.6960 0.2910 0.5812 0.7604 0.8160 0.7038
10 0.2711 0.3700 0.7624 0.7699 0.7097 0.2694 0.5679 0.7717 0.7868 0.7228
11 0.2607 0.3577 0.7755 0.7339 0.7276 0.3235 0.6250 0.6758 0.9528 0.6019
12 0.2478 0.3454 0.7810 0.7063 0.7349 0.2424 0.5599 0.7975 0.6612 0.7617
13 0.2405 0.3371 0.7891 0.6760 0.7425 0.2330 0.5532 0.8078 0.6245 0.7742
14 0.2248 0.3223 0.8054 0.6245 0.7621 0.2109 0.5488 0.8120 0.5794 0.7791
15 0.2209 0.3206 0.8038 0.6208 0.7588 0.2110 0.5482 0.8163 0.5740 0.7827
16 0.2165 0.3128 0.8129 0.6089 0.7665 0.2118 0.5480 0.8286 0.5583 0.7961
17 0.2155 0.3078 0.8103 0.6102 0.7671 0.2091 0.5447 0.8130 0.5734 0.7809
18 0.2155 0.3064 0.8062 0.6234 0.7647 0.2182 0.5534 0.7895 0.6323 0.7612
19 0.2195 0.3069 0.8058 0.6338 0.7622 0.2367 0.5591 0.7737 0.7194 0.7396
20 0.2268 0.3182 0.7742 0.6964 0.7325 0.2388 0.5590 0.7980 0.6381 0.7618
21 0.2125 0.3019 0.7945 0.6412 0.7531 0.1938 0.5227 0.8128 0.5759 0.7802
22 0.2046 0.2917 0.8081 0.6042 0.7691 0.1985 0.5336 0.8060 0.5934 0.7777
23 0.2061 0.2907 0.8018 0.6184 0.7653 0.2027 0.5334 0.8049 0.5791 0.7806
24 0.1964 0.2833 0.8200 0.5646 0.7825 0.1878 0.5246 0.8201 0.5460 0.7956
25 0.1889 0.2781 0.8224 0.5498 0.7880 0.1962 0.5321 0.8195 0.5564 0.7946
26 0.1887 0.2747 0.8239 0.5512 0.7888 0.1867 0.5240 0.8203 0.5480 0.7953
27 0.1887 0.2727 0.8248 0.5463 0.7872 0.1839 0.5245 0.8260 0.5387 0.8003
28 0.1933 0.2761 0.8068 0.5976 0.7680 0.1838 0.5237 0.8263 0.5416 0.7972
29 0.1950 0.2738 0.8102 0.5976 0.7721 0.1934 0.5316 0.8163 0.5730 0.7896
30 0.1997 0.2798 0.8054 0.6101 0.7656 0.2177 0.5298 0.8040 0.6149 0.7720
31 0.1938 0.2758 0.8125 0.5894 0.7748 0.1786 0.5108 0.8132 0.5809 0.7871
32 0.1859 0.2660 0.8193 0.5561 0.7819 0.2210 0.5138 0.8164 0.6743 0.7895
33 0.1811 0.2581 0.8297 0.5371 0.7950 0.1994 0.5254 0.8130 0.5843 0.7910
34 0.1649 0.2395 0.8419 0.4905 0.8048 0.1759 0.5124 0.8245 0.5369 0.8023
35 0.1662 0.2428 0.8417 0.4884 0.8072 0.1812 0.5171 0.8232 0.5374 0.8011
36 0.1622 0.2374 0.8427 0.4870 0.8083 0.1713 0.5102 0.8276 0.5224 0.8047
37 0.1662 0.2368 0.8393 0.5036 0.8047 0.1679 0.5111 0.8212 0.5226 0.7959
38 0.1674 0.2435 0.8311 0.5178 0.7955 0.1792 0.5251 0.8165 0.5388 0.7906
39 0.1822 0.2559 0.8217 0.5622 0.7863 0.1740 0.5088 0.8330 0.5324 0.8070
40 0.1841 0.2578 0.8185 0.5703 0.7808 0.2206 0.5413 0.7999 0.6387 0.7714
41 0.1876 0.2629 0.8166 0.5762 0.7801 0.1979 0.5359 0.8112 0.5564 0.7916
42 0.1755 0.2493 0.8274 0.5305 0.7927 0.1842 0.5190 0.8257 0.5505 0.8007
43 0.1559 0.2302 0.8451 0.4767 0.8092 0.1655 0.5037 0.8398 0.5113 0.8184
44 0.1490 0.2164 0.8502 0.4618 0.8141 0.1636 0.5031 0.8322 0.5187 0.8109
45 0.1455 0.2172 0.8418 0.4562 0.8095 0.1616 0.5011 0.8344 0.5126 0.8125
46 0.1457 0.2156 0.8545 0.4412 0.8197 0.1652 0.4984 0.8370 0.5161 0.8148
47 0.1545 0.2248 0.8436 0.4765 0.8093 0.1670 0.5035 0.8313 0.5251 0.8046
48 0.1580 0.2288 0.8405 0.4882 0.8048 0.1650 0.5065 0.8288 0.5187 0.8090
49 0.1600 0.2308 0.8294 0.5176 0.7921 0.1740 0.5146 0.8099 0.5901 0.7882
50 0.1689 0.2329 0.8241 0.5398 0.7874 0.1737 0.5073 0.8093 0.5959 0.7778
51 0.1848 0.2590 0.8118 0.5744 0.7777 0.1789 0.5107 0.8262 0.5201 0.8001
52 0.1656 0.2377 0.8262 0.5227 0.7912 0.1764 0.5036 0.8259 0.5567 0.8041
53 0.1551 0.2249 0.8416 0.4856 0.8062 0.1604 0.5021 0.8365 0.5046 0.8147
54 0.1403 0.2060 0.8523 0.4452 0.8170 0.1552 0.4953 0.8492 0.4834 0.8243
55 0.1433 0.2099 0.8573 0.4397 0.8231 0.1487 0.4906 0.8520 0.4762 0.8287
56 0.1419 0.2099 0.8460 0.4518 0.8115 0.1616 0.4981 0.8430 0.5176 0.8184
57 0.1383 0.2010 0.8471 0.4482 0.8126 0.1852 0.4952 0.8353 0.5777 0.8106
58 0.1457 0.2116 0.8519 0.4548 0.8174 0.1582 0.5053 0.8412 0.4943 0.8202
59 0.1477 0.2104 0.8407 0.4756 0.8073 0.1788 0.4944 0.8392 0.5693 0.8106
60 0.1631 0.2257 0.8303 0.5271 0.7917 0.2474 0.5409 0.7840 0.7321 0.7472
61 0.1693 0.2346 0.8288 0.5323 0.7929 0.2063 0.5197 0.8185 0.6332 0.7942
62 0.1561 0.2227 0.8391 0.4888 0.8053 0.1628 0.5009 0.8438 0.4964 0.8221
63 0.1420 0.2079 0.8534 0.4483 0.8203 0.1631 0.4931 0.8459 0.5207 0.8243
64 0.1321 0.1936 0.8588 0.4205 0.8244 0.1545 0.4882 0.8482 0.4962 0.8267
65 0.1289 0.1923 0.8576 0.4130 0.8254 0.1561 0.4890 0.8523 0.4963 0.8300
66 0.1312 0.1920 0.8600 0.4142 0.8267 0.1842 0.4885 0.8440 0.5842 0.8203
67 0.1284 0.1876 0.8591 0.4197 0.8263 0.1607 0.4963 0.8420 0.5098 0.8210
68 0.1304 0.1932 0.8557 0.4264 0.8220 0.1628 0.4889 0.8486 0.5137 0.8273
69 0.1580 0.2201 0.8372 0.5046 0.8013 0.1669 0.5074 0.8362 0.5160 0.8093
70 0.1484 0.2111 0.8410 0.4772 0.8060 0.1623 0.5113 0.8323 0.5094 0.8109
71 0.1419 0.2051 0.8422 0.4654 0.8072 0.1584 0.4996 0.8419 0.4878 0.8186
72 0.1341 0.1947 0.8525 0.4356 0.8196 0.1717 0.5058 0.8351 0.5356 0.8126
73 0.1324 0.1930 0.8552 0.4250 0.8197 0.1445 0.4832 0.8505 0.4768 0.8252
74 0.1233 0.1817 0.8620 0.4075 0.8309 0.1480 0.4807 0.8505 0.4956 0.8266
75 0.1194 0.1747 0.8676 0.3865 0.8343 0.1484 0.4819 0.8511 0.4909 0.8262
76 0.1180 0.1746 0.8639 0.3940 0.8314 0.1545 0.4837 0.8478 0.5031 0.8272
77 0.1145 0.1702 0.8674 0.3778 0.8339 0.1363 0.4765 0.8542 0.4711 0.8289
78 0.1214 0.1760 0.8643 0.3969 0.8303 0.1349 0.4842 0.8544 0.4462 0.8307
79 0.1270 0.1790 0.8528 0.4307 0.8179 0.1796 0.4919 0.8325 0.5615 0.8044
80 0.1378 0.1925 0.8481 0.4531 0.8133 0.1730 0.5003 0.8218 0.5671 0.7906
81 0.1391 0.1976 0.8506 0.4536 0.8160 0.2075 0.5230 0.8139 0.6038 0.7897
82 0.1325 0.1902 0.8547 0.4308 0.8238 0.1343 0.4824 0.8421 0.4802 0.8202
83 0.1303 0.1911 0.8563 0.4226 0.8231 0.1354 0.4837 0.8504 0.4621 0.8289
84 0.1141 0.1676 0.8704 0.3754 0.8382 0.1367 0.4822 0.8451 0.4625 0.8211
85 0.1122 0.1670 0.8665 0.3739 0.8333 0.1409 0.4828 0.8450 0.4762 0.8238
86 0.1104 0.1660 0.8678 0.3770 0.8367 0.1488 0.4844 0.8425 0.5038 0.8210
87 0.1106 0.1637 0.8745 0.3666 0.8402 0.1463 0.4732 0.8461 0.5162 0.8240
88 0.1118 0.1630 0.8678 0.3850 0.8337 0.1472 0.4866 0.8501 0.4828 0.8283
89 0.1192 0.1700 0.8554 0.4148 0.8215 0.1848 0.4904 0.8344 0.5841 0.8145
90 0.1460 0.1979 0.8467 0.4708 0.8111 0.1572 0.4910 0.8372 0.5263 0.8096
91 0.1342 0.1933 0.8524 0.4386 0.8199 0.1555 0.4913 0.8316 0.5123 0.8079
92 0.1219 0.1773 0.8616 0.4058 0.8259 0.1460 0.4881 0.8428 0.5036 0.8192
93 0.1099 0.1579 0.8696 0.3760 0.8374 0.1375 0.4774 0.8468 0.4737 0.8243
94 0.1084 0.1600 0.8773 0.3594 0.8421 0.1343 0.4748 0.8456 0.4752 0.8253
95 0.1005 0.1540 0.8754 0.3426 0.8417 0.1324 0.4738 0.8507 0.4618 0.8286
96 0.1002 0.1449 0.8796 0.3426 0.8483 0.1435 0.4756 0.8470 0.4915 0.8249
97 0.1020 0.1496 0.8764 0.3548 0.8429 0.1378 0.4751 0.8445 0.4813 0.8238
98 0.1111 0.1601 0.8665 0.3853 0.8334 0.1522 0.4777 0.8377 0.5426 0.8150
99 0.1116 0.1617 0.8678 0.3812 0.8326 0.1571 0.4789 0.8457 0.5285 0.8233
100 0.1167 0.1599 0.8589 0.4073 0.8249 0.1410 0.4820 0.8478 0.4917 0.8262
101 0.1171 0.1678 0.8653 0.3981 0.8319 0.1481 0.4780 0.8453 0.5240 0.8196
102 0.1090 0.1590 0.8661 0.3840 0.8322 0.1394 0.4842 0.8490 0.4804 0.8260
103 0.1040 0.1541 0.8728 0.3641 0.8413 0.1378 0.4717 0.8575 0.4810 0.8362
104 0.0919 0.1370 0.8818 0.3257 0.8502 0.1570 0.4686 0.8611 0.5170 0.8378
105 0.0895 0.1312 0.8828 0.3242 0.8506 0.1527 0.4692 0.8632 0.5072 0.8417
106 0.0880 0.1322 0.8835 0.3186 0.8500 0.1609 0.4695 0.8566 0.5369 0.8355
107 0.0944 0.1398 0.8752 0.3432 0.8418 0.1567 0.4667 0.8536 0.5297 0.8326
108 0.0929 0.1346 0.8814 0.3344 0.8498 0.1595 0.4800 0.8495 0.5292 0.8259
109 0.1101 0.1589 0.8669 0.3815 0.8308 0.1769 0.4827 0.8406 0.5967 0.8217
110 0.1267 0.1790 0.8560 0.4255 0.8198 0.1719 0.4923 0.8281 0.5888 0.8049
111 0.1260 0.1812 0.8518 0.4364 0.8173 0.1508 0.4858 0.8340 0.5038 0.7975
112 0.1301 0.1839 0.8615 0.4190 0.8256 0.1397 0.4735 0.8470 0.4917 0.8220
113 0.1163 0.1669 0.8661 0.3902 0.8325 0.1499 0.4791 0.8510 0.4951 0.8292
114 0.1059 0.1555 0.8740 0.3561 0.8405 0.1310 0.4707 0.8577 0.4625 0.8368
115 0.0974 0.1462 0.8794 0.3326 0.8472 0.1331 0.4683 0.8557 0.4723 0.8348
116 0.0920 0.1399 0.8846 0.3274 0.8539 0.1477 0.4640 0.8536 0.5164 0.8302
117 0.0893 0.1306 0.8870 0.3165 0.8531 0.1517 0.4601 0.8600 0.5139 0.8347
118 0.0934 0.1337 0.8784 0.3380 0.8453 0.1793 0.4690 0.8529 0.5698 0.8277
119 0.0997 0.1438 0.8746 0.3546 0.8426 0.2148 0.4806 0.8469 0.6593 0.8231
120 0.1172 0.1627 0.8606 0.4135 0.8264 0.1438 0.4826 0.8427 0.4934 0.8175
121 0.1062 0.1537 0.8689 0.3681 0.8368 0.1870 0.4787 0.8335 0.6290 0.8153
122 0.0961 0.1410 0.8777 0.3469 0.8438 0.1964 0.4710 0.8321 0.6543 0.8115
123 0.0933 0.1373 0.8780 0.3380 0.8448 0.1616 0.4751 0.8395 0.5794 0.8185
124 0.0823 0.1214 0.8916 0.3011 0.8593 0.1542 0.4592 0.8512 0.5402 0.8290
125 0.0770 0.1136 0.8902 0.3034 0.8572 0.1646 0.4566 0.8517 0.5702 0.8283
126 0.0776 0.1150 0.8906 0.2947 0.8590 0.1504 0.4603 0.8561 0.5160 0.8345
127 0.0820 0.1210 0.8896 0.3000 0.8570 0.1578 0.4585 0.8542 0.5462 0.8295
128 0.0839 0.1217 0.8855 0.3122 0.8524 0.1415 0.4643 0.8544 0.5068 0.8319
129 0.0896 0.1297 0.8762 0.3417 0.8426 0.1714 0.4660 0.8427 0.5868 0.8231
130 0.0994 0.1402 0.8730 0.3621 0.8391 0.1811 0.4741 0.8343 0.6108 0.8105
131 0.0961 0.1409 0.8747 0.3484 0.8411 0.1519 0.4667 0.8474 0.5310 0.8230
132 0.0936 0.1350 0.8809 0.3354 0.8462 0.1611 0.4710 0.8460 0.5411 0.8235
133 0.0834 0.1213 0.8911 0.3027 0.8582 0.1376 0.4600 0.8602 0.5003 0.8391
134 0.0754 0.1135 0.8937 0.2842 0.8587 0.1494 0.4549 0.8581 0.5313 0.8373
135 0.0718 0.1057 0.8937 0.2732 0.8603 0.1518 0.4567 0.8588 0.5323 0.8381
136 0.0695 0.1047 0.8941 0.2762 0.8611 0.1546 0.4583 0.8527 0.5474 0.8319
137 0.0716 0.1051 0.8936 0.2831 0.8615 0.1438 0.4570 0.8540 0.5299 0.8324
138 0.0759 0.1087 0.8925 0.2892 0.8590 0.1434 0.4570 0.8603 0.5150 0.8366
139 0.0856 0.1220 0.8846 0.3228 0.8507 0.1542 0.4581 0.8522 0.5725 0.8319
140 0.1069 0.1502 0.8732 0.3742 0.8383 0.1834 0.4735 0.8364 0.6291 0.8142
141 0.1019 0.1482 0.8649 0.3752 0.8299 0.1547 0.4749 0.8380 0.5684 0.8189
142 0.0994 0.1403 0.8783 0.3522 0.8471 0.1429 0.4704 0.8492 0.5118 0.8250
143 0.0893 0.1319 0.8805 0.3275 0.8487 0.1546 0.4579 0.8558 0.5420 0.8353
144 0.0736 0.1093 0.8964 0.2783 0.8645 0.1542 0.4571 0.8553 0.5435 0.8321
145 0.0711 0.1060 0.8996 0.2663 0.8694 0.1600 0.4551 0.8574 0.5611 0.8355
146 0.0724 0.1065 0.8962 0.2762 0.8649 0.1641 0.4548 0.8550 0.5778 0.8354
147 0.0679 0.1002 0.8932 0.2788 0.8622 0.1516 0.4548 0.8531 0.5489 0.8304
148 0.0810 0.1188 0.8885 0.3001 0.8552 0.1472 0.4514 0.8626 0.5355 0.8393
149 0.0887 0.1241 0.8850 0.3277 0.8499 0.1505 0.4684 0.8452 0.5429 0.8219
150 0.1056 0.1512 0.8694 0.3742 0.8369 0.1433 0.4728 0.8487 0.5069 0.8261
151 0.0982 0.1376 0.8743 0.3520 0.8407 0.1467 0.4699 0.8521 0.5187 0.8316
152 0.0819 0.1173 0.8894 0.3035 0.8592 0.1542 0.4657 0.8437 0.5685 0.8228
153 0.0735 0.1077 0.8915 0.2862 0.8614 0.1527 0.4574 0.8537 0.5352 0.8311
154 0.0695 0.1017 0.8950 0.2750 0.8640 0.1493 0.4555 0.8564 0.5300 0.8327
155 0.0644 0.0971 0.8979 0.2646 0.8650 0.1497 0.4567 0.8601 0.5249 0.8352
156 0.0664 0.0958 0.8995 0.2602 0.8657 0.1497 0.4521 0.8541 0.5364 0.8330
157 0.0643 0.0947 0.8981 0.2645 0.8643 0.1387 0.4520 0.8595 0.5114 0.8356
158 0.0640 0.0936 0.8957 0.2697 0.8657 0.1420 0.4637 0.8575 0.4939 0.8334
159 0.0747 0.1049 0.8856 0.3001 0.8517 0.1515 0.4610 0.8498 0.5506 0.8266
160 0.0870 0.1229 0.8801 0.3298 0.8464 0.1957 0.4753 0.8273 0.6864 0.8078
161 0.0832 0.1210 0.8840 0.3201 0.8505 0.1507 0.4636 0.8558 0.5329 0.8271
162 0.0761 0.1080 0.8926 0.2904 0.8608 0.1405 0.4548 0.8566 0.5109 0.8321
163 0.0671 0.1011 0.8971 0.2729 0.8661 0.1606 0.4517 0.8546 0.5669 0.8311
164 0.0606 0.0895 0.9013 0.2539 0.8728 0.1406 0.4523 0.8662 0.5092 0.8419
165 0.0602 0.0886 0.9041 0.2435 0.8750 0.1410 0.4512 0.8653 0.5118 0.8410
166 0.0579 0.0856 0.9058 0.2429 0.8724 0.1644 0.4506 0.8564 0.5742 0.8291
167 0.0637 0.0942 0.9023 0.2568 0.8711 0.1544 0.4518 0.8632 0.5263 0.8364
168 0.0653 0.0935 0.9012 0.2579 0.8695 0.1525 0.4594 0.8519 0.5410 0.8304
169 0.0714 0.1024 0.8927 0.2859 0.8597 0.1555 0.4568 0.8598 0.5511 0.8390
170 0.0892 0.1242 0.8781 0.3515 0.8428 0.2689 0.4926 0.8186 0.8703 0.7849
171 0.0894 0.1297 0.8765 0.3399 0.8414 0.1532 0.4716 0.8475 0.5365 0.8246
172 0.0802 0.1201 0.8864 0.3029 0.8522 0.1472 0.4561 0.8548 0.5521 0.8359
173 0.0682 0.0984 0.8990 0.2692 0.8662 0.1646 0.4553 0.8541 0.6013 0.8358
174 0.0640 0.0908 0.8968 0.2647 0.8659 0.1691 0.4543 0.8540 0.5941 0.8330
175 0.0612 0.0882 0.9001 0.2522 0.8703 0.1650 0.4543 0.8545 0.5809 0.8342
176 0.0601 0.0884 0.9075 0.2390 0.8770 0.1437 0.4509 0.8614 0.5237 0.8397
177 0.0572 0.0852 0.9046 0.2405 0.8711 0.1624 0.4548 0.8601 0.5747 0.8381
178 0.0604 0.0921 0.8994 0.2550 0.8689 0.1839 0.4554 0.8532 0.6220 0.8318
179 0.0843 0.1170 0.8849 0.3198 0.8511 0.1960 0.4676 0.8446 0.6445 0.8204
180 0.0879 0.1231 0.8787 0.3361 0.8459 0.1477 0.4715 0.8518 0.5142 0.8262
181 0.0790 0.1146 0.8847 0.3111 0.8505 0.2141 0.4683 0.8367 0.6922 0.8161
182 0.0694 0.1024 0.8951 0.2782 0.8627 0.1531 0.4476 0.8574 0.5688 0.8345
183 0.0622 0.0902 0.9006 0.2565 0.8692 0.1575 0.4483 0.8563 0.5615 0.8315
184 0.0607 0.0879 0.9017 0.2552 0.8714 0.1528 0.4506 0.8548 0.5509 0.8315
185 0.0534 0.0816 0.9044 0.2301 0.8746 0.1468 0.4481 0.8611 0.5352 0.8377
186 0.0530 0.0785 0.9040 0.2321 0.8714 0.1518 0.4454 0.8652 0.5429 0.8397
187 0.0561 0.0826 0.9054 0.2367 0.8734 0.1612 0.4482 0.8592 0.5814 0.8343
188 0.0573 0.0832 0.9003 0.2500 0.8681 0.1847 0.4564 0.8533 0.6139 0.8298
189 0.0731 0.1039 0.8834 0.3034 0.8474 0.2031 0.4539 0.8391 0.7083 0.8169
190 0.0793 0.1131 0.8842 0.3145 0.8486 0.1485 0.4705 0.8560 0.5058 0.8325
191 0.0727 0.1070 0.8875 0.2889 0.8544 0.1740 0.4646 0.8465 0.6025 0.8247
192 0.0600 0.0889 0.9005 0.2546 0.8667 0.1729 0.4516 0.8576 0.5913 0.8327
193 0.0565 0.0811 0.9058 0.2414 0.8742 0.1715 0.4473 0.8576 0.5953 0.8337
194 0.0522 0.0766 0.9082 0.2248 0.8751 0.1642 0.4476 0.8629 0.5667 0.8403
195 0.0497 0.0740 0.9120 0.2200 0.8817 0.1774 0.4461 0.8608 0.6021 0.8376
196 0.0528 0.0772 0.9065 0.2336 0.8749 0.1757 0.4502 0.8625 0.5945 0.8369
197 0.0588 0.0840 0.9043 0.2439 0.8724 0.1536 0.4456 0.8657 0.5602 0.8425
198 0.0557 0.0829 0.9026 0.2434 0.8709 0.1997 0.4543 0.8510 0.6411 0.8266
199 0.0662 0.0921 0.8989 0.2679 0.8661 0.1888 0.4604 0.8479 0.6221 0.8248
200 0.0648 0.0941 0.8954 0.2755 0.8637 0.2092 0.4503 0.8583 0.6860 0.8345
201 0.0697 0.0995 0.8943 0.2845 0.8633 0.1780 0.4640 0.8483 0.6277 0.8244
202 0.0661 0.0946 0.8915 0.2815 0.8595 0.1443 0.4565 0.8612 0.5049 0.8371
203 0.0573 0.0840 0.9029 0.2450 0.8722 0.1589 0.4554 0.8564 0.5593 0.8336
204 0.0546 0.0785 0.9096 0.2310 0.8787 0.1747 0.4463 0.8603 0.5918 0.8405
205 0.0514 0.0774 0.9065 0.2284 0.8753 0.1726 0.4443 0.8606 0.5830 0.8394
206 0.0489 0.0724 0.9070 0.2229 0.8767 0.1756 0.4424 0.8603 0.5994 0.8395
207 0.0561 0.0804 0.9031 0.2431 0.8724 0.2109 0.4558 0.8467 0.6918 0.8269
208 0.0545 0.0779 0.9028 0.2377 0.8712 0.1937 0.4510 0.8576 0.6396 0.8326
209 0.0632 0.0934 0.8946 0.2749 0.8642 0.2012 0.4530 0.8580 0.6818 0.8358
210 0.0769 0.1101 0.8887 0.3057 0.8556 0.2162 0.4635 0.8461 0.6900 0.8166
211 0.0706 0.1033 0.8958 0.2779 0.8626 0.1829 0.4632 0.8399 0.6295 0.8200
212 0.0608 0.0875 0.8983 0.2570 0.8645 0.1662 0.4582 0.8518 0.5912 0.8291
213 0.0543 0.0795 0.8991 0.2434 0.8675 0.1710 0.4527 0.8558 0.6071 0.8304
214 0.0501 0.0722 0.9078 0.2241 0.8765 0.2011 0.4507 0.8527 0.6730 0.8301
215 0.0495 0.0720 0.9083 0.2224 0.8763 0.1972 0.4495 0.8546 0.6617 0.8325
216 0.0482 0.0706 0.9123 0.2153 0.8804 0.1756 0.4481 0.8507 0.6153 0.8259
217 0.0462 0.0668 0.9082 0.2165 0.8768 0.1740 0.4463 0.8526 0.6203 0.8272
218 0.0505 0.0731 0.9080 0.2273 0.8787 0.1986 0.4457 0.8492 0.6733 0.8275
219 0.0600 0.0863 0.9004 0.2567 0.8672 0.1657 0.4546 0.8517 0.5881 0.8279
220 0.0757 0.1068 0.8887 0.3019 0.8542 0.1789 0.4735 0.8255 0.6234 0.8023
221 0.0794 0.1143 0.8842 0.3147 0.8501 0.1631 0.4607 0.8433 0.6030 0.8148
222 0.0626 0.0933 0.8942 0.2651 0.8597 0.1606 0.4526 0.8595 0.5845 0.8333
223 0.0535 0.0772 0.9101 0.2289 0.8791 0.1629 0.4410 0.8565 0.5845 0.8285
224 0.0507 0.0739 0.9052 0.2318 0.8749 0.1639 0.4406 0.8596 0.5812 0.8345
225 0.0487 0.0715 0.9097 0.2197 0.8786 0.1669 0.4408 0.8608 0.5898 0.8364
226 0.0451 0.0675 0.9094 0.2158 0.8794 0.1856 0.4430 0.8570 0.6355 0.8343
227 0.0457 0.0662 0.9120 0.2094 0.8804 0.1831 0.4495 0.8616 0.6230 0.8386
228 0.0452 0.0650 0.9097 0.2135 0.8761 0.1716 0.4483 0.8565 0.5997 0.8323
229 0.0596 0.0859 0.8971 0.2568 0.8640 0.1696 0.4545 0.8595 0.5950 0.8335
230 0.0660 0.0952 0.8898 0.2853 0.8565 0.1706 0.4750 0.8454 0.5867 0.8126
231 0.0794 0.1112 0.8888 0.3116 0.8537 0.1511 0.4578 0.8488 0.5534 0.8246
232 0.0648 0.0925 0.8985 0.2633 0.8654 0.1646 0.4585 0.8485 0.5724 0.8246
233 0.0604 0.0881 0.9095 0.2367 0.8799 0.1824 0.4452 0.8552 0.6330 0.8347
234 0.0481 0.0700 0.9118 0.2139 0.8803 0.1992 0.4468 0.8525 0.6653 0.8318
235 0.0475 0.0694 0.9102 0.2127 0.8792 0.1998 0.4469 0.8538 0.6674 0.8300
236 0.0465 0.0694 0.9143 0.2081 0.8855 0.1952 0.4466 0.8591 0.6554 0.8364
237 0.0440 0.0632 0.9158 0.2028 0.8863 0.2210 0.4396 0.8509 0.7309 0.8304
238 0.0503 0.0739 0.9056 0.2309 0.8743 0.2000 0.4538 0.8477 0.6834 0.8249
239 0.0521 0.0757 0.9003 0.2441 0.8685 0.2077 0.4517 0.8472 0.6994 0.8228
240 0.0682 0.0937 0.8959 0.2771 0.8644 0.1476 0.4610 0.8496 0.5266 0.8246
241 0.0750 0.1094 0.8905 0.2932 0.8568 0.1814 0.4535 0.8491 0.6376 0.8276
242 0.0525 0.0759 0.9082 0.2305 0.8789 0.2096 0.4521 0.8467 0.6672 0.8258
243 0.0499 0.0718 0.9086 0.2197 0.8773 0.1584 0.4443 0.8548 0.5665 0.8309
244 0.0530 0.0734 0.9084 0.2316 0.8781 0.1597 0.4412 0.8548 0.5683 0.8327
245 0.0493 0.0715 0.9102 0.2193 0.8787 0.1633 0.4426 0.8535 0.5764 0.8318
246 0.0473 0.0678 0.9115 0.2140 0.8825 0.1889 0.4394 0.8545 0.6389 0.8325
247 0.0477 0.0683 0.9109 0.2175 0.8814 0.1733 0.4420 0.8595 0.6105 0.8365
248 0.0450 0.0644 0.9126 0.2114 0.8827 0.2117 0.4451 0.8588 0.7028 0.8348
249 0.0596 0.0857 0.8963 0.2585 0.8638 0.1921 0.4676 0.8425 0.6350 0.8151
