epoch train_BCELoss train_SoftDiceLoss train_iou train_loss train_mAP val_BCELoss val_SoftDiceLoss val_iou val_loss val_mAP
0 0.7148 0.6670 0.0016 1.3809 0.0003 0.7128 0.7149 0.3002 1.4274 0.3002
1 0.6662 0.6456 0.2067 1.3104 0.1905 0.6113 0.6896 0.4501 1.2995 0.3242
2 0.4749 0.5001 0.5853 0.9703 0.5056 0.3640 0.6144 0.6674 0.9739 0.6050
3 0.3536 0.4036 0.6890 0.7526 0.6230 0.3720 0.5890 0.6904 0.9583 0.6242
4 0.3049 0.3600 0.7139 0.6619 0.6519 0.3180 0.5737 0.7184 0.8901 0.6612
5 0.2661 0.3202 0.7247 0.5840 0.6655 0.3114 0.5906 0.6891 0.9009 0.6348
6 0.2277 0.2873 0.7557 0.5130 0.7002 0.2758 0.5497 0.7651 0.8246 0.7186
7 0.2039 0.2608 0.7743 0.4628 0.7235 0.2394 0.5504 0.7690 0.7889 0.7287
8 0.1805 0.2394 0.8000 0.4180 0.7505 0.2522 0.5452 0.7711 0.7966 0.7390
9 0.1688 0.2256 0.8051 0.3925 0.7602 0.2447 0.5387 0.7779 0.7827 0.7417
10 0.1679 0.2238 0.8155 0.3898 0.7667 0.2423 0.5409 0.7792 0.7825 0.7448
11 0.1617 0.2183 0.8146 0.3782 0.7672 0.2416 0.5358 0.7790 0.7766 0.7417
12 0.1585 0.2127 0.8185 0.3693 0.7723 0.2320 0.5332 0.7837 0.7646 0.7468
13 0.1581 0.2101 0.8102 0.3664 0.7619 0.2622 0.5387 0.7631 0.8003 0.7200
14 0.1550 0.2028 0.8087 0.3562 0.7603 0.2626 0.5409 0.7502 0.8031 0.7122
15 0.1562 0.1996 0.7971 0.3543 0.7499 0.2096 0.5224 0.7904 0.7314 0.7528
16 0.1420 0.1839 0.8048 0.3244 0.7593 0.2225 0.5208 0.7841 0.7429 0.7432
17 0.1311 0.1639 0.8245 0.2936 0.7803 0.1994 0.5048 0.8108 0.7039 0.7747
18 0.1127 0.1495 0.8391 0.2609 0.7964 0.2091 0.5095 0.7991 0.7183 0.7624
19 0.1057 0.1413 0.8412 0.2456 0.8009 0.2077 0.5049 0.8082 0.7122 0.7633
20 0.0973 0.1350 0.8549 0.2308 0.8190 0.2055 0.5068 0.8061 0.7119 0.7734
21 0.0969 0.1337 0.8463 0.2291 0.8085 0.2109 0.5047 0.8021 0.7153 0.7675
22 0.0973 0.1320 0.8516 0.2279 0.8135 0.2260 0.5109 0.8002 0.7369 0.7667
23 0.0968 0.1299 0.8482 0.2253 0.8070 0.2627 0.5176 0.7608 0.7801 0.7103
24 0.1154 0.1410 0.8226 0.2551 0.7778 0.2338 0.4991 0.7847 0.7328 0.7406
25 0.1099 0.1335 0.8208 0.2422 0.7793 0.2370 0.5043 0.7822 0.7414 0.7423
26 0.1096 0.1280 0.8292 0.2365 0.7876 0.2365 0.5038 0.7846 0.7407 0.7518
27 0.0949 0.1154 0.8409 0.2093 0.8022 0.2219 0.5012 0.7981 0.7233 0.7627
28 0.0816 0.1048 0.8569 0.1852 0.8204 0.2532 0.5007 0.7958 0.7543 0.7642
29 0.0764 0.0981 0.8621 0.1734 0.8280 0.2231 0.4914 0.8117 0.7148 0.7826
30 0.0724 0.0952 0.8675 0.1663 0.8340 0.2201 0.4901 0.8135 0.7105 0.7828
31 0.0753 0.0980 0.8653 0.1720 0.8295 0.2136 0.4900 0.8127 0.7038 0.7797
32 0.0712 0.0914 0.8711 0.1614 0.8373 0.2309 0.4893 0.8065 0.7206 0.7751
33 0.0673 0.0865 0.8703 0.1526 0.8370 0.2179 0.4846 0.8157 0.7029 0.7804
34 0.0765 0.0915 0.8594 0.1669 0.8220 0.2874 0.4967 0.7939 0.7851 0.7644
35 0.0844 0.0944 0.8483 0.1778 0.8107 0.2572 0.4882 0.7791 0.7462 0.7326
36 0.0910 0.0996 0.8416 0.1898 0.8028 0.2985 0.4935 0.7992 0.7934 0.7733
37 0.0777 0.0882 0.8563 0.1650 0.8193 0.2592 0.4952 0.7987 0.7554 0.7696
38 0.0653 0.0784 0.8682 0.1427 0.8337 0.2149 0.4825 0.8188 0.6979 0.7892
39 0.0631 0.0734 0.8710 0.1356 0.8397 0.2531 0.4851 0.8089 0.7393 0.7821
40 0.0571 0.0697 0.8779 0.1257 0.8455 0.2462 0.4831 0.8114 0.7303 0.7823
41 0.0548 0.0692 0.8782 0.1230 0.8458 0.2694 0.4811 0.8116 0.7517 0.7796
42 0.0576 0.0698 0.8798 0.1263 0.8481 0.2860 0.4855 0.8049 0.7729 0.7739
43 0.0582 0.0684 0.8752 0.1255 0.8417 0.2756 0.4801 0.8146 0.7569 0.7814
44 0.0621 0.0715 0.8679 0.1327 0.8331 0.2623 0.4786 0.7921 0.7421 0.7538
45 0.0733 0.0765 0.8535 0.1490 0.8163 0.2904 0.4918 0.7856 0.7839 0.7499
46 0.0881 0.0885 0.8468 0.1760 0.8069 0.3009 0.4970 0.7853 0.7995 0.7452
47 0.0676 0.0727 0.8664 0.1397 0.8294 0.2445 0.4782 0.8059 0.7238 0.7711
48 0.0558 0.0639 0.8735 0.1189 0.8408 0.2535 0.4745 0.8086 0.7294 0.7778
49 0.0492 0.0563 0.8806 0.1048 0.8512 0.2706 0.4738 0.8135 0.7459 0.7819
50 0.0477 0.0545 0.8842 0.1015 0.8546 0.2770 0.4732 0.8128 0.7519 0.7823
51 0.0469 0.0538 0.8866 0.1000 0.8563 0.2511 0.4718 0.8157 0.7244 0.7801
52 0.0498 0.0555 0.8849 0.1046 0.8538 0.2706 0.4692 0.8156 0.7416 0.7837
53 0.0573 0.0624 0.8707 0.1190 0.8370 0.2930 0.4744 0.8061 0.7689 0.7710
54 0.0635 0.0661 0.8636 0.1291 0.8290 0.2412 0.4887 0.8043 0.7312 0.7738
55 0.0572 0.0593 0.8708 0.1160 0.8383 0.2747 0.4656 0.8128 0.7420 0.7778
56 0.0638 0.0657 0.8691 0.1292 0.8329 0.2991 0.4787 0.7979 0.7797 0.7565
57 0.0554 0.0580 0.8755 0.1132 0.8422 0.3253 0.4701 0.8115 0.7977 0.7782
58 0.0461 0.0501 0.8871 0.0959 0.8559 0.2791 0.4596 0.8220 0.7408 0.7884
59 0.0413 0.0465 0.8899 0.0875 0.8603 0.2895 0.4593 0.8192 0.7509 0.7859
60 0.0420 0.0471 0.8937 0.0888 0.8651 0.2870 0.4575 0.8227 0.7467 0.7896
61 0.0400 0.0442 0.8934 0.0839 0.8647 0.3004 0.4590 0.8189 0.7616 0.7894
62 0.0392 0.0447 0.8954 0.0836 0.8662 0.2891 0.4559 0.8248 0.7472 0.7934
63 0.0389 0.0434 0.8939 0.0821 0.8640 0.3091 0.4605 0.8221 0.7723 0.7903
64 0.0396 0.0429 0.8942 0.0824 0.8660 0.3086 0.4570 0.8177 0.7683 0.7824
65 0.0420 0.0443 0.8942 0.0862 0.8640 0.2710 0.4537 0.8225 0.7268 0.7857
66 0.0434 0.0445 0.8878 0.0879 0.8572 0.2837 0.4591 0.8250 0.7452 0.7925
67 0.0440 0.0451 0.8910 0.0892 0.8614 0.2957 0.4576 0.8173 0.7560 0.7859
68 0.0371 0.0397 0.8977 0.0768 0.8704 0.2932 0.4516 0.8205 0.7475 0.7874
69 0.0344 0.0369 0.9019 0.0714 0.8747 0.2856 0.4524 0.8203 0.7406 0.7862
70 0.0343 0.0375 0.9045 0.0719 0.8779 0.2852 0.4508 0.8222 0.7386 0.7854
71 0.0325 0.0359 0.9036 0.0686 0.8776 0.2948 0.4505 0.8218 0.7480 0.7877
72 0.0327 0.0363 0.9051 0.0692 0.8797 0.2877 0.4544 0.8232 0.7447 0.7898
73 0.0347 0.0369 0.9018 0.0718 0.8733 0.2688 0.4518 0.8257 0.7232 0.7942
74 0.0348 0.0374 0.9047 0.0724 0.8762 0.2948 0.4493 0.8198 0.7471 0.7839
75 0.0352 0.0366 0.9009 0.0721 0.8726 0.3122 0.4479 0.8221 0.7633 0.7864
76 0.0331 0.0356 0.9037 0.0689 0.8761 0.2989 0.4498 0.8242 0.7517 0.7894
77 0.0339 0.0355 0.9038 0.0698 0.8770 0.3041 0.4577 0.8192 0.7654 0.7888
78 0.0322 0.0333 0.9065 0.0660 0.8806 0.2832 0.4460 0.8281 0.7324 0.7929
79 0.0308 0.0328 0.9063 0.0641 0.8808 0.3102 0.4490 0.8252 0.7629 0.7941
80 0.0301 0.0321 0.9076 0.0628 0.8832 0.3027 0.4479 0.8277 0.7544 0.7952
81 0.0313 0.0331 0.9108 0.0649 0.8865 0.2805 0.4440 0.8294 0.7277 0.7951
82 0.0292 0.0313 0.9097 0.0611 0.8855 0.2988 0.4465 0.8328 0.7489 0.8015
83 0.0359 0.0352 0.9069 0.0717 0.8813 0.5862 0.5152 0.7356 1.1073 0.6923
84 0.1205 0.0943 0.8178 0.2158 0.7764 0.3877 0.4966 0.7325 0.8868 0.6898
85 0.0952 0.0837 0.8302 0.1796 0.7903 0.2732 0.5055 0.7698 0.7799 0.7251
86 0.0788 0.0701 0.8499 0.1497 0.8139 0.2377 0.4830 0.7992 0.7223 0.7642
87 0.0566 0.0537 0.8711 0.1110 0.8393 0.2450 0.4724 0.8056 0.7192 0.7706
88 0.0459 0.0437 0.8856 0.0905 0.8550 0.2350 0.4547 0.8335 0.6916 0.8022
89 0.0409 0.0400 0.8925 0.0817 0.8641 0.2576 0.4549 0.8250 0.7147 0.7913
90 0.0377 0.0390 0.8927 0.0776 0.8633 0.2640 0.4543 0.8261 0.7206 0.7904
91 0.0340 0.0350 0.8964 0.0698 0.8691 0.2496 0.4530 0.8279 0.7046 0.7933
92 0.0355 0.0355 0.8983 0.0718 0.8711 0.2771 0.4510 0.8270 0.7307 0.7896
93 0.0394 0.0375 0.8960 0.0778 0.8676 0.2855 0.4576 0.8202 0.7459 0.7877
94 0.0628 0.0554 0.8681 0.1191 0.8330 0.2859 0.4650 0.8139 0.7534 0.7815
95 0.0607 0.0528 0.8693 0.1145 0.8368 0.2467 0.4643 0.8135 0.7127 0.7729
96 0.0660 0.0556 0.8718 0.1225 0.8370 0.2324 0.4692 0.8012 0.7033 0.7635
97 0.0526 0.0468 0.8801 0.1004 0.8472 0.2713 0.4768 0.8023 0.7501 0.7680
98 0.0425 0.0405 0.8881 0.0839 0.8567 0.2629 0.4591 0.8175 0.7244 0.7864
99 0.0378 0.0370 0.8973 0.0757 0.8699 0.2520 0.4555 0.8236 0.7099 0.7925
