epoch train_BCELoss train_SoftDiceLoss train_iou train_loss train_mAP val_BCELoss val_SoftDiceLoss val_iou val_loss val_mAP
0 0.5080 0.5151 0.5869 1.0211 0.5280 0.3634 0.6126 0.6974 0.9745 0.6400
1 0.3522 0.3973 0.7039 0.7477 0.6487 0.3176 0.5859 0.7317 0.9027 0.6710
2 0.3062 0.3564 0.7321 0.6616 0.6776 0.2973 0.5696 0.7360 0.8666 0.6775
3 0.2828 0.3379 0.7577 0.6199 0.7078 0.2750 0.5699 0.7576 0.8445 0.7056
4 0.2662 0.3222 0.7633 0.5876 0.7148 0.2668 0.5549 0.7677 0.8216 0.7220
5 0.2562 0.3176 0.7740 0.5730 0.7281 0.2657 0.5568 0.7694 0.8223 0.7238
6 0.2519 0.3099 0.7850 0.5611 0.7377 0.2703 0.5531 0.7778 0.8233 0.7301
7 0.2503 0.3051 0.7793 0.5548 0.7317 0.2736 0.5517 0.7678 0.8253 0.7187
8 0.2454 0.3026 0.7788 0.5474 0.7313 0.2429 0.5544 0.7711 0.7971 0.7234
9 0.2318 0.2849 0.7750 0.5162 0.7295 0.3517 0.5488 0.7372 0.9008 0.6721
10 0.2334 0.2816 0.7754 0.5145 0.7282 0.2568 0.5378 0.7774 0.7947 0.7339
11 0.2077 0.2582 0.7840 0.4654 0.7393 0.2150 0.5347 0.7878 0.7499 0.7465
12 0.1980 0.2452 0.7959 0.4429 0.7527 0.2554 0.5368 0.7701 0.7924 0.7260
13 0.1792 0.2287 0.8032 0.4076 0.7600 0.2268 0.5235 0.7854 0.7505 0.7379
14 0.1634 0.2130 0.8182 0.3760 0.7785 0.2101 0.5169 0.8070 0.7273 0.7664
15 0.1643 0.2120 0.8259 0.3760 0.7875 0.2050 0.5197 0.8061 0.7248 0.7675
16 0.1661 0.2162 0.8198 0.3820 0.7798 0.1942 0.5196 0.8082 0.7140 0.7742
17 0.1583 0.2051 0.8296 0.3632 0.7891 0.1908 0.5162 0.8049 0.7073 0.7711
18 0.1636 0.2088 0.8203 0.3721 0.7776 0.2164 0.5149 0.7983 0.7317 0.7589
19 0.1662 0.2060 0.8133 0.3719 0.7713 0.1925 0.5218 0.8016 0.7145 0.7607
20 0.1670 0.2007 0.8122 0.3674 0.7695 0.1895 0.5149 0.8031 0.7046 0.7624
21 0.1673 0.1977 0.8065 0.3648 0.7652 0.2032 0.5129 0.7923 0.7165 0.7548
22 0.1384 0.1775 0.8234 0.3156 0.7867 0.1995 0.5078 0.7946 0.7077 0.7532
23 0.1251 0.1613 0.8357 0.2861 0.7975 0.1903 0.5004 0.8142 0.6911 0.7800
24 0.1171 0.1524 0.8408 0.2691 0.8063 0.1851 0.5010 0.8143 0.6866 0.7807
25 0.1108 0.1468 0.8539 0.2574 0.8188 0.1846 0.5002 0.8147 0.6852 0.7770
26 0.1123 0.1458 0.8438 0.2578 0.8096 0.1830 0.4978 0.8183 0.6813 0.7808
27 0.1200 0.1494 0.8453 0.2692 0.8103 0.1698 0.4917 0.8251 0.6618 0.7925
28 0.1211 0.1486 0.8392 0.2695 0.8030 0.1767 0.4970 0.8212 0.6741 0.7878
29 0.1245 0.1467 0.8384 0.2710 0.8015 0.2197 0.4996 0.7766 0.7198 0.7374
30 0.1353 0.1566 0.8197 0.2918 0.7831 0.1900 0.4970 0.7894 0.6874 0.7491
31 0.1325 0.1523 0.8191 0.2847 0.7798 0.1870 0.4956 0.8079 0.6831 0.7681
32 0.1130 0.1308 0.8359 0.2438 0.8000 0.1667 0.4828 0.8267 0.6500 0.7927
33 0.1058 0.1285 0.8405 0.2341 0.8042 0.1742 0.4839 0.8238 0.6585 0.7865
34 0.0956 0.1144 0.8537 0.2099 0.8184 0.1705 0.4828 0.8273 0.6539 0.7912
35 0.0969 0.1176 0.8569 0.2144 0.8267 0.1705 0.4826 0.8292 0.6538 0.7953
36 0.0916 0.1135 0.8618 0.2050 0.8275 0.1703 0.4811 0.8258 0.6521 0.7927
37 0.0931 0.1126 0.8559 0.2056 0.8229 0.1836 0.4843 0.8252 0.6685 0.7940
38 0.0954 0.1134 0.8549 0.2086 0.8196 0.1959 0.4849 0.8089 0.6814 0.7768
39 0.1099 0.1252 0.8385 0.2351 0.8027 0.2426 0.4888 0.8035 0.7323 0.7761
40 0.1251 0.1309 0.8260 0.2561 0.7896 0.1991 0.4854 0.8125 0.6852 0.7816
41 0.1166 0.1211 0.8384 0.2377 0.8008 0.2185 0.4827 0.8060 0.7020 0.7724
42 0.0942 0.1050 0.8542 0.1992 0.8203 0.1983 0.4777 0.8215 0.6768 0.7886
43 0.0935 0.1020 0.8536 0.1955 0.8187 0.1805 0.4702 0.8229 0.6516 0.7881
44 0.0805 0.0915 0.8617 0.1720 0.8295 0.1898 0.4640 0.8256 0.6546 0.7960
45 0.0796 0.0914 0.8641 0.1711 0.8312 0.1899 0.4652 0.8304 0.6559 0.8000
46 0.0767 0.0865 0.8689 0.1633 0.8379 0.1916 0.4662 0.8277 0.6587 0.7974
47 0.0733 0.0856 0.8678 0.1589 0.8362 0.1944 0.4675 0.8244 0.6628 0.7935
48 0.0812 0.0899 0.8610 0.1711 0.8293 0.1904 0.4722 0.8307 0.6636 0.8004
49 0.0928 0.0997 0.8510 0.1927 0.8151 0.2082 0.4838 0.8038 0.6929 0.7692
50 0.0974 0.1025 0.8488 0.2001 0.8125 0.1875 0.4739 0.8049 0.6622 0.7677
51 0.0918 0.0941 0.8500 0.1861 0.8141 0.1785 0.4650 0.8263 0.6443 0.7952
52 0.0822 0.0888 0.8509 0.1713 0.8174 0.2315 0.4652 0.8152 0.6978 0.7823
53 0.0754 0.0785 0.8637 0.1542 0.8307 0.2072 0.4610 0.8296 0.6691 0.7980
54 0.0767 0.0781 0.8652 0.1551 0.8326 0.2012 0.4594 0.8292 0.6616 0.7943
55 0.0689 0.0758 0.8691 0.1450 0.8382 0.2038 0.4588 0.8303 0.6637 0.7965
56 0.0638 0.0727 0.8765 0.1368 0.8463 0.2008 0.4566 0.8341 0.6585 0.8015
57 0.0725 0.0767 0.8705 0.1494 0.8385 0.1965 0.4560 0.8257 0.6535 0.7922
58 0.0748 0.0791 0.8643 0.1542 0.8326 0.2270 0.4637 0.8200 0.6920 0.7886
59 0.0786 0.0812 0.8648 0.1601 0.8306 0.2125 0.4675 0.8175 0.6811 0.7881
60 0.1195 0.1076 0.8291 0.2275 0.7933 0.2225 0.4667 0.8153 0.6903 0.7798
61 0.1006 0.0957 0.8426 0.1967 0.8064 0.1937 0.4667 0.8187 0.6616 0.7858
62 0.0863 0.0874 0.8527 0.1742 0.8207 0.1923 0.4500 0.8333 0.6433 0.8033
63 0.0696 0.0737 0.8671 0.1438 0.8325 0.1943 0.4473 0.8334 0.6426 0.7994
64 0.0680 0.0693 0.8712 0.1378 0.8396 0.1996 0.4515 0.8275 0.6523 0.7994
65 0.0652 0.0668 0.8750 0.1325 0.8459 0.1917 0.4505 0.8306 0.6433 0.7967
66 0.0630 0.0643 0.8820 0.1279 0.8510 0.1964 0.4486 0.8338 0.6461 0.8001
67 0.0593 0.0635 0.8744 0.1233 0.8443 0.1876 0.4505 0.8350 0.6392 0.8019
68 0.0664 0.0683 0.8728 0.1352 0.8418 0.1965 0.4576 0.8220 0.6553 0.7867
69 0.0902 0.0795 0.8615 0.1704 0.8281 0.2458 0.4696 0.8162 0.7169 0.7867
70 0.0827 0.0788 0.8520 0.1620 0.8192 0.2335 0.4759 0.7962 0.7109 0.7641
71 0.0975 0.0912 0.8479 0.1893 0.8117 0.2280 0.4759 0.8143 0.7054 0.7833
72 0.0904 0.0839 0.8562 0.1749 0.8253 0.2153 0.4575 0.8208 0.6741 0.7925
73 0.0724 0.0711 0.8669 0.1442 0.8370 0.2241 0.4496 0.8247 0.6751 0.7982
74 0.0699 0.0665 0.8740 0.1371 0.8447 0.2012 0.4442 0.8369 0.6467 0.8054
75 0.0585 0.0616 0.8758 0.1209 0.8471 0.2016 0.4430 0.8369 0.6460 0.8054
76 0.0635 0.0620 0.8776 0.1262 0.8481 0.2255 0.4474 0.8266 0.6743 0.7968
77 0.0579 0.0580 0.8800 0.1166 0.8513 0.2283 0.4539 0.8374 0.6837 0.8099
78 0.0605 0.0598 0.8783 0.1209 0.8468 0.2120 0.4546 0.8355 0.6680 0.8017
79 0.0606 0.0589 0.8815 0.1202 0.8509 0.1905 0.4558 0.8323 0.6479 0.8041
80 0.0869 0.0788 0.8549 0.1665 0.8218 0.2535 0.4579 0.8224 0.7129 0.7932
81 0.0901 0.0831 0.8558 0.1740 0.8232 0.2212 0.4430 0.8269 0.6655 0.7941
82 0.0760 0.0698 0.8633 0.1467 0.8315 0.2247 0.4467 0.8324 0.6728 0.8033
83 0.0684 0.0646 0.8695 0.1339 0.8386 0.2082 0.4430 0.8260 0.6526 0.7950
84 0.0584 0.0586 0.8746 0.1178 0.8459 0.1992 0.4491 0.8377 0.6499 0.8081
85 0.0555 0.0559 0.8896 0.1122 0.8601 0.2007 0.4492 0.8358 0.6514 0.8045
86 0.0513 0.0541 0.8809 0.1062 0.8492 0.2106 0.4389 0.8351 0.6510 0.8042
87 0.0599 0.0575 0.8718 0.1182 0.8427 0.2118 0.4554 0.8327 0.6687 0.8029
88 0.0660 0.0611 0.8723 0.1279 0.8417 0.1978 0.4507 0.8306 0.6501 0.8023
89 0.0763 0.0708 0.8678 0.1478 0.8369 0.2076 0.4586 0.8305 0.6677 0.7969
90 0.0808 0.0743 0.8629 0.1560 0.8302 0.2183 0.4453 0.8229 0.6650 0.7912
91 0.0791 0.0741 0.8619 0.1541 0.8316 0.2059 0.4667 0.8282 0.6740 0.7992
92 0.0679 0.0645 0.8709 0.1334 0.8404 0.1760 0.4568 0.8343 0.6342 0.8066
93 0.0535 0.0529 0.8845 0.1073 0.8558 0.2079 0.4477 0.8381 0.6574 0.8129
94 0.0472 0.0467 0.8921 0.0949 0.8652 0.2220 0.4353 0.8341 0.6591 0.8092
95 0.0479 0.0471 0.8884 0.0959 0.8600 0.2118 0.4358 0.8380 0.6494 0.8078
96 0.0508 0.0482 0.8879 0.1000 0.8594 0.2099 0.4333 0.8440 0.6450 0.8186
97 0.0500 0.0473 0.8881 0.0982 0.8591 0.2171 0.4319 0.8403 0.6508 0.8150
98 0.0561 0.0504 0.8858 0.1075 0.8554 0.2457 0.4358 0.8324 0.6834 0.8008
99 0.0576 0.0538 0.8833 0.1124 0.8547 0.2349 0.4430 0.8340 0.6797 0.8028
100 0.0779 0.0701 0.8649 0.1489 0.8308 0.2977 0.4787 0.8033 0.7780 0.7694
101 0.0739 0.0670 0.8602 0.1419 0.8236 0.2549 0.4512 0.8223 0.7078 0.7923
102 0.0719 0.0637 0.8693 0.1366 0.8372 0.2055 0.4418 0.8298 0.6489 0.7968
103 0.0554 0.0510 0.8793 0.1075 0.8510 0.1994 0.4454 0.8357 0.6464 0.8033
104 0.0538 0.0512 0.8808 0.1060 0.8496 0.1928 0.4470 0.8394 0.6415 0.8133
105 0.0512 0.0492 0.8865 0.1015 0.8588 0.1927 0.4473 0.8385 0.6416 0.8121
106 0.0476 0.0470 0.8899 0.0956 0.8607 0.1967 0.4486 0.8380 0.6471 0.8084
107 0.0453 0.0453 0.8868 0.0917 0.8574 0.2074 0.4412 0.8462 0.6505 0.8154
108 0.0509 0.0468 0.8813 0.0988 0.8533 0.2127 0.4506 0.8370 0.6651 0.8075
109 0.0551 0.0506 0.8830 0.1068 0.8548 0.2428 0.4559 0.8245 0.7006 0.7944
110 0.0649 0.0576 0.8756 0.1235 0.8423 0.2741 0.4649 0.7627 0.7406 0.7241
111 0.0724 0.0650 0.8678 0.1385 0.8351 0.2700 0.4527 0.8147 0.7244 0.7828
112 0.0646 0.0573 0.8723 0.1229 0.8412 0.2467 0.4469 0.8302 0.6954 0.7994
113 0.0592 0.0534 0.8814 0.1137 0.8533 0.2371 0.4450 0.8342 0.6840 0.8045
114 0.0494 0.0471 0.8823 0.0976 0.8528 0.2539 0.4342 0.8364 0.6900 0.8056
115 0.0447 0.0434 0.8914 0.0892 0.8611 0.2486 0.4414 0.8366 0.6919 0.8065
116 0.0464 0.0442 0.8887 0.0917 0.8609 0.2356 0.4363 0.8358 0.6737 0.8052
117 0.0452 0.0422 0.8920 0.0885 0.8633 0.2466 0.4267 0.8411 0.6752 0.8098
118 0.0457 0.0440 0.8922 0.0909 0.8626 0.2671 0.4214 0.8314 0.6904 0.8001
119 0.0558 0.0519 0.8836 0.1088 0.8531 0.2461 0.4559 0.8290 0.7037 0.8001
120 0.0625 0.0572 0.8688 0.1208 0.8373 0.3043 0.4458 0.8171 0.7521 0.7868
121 0.0634 0.0593 0.8692 0.1237 0.8361 0.2858 0.4521 0.8183 0.7398 0.7887
122 0.0581 0.0493 0.8841 0.1086 0.8566 0.2637 0.4478 0.8237 0.7134 0.7913
123 0.0533 0.0501 0.8808 0.1046 0.8512 0.2330 0.4407 0.8394 0.6755 0.8093
124 0.0440 0.0425 0.8916 0.0876 0.8629 0.2591 0.4422 0.8313 0.7032 0.8016
125 0.0454 0.0411 0.8973 0.0877 0.8693 0.2550 0.4412 0.8299 0.6981 0.8000
126 0.0459 0.0420 0.8896 0.0891 0.8632 0.2616 0.4414 0.8391 0.7049 0.8094
127 0.0455 0.0424 0.8930 0.0891 0.8660 0.2573 0.4394 0.8356 0.6988 0.8076
128 0.0507 0.0452 0.8845 0.0971 0.8576 0.2621 0.4405 0.8318 0.7046 0.8020
129 0.0489 0.0448 0.8873 0.0949 0.8571 0.2362 0.4478 0.8455 0.6859 0.8209
130 0.0527 0.0477 0.8795 0.1016 0.8481 0.2956 0.4473 0.8191 0.7449 0.7898
131 0.0490 0.0449 0.8839 0.0950 0.8538 0.2550 0.4399 0.8412 0.6967 0.8121
132 0.0593 0.0517 0.8842 0.1122 0.8560 0.2455 0.4447 0.8324 0.6920 0.7971
133 0.0459 0.0426 0.8891 0.0897 0.8613 0.2455 0.4358 0.8435 0.6831 0.8137
134 0.0417 0.0399 0.8957 0.0829 0.8675 0.2614 0.4389 0.8356 0.7023 0.8003
135 0.0421 0.0412 0.8908 0.0845 0.8638 0.2446 0.4384 0.8463 0.6848 0.8150
136 0.0449 0.0412 0.8965 0.0873 0.8681 0.2490 0.4346 0.8386 0.6855 0.8030
137 0.0479 0.0434 0.8922 0.0926 0.8633 0.2059 0.4450 0.8404 0.6527 0.8112
138 0.0557 0.0475 0.8849 0.1045 0.8549 0.2431 0.4531 0.8310 0.6980 0.8010
139 0.0569 0.0513 0.8828 0.1094 0.8533 0.2759 0.4456 0.8220 0.7234 0.7945
140 0.0711 0.0601 0.8763 0.1324 0.8447 0.2793 0.4397 0.8199 0.7208 0.7915
141 0.0758 0.0679 0.8607 0.1448 0.8263 0.2327 0.4435 0.8270 0.6779 0.7951
142 0.0603 0.0527 0.8793 0.1142 0.8482 0.2731 0.4243 0.8236 0.6993 0.7972
143 0.0536 0.0483 0.8836 0.1031 0.8537 0.1829 0.4188 0.8496 0.6035 0.8222
144 0.0440 0.0424 0.8915 0.0876 0.8589 0.2148 0.4101 0.8444 0.6268 0.8153
145 0.0431 0.0393 0.8974 0.0837 0.8700 0.2115 0.4097 0.8474 0.6231 0.8182
146 0.0423 0.0397 0.8927 0.0833 0.8662 0.2313 0.4135 0.8452 0.6467 0.8180
147 0.0445 0.0413 0.8878 0.0871 0.8585 0.2640 0.4303 0.8316 0.6963 0.8013
148 0.0429 0.0388 0.8949 0.0830 0.8648 0.2363 0.4291 0.8464 0.6674 0.8180
149 0.0634 0.0543 0.8780 0.1189 0.8497 0.2687 0.4369 0.8223 0.7073 0.7934
