epoch train_BCELoss train_SoftDiceLoss train_iou train_loss train_mAP val_BCELoss val_SoftDiceLoss val_iou val_loss val_mAP
0 0.6607 0.6795 0.3455 1.3388 0.3453 0.6731 0.7328 0.3549 1.4054 0.3549
1 0.6266 0.6640 0.3945 1.2888 0.3922 0.5469 0.7060 0.3736 1.2500 0.3315
2 0.4396 0.5011 0.6169 0.9347 0.5409 0.3434 0.6108 0.6700 0.9488 0.6003
3 0.3400 0.4039 0.6882 0.7380 0.6250 0.3056 0.5937 0.7081 0.8958 0.6436
4 0.2943 0.3586 0.7220 0.6487 0.6650 0.2785 0.5778 0.7234 0.8538 0.6752
5 0.2683 0.3272 0.7350 0.5923 0.6834 0.2745 0.5680 0.7237 0.8407 0.6669
6 0.2332 0.2898 0.7542 0.5200 0.7043 0.2637 0.5571 0.7386 0.8193 0.6788
7 0.2097 0.2646 0.7774 0.4714 0.7307 0.2672 0.5490 0.7589 0.8148 0.7132
8 0.1997 0.2544 0.7866 0.4512 0.7384 0.2273 0.5392 0.7686 0.7651 0.7222
9 0.1864 0.2372 0.7949 0.4208 0.7516 0.2235 0.5333 0.7855 0.7554 0.7415
10 0.1778 0.2322 0.8073 0.4072 0.7643 0.2229 0.5370 0.7826 0.7584 0.7417
11 0.1805 0.2316 0.8002 0.4093 0.7606 0.2211 0.5325 0.7806 0.7522 0.7372
12 0.1850 0.2354 0.7920 0.4177 0.7475 0.2336 0.5401 0.7686 0.7723 0.7269
13 0.1817 0.2254 0.8008 0.4046 0.7567 0.2129 0.5278 0.7726 0.7394 0.7287
14 0.1749 0.2144 0.7941 0.3867 0.7499 0.2536 0.5438 0.7422 0.7961 0.6950
15 0.1719 0.2097 0.7931 0.3794 0.7499 0.2252 0.5297 0.7660 0.7540 0.7206
16 0.1719 0.2026 0.8015 0.3724 0.7584 0.2225 0.5279 0.7633 0.7494 0.7138
17 0.1512 0.1814 0.8150 0.3304 0.7720 0.2501 0.5141 0.7818 0.7634 0.7367
18 0.1456 0.1783 0.8156 0.3218 0.7746 0.1970 0.5104 0.8017 0.7064 0.7613
19 0.1352 0.1653 0.8279 0.2984 0.7903 0.1823 0.5026 0.8159 0.6841 0.7761
20 0.1280 0.1584 0.8373 0.2843 0.7993 0.1812 0.5027 0.8124 0.6830 0.7706
21 0.1236 0.1561 0.8361 0.2776 0.7992 0.1919 0.5001 0.8098 0.6911 0.7719
22 0.1279 0.1559 0.8357 0.2817 0.7967 0.2115 0.5075 0.7984 0.7183 0.7578
23 0.1380 0.1592 0.8255 0.2952 0.7859 0.1683 0.4963 0.8054 0.6638 0.7587
24 0.1454 0.1606 0.8237 0.3042 0.7858 0.2859 0.5203 0.7619 0.8059 0.7137
25 0.1450 0.1634 0.8153 0.3067 0.7714 0.1863 0.4994 0.8068 0.6852 0.7623
26 0.1307 0.1460 0.8243 0.2751 0.7850 0.2067 0.4955 0.7983 0.7016 0.7538
27 0.1233 0.1374 0.8323 0.2592 0.7925 0.1754 0.4844 0.8220 0.6593 0.7826
28 0.1261 0.1396 0.8310 0.2643 0.7949 0.1918 0.4899 0.8222 0.6814 0.7856
29 0.1072 0.1238 0.8520 0.2296 0.8153 0.1869 0.4844 0.8264 0.6708 0.7895
30 0.0975 0.1157 0.8540 0.2116 0.8184 0.1834 0.4826 0.8297 0.6655 0.7925
31 0.0970 0.1140 0.8528 0.2095 0.8185 0.1986 0.4868 0.8210 0.6849 0.7846
32 0.1048 0.1201 0.8534 0.2234 0.8195 0.1726 0.4838 0.8211 0.6560 0.7847
33 0.1050 0.1156 0.8502 0.2193 0.8136 0.2085 0.4884 0.8080 0.6965 0.7675
34 0.1133 0.1209 0.8429 0.2330 0.8034 0.2201 0.4907 0.7959 0.7106 0.7578
35 0.1198 0.1231 0.8339 0.2418 0.7955 0.2176 0.4935 0.8029 0.7111 0.7661
36 0.1137 0.1192 0.8375 0.2319 0.8012 0.2369 0.5063 0.7915 0.7435 0.7529
37 0.1026 0.1081 0.8465 0.2097 0.8116 0.2321 0.4765 0.8170 0.7087 0.7810
38 0.0929 0.0999 0.8588 0.1918 0.8239 0.2248 0.4711 0.8216 0.6958 0.7860
39 0.0815 0.0947 0.8653 0.1752 0.8345 0.2038 0.4714 0.8252 0.6752 0.7879
40 0.0768 0.0889 0.8711 0.1648 0.8370 0.2107 0.4715 0.8244 0.6822 0.7879
41 0.0774 0.0875 0.8633 0.1638 0.8304 0.2300 0.4710 0.8211 0.7010 0.7866
42 0.0795 0.0889 0.8659 0.1674 0.8319 0.2234 0.4711 0.8231 0.6946 0.7864
43 0.0834 0.0935 0.8623 0.1760 0.8300 0.2253 0.4771 0.8120 0.7025 0.7811
44 0.0914 0.0976 0.8500 0.1882 0.8148 0.2312 0.4902 0.8017 0.7219 0.7655
45 0.1199 0.1181 0.8317 0.2374 0.7958 0.2450 0.4856 0.7988 0.7313 0.7626
46 0.1139 0.1108 0.8339 0.2243 0.7964 0.2109 0.4806 0.8159 0.6920 0.7824
47 0.0915 0.0933 0.8544 0.1843 0.8204 0.2547 0.4838 0.8052 0.7392 0.7681
48 0.0771 0.0806 0.8682 0.1573 0.8341 0.2382 0.4722 0.8230 0.7110 0.7865
49 0.0711 0.0756 0.8676 0.1463 0.8359 0.2461 0.4699 0.8215 0.7166 0.7904
50 0.0672 0.0745 0.8697 0.1412 0.8377 0.2487 0.4685 0.8215 0.7177 0.7887
51 0.0703 0.0754 0.8705 0.1453 0.8409 0.2280 0.4689 0.8243 0.6974 0.7894
52 0.0754 0.0786 0.8692 0.1537 0.8368 0.2352 0.4711 0.8256 0.7070 0.7879
53 0.0830 0.0856 0.8638 0.1682 0.8299 0.2514 0.4870 0.8006 0.7392 0.7638
54 0.0806 0.0800 0.8604 0.1603 0.8285 0.2296 0.4853 0.8160 0.7155 0.7807
55 0.0950 0.0903 0.8543 0.1851 0.8189 0.2182 0.4595 0.8153 0.6782 0.7747
56 0.0982 0.0921 0.8542 0.1903 0.8185 0.2328 0.4708 0.8003 0.7041 0.7603
57 0.0854 0.0838 0.8631 0.1691 0.8296 0.2146 0.4668 0.8255 0.6821 0.7901
58 0.0772 0.0783 0.8636 0.1555 0.8310 0.2043 0.4622 0.8290 0.6673 0.7897
59 0.0638 0.0656 0.8766 0.1293 0.8467 0.2083 0.4515 0.8352 0.6603 0.8011
60 0.0625 0.0617 0.8813 0.1241 0.8525 0.2061 0.4531 0.8359 0.6599 0.8003
61 0.0588 0.0621 0.8788 0.1208 0.8489 0.2132 0.4555 0.8310 0.6694 0.7981
62 0.0665 0.0645 0.8796 0.1309 0.8492 0.2362 0.4531 0.8309 0.6901 0.7997
63 0.0754 0.0709 0.8703 0.1464 0.8375 0.2274 0.4431 0.8233 0.6712 0.7857
64 0.0720 0.0692 0.8666 0.1412 0.8332 0.2449 0.4729 0.7982 0.7189 0.7589
65 0.0924 0.0880 0.8537 0.1806 0.8195 0.2661 0.4556 0.8146 0.7225 0.7816
66 0.0723 0.0713 0.8566 0.1438 0.8230 0.2544 0.4501 0.8167 0.7053 0.7820
67 0.0680 0.0660 0.8713 0.1342 0.8391 0.2251 0.4621 0.8296 0.6882 0.7950
68 0.0676 0.0625 0.8768 0.1303 0.8456 0.2593 0.4622 0.8190 0.7228 0.7874
69 0.0556 0.0576 0.8765 0.1136 0.8446 0.2465 0.4551 0.8243 0.7026 0.7901
70 0.0560 0.0563 0.8815 0.1125 0.8512 0.2463 0.4582 0.8271 0.7057 0.7940
71 0.0542 0.0553 0.8794 0.1098 0.8508 0.2533 0.4635 0.8244 0.7182 0.7895
72 0.0632 0.0607 0.8801 0.1241 0.8502 0.2353 0.4585 0.8200 0.6951 0.7875
73 0.0627 0.0608 0.8787 0.1239 0.8465 0.2562 0.4521 0.8176 0.7096 0.7834
74 0.0840 0.0763 0.8607 0.1608 0.8269 0.2853 0.4587 0.8223 0.7456 0.7913
75 0.0866 0.0771 0.8633 0.1642 0.8300 0.1774 0.4633 0.8239 0.6415 0.7859
76 0.0835 0.0772 0.8517 0.1612 0.8175 0.2500 0.4665 0.8198 0.7179 0.7796
77 0.0740 0.0706 0.8668 0.1451 0.8342 0.2431 0.4613 0.8170 0.7057 0.7834
78 0.0584 0.0587 0.8789 0.1175 0.8461 0.2888 0.4586 0.8172 0.7489 0.7842
79 0.0540 0.0517 0.8803 0.1061 0.8492 0.2533 0.4553 0.8270 0.7100 0.7949
80 0.0491 0.0489 0.8828 0.0985 0.8544 0.2525 0.4536 0.8277 0.7075 0.7963
81 0.0487 0.0488 0.8888 0.0980 0.8587 0.2641 0.4614 0.8238 0.7270 0.7871
82 0.0500 0.0488 0.8848 0.0993 0.8546 0.2698 0.4545 0.8242 0.7258 0.7893
83 0.0514 0.0482 0.8858 0.1001 0.8566 0.2511 0.4462 0.8311 0.6987 0.7960
84 0.0524 0.0499 0.8874 0.1028 0.8578 0.2573 0.4469 0.8305 0.7057 0.7979
85 0.0634 0.0575 0.8818 0.1215 0.8513 0.2991 0.4580 0.7741 0.7586 0.7287
86 0.0683 0.0607 0.8700 0.1296 0.8388 0.2846 0.4465 0.8239 0.7326 0.7853
87 0.0613 0.0566 0.8776 0.1186 0.8453 0.2763 0.4513 0.8341 0.7289 0.8012
88 0.0589 0.0573 0.8734 0.1168 0.8433 0.2602 0.4361 0.8299 0.6975 0.7970
89 0.0483 0.0469 0.8908 0.0958 0.8622 0.2578 0.4288 0.8388 0.6880 0.8061
90 0.0473 0.0458 0.8870 0.0938 0.8571 0.2586 0.4268 0.8407 0.6868 0.8089
91 0.0468 0.0451 0.8892 0.0926 0.8593 0.2546 0.4250 0.8361 0.6809 0.8010
92 0.0494 0.0485 0.8908 0.0986 0.8619 0.2562 0.4294 0.8384 0.6869 0.8078
93 0.0501 0.0473 0.8882 0.0981 0.8590 0.2514 0.4245 0.8394 0.6771 0.8042
94 0.0550 0.0510 0.8813 0.1067 0.8516 0.2194 0.4706 0.8083 0.6913 0.7746
95 0.0730 0.0647 0.8657 0.1385 0.8344 0.3244 0.4463 0.8082 0.7725 0.7720
96 0.0931 0.0775 0.8479 0.1714 0.8142 0.2537 0.4560 0.8173 0.7112 0.7778
97 0.0630 0.0610 0.8738 0.1248 0.8417 0.2790 0.4451 0.8096 0.7257 0.7706
98 0.0582 0.0533 0.8822 0.1123 0.8526 0.2111 0.4413 0.8395 0.6538 0.8067
99 0.0495 0.0467 0.8893 0.0971 0.8600 0.2419 0.4360 0.8364 0.6795 0.8070
