epoch train_BCELoss train_SoftDiceLoss train_iou train_loss train_mAP val_BCELoss val_SoftDiceLoss val_iou val_loss val_mAP
0 0.7279 0.6647 0.0071 2.0340 0.0041 0.7157 0.7152 0.3516 1.8584 0.3516
1 0.7164 0.6680 0.2235 1.9361 0.2228 0.7045 0.7220 0.2525 1.9008 0.2500
2 0.6840 0.6727 0.3819 1.7703 0.3819 0.6722 0.7294 0.3337 1.7516 0.3337
3 0.6705 0.6668 0.3991 1.6936 0.3991 0.6612 0.7225 0.3560 1.6740 0.3560
4 0.6248 0.6499 0.4026 1.6299 0.3989 0.5701 0.6977 0.4611 1.5147 0.3735
5 0.4869 0.5612 0.5738 1.3578 0.4849 0.4464 0.6540 0.6150 1.2442 0.5360
6 0.4050 0.4995 0.6466 1.1227 0.5781 0.3830 0.6379 0.6772 1.0208 0.6154
7 0.3676 0.4649 0.6909 0.9815 0.6328 0.3714 0.6338 0.6920 0.9663 0.6326
8 0.3448 0.4409 0.7153 0.9050 0.6560 0.3577 0.6308 0.7050 0.9223 0.6405
9 0.3285 0.4237 0.7392 0.8521 0.6762 0.3454 0.6202 0.7228 0.8872 0.6643
10 0.3215 0.4170 0.7449 0.8297 0.6863 0.3420 0.6181 0.7267 0.8793 0.6689
11 0.3144 0.4097 0.7553 0.8072 0.6918 0.3377 0.6146 0.7287 0.8710 0.6669
12 0.3055 0.3992 0.7628 0.7855 0.7034 0.3202 0.5961 0.7364 0.8818 0.6753
13 0.2945 0.3866 0.7657 0.7677 0.7062 0.3080 0.5932 0.7472 0.8459 0.6888
14 0.2849 0.3758 0.7714 0.7551 0.7106 0.3004 0.6007 0.7448 0.8155 0.6818
15 0.2749 0.3660 0.7763 0.7408 0.7179 0.3391 0.5882 0.7233 0.9672 0.6586
16 0.2598 0.3509 0.7843 0.7025 0.7277 0.2956 0.5974 0.7473 0.8068 0.6926
17 0.2435 0.3348 0.8007 0.6545 0.7460 0.2948 0.5882 0.7578 0.7963 0.7020
18 0.2299 0.3189 0.8178 0.6054 0.7667 0.2787 0.5774 0.7725 0.7547 0.7176
19 0.2196 0.3093 0.8339 0.5630 0.7825 0.2749 0.5782 0.7690 0.7539 0.7154
20 0.2171 0.3094 0.8351 0.5556 0.7829 0.2679 0.5750 0.7739 0.7343 0.7191
21 0.2104 0.2985 0.8448 0.5272 0.7963 0.2795 0.5802 0.7648 0.7664 0.7057
22 0.2064 0.2936 0.8424 0.5306 0.7924 0.2604 0.5726 0.7771 0.7317 0.7228
23 0.2015 0.2876 0.8421 0.5306 0.7917 0.3139 0.5999 0.7287 0.8858 0.6627
24 0.2018 0.2857 0.8335 0.5535 0.7799 0.2747 0.5664 0.7605 0.8070 0.7112
25 0.2027 0.2859 0.8246 0.5751 0.7717 0.2508 0.5676 0.7684 0.7439 0.7148
26 0.1989 0.2828 0.8325 0.5546 0.7807 0.2546 0.5670 0.7716 0.7435 0.7191
27 0.1771 0.2580 0.8522 0.4842 0.8073 0.2132 0.5456 0.7970 0.6615 0.7441
28 0.1682 0.2498 0.8601 0.4611 0.8136 0.2110 0.5386 0.8070 0.6593 0.7578
29 0.1591 0.2384 0.8719 0.4260 0.8275 0.2251 0.5497 0.7958 0.6732 0.7469
30 0.1546 0.2341 0.8736 0.4143 0.8327 0.2200 0.5471 0.7989 0.6598 0.7498
31 0.1537 0.2320 0.8785 0.4093 0.8368 0.2090 0.5417 0.8024 0.6391 0.7509
32 0.1511 0.2291 0.8758 0.4101 0.8324 0.2540 0.5591 0.7656 0.7686 0.7075
33 0.1496 0.2241 0.8726 0.4206 0.8285 0.2237 0.5444 0.8053 0.6755 0.7541
34 0.1560 0.2312 0.8503 0.4730 0.8016 0.2173 0.5381 0.7968 0.6928 0.7496
35 0.1501 0.2216 0.8592 0.4507 0.8112 0.2319 0.5480 0.7736 0.7536 0.7114
36 0.1454 0.2159 0.8578 0.4458 0.8123 0.2033 0.5297 0.8048 0.6734 0.7597
37 0.1285 0.1969 0.8779 0.3848 0.8358 0.2145 0.5355 0.8088 0.6752 0.7681
38 0.1233 0.1905 0.8855 0.3646 0.8465 0.1987 0.5279 0.8196 0.6186 0.7751
39 0.1169 0.1847 0.8941 0.3403 0.8559 0.2033 0.5298 0.8161 0.6324 0.7682
40 0.1123 0.1800 0.8996 0.3202 0.8639 0.2069 0.5301 0.8130 0.6438 0.7650
41 0.1109 0.1767 0.8978 0.3207 0.8629 0.2002 0.5244 0.8230 0.6324 0.7765
42 0.1081 0.1729 0.9003 0.3170 0.8635 0.2116 0.5312 0.8080 0.6681 0.7614
43 0.1051 0.1664 0.8998 0.3175 0.8628 0.2092 0.5248 0.8118 0.6786 0.7676
44 0.1148 0.1792 0.8853 0.3600 0.8450 0.2127 0.5227 0.7947 0.7242 0.7460
45 0.1183 0.1796 0.8722 0.3901 0.8300 0.2904 0.5587 0.7336 0.9668 0.6648
46 0.1194 0.1805 0.8725 0.3975 0.8282 0.2096 0.5284 0.8077 0.6815 0.7679
47 0.1061 0.1647 0.8884 0.3434 0.8485 0.1977 0.5161 0.8252 0.6427 0.7845
48 0.0970 0.1527 0.8974 0.3162 0.8611 0.2056 0.5173 0.8136 0.6713 0.7721
49 0.0900 0.1460 0.9058 0.2850 0.8711 0.1970 0.5145 0.8184 0.6491 0.7810
50 0.0868 0.1410 0.9120 0.2713 0.8789 0.1959 0.5122 0.8220 0.6486 0.7865
51 0.0875 0.1417 0.9109 0.2719 0.8781 0.1968 0.5132 0.8200 0.6451 0.7794
52 0.0849 0.1381 0.9113 0.2672 0.8771 0.1883 0.5078 0.8263 0.6310 0.7869
53 0.0841 0.1364 0.9100 0.2720 0.8755 0.2023 0.5113 0.8226 0.6757 0.7811
54 0.0863 0.1393 0.9050 0.2859 0.8688 0.2033 0.5146 0.8105 0.6988 0.7666
55 0.0964 0.1465 0.8872 0.3436 0.8456 0.1997 0.5062 0.8092 0.7084 0.7619
56 0.0894 0.1392 0.8962 0.3124 0.8588 0.2230 0.5232 0.7945 0.7359 0.7384
57 0.0835 0.1300 0.9023 0.2920 0.8666 0.1825 0.5092 0.8282 0.6221 0.7897
58 0.0756 0.1216 0.9117 0.2620 0.8788 0.1893 0.4990 0.8240 0.6631 0.7845
59 0.0720 0.1175 0.9196 0.2412 0.8882 0.1900 0.5011 0.8274 0.6494 0.7894
60 0.0694 0.1151 0.9205 0.2364 0.8901 0.1931 0.5017 0.8272 0.6602 0.7896
61 0.0688 0.1138 0.9214 0.2335 0.8910 0.1900 0.5001 0.8335 0.6392 0.7969
62 0.0642 0.1070 0.9267 0.2163 0.8988 0.1855 0.4977 0.8318 0.6485 0.7910
63 0.0627 0.1027 0.9242 0.2228 0.8949 0.1935 0.4968 0.8251 0.6865 0.7837
64 0.0635 0.1035 0.9210 0.2300 0.8902 0.2081 0.4984 0.8143 0.7349 0.7676
65 0.0703 0.1081 0.9087 0.2662 0.8743 0.2041 0.5087 0.8015 0.7176 0.7520
66 0.0760 0.1143 0.9043 0.2855 0.8689 0.1935 0.5025 0.8111 0.7219 0.7671
67 0.0722 0.1119 0.9062 0.2699 0.8717 0.1808 0.4934 0.8274 0.6491 0.7823
68 0.0619 0.0981 0.9204 0.2312 0.8882 0.1657 0.4864 0.8387 0.6186 0.8020
69 0.0584 0.0938 0.9247 0.2160 0.8949 0.1923 0.4911 0.8215 0.6794 0.7802
70 0.0569 0.0928 0.9300 0.2013 0.9034 0.1920 0.4907 0.8207 0.6850 0.7797
71 0.0552 0.0893 0.9307 0.1989 0.9034 0.1826 0.4869 0.8318 0.6608 0.7940
72 0.0513 0.0834 0.9334 0.1904 0.9073 0.1855 0.4867 0.8332 0.6663 0.7962
73 0.0510 0.0827 0.9330 0.1917 0.9052 0.1784 0.4838 0.8351 0.6611 0.7987
74 0.0533 0.0842 0.9276 0.2075 0.8983 0.2464 0.4943 0.8073 0.8258 0.7650
75 0.0658 0.0977 0.9096 0.2635 0.8761 0.2213 0.4924 0.8127 0.7721 0.7724
76 0.0715 0.1054 0.9017 0.2845 0.8675 0.1697 0.4845 0.8222 0.6466 0.7777
77 0.0631 0.0982 0.9164 0.2416 0.8829 0.1954 0.4966 0.8239 0.6862 0.7859
78 0.0531 0.0841 0.9279 0.2031 0.8996 0.1727 0.4803 0.8293 0.6363 0.7902
79 0.0485 0.0770 0.9340 0.1886 0.9087 0.1641 0.4777 0.8408 0.6091 0.8040
80 0.0454 0.0736 0.9390 0.1747 0.9162 0.1851 0.4817 0.8279 0.6656 0.7893
81 0.0441 0.0711 0.9396 0.1705 0.9157 0.1705 0.4779 0.8362 0.6372 0.8004
82 0.0437 0.0707 0.9396 0.1698 0.9163 0.1846 0.4791 0.8247 0.6767 0.7839
83 0.0435 0.0692 0.9377 0.1744 0.9147 0.1920 0.4766 0.8322 0.6820 0.7884
84 0.0443 0.0688 0.9329 0.1871 0.9056 0.1849 0.4732 0.8216 0.7334 0.7807
85 0.0485 0.0749 0.9222 0.2142 0.8927 0.2250 0.4839 0.8116 0.7992 0.7712
86 0.0513 0.0776 0.9199 0.2214 0.8888 0.2081 0.4753 0.8246 0.7628 0.7893
87 0.0488 0.0756 0.9248 0.2103 0.8960 0.2279 0.4801 0.8174 0.7868 0.7791
88 0.0429 0.0679 0.9349 0.1818 0.9090 0.1658 0.4712 0.8427 0.6392 0.8028
89 0.0406 0.0635 0.9384 0.1694 0.9145 0.1888 0.4687 0.8366 0.6883 0.7998
90 0.0377 0.0597 0.9424 0.1552 0.9207 0.2015 0.4703 0.8340 0.7202 0.7997
91 0.0371 0.0591 0.9443 0.1534 0.9234 0.1690 0.4646 0.8452 0.6433 0.8070
92 0.0363 0.0572 0.9425 0.1544 0.9217 0.1792 0.4649 0.8452 0.6688 0.8066
93 0.0394 0.0611 0.9379 0.1675 0.9136 0.2096 0.4802 0.8224 0.7606 0.7843
94 0.0437 0.0637 0.9306 0.1956 0.9047 0.2345 0.4727 0.8178 0.8482 0.7806
95 0.0718 0.0922 0.9068 0.2875 0.8715 0.6325 0.6120 0.6217 1.9104 0.5516
96 0.0798 0.1128 0.8908 0.3268 0.8527 0.2543 0.5122 0.7744 0.8759 0.7137
97 0.0602 0.0875 0.9123 0.2491 0.8804 0.2311 0.4788 0.8176 0.8005 0.7816
98 0.0469 0.0731 0.9286 0.1957 0.9001 0.2014 0.4693 0.8309 0.7116 0.7959
99 0.0415 0.0634 0.9360 0.1733 0.9117 0.1738 0.4692 0.8375 0.6434 0.8032
