epoch train_BCELoss train_SoftDiceLoss train_iou train_loss train_mAP val_BCELoss val_SoftDiceLoss val_iou val_loss val_mAP
0 0.4543 0.5297 0.4704 0.9833 0.4006 0.3396 0.4141 0.7111 0.7530 0.6492
1 0.2774 0.3463 0.6975 0.6232 0.6293 0.2729 0.2941 0.7118 0.5668 0.6396
2 0.2252 0.2888 0.7290 0.5138 0.6686 0.2286 0.2568 0.7465 0.4852 0.6844
3 0.1924 0.2520 0.7595 0.4444 0.7021 0.2255 0.2316 0.7559 0.4572 0.7027
4 0.1733 0.2272 0.7761 0.4005 0.7243 0.1911 0.2174 0.7781 0.4087 0.7316
5 0.1621 0.2096 0.7731 0.3718 0.7218 0.1869 0.2027 0.7919 0.3899 0.7477
6 0.1397 0.1852 0.7968 0.3252 0.7479 0.1890 0.1833 0.8122 0.3727 0.7693
7 0.1217 0.1619 0.8094 0.2840 0.7631 0.1874 0.1767 0.8098 0.3646 0.7645
8 0.1119 0.1451 0.8233 0.2575 0.7804 0.1864 0.1762 0.7988 0.3631 0.7526
9 0.1122 0.1399 0.8208 0.2525 0.7780 0.1778 0.1510 0.7945 0.3292 0.7483
10 0.1027 0.1293 0.8277 0.2325 0.7861 0.1776 0.1465 0.8167 0.3246 0.7714
11 0.0887 0.1123 0.8409 0.2017 0.8009 0.1858 0.1490 0.8086 0.3355 0.7664
12 0.0853 0.1044 0.8447 0.1905 0.8052 0.1725 0.1345 0.8225 0.3077 0.7820
13 0.0929 0.1072 0.8427 0.2010 0.8067 0.1611 0.1330 0.8216 0.2949 0.7762
14 0.0766 0.0932 0.8477 0.1706 0.8100 0.1880 0.1366 0.8185 0.3254 0.7787
15 0.0700 0.0857 0.8659 0.1566 0.8303 0.1735 0.1305 0.8222 0.3048 0.7842
16 0.0630 0.0813 0.8686 0.1453 0.8347 0.1722 0.1297 0.8228 0.3028 0.7869
17 0.0610 0.0789 0.8684 0.1408 0.8346 0.1692 0.1288 0.8233 0.2988 0.7849
18 0.0582 0.0764 0.8759 0.1356 0.8440 0.1669 0.1272 0.8175 0.2950 0.7779
19 0.0592 0.0780 0.8743 0.1381 0.8412 0.1712 0.1269 0.8278 0.2990 0.7910
20 0.0574 0.0741 0.8773 0.1326 0.8463 0.1638 0.1221 0.8270 0.2868 0.7883
21 0.0554 0.0741 0.8761 0.1306 0.8456 0.1676 0.1250 0.8261 0.2934 0.7879
22 0.0542 0.0739 0.8743 0.1292 0.8430 0.1660 0.1238 0.8208 0.2907 0.7799
23 0.0522 0.0710 0.8755 0.1243 0.8453 0.1673 0.1233 0.8268 0.2914 0.7865
24 0.0519 0.0698 0.8823 0.1228 0.8528 0.1671 0.1227 0.8260 0.2907 0.7848
25 0.0497 0.0673 0.8867 0.1181 0.8587 0.1665 0.1221 0.8241 0.2894 0.7823
26 0.0508 0.0687 0.8814 0.1206 0.8525 0.1666 0.1220 0.8245 0.2895 0.7830
27 0.0502 0.0701 0.8790 0.1214 0.8498 0.1655 0.1205 0.8268 0.2868 0.7860
28 0.0480 0.0659 0.8870 0.1151 0.8595 0.1678 0.1217 0.8291 0.2904 0.7894
29 0.0490 0.0673 0.8849 0.1174 0.8567 0.1668 0.1210 0.8244 0.2886 0.7835
30 0.0551 0.0703 0.8714 0.1265 0.8381 0.2010 0.1293 0.8008 0.3310 0.7614
31 0.0845 0.0906 0.8418 0.1760 0.8024 0.2363 0.1607 0.8016 0.3977 0.7517
32 0.0926 0.0963 0.8259 0.1898 0.7831 0.2687 0.1825 0.7729 0.4521 0.7309
33 0.0970 0.0971 0.8316 0.1950 0.7914 0.1902 0.1223 0.8173 0.3133 0.7789
34 0.0685 0.0764 0.8509 0.1459 0.8158 0.1816 0.1187 0.8228 0.3013 0.7860
35 0.0719 0.0758 0.8530 0.1487 0.8165 0.1704 0.1184 0.8146 0.2896 0.7740
36 0.0851 0.0809 0.7781 0.1670 0.7490 0.1703 0.1085 0.8331 0.2798 0.7993
37 0.0663 0.0658 0.7970 0.1332 0.7705 0.1776 0.1065 0.8283 0.2851 0.7924
38 0.0564 0.0582 0.8031 0.1158 0.7774 0.1677 0.1014 0.8357 0.2701 0.7994
39 0.0506 0.0540 0.8074 0.1058 0.7833 0.1686 0.1010 0.8289 0.2706 0.7919
40 0.0511 0.0536 0.8086 0.1060 0.7860 0.1685 0.0997 0.8304 0.2692 0.7930
41 0.0498 0.0509 0.8130 0.1020 0.7914 0.1702 0.0997 0.8316 0.2709 0.7953
42 0.0492 0.0520 0.8133 0.1025 0.7897 0.1686 0.0996 0.8339 0.2692 0.7969
43 0.0480 0.0505 0.8130 0.0998 0.7909 0.1692 0.0998 0.8290 0.2700 0.7904
44 0.0451 0.0491 0.8148 0.0956 0.7936 0.1693 0.0995 0.8307 0.2698 0.7940
45 0.0446 0.0478 0.8171 0.0938 0.7967 0.1745 0.0998 0.8337 0.2753 0.7977
46 0.0435 0.0469 0.8172 0.0917 0.7960 0.1726 0.0994 0.8323 0.2730 0.7962
47 0.0432 0.0470 0.8162 0.0915 0.7948 0.1730 0.0992 0.8350 0.2733 0.7998
48 0.0425 0.0461 0.8162 0.0900 0.7953 0.1721 0.0995 0.8326 0.2726 0.7971
49 0.0426 0.0465 0.8168 0.0905 0.7961 0.1722 0.0997 0.8336 0.2729 0.7974
50 0.0444 0.0470 0.8173 0.0927 0.7960 0.1712 0.0992 0.8306 0.2713 0.7939
51 0.0436 0.0472 0.8174 0.0922 0.7960 0.1715 0.0989 0.8334 0.2713 0.7962
52 0.0443 0.0477 0.8155 0.0934 0.7946 0.1711 0.0984 0.8324 0.2706 0.7956
53 0.0430 0.0468 0.8190 0.0912 0.7979 0.1715 0.0997 0.8312 0.2721 0.7949
54 0.0520 0.0517 0.8076 0.1049 0.7827 0.2396 0.1269 0.8000 0.3675 0.7625
55 0.0820 0.0744 0.7807 0.1575 0.7510 0.2309 0.1352 0.7848 0.3668 0.7413
56 0.0759 0.0663 0.7824 0.1432 0.7542 0.1904 0.1155 0.8014 0.3068 0.7598
57 0.0768 0.0713 0.7860 0.1491 0.7569 0.1943 0.1174 0.8203 0.3127 0.7852
58 0.0741 0.0673 0.7916 0.1425 0.7637 0.1654 0.1014 0.8332 0.2679 0.7956
59 0.0509 0.0484 0.8065 0.1005 0.7823 0.1834 0.1064 0.8266 0.2909 0.7926
60 0.0508 0.0486 0.8049 0.1007 0.7809 0.1731 0.0952 0.8363 0.2694 0.7977
61 0.0461 0.0438 0.8077 0.0912 0.7840 0.2018 0.1018 0.8403 0.3046 0.8013
62 0.0398 0.0408 0.8161 0.0821 0.7933 0.1883 0.0966 0.8423 0.2860 0.8087
63 0.0356 0.0369 0.8212 0.0741 0.8010 0.1879 0.0969 0.8459 0.2860 0.8122
64 0.0359 0.0365 0.8237 0.0740 0.8034 0.1827 0.0952 0.8434 0.2789 0.8102
65 0.0328 0.0343 0.8229 0.0687 0.8026 0.1788 0.0937 0.8400 0.2736 0.8059
66 0.0339 0.0339 0.8271 0.0694 0.8072 0.1774 0.0924 0.8428 0.2709 0.8080
67 0.0322 0.0334 0.8263 0.0673 0.8070 0.1756 0.0902 0.8400 0.2669 0.8056
68 0.0333 0.0331 0.8271 0.0681 0.8085 0.1777 0.0901 0.8428 0.2688 0.8085
69 0.0318 0.0326 0.8263 0.0660 0.8059 0.1749 0.0878 0.8401 0.2637 0.8075
70 0.0307 0.0319 0.8321 0.0643 0.8140 0.1791 0.0892 0.8438 0.2693 0.8105
71 0.0318 0.0319 0.8299 0.0654 0.8113 0.1774 0.0897 0.8449 0.2681 0.8117
72 0.0335 0.0355 0.8246 0.0706 0.8050 0.1774 0.0897 0.8386 0.2681 0.8045
73 0.0321 0.0326 0.8288 0.0663 0.8101 0.1766 0.0882 0.8426 0.2658 0.8092
74 0.0314 0.0319 0.8308 0.0650 0.8127 0.1767 0.0891 0.8397 0.2668 0.8059
