epoch BCELoss SoftDiceLoss iou loss mAP
0 0.4767 0.3600 0.5646 0.8352 0.4754
1 0.2299 0.2267 0.7092 0.4564 0.6500
2 0.2761 0.2301 0.6959 0.5061 0.6466
3 0.2686 0.2491 0.6453 0.5174 0.5674
4 0.2037 0.1666 0.7455 0.3704 0.6897
5 0.6099 0.4264 0.6096 1.0361 0.5556
6 0.2475 0.1931 0.7094 0.4407 0.6620
7 0.2059 0.1455 0.7680 0.3519 0.7231
8 0.2274 0.1886 0.7459 0.4164 0.6964
9 0.2082 0.1402 0.7641 0.3488 0.7180
10 0.2102 0.1583 0.7538 0.3688 0.7071
11 0.2218 0.1450 0.7782 0.3673 0.7343
12 0.2075 0.1285 0.7763 0.3365 0.7327
13 0.2181 0.1329 0.7829 0.3516 0.7400
14 0.1952 0.1375 0.7793 0.3333 0.7374
15 0.2515 0.1532 0.7792 0.4051 0.7373
16 0.2362 0.1352 0.7801 0.3717 0.7351
17 0.2159 0.1293 0.7903 0.3458 0.7463
18 0.2354 0.1367 0.7832 0.3727 0.7419
19 0.2494 0.1607 0.7509 0.4104 0.7040
20 0.2219 0.1333 0.7891 0.3557 0.7505
21 0.2072 0.1326 0.7709 0.3405 0.7310
22 0.2246 0.1276 0.7924 0.3530 0.7502
23 0.2316 0.1192 0.8009 0.3515 0.7639
24 0.2509 0.1149 0.8024 0.3667 0.7684
25 0.2271 0.1139 0.8009 0.3418 0.7661
26 0.2224 0.1104 0.8001 0.3337 0.7674
27 0.2115 0.1087 0.8029 0.3211 0.7675
28 0.2160 0.1081 0.8042 0.3249 0.7694
29 0.2199 0.1095 0.8006 0.3303 0.7665
30 0.2246 0.1104 0.8029 0.3359 0.7686
31 0.2230 0.1095 0.8056 0.3333 0.7716
32 0.2148 0.1088 0.8032 0.3244 0.7686
33 0.2158 0.1075 0.8059 0.3241 0.7708
34 0.2325 0.1103 0.8028 0.3437 0.7706
35 0.2237 0.1085 0.8036 0.3330 0.7700
36 0.2237 0.1089 0.8025 0.3334 0.7700
37 0.2216 0.1084 0.8031 0.3309 0.7692
38 0.2310 0.1090 0.8015 0.3408 0.7694
39 0.2330 0.1090 0.8019 0.3429 0.7700
40 0.2252 0.1082 0.7980 0.3342 0.7651
41 0.2290 0.1079 0.8009 0.3377 0.7679
42 0.2316 0.1082 0.8020 0.3405 0.7700
43 0.2264 0.1071 0.8023 0.3342 0.7675
44 0.2350 0.1075 0.7997 0.3433 0.7673
45 0.2351 0.1075 0.8029 0.3434 0.7712
46 0.2350 0.1072 0.8013 0.3429 0.7677
47 0.2336 0.1072 0.8013 0.3415 0.7673
48 0.2354 0.1071 0.8014 0.3433 0.7679
49 0.2401 0.1073 0.8012 0.3482 0.7691
50 0.2362 0.1070 0.8022 0.3439 0.7694
51 0.2306 0.1051 0.8047 0.3364 0.7720
52 0.2284 0.1049 0.8036 0.3341 0.7701
53 0.2356 0.1073 0.8023 0.3436 0.7685
54 0.2357 0.1066 0.8027 0.3431 0.7690
55 0.2382 0.1076 0.7995 0.3465 0.7671
56 0.2435 0.1073 0.8030 0.3516 0.7713
57 0.2334 0.1067 0.8016 0.3408 0.7672
58 0.2321 0.1054 0.8036 0.3383 0.7702
59 0.2325 0.1058 0.8054 0.3391 0.7712
60 0.2363 0.1068 0.8011 0.3438 0.7681
61 0.2385 0.1064 0.8041 0.3457 0.7720
62 0.2326 0.1058 0.8036 0.3391 0.7690
63 0.2299 0.1049 0.8023 0.3355 0.7685
64 0.2391 0.1063 0.8054 0.3462 0.7728
65 0.2331 0.1062 0.8026 0.3400 0.7683
66 0.2407 0.1067 0.8021 0.3482 0.7688
67 0.2323 0.1049 0.8046 0.3379 0.7718
68 0.2359 0.1061 0.8042 0.3427 0.7706
69 0.2331 0.1061 0.8017 0.3400 0.7672
70 0.2371 0.1063 0.8040 0.3442 0.7713
71 0.2314 0.1051 0.8052 0.3372 0.7709
72 0.2377 0.1064 0.8016 0.3449 0.7684
73 0.2355 0.1063 0.8056 0.3425 0.7720
74 0.2358 0.1061 0.8005 0.3426 0.7671
75 0.2348 0.1066 0.8008 0.3421 0.7663
76 0.2370 0.1068 0.7992 0.3445 0.7654
77 0.2396 0.1065 0.8032 0.3468 0.7703
78 0.2368 0.1062 0.8027 0.3438 0.7692
79 0.2406 0.1063 0.8036 0.3476 0.7712
80 0.2362 0.1060 0.8039 0.3429 0.7710
81 0.2365 0.1066 0.7996 0.3439 0.7672
82 0.2320 0.1056 0.8016 0.3383 0.7669
83 0.2372 0.1070 0.8012 0.3449 0.7673
84 0.2316 0.1066 0.8003 0.3388 0.7653
85 0.2326 0.1047 0.8036 0.3381 0.7704
86 0.2408 0.1072 0.8029 0.3487 0.7706
87 0.2383 0.1066 0.8038 0.3456 0.7702
88 0.2360 0.1064 0.8015 0.3431 0.7680
89 0.2317 0.1053 0.8051 0.3377 0.7720
90 0.2361 0.1062 0.8053 0.3430 0.7725
91 0.2326 0.1065 0.7994 0.3398 0.7661
92 0.2398 0.1062 0.8063 0.3467 0.7725
93 0.2353 0.1062 0.8035 0.3422 0.7694
94 0.2399 0.1065 0.8053 0.3471 0.7731
95 0.2373 0.1066 0.7998 0.3446 0.7662
96 0.2343 0.1056 0.8029 0.3407 0.7695
97 0.2373 0.1067 0.7956 0.3448 0.7617
98 0.2424 0.1069 0.8037 0.3501 0.7715
99 0.2307 0.1060 0.7994 0.3373 0.7647
