epoch train_BCELoss train_SoftDiceLoss train_iou train_loss train_mAP val_BCELoss val_SoftDiceLoss val_iou val_loss val_mAP
0 0.7092 0.6650 0.0250 1.3731 0.0203 0.6965 0.7215 0.3527 1.4175 0.3527
1 0.6083 0.6074 0.4417 1.2132 0.3963 0.4936 0.6586 0.5920 1.1486 0.5333
2 0.4105 0.4548 0.6546 0.8604 0.5886 0.3542 0.6010 0.6920 0.9518 0.6333
3 0.3279 0.3793 0.7127 0.7039 0.6515 0.3097 0.5851 0.7163 0.8930 0.6644
4 0.2877 0.3448 0.7377 0.6307 0.6829 0.2980 0.5759 0.7177 0.8731 0.6608
5 0.2473 0.3006 0.7602 0.5467 0.7114 0.2546 0.5603 0.7538 0.8144 0.7170
6 0.2259 0.2790 0.7685 0.5039 0.7207 0.2626 0.5534 0.7436 0.8157 0.6987
7 0.2126 0.2630 0.7817 0.4747 0.7351 0.2268 0.5395 0.7620 0.7660 0.7158
8 0.1927 0.2448 0.8055 0.4367 0.7627 0.2202 0.5337 0.7819 0.7537 0.7407
9 0.1790 0.2320 0.8003 0.4102 0.7598 0.2275 0.5355 0.7824 0.7629 0.7439
10 0.1715 0.2225 0.8126 0.3932 0.7726 0.2304 0.5330 0.7880 0.7633 0.7474
11 0.1706 0.2240 0.8113 0.3938 0.7710 0.2147 0.5319 0.7899 0.7463 0.7499
12 0.1775 0.2285 0.8010 0.4052 0.7588 0.2139 0.5281 0.7838 0.7418 0.7482
13 0.1726 0.2199 0.8060 0.3918 0.7642 0.2602 0.5346 0.7599 0.7948 0.7196
14 0.1682 0.2110 0.8008 0.3785 0.7610 0.2353 0.5230 0.7908 0.7582 0.7485
15 0.1687 0.2034 0.8035 0.3716 0.7608 0.2679 0.5349 0.7705 0.8029 0.7307
16 0.1640 0.2005 0.7943 0.3640 0.7521 0.2200 0.5241 0.7704 0.7441 0.7294
17 0.1440 0.1787 0.8146 0.3222 0.7778 0.1963 0.5073 0.8055 0.7038 0.7705
18 0.1356 0.1631 0.8301 0.2983 0.7943 0.2244 0.5116 0.7952 0.7362 0.7612
19 0.1218 0.1546 0.8341 0.2759 0.7972 0.2198 0.5060 0.8000 0.7260 0.7634
20 0.1173 0.1491 0.8470 0.2660 0.8142 0.2069 0.5045 0.8046 0.7116 0.7698
21 0.1134 0.1462 0.8469 0.2591 0.8109 0.2065 0.5029 0.8114 0.7096 0.7767
22 0.1195 0.1490 0.8347 0.2680 0.8002 0.1964 0.5009 0.8062 0.6976 0.7741
23 0.1233 0.1476 0.8315 0.2707 0.7978 0.2651 0.5158 0.7868 0.7814 0.7520
24 0.1263 0.1443 0.8271 0.2704 0.7907 0.3367 0.5174 0.7594 0.8547 0.7148
25 0.1505 0.1677 0.8075 0.3180 0.7672 0.3031 0.5259 0.7604 0.8297 0.7224
26 0.1298 0.1438 0.8243 0.2735 0.7862 0.2803 0.5203 0.7710 0.8012 0.7336
27 0.1110 0.1325 0.8362 0.2433 0.8003 0.2851 0.5034 0.7965 0.7892 0.7637
28 0.1078 0.1256 0.8399 0.2333 0.8061 0.2309 0.5027 0.7991 0.7341 0.7675
29 0.0927 0.1103 0.8610 0.2029 0.8298 0.2471 0.4984 0.7997 0.7460 0.7700
30 0.0904 0.1073 0.8631 0.1976 0.8320 0.2474 0.4958 0.8016 0.7438 0.7710
31 0.0904 0.1062 0.8641 0.1966 0.8312 0.2368 0.4911 0.8052 0.7286 0.7733
32 0.0892 0.1048 0.8638 0.1939 0.8306 0.2149 0.4891 0.8119 0.7046 0.7795
33 0.1026 0.1131 0.8448 0.2156 0.8108 0.2632 0.4949 0.7969 0.7588 0.7619
34 0.0986 0.1090 0.8544 0.2076 0.8187 0.2275 0.4939 0.8109 0.7219 0.7806
35 0.1048 0.1116 0.8413 0.2164 0.8073 0.2703 0.4961 0.7858 0.7673 0.7484
36 0.0996 0.1053 0.8495 0.2050 0.8150 0.2322 0.4858 0.8187 0.7186 0.7887
37 0.0995 0.1054 0.8445 0.2052 0.8108 0.2327 0.4962 0.7887 0.7298 0.7545
38 0.0826 0.0934 0.8615 0.1763 0.8291 0.2231 0.4763 0.8191 0.7003 0.7867
39 0.0771 0.0864 0.8680 0.1637 0.8358 0.2298 0.4810 0.8237 0.7117 0.7926
40 0.0741 0.0831 0.8789 0.1574 0.8473 0.2340 0.4800 0.8231 0.7150 0.7919
41 0.0735 0.0813 0.8711 0.1550 0.8405 0.2324 0.4804 0.8192 0.7137 0.7868
42 0.0790 0.0854 0.8717 0.1646 0.8417 0.2365 0.4832 0.8097 0.7207 0.7787
43 0.0826 0.0884 0.8666 0.1714 0.8353 0.2435 0.4771 0.8108 0.7216 0.7731
44 0.0806 0.0850 0.8609 0.1659 0.8312 0.2473 0.4876 0.8012 0.7359 0.7723
45 0.1171 0.1109 0.8315 0.2283 0.7935 0.2622 0.4898 0.7877 0.7531 0.7566
46 0.1017 0.0993 0.8433 0.2014 0.8104 0.2392 0.4741 0.8011 0.7142 0.7666
47 0.0946 0.0961 0.8510 0.1911 0.8158 0.2975 0.4795 0.7987 0.7781 0.7635
48 0.0739 0.0765 0.8721 0.1509 0.8410 0.2623 0.4777 0.8121 0.7412 0.7830
49 0.0756 0.0766 0.8705 0.1526 0.8398 0.2383 0.4700 0.8157 0.7094 0.7814
50 0.0659 0.0703 0.8756 0.1366 0.8439 0.2453 0.4704 0.8169 0.7169 0.7829
51 0.0672 0.0717 0.8727 0.1393 0.8428 0.2400 0.4703 0.8163 0.7115 0.7842
52 0.0640 0.0686 0.8700 0.1332 0.8430 0.2462 0.4716 0.8163 0.7190 0.7847
53 0.0819 0.0799 0.8648 0.1624 0.8327 0.3037 0.4951 0.7968 0.8001 0.7646
54 0.0813 0.0794 0.8608 0.1612 0.8283 0.2516 0.4724 0.8104 0.7251 0.7769
55 0.0831 0.0827 0.8589 0.1662 0.8257 0.3109 0.4823 0.7890 0.7944 0.7462
56 0.0857 0.0831 0.8569 0.1694 0.8257 0.3023 0.4767 0.8096 0.7806 0.7801
57 0.0754 0.0746 0.8695 0.1507 0.8382 0.2474 0.4665 0.8148 0.7150 0.7828
58 0.0672 0.0675 0.8775 0.1353 0.8475 0.2020 0.4574 0.8337 0.6605 0.8009
59 0.0605 0.0633 0.8786 0.1244 0.8480 0.2179 0.4574 0.8359 0.6766 0.8064
60 0.0589 0.0609 0.8799 0.1205 0.8503 0.2249 0.4572 0.8349 0.6834 0.8058
61 0.0563 0.0579 0.8860 0.1150 0.8589 0.2215 0.4588 0.8360 0.6816 0.8065
62 0.0604 0.0618 0.8855 0.1229 0.8561 0.2363 0.4546 0.8339 0.6923 0.8026
63 0.0704 0.0673 0.8738 0.1384 0.8417 0.2190 0.4516 0.8356 0.6718 0.8063
64 0.0593 0.0587 0.8846 0.1187 0.8568 0.2324 0.4626 0.8313 0.6962 0.7973
65 0.0735 0.0677 0.8733 0.1418 0.8418 0.2751 0.4719 0.8079 0.7485 0.7787
66 0.0727 0.0736 0.8664 0.1471 0.8355 0.2319 0.4637 0.8272 0.6969 0.7958
67 0.0667 0.0628 0.8789 0.1302 0.8475 0.2555 0.4621 0.8271 0.7190 0.7923
68 0.0590 0.0559 0.8837 0.1157 0.8551 0.2272 0.4437 0.8436 0.6723 0.8104
69 0.0594 0.0561 0.8899 0.1164 0.8631 0.2226 0.4496 0.8340 0.6736 0.8039
70 0.0520 0.0523 0.8827 0.1051 0.8573 0.2230 0.4489 0.8337 0.6732 0.8037
71 0.0521 0.0517 0.8887 0.1047 0.8623 0.2430 0.4513 0.8296 0.6958 0.7993
72 0.0502 0.0495 0.8869 0.1006 0.8579 0.2515 0.4457 0.8307 0.6988 0.7998
73 0.0553 0.0542 0.8850 0.1104 0.8582 0.2495 0.4532 0.8346 0.7043 0.8052
74 0.0642 0.0573 0.8824 0.1224 0.8535 0.2430 0.4703 0.8166 0.7148 0.7833
75 0.0790 0.0695 0.8599 0.1494 0.8285 0.3118 0.4633 0.8061 0.7766 0.7695
76 0.0900 0.0840 0.8531 0.1749 0.8197 0.2213 0.4590 0.8249 0.6816 0.7896
77 0.0795 0.0710 0.8614 0.1513 0.8298 0.2920 0.4676 0.8114 0.7612 0.7842
78 0.0664 0.0650 0.8713 0.1322 0.8406 0.2857 0.4608 0.8181 0.7482 0.7853
79 0.0633 0.0589 0.8785 0.1231 0.8496 0.2730 0.4576 0.8180 0.7323 0.7897
80 0.0539 0.0540 0.8838 0.1088 0.8547 0.2559 0.4588 0.8220 0.7164 0.7906
81 0.0538 0.0512 0.8856 0.1059 0.8559 0.2598 0.4539 0.8258 0.7154 0.7962
82 0.0535 0.0511 0.8876 0.1056 0.8608 0.2628 0.4569 0.8293 0.7214 0.8001
83 0.0636 0.0589 0.8808 0.1235 0.8523 0.2753 0.4734 0.8202 0.7502 0.7833
84 0.0716 0.0670 0.8706 0.1395 0.8386 0.2952 0.4696 0.8191 0.7664 0.7881
85 0.0915 0.0782 0.8616 0.1705 0.8287 0.3222 0.4739 0.7828 0.7977 0.7412
86 0.0826 0.0755 0.8506 0.1590 0.8172 0.2605 0.4637 0.8184 0.7257 0.7838
87 0.0713 0.0629 0.8740 0.1351 0.8435 0.2993 0.4561 0.8244 0.7572 0.7933
88 0.0571 0.0542 0.8790 0.1122 0.8488 0.2813 0.4528 0.8320 0.7359 0.8025
89 0.0509 0.0471 0.8831 0.0990 0.8548 0.2714 0.4526 0.8306 0.7258 0.8025
90 0.0496 0.0460 0.8902 0.0967 0.8633 0.2763 0.4521 0.8334 0.7301 0.8061
91 0.0484 0.0467 0.8886 0.0962 0.8610 0.2986 0.4504 0.8295 0.7508 0.8004
92 0.0484 0.0447 0.8872 0.0942 0.8627 0.3138 0.4585 0.8244 0.7741 0.7956
93 0.0511 0.0488 0.8844 0.1010 0.8568 0.2883 0.4672 0.8168 0.7572 0.7854
94 0.0603 0.0545 0.8848 0.1158 0.8557 0.3004 0.4494 0.8271 0.7516 0.7933
95 0.0747 0.0661 0.8715 0.1418 0.8375 0.2852 0.4824 0.8096 0.7693 0.7773
96 0.0648 0.0610 0.8716 0.1269 0.8410 0.3229 0.4693 0.8028 0.7939 0.7669
97 0.0604 0.0539 0.8772 0.1154 0.8472 0.2811 0.4667 0.8233 0.7494 0.7913
98 0.0499 0.0474 0.8861 0.0985 0.8581 0.2929 0.4600 0.8301 0.7547 0.8009
99 0.0469 0.0442 0.8927 0.0922 0.8662 0.3215 0.4602 0.8251 0.7836 0.7954
