epoch train_BCELoss train_SoftDiceLoss train_iou train_loss train_mAP val_BCELoss val_SoftDiceLoss val_iou val_loss val_mAP
0 0.6822 0.6755 0.0162 1.3566 0.0156 0.6945 0.7225 0.3538 1.4167 0.3538
1 0.6348 0.6530 0.1694 1.2863 0.1548 0.5345 0.6940 0.4580 1.2266 0.3599
2 0.4157 0.4618 0.6190 0.8728 0.5444 0.2999 0.6037 0.6795 0.9003 0.6242
3 0.2951 0.3531 0.6985 0.6446 0.6357 0.3027 0.6072 0.6619 0.9084 0.5952
4 0.2663 0.3169 0.6987 0.5808 0.6416 0.3158 0.5758 0.6773 0.8903 0.6067
5 0.2453 0.2921 0.7290 0.5356 0.6726 0.2534 0.5480 0.7514 0.8006 0.6940
6 0.2051 0.2524 0.7484 0.4561 0.6953 0.2179 0.5377 0.7564 0.7550 0.7029
7 0.1970 0.2389 0.7576 0.4346 0.7071 0.2229 0.5384 0.7645 0.7609 0.7153
8 0.1758 0.2177 0.7812 0.3923 0.7321 0.2124 0.5266 0.7817 0.7385 0.7349
9 0.1638 0.2056 0.7921 0.3683 0.7434 0.2047 0.5239 0.7994 0.7281 0.7564
10 0.1541 0.1995 0.8085 0.3524 0.7626 0.2039 0.5245 0.7965 0.7280 0.7521
11 0.1551 0.1946 0.8070 0.3485 0.7610 0.2113 0.5225 0.7921 0.7333 0.7460
12 0.1567 0.1966 0.7943 0.3522 0.7500 0.2150 0.5185 0.7811 0.7332 0.7360
13 0.1558 0.1940 0.7903 0.3489 0.7443 0.2233 0.5309 0.7708 0.7541 0.7298
14 0.1519 0.1835 0.7921 0.3345 0.7470 0.2075 0.5151 0.7872 0.7225 0.7367
15 0.1535 0.1821 0.7988 0.3349 0.7522 0.1882 0.5068 0.7999 0.6950 0.7521
16 0.1462 0.1691 0.7983 0.3148 0.7513 0.2103 0.5052 0.7957 0.7158 0.7539
17 0.1389 0.1618 0.8094 0.3002 0.7681 0.2012 0.5060 0.7955 0.7074 0.7590
18 0.1213 0.1427 0.8267 0.2635 0.7863 0.1853 0.4947 0.8154 0.6801 0.7744
19 0.1081 0.1322 0.8418 0.2398 0.8024 0.1841 0.4908 0.8231 0.6750 0.7845
20 0.1057 0.1307 0.8392 0.2359 0.7990 0.1865 0.4898 0.8219 0.6764 0.7833
21 0.1072 0.1282 0.8441 0.2350 0.8030 0.1889 0.4917 0.8163 0.6808 0.7798
22 0.1037 0.1284 0.8429 0.2317 0.8020 0.1930 0.4902 0.8136 0.6834 0.7741
23 0.1089 0.1279 0.8345 0.2364 0.7934 0.2271 0.5078 0.7907 0.7353 0.7471
24 0.1077 0.1248 0.8435 0.2321 0.8027 0.2394 0.4997 0.7907 0.7396 0.7501
25 0.1233 0.1320 0.8178 0.2551 0.7757 0.2601 0.5187 0.7852 0.7790 0.7373
26 0.1295 0.1364 0.8167 0.2658 0.7735 0.2096 0.4958 0.8055 0.7061 0.7665
27 0.1135 0.1260 0.8257 0.2394 0.7851 0.2174 0.4881 0.8080 0.7061 0.7673
28 0.0960 0.1077 0.8462 0.2036 0.8059 0.2231 0.4842 0.8160 0.7080 0.7772
29 0.0910 0.0994 0.8495 0.1904 0.8103 0.2001 0.4758 0.8231 0.6765 0.7878
30 0.0817 0.0942 0.8637 0.1759 0.8275 0.2038 0.4777 0.8230 0.6822 0.7891
31 0.0787 0.0923 0.8609 0.1709 0.8231 0.2070 0.4777 0.8234 0.6854 0.7904
32 0.0765 0.0916 0.8624 0.1681 0.8224 0.2114 0.4795 0.8268 0.6916 0.7915
33 0.0874 0.0962 0.8559 0.1836 0.8163 0.2858 0.4908 0.7783 0.7775 0.7220
34 0.1068 0.1125 0.8251 0.2194 0.7843 0.2569 0.4938 0.7946 0.7516 0.7539
35 0.1097 0.1099 0.8332 0.2198 0.7938 0.2229 0.4835 0.8095 0.7071 0.7682
36 0.1040 0.1050 0.8383 0.2092 0.7972 0.2200 0.4755 0.8197 0.6963 0.7837
37 0.0860 0.0904 0.8563 0.1766 0.8178 0.2276 0.4801 0.8107 0.7087 0.7721
38 0.0867 0.0928 0.8503 0.1797 0.8095 0.2415 0.4797 0.8201 0.7218 0.7816
39 0.0743 0.0819 0.8621 0.1565 0.8261 0.2005 0.4647 0.8338 0.6661 0.8002
40 0.0652 0.0733 0.8706 0.1387 0.8366 0.2092 0.4671 0.8299 0.6773 0.7975
41 0.0677 0.0751 0.8717 0.1431 0.8371 0.2029 0.4630 0.8367 0.6668 0.8042
42 0.0728 0.0771 0.8669 0.1502 0.8321 0.1995 0.4631 0.8357 0.6635 0.8023
43 0.0681 0.0763 0.8676 0.1447 0.8308 0.2074 0.4695 0.8315 0.6781 0.7983
44 0.0791 0.0794 0.8677 0.1590 0.8310 0.2155 0.4565 0.8288 0.6730 0.7969
45 0.0780 0.0785 0.8543 0.1569 0.8155 0.2312 0.4642 0.8185 0.6964 0.7875
46 0.0873 0.0830 0.8513 0.1707 0.8147 0.2179 0.4824 0.8016 0.7012 0.7680
47 0.0812 0.0827 0.8549 0.1644 0.8175 0.2169 0.4691 0.8206 0.6873 0.7895
48 0.0684 0.0702 0.8702 0.1391 0.8340 0.2199 0.4590 0.8303 0.6801 0.7987
49 0.0633 0.0634 0.8768 0.1272 0.8421 0.2151 0.4566 0.8324 0.6729 0.8039
50 0.0610 0.0639 0.8823 0.1254 0.8483 0.2169 0.4551 0.8334 0.6731 0.8028
51 0.0555 0.0598 0.8807 0.1158 0.8457 0.2219 0.4525 0.8353 0.6757 0.8048
52 0.0552 0.0583 0.8833 0.1141 0.8498 0.2273 0.4514 0.8399 0.6800 0.8092
53 0.0598 0.0613 0.8753 0.1216 0.8417 0.2127 0.4504 0.8287 0.6643 0.7925
54 0.0741 0.0685 0.8631 0.1433 0.8264 0.2318 0.4585 0.8152 0.6914 0.7731
55 0.0774 0.0731 0.8590 0.1511 0.8218 0.2600 0.4760 0.8078 0.7372 0.7744
56 0.0816 0.0791 0.8582 0.1613 0.8199 0.2456 0.4690 0.8138 0.7161 0.7812
57 0.0671 0.0645 0.8705 0.1323 0.8351 0.2263 0.4575 0.8286 0.6852 0.7935
58 0.0548 0.0566 0.8802 0.1121 0.8458 0.2724 0.4640 0.8234 0.7378 0.7908
59 0.0562 0.0588 0.8775 0.1157 0.8423 0.2370 0.4573 0.8382 0.6957 0.8081
60 0.0478 0.0510 0.8884 0.0996 0.8581 0.2400 0.4522 0.8383 0.6937 0.8076
61 0.0539 0.0543 0.8827 0.1090 0.8493 0.2325 0.4587 0.8293 0.6926 0.7984
62 0.0511 0.0539 0.8831 0.1058 0.8510 0.2331 0.4512 0.8341 0.6857 0.8035
63 0.0507 0.0522 0.8848 0.1037 0.8521 0.2173 0.4496 0.8349 0.6683 0.8065
64 0.0525 0.0536 0.8809 0.1068 0.8475 0.2452 0.4547 0.8268 0.7014 0.7982
65 0.0628 0.0594 0.8733 0.1230 0.8361 0.2541 0.4676 0.8128 0.7231 0.7723
66 0.0700 0.0624 0.8675 0.1333 0.8339 0.2847 0.4745 0.8167 0.7608 0.7845
67 0.0617 0.0589 0.8750 0.1214 0.8388 0.2329 0.4573 0.8123 0.6917 0.7785
68 0.0505 0.0491 0.8897 0.1005 0.8568 0.2305 0.4469 0.8336 0.6790 0.8068
69 0.0467 0.0466 0.8907 0.0942 0.8591 0.2217 0.4488 0.8349 0.6722 0.8061
70 0.0440 0.0445 0.8918 0.0895 0.8597 0.2226 0.4424 0.8373 0.6667 0.8078
71 0.0439 0.0442 0.8942 0.0890 0.8617 0.2211 0.4474 0.8360 0.6702 0.8078
72 0.0450 0.0450 0.8903 0.0909 0.8586 0.2294 0.4420 0.8388 0.6731 0.8107
73 0.0470 0.0461 0.8919 0.0940 0.8606 0.2299 0.4402 0.8342 0.6718 0.8051
74 0.0487 0.0487 0.8813 0.0984 0.8462 0.2469 0.4545 0.8197 0.7031 0.7876
75 0.0805 0.0674 0.8587 0.1488 0.8225 0.2640 0.4611 0.8200 0.7265 0.7891
76 0.0699 0.0616 0.8710 0.1324 0.8339 0.2566 0.4440 0.8196 0.7022 0.7844
77 0.0709 0.0625 0.8745 0.1343 0.8384 0.2563 0.4543 0.8169 0.7123 0.7834
78 0.0591 0.0547 0.8725 0.1147 0.8392 0.2405 0.4606 0.8319 0.7027 0.7989
79 0.0453 0.0449 0.8912 0.0912 0.8600 0.2259 0.4478 0.8385 0.6753 0.8104
80 0.0438 0.0427 0.8892 0.0875 0.8579 0.2297 0.4425 0.8384 0.6739 0.8087
81 0.0453 0.0437 0.8904 0.0901 0.8586 0.2290 0.4367 0.8443 0.6673 0.8143
82 0.0411 0.0405 0.8894 0.0827 0.8582 0.2490 0.4475 0.8398 0.6982 0.8098
83 0.0444 0.0435 0.8893 0.0891 0.8583 0.2615 0.4461 0.8256 0.7092 0.7953
84 0.0463 0.0449 0.8832 0.0923 0.8509 0.2620 0.4459 0.8317 0.7097 0.8040
85 0.0497 0.0462 0.8898 0.0968 0.8573 0.2455 0.4539 0.8184 0.7011 0.7869
86 0.0535 0.0498 0.8809 0.1043 0.8457 0.2722 0.4617 0.8200 0.7359 0.7893
87 0.0503 0.0478 0.8838 0.0992 0.8507 0.2715 0.4583 0.8174 0.7316 0.7858
88 0.0517 0.0479 0.8812 0.1007 0.8468 0.2759 0.4579 0.8266 0.7357 0.7973
89 0.0392 0.0385 0.8940 0.0788 0.8635 0.2594 0.4515 0.8346 0.7128 0.8079
90 0.0389 0.0386 0.8979 0.0786 0.8672 0.2597 0.4512 0.8342 0.7129 0.8084
91 0.0410 0.0398 0.8941 0.0820 0.8632 0.2543 0.4554 0.8270 0.7116 0.7981
92 0.0369 0.0371 0.8966 0.0752 0.8655 0.2674 0.4460 0.8243 0.7154 0.7979
93 0.0495 0.0447 0.8900 0.0953 0.8567 0.2394 0.4465 0.8163 0.6875 0.7814
94 0.0691 0.0590 0.8648 0.1291 0.8308 0.2551 0.4761 0.8181 0.7330 0.7934
95 0.0646 0.0569 0.8699 0.1226 0.8334 0.2584 0.4635 0.8128 0.7232 0.7761
96 0.0554 0.0483 0.8785 0.1048 0.8452 0.3099 0.4611 0.8116 0.7732 0.7814
97 0.0650 0.0561 0.8755 0.1221 0.8414 0.2266 0.4499 0.8275 0.6782 0.7969
98 0.0465 0.0439 0.8864 0.0915 0.8526 0.2493 0.4537 0.8343 0.7045 0.8028
99 0.0430 0.0411 0.8895 0.0853 0.8592 0.2365 0.4425 0.8417 0.6807 0.8146
