epoch train_BCELoss train_SoftDiceLoss train_iou train_loss train_mAP val_BCELoss val_SoftDiceLoss val_iou val_loss val_mAP
0 0.4873 0.5051 0.5800 0.9893 0.5177 0.3976 0.6689 0.5788 1.0643 0.4679
1 0.3256 0.3710 0.7024 0.6944 0.6460 0.3141 0.5694 0.7190 0.8827 0.6571
2 0.2814 0.3344 0.7436 0.6148 0.6918 0.2787 0.5637 0.7409 0.8419 0.6891
3 0.2583 0.3131 0.7607 0.5706 0.7119 0.2546 0.5618 0.7584 0.8159 0.7102
4 0.2427 0.2967 0.7731 0.5387 0.7268 0.2505 0.5527 0.7714 0.8029 0.7279
5 0.2269 0.2890 0.7839 0.5152 0.7386 0.2502 0.5527 0.7707 0.8025 0.7282
6 0.2317 0.2910 0.7880 0.5221 0.7404 0.2436 0.5492 0.7763 0.7925 0.7324
7 0.2262 0.2844 0.7780 0.5100 0.7308 0.2465 0.5460 0.7807 0.7924 0.7343
8 0.2211 0.2781 0.7851 0.4987 0.7382 0.2364 0.5386 0.7861 0.7748 0.7417
9 0.2169 0.2691 0.7817 0.4856 0.7377 0.2596 0.5521 0.7547 0.8116 0.7015
10 0.2092 0.2579 0.7781 0.4668 0.7284 0.2715 0.5476 0.7508 0.8192 0.6890
11 0.1920 0.2392 0.7974 0.4309 0.7512 0.2238 0.5273 0.7884 0.7511 0.7387
12 0.1749 0.2195 0.8041 0.3942 0.7629 0.2222 0.5289 0.7927 0.7513 0.7592
13 0.1614 0.2096 0.8173 0.3708 0.7786 0.1995 0.5193 0.8139 0.7189 0.7785
14 0.1546 0.2019 0.8232 0.3563 0.7836 0.1967 0.5180 0.8164 0.7148 0.7817
15 0.1399 0.1930 0.8296 0.3327 0.7904 0.1951 0.5182 0.8139 0.7134 0.7810
16 0.1431 0.1923 0.8327 0.3351 0.7932 0.1986 0.5191 0.8123 0.7178 0.7759
17 0.1404 0.1905 0.8321 0.3307 0.7925 0.2127 0.5170 0.8119 0.7298 0.7772
18 0.1466 0.1888 0.8310 0.3350 0.7923 0.2082 0.5187 0.8069 0.7270 0.7658
19 0.1504 0.1858 0.8247 0.3360 0.7862 0.2732 0.5240 0.7702 0.7974 0.7283
20 0.1597 0.1925 0.7995 0.3520 0.7568 0.2129 0.5146 0.8010 0.7277 0.7657
21 0.1469 0.1800 0.8135 0.3266 0.7739 0.2326 0.5209 0.7822 0.7538 0.7443
22 0.1331 0.1636 0.8284 0.2966 0.7890 0.1888 0.5020 0.8078 0.6911 0.7705
23 0.1222 0.1497 0.8413 0.2718 0.8060 0.1996 0.4972 0.8160 0.6972 0.7804
24 0.1106 0.1422 0.8502 0.2527 0.8163 0.2010 0.4983 0.8154 0.6997 0.7791
25 0.1014 0.1331 0.8564 0.2343 0.8194 0.2039 0.4957 0.8217 0.7000 0.7886
26 0.1026 0.1350 0.8542 0.2374 0.8189 0.1973 0.4928 0.8221 0.6905 0.7876
27 0.0984 0.1281 0.8584 0.2264 0.8235 0.1967 0.4908 0.8254 0.6878 0.7935
28 0.1005 0.1277 0.8534 0.2280 0.8209 0.1915 0.4961 0.8228 0.6881 0.7894
29 0.1126 0.1333 0.8461 0.2459 0.8090 0.2032 0.4974 0.8052 0.7011 0.7768
30 0.1244 0.1416 0.8273 0.2659 0.7907 0.2098 0.4953 0.8015 0.7057 0.7655
31 0.1272 0.1423 0.8314 0.2695 0.7918 0.2230 0.4992 0.8004 0.7227 0.7615
32 0.1135 0.1315 0.8349 0.2449 0.7977 0.2008 0.4924 0.8162 0.6938 0.7843
33 0.0980 0.1172 0.8521 0.2152 0.8176 0.2011 0.4835 0.8190 0.6851 0.7908
34 0.0837 0.1048 0.8603 0.1885 0.8262 0.1989 0.4818 0.8235 0.6813 0.7962
35 0.0826 0.1020 0.8666 0.1845 0.8323 0.2027 0.4814 0.8223 0.6846 0.7925
36 0.0823 0.1019 0.8630 0.1842 0.8304 0.2095 0.4809 0.8208 0.6910 0.7903
37 0.0852 0.1046 0.8627 0.1897 0.8298 0.2049 0.4792 0.8225 0.6848 0.7962
38 0.0809 0.0975 0.8627 0.1783 0.8302 0.2064 0.4842 0.8143 0.6912 0.7768
39 0.0915 0.1048 0.8564 0.1963 0.8223 0.2174 0.4787 0.8299 0.6968 0.7980
40 0.1022 0.1102 0.8412 0.2124 0.8071 0.2352 0.4827 0.8239 0.7186 0.7896
41 0.0904 0.0992 0.8527 0.1897 0.8202 0.2167 0.4712 0.8235 0.6888 0.7930
42 0.0882 0.0943 0.8503 0.1826 0.8165 0.2322 0.4718 0.8119 0.7048 0.7808
43 0.0787 0.0895 0.8660 0.1682 0.8332 0.2060 0.4728 0.8348 0.6796 0.8057
44 0.0731 0.0847 0.8735 0.1578 0.8400 0.2211 0.4737 0.8327 0.6956 0.8027
45 0.0669 0.0811 0.8753 0.1480 0.8464 0.2144 0.4728 0.8337 0.6880 0.8031
46 0.0649 0.0778 0.8768 0.1428 0.8460 0.2212 0.4693 0.8307 0.6914 0.7990
47 0.0684 0.0785 0.8742 0.1470 0.8444 0.2228 0.4686 0.8361 0.6923 0.8051
48 0.0659 0.0764 0.8754 0.1424 0.8455 0.2227 0.4625 0.8285 0.6860 0.7980
49 0.0711 0.0774 0.8737 0.1486 0.8408 0.2265 0.4732 0.8224 0.7008 0.7882
50 0.0914 0.0923 0.8488 0.1840 0.8134 0.2556 0.4891 0.7899 0.7456 0.7490
51 0.0891 0.0930 0.8479 0.1823 0.8129 0.2875 0.4886 0.7739 0.7772 0.7365
52 0.0824 0.0856 0.8589 0.1683 0.8252 0.2348 0.4739 0.8286 0.7098 0.7974
53 0.0703 0.0756 0.8721 0.1462 0.8403 0.2240 0.4631 0.8397 0.6883 0.8071
54 0.0614 0.0690 0.8772 0.1306 0.8452 0.2203 0.4619 0.8394 0.6833 0.8089
55 0.0620 0.0706 0.8825 0.1328 0.8535 0.2198 0.4643 0.8382 0.6851 0.8074
56 0.0574 0.0647 0.8855 0.1222 0.8553 0.2190 0.4642 0.8376 0.6844 0.8069
57 0.0606 0.0676 0.8797 0.1284 0.8493 0.2128 0.4608 0.8409 0.6748 0.8127
58 0.0606 0.0662 0.8732 0.1269 0.8445 0.1933 0.4604 0.8407 0.6547 0.8089
59 0.0681 0.0680 0.8693 0.1364 0.8377 0.2438 0.4649 0.8156 0.7101 0.7843
60 0.0853 0.0871 0.8536 0.1727 0.8175 0.2232 0.4569 0.8211 0.6812 0.7845
61 0.0811 0.0835 0.8560 0.1650 0.8217 0.2493 0.4659 0.8178 0.7163 0.7830
62 0.0644 0.0666 0.8734 0.1314 0.8413 0.2076 0.4559 0.8371 0.6648 0.8084
63 0.0627 0.0629 0.8732 0.1261 0.8408 0.1933 0.4531 0.8383 0.6476 0.8073
64 0.0591 0.0615 0.8775 0.1211 0.8488 0.2161 0.4491 0.8404 0.6665 0.8077
65 0.0521 0.0568 0.8810 0.1094 0.8480 0.2164 0.4502 0.8389 0.6680 0.8065
66 0.0487 0.0533 0.8879 0.1024 0.8602 0.2189 0.4482 0.8446 0.6684 0.8129
67 0.0509 0.0541 0.8879 0.1054 0.8591 0.2113 0.4480 0.8446 0.6606 0.8155
68 0.0551 0.0580 0.8789 0.1135 0.8498 0.2470 0.4737 0.8092 0.7224 0.7667
69 0.0628 0.0607 0.8746 0.1240 0.8435 0.2655 0.4550 0.8202 0.7223 0.7884
70 0.0714 0.0701 0.8663 0.1419 0.8313 0.2728 0.4655 0.8163 0.7399 0.7788
71 0.0778 0.0723 0.8582 0.1506 0.8231 0.2467 0.4611 0.8185 0.7094 0.7805
72 0.0634 0.0619 0.8718 0.1258 0.8378 0.2367 0.4594 0.8372 0.6978 0.8039
73 0.0596 0.0598 0.8747 0.1199 0.8441 0.2261 0.4515 0.8398 0.6790 0.8095
74 0.0534 0.0546 0.8817 0.1085 0.8506 0.1922 0.4411 0.8501 0.6347 0.8186
75 0.0484 0.0502 0.8878 0.0991 0.8574 0.1997 0.4427 0.8467 0.6438 0.8160
76 0.0486 0.0497 0.8892 0.0988 0.8606 0.1980 0.4473 0.8524 0.6468 0.8201
77 0.0487 0.0506 0.8935 0.0998 0.8638 0.2016 0.4421 0.8499 0.6452 0.8210
78 0.0515 0.0530 0.8786 0.1050 0.8485 0.2085 0.4437 0.8437 0.6536 0.8122
79 0.0598 0.0588 0.8735 0.1192 0.8424 0.2442 0.4530 0.8255 0.6990 0.7971
80 0.0717 0.0639 0.8750 0.1363 0.8434 0.3989 0.4843 0.7485 0.8854 0.7029
81 0.0765 0.0681 0.8688 0.1454 0.8344 0.2491 0.4699 0.8089 0.7207 0.7798
82 0.0600 0.0601 0.8709 0.1208 0.8389 0.2408 0.4602 0.8282 0.7027 0.7985
83 0.0495 0.0505 0.8898 0.1008 0.8612 0.2498 0.4435 0.8296 0.6952 0.8018
84 0.0473 0.0475 0.8857 0.0955 0.8558 0.2378 0.4414 0.8309 0.6810 0.7998
85 0.0448 0.0468 0.8877 0.0923 0.8578 0.2369 0.4449 0.8283 0.6836 0.7993
86 0.0445 0.0457 0.8922 0.0909 0.8639 0.2307 0.4467 0.8319 0.6793 0.8031
87 0.0435 0.0446 0.8946 0.0887 0.8680 0.2316 0.4365 0.8353 0.6699 0.8057
88 0.0545 0.0515 0.8798 0.1067 0.8488 0.2442 0.4348 0.8276 0.6809 0.7955
89 0.0479 0.0475 0.8897 0.0962 0.8602 0.2555 0.4309 0.8279 0.6883 0.7974
90 0.0661 0.0607 0.8736 0.1276 0.8405 0.2541 0.4655 0.8052 0.7215 0.7783
91 0.0727 0.0631 0.8702 0.1367 0.8382 0.5017 0.5256 0.7055 1.0306 0.6480
92 0.0668 0.0619 0.8741 0.1295 0.8416 0.2667 0.4462 0.8275 0.7149 0.7942
93 0.0538 0.0517 0.8831 0.1064 0.8524 0.2486 0.4418 0.8366 0.6924 0.8085
94 0.0478 0.0471 0.8906 0.0957 0.8635 0.2490 0.4492 0.8293 0.7003 0.7972
95 0.0410 0.0415 0.8903 0.0834 0.8610 0.2464 0.4396 0.8349 0.6881 0.8046
96 0.0446 0.0436 0.8941 0.0892 0.8658 0.2389 0.4445 0.8358 0.6855 0.8077
97 0.0440 0.0435 0.8905 0.0883 0.8620 0.2521 0.4466 0.8371 0.7010 0.8068
98 0.0429 0.0411 0.8984 0.0849 0.8727 0.2449 0.4377 0.8376 0.6847 0.8090
99 0.0559 0.0506 0.8762 0.1074 0.8450 0.2581 0.4371 0.8235 0.6971 0.7867
100 0.0704 0.0597 0.8637 0.1309 0.8299 0.3792 0.4792 0.7768 0.8609 0.7401
101 0.0778 0.0657 0.8618 0.1444 0.8279 0.2371 0.4534 0.8200 0.6920 0.7825
102 0.0616 0.0564 0.8806 0.1189 0.8490 0.2185 0.4510 0.8386 0.6711 0.8067
103 0.0484 0.0464 0.8872 0.0958 0.8579 0.2519 0.4482 0.8366 0.7021 0.8023
104 0.0432 0.0427 0.8901 0.0870 0.8619 0.2687 0.4529 0.8305 0.7237 0.7999
105 0.0424 0.0419 0.8840 0.0852 0.8544 0.2683 0.4514 0.8290 0.7219 0.7970
106 0.0434 0.0410 0.8979 0.0854 0.8683 0.2644 0.4387 0.8321 0.7053 0.7998
107 0.0443 0.0436 0.8933 0.0890 0.8638 0.2616 0.4343 0.8369 0.6979 0.8064
108 0.0485 0.0475 0.8821 0.0970 0.8540 0.2227 0.4464 0.8267 0.6708 0.7979
109 0.0604 0.0540 0.8765 0.1154 0.8461 0.3031 0.4783 0.7970 0.7838 0.7656
110 0.0645 0.0584 0.8720 0.1239 0.8403 0.2704 0.4762 0.8050 0.7485 0.7693
111 0.0622 0.0596 0.8680 0.1228 0.8368 0.2726 0.4402 0.8194 0.7147 0.7837
112 0.0524 0.0494 0.8789 0.1028 0.8487 0.3973 0.4644 0.8028 0.8647 0.7705
113 0.0494 0.0471 0.8842 0.0976 0.8566 0.2054 0.4509 0.8407 0.6581 0.8086
114 0.0453 0.0453 0.8822 0.0917 0.8525 0.2415 0.4366 0.8326 0.6801 0.8016
115 0.0386 0.0389 0.8962 0.0786 0.8680 0.2427 0.4369 0.8365 0.6817 0.8059
116 0.0387 0.0381 0.8941 0.0779 0.8645 0.2522 0.4385 0.8400 0.6928 0.8147
117 0.0381 0.0374 0.8951 0.0766 0.8664 0.2885 0.4424 0.8362 0.7335 0.8090
118 0.0392 0.0372 0.8974 0.0774 0.8684 0.2563 0.4354 0.8435 0.6938 0.8128
119 0.0465 0.0409 0.8928 0.0885 0.8654 0.2824 0.4396 0.8337 0.7246 0.8059
120 0.0426 0.0406 0.8938 0.0842 0.8649 0.2728 0.4274 0.8405 0.7023 0.8096
121 0.0482 0.0447 0.8916 0.0940 0.8621 0.2258 0.4297 0.8419 0.6574 0.8086
122 0.0526 0.0450 0.8833 0.0988 0.8542 0.2794 0.4507 0.8400 0.7323 0.8118
123 0.0421 0.0396 0.8976 0.0829 0.8705 0.2392 0.4339 0.8355 0.6752 0.7996
124 0.0402 0.0371 0.9018 0.0785 0.8750 0.2531 0.4338 0.8496 0.6893 0.8238
125 0.0357 0.0348 0.8972 0.0717 0.8708 0.2518 0.4301 0.8489 0.6843 0.8224
126 0.0381 0.0365 0.8991 0.0758 0.8712 0.2542 0.4386 0.8470 0.6952 0.8182
127 0.0393 0.0361 0.9018 0.0766 0.8738 0.2624 0.4385 0.8471 0.7032 0.8206
128 0.0392 0.0377 0.8959 0.0781 0.8685 0.2749 0.4318 0.8480 0.7091 0.8199
129 0.0390 0.0356 0.8988 0.0758 0.8703 0.2922 0.4325 0.8435 0.7271 0.8148
130 0.0615 0.0529 0.8763 0.1156 0.8461 0.3243 0.4372 0.8235 0.7640 0.7913
131 0.0585 0.0498 0.8790 0.1095 0.8488 0.2567 0.4380 0.8277 0.6968 0.8002
132 0.0500 0.0443 0.8842 0.0956 0.8552 0.2525 0.4251 0.8442 0.6798 0.8152
133 0.0451 0.0424 0.8897 0.0887 0.8613 0.2776 0.4334 0.8399 0.7134 0.8095
134 0.0385 0.0368 0.8992 0.0766 0.8733 0.2722 0.4284 0.8481 0.7030 0.8214
135 0.0387 0.0362 0.9008 0.0762 0.8738 0.2716 0.4279 0.8463 0.7019 0.8171
136 0.0368 0.0355 0.8990 0.0736 0.8717 0.2788 0.4255 0.8480 0.7069 0.8185
137 0.0366 0.0348 0.9007 0.0727 0.8719 0.2713 0.4256 0.8452 0.6993 0.8156
138 0.0419 0.0376 0.9010 0.0808 0.8733 0.2936 0.4441 0.8420 0.7403 0.8099
139 0.0502 0.0430 0.8883 0.0945 0.8600 0.3733 0.4245 0.8177 0.8004 0.7850
140 0.0624 0.0517 0.8761 0.1153 0.8476 0.4032 0.4836 0.7534 0.8890 0.7113
141 0.0644 0.0572 0.8745 0.1227 0.8407 0.2462 0.4438 0.8307 0.6918 0.7954
142 0.0526 0.0484 0.8821 0.1023 0.8521 0.2621 0.4323 0.8410 0.6966 0.8061
143 0.0417 0.0408 0.8934 0.0837 0.8647 0.2828 0.4364 0.8443 0.7214 0.8132
144 0.0437 0.0396 0.8950 0.0846 0.8665 0.2888 0.4353 0.8439 0.7264 0.8128
145 0.0415 0.0376 0.8977 0.0805 0.8687 0.2887 0.4352 0.8451 0.7262 0.8146
146 0.0370 0.0357 0.8978 0.0741 0.8704 0.2856 0.4325 0.8399 0.7205 0.8110
147 0.0359 0.0339 0.9015 0.0711 0.8748 0.3144 0.4306 0.8436 0.7476 0.8173
148 0.0367 0.0340 0.9001 0.0720 0.8729 0.2999 0.4293 0.8439 0.7317 0.8150
149 0.0361 0.0343 0.8980 0.0717 0.8703 0.3027 0.4267 0.8455 0.7318 0.8153
