epoch train_BCELoss train_SoftDiceLoss train_iou train_loss train_mAP val_BCELoss val_SoftDiceLoss val_iou val_loss val_mAP
0 0.6953 0.6700 0.0026 1.3644 0.0006 0.6922 0.7230 0.3449 1.4150 0.3449
1 0.6224 0.6247 0.3515 1.2455 0.3138 0.5155 0.6530 0.5839 1.1663 0.5175
2 0.4342 0.4746 0.6248 0.9058 0.5522 0.3936 0.6004 0.6800 0.9920 0.6100
3 0.3477 0.4027 0.6912 0.7484 0.6256 0.3460 0.5788 0.7074 0.9239 0.6419
4 0.3005 0.3568 0.7240 0.6563 0.6637 0.3024 0.5745 0.7339 0.8764 0.6820
5 0.2626 0.3226 0.7518 0.5844 0.6979 0.2987 0.5596 0.7518 0.8581 0.7009
6 0.2350 0.2939 0.7671 0.5283 0.7156 0.2853 0.5478 0.7653 0.8330 0.7118
7 0.2147 0.2739 0.7761 0.4880 0.7278 0.2453 0.5420 0.7714 0.7871 0.7304
8 0.1857 0.2474 0.8011 0.4326 0.7563 0.2332 0.5445 0.7772 0.7776 0.7356
9 0.1756 0.2356 0.8170 0.4107 0.7738 0.2275 0.5396 0.7845 0.7670 0.7472
10 0.1701 0.2351 0.8222 0.4046 0.7821 0.2254 0.5403 0.7824 0.7656 0.7442
11 0.1712 0.2329 0.8166 0.4035 0.7741 0.2199 0.5358 0.7885 0.7556 0.7492
12 0.1626 0.2208 0.8260 0.3829 0.7832 0.2181 0.5324 0.7810 0.7503 0.7386
13 0.1579 0.2164 0.8192 0.3738 0.7748 0.2509 0.5458 0.7546 0.7968 0.7126
14 0.1570 0.2093 0.8076 0.3659 0.7661 0.2176 0.5257 0.7843 0.7433 0.7463
15 0.1605 0.2085 0.7977 0.3686 0.7519 0.2495 0.5440 0.7594 0.7937 0.7199
16 0.1512 0.1932 0.8099 0.3440 0.7658 0.2322 0.5273 0.7682 0.7596 0.7202
17 0.1343 0.1763 0.8247 0.3102 0.7808 0.2359 0.5210 0.7771 0.7572 0.7356
18 0.1238 0.1655 0.8356 0.2890 0.7958 0.2051 0.5114 0.8023 0.7167 0.7677
19 0.1116 0.1538 0.8453 0.2650 0.8058 0.1962 0.5036 0.8066 0.7000 0.7732
20 0.1025 0.1448 0.8538 0.2470 0.8184 0.1978 0.5051 0.8062 0.7031 0.7749
21 0.1028 0.1465 0.8549 0.2490 0.8168 0.1970 0.5009 0.8038 0.6982 0.7711
22 0.1021 0.1415 0.8526 0.2434 0.8153 0.1970 0.5017 0.8118 0.6990 0.7767
23 0.0999 0.1374 0.8536 0.2370 0.8159 0.2020 0.5009 0.8018 0.7032 0.7679
24 0.0942 0.1309 0.8523 0.2249 0.8152 0.2284 0.5040 0.7891 0.7330 0.7560
25 0.1244 0.1490 0.8214 0.2732 0.7793 0.2311 0.5126 0.7844 0.7442 0.7539
26 0.1026 0.1305 0.8362 0.2328 0.7974 0.2031 0.4949 0.8021 0.6984 0.7702
27 0.0966 0.1218 0.8457 0.2181 0.8081 0.2186 0.4952 0.7896 0.7143 0.7570
28 0.0814 0.1079 0.8577 0.1891 0.8209 0.2188 0.4915 0.8047 0.7109 0.7698
29 0.0787 0.1047 0.8641 0.1832 0.8300 0.2077 0.4885 0.8017 0.6967 0.7680
30 0.0725 0.0987 0.8732 0.1710 0.8409 0.2046 0.4869 0.8015 0.6920 0.7661
31 0.0716 0.0978 0.8696 0.1692 0.8374 0.2414 0.4924 0.7973 0.7345 0.7681
32 0.0730 0.0995 0.8709 0.1722 0.8377 0.2652 0.4992 0.7859 0.7651 0.7544
33 0.0729 0.0944 0.8695 0.1671 0.8358 0.2935 0.4949 0.7729 0.7892 0.7330
34 0.0745 0.0944 0.8639 0.1687 0.8270 0.2489 0.4880 0.7988 0.7376 0.7641
35 0.0811 0.0967 0.8565 0.1776 0.8179 0.2599 0.4981 0.7880 0.7588 0.7532
36 0.0812 0.0940 0.8598 0.1752 0.8232 0.2720 0.4907 0.7804 0.7639 0.7488
37 0.0951 0.1037 0.8424 0.1988 0.8060 0.2230 0.4920 0.7977 0.7158 0.7626
38 0.0670 0.0827 0.8675 0.1497 0.8346 0.2324 0.4827 0.8031 0.7160 0.7675
39 0.0584 0.0754 0.8783 0.1338 0.8453 0.2379 0.4817 0.8092 0.7206 0.7754
40 0.0571 0.0728 0.8792 0.1299 0.8463 0.2244 0.4767 0.8172 0.7021 0.7815
41 0.0579 0.0731 0.8814 0.1310 0.8509 0.2105 0.4754 0.8146 0.6867 0.7824
42 0.0564 0.0704 0.8827 0.1268 0.8528 0.2306 0.4744 0.8104 0.7060 0.7796
43 0.0568 0.0694 0.8785 0.1262 0.8470 0.2309 0.4678 0.8051 0.6995 0.7723
44 0.0698 0.0799 0.8660 0.1497 0.8313 0.2727 0.4824 0.7968 0.7564 0.7671
45 0.0784 0.0858 0.8554 0.1643 0.8184 0.2228 0.4796 0.8045 0.7031 0.7679
46 0.0686 0.0758 0.8640 0.1445 0.8253 0.2467 0.4742 0.8135 0.7220 0.7826
47 0.0730 0.0777 0.8623 0.1509 0.8271 0.2779 0.4748 0.7919 0.7540 0.7541
48 0.0613 0.0683 0.8739 0.1298 0.8414 0.2654 0.4827 0.8023 0.7494 0.7703
49 0.0541 0.0631 0.8819 0.1174 0.8515 0.3114 0.4799 0.7950 0.7929 0.7674
50 0.0540 0.0639 0.8858 0.1181 0.8555 0.2959 0.4761 0.7940 0.7735 0.7647
51 0.0508 0.0603 0.8862 0.1113 0.8562 0.2672 0.4668 0.8020 0.7354 0.7724
52 0.0513 0.0598 0.8862 0.1113 0.8557 0.2659 0.4738 0.8071 0.7411 0.7782
53 0.0542 0.0598 0.8827 0.1143 0.8522 0.2473 0.4730 0.8014 0.7218 0.7704
54 0.0575 0.0628 0.8717 0.1205 0.8390 0.3105 0.4802 0.7827 0.7925 0.7468
55 0.0688 0.0715 0.8570 0.1406 0.8213 0.3428 0.4870 0.7729 0.8318 0.7438
56 0.0813 0.0790 0.8554 0.1607 0.8201 0.2341 0.4776 0.7841 0.7128 0.7480
57 0.0594 0.0619 0.8714 0.1219 0.8392 0.2520 0.4699 0.8126 0.7233 0.7826
58 0.0488 0.0555 0.8820 0.1048 0.8533 0.2395 0.4601 0.8217 0.7011 0.7935
59 0.0443 0.0499 0.8919 0.0947 0.8625 0.2490 0.4549 0.8185 0.7055 0.7872
60 0.0423 0.0479 0.8937 0.0907 0.8646 0.2547 0.4550 0.8185 0.7112 0.7875
61 0.0426 0.0484 0.8957 0.0914 0.8673 0.2614 0.4568 0.8131 0.7198 0.7844
62 0.0434 0.0478 0.8932 0.0917 0.8658 0.2866 0.4619 0.8099 0.7505 0.7817
63 0.0423 0.0476 0.8950 0.0903 0.8677 0.2713 0.4632 0.8091 0.7364 0.7777
64 0.0456 0.0483 0.8903 0.0944 0.8603 0.2852 0.4536 0.8130 0.7408 0.7802
65 0.0506 0.0523 0.8839 0.1033 0.8522 0.2635 0.4680 0.8069 0.7332 0.7783
66 0.0567 0.0550 0.8779 0.1122 0.8456 0.2549 0.4544 0.8166 0.7111 0.7826
67 0.0513 0.0513 0.8840 0.1032 0.8511 0.3011 0.4590 0.7991 0.7623 0.7632
68 0.0461 0.0480 0.8866 0.0946 0.8568 0.2728 0.4512 0.8160 0.7260 0.7853
69 0.0441 0.0450 0.8932 0.0897 0.8637 0.2618 0.4536 0.8217 0.7175 0.7944
70 0.0401 0.0429 0.8956 0.0836 0.8684 0.2716 0.4526 0.8216 0.7265 0.7939
71 0.0388 0.0424 0.9007 0.0817 0.8723 0.2638 0.4527 0.8233 0.7185 0.7960
72 0.0402 0.0434 0.8954 0.0842 0.8676 0.2805 0.4511 0.8155 0.7339 0.7838
73 0.0365 0.0399 0.8988 0.0770 0.8721 0.2785 0.4488 0.8258 0.7297 0.7974
74 0.0365 0.0390 0.9001 0.0760 0.8709 0.2553 0.4490 0.8241 0.7064 0.7963
75 0.0467 0.0461 0.8908 0.0935 0.8591 0.2993 0.4460 0.8043 0.7475 0.7702
76 0.0494 0.0479 0.8805 0.0980 0.8489 0.2863 0.4507 0.8324 0.7394 0.7990
77 0.0392 0.0418 0.8914 0.0817 0.8591 0.2666 0.4358 0.8214 0.7044 0.7886
78 0.0379 0.0389 0.8965 0.0776 0.8682 0.2504 0.4399 0.8261 0.6925 0.7914
79 0.0349 0.0366 0.9026 0.0723 0.8759 0.2646 0.4388 0.8274 0.7056 0.7951
80 0.0332 0.0351 0.9040 0.0692 0.8776 0.2653 0.4371 0.8232 0.7046 0.7915
81 0.0347 0.0360 0.9028 0.0714 0.8763 0.2645 0.4431 0.8235 0.7100 0.7953
82 0.0324 0.0347 0.9077 0.0679 0.8809 0.2735 0.4392 0.8218 0.7152 0.7911
83 0.0348 0.0355 0.9051 0.0711 0.8777 0.2704 0.4435 0.8219 0.7166 0.7924
84 0.0512 0.0486 0.8866 0.1007 0.8580 0.3090 0.4513 0.8077 0.7630 0.7703
85 0.0708 0.0600 0.8680 0.1318 0.8340 0.2957 0.4493 0.7950 0.7472 0.7571
86 0.0534 0.0498 0.8811 0.1041 0.8484 0.2998 0.4424 0.7995 0.7443 0.7731
87 0.0417 0.0418 0.8940 0.0844 0.8624 0.3391 0.4430 0.8110 0.7854 0.7791
88 0.0371 0.0369 0.8973 0.0749 0.8697 0.3094 0.4347 0.8143 0.7469 0.7876
89 0.0340 0.0351 0.9035 0.0700 0.8779 0.3195 0.4291 0.8206 0.7514 0.7917
90 0.0325 0.0333 0.9090 0.0667 0.8830 0.3153 0.4271 0.8206 0.7450 0.7923
91 0.0352 0.0348 0.9062 0.0709 0.8790 0.3005 0.4233 0.8216 0.7263 0.7920
92 0.0316 0.0327 0.9076 0.0653 0.8819 0.3286 0.4225 0.8183 0.7540 0.7904
93 0.0305 0.0319 0.9089 0.0633 0.8831 0.3400 0.4234 0.8196 0.7666 0.7897
94 0.0330 0.0327 0.9071 0.0667 0.8822 0.3161 0.4243 0.8087 0.7434 0.7768
95 0.0467 0.0427 0.8843 0.0904 0.8539 0.3866 0.4675 0.7829 0.8573 0.7467
96 0.0695 0.0592 0.8647 0.1298 0.8303 0.3171 0.4712 0.7697 0.7903 0.7342
97 0.0539 0.0517 0.8803 0.1067 0.8471 0.2629 0.4377 0.8127 0.7027 0.7819
98 0.0406 0.0392 0.8929 0.0809 0.8648 0.2835 0.4311 0.8198 0.7170 0.7905
99 0.0336 0.0339 0.9040 0.0687 0.8789 0.3153 0.4420 0.8166 0.7602 0.7890
