epoch train_BCELoss train_SoftDiceLoss train_iou train_loss train_mAP val_BCELoss val_SoftDiceLoss val_iou val_loss val_mAP
0 0.5409 0.5235 0.4354 1.0630 0.3389 0.4281 0.4842 0.6522 0.9113 0.5775
1 0.3494 0.3853 0.6955 0.7340 0.6276 0.3081 0.4036 0.7418 0.7113 0.6865
2 0.2918 0.3369 0.7261 0.6284 0.6668 0.3055 0.3665 0.7171 0.6718 0.6547
3 0.2552 0.3068 0.7549 0.5619 0.6987 0.2505 0.3372 0.7618 0.5876 0.7097
4 0.2270 0.2783 0.7756 0.5053 0.7241 0.2409 0.3113 0.7569 0.5521 0.7085
5 0.2012 0.2554 0.7928 0.4565 0.7433 0.2391 0.2930 0.7885 0.5322 0.7432
6 0.1904 0.2392 0.7936 0.4296 0.7459 0.2310 0.2898 0.7552 0.5208 0.7096
7 0.1649 0.2162 0.8059 0.3812 0.7597 0.2216 0.2601 0.7682 0.4818 0.7217
8 0.1551 0.2046 0.8146 0.3598 0.7701 0.2041 0.2580 0.7879 0.4622 0.7422
9 0.1343 0.1813 0.8282 0.3158 0.7862 0.2170 0.2521 0.7829 0.4693 0.7411
10 0.1273 0.1693 0.8344 0.2969 0.7939 0.2009 0.2373 0.7894 0.4385 0.7544
11 0.1190 0.1587 0.8399 0.2780 0.7993 0.1932 0.2251 0.7966 0.4185 0.7583
12 0.1232 0.1552 0.8276 0.2788 0.7868 0.2006 0.2353 0.7734 0.4363 0.7366
13 0.1000 0.1341 0.8501 0.2346 0.8151 0.1705 0.2087 0.7893 0.3797 0.7462
14 0.0980 0.1292 0.8461 0.2277 0.8094 0.1884 0.2069 0.7892 0.3959 0.7544
15 0.0893 0.1187 0.8585 0.2086 0.8231 0.2019 0.2012 0.7976 0.4036 0.7595
16 0.0855 0.1154 0.8692 0.2015 0.8365 0.1913 0.1993 0.8026 0.3911 0.7664
17 0.0834 0.1141 0.8668 0.1981 0.8334 0.1943 0.1979 0.8052 0.3927 0.7680
18 0.0786 0.1094 0.8744 0.1886 0.8420 0.1935 0.1988 0.8031 0.3928 0.7660
19 0.0789 0.1128 0.8701 0.1923 0.8382 0.1856 0.1940 0.8083 0.3802 0.7710
20 0.0773 0.1091 0.8748 0.1871 0.8426 0.1947 0.1965 0.8037 0.3916 0.7663
21 0.0746 0.1070 0.8765 0.1823 0.8452 0.1878 0.1903 0.8048 0.3785 0.7658
22 0.0729 0.1038 0.8811 0.1774 0.8504 0.1925 0.1907 0.8034 0.3837 0.7646
23 0.0732 0.1059 0.8778 0.1798 0.8487 0.1895 0.1908 0.8079 0.3808 0.7676
24 0.0694 0.1001 0.8842 0.1703 0.8555 0.1879 0.1879 0.8088 0.3764 0.7692
25 0.0696 0.0999 0.8819 0.1702 0.8535 0.1947 0.1906 0.8070 0.3858 0.7686
26 0.0698 0.1004 0.8815 0.1709 0.8520 0.1895 0.1888 0.8084 0.3789 0.7698
27 0.0694 0.1001 0.8832 0.1702 0.8543 0.1953 0.1902 0.8080 0.3860 0.7695
28 0.0706 0.1021 0.8850 0.1735 0.8551 0.1878 0.1876 0.8093 0.3760 0.7701
29 0.0685 0.0994 0.8822 0.1687 0.8539 0.1901 0.1887 0.8072 0.3794 0.7676
30 0.0829 0.1082 0.8659 0.1918 0.8334 0.1664 0.1766 0.8016 0.3435 0.7585
31 0.0899 0.1074 0.8587 0.1980 0.8234 0.2127 0.2229 0.7614 0.4361 0.7099
32 0.0864 0.1046 0.8562 0.1917 0.8201 0.1784 0.1646 0.7804 0.3435 0.7392
33 0.0799 0.0964 0.8531 0.1771 0.8207 0.1889 0.1676 0.7935 0.3570 0.7473
34 0.0778 0.0917 0.8569 0.1703 0.8249 0.1449 0.1484 0.7993 0.2941 0.7562
35 0.0776 0.0896 0.8523 0.1681 0.8169 0.1738 0.1504 0.7841 0.3249 0.7427
36 0.0936 0.0963 0.7785 0.1908 0.7514 0.2058 0.1723 0.7589 0.3787 0.7054
37 0.0975 0.0951 0.7859 0.1933 0.7565 0.1729 0.1417 0.7986 0.3155 0.7606
38 0.0743 0.0788 0.8027 0.1541 0.7772 0.1488 0.1382 0.8025 0.2878 0.7619
39 0.0684 0.0751 0.8046 0.1445 0.7803 0.1448 0.1361 0.7993 0.2817 0.7608
40 0.0628 0.0710 0.8086 0.1349 0.7857 0.1414 0.1341 0.8072 0.2763 0.7691
41 0.0601 0.0696 0.8133 0.1308 0.7911 0.1397 0.1333 0.8006 0.2739 0.7616
42 0.0618 0.0684 0.8127 0.1313 0.7908 0.1459 0.1301 0.8029 0.2769 0.7665
43 0.0605 0.0673 0.8125 0.1289 0.7915 0.1428 0.1304 0.8044 0.2741 0.7674
44 0.0596 0.0667 0.8175 0.1274 0.7960 0.1419 0.1327 0.8056 0.2755 0.7684
45 0.0581 0.0658 0.8164 0.1250 0.7945 0.1403 0.1283 0.8076 0.2695 0.7701
46 0.0571 0.0636 0.8185 0.1218 0.7980 0.1454 0.1291 0.8056 0.2754 0.7691
47 0.0553 0.0635 0.8189 0.1200 0.7973 0.1436 0.1278 0.8068 0.2722 0.7709
48 0.0564 0.0643 0.8162 0.1218 0.7945 0.1457 0.1281 0.8022 0.2747 0.7638
49 0.0566 0.0642 0.8170 0.1220 0.7954 0.1447 0.1280 0.8056 0.2735 0.7683
50 0.0545 0.0632 0.8189 0.1189 0.7977 0.1420 0.1260 0.8061 0.2688 0.7689
51 0.0554 0.0618 0.8198 0.1184 0.7999 0.1458 0.1283 0.8058 0.2749 0.7700
52 0.0567 0.0639 0.8191 0.1218 0.7981 0.1441 0.1267 0.8047 0.2716 0.7679
53 0.0545 0.0620 0.8201 0.1177 0.7988 0.1488 0.1279 0.8043 0.2775 0.7677
54 0.0590 0.0635 0.8109 0.1236 0.7886 0.1629 0.1308 0.8107 0.2946 0.7714
55 0.0737 0.0730 0.7998 0.1477 0.7748 0.1476 0.1191 0.8166 0.2676 0.7790
56 0.0806 0.0776 0.7887 0.1592 0.7628 0.2064 0.1757 0.7741 0.3829 0.7324
57 0.0842 0.0778 0.7969 0.1630 0.7710 0.1775 0.1541 0.7910 0.3320 0.7474
58 0.0742 0.0698 0.8036 0.1451 0.7791 0.1612 0.1334 0.8047 0.2956 0.7646
59 0.0704 0.0675 0.7990 0.1390 0.7751 0.1788 0.1376 0.7844 0.3171 0.7393
60 0.0711 0.0660 0.7929 0.1381 0.7665 0.1565 0.1322 0.7938 0.2897 0.7500
61 0.0560 0.0533 0.8137 0.1104 0.7914 0.1504 0.1206 0.8091 0.2719 0.7671
62 0.0466 0.0477 0.8191 0.0956 0.7978 0.1457 0.1153 0.8209 0.2621 0.7835
63 0.0441 0.0460 0.8208 0.0915 0.8010 0.1449 0.1128 0.8264 0.2587 0.7887
64 0.0438 0.0450 0.8273 0.0902 0.8082 0.1429 0.1122 0.8209 0.2561 0.7830
65 0.0407 0.0428 0.8266 0.0849 0.8073 0.1436 0.1102 0.8218 0.2548 0.7830
66 0.0402 0.0423 0.8271 0.0839 0.8082 0.1420 0.1088 0.8254 0.2519 0.7876
67 0.0402 0.0416 0.8263 0.0832 0.8075 0.1520 0.1149 0.8214 0.2680 0.7840
68 0.0381 0.0401 0.8270 0.0796 0.8096 0.1488 0.1118 0.8201 0.2616 0.7816
69 0.0395 0.0404 0.8301 0.0813 0.8121 0.1497 0.1115 0.8211 0.2622 0.7827
70 0.0370 0.0391 0.8306 0.0776 0.8127 0.1558 0.1173 0.8179 0.2741 0.7789
71 0.0374 0.0399 0.8307 0.0788 0.8131 0.1551 0.1167 0.8184 0.2728 0.7806
72 0.0388 0.0401 0.8312 0.0804 0.8130 0.1506 0.1104 0.8204 0.2620 0.7818
73 0.0382 0.0397 0.8294 0.0794 0.8120 0.1537 0.1145 0.8181 0.2692 0.7813
74 0.0363 0.0386 0.8302 0.0764 0.8127 0.1516 0.1114 0.8217 0.2639 0.7837
