epoch train_BCELoss train_SoftDiceLoss train_iou train_loss train_mAP val_BCELoss val_SoftDiceLoss val_iou val_loss val_mAP
0 0.7050 0.6650 0.3316 1.8414 0.3288 0.6753 0.7209 0.3560 1.6816 0.3560
1 0.6349 0.6598 0.4369 1.6477 0.4369 0.5973 0.7121 0.3560 1.5732 0.3560
2 0.5145 0.5868 0.5368 1.4268 0.4662 0.4763 0.6761 0.5813 1.2778 0.4868
3 0.4403 0.5326 0.6310 1.2134 0.5534 0.4138 0.6542 0.6526 1.0790 0.5876
4 0.3980 0.4937 0.6795 1.0556 0.6171 0.3842 0.6421 0.6778 0.9848 0.6218
5 0.3832 0.4787 0.6892 1.0038 0.6307 0.3835 0.6430 0.6790 0.9813 0.6239
6 0.3764 0.4722 0.6952 0.9883 0.6356 0.3723 0.6409 0.6932 0.9484 0.6354
7 0.3599 0.4530 0.7194 0.9306 0.6629 0.3548 0.6141 0.7298 0.9061 0.6735
8 0.3568 0.4495 0.7195 0.9288 0.6668 0.3641 0.6176 0.7271 0.9378 0.6704
9 0.3347 0.4299 0.7384 0.8654 0.6872 0.3366 0.6135 0.7324 0.8832 0.6843
10 0.3242 0.4166 0.7404 0.8567 0.6884 0.3289 0.6085 0.7291 0.8816 0.6802
11 0.3093 0.4033 0.7606 0.8079 0.7122 0.3104 0.5988 0.7495 0.8078 0.7011
12 0.2932 0.3816 0.7711 0.7647 0.7247 0.3001 0.6012 0.7511 0.7845 0.7023
13 0.2901 0.3834 0.7809 0.7420 0.7325 0.2857 0.5847 0.7718 0.7389 0.7261
14 0.2770 0.3691 0.7896 0.7044 0.7427 0.2847 0.5833 0.7836 0.7205 0.7406
15 0.2691 0.3613 0.8077 0.6659 0.7622 0.2855 0.5846 0.7832 0.7213 0.7423
16 0.2695 0.3610 0.7961 0.6847 0.7497 0.2781 0.5778 0.7872 0.7045 0.7430
17 0.2666 0.3574 0.7999 0.6782 0.7540 0.2839 0.5926 0.7704 0.7302 0.7256
18 0.2646 0.3530 0.7991 0.6824 0.7526 0.2791 0.5802 0.7795 0.7251 0.7429
19 0.2630 0.3535 0.7948 0.6882 0.7508 0.2751 0.5816 0.7775 0.7219 0.7385
20 0.2502 0.3385 0.8074 0.6525 0.7639 0.2509 0.5604 0.7997 0.6731 0.7539
21 0.2478 0.3324 0.8047 0.6543 0.7630 0.2771 0.5834 0.7706 0.7214 0.7316
22 0.2390 0.3279 0.8133 0.6256 0.7700 0.2450 0.5594 0.8025 0.6452 0.7594
23 0.2273 0.3138 0.8256 0.5871 0.7847 0.2428 0.5598 0.8080 0.6304 0.7689
24 0.2214 0.3057 0.8284 0.5724 0.7883 0.2409 0.5561 0.8104 0.6222 0.7751
25 0.2165 0.3026 0.8338 0.5575 0.7930 0.2351 0.5543 0.8143 0.6130 0.7769
26 0.2121 0.2964 0.8407 0.5431 0.8032 0.2313 0.5519 0.8139 0.6095 0.7763
27 0.2177 0.3044 0.8288 0.5696 0.7858 0.2244 0.5519 0.8186 0.5876 0.7791
28 0.2161 0.2986 0.8329 0.5676 0.7908 0.2189 0.5471 0.8159 0.5930 0.7788
29 0.2066 0.2908 0.8355 0.5459 0.7961 0.2431 0.5563 0.7992 0.6566 0.7656
30 0.2149 0.2986 0.8184 0.5950 0.7777 0.2342 0.5560 0.8012 0.6313 0.7665
31 0.2015 0.2845 0.8301 0.5531 0.7907 0.2107 0.5353 0.8186 0.6023 0.7824
32 0.1950 0.2755 0.8324 0.5400 0.7935 0.2095 0.5409 0.8158 0.5978 0.7815
33 0.1884 0.2686 0.8437 0.5129 0.8053 0.2201 0.5452 0.8066 0.6044 0.7692
34 0.1777 0.2552 0.8535 0.4757 0.8148 0.2007 0.5338 0.8253 0.5575 0.7924
35 0.1746 0.2546 0.8548 0.4638 0.8180 0.2037 0.5360 0.8250 0.5569 0.7923
36 0.1736 0.2506 0.8576 0.4608 0.8217 0.1945 0.5278 0.8355 0.5353 0.8031
37 0.1741 0.2508 0.8483 0.4817 0.8103 0.1975 0.5309 0.8257 0.5599 0.7961
38 0.1762 0.2535 0.8436 0.4995 0.8067 0.2015 0.5370 0.8076 0.5768 0.7773
39 0.1802 0.2528 0.8418 0.5161 0.8046 0.2640 0.5787 0.7514 0.7844 0.7145
40 0.1869 0.2638 0.8257 0.5465 0.7861 0.2274 0.5482 0.7997 0.6316 0.7615
41 0.1749 0.2522 0.8399 0.5112 0.8028 0.1928 0.5281 0.8167 0.5725 0.7843
42 0.1668 0.2407 0.8432 0.4885 0.8051 0.2034 0.5357 0.8193 0.5771 0.7828
43 0.1574 0.2299 0.8540 0.4548 0.8184 0.1855 0.5253 0.8303 0.5348 0.7973
44 0.1503 0.2185 0.8628 0.4295 0.8276 0.1882 0.5227 0.8282 0.5505 0.7982
45 0.1491 0.2220 0.8627 0.4288 0.8292 0.1886 0.5233 0.8297 0.5454 0.8001
46 0.1448 0.2160 0.8677 0.4128 0.8339 0.1843 0.5205 0.8355 0.5297 0.8068
47 0.1511 0.2209 0.8631 0.4296 0.8267 0.2013 0.5309 0.8203 0.5731 0.7854
48 0.1480 0.2168 0.8600 0.4380 0.8233 0.1956 0.5255 0.8223 0.5758 0.7925
49 0.1595 0.2240 0.8455 0.4845 0.8059 0.2334 0.5365 0.8056 0.6787 0.7717
50 0.1579 0.2247 0.8453 0.4849 0.8058 0.2066 0.5377 0.8020 0.6134 0.7683
51 0.1573 0.2255 0.8486 0.4717 0.8108 0.2116 0.5358 0.8032 0.6438 0.7732
52 0.1459 0.2112 0.8521 0.4518 0.8160 0.2231 0.5312 0.8098 0.6468 0.7752
53 0.1452 0.2126 0.8592 0.4300 0.8224 0.2071 0.5255 0.8162 0.6069 0.7871
54 0.1323 0.1959 0.8679 0.3983 0.8337 0.1813 0.5124 0.8279 0.5409 0.7965
55 0.1282 0.1924 0.8723 0.3819 0.8376 0.1728 0.5082 0.8389 0.5197 0.8058
56 0.1284 0.1929 0.8705 0.3872 0.8345 0.1682 0.5083 0.8426 0.4997 0.8135
57 0.1282 0.1898 0.8724 0.3925 0.8375 0.1685 0.5093 0.8389 0.5191 0.8096
58 0.1312 0.1931 0.8662 0.4063 0.8306 0.2236 0.5289 0.7890 0.6598 0.7560
59 0.1309 0.1874 0.8642 0.4172 0.8311 0.1767 0.5134 0.8350 0.5496 0.8039
60 0.1406 0.1997 0.8530 0.4519 0.8147 0.1780 0.5138 0.8238 0.5529 0.7926
61 0.1365 0.1969 0.8623 0.4253 0.8249 0.1703 0.5087 0.8208 0.5599 0.7867
62 0.1266 0.1839 0.8660 0.4031 0.8327 0.1784 0.5176 0.8125 0.5824 0.7756
63 0.1268 0.1843 0.8683 0.4016 0.8345 0.1683 0.5047 0.8416 0.5292 0.8134
64 0.1164 0.1746 0.8704 0.3732 0.8352 0.1784 0.5067 0.8378 0.5460 0.8030
65 0.1149 0.1734 0.8756 0.3703 0.8401 0.1771 0.5043 0.8386 0.5467 0.8067
66 0.1089 0.1642 0.8820 0.3480 0.8491 0.1797 0.5063 0.8376 0.5530 0.8081
67 0.1101 0.1646 0.8810 0.3520 0.8465 0.1772 0.5033 0.8259 0.5573 0.7970
68 0.1112 0.1658 0.8811 0.3556 0.8475 0.2543 0.5244 0.7945 0.7526 0.7587
69 0.1142 0.1670 0.8681 0.3884 0.8350 0.1849 0.5075 0.8224 0.5888 0.7932
70 0.1292 0.1807 0.8584 0.4248 0.8197 0.1655 0.5019 0.8315 0.5489 0.7965
71 0.1334 0.1870 0.8547 0.4337 0.8182 0.1729 0.5070 0.8190 0.5750 0.7920
72 0.1191 0.1764 0.8677 0.3886 0.8318 0.1685 0.4974 0.8299 0.5594 0.8011
73 0.1133 0.1665 0.8756 0.3698 0.8412 0.2131 0.5156 0.8211 0.6518 0.7885
74 0.1015 0.1555 0.8821 0.3359 0.8474 0.1533 0.4937 0.8416 0.5021 0.8118
75 0.0992 0.1503 0.8803 0.3376 0.8468 0.1549 0.4938 0.8441 0.5064 0.8148
76 0.1031 0.1549 0.8855 0.3363 0.8510 0.1656 0.4952 0.8423 0.5301 0.8185
77 0.1008 0.1495 0.8850 0.3345 0.8499 0.1749 0.4965 0.8326 0.5574 0.8026
78 0.1095 0.1585 0.8762 0.3611 0.8406 0.1808 0.5017 0.8357 0.5742 0.8075
79 0.1055 0.1520 0.8840 0.3505 0.8497 0.1505 0.4955 0.8299 0.5295 0.7964
80 0.1099 0.1574 0.8686 0.3869 0.8321 0.1703 0.4905 0.8291 0.5801 0.8040
81 0.1094 0.1593 0.8745 0.3674 0.8417 0.2171 0.5014 0.8261 0.6734 0.7954
82 0.1039 0.1498 0.8724 0.3623 0.8394 0.2253 0.5065 0.8053 0.6993 0.7671
83 0.0991 0.1451 0.8811 0.3442 0.8463 0.1849 0.4967 0.8252 0.5997 0.7987
84 0.0937 0.1416 0.8869 0.3180 0.8536 0.1468 0.4893 0.8470 0.4870 0.8203
85 0.0919 0.1387 0.8910 0.3077 0.8603 0.1450 0.4864 0.8494 0.4896 0.8202
86 0.0885 0.1360 0.8866 0.3124 0.8542 0.1548 0.4866 0.8432 0.5043 0.8145
87 0.0892 0.1308 0.8888 0.3122 0.8562 0.1689 0.4954 0.8318 0.5723 0.8059
88 0.0892 0.1320 0.8825 0.3221 0.8487 0.2072 0.4908 0.8317 0.6547 0.8004
89 0.0954 0.1382 0.8762 0.3470 0.8391 0.1694 0.4909 0.8367 0.5566 0.8056
90 0.0969 0.1394 0.8754 0.3500 0.8423 0.1956 0.5076 0.8208 0.6345 0.7920
91 0.1069 0.1509 0.8737 0.3695 0.8401 0.1885 0.5081 0.8228 0.5845 0.7882
92 0.1056 0.1517 0.8712 0.3683 0.8349 0.1471 0.4919 0.8299 0.5236 0.7999
93 0.1044 0.1500 0.8766 0.3545 0.8405 0.1435 0.4850 0.8475 0.4913 0.8188
94 0.0876 0.1319 0.8815 0.3185 0.8482 0.1597 0.4838 0.8449 0.5224 0.8131
95 0.0851 0.1259 0.8923 0.2980 0.8605 0.1511 0.4847 0.8518 0.4959 0.8241
96 0.0832 0.1243 0.8944 0.2924 0.8598 0.1456 0.4774 0.8460 0.5021 0.8175
97 0.0821 0.1240 0.8897 0.3059 0.8585 0.1720 0.4858 0.8435 0.5709 0.8196
98 0.0894 0.1294 0.8858 0.3222 0.8531 0.2027 0.4854 0.8280 0.6465 0.8017
99 0.0921 0.1319 0.8818 0.3389 0.8459 0.1964 0.4874 0.8304 0.6389 0.7952
100 0.0988 0.1437 0.8794 0.3531 0.8432 0.1700 0.5011 0.8271 0.5711 0.7904
101 0.1025 0.1394 0.8752 0.3653 0.8412 0.1838 0.4948 0.8263 0.6092 0.7932
102 0.0955 0.1404 0.8861 0.3315 0.8521 0.1611 0.4847 0.8379 0.5400 0.8093
103 0.0909 0.1312 0.8854 0.3269 0.8523 0.1636 0.4837 0.8262 0.5591 0.7961
104 0.0853 0.1268 0.8839 0.3147 0.8513 0.1627 0.4876 0.8401 0.5334 0.8138
105 0.0833 0.1221 0.8926 0.2971 0.8609 0.1628 0.4856 0.8419 0.5328 0.8144
106 0.0804 0.1207 0.8951 0.2931 0.8647 0.1655 0.4794 0.8438 0.5438 0.8181
107 0.0776 0.1167 0.8909 0.2963 0.8597 0.1597 0.4789 0.8430 0.5402 0.8179
108 0.0762 0.1129 0.8940 0.2909 0.8613 0.1602 0.4765 0.8466 0.5464 0.8214
109 0.0740 0.1091 0.8894 0.2938 0.8560 0.1748 0.4848 0.8269 0.5928 0.7923
110 0.0902 0.1257 0.8821 0.3395 0.8471 0.1927 0.4805 0.8252 0.6616 0.7925
111 0.0918 0.1339 0.8807 0.3363 0.8459 0.1807 0.4895 0.8456 0.5752 0.8117
112 0.0921 0.1296 0.8805 0.3373 0.8474 0.1729 0.4887 0.8366 0.5642 0.8084
113 0.0765 0.1116 0.8943 0.2881 0.8614 0.1779 0.4758 0.8428 0.5832 0.8147
114 0.0729 0.1079 0.8945 0.2807 0.8608 0.1636 0.4717 0.8468 0.5486 0.8175
115 0.0677 0.1016 0.8952 0.2665 0.8624 0.1679 0.4720 0.8437 0.5588 0.8152
116 0.0686 0.1013 0.8989 0.2666 0.8634 0.1730 0.4745 0.8477 0.5705 0.8217
117 0.0725 0.1056 0.8992 0.2707 0.8652 0.1677 0.4779 0.8483 0.5612 0.8229
118 0.0737 0.1088 0.8957 0.2834 0.8644 0.1687 0.4715 0.8469 0.5649 0.8184
119 0.0731 0.1068 0.8910 0.2931 0.8569 0.1693 0.4821 0.8444 0.5614 0.8110
120 0.0856 0.1168 0.8831 0.3329 0.8469 0.2002 0.4932 0.8199 0.6992 0.7926
121 0.0905 0.1315 0.8793 0.3377 0.8444 0.2083 0.4891 0.8149 0.6751 0.7809
122 0.0774 0.1139 0.8874 0.3050 0.8545 0.1852 0.4848 0.8266 0.6281 0.8027
123 0.0743 0.1097 0.8911 0.2939 0.8566 0.1655 0.4761 0.8426 0.5528 0.8145
124 0.0659 0.0978 0.9007 0.2603 0.8676 0.1656 0.4725 0.8545 0.5539 0.8276
125 0.0633 0.0957 0.9019 0.2585 0.8708 0.1642 0.4725 0.8539 0.5514 0.8271
126 0.0630 0.0952 0.8965 0.2634 0.8637 0.1569 0.4716 0.8470 0.5439 0.8214
127 0.0649 0.0973 0.8995 0.2617 0.8670 0.1532 0.4659 0.8470 0.5371 0.8241
128 0.0655 0.0952 0.9000 0.2601 0.8670 0.1729 0.4672 0.8416 0.6032 0.8147
129 0.0734 0.1036 0.8910 0.2944 0.8570 0.1677 0.4761 0.8324 0.6010 0.8077
130 0.0858 0.1232 0.8782 0.3365 0.8438 0.1742 0.4765 0.8364 0.6215 0.8061
131 0.0711 0.1027 0.8937 0.2877 0.8606 0.2203 0.4846 0.8169 0.7323 0.7876
132 0.0713 0.1033 0.8905 0.2921 0.8565 0.1480 0.4764 0.8450 0.5405 0.8144
133 0.0660 0.0969 0.8939 0.2727 0.8609 0.1740 0.4694 0.8440 0.5803 0.8182
134 0.0632 0.0918 0.9011 0.2603 0.8682 0.1647 0.4644 0.8568 0.5516 0.8320
135 0.0586 0.0883 0.9007 0.2533 0.8688 0.1639 0.4622 0.8567 0.5571 0.8328
136 0.0574 0.0856 0.9062 0.2377 0.8736 0.1656 0.4628 0.8502 0.5603 0.8244
137 0.0549 0.0825 0.9023 0.2416 0.8716 0.2052 0.4674 0.8401 0.6609 0.8160
138 0.0553 0.0804 0.9042 0.2383 0.8712 0.1791 0.4676 0.8361 0.6096 0.8092
139 0.0620 0.0877 0.8994 0.2640 0.8663 0.1529 0.4656 0.8459 0.5430 0.8104
140 0.0718 0.1004 0.8910 0.2876 0.8570 0.2825 0.4730 0.7872 0.9193 0.7619
141 0.0781 0.1099 0.8863 0.3126 0.8518 0.1653 0.4874 0.8217 0.5875 0.7882
142 0.0775 0.1102 0.8912 0.2949 0.8578 0.1787 0.4688 0.8365 0.5990 0.8113
143 0.0679 0.0991 0.8976 0.2705 0.8642 0.1887 0.4749 0.8334 0.6265 0.8074
144 0.0628 0.0911 0.9024 0.2513 0.8688 0.1762 0.4667 0.8441 0.5916 0.8201
145 0.0538 0.0813 0.9080 0.2299 0.8753 0.1794 0.4642 0.8438 0.5983 0.8192
146 0.0557 0.0835 0.9063 0.2396 0.8747 0.1666 0.4662 0.8446 0.5675 0.8183
147 0.0549 0.0799 0.9048 0.2355 0.8714 0.1553 0.4615 0.8502 0.5519 0.8254
148 0.0574 0.0832 0.9051 0.2450 0.8716 0.1889 0.4661 0.8425 0.6219 0.8093
149 0.0574 0.0821 0.9058 0.2457 0.8715 0.2344 0.4658 0.8174 0.7420 0.7857
