epoch train_BCELoss train_SoftDiceLoss train_iou train_loss train_mAP val_BCELoss val_SoftDiceLoss val_iou val_loss val_mAP
0 0.7611 0.6559 0.0471 1.4154 0.0001 0.7138 0.7150 0.0017 1.4283 0.0000
1 0.6356 0.6001 0.4057 1.2332 0.3490 0.5148 0.6493 0.5849 1.1614 0.5220
2 0.4317 0.4579 0.6342 0.8860 0.5673 0.4295 0.5938 0.6586 1.0220 0.5733
3 0.3335 0.3814 0.7040 0.7126 0.6455 0.3189 0.5745 0.7170 0.8924 0.6578
4 0.2922 0.3419 0.7264 0.6328 0.6710 0.2806 0.5717 0.7340 0.8516 0.6845
5 0.2624 0.3131 0.7459 0.5745 0.6950 0.2657 0.5545 0.7350 0.8198 0.6798
6 0.2358 0.2854 0.7621 0.5203 0.7155 0.2553 0.5431 0.7601 0.7982 0.7057
7 0.2154 0.2674 0.7765 0.4818 0.7291 0.2531 0.5391 0.7747 0.7919 0.7301
8 0.1920 0.2459 0.7935 0.4369 0.7486 0.2359 0.5375 0.7781 0.7731 0.7366
9 0.1792 0.2345 0.8071 0.4128 0.7646 0.2212 0.5358 0.7805 0.7567 0.7412
10 0.1738 0.2283 0.8045 0.4013 0.7578 0.2236 0.5309 0.7840 0.7543 0.7402
11 0.1696 0.2227 0.8091 0.3914 0.7674 0.2302 0.5320 0.7862 0.7619 0.7422
12 0.1730 0.2207 0.8102 0.3929 0.7684 0.2532 0.5314 0.7781 0.7845 0.7276
13 0.1704 0.2152 0.8122 0.3847 0.7697 0.2447 0.5305 0.7714 0.7750 0.7217
14 0.1701 0.2117 0.7976 0.3809 0.7553 0.2487 0.5250 0.7776 0.7736 0.7304
15 0.1632 0.2055 0.7969 0.3680 0.7554 0.2761 0.5414 0.7497 0.8176 0.7048
16 0.1623 0.1972 0.8013 0.3588 0.7587 0.1943 0.5144 0.7901 0.7087 0.7458
17 0.1380 0.1711 0.8245 0.3084 0.7856 0.2404 0.5201 0.7745 0.7604 0.7314
18 0.1305 0.1667 0.8268 0.2965 0.7847 0.2054 0.5075 0.7905 0.7129 0.7481
19 0.1185 0.1545 0.8364 0.2723 0.8002 0.2033 0.5077 0.8009 0.7110 0.7655
20 0.1169 0.1481 0.8406 0.2645 0.8040 0.1977 0.5030 0.8038 0.7008 0.7634
21 0.1123 0.1454 0.8508 0.2571 0.8156 0.2054 0.5034 0.8090 0.7088 0.7688
22 0.1145 0.1499 0.8393 0.2638 0.8030 0.1928 0.5029 0.8073 0.6958 0.7711
23 0.1168 0.1436 0.8370 0.2598 0.8005 0.2271 0.5088 0.7930 0.7361 0.7558
24 0.1344 0.1544 0.8228 0.2883 0.7840 0.3618 0.5414 0.7242 0.9035 0.6762
25 0.1395 0.1582 0.8190 0.2973 0.7788 0.2703 0.5130 0.7564 0.7836 0.7129
26 0.1275 0.1477 0.8214 0.2748 0.7817 0.2173 0.5109 0.7907 0.7284 0.7494
27 0.1177 0.1350 0.8292 0.2524 0.7897 0.2657 0.5033 0.7644 0.7693 0.7167
28 0.0995 0.1221 0.8450 0.2213 0.8114 0.1938 0.4930 0.8131 0.6870 0.7802
29 0.0951 0.1161 0.8528 0.2109 0.8174 0.1867 0.4866 0.8151 0.6735 0.7815
30 0.0816 0.1072 0.8565 0.1884 0.8244 0.1837 0.4884 0.8172 0.6723 0.7837
31 0.0824 0.1051 0.8629 0.1872 0.8285 0.1893 0.4866 0.8175 0.6761 0.7804
32 0.0868 0.1064 0.8583 0.1929 0.8226 0.1891 0.4855 0.8097 0.6748 0.7734
33 0.0939 0.1101 0.8508 0.2038 0.8166 0.1869 0.4881 0.8158 0.6753 0.7824
34 0.0914 0.1057 0.8506 0.1968 0.8154 0.1923 0.4848 0.8132 0.6775 0.7757
35 0.1142 0.1210 0.8292 0.2351 0.7914 0.2023 0.4849 0.8028 0.6877 0.7549
36 0.1028 0.1106 0.8408 0.2133 0.8036 0.2345 0.5049 0.7914 0.7399 0.7566
37 0.0976 0.1058 0.8424 0.2033 0.8053 0.1895 0.4770 0.8188 0.6670 0.7859
38 0.0809 0.0919 0.8597 0.1728 0.8265 0.2374 0.4782 0.8050 0.7161 0.7701
39 0.0787 0.0898 0.8593 0.1685 0.8282 0.1865 0.4703 0.8180 0.6573 0.7805
40 0.0715 0.0851 0.8671 0.1566 0.8360 0.1849 0.4702 0.8198 0.6556 0.7827
41 0.0711 0.0825 0.8735 0.1536 0.8418 0.1925 0.4686 0.8242 0.6615 0.7892
42 0.0723 0.0843 0.8659 0.1565 0.8348 0.1988 0.4703 0.8232 0.6695 0.7905
43 0.0777 0.0849 0.8613 0.1626 0.8303 0.2000 0.4744 0.8192 0.6749 0.7873
44 0.0783 0.0829 0.8602 0.1613 0.8266 0.2239 0.4732 0.8104 0.6978 0.7770
45 0.1060 0.1037 0.8397 0.2098 0.8035 0.2736 0.4884 0.7791 0.7627 0.7425
46 0.1198 0.1170 0.8262 0.2370 0.7896 0.2185 0.4826 0.8067 0.7018 0.7727
47 0.0853 0.0885 0.8495 0.1740 0.8149 0.2243 0.4725 0.8028 0.6975 0.7672
48 0.0787 0.0846 0.8573 0.1635 0.8253 0.2166 0.4740 0.8171 0.6915 0.7901
49 0.0662 0.0719 0.8677 0.1384 0.8374 0.2372 0.4693 0.8154 0.7074 0.7859
50 0.0611 0.0671 0.8735 0.1284 0.8433 0.2352 0.4681 0.8160 0.7041 0.7862
51 0.0596 0.0678 0.8719 0.1276 0.8424 0.2275 0.4716 0.8195 0.6999 0.7921
52 0.0642 0.0703 0.8726 0.1347 0.8438 0.2081 0.4733 0.8094 0.6822 0.7769
53 0.0628 0.0681 0.8667 0.1312 0.8349 0.2422 0.4742 0.8127 0.7175 0.7844
54 0.0668 0.0708 0.8697 0.1379 0.8377 0.2511 0.4697 0.8117 0.7217 0.7807
55 0.1011 0.0945 0.8471 0.1960 0.8125 0.2877 0.4837 0.7896 0.7725 0.7579
56 0.0987 0.0970 0.8379 0.1962 0.7999 0.2317 0.4695 0.8174 0.7023 0.7812
57 0.0904 0.0870 0.8496 0.1779 0.8155 0.2197 0.4657 0.8092 0.6863 0.7721
58 0.0690 0.0705 0.8692 0.1400 0.8368 0.2439 0.4666 0.8143 0.7115 0.7791
59 0.0643 0.0670 0.8680 0.1318 0.8387 0.2148 0.4601 0.8267 0.6759 0.7968
60 0.0607 0.0626 0.8711 0.1238 0.8411 0.2154 0.4578 0.8276 0.6742 0.7968
61 0.0574 0.0604 0.8784 0.1183 0.8490 0.2235 0.4583 0.8211 0.6828 0.7884
62 0.0556 0.0585 0.8714 0.1147 0.8419 0.2046 0.4630 0.8309 0.6688 0.8017
63 0.0665 0.0646 0.8743 0.1316 0.8448 0.2510 0.4614 0.8121 0.7136 0.7811
64 0.0597 0.0600 0.8754 0.1203 0.8453 0.2545 0.4745 0.8120 0.7302 0.7778
65 0.0817 0.0758 0.8579 0.1580 0.8248 0.3229 0.4620 0.7905 0.7862 0.7517
66 0.0714 0.0675 0.8570 0.1395 0.8255 0.2776 0.4611 0.8162 0.7400 0.7843
67 0.0600 0.0601 0.8683 0.1208 0.8379 0.2307 0.4527 0.8213 0.6844 0.7878
68 0.0540 0.0550 0.8764 0.1097 0.8463 0.2390 0.4548 0.8168 0.6950 0.7849
69 0.0490 0.0518 0.8786 0.1015 0.8496 0.2294 0.4560 0.8273 0.6866 0.7967
70 0.0510 0.0530 0.8785 0.1047 0.8508 0.2298 0.4581 0.8274 0.6892 0.7981
71 0.0498 0.0515 0.8831 0.1020 0.8546 0.2164 0.4524 0.8264 0.6700 0.7961
72 0.0472 0.0486 0.8844 0.0966 0.8578 0.2371 0.4584 0.8242 0.6967 0.7949
73 0.0475 0.0490 0.8836 0.0972 0.8576 0.2497 0.4423 0.8229 0.6931 0.7897
74 0.0540 0.0526 0.8774 0.1073 0.8473 0.2339 0.4667 0.8155 0.7018 0.7807
75 0.0748 0.0702 0.8606 0.1457 0.8292 0.3961 0.4875 0.7757 0.8853 0.7376
76 0.0787 0.0739 0.8577 0.1533 0.8225 0.2697 0.4541 0.8131 0.7251 0.7810
77 0.0678 0.0632 0.8696 0.1317 0.8386 0.2131 0.4613 0.8233 0.6756 0.7913
78 0.0563 0.0553 0.8794 0.1124 0.8484 0.2293 0.4435 0.8290 0.6741 0.8000
79 0.0468 0.0487 0.8831 0.0963 0.8552 0.2380 0.4284 0.8316 0.6675 0.8036
80 0.0465 0.0465 0.8896 0.0938 0.8634 0.2355 0.4271 0.8335 0.6637 0.8057
81 0.0474 0.0469 0.8889 0.0952 0.8623 0.2382 0.4275 0.8380 0.6669 0.8078
82 0.0459 0.0464 0.8827 0.0932 0.8546 0.2633 0.4412 0.8261 0.7060 0.7969
83 0.0477 0.0476 0.8833 0.0962 0.8555 0.3186 0.4674 0.8132 0.7878 0.7872
84 0.0568 0.0528 0.8744 0.1104 0.8436 0.2647 0.4619 0.8124 0.7280 0.7782
85 0.0975 0.0862 0.8389 0.1845 0.8020 0.3567 0.4881 0.7731 0.8465 0.7330
86 0.0759 0.0709 0.8550 0.1476 0.8232 0.2991 0.4610 0.8023 0.7615 0.7700
87 0.0688 0.0630 0.8684 0.1327 0.8370 0.2557 0.4538 0.8058 0.7108 0.7720
88 0.0607 0.0565 0.8728 0.1181 0.8427 0.2266 0.4558 0.8233 0.6838 0.7911
89 0.0523 0.0523 0.8799 0.1055 0.8493 0.2996 0.4526 0.8174 0.7538 0.7884
90 0.0488 0.0486 0.8805 0.0983 0.8514 0.2681 0.4517 0.8231 0.7214 0.7930
91 0.0452 0.0455 0.8852 0.0916 0.8560 0.2649 0.4474 0.8270 0.7139 0.7973
92 0.0464 0.0449 0.8867 0.0923 0.8576 0.2366 0.4422 0.8344 0.6803 0.8037
93 0.0494 0.0469 0.8820 0.0973 0.8537 0.2612 0.4506 0.8225 0.7135 0.7938
94 0.0512 0.0470 0.8873 0.0992 0.8576 0.2805 0.4427 0.8180 0.7249 0.7862
95 0.0574 0.0527 0.8803 0.1111 0.8506 0.2702 0.4570 0.8097 0.7289 0.7796
96 0.0595 0.0538 0.8720 0.1142 0.8427 0.2505 0.4626 0.8208 0.7147 0.7879
97 0.0539 0.0491 0.8818 0.1040 0.8526 0.2921 0.4548 0.8083 0.7488 0.7733
98 0.0440 0.0430 0.8891 0.0880 0.8618 0.2819 0.4567 0.8211 0.7404 0.7876
99 0.0400 0.0385 0.8876 0.0795 0.8614 0.2761 0.4419 0.8242 0.7197 0.7898
