epoch train_BCELoss train_SoftDiceLoss train_iou train_loss train_mAP val_BCELoss val_SoftDiceLoss val_iou val_loss val_mAP
0 0.5198 0.5720 0.1355 1.0895 0.0872 0.4615 0.4252 0.4272 0.8840 0.3160
1 0.3782 0.4309 0.4496 0.8072 0.4032 0.2688 0.2941 0.6763 0.5615 0.6071
2 0.3375 0.3818 0.4739 0.7181 0.4267 0.2256 0.2479 0.7490 0.4729 0.6864
3 0.3118 0.3550 0.4880 0.6661 0.4411 0.2295 0.2688 0.7181 0.4979 0.6510
4 0.3018 0.3392 0.4899 0.6406 0.4453 0.1985 0.2187 0.7607 0.4169 0.7073
5 0.2924 0.3159 0.4874 0.6081 0.4424 0.1831 0.2053 0.7822 0.3885 0.7249
6 0.2784 0.3108 0.5003 0.5892 0.4522 0.1827 0.2040 0.7828 0.3869 0.7347
7 0.2702 0.2867 0.4962 0.5569 0.4478 0.2020 0.2051 0.7589 0.4071 0.6987
8 0.2652 0.2850 0.5072 0.5503 0.4568 0.1715 0.1793 0.8038 0.3511 0.7533
9 0.2472 0.2635 0.5217 0.5109 0.4727 0.1590 0.1601 0.8104 0.3194 0.7584
10 0.2374 0.2536 0.5303 0.4912 0.4818 0.1532 0.1542 0.8173 0.3079 0.7675
11 0.2278 0.2393 0.5244 0.4674 0.4738 0.1567 0.1571 0.8144 0.3141 0.7635
12 0.2299 0.2441 0.5288 0.4742 0.4830 0.1544 0.1572 0.8228 0.3121 0.7772
13 0.2320 0.2362 0.5108 0.4684 0.4639 0.1556 0.1550 0.8103 0.3110 0.7626
14 0.2342 0.2428 0.5228 0.4773 0.4779 0.1532 0.1521 0.8208 0.3058 0.7751
15 0.2286 0.2378 0.5146 0.4667 0.4678 0.1520 0.1531 0.8232 0.3056 0.7766
16 0.2255 0.2360 0.5200 0.4617 0.4709 0.1522 0.1514 0.8181 0.3041 0.7702
17 0.2239 0.2331 0.5324 0.4573 0.4837 0.1530 0.1520 0.8130 0.3054 0.7644
18 0.2275 0.2405 0.5306 0.4682 0.4838 0.1540 0.1541 0.8146 0.3085 0.7651
19 0.2249 0.2404 0.5338 0.4655 0.4868 0.1531 0.1514 0.8159 0.3049 0.7681
20 0.2413 0.2547 0.5238 0.4962 0.4757 0.1777 0.1565 0.8017 0.3347 0.7552
21 0.2465 0.2404 0.5162 0.4873 0.4684 0.1512 0.1412 0.8166 0.2930 0.7708
22 0.2409 0.2430 0.5330 0.4842 0.4880 0.1507 0.1415 0.8121 0.2929 0.7673
23 0.2420 0.2320 0.5173 0.4744 0.4684 0.1775 0.1638 0.8050 0.3420 0.7606
24 0.2295 0.2208 0.5174 0.4507 0.4680 0.1816 0.1577 0.7802 0.3398 0.7347
25 0.2322 0.2171 0.5279 0.4498 0.4815 0.1548 0.1324 0.8177 0.2880 0.7728
26 0.2201 0.2168 0.5235 0.4374 0.4763 0.1538 0.1343 0.8262 0.2888 0.7838
27 0.2170 0.2115 0.5286 0.4290 0.4813 0.1532 0.1337 0.8261 0.2877 0.7842
28 0.2211 0.2174 0.5301 0.4390 0.4807 0.1515 0.1304 0.8281 0.2827 0.7863
29 0.2184 0.2039 0.5154 0.4228 0.4680 0.1538 0.1332 0.8256 0.2877 0.7842
30 0.2127 0.2070 0.5175 0.4202 0.4676 0.1518 0.1316 0.8337 0.2842 0.7943
31 0.2208 0.2143 0.5232 0.4357 0.4754 0.1534 0.1298 0.8322 0.2839 0.7930
32 0.2189 0.2125 0.5220 0.4320 0.4727 0.1530 0.1317 0.8335 0.2855 0.7939
33 0.2151 0.2079 0.5290 0.4236 0.4818 0.1599 0.1329 0.8209 0.2935 0.7775
34 0.2099 0.2046 0.5263 0.4151 0.4783 0.1520 0.1305 0.8308 0.2833 0.7904
35 0.2228 0.2154 0.5327 0.4386 0.4854 0.1662 0.1344 0.7916 0.3014 0.7490
36 0.2262 0.2174 0.5296 0.4440 0.4808 0.1624 0.1290 0.8302 0.2922 0.7869
37 0.2227 0.2128 0.5260 0.4360 0.4767 0.1612 0.1425 0.8122 0.3045 0.7723
38 0.2220 0.2055 0.5239 0.4281 0.4722 0.1698 0.1233 0.8172 0.2940 0.7773
39 0.2321 0.2196 0.5185 0.4523 0.4712 0.1653 0.1347 0.8153 0.3009 0.7738
40 0.2169 0.2004 0.5100 0.4180 0.4617 0.1432 0.1177 0.8380 0.2619 0.7987
41 0.2213 0.2061 0.5223 0.4281 0.4732 0.1470 0.1151 0.8353 0.2631 0.7964
42 0.2088 0.1947 0.5314 0.4042 0.4798 0.1394 0.1136 0.8326 0.2540 0.7939
43 0.2065 0.1890 0.5166 0.3963 0.4699 0.1416 0.1138 0.8301 0.2563 0.7914
44 0.2097 0.1950 0.5282 0.4054 0.4773 0.1451 0.1119 0.8287 0.2580 0.7894
45 0.2067 0.1959 0.5342 0.4033 0.4872 0.1452 0.1129 0.8301 0.2591 0.7910
46 0.2121 0.1967 0.5268 0.4095 0.4780 0.1441 0.1127 0.8376 0.2578 0.7981
47 0.2098 0.1918 0.5255 0.4023 0.4773 0.1467 0.1146 0.8292 0.2622 0.7898
48 0.2059 0.1947 0.5302 0.4013 0.4825 0.1464 0.1135 0.8288 0.2609 0.7896
49 0.2056 0.1922 0.5296 0.3986 0.4805 0.1440 0.1127 0.8304 0.2576 0.7916
50 0.2109 0.1949 0.5253 0.4065 0.4764 0.1476 0.1134 0.8269 0.2620 0.7877
51 0.2048 0.1906 0.5222 0.3961 0.4722 0.1431 0.1120 0.8294 0.2560 0.7900
52 0.2100 0.1962 0.5194 0.4069 0.4723 0.1463 0.1121 0.8270 0.2593 0.7872
53 0.2002 0.1917 0.5314 0.3926 0.4827 0.1464 0.1131 0.8295 0.2605 0.7892
54 0.2061 0.1946 0.5288 0.4015 0.4824 0.1456 0.1126 0.8280 0.2591 0.7881
55 0.1987 0.1858 0.5378 0.3852 0.4878 0.1433 0.1116 0.8325 0.2558 0.7940
56 0.2039 0.1905 0.5363 0.3950 0.4852 0.1446 0.1128 0.8331 0.2583 0.7935
57 0.2035 0.1873 0.5331 0.3915 0.4813 0.1444 0.1131 0.8306 0.2585 0.7920
58 0.2064 0.1907 0.5260 0.3979 0.4785 0.1459 0.1130 0.8301 0.2599 0.7922
59 0.2092 0.1927 0.5246 0.4027 0.4760 0.1450 0.1125 0.8304 0.2585 0.7898
