epoch train_BCELoss train_SoftDiceLoss train_iou train_loss train_mAP val_BCELoss val_SoftDiceLoss val_iou val_loss val_mAP
0 0.7083 0.6678 0.0083 1.3740 0.0000 0.6955 0.7224 0.3549 1.4174 0.3549
1 0.6010 0.6057 0.3979 1.2033 0.3515 0.4762 0.6480 0.6047 1.1196 0.5360
2 0.3762 0.4231 0.6421 0.7929 0.5714 0.3766 0.5848 0.6781 0.9573 0.6041
3 0.2871 0.3382 0.7015 0.6200 0.6412 0.2787 0.5726 0.7268 0.8486 0.6818
4 0.2475 0.3005 0.7216 0.5450 0.6660 0.3381 0.5504 0.7405 0.8876 0.6843
5 0.2170 0.2701 0.7427 0.4849 0.6937 0.2391 0.5460 0.7503 0.7841 0.7050
6 0.1997 0.2465 0.7587 0.4444 0.7093 0.2159 0.5342 0.7743 0.7493 0.7240
7 0.1739 0.2218 0.7823 0.3940 0.7342 0.2146 0.5339 0.7794 0.7476 0.7388
8 0.1566 0.2057 0.7911 0.3606 0.7464 0.2200 0.5286 0.7882 0.7478 0.7502
9 0.1417 0.1880 0.8176 0.3282 0.7736 0.2104 0.5190 0.7943 0.7288 0.7530
10 0.1314 0.1812 0.8231 0.3110 0.7832 0.2045 0.5213 0.7966 0.7251 0.7593
11 0.1319 0.1794 0.8226 0.3097 0.7811 0.2081 0.5208 0.7934 0.7282 0.7488
12 0.1311 0.1759 0.8172 0.3055 0.7712 0.1939 0.5122 0.8061 0.7055 0.7612
13 0.1322 0.1727 0.8151 0.3034 0.7722 0.2086 0.5162 0.7812 0.7242 0.7385
14 0.1451 0.1789 0.7974 0.3228 0.7523 0.2471 0.5277 0.7715 0.7744 0.7231
15 0.1472 0.1763 0.7971 0.3224 0.7499 0.2923 0.5459 0.7320 0.8378 0.6825
16 0.1363 0.1673 0.8035 0.3026 0.7586 0.2039 0.5094 0.7875 0.7130 0.7478
17 0.1200 0.1451 0.8255 0.2641 0.7852 0.1801 0.4987 0.8058 0.6786 0.7644
18 0.1025 0.1310 0.8416 0.2326 0.8016 0.2146 0.5038 0.8098 0.7183 0.7703
19 0.0942 0.1259 0.8488 0.2192 0.8107 0.1979 0.4969 0.8122 0.6945 0.7750
20 0.0879 0.1171 0.8536 0.2041 0.8148 0.1954 0.4945 0.8173 0.6898 0.7759
21 0.0874 0.1154 0.8553 0.2019 0.8178 0.1965 0.4955 0.8171 0.6919 0.7800
22 0.0851 0.1125 0.8510 0.1967 0.8143 0.2046 0.4956 0.8182 0.7001 0.7791
23 0.0929 0.1176 0.8458 0.2097 0.8077 0.1951 0.4942 0.8104 0.6891 0.7721
24 0.0938 0.1154 0.8403 0.2085 0.8002 0.2200 0.4934 0.8090 0.7134 0.7665
25 0.1121 0.1278 0.8322 0.2393 0.7911 0.2504 0.5157 0.7497 0.7662 0.6908
26 0.1042 0.1206 0.8201 0.2243 0.7781 0.2032 0.5043 0.7928 0.7077 0.7529
27 0.0886 0.1035 0.8440 0.1917 0.8060 0.2013 0.4814 0.8166 0.6828 0.7787
28 0.0763 0.0928 0.8512 0.1688 0.8147 0.1999 0.4792 0.8205 0.6792 0.7810
29 0.0712 0.0874 0.8645 0.1582 0.8287 0.2058 0.4749 0.8177 0.6808 0.7806
30 0.0702 0.0874 0.8612 0.1573 0.8253 0.2027 0.4760 0.8172 0.6788 0.7791
31 0.0638 0.0820 0.8655 0.1455 0.8303 0.1955 0.4749 0.8239 0.6706 0.7867
32 0.0641 0.0829 0.8710 0.1467 0.8362 0.1907 0.4743 0.8217 0.6652 0.7829
33 0.0635 0.0788 0.8675 0.1420 0.8330 0.1975 0.4716 0.8152 0.6694 0.7750
34 0.0717 0.0843 0.8606 0.1558 0.8241 0.1995 0.4716 0.8223 0.6713 0.7855
35 0.0893 0.0923 0.8406 0.1814 0.8002 0.2658 0.4974 0.7636 0.7636 0.7257
36 0.0789 0.0870 0.8453 0.1658 0.8095 0.2179 0.4712 0.8085 0.6895 0.7656
37 0.0681 0.0777 0.8585 0.1458 0.8221 0.1921 0.4629 0.8192 0.6554 0.7827
38 0.0576 0.0685 0.8679 0.1261 0.8344 0.2127 0.4663 0.8279 0.6795 0.7936
39 0.0554 0.0639 0.8726 0.1194 0.8406 0.2059 0.4658 0.8288 0.6723 0.7943
40 0.0525 0.0636 0.8795 0.1162 0.8499 0.2049 0.4619 0.8318 0.6674 0.7991
41 0.0519 0.0627 0.8803 0.1147 0.8490 0.1966 0.4572 0.8342 0.6542 0.7985
42 0.0496 0.0596 0.8821 0.1094 0.8523 0.1921 0.4536 0.8386 0.6461 0.8052
43 0.0511 0.0604 0.8815 0.1118 0.8510 0.1889 0.4573 0.8316 0.6467 0.7951
44 0.0647 0.0710 0.8646 0.1358 0.8288 0.2416 0.4864 0.7963 0.7286 0.7633
45 0.0913 0.0857 0.8404 0.1772 0.8005 0.2888 0.4980 0.7649 0.7877 0.7254
46 0.0750 0.0769 0.8550 0.1522 0.8184 0.3802 0.5010 0.7494 0.8822 0.7067
47 0.0722 0.0741 0.8528 0.1466 0.8173 0.2182 0.4656 0.8067 0.6846 0.7694
48 0.0598 0.0655 0.8654 0.1257 0.8307 0.2250 0.4589 0.8100 0.6846 0.7777
49 0.0509 0.0571 0.8783 0.1084 0.8453 0.1873 0.4505 0.8300 0.6384 0.7937
50 0.0481 0.0549 0.8823 0.1034 0.8524 0.1925 0.4487 0.8300 0.6420 0.7940
51 0.0456 0.0530 0.8839 0.0990 0.8534 0.1903 0.4494 0.8302 0.6404 0.7920
52 0.0482 0.0535 0.8854 0.1022 0.8547 0.1822 0.4486 0.8377 0.6317 0.8015
53 0.0461 0.0533 0.8798 0.0999 0.8480 0.1949 0.4491 0.8383 0.6449 0.8060
54 0.0446 0.0500 0.8829 0.0952 0.8526 0.2352 0.4509 0.8275 0.6870 0.7913
55 0.0764 0.0716 0.8463 0.1486 0.8065 0.2263 0.4778 0.7925 0.7048 0.7465
56 0.0709 0.0689 0.8512 0.1404 0.8161 0.2346 0.4621 0.8156 0.6976 0.7837
57 0.0545 0.0578 0.8671 0.1129 0.8337 0.2282 0.4404 0.8264 0.6693 0.7971
58 0.0538 0.0538 0.8760 0.1084 0.8447 0.2257 0.4382 0.8312 0.6647 0.7994
59 0.0432 0.0473 0.8850 0.0913 0.8544 0.2082 0.4369 0.8420 0.6459 0.8087
60 0.0408 0.0455 0.8890 0.0870 0.8588 0.2064 0.4350 0.8406 0.6423 0.8077
61 0.0418 0.0459 0.8869 0.0884 0.8570 0.2044 0.4345 0.8388 0.6397 0.8045
62 0.0425 0.0460 0.8900 0.0893 0.8598 0.2096 0.4346 0.8354 0.6451 0.8001
63 0.0418 0.0453 0.8865 0.0879 0.8567 0.2193 0.4394 0.8319 0.6595 0.7991
64 0.0480 0.0472 0.8817 0.0961 0.8519 0.2266 0.4396 0.8294 0.6672 0.7977
65 0.0507 0.0503 0.8775 0.1018 0.8445 0.2767 0.4676 0.8100 0.7457 0.7743
66 0.0605 0.0584 0.8665 0.1197 0.8305 0.2278 0.4563 0.8127 0.6853 0.7767
67 0.0561 0.0557 0.8692 0.1126 0.8371 0.1814 0.4448 0.8363 0.6272 0.8048
68 0.0430 0.0461 0.8855 0.0900 0.8552 0.2246 0.4363 0.8279 0.6620 0.7977
69 0.0379 0.0406 0.8929 0.0794 0.8642 0.2308 0.4382 0.8300 0.6703 0.8006
70 0.0360 0.0389 0.8985 0.0759 0.8716 0.2220 0.4369 0.8324 0.6601 0.8029
71 0.0354 0.0382 0.8962 0.0745 0.8683 0.2296 0.4312 0.8333 0.6621 0.8027
72 0.0352 0.0376 0.8954 0.0737 0.8675 0.2327 0.4328 0.8351 0.6668 0.8045
73 0.0354 0.0376 0.8966 0.0740 0.8671 0.2440 0.4182 0.8374 0.6635 0.8058
74 0.0445 0.0434 0.8864 0.0888 0.8557 0.2474 0.4614 0.8077 0.7103 0.7719
75 0.0863 0.0744 0.8485 0.1616 0.8080 0.2084 0.4504 0.8259 0.6600 0.7855
76 0.0569 0.0539 0.8698 0.1118 0.8339 0.2250 0.4300 0.8278 0.6561 0.7923
77 0.0473 0.0469 0.8741 0.0952 0.8423 0.2420 0.4316 0.8215 0.6750 0.7877
78 0.0438 0.0422 0.8870 0.0871 0.8575 0.2217 0.4172 0.8351 0.6401 0.8008
79 0.0362 0.0381 0.8962 0.0755 0.8675 0.2122 0.4340 0.8420 0.6476 0.8118
80 0.0354 0.0380 0.8954 0.0745 0.8678 0.2116 0.4307 0.8407 0.6438 0.8097
81 0.0355 0.0371 0.8965 0.0737 0.8693 0.2114 0.4286 0.8409 0.6415 0.8105
82 0.0354 0.0362 0.8973 0.0727 0.8693 0.2165 0.4200 0.8426 0.6377 0.8127
83 0.0350 0.0358 0.8979 0.0719 0.8702 0.2433 0.4182 0.8350 0.6628 0.8044
84 0.0358 0.0361 0.8940 0.0731 0.8662 0.2339 0.4171 0.8480 0.6523 0.8148
85 0.0391 0.0386 0.8937 0.0788 0.8652 0.2743 0.4516 0.8073 0.7275 0.7754
86 0.0420 0.0409 0.8846 0.0840 0.8529 0.2425 0.4146 0.8363 0.6584 0.8038
87 0.0381 0.0374 0.8911 0.0767 0.8627 0.2300 0.4171 0.8495 0.6485 0.8199
88 0.0328 0.0333 0.9017 0.0674 0.8745 0.2190 0.4100 0.8487 0.6303 0.8194
89 0.0308 0.0317 0.9032 0.0638 0.8777 0.2246 0.4072 0.8481 0.6332 0.8180
90 0.0291 0.0304 0.9073 0.0609 0.8822 0.2308 0.4070 0.8475 0.6392 0.8184
91 0.0312 0.0315 0.9019 0.0640 0.8766 0.2325 0.4083 0.8475 0.6423 0.8163
92 0.0296 0.0302 0.9069 0.0612 0.8815 0.2386 0.4095 0.8492 0.6496 0.8193
93 0.0294 0.0296 0.9065 0.0603 0.8809 0.2268 0.4103 0.8554 0.6387 0.8252
94 0.0485 0.0421 0.8936 0.0919 0.8652 0.4187 0.5159 0.7459 0.9366 0.7129
95 0.0833 0.0665 0.8474 0.1509 0.8103 0.2997 0.4856 0.7702 0.7869 0.7346
96 0.0659 0.0588 0.8607 0.1258 0.8268 0.1784 0.4471 0.8341 0.6270 0.8030
97 0.0448 0.0434 0.8815 0.0893 0.8493 0.2289 0.4416 0.8412 0.6721 0.8087
98 0.0380 0.0379 0.8898 0.0772 0.8609 0.2148 0.4097 0.8453 0.6258 0.8137
99 0.0359 0.0353 0.8985 0.0725 0.8708 0.2068 0.4089 0.8454 0.6171 0.8117
