epoch train_BCELoss train_SoftDiceLoss train_iou train_loss train_mAP val_BCELoss val_SoftDiceLoss val_iou val_loss val_mAP
0 0.4863 0.5580 0.5584 1.0404 0.5164 0.5259 0.6200 0.5448 1.1435 0.4504
1 0.3146 0.3867 0.6949 0.6958 0.6349 0.2864 0.5819 0.7260 0.8662 0.6797
2 0.2758 0.3416 0.7197 0.6132 0.6622 0.3145 0.5764 0.7049 0.8894 0.6450
3 0.2541 0.3229 0.7293 0.5733 0.6718 0.2521 0.5663 0.7450 0.8169 0.7027
4 0.2284 0.2970 0.7622 0.5217 0.7122 0.2451 0.5570 0.7596 0.8007 0.7179
5 0.2236 0.2895 0.7622 0.5095 0.7114 0.2481 0.5549 0.7602 0.8016 0.7152
6 0.2210 0.2871 0.7703 0.5046 0.7192 0.2545 0.5546 0.7632 0.8078 0.7209
7 0.2135 0.2783 0.7777 0.4885 0.7293 0.2383 0.5567 0.7655 0.7938 0.7259
8 0.2101 0.2683 0.7709 0.4753 0.7216 0.2354 0.5442 0.7795 0.7786 0.7383
9 0.2103 0.2640 0.7716 0.4716 0.7240 0.2419 0.5501 0.7735 0.7912 0.7291
10 0.2161 0.2589 0.7648 0.4725 0.7158 0.2469 0.5450 0.7617 0.7914 0.7222
11 0.1903 0.2288 0.7844 0.4167 0.7385 0.2223 0.5293 0.7930 0.7510 0.7531
12 0.1672 0.2079 0.8020 0.3727 0.7622 0.1986 0.5208 0.7914 0.7188 0.7590
13 0.1558 0.1941 0.8150 0.3475 0.7752 0.2028 0.5143 0.8015 0.7166 0.7699
14 0.1490 0.1866 0.8197 0.3333 0.7809 0.1957 0.5115 0.8090 0.7068 0.7749
15 0.1432 0.1817 0.8255 0.3225 0.7867 0.1981 0.5121 0.8105 0.7097 0.7765
16 0.1396 0.1775 0.8302 0.3148 0.7912 0.1890 0.5065 0.8118 0.6950 0.7773
17 0.1437 0.1771 0.8244 0.3184 0.7833 0.2146 0.5116 0.8023 0.7258 0.7705
18 0.1447 0.1754 0.8211 0.3178 0.7820 0.2080 0.5068 0.7975 0.7144 0.7634
19 0.1513 0.1768 0.8156 0.3260 0.7748 0.2200 0.5138 0.7838 0.7336 0.7482
20 0.1602 0.1799 0.7973 0.3382 0.7536 0.2034 0.5125 0.7759 0.7156 0.7367
21 0.1412 0.1626 0.8198 0.3020 0.7819 0.1786 0.4961 0.8133 0.6743 0.7796
22 0.1284 0.1494 0.8323 0.2760 0.7917 0.2094 0.5000 0.7962 0.7094 0.7663
23 0.1179 0.1396 0.8415 0.2557 0.8031 0.1745 0.4831 0.8209 0.6575 0.7905
24 0.1149 0.1362 0.8409 0.2494 0.8022 0.2081 0.4912 0.8041 0.6993 0.7757
25 0.1070 0.1286 0.8527 0.2338 0.8175 0.2063 0.4872 0.8080 0.6934 0.7763
26 0.1086 0.1280 0.8466 0.2349 0.8102 0.2073 0.4944 0.8159 0.7017 0.7842
27 0.1035 0.1237 0.8488 0.2254 0.8107 0.2362 0.4940 0.8019 0.7305 0.7732
28 0.1184 0.1305 0.8441 0.2473 0.8058 0.1961 0.4980 0.8059 0.6941 0.7754
29 0.1335 0.1426 0.8210 0.2748 0.7782 0.2340 0.4977 0.8036 0.7324 0.7721
30 0.1487 0.1543 0.8028 0.3018 0.7576 0.2180 0.4887 0.7980 0.7071 0.7634
31 0.1417 0.1491 0.8068 0.2895 0.7654 0.2439 0.4816 0.8014 0.7262 0.7711
32 0.1295 0.1373 0.8246 0.2656 0.7851 0.2089 0.4891 0.8068 0.6984 0.7848
33 0.1041 0.1121 0.8502 0.2151 0.8140 0.2457 0.4766 0.8064 0.7228 0.7741
34 0.1004 0.1121 0.8432 0.2113 0.8072 0.2281 0.4773 0.8127 0.7059 0.7849
35 0.0971 0.1066 0.8537 0.2025 0.8185 0.2289 0.4750 0.8119 0.7044 0.7849
36 0.0940 0.1038 0.8523 0.1966 0.8196 0.2129 0.4729 0.8171 0.6864 0.7882
37 0.0935 0.1043 0.8514 0.1965 0.8155 0.1909 0.4743 0.8177 0.6658 0.7883
38 0.0966 0.1046 0.8509 0.2001 0.8154 0.2043 0.4726 0.8164 0.6773 0.7876
39 0.1045 0.1088 0.8355 0.2123 0.7986 0.2105 0.4828 0.8129 0.6943 0.7854
40 0.1140 0.1144 0.8366 0.2276 0.8004 0.2350 0.4818 0.8017 0.7177 0.7658
41 0.1269 0.1236 0.8275 0.2499 0.7883 0.2260 0.4743 0.8102 0.7012 0.7787
42 0.1108 0.1112 0.8456 0.2215 0.8066 0.2184 0.4612 0.8194 0.6801 0.7875
43 0.0919 0.0962 0.8561 0.1875 0.8228 0.2234 0.4603 0.8179 0.6844 0.7875
44 0.0860 0.0911 0.8589 0.1763 0.8244 0.2123 0.4577 0.8226 0.6706 0.7924
45 0.0800 0.0848 0.8602 0.1641 0.8268 0.2049 0.4588 0.8285 0.6641 0.7968
46 0.0833 0.0884 0.8619 0.1710 0.8276 0.1967 0.4572 0.8280 0.6545 0.8000
47 0.0776 0.0821 0.8648 0.1590 0.8307 0.2029 0.4694 0.8244 0.6729 0.7979
48 0.0856 0.0896 0.8607 0.1744 0.8250 0.2050 0.4702 0.8225 0.6756 0.7922
49 0.0931 0.0941 0.8533 0.1866 0.8175 0.2367 0.4672 0.8075 0.7050 0.7761
50 0.0978 0.0947 0.8446 0.1921 0.8080 0.2766 0.4580 0.8147 0.7360 0.7890
51 0.0987 0.0925 0.8506 0.1910 0.8178 0.2095 0.4553 0.8277 0.6658 0.7950
52 0.0947 0.0921 0.8483 0.1867 0.8113 0.1983 0.4775 0.8054 0.6767 0.7753
53 0.0945 0.0920 0.8512 0.1863 0.8175 0.2386 0.4701 0.8116 0.7103 0.7819
54 0.0757 0.0782 0.8664 0.1535 0.8336 0.2197 0.4552 0.8186 0.6761 0.7931
55 0.0700 0.0734 0.8716 0.1431 0.8409 0.2143 0.4597 0.8267 0.6752 0.7981
56 0.0728 0.0736 0.8659 0.1461 0.8347 0.2276 0.4537 0.8305 0.6828 0.8061
57 0.0744 0.0744 0.8633 0.1486 0.8298 0.2516 0.4421 0.8237 0.6950 0.7972
58 0.0788 0.0789 0.8639 0.1574 0.8305 0.2639 0.4688 0.8208 0.7346 0.7967
59 0.0774 0.0754 0.8665 0.1525 0.8325 0.2101 0.4485 0.8259 0.6596 0.7978
60 0.0986 0.0896 0.8529 0.1882 0.8169 0.2570 0.4350 0.8177 0.6932 0.7877
61 0.0982 0.0903 0.8517 0.1886 0.8158 0.2313 0.4528 0.8183 0.6855 0.7911
62 0.0826 0.0777 0.8573 0.1604 0.8235 0.2371 0.4732 0.8135 0.7118 0.7814
63 0.0721 0.0683 0.8723 0.1404 0.8388 0.2545 0.4278 0.8260 0.6837 0.7973
64 0.0617 0.0595 0.8814 0.1212 0.8502 0.2675 0.4439 0.8251 0.7130 0.7972
65 0.0675 0.0637 0.8753 0.1312 0.8425 0.2708 0.4463 0.8238 0.7187 0.7967
66 0.0675 0.0655 0.8723 0.1330 0.8395 0.2614 0.4423 0.8275 0.7052 0.7985
67 0.0685 0.0645 0.8791 0.1331 0.8478 0.2633 0.4463 0.8227 0.7113 0.7960
68 0.0726 0.0669 0.8751 0.1396 0.8427 0.2406 0.4505 0.8229 0.6927 0.7935
69 0.0755 0.0735 0.8637 0.1492 0.8305 0.3187 0.4350 0.8211 0.7562 0.7955
70 0.0815 0.0758 0.8610 0.1576 0.8265 0.2778 0.4516 0.8139 0.7312 0.7811
71 0.0949 0.0824 0.8584 0.1778 0.8260 0.2222 0.4640 0.8178 0.6877 0.7915
72 0.0774 0.0720 0.8676 0.1498 0.8308 0.2926 0.4550 0.8179 0.7497 0.7926
73 0.0705 0.0667 0.8732 0.1376 0.8426 0.2722 0.4466 0.8203 0.7206 0.7945
74 0.0632 0.0605 0.8781 0.1241 0.8473 0.2786 0.4381 0.8198 0.7187 0.7946
75 0.0606 0.0601 0.8753 0.1210 0.8431 0.2783 0.4424 0.8209 0.7226 0.7967
76 0.0603 0.0596 0.8806 0.1203 0.8492 0.2778 0.4476 0.8159 0.7274 0.7891
77 0.0622 0.0601 0.8784 0.1226 0.8466 0.2544 0.4450 0.8147 0.7013 0.7896
78 0.0651 0.0601 0.8722 0.1255 0.8402 0.3055 0.4288 0.8230 0.7366 0.7970
79 0.0768 0.0706 0.8646 0.1476 0.8300 0.2302 0.4653 0.8242 0.6970 0.7972
80 0.0898 0.0794 0.8550 0.1698 0.8177 0.2813 0.4578 0.8140 0.7415 0.7881
81 0.0858 0.0789 0.8539 0.1652 0.8203 0.2457 0.4488 0.8017 0.6958 0.7670
82 0.0748 0.0674 0.8718 0.1427 0.8389 0.2368 0.4266 0.8283 0.6650 0.7979
83 0.0610 0.0565 0.8773 0.1180 0.8460 0.2082 0.4318 0.8362 0.6414 0.8096
84 0.0616 0.0582 0.8800 0.1203 0.8475 0.2305 0.4308 0.8258 0.6628 0.7973
85 0.0562 0.0572 0.8785 0.1139 0.8463 0.2294 0.4243 0.8263 0.6552 0.8010
86 0.0554 0.0529 0.8821 0.1089 0.8521 0.2621 0.4254 0.8248 0.6894 0.8002
87 0.0593 0.0548 0.8803 0.1147 0.8498 0.2400 0.4194 0.8322 0.6612 0.8114
88 0.0689 0.0619 0.8749 0.1315 0.8431 0.2440 0.4293 0.8274 0.6750 0.8031
89 0.0623 0.0574 0.8718 0.1202 0.8399 0.2673 0.4237 0.8268 0.6928 0.7979
90 0.0830 0.0740 0.8622 0.1577 0.8277 0.2646 0.4201 0.8267 0.6866 0.7933
91 0.0784 0.0703 0.8670 0.1494 0.8350 0.2225 0.4336 0.8354 0.6580 0.8092
92 0.0680 0.0634 0.8761 0.1321 0.8432 0.2535 0.4505 0.8216 0.7060 0.7965
93 0.0591 0.0565 0.8766 0.1163 0.8458 0.2623 0.4409 0.8214 0.7052 0.7943
94 0.0527 0.0511 0.8848 0.1046 0.8544 0.2674 0.4237 0.8262 0.6930 0.8003
95 0.0524 0.0498 0.8857 0.1028 0.8570 0.2765 0.4320 0.8242 0.7106 0.7978
96 0.0476 0.0451 0.8889 0.0935 0.8604 0.2858 0.4232 0.8262 0.7111 0.8009
97 0.0573 0.0516 0.8792 0.1097 0.8485 0.2603 0.4199 0.8372 0.6822 0.8115
98 0.0571 0.0557 0.8802 0.1134 0.8499 0.2333 0.4290 0.8376 0.6642 0.8105
99 0.0695 0.0616 0.8609 0.1318 0.8285 0.2690 0.4402 0.8288 0.7114 0.8007
100 0.0755 0.0669 0.8607 0.1432 0.8276 0.2795 0.4655 0.8101 0.7473 0.7837
101 0.0637 0.0585 0.8748 0.1230 0.8416 0.2605 0.4135 0.8297 0.6760 0.8018
102 0.0594 0.0524 0.8780 0.1127 0.8484 0.2828 0.4178 0.8303 0.7028 0.8040
103 0.0555 0.0529 0.8814 0.1092 0.8510 0.2962 0.4162 0.8304 0.7146 0.8066
104 0.0485 0.0451 0.8884 0.0945 0.8594 0.3039 0.4125 0.8339 0.7187 0.8090
105 0.0454 0.0436 0.8850 0.0898 0.8562 0.2979 0.4156 0.8335 0.7158 0.8089
106 0.0505 0.0469 0.8892 0.0982 0.8595 0.3125 0.4153 0.8320 0.7302 0.8057
107 0.0523 0.0472 0.8783 0.1003 0.8488 0.2787 0.4247 0.8338 0.7057 0.8073
108 0.0537 0.0496 0.8868 0.1042 0.8571 0.3876 0.4293 0.8110 0.8201 0.7805
109 0.0596 0.0531 0.8776 0.1135 0.8458 0.3279 0.4594 0.8226 0.7899 0.7981
110 0.0734 0.0640 0.8700 0.1383 0.8380 0.2374 0.4350 0.8243 0.6746 0.7931
111 0.0796 0.0683 0.8656 0.1488 0.8320 0.2688 0.4558 0.7996 0.7267 0.7634
112 0.0711 0.0653 0.8711 0.1373 0.8384 0.3143 0.4188 0.8249 0.7357 0.7985
113 0.0562 0.0519 0.8860 0.1090 0.8560 0.2581 0.4457 0.8240 0.7061 0.7975
114 0.0497 0.0455 0.8900 0.0961 0.8601 0.2768 0.4330 0.8269 0.7121 0.8007
115 0.0509 0.0461 0.8878 0.0980 0.8591 0.2781 0.4287 0.8275 0.7092 0.8018
116 0.0487 0.0451 0.8898 0.0948 0.8604 0.2718 0.4267 0.8301 0.7008 0.8040
117 0.0469 0.0430 0.8862 0.0909 0.8584 0.3206 0.4376 0.8298 0.7610 0.8036
118 0.0489 0.0449 0.8903 0.0948 0.8608 0.2929 0.4301 0.8306 0.7254 0.8004
119 0.0674 0.0575 0.8748 0.1258 0.8412 0.3344 0.4370 0.8189 0.7739 0.7942
120 0.0863 0.0710 0.8694 0.1582 0.8347 0.3328 0.4514 0.8167 0.7866 0.7914
121 0.0742 0.0671 0.8669 0.1423 0.8365 0.2425 0.4236 0.8246 0.6678 0.8001
122 0.0672 0.0604 0.8727 0.1285 0.8404 0.2919 0.4331 0.8306 0.7272 0.8041
123 0.0572 0.0504 0.8792 0.1086 0.8500 0.2474 0.4229 0.8316 0.6723 0.8057
124 0.0466 0.0447 0.8882 0.0923 0.8580 0.2681 0.4133 0.8326 0.6834 0.8058
125 0.0464 0.0445 0.8889 0.0919 0.8606 0.2809 0.4112 0.8308 0.6943 0.8030
126 0.0504 0.0486 0.8851 0.1001 0.8555 0.2833 0.4146 0.8348 0.7002 0.8118
127 0.0488 0.0448 0.8927 0.0947 0.8632 0.3017 0.4165 0.8255 0.7206 0.7989
128 0.0481 0.0448 0.8892 0.0940 0.8583 0.2879 0.4169 0.8291 0.7071 0.8045
129 0.0501 0.0460 0.8868 0.0971 0.8550 0.3199 0.4116 0.8324 0.7341 0.8074
130 0.0663 0.0566 0.8752 0.1239 0.8442 0.3271 0.4253 0.8217 0.7549 0.7949
131 0.0590 0.0541 0.8810 0.1141 0.8477 0.2487 0.4359 0.8308 0.6865 0.8052
132 0.0563 0.0508 0.8823 0.1082 0.8512 0.2591 0.4187 0.8388 0.6801 0.8136
133 0.0472 0.0443 0.8908 0.0926 0.8608 0.2915 0.4047 0.8417 0.6985 0.8171
134 0.0456 0.0414 0.8919 0.0882 0.8630 0.3002 0.4101 0.8351 0.7127 0.8097
135 0.0446 0.0416 0.8937 0.0875 0.8635 0.3191 0.4066 0.8353 0.7284 0.8108
136 0.0405 0.0384 0.8974 0.0800 0.8708 0.2940 0.4091 0.8384 0.7055 0.8138
137 0.0435 0.0385 0.8974 0.0831 0.8686 0.3046 0.4087 0.8384 0.7158 0.8113
138 0.0464 0.0411 0.8928 0.0887 0.8642 0.2584 0.4149 0.8337 0.6754 0.8086
139 0.0587 0.0521 0.8821 0.1120 0.8502 0.2912 0.4400 0.8247 0.7337 0.7997
140 0.0592 0.0544 0.8740 0.1147 0.8422 0.3055 0.4090 0.8381 0.7167 0.8087
141 0.0576 0.0509 0.8782 0.1096 0.8475 0.3438 0.4358 0.8247 0.7822 0.7985
142 0.0533 0.0491 0.8874 0.1035 0.8563 0.2370 0.4306 0.8359 0.6697 0.8100
143 0.0512 0.0464 0.8845 0.0987 0.8541 0.2711 0.4276 0.8308 0.7009 0.8070
144 0.0404 0.0392 0.8961 0.0808 0.8672 0.3049 0.4124 0.8316 0.7196 0.8088
145 0.0423 0.0380 0.8945 0.0816 0.8675 0.3270 0.4059 0.8311 0.7354 0.8078
146 0.0404 0.0375 0.8993 0.0791 0.8732 0.2900 0.4194 0.8321 0.7118 0.8070
147 0.0409 0.0376 0.8968 0.0797 0.8681 0.2905 0.4223 0.8352 0.7152 0.8112
148 0.0437 0.0395 0.8925 0.0844 0.8634 0.3589 0.4056 0.8331 0.7673 0.8115
149 0.0576 0.0505 0.8789 0.1093 0.8487 0.2584 0.4348 0.8285 0.6952 0.7998
