epoch train_BCELoss train_SoftDiceLoss train_iou train_loss train_mAP val_BCELoss val_SoftDiceLoss val_iou val_loss val_mAP
0 0.4978 0.5217 0.5022 1.0184 0.4155 0.3657 0.4524 0.6438 0.8174 0.5886
1 0.3316 0.3809 0.6600 0.7120 0.5861 0.2962 0.3585 0.6765 0.6544 0.6143
2 0.2793 0.3330 0.6836 0.6121 0.6181 0.2893 0.3090 0.6949 0.5982 0.6258
3 0.2461 0.3016 0.7052 0.5476 0.6430 0.2847 0.2989 0.6726 0.5836 0.6013
4 0.2266 0.2785 0.7207 0.5051 0.6624 0.2651 0.2882 0.6852 0.5533 0.6263
5 0.2184 0.2689 0.7185 0.4874 0.6577 0.2388 0.2663 0.7314 0.5054 0.6839
6 0.1977 0.2462 0.7406 0.4440 0.6831 0.2186 0.2406 0.7382 0.4594 0.6858
7 0.1807 0.2251 0.7517 0.4059 0.6969 0.2424 0.2391 0.7012 0.4817 0.6383
8 0.1692 0.2141 0.7636 0.3835 0.7111 0.2099 0.2242 0.7270 0.4345 0.6762
9 0.1519 0.1939 0.7750 0.3461 0.7258 0.2213 0.2221 0.7298 0.4437 0.6828
10 0.1459 0.1811 0.7847 0.3274 0.7362 0.1995 0.2020 0.7412 0.4020 0.6883
11 0.1455 0.1774 0.7782 0.3233 0.7292 0.2141 0.2079 0.7373 0.4224 0.6802
12 0.1365 0.1632 0.7915 0.3002 0.7465 0.2099 0.1997 0.7541 0.4101 0.7090
13 0.1245 0.1526 0.8006 0.2776 0.7567 0.1836 0.1848 0.7702 0.3690 0.7258
14 0.1183 0.1422 0.7993 0.2611 0.7538 0.1865 0.1705 0.7563 0.3575 0.7079
15 0.1056 0.1299 0.8227 0.2360 0.7809 0.1659 0.1657 0.7811 0.3322 0.7369
16 0.0970 0.1243 0.8265 0.2219 0.7863 0.1669 0.1637 0.7875 0.3312 0.7451
17 0.0972 0.1216 0.8382 0.2195 0.7979 0.1650 0.1617 0.7819 0.3273 0.7384
18 0.0922 0.1178 0.8375 0.2106 0.8002 0.1592 0.1597 0.7785 0.3196 0.7363
19 0.0920 0.1177 0.8391 0.2103 0.8000 0.1623 0.1608 0.7840 0.3237 0.7435
20 0.0887 0.1137 0.8428 0.2031 0.8055 0.1633 0.1606 0.7816 0.3246 0.7401
21 0.0925 0.1170 0.8395 0.2102 0.8019 0.1608 0.1589 0.7849 0.3203 0.7417
22 0.0891 0.1151 0.8430 0.2049 0.8043 0.1598 0.1586 0.7816 0.3192 0.7397
23 0.0900 0.1147 0.8398 0.2053 0.8017 0.1597 0.1574 0.7836 0.3178 0.7417
24 0.0907 0.1157 0.8369 0.2070 0.7985 0.1606 0.1591 0.7823 0.3204 0.7400
25 0.1035 0.1243 0.8228 0.2284 0.7813 0.2026 0.1750 0.7379 0.3782 0.6829
26 0.1172 0.1302 0.8089 0.2480 0.7647 0.2194 0.1853 0.7483 0.4054 0.6934
27 0.1115 0.1243 0.8054 0.2366 0.7605 0.1834 0.1642 0.7642 0.3482 0.7213
28 0.1040 0.1175 0.8113 0.2221 0.7708 0.1801 0.1559 0.7713 0.3368 0.7243
29 0.0999 0.1138 0.8209 0.2144 0.7789 0.2074 0.1679 0.7633 0.3760 0.7185
30 0.0884 0.1027 0.8365 0.1920 0.7979 0.1773 0.1546 0.7786 0.3328 0.7377
31 0.0770 0.0913 0.8472 0.1692 0.8117 0.1807 0.1543 0.7809 0.3359 0.7413
32 0.0773 0.0895 0.8550 0.1677 0.8190 0.1816 0.1526 0.7842 0.3351 0.7446
33 0.0753 0.0874 0.8549 0.1636 0.8190 0.1752 0.1478 0.7876 0.3239 0.7508
34 0.0731 0.0866 0.8522 0.1606 0.8177 0.1693 0.1452 0.7836 0.3153 0.7432
35 0.0732 0.0875 0.8561 0.1616 0.8223 0.1721 0.1466 0.7808 0.3196 0.7417
36 0.0715 0.0843 0.8573 0.1567 0.8226 0.1711 0.1451 0.7830 0.3170 0.7435
37 0.0745 0.0878 0.8507 0.1632 0.8167 0.1735 0.1459 0.7924 0.3203 0.7536
38 0.0720 0.0857 0.8552 0.1586 0.8217 0.1691 0.1445 0.7836 0.3145 0.7415
39 0.0730 0.0870 0.8548 0.1609 0.8188 0.1682 0.1430 0.7840 0.3121 0.7423
40 0.0786 0.0911 0.8380 0.1705 0.8021 0.2065 0.1582 0.7803 0.3655 0.7417
41 0.0881 0.0963 0.8323 0.1852 0.7923 0.1950 0.1455 0.7679 0.3413 0.7196
42 0.0952 0.0986 0.8321 0.1946 0.7934 0.1771 0.1427 0.7888 0.3208 0.7488
43 0.0818 0.0868 0.8306 0.1695 0.7941 0.1784 0.1440 0.7869 0.3234 0.7411
44 0.0854 0.0880 0.8391 0.1743 0.8018 0.1619 0.1310 0.7914 0.2940 0.7530
45 0.0726 0.0788 0.8484 0.1523 0.8137 0.1624 0.1320 0.7955 0.2955 0.7580
46 0.0631 0.0711 0.8571 0.1352 0.8242 0.1639 0.1295 0.7917 0.2944 0.7525
47 0.0620 0.0689 0.8652 0.1320 0.8322 0.1682 0.1298 0.7915 0.2990 0.7523
48 0.0583 0.0652 0.8677 0.1246 0.8359 0.1683 0.1289 0.7933 0.2982 0.7535
49 0.0612 0.0668 0.8670 0.1291 0.8355 0.1730 0.1311 0.7942 0.3051 0.7537
50 0.0606 0.0655 0.8671 0.1272 0.8359 0.1723 0.1309 0.7922 0.3043 0.7526
51 0.0600 0.0667 0.8668 0.1278 0.8348 0.1712 0.1307 0.7924 0.3029 0.7516
52 0.0604 0.0662 0.8660 0.1277 0.8347 0.1727 0.1305 0.7929 0.3042 0.7530
53 0.0585 0.0653 0.8677 0.1250 0.8370 0.1729 0.1296 0.7962 0.3035 0.7558
54 0.0588 0.0641 0.8695 0.1240 0.8388 0.1737 0.1312 0.7909 0.3059 0.7511
55 0.0576 0.0637 0.8686 0.1224 0.8387 0.1735 0.1297 0.7965 0.3043 0.7565
56 0.0584 0.0641 0.8679 0.1235 0.8361 0.1684 0.1268 0.7953 0.2962 0.7567
57 0.0612 0.0657 0.8653 0.1279 0.8341 0.1671 0.1268 0.7963 0.2949 0.7570
58 0.0577 0.0640 0.8682 0.1227 0.8384 0.1738 0.1296 0.7978 0.3044 0.7586
59 0.0584 0.0634 0.8685 0.1229 0.8382 0.1690 0.1269 0.7928 0.2970 0.7531
