epoch train_BCELoss train_SoftDiceLoss train_iou train_loss train_mAP val_BCELoss val_SoftDiceLoss val_iou val_loss val_mAP
0 0.6663 0.6756 0.0709 1.3408 0.0694 0.6739 0.7316 0.3549 1.4052 0.3549
1 0.5974 0.6318 0.3650 1.2272 0.3343 0.5034 0.6590 0.5568 1.1591 0.4955
2 0.3808 0.4411 0.6379 0.8179 0.5695 0.3514 0.5951 0.6787 0.9442 0.6089
3 0.2891 0.3464 0.7040 0.6334 0.6384 0.3188 0.5705 0.7168 0.8889 0.6580
4 0.2527 0.3078 0.7367 0.5594 0.6808 0.2731 0.5607 0.7334 0.8334 0.6853
5 0.2308 0.2769 0.7492 0.5069 0.6977 0.2768 0.5521 0.7295 0.8287 0.6886
6 0.2033 0.2518 0.7664 0.4546 0.7179 0.2472 0.5391 0.7555 0.7864 0.7104
7 0.1814 0.2253 0.7893 0.4062 0.7426 0.2320 0.5387 0.7702 0.7707 0.7333
8 0.1664 0.2114 0.7978 0.3774 0.7534 0.2307 0.5292 0.7717 0.7599 0.7338
9 0.1516 0.1957 0.8084 0.3469 0.7653 0.2232 0.5275 0.7791 0.7508 0.7403
10 0.1477 0.1906 0.8089 0.3380 0.7635 0.2279 0.5225 0.7833 0.7505 0.7400
11 0.1442 0.1878 0.8165 0.3316 0.7764 0.2223 0.5231 0.7819 0.7455 0.7482
12 0.1488 0.1896 0.8103 0.3381 0.7700 0.2432 0.5287 0.7687 0.7720 0.7338
13 0.1514 0.1889 0.8066 0.3401 0.7640 0.2115 0.5214 0.7816 0.7330 0.7450
14 0.1454 0.1802 0.8020 0.3254 0.7604 0.2335 0.5192 0.7726 0.7529 0.7343
15 0.1486 0.1767 0.8032 0.3252 0.7605 0.2568 0.5238 0.7725 0.7809 0.7362
16 0.1439 0.1661 0.8066 0.3100 0.7639 0.2523 0.5314 0.7379 0.7840 0.6953
17 0.1251 0.1502 0.8263 0.2753 0.7879 0.2103 0.5000 0.8127 0.7107 0.7789
18 0.1203 0.1448 0.8240 0.2651 0.7833 0.2356 0.5037 0.7988 0.7397 0.7592
19 0.1087 0.1351 0.8381 0.2440 0.8001 0.2010 0.4971 0.8086 0.6986 0.7746
20 0.0989 0.1261 0.8499 0.2251 0.8150 0.2177 0.5021 0.8013 0.7203 0.7679
21 0.0952 0.1222 0.8509 0.2175 0.8137 0.2456 0.5056 0.8017 0.7517 0.7703
22 0.1078 0.1285 0.8437 0.2364 0.8080 0.2175 0.5003 0.7899 0.7183 0.7595
23 0.1036 0.1252 0.8380 0.2290 0.8000 0.2565 0.5042 0.7949 0.7613 0.7625
24 0.1162 0.1286 0.8338 0.2449 0.7953 0.2154 0.5014 0.8009 0.7173 0.7593
25 0.1147 0.1275 0.8326 0.2424 0.7950 0.2826 0.5024 0.7887 0.7857 0.7585
26 0.1230 0.1318 0.8275 0.2550 0.7891 0.2637 0.4996 0.7802 0.7639 0.7387
27 0.1046 0.1152 0.8339 0.2201 0.7952 0.2080 0.4854 0.8045 0.6939 0.7682
28 0.0910 0.1051 0.8473 0.1963 0.8106 0.2526 0.4919 0.7968 0.7453 0.7671
29 0.0859 0.0971 0.8568 0.1834 0.8236 0.2446 0.4906 0.8051 0.7360 0.7758
30 0.0840 0.0941 0.8581 0.1784 0.8220 0.2406 0.4853 0.8089 0.7267 0.7775
31 0.0809 0.0937 0.8633 0.1749 0.8298 0.2476 0.4892 0.8078 0.7378 0.7767
32 0.0808 0.0918 0.8595 0.1730 0.8255 0.2470 0.4875 0.7989 0.7353 0.7704
33 0.0879 0.0961 0.8530 0.1844 0.8189 0.2728 0.5039 0.7707 0.7777 0.7373
34 0.0865 0.0955 0.8497 0.1823 0.8155 0.2620 0.4919 0.7939 0.7549 0.7622
35 0.0994 0.1028 0.8410 0.2026 0.8043 0.2844 0.5112 0.7831 0.7964 0.7455
36 0.1172 0.1112 0.8285 0.2289 0.7924 0.2869 0.4884 0.7740 0.7762 0.7377
37 0.0962 0.0986 0.8467 0.1953 0.8091 0.2081 0.4843 0.8166 0.6933 0.7867
38 0.0903 0.0928 0.8466 0.1837 0.8115 0.2464 0.4872 0.8070 0.7347 0.7763
39 0.0726 0.0769 0.8631 0.1500 0.8293 0.2334 0.4770 0.8225 0.7115 0.7895
40 0.0712 0.0771 0.8654 0.1489 0.8318 0.2358 0.4776 0.8204 0.7145 0.7891
41 0.0713 0.0775 0.8607 0.1493 0.8279 0.2169 0.4739 0.8218 0.6919 0.7871
42 0.0712 0.0749 0.8669 0.1467 0.8356 0.2470 0.4768 0.8142 0.7249 0.7831
43 0.0762 0.0777 0.8613 0.1545 0.8293 0.2410 0.4841 0.8050 0.7262 0.7728
44 0.0797 0.0792 0.8598 0.1595 0.8265 0.2957 0.4827 0.7937 0.7795 0.7608
45 0.0934 0.0891 0.8464 0.1831 0.8102 0.2912 0.4819 0.8005 0.7743 0.7693
46 0.0916 0.0889 0.8463 0.1811 0.8120 0.2647 0.4832 0.8031 0.7491 0.7741
47 0.0762 0.0762 0.8581 0.1531 0.8241 0.2660 0.4843 0.8052 0.7514 0.7737
48 0.0812 0.0790 0.8521 0.1609 0.8189 0.2362 0.4720 0.8116 0.7093 0.7782
49 0.0622 0.0650 0.8767 0.1279 0.8449 0.2663 0.4688 0.8213 0.7363 0.7901
50 0.0622 0.0651 0.8791 0.1281 0.8455 0.2598 0.4698 0.8235 0.7308 0.7916
51 0.0606 0.0630 0.8744 0.1243 0.8455 0.2492 0.4695 0.8230 0.7199 0.7915
52 0.0634 0.0680 0.8692 0.1321 0.8368 0.2272 0.4676 0.8206 0.6960 0.7915
53 0.0657 0.0631 0.8712 0.1296 0.8414 0.2298 0.4736 0.8223 0.7047 0.7925
54 0.0775 0.0730 0.8591 0.1511 0.8262 0.2327 0.4662 0.8213 0.7000 0.7882
55 0.0866 0.0806 0.8510 0.1679 0.8155 0.3222 0.4813 0.7919 0.8049 0.7548
56 0.0916 0.0844 0.8460 0.1767 0.8104 0.2473 0.4813 0.8093 0.7298 0.7830
57 0.0697 0.0693 0.8581 0.1398 0.8257 0.2530 0.4725 0.8115 0.7267 0.7817
58 0.0639 0.0625 0.8702 0.1272 0.8394 0.2761 0.4691 0.8133 0.7467 0.7813
59 0.0557 0.0570 0.8811 0.1134 0.8507 0.2617 0.4656 0.8179 0.7288 0.7846
60 0.0512 0.0527 0.8833 0.1047 0.8530 0.2678 0.4669 0.8179 0.7361 0.7838
61 0.0529 0.0527 0.8845 0.1065 0.8532 0.2618 0.4634 0.8206 0.7267 0.7890
62 0.0572 0.0566 0.8754 0.1146 0.8455 0.2499 0.4648 0.8209 0.7161 0.7887
63 0.0572 0.0574 0.8758 0.1154 0.8451 0.3060 0.4773 0.8066 0.7848 0.7763
64 0.0577 0.0573 0.8778 0.1159 0.8462 0.2591 0.4659 0.8191 0.7264 0.7869
65 0.0670 0.0627 0.8646 0.1305 0.8316 0.2967 0.4682 0.8003 0.7663 0.7650
66 0.0890 0.0816 0.8501 0.1714 0.8152 0.3336 0.4740 0.7917 0.8090 0.7552
67 0.0701 0.0650 0.8668 0.1360 0.8332 0.2756 0.4706 0.8011 0.7476 0.7656
68 0.0610 0.0593 0.8750 0.1212 0.8446 0.2570 0.4609 0.8239 0.7194 0.7939
69 0.0531 0.0526 0.8828 0.1067 0.8534 0.2203 0.4594 0.8270 0.6812 0.7996
70 0.0487 0.0512 0.8837 0.1008 0.8549 0.2207 0.4586 0.8274 0.6809 0.8003
71 0.0466 0.0474 0.8839 0.0950 0.8563 0.2518 0.4582 0.8290 0.7116 0.7984
72 0.0528 0.0486 0.8874 0.1024 0.8593 0.2946 0.4579 0.8218 0.7542 0.7911
73 0.0476 0.0479 0.8848 0.0965 0.8526 0.2270 0.4532 0.8364 0.6817 0.8080
74 0.0665 0.0618 0.8725 0.1292 0.8408 0.3179 0.4588 0.8098 0.7783 0.7753
75 0.0845 0.0743 0.8512 0.1597 0.8151 0.2334 0.4569 0.8226 0.6917 0.7848
76 0.0711 0.0648 0.8666 0.1369 0.8338 0.1928 0.4666 0.8280 0.6606 0.7972
77 0.0596 0.0566 0.8715 0.1173 0.8395 0.2447 0.4605 0.8186 0.7067 0.7902
78 0.0553 0.0520 0.8748 0.1084 0.8460 0.2466 0.4492 0.8265 0.6974 0.7943
79 0.0489 0.0480 0.8847 0.0979 0.8575 0.1969 0.4433 0.8372 0.6417 0.8095
80 0.0451 0.0455 0.8837 0.0916 0.8558 0.1945 0.4435 0.8394 0.6395 0.8104
81 0.0467 0.0447 0.8884 0.0925 0.8581 0.2400 0.4436 0.8355 0.6853 0.8063
82 0.0444 0.0441 0.8894 0.0896 0.8629 0.2404 0.4499 0.8354 0.6920 0.8061
83 0.0555 0.0522 0.8779 0.1087 0.8461 0.2896 0.4572 0.8209 0.7486 0.7897
84 0.0605 0.0559 0.8758 0.1175 0.8458 0.2483 0.4459 0.8279 0.6958 0.7930
85 0.0538 0.0512 0.8803 0.1061 0.8507 0.2678 0.4712 0.8059 0.7406 0.7750
86 0.0718 0.0623 0.8660 0.1351 0.8326 0.3043 0.4612 0.7979 0.7671 0.7610
87 0.0642 0.0591 0.8703 0.1243 0.8387 0.2467 0.4632 0.8169 0.7114 0.7877
88 0.0529 0.0514 0.8796 0.1054 0.8503 0.2750 0.4586 0.8222 0.7353 0.7932
89 0.0478 0.0454 0.8913 0.0943 0.8638 0.2574 0.4529 0.8222 0.7120 0.7937
90 0.0417 0.0412 0.8901 0.0840 0.8595 0.2462 0.4520 0.8199 0.6998 0.7904
91 0.0431 0.0415 0.8871 0.0857 0.8599 0.2566 0.4534 0.8244 0.7117 0.7915
92 0.0449 0.0432 0.8932 0.0893 0.8674 0.2760 0.4575 0.8201 0.7352 0.7874
93 0.0503 0.0475 0.8816 0.0989 0.8515 0.2635 0.4634 0.8268 0.7286 0.7932
94 0.0568 0.0510 0.8783 0.1089 0.8468 0.3185 0.4715 0.8049 0.7918 0.7748
95 0.0480 0.0438 0.8846 0.0930 0.8557 0.2764 0.4683 0.8317 0.7462 0.8023
96 0.0651 0.0563 0.8745 0.1226 0.8433 0.2813 0.4584 0.8229 0.7413 0.7901
97 0.0492 0.0455 0.8881 0.0959 0.8597 0.3325 0.4588 0.8267 0.7931 0.7944
98 0.0461 0.0444 0.8908 0.0917 0.8613 0.2904 0.4516 0.8313 0.7438 0.8010
99 0.0380 0.0378 0.8931 0.0770 0.8649 0.3109 0.4555 0.8295 0.7683 0.7981
