epoch train_BCELoss train_SoftDiceLoss train_iou train_loss train_mAP val_BCELoss val_SoftDiceLoss val_iou val_loss val_mAP
0 0.7464 0.6605 0.0179 1.4058 0.0000 0.7185 0.7131 0.3150 1.4313 0.3147
1 0.6391 0.6051 0.4533 1.2428 0.4052 0.5343 0.6636 0.5756 1.1960 0.5129
2 0.4556 0.4721 0.6436 0.9244 0.5775 0.4579 0.5967 0.6575 1.0524 0.5669
3 0.3622 0.4014 0.7110 0.7608 0.6562 0.4064 0.5787 0.7079 0.9843 0.6359
4 0.3200 0.3695 0.7229 0.6879 0.6702 0.3317 0.5689 0.7358 0.9000 0.6778
5 0.2933 0.3410 0.7472 0.6331 0.6975 0.3090 0.5648 0.7471 0.8732 0.6936
6 0.2638 0.3171 0.7629 0.5799 0.7166 0.2745 0.5543 0.7542 0.8285 0.7050
7 0.2478 0.2994 0.7721 0.5462 0.7280 0.2605 0.5509 0.7552 0.8110 0.7081
8 0.2231 0.2815 0.7928 0.5036 0.7490 0.2358 0.5432 0.7822 0.7786 0.7348
9 0.2136 0.2707 0.7948 0.4833 0.7531 0.2263 0.5399 0.7919 0.7658 0.7489
10 0.2117 0.2673 0.7953 0.4781 0.7502 0.2293 0.5376 0.7877 0.7666 0.7446
11 0.2040 0.2612 0.8114 0.4643 0.7699 0.2336 0.5383 0.7873 0.7716 0.7433
12 0.2000 0.2565 0.8070 0.4556 0.7645 0.2375 0.5394 0.7797 0.7765 0.7353
13 0.2066 0.2580 0.7945 0.4637 0.7513 0.2720 0.5363 0.7747 0.8082 0.7257
14 0.2037 0.2521 0.7937 0.4549 0.7525 0.4369 0.6371 0.6129 1.0738 0.5646
15 0.1927 0.2421 0.7881 0.4339 0.7488 0.2566 0.5520 0.7402 0.8084 0.6985
16 0.1772 0.2200 0.8084 0.3964 0.7677 0.1930 0.5200 0.7966 0.7127 0.7528
17 0.1608 0.2080 0.8200 0.3679 0.7814 0.2309 0.5208 0.7936 0.7516 0.7537
18 0.1558 0.2037 0.8185 0.3587 0.7828 0.1905 0.5150 0.8009 0.7052 0.7619
19 0.1439 0.1863 0.8281 0.3293 0.7916 0.1913 0.5106 0.8086 0.7018 0.7705
20 0.1377 0.1835 0.8347 0.3203 0.7985 0.1966 0.5121 0.8011 0.7085 0.7626
21 0.1394 0.1849 0.8364 0.3234 0.7958 0.1801 0.5068 0.8183 0.6867 0.7773
22 0.1356 0.1808 0.8383 0.3156 0.7986 0.1985 0.5109 0.8054 0.7092 0.7692
23 0.1400 0.1790 0.8304 0.3182 0.7908 0.2173 0.5095 0.7990 0.7268 0.7585
24 0.1483 0.1842 0.8169 0.3316 0.7768 0.2183 0.5114 0.7978 0.7296 0.7569
25 0.1521 0.1850 0.8175 0.3364 0.7762 0.2575 0.5233 0.7629 0.7809 0.7132
26 0.1545 0.1804 0.8033 0.3342 0.7613 0.2016 0.5084 0.7954 0.7100 0.7583
27 0.1330 0.1595 0.8298 0.2918 0.7921 0.1937 0.5002 0.7976 0.6940 0.7587
28 0.1220 0.1492 0.8414 0.2706 0.8048 0.1869 0.4979 0.8101 0.6849 0.7713
29 0.1122 0.1444 0.8436 0.2559 0.8093 0.2044 0.5025 0.7979 0.7070 0.7618
30 0.1056 0.1379 0.8417 0.2428 0.8051 0.1782 0.4925 0.8157 0.6707 0.7770
31 0.1091 0.1373 0.8475 0.2458 0.8137 0.1733 0.4916 0.8204 0.6650 0.7878
32 0.1067 0.1345 0.8481 0.2406 0.8128 0.2056 0.4920 0.8132 0.6978 0.7781
33 0.1086 0.1324 0.8531 0.2404 0.8186 0.1786 0.4874 0.8194 0.6662 0.7823
34 0.1158 0.1384 0.8418 0.2536 0.8046 0.2398 0.5009 0.7965 0.7410 0.7593
35 0.1237 0.1395 0.8276 0.2628 0.7917 0.1914 0.4868 0.8002 0.6785 0.7598
36 0.1302 0.1438 0.8267 0.2736 0.7890 0.1967 0.4892 0.7909 0.6861 0.7444
37 0.1117 0.1319 0.8427 0.2433 0.8041 0.1881 0.4875 0.8174 0.6759 0.7843
38 0.0997 0.1160 0.8516 0.2153 0.8211 0.1978 0.4839 0.8154 0.6820 0.7759
39 0.0934 0.1090 0.8524 0.2021 0.8179 0.1753 0.4771 0.8221 0.6528 0.7834
40 0.0883 0.1083 0.8576 0.1963 0.8257 0.1709 0.4764 0.8263 0.6476 0.7850
41 0.0862 0.1078 0.8615 0.1936 0.8297 0.1781 0.4805 0.8180 0.6589 0.7821
42 0.0861 0.1038 0.8584 0.1896 0.8259 0.1872 0.4737 0.8282 0.6612 0.7898
43 0.0888 0.1028 0.8570 0.1912 0.8248 0.1741 0.4755 0.8249 0.6498 0.7895
44 0.1053 0.1112 0.8550 0.2163 0.8222 0.2209 0.4877 0.8036 0.7090 0.7677
45 0.1080 0.1155 0.8373 0.2234 0.8004 0.2636 0.4996 0.7794 0.7638 0.7359
46 0.1035 0.1107 0.8386 0.2141 0.8036 0.2164 0.4741 0.8047 0.6911 0.7733
47 0.0914 0.0979 0.8546 0.1892 0.8231 0.1923 0.4668 0.8252 0.6596 0.7919
48 0.0860 0.0947 0.8559 0.1807 0.8243 0.2388 0.4734 0.8117 0.7128 0.7769
49 0.0758 0.0876 0.8728 0.1633 0.8418 0.2131 0.4676 0.8213 0.6813 0.7908
50 0.0726 0.0809 0.8694 0.1536 0.8393 0.2005 0.4657 0.8291 0.6668 0.7991
51 0.0713 0.0807 0.8702 0.1521 0.8397 0.1991 0.4673 0.8306 0.6670 0.7984
52 0.0698 0.0795 0.8744 0.1492 0.8432 0.2109 0.4629 0.8268 0.6745 0.7911
53 0.0773 0.0827 0.8692 0.1600 0.8375 0.2038 0.4699 0.8161 0.6742 0.7850
54 0.0827 0.0899 0.8667 0.1727 0.8327 0.2429 0.4701 0.7992 0.7137 0.7577
55 0.0974 0.0977 0.8445 0.1952 0.8101 0.2953 0.4903 0.7824 0.7863 0.7453
56 0.0934 0.0936 0.8543 0.1873 0.8209 0.2092 0.4676 0.8143 0.6776 0.7757
57 0.0782 0.0821 0.8595 0.1606 0.8271 0.2678 0.4697 0.8072 0.7385 0.7718
58 0.0812 0.0841 0.8646 0.1656 0.8341 0.1925 0.4657 0.8250 0.6590 0.7939
59 0.0721 0.0761 0.8711 0.1484 0.8405 0.2146 0.4625 0.8264 0.6781 0.7931
60 0.0609 0.0683 0.8732 0.1295 0.8399 0.2154 0.4625 0.8272 0.6789 0.7935
61 0.0658 0.0703 0.8716 0.1364 0.8431 0.2111 0.4671 0.8243 0.6792 0.7929
62 0.0643 0.0683 0.8768 0.1328 0.8468 0.2614 0.4707 0.8173 0.7333 0.7838
63 0.0799 0.0826 0.8676 0.1628 0.8361 0.2195 0.4730 0.8145 0.6935 0.7823
64 0.0721 0.0719 0.8677 0.1443 0.8347 0.2451 0.4647 0.8187 0.7109 0.7866
65 0.0902 0.0891 0.8510 0.1796 0.8185 0.2579 0.4544 0.8044 0.7131 0.7715
66 0.0961 0.0887 0.8518 0.1853 0.8146 0.2067 0.4592 0.8264 0.6669 0.7934
67 0.0726 0.0727 0.8710 0.1457 0.8386 0.2350 0.4600 0.8207 0.6960 0.7912
68 0.0686 0.0671 0.8767 0.1363 0.8458 0.2266 0.4517 0.8314 0.6793 0.8017
69 0.0667 0.0671 0.8755 0.1344 0.8459 0.2034 0.4495 0.8362 0.6540 0.8037
70 0.0579 0.0610 0.8756 0.1194 0.8485 0.2070 0.4507 0.8351 0.6589 0.8036
71 0.0593 0.0620 0.8750 0.1218 0.8466 0.2049 0.4504 0.8384 0.6564 0.8076
72 0.0566 0.0593 0.8822 0.1164 0.8517 0.2075 0.4463 0.8365 0.6548 0.8051
73 0.0598 0.0607 0.8823 0.1210 0.8518 0.2350 0.4497 0.8305 0.6858 0.7973
74 0.0738 0.0732 0.8673 0.1476 0.8329 0.2281 0.4636 0.8188 0.6929 0.7872
75 0.0997 0.0939 0.8480 0.1942 0.8115 0.2965 0.4801 0.8070 0.7777 0.7662
76 0.0791 0.0777 0.8688 0.1574 0.8359 0.2415 0.4763 0.8087 0.7189 0.7758
77 0.0798 0.0751 0.8577 0.1556 0.8260 0.2191 0.4560 0.8204 0.6764 0.7836
78 0.0641 0.0646 0.8700 0.1294 0.8398 0.2120 0.4494 0.8353 0.6627 0.8056
79 0.0583 0.0565 0.8808 0.1155 0.8528 0.2350 0.4511 0.8299 0.6875 0.8000
80 0.0612 0.0579 0.8805 0.1199 0.8518 0.2475 0.4452 0.8283 0.6941 0.7981
81 0.0581 0.0578 0.8751 0.1167 0.8465 0.2389 0.4470 0.8273 0.6872 0.7942
82 0.0583 0.0568 0.8797 0.1158 0.8508 0.2284 0.4566 0.8335 0.6864 0.8049
83 0.0576 0.0543 0.8820 0.1126 0.8529 0.2460 0.4616 0.8317 0.7090 0.8013
84 0.0640 0.0612 0.8712 0.1257 0.8402 0.2827 0.4477 0.8150 0.7318 0.7835
85 0.0717 0.0651 0.8687 0.1375 0.8372 0.2641 0.4376 0.8199 0.7030 0.7886
86 0.0666 0.0635 0.8707 0.1309 0.8398 0.2735 0.4589 0.8143 0.7338 0.7811
87 0.0899 0.0761 0.8570 0.1668 0.8245 0.2727 0.4628 0.8067 0.7370 0.7735
88 0.0631 0.0619 0.8727 0.1258 0.8424 0.2269 0.4623 0.8238 0.6906 0.7985
89 0.0571 0.0565 0.8813 0.1144 0.8538 0.2225 0.4487 0.8238 0.6727 0.7886
90 0.0532 0.0528 0.8809 0.1069 0.8522 0.2189 0.4477 0.8323 0.6681 0.8038
91 0.0523 0.0509 0.8854 0.1040 0.8573 0.2287 0.4490 0.8300 0.6791 0.8029
92 0.0508 0.0498 0.8827 0.1015 0.8547 0.2252 0.4519 0.8246 0.6785 0.7946
93 0.0588 0.0555 0.8815 0.1151 0.8514 0.2555 0.4489 0.8288 0.7061 0.8006
94 0.0559 0.0524 0.8826 0.1091 0.8524 0.2570 0.4279 0.8247 0.6861 0.7923
95 0.0805 0.0700 0.8590 0.1513 0.8262 0.2992 0.4468 0.7991 0.7475 0.7603
96 0.0894 0.0738 0.8584 0.1641 0.8272 0.2844 0.4701 0.8012 0.7561 0.7623
97 0.0717 0.0669 0.8692 0.1395 0.8377 0.2170 0.4465 0.8281 0.6650 0.7988
98 0.0639 0.0603 0.8801 0.1251 0.8515 0.2096 0.4430 0.8299 0.6540 0.8027
99 0.0551 0.0536 0.8823 0.1096 0.8524 0.1971 0.4442 0.8427 0.6427 0.8156
