epoch train_BCELoss train_SoftDiceLoss train_iou train_loss train_mAP val_BCELoss val_SoftDiceLoss val_iou val_loss val_mAP
0 0.6251 0.6925 0.3641 1.3168 0.3641 0.6601 0.7402 0.3560 1.4001 0.3560
1 0.5765 0.6569 0.3857 1.2322 0.3731 0.5066 0.6986 0.4348 1.2023 0.3248
2 0.3914 0.4797 0.5965 0.8645 0.5149 0.3206 0.6115 0.6785 0.9261 0.6164
3 0.2927 0.3731 0.6860 0.6603 0.6148 0.2932 0.5881 0.7227 0.8783 0.6658
4 0.2394 0.3102 0.7250 0.5466 0.6640 0.2816 0.5723 0.7273 0.8524 0.6705
5 0.2140 0.2730 0.7439 0.4851 0.6869 0.2840 0.5723 0.7285 0.8554 0.6772
6 0.1814 0.2371 0.7704 0.4170 0.7187 0.2590 0.5567 0.7478 0.8150 0.7098
7 0.1582 0.2071 0.7944 0.3640 0.7484 0.2311 0.5359 0.7760 0.7665 0.7327
8 0.1415 0.1895 0.8179 0.3298 0.7732 0.2130 0.5257 0.7931 0.7382 0.7460
9 0.1293 0.1771 0.8249 0.3052 0.7846 0.2026 0.5223 0.7955 0.7245 0.7510
10 0.1173 0.1664 0.8374 0.2825 0.7991 0.1989 0.5207 0.7990 0.7192 0.7555
11 0.1149 0.1633 0.8360 0.2770 0.7973 0.2147 0.5230 0.7968 0.7373 0.7490
12 0.1157 0.1607 0.8335 0.2753 0.7942 0.2362 0.5261 0.7854 0.7620 0.7463
13 0.1111 0.1519 0.8348 0.2621 0.7929 0.2407 0.5191 0.7848 0.7597 0.7451
14 0.1292 0.1603 0.8146 0.2886 0.7717 0.3073 0.5384 0.7511 0.8459 0.7104
15 0.1238 0.1503 0.8181 0.2735 0.7746 0.2462 0.5197 0.7739 0.7661 0.7358
16 0.1285 0.1478 0.8188 0.2757 0.7775 0.2738 0.5293 0.7559 0.8035 0.7115
17 0.1099 0.1325 0.8246 0.2420 0.7834 0.2441 0.5115 0.7919 0.7558 0.7551
18 0.0891 0.1148 0.8468 0.2034 0.8097 0.1994 0.4925 0.8103 0.6921 0.7759
19 0.0778 0.1011 0.8694 0.1786 0.8363 0.1853 0.4870 0.8139 0.6725 0.7773
20 0.0750 0.0992 0.8699 0.1739 0.8379 0.1944 0.4905 0.8092 0.6851 0.7740
21 0.0757 0.0993 0.8679 0.1747 0.8362 0.2174 0.4959 0.8041 0.7137 0.7671
22 0.0717 0.0938 0.8723 0.1652 0.8388 0.2119 0.4876 0.8105 0.6999 0.7760
23 0.0678 0.0889 0.8681 0.1565 0.8358 0.2114 0.4856 0.8142 0.6975 0.7820
24 0.0760 0.0926 0.8617 0.1684 0.8268 0.2507 0.5020 0.7767 0.7531 0.7334
25 0.0969 0.1055 0.8359 0.2023 0.7983 0.2165 0.4943 0.7942 0.7113 0.7558
26 0.0991 0.1028 0.8350 0.2020 0.7997 0.2520 0.4944 0.7890 0.7470 0.7446
27 0.0821 0.0908 0.8517 0.1730 0.8177 0.2236 0.4906 0.8062 0.7149 0.7689
28 0.0679 0.0792 0.8672 0.1472 0.8360 0.2201 0.4821 0.8070 0.7028 0.7698
29 0.0564 0.0695 0.8818 0.1260 0.8538 0.2250 0.4736 0.8129 0.6993 0.7742
30 0.0560 0.0686 0.8784 0.1247 0.8508 0.2028 0.4700 0.8204 0.6734 0.7826
31 0.0556 0.0682 0.8829 0.1240 0.8547 0.2167 0.4760 0.8176 0.6935 0.7805
32 0.0558 0.0668 0.8834 0.1229 0.8577 0.2123 0.4777 0.8160 0.6907 0.7791
33 0.0526 0.0629 0.8843 0.1157 0.8567 0.2285 0.4799 0.8020 0.7092 0.7655
34 0.0518 0.0603 0.8843 0.1124 0.8559 0.2299 0.4718 0.8199 0.7026 0.7834
35 0.0511 0.0586 0.8846 0.1101 0.8575 0.2595 0.4767 0.8133 0.7372 0.7789
36 0.0519 0.0574 0.8869 0.1097 0.8585 0.2232 0.4788 0.8114 0.7028 0.7728
37 0.0528 0.0581 0.8811 0.1113 0.8525 0.2875 0.4738 0.8129 0.7626 0.7785
38 0.0449 0.0513 0.8971 0.0967 0.8698 0.2240 0.4653 0.8187 0.6904 0.7847
39 0.0416 0.0484 0.9026 0.0907 0.8798 0.2266 0.4616 0.8229 0.6894 0.7886
40 0.0399 0.0472 0.9007 0.0877 0.8773 0.2116 0.4599 0.8267 0.6726 0.7931
41 0.0410 0.0480 0.9031 0.0895 0.8810 0.2315 0.4642 0.8235 0.6969 0.7905
42 0.0378 0.0453 0.9050 0.0838 0.8833 0.2413 0.4628 0.8233 0.7054 0.7893
43 0.0501 0.0534 0.8943 0.1042 0.8681 0.2407 0.4717 0.8085 0.7135 0.7730
44 0.0472 0.0510 0.8907 0.0989 0.8622 0.2195 0.4685 0.8192 0.6891 0.7787
45 0.0728 0.0685 0.8565 0.1420 0.8228 0.3243 0.4918 0.7746 0.8175 0.7410
46 0.0795 0.0753 0.8500 0.1555 0.8174 0.2848 0.4841 0.7808 0.7703 0.7417
47 0.0731 0.0690 0.8634 0.1429 0.8326 0.2163 0.4762 0.7968 0.6934 0.7557
48 0.0514 0.0524 0.8866 0.1046 0.8613 0.2161 0.4635 0.8219 0.6811 0.7862
49 0.0409 0.0442 0.8965 0.0859 0.8724 0.2007 0.4560 0.8253 0.6580 0.7881
50 0.0383 0.0424 0.9016 0.0816 0.8788 0.2012 0.4569 0.8249 0.6594 0.7875
51 0.0385 0.0416 0.9015 0.0810 0.8773 0.1920 0.4542 0.8278 0.6475 0.7940
52 0.0357 0.0399 0.8997 0.0765 0.8767 0.1729 0.4479 0.8371 0.6220 0.8036
53 0.0384 0.0417 0.9023 0.0810 0.8771 0.2176 0.4522 0.8294 0.6713 0.7974
54 0.0349 0.0379 0.9009 0.0737 0.8780 0.2538 0.4581 0.8269 0.7136 0.7946
55 0.0344 0.0370 0.9042 0.0724 0.8814 0.2566 0.4575 0.8232 0.7158 0.7914
56 0.0332 0.0351 0.9090 0.0693 0.8863 0.2507 0.4545 0.8250 0.7070 0.7923
57 0.0316 0.0339 0.9133 0.0666 0.8918 0.2365 0.4528 0.8294 0.6910 0.7972
58 0.0276 0.0303 0.9188 0.0592 0.9006 0.2576 0.4534 0.8304 0.7128 0.7996
59 0.0269 0.0296 0.9191 0.0578 0.9013 0.2530 0.4496 0.8304 0.7044 0.7977
60 0.0260 0.0293 0.9217 0.0566 0.9043 0.2426 0.4492 0.8330 0.6935 0.7979
61 0.0256 0.0287 0.9223 0.0556 0.9055 0.2558 0.4502 0.8282 0.7078 0.7958
62 0.0261 0.0285 0.9223 0.0560 0.9047 0.2775 0.4517 0.8257 0.7311 0.7895
63 0.0262 0.0285 0.9192 0.0560 0.9007 0.2635 0.4541 0.8218 0.7193 0.7887
64 0.0315 0.0323 0.9151 0.0651 0.8941 0.2528 0.4474 0.8155 0.7018 0.7743
65 0.0306 0.0316 0.9102 0.0635 0.8883 0.3317 0.4480 0.8048 0.7818 0.7633
66 0.0424 0.0396 0.8899 0.0833 0.8624 0.3309 0.4770 0.8112 0.8099 0.7781
67 0.0571 0.0486 0.8808 0.1069 0.8506 0.4407 0.5226 0.7656 0.9652 0.7232
68 0.0462 0.0421 0.8952 0.0894 0.8683 0.2471 0.4652 0.8328 0.7138 0.7975
69 0.0297 0.0306 0.9091 0.0616 0.8891 0.2715 0.4405 0.8315 0.7141 0.7959
70 0.0287 0.0307 0.9119 0.0607 0.8924 0.2520 0.4492 0.8344 0.7032 0.7954
71 0.0449 0.0404 0.9032 0.0870 0.8838 0.2372 0.4506 0.8311 0.6897 0.7945
72 0.0434 0.0405 0.9064 0.0855 0.8869 0.2436 0.4520 0.8253 0.6976 0.7940
73 0.0565 0.0501 0.8894 0.1081 0.8664 0.3016 0.4466 0.8166 0.7502 0.7777
74 0.0603 0.0529 0.8819 0.1147 0.8575 0.2297 0.4452 0.8183 0.6764 0.7818
75 0.0922 0.0764 0.8557 0.1699 0.8256 0.2704 0.4662 0.8117 0.7385 0.7756
76 0.0782 0.0672 0.8788 0.1468 0.8541 0.1931 0.4636 0.8253 0.6582 0.7914
77 0.0547 0.0474 0.8985 0.1036 0.8780 0.2222 0.4482 0.8328 0.6722 0.7974
78 0.0403 0.0364 0.9140 0.0784 0.8966 0.2376 0.4439 0.8359 0.6834 0.8028
79 0.0341 0.0312 0.9221 0.0670 0.9061 0.2273 0.4362 0.8406 0.6655 0.8086
80 0.0290 0.0277 0.9281 0.0585 0.9138 0.2256 0.4369 0.8378 0.6645 0.8059
81 0.0284 0.0268 0.9292 0.0570 0.9148 0.2374 0.4435 0.8328 0.6828 0.7998
82 0.0275 0.0260 0.9247 0.0553 0.9102 0.2887 0.4440 0.8350 0.7350 0.8038
83 0.0332 0.0302 0.9198 0.0650 0.9028 0.2671 0.4518 0.8174 0.7207 0.7821
84 0.0509 0.0444 0.8905 0.0969 0.8682 0.3041 0.4636 0.8227 0.7698 0.7939
85 0.0644 0.0518 0.8864 0.1178 0.8630 0.2442 0.4479 0.8114 0.6940 0.7782
86 0.0545 0.0463 0.8828 0.1023 0.8605 0.2646 0.4570 0.8130 0.7236 0.7750
87 0.0624 0.0532 0.8860 0.1173 0.8619 0.2681 0.4598 0.8255 0.7300 0.7940
88 0.0375 0.0343 0.9162 0.0736 0.8987 0.2454 0.4475 0.8341 0.6950 0.8051
89 0.0294 0.0278 0.9280 0.0591 0.9137 0.2400 0.4427 0.8409 0.6848 0.8133
90 0.0289 0.0261 0.9284 0.0570 0.9145 0.2319 0.4422 0.8433 0.6762 0.8164
91 0.0268 0.0243 0.9300 0.0531 0.9157 0.2370 0.4395 0.8407 0.6785 0.8146
92 0.0284 0.0253 0.9270 0.0557 0.9125 0.2390 0.4386 0.8397 0.6796 0.8105
93 0.0300 0.0259 0.9269 0.0579 0.9128 0.2347 0.4477 0.8382 0.6843 0.8081
94 0.0385 0.0325 0.9150 0.0728 0.8976 0.2772 0.4495 0.8382 0.7287 0.8098
95 0.0708 0.0570 0.8881 0.1295 0.8669 0.3569 0.4796 0.7665 0.8384 0.7090
96 0.0822 0.0674 0.8658 0.1513 0.8359 0.2573 0.4427 0.8193 0.7019 0.7788
97 0.0526 0.0441 0.8998 0.0986 0.8785 0.2299 0.4331 0.8259 0.6650 0.7906
98 0.0368 0.0313 0.9181 0.0700 0.9012 0.2297 0.4282 0.8453 0.6601 0.8180
99 0.0313 0.0276 0.9232 0.0608 0.9072 0.2251 0.4261 0.8353 0.6533 0.8060
100 0.0257 0.0237 0.9292 0.0515 0.9160 0.2384 0.4265 0.8314 0.6671 0.8028
101 0.0279 0.0238 0.9312 0.0538 0.9178 0.2161 0.4206 0.8450 0.6387 0.8165
102 0.0259 0.0231 0.9302 0.0510 0.9164 0.2207 0.4238 0.8442 0.6466 0.8128
103 0.0283 0.0251 0.9270 0.0553 0.9126 0.2481 0.4191 0.8382 0.6694 0.8055
104 0.0274 0.0238 0.9250 0.0531 0.9107 0.2652 0.4291 0.8359 0.6965 0.8042
105 0.0323 0.0278 0.9169 0.0620 0.9007 0.2390 0.4281 0.8210 0.6691 0.7874
106 0.0343 0.0292 0.9154 0.0654 0.8950 0.2380 0.4299 0.8359 0.6700 0.8051
107 0.0316 0.0279 0.9209 0.0615 0.9057 0.2058 0.4395 0.8440 0.6473 0.8128
108 0.0252 0.0225 0.9302 0.0499 0.9160 0.2159 0.4291 0.8478 0.6471 0.8182
109 0.0223 0.0203 0.9351 0.0448 0.9235 0.1990 0.4199 0.8528 0.6211 0.8259
110 0.0207 0.0190 0.9392 0.0420 0.9285 0.2040 0.4213 0.8507 0.6275 0.8217
111 0.0204 0.0184 0.9391 0.0410 0.9281 0.2040 0.4168 0.8522 0.6231 0.8219
112 0.0206 0.0185 0.9386 0.0413 0.9274 0.2297 0.4225 0.8545 0.6544 0.8259
113 0.0296 0.0246 0.9262 0.0563 0.9108 0.2311 0.4328 0.8381 0.6663 0.8104
114 0.0415 0.0351 0.9096 0.0784 0.8898 0.2138 0.4493 0.8308 0.6649 0.7973
115 0.0682 0.0538 0.8797 0.1236 0.8555 0.2655 0.4573 0.8049 0.7245 0.7737
116 0.0671 0.0526 0.8782 0.1213 0.8550 0.2791 0.4406 0.8099 0.7216 0.7742
117 0.0460 0.0375 0.9033 0.0853 0.8836 0.2315 0.4368 0.8427 0.6702 0.8145
118 0.0331 0.0274 0.9262 0.0625 0.9110 0.2255 0.4316 0.8466 0.6591 0.8184
119 0.0282 0.0241 0.9290 0.0544 0.9158 0.2454 0.4273 0.8456 0.6749 0.8163
120 0.0266 0.0227 0.9324 0.0514 0.9206 0.2451 0.4280 0.8445 0.6752 0.8148
121 0.0263 0.0222 0.9341 0.0507 0.9221 0.2603 0.4221 0.8418 0.6846 0.8096
122 0.0284 0.0241 0.9303 0.0546 0.9168 0.2422 0.4357 0.8354 0.6801 0.8059
123 0.0264 0.0225 0.9284 0.0510 0.9142 0.2454 0.4353 0.8450 0.6829 0.8151
124 0.0379 0.0322 0.9171 0.0720 0.9007 0.2016 0.4456 0.8146 0.6489 0.7778
125 0.0648 0.0515 0.8788 0.1181 0.8543 0.2905 0.4706 0.8083 0.7630 0.7768
126 0.0488 0.0396 0.9054 0.0903 0.8867 0.3698 0.4739 0.7999 0.8457 0.7694
127 0.0391 0.0336 0.9143 0.0746 0.8976 0.2616 0.4635 0.8160 0.7270 0.7888
128 0.0381 0.0310 0.9193 0.0711 0.9030 0.3017 0.4620 0.8244 0.7657 0.7931
129 0.0349 0.0315 0.9221 0.0685 0.9079 0.2460 0.4469 0.8363 0.6949 0.8089
130 0.0243 0.0230 0.9330 0.0494 0.9209 0.2480 0.4482 0.8346 0.6982 0.8061
131 0.0235 0.0206 0.9344 0.0463 0.9228 0.2815 0.4477 0.8353 0.7313 0.8051
132 0.0265 0.0222 0.9307 0.0509 0.9188 0.2956 0.4449 0.8328 0.7426 0.8038
133 0.0218 0.0195 0.9362 0.0435 0.9247 0.2869 0.4476 0.8293 0.7367 0.8017
134 0.0253 0.0221 0.9328 0.0496 0.9197 0.2879 0.4594 0.8347 0.7492 0.8061
135 0.0402 0.0333 0.9117 0.0753 0.8932 0.3014 0.4398 0.8233 0.7432 0.7874
136 0.0424 0.0325 0.9037 0.0768 0.8851 0.2547 0.4713 0.8170 0.7276 0.7817
137 0.0722 0.0530 0.8944 0.1271 0.8772 0.2211 0.4448 0.8199 0.6675 0.7824
138 0.0340 0.0295 0.9121 0.0656 0.8961 0.2257 0.4425 0.8486 0.6700 0.8135
139 0.0275 0.0236 0.9325 0.0533 0.9204 0.2419 0.4368 0.8482 0.6808 0.8142
140 0.0261 0.0223 0.9333 0.0507 0.9211 0.2507 0.4372 0.8462 0.6899 0.8117
141 0.0247 0.0211 0.9346 0.0481 0.9232 0.2508 0.4344 0.8431 0.6873 0.8104
142 0.0240 0.0203 0.9350 0.0465 0.9233 0.2431 0.4417 0.8426 0.6868 0.8118
143 0.0243 0.0215 0.9317 0.0480 0.9191 0.3030 0.4463 0.8322 0.7514 0.7977
144 0.0415 0.0330 0.9158 0.0766 0.8992 0.3117 0.4676 0.8164 0.7811 0.7857
145 0.0589 0.0475 0.8963 0.1082 0.8758 0.2475 0.4490 0.8166 0.6983 0.7827
146 0.0533 0.0421 0.9002 0.0972 0.8796 0.2158 0.4707 0.8242 0.6880 0.7893
147 0.0580 0.0454 0.9043 0.1052 0.8846 0.2314 0.4616 0.8282 0.6946 0.7991
148 0.0388 0.0328 0.9137 0.0736 0.8976 0.2142 0.4444 0.8437 0.6605 0.8153
149 0.0257 0.0231 0.9299 0.0509 0.9167 0.2234 0.4372 0.8514 0.6627 0.8242
150 0.0237 0.0210 0.9346 0.0469 0.9237 0.2139 0.4400 0.8508 0.6558 0.8235
151 0.0253 0.0216 0.9346 0.0490 0.9222 0.2179 0.4383 0.8517 0.6583 0.8247
152 0.0262 0.0221 0.9321 0.0506 0.9193 0.2467 0.4467 0.8361 0.6955 0.8056
153 0.0271 0.0231 0.9292 0.0524 0.9159 0.2941 0.4379 0.8256 0.7341 0.7956
154 0.0313 0.0263 0.9113 0.0596 0.8951 0.2359 0.4444 0.8471 0.6822 0.8185
155 0.0430 0.0327 0.9138 0.0776 0.8955 0.2114 0.4505 0.8377 0.6637 0.8123
156 0.0370 0.0293 0.9146 0.0683 0.8979 0.2982 0.4396 0.8265 0.7400 0.7961
157 0.0362 0.0299 0.9118 0.0681 0.8956 0.2874 0.4361 0.8232 0.7256 0.7879
158 0.0308 0.0267 0.9187 0.0597 0.9038 0.2806 0.4450 0.8456 0.7277 0.8176
159 0.0241 0.0216 0.9344 0.0479 0.9220 0.2757 0.4396 0.8458 0.7174 0.8153
160 0.0220 0.0196 0.9381 0.0440 0.9275 0.2821 0.4398 0.8448 0.7241 0.8169
161 0.0212 0.0191 0.9380 0.0426 0.9267 0.2883 0.4388 0.8506 0.7293 0.8211
162 0.0221 0.0186 0.9372 0.0430 0.9267 0.3096 0.4322 0.8477 0.7440 0.8186
163 0.0231 0.0200 0.9370 0.0453 0.9251 0.2840 0.4244 0.8519 0.7105 0.8188
164 0.0223 0.0195 0.9356 0.0440 0.9241 0.2922 0.4252 0.8491 0.7195 0.8175
165 0.0269 0.0227 0.9262 0.0518 0.9120 0.2663 0.4447 0.8409 0.7130 0.8097
166 0.0396 0.0296 0.9156 0.0711 0.9006 0.2147 0.4475 0.8366 0.6640 0.8071
167 0.0367 0.0292 0.9194 0.0679 0.9032 0.2406 0.4423 0.8442 0.6848 0.8145
168 0.0272 0.0233 0.9284 0.0527 0.9153 0.2236 0.4230 0.8494 0.6486 0.8166
169 0.0221 0.0189 0.9367 0.0432 0.9257 0.2200 0.4320 0.8605 0.6541 0.8304
170 0.0196 0.0178 0.9424 0.0397 0.9335 0.2125 0.4300 0.8619 0.6445 0.8313
171 0.0189 0.0170 0.9427 0.0382 0.9335 0.2333 0.4254 0.8544 0.6608 0.8202
172 0.0202 0.0175 0.9403 0.0401 0.9305 0.2260 0.4141 0.8627 0.6423 0.8302
173 0.0237 0.0199 0.9370 0.0459 0.9272 0.3197 0.4357 0.8302 0.7576 0.7959
174 0.0406 0.0316 0.9154 0.0742 0.8977 0.2464 0.4477 0.8427 0.6959 0.8121
175 0.0481 0.0400 0.9038 0.0901 0.8856 0.2899 0.4587 0.7720 0.7503 0.7302
176 0.0704 0.0558 0.8593 0.1281 0.8329 0.2371 0.4456 0.8325 0.6846 0.8013
177 0.0376 0.0332 0.9099 0.0729 0.8928 0.2546 0.4483 0.8362 0.7049 0.8044
178 0.0374 0.0306 0.9220 0.0702 0.9055 0.2727 0.4471 0.8376 0.7219 0.8100
179 0.0289 0.0239 0.9324 0.0551 0.9192 0.2701 0.4432 0.8422 0.7153 0.8113
180 0.0220 0.0201 0.9379 0.0444 0.9271 0.2736 0.4444 0.8382 0.7200 0.8090
181 0.0257 0.0218 0.9352 0.0498 0.9236 0.2937 0.4473 0.8371 0.7431 0.8077
182 0.0230 0.0207 0.9346 0.0460 0.9232 0.2872 0.4320 0.8478 0.7214 0.8172
183 0.0262 0.0222 0.9315 0.0505 0.9182 0.2750 0.4447 0.8466 0.7218 0.8173
184 0.0304 0.0248 0.9278 0.0574 0.9145 0.2973 0.4622 0.8298 0.7615 0.8044
185 0.0487 0.0371 0.9120 0.0878 0.8947 0.3288 0.4515 0.8346 0.7823 0.8048
186 0.0336 0.0300 0.9174 0.0655 0.9014 0.2241 0.4546 0.8365 0.6805 0.8084
187 0.0350 0.0280 0.9253 0.0652 0.9113 0.2544 0.4364 0.8475 0.6929 0.8196
188 0.0242 0.0207 0.9359 0.0472 0.9243 0.2516 0.4372 0.8503 0.6908 0.8189
189 0.0210 0.0181 0.9382 0.0414 0.9286 0.2381 0.4373 0.8535 0.6775 0.8241
190 0.0178 0.0162 0.9437 0.0364 0.9340 0.2372 0.4345 0.8554 0.6737 0.8260
191 0.0196 0.0172 0.9425 0.0392 0.9332 0.2776 0.4365 0.8427 0.7162 0.8144
192 0.0200 0.0170 0.9427 0.0394 0.9335 0.3386 0.4407 0.8387 0.7814 0.8084
193 0.0220 0.0187 0.9382 0.0430 0.9277 0.3682 0.4503 0.8229 0.8206 0.7934
194 0.0299 0.0245 0.9298 0.0565 0.9159 0.3921 0.4396 0.8152 0.8340 0.7843
195 0.0435 0.0364 0.9105 0.0819 0.8927 0.2647 0.4656 0.8246 0.7320 0.7954
196 0.0444 0.0346 0.9116 0.0810 0.8965 0.2866 0.4552 0.8272 0.7438 0.8011
197 0.0340 0.0284 0.9259 0.0645 0.9118 0.3351 0.4517 0.8277 0.7889 0.8008
198 0.0291 0.0230 0.9320 0.0544 0.9198 0.3246 0.4455 0.8296 0.7722 0.8001
199 0.0224 0.0193 0.9379 0.0440 0.9283 0.3324 0.4336 0.8280 0.7682 0.7968
