epoch train_BCELoss train_SoftDiceLoss train_iou train_loss train_mAP val_BCELoss val_SoftDiceLoss val_iou val_loss val_mAP
0 0.5021 0.5290 0.5353 1.0273 0.4790 0.3763 0.6218 0.6836 0.9961 0.6424
1 0.3376 0.3862 0.7147 0.7204 0.6546 0.3149 0.5743 0.7356 0.8883 0.6886
2 0.2941 0.3521 0.7449 0.6444 0.6914 0.2840 0.5653 0.7453 0.8486 0.7050
3 0.2662 0.3187 0.7695 0.5833 0.7197 0.2904 0.5579 0.7538 0.8478 0.7058
4 0.2537 0.3132 0.7750 0.5656 0.7268 0.2835 0.5606 0.7571 0.8437 0.7158
5 0.2465 0.3037 0.7766 0.5488 0.7295 0.2701 0.5590 0.7645 0.8287 0.7271
6 0.2403 0.2971 0.7881 0.5361 0.7402 0.2622 0.5499 0.7780 0.8117 0.7328
7 0.2398 0.2981 0.7832 0.5368 0.7371 0.2594 0.5540 0.7662 0.8130 0.7281
8 0.2358 0.2900 0.7847 0.5248 0.7376 0.2660 0.5432 0.7781 0.8090 0.7305
9 0.2222 0.2773 0.7822 0.4985 0.7383 0.2441 0.5397 0.7771 0.7836 0.7366
10 0.2173 0.2682 0.7853 0.4847 0.7405 0.2328 0.5453 0.7703 0.7779 0.7319
11 0.1981 0.2493 0.7923 0.4467 0.7509 0.2491 0.5484 0.7571 0.7975 0.7204
12 0.1859 0.2344 0.8061 0.4196 0.7648 0.2231 0.5298 0.7929 0.7529 0.7581
13 0.1717 0.2192 0.8130 0.3901 0.7726 0.2109 0.5234 0.7961 0.7342 0.7629
14 0.1592 0.2105 0.8176 0.3689 0.7798 0.1974 0.5214 0.8042 0.7187 0.7733
15 0.1522 0.1991 0.8275 0.3505 0.7897 0.1963 0.5178 0.8035 0.7141 0.7712
16 0.1520 0.2009 0.8294 0.3522 0.7912 0.1970 0.5172 0.8054 0.7143 0.7739
17 0.1533 0.1999 0.8280 0.3525 0.7896 0.2004 0.5253 0.7943 0.7257 0.7583
18 0.1614 0.2009 0.8159 0.3616 0.7782 0.1934 0.5143 0.8031 0.7077 0.7703
19 0.1672 0.2009 0.8155 0.3675 0.7749 0.2383 0.5298 0.7723 0.7683 0.7327
20 0.1667 0.1963 0.8118 0.3624 0.7721 0.2328 0.5193 0.7900 0.7524 0.7547
21 0.1611 0.1924 0.8096 0.3530 0.7709 0.2063 0.5144 0.8005 0.7209 0.7685
22 0.1393 0.1728 0.8278 0.3116 0.7903 0.1605 0.5084 0.8106 0.6689 0.7747
23 0.1290 0.1593 0.8301 0.2877 0.7924 0.1967 0.4989 0.8148 0.6958 0.7847
24 0.1173 0.1474 0.8460 0.2642 0.8104 0.1955 0.5014 0.8191 0.6972 0.7862
25 0.1121 0.1457 0.8506 0.2571 0.8171 0.1956 0.5030 0.8134 0.6988 0.7827
26 0.1119 0.1455 0.8456 0.2567 0.8098 0.2068 0.5024 0.8169 0.7096 0.7890
27 0.1249 0.1531 0.8384 0.2774 0.8027 0.1835 0.4973 0.8193 0.6810 0.7922
28 0.1172 0.1429 0.8472 0.2594 0.8112 0.1759 0.4958 0.8220 0.6719 0.7901
29 0.1190 0.1428 0.8356 0.2612 0.7989 0.2198 0.5093 0.7944 0.7295 0.7563
30 0.1303 0.1491 0.8228 0.2789 0.7850 0.2282 0.5078 0.7935 0.7366 0.7614
31 0.1234 0.1382 0.8298 0.2611 0.7939 0.1778 0.4934 0.8142 0.6717 0.7858
32 0.1264 0.1383 0.8310 0.2642 0.7919 0.1898 0.4980 0.8104 0.6882 0.7818
33 0.1054 0.1246 0.8458 0.2295 0.8088 0.2240 0.4900 0.8143 0.7146 0.7853
34 0.1064 0.1235 0.8457 0.2294 0.8108 0.1812 0.4868 0.8159 0.6683 0.7865
35 0.0934 0.1129 0.8532 0.2057 0.8168 0.1821 0.4849 0.8212 0.6675 0.7902
36 0.0897 0.1099 0.8619 0.1990 0.8286 0.1827 0.4865 0.8254 0.6697 0.7954
37 0.0965 0.1128 0.8563 0.2088 0.8220 0.1735 0.4867 0.8297 0.6606 0.7984
38 0.1029 0.1155 0.8485 0.2179 0.8122 0.1870 0.4857 0.8173 0.6733 0.7878
39 0.1018 0.1164 0.8410 0.2176 0.8071 0.2139 0.4953 0.8022 0.7099 0.7689
40 0.1135 0.1226 0.8346 0.2358 0.7971 0.2122 0.4904 0.8085 0.7033 0.7825
41 0.1120 0.1154 0.8426 0.2271 0.8082 0.2393 0.4905 0.8064 0.7309 0.7753
42 0.1054 0.1101 0.8465 0.2151 0.8112 0.2358 0.4955 0.7974 0.7323 0.7676
43 0.1004 0.1088 0.8418 0.2089 0.8079 0.1954 0.4794 0.8208 0.6756 0.7908
44 0.0889 0.0993 0.8529 0.1878 0.8178 0.2088 0.4795 0.8260 0.6891 0.7968
45 0.0790 0.0924 0.8610 0.1710 0.8278 0.2125 0.4800 0.8251 0.6933 0.7956
46 0.0826 0.0933 0.8558 0.1755 0.8239 0.1977 0.4775 0.8271 0.6761 0.7979
47 0.0804 0.0920 0.8642 0.1719 0.8315 0.1966 0.4754 0.8291 0.6729 0.8010
48 0.0822 0.0856 0.8632 0.1675 0.8318 0.2071 0.4761 0.8237 0.6842 0.7898
49 0.0979 0.1025 0.8511 0.2001 0.8161 0.1960 0.4825 0.8164 0.6795 0.7849
50 0.1209 0.1179 0.8314 0.2387 0.7943 0.2643 0.4904 0.7969 0.7563 0.7643
51 0.1127 0.1095 0.8396 0.2222 0.8044 0.2307 0.4839 0.8082 0.7159 0.7815
52 0.1082 0.1096 0.8444 0.2177 0.8073 0.1936 0.4765 0.8206 0.6712 0.7910
53 0.0899 0.0882 0.8507 0.1779 0.8197 0.1880 0.4648 0.8325 0.6537 0.7981
54 0.0823 0.0849 0.8580 0.1672 0.8258 0.2093 0.4674 0.8264 0.6778 0.7908
55 0.0760 0.0803 0.8679 0.1561 0.8360 0.2093 0.4659 0.8250 0.6765 0.7926
56 0.0696 0.0760 0.8671 0.1455 0.8366 0.2131 0.4644 0.8233 0.6787 0.7906
57 0.0767 0.0823 0.8602 0.1588 0.8280 0.2090 0.4663 0.8266 0.6765 0.7940
58 0.0742 0.0796 0.8681 0.1537 0.8352 0.1868 0.4681 0.8320 0.6561 0.8029
59 0.0828 0.0848 0.8567 0.1674 0.8219 0.2122 0.4537 0.8333 0.6670 0.8023
60 0.0944 0.0944 0.8430 0.1888 0.8079 0.2443 0.4999 0.7963 0.7457 0.7675
61 0.0831 0.0830 0.8574 0.1660 0.8246 0.1969 0.4656 0.8273 0.6638 0.7996
62 0.0784 0.0785 0.8637 0.1569 0.8280 0.2119 0.4647 0.8312 0.6781 0.8025
63 0.0705 0.0699 0.8789 0.1404 0.8477 0.2446 0.4664 0.8171 0.7129 0.7904
64 0.0687 0.0696 0.8738 0.1385 0.8411 0.2336 0.4659 0.8237 0.7013 0.7955
65 0.0650 0.0684 0.8712 0.1334 0.8412 0.2167 0.4619 0.8297 0.6801 0.7968
66 0.0614 0.0640 0.8761 0.1254 0.8463 0.2197 0.4604 0.8342 0.6818 0.8031
67 0.0667 0.0665 0.8726 0.1333 0.8408 0.2269 0.4680 0.8222 0.6968 0.7951
68 0.0691 0.0695 0.8698 0.1386 0.8386 0.2226 0.4617 0.8232 0.6862 0.7954
69 0.0791 0.0754 0.8618 0.1546 0.8271 0.2354 0.4752 0.8124 0.7127 0.7817
70 0.0822 0.0775 0.8562 0.1600 0.8217 0.2144 0.4605 0.8301 0.6764 0.8001
71 0.0868 0.0796 0.8542 0.1667 0.8203 0.2456 0.4740 0.8102 0.7215 0.7807
72 0.0870 0.0831 0.8549 0.1704 0.8224 0.2215 0.4614 0.8231 0.6847 0.7903
73 0.0743 0.0736 0.8599 0.1482 0.8292 0.2254 0.4590 0.8305 0.6859 0.7998
74 0.0671 0.0650 0.8734 0.1325 0.8436 0.2052 0.4577 0.8322 0.6646 0.8038
75 0.0627 0.0623 0.8693 0.1253 0.8391 0.2076 0.4566 0.8297 0.6659 0.7993
76 0.0630 0.0610 0.8773 0.1243 0.8464 0.2038 0.4549 0.8301 0.6604 0.8028
77 0.0578 0.0577 0.8842 0.1158 0.8516 0.1925 0.4470 0.8404 0.6410 0.8155
78 0.0686 0.0663 0.8727 0.1352 0.8403 0.1911 0.4544 0.8361 0.6470 0.8038
79 0.0660 0.0623 0.8780 0.1288 0.8463 0.2226 0.4581 0.8376 0.6827 0.8089
80 0.0826 0.0745 0.8617 0.1576 0.8280 0.2740 0.4713 0.8052 0.7475 0.7768
81 0.0785 0.0704 0.8598 0.1495 0.8279 0.2335 0.4543 0.8251 0.6898 0.7913
82 0.0639 0.0621 0.8734 0.1265 0.8424 0.2413 0.4565 0.8272 0.7001 0.8004
83 0.0634 0.0594 0.8726 0.1234 0.8415 0.2296 0.4506 0.8382 0.6824 0.8094
84 0.0591 0.0574 0.8774 0.1170 0.8487 0.2109 0.4516 0.8347 0.6646 0.8066
85 0.0579 0.0555 0.8807 0.1139 0.8491 0.2056 0.4513 0.8374 0.6588 0.8090
86 0.0573 0.0538 0.8816 0.1116 0.8525 0.2104 0.4499 0.8384 0.6624 0.8124
87 0.0567 0.0553 0.8855 0.1125 0.8549 0.1876 0.4463 0.8481 0.6358 0.8190
88 0.0605 0.0577 0.8795 0.1187 0.8465 0.2166 0.4529 0.8333 0.6715 0.8047
89 0.0591 0.0554 0.8803 0.1151 0.8508 0.2562 0.4644 0.8256 0.7231 0.7985
90 0.0757 0.0705 0.8649 0.1468 0.8330 0.2405 0.4810 0.8126 0.7226 0.7813
91 0.0895 0.0766 0.8604 0.1669 0.8261 0.2059 0.4597 0.8294 0.6672 0.7979
92 0.0651 0.0603 0.8797 0.1261 0.8478 0.2055 0.4660 0.8251 0.6731 0.8009
93 0.0612 0.0581 0.8791 0.1200 0.8497 0.2295 0.4540 0.8283 0.6857 0.8035
94 0.0533 0.0510 0.8847 0.1051 0.8540 0.2180 0.4502 0.8389 0.6703 0.8117
95 0.0505 0.0478 0.8926 0.0991 0.8658 0.2375 0.4493 0.8386 0.6891 0.8138
96 0.0484 0.0471 0.8818 0.0961 0.8534 0.2147 0.4504 0.8446 0.6672 0.8184
97 0.0524 0.0486 0.8828 0.1018 0.8531 0.2128 0.4424 0.8440 0.6575 0.8183
98 0.0576 0.0536 0.8793 0.1120 0.8481 0.3378 0.4531 0.8100 0.7938 0.7760
99 0.0710 0.0653 0.8693 0.1371 0.8344 0.2777 0.4664 0.8092 0.7469 0.7817
100 0.0749 0.0660 0.8601 0.1417 0.8290 0.2231 0.4599 0.8300 0.6851 0.8002
101 0.0647 0.0588 0.8697 0.1243 0.8388 0.2235 0.4536 0.8347 0.6790 0.8037
102 0.0597 0.0552 0.8744 0.1158 0.8440 0.2352 0.4514 0.8399 0.6890 0.8117
103 0.0566 0.0529 0.8792 0.1104 0.8480 0.2484 0.4420 0.8310 0.6929 0.8030
104 0.0544 0.0517 0.8844 0.1069 0.8553 0.2399 0.4419 0.8380 0.6843 0.8132
105 0.0493 0.0468 0.8856 0.0970 0.8587 0.2352 0.4428 0.8402 0.6804 0.8127
106 0.0493 0.0471 0.8881 0.0973 0.8591 0.2628 0.4533 0.8322 0.7187 0.8083
107 0.0534 0.0492 0.8852 0.1036 0.8551 0.2127 0.4361 0.8454 0.6510 0.8186
108 0.0520 0.0491 0.8903 0.1019 0.8622 0.2419 0.4436 0.8323 0.6880 0.8008
109 0.0531 0.0484 0.8809 0.1025 0.8500 0.2730 0.4501 0.8355 0.7257 0.8083
110 0.0617 0.0553 0.8764 0.1180 0.8447 0.2369 0.4440 0.8315 0.6832 0.8002
111 0.0695 0.0622 0.8710 0.1327 0.8409 0.2411 0.4548 0.8327 0.6980 0.8059
112 0.0563 0.0509 0.8838 0.1082 0.8553 0.2377 0.4522 0.8350 0.6922 0.8055
113 0.0538 0.0479 0.8870 0.1026 0.8577 0.2958 0.4516 0.8350 0.7501 0.8077
114 0.0475 0.0458 0.8815 0.0943 0.8523 0.3153 0.4548 0.8306 0.7731 0.8048
115 0.0441 0.0426 0.8928 0.0878 0.8652 0.3114 0.4543 0.8294 0.7686 0.8031
116 0.0454 0.0431 0.8879 0.0894 0.8592 0.3108 0.4526 0.8307 0.7664 0.8055
117 0.0441 0.0421 0.8994 0.0873 0.8722 0.3159 0.4513 0.8341 0.7703 0.8093
118 0.0495 0.0456 0.8887 0.0961 0.8598 0.2883 0.4485 0.8386 0.7398 0.8137
119 0.0538 0.0496 0.8808 0.1044 0.8485 0.3211 0.4605 0.8258 0.7846 0.7993
120 0.0797 0.0702 0.8674 0.1509 0.8344 0.2854 0.4474 0.8250 0.7348 0.7956
121 0.0638 0.0555 0.8657 0.1203 0.8347 0.3160 0.4446 0.8179 0.7631 0.7893
122 0.0588 0.0543 0.8841 0.1141 0.8533 0.2704 0.4550 0.8331 0.7280 0.8059
123 0.0531 0.0495 0.8812 0.1038 0.8526 0.2665 0.4430 0.8315 0.7121 0.8050
124 0.0476 0.0449 0.8870 0.0936 0.8576 0.2817 0.4463 0.8246 0.7307 0.7943
125 0.0439 0.0424 0.8937 0.0874 0.8651 0.2743 0.4433 0.8292 0.7203 0.7996
126 0.0472 0.0442 0.8930 0.0926 0.8646 0.2422 0.4418 0.8385 0.6864 0.8103
127 0.0418 0.0405 0.8913 0.0834 0.8648 0.2424 0.4350 0.8423 0.6800 0.8125
128 0.0515 0.0471 0.8921 0.0996 0.8625 0.2448 0.4415 0.8326 0.6887 0.8033
129 0.0481 0.0448 0.8860 0.0940 0.8562 0.2427 0.4379 0.8474 0.6830 0.8183
130 0.0575 0.0497 0.8863 0.1084 0.8552 0.2455 0.4416 0.8472 0.6893 0.8206
131 0.0575 0.0529 0.8835 0.1115 0.8525 0.2425 0.4400 0.8397 0.6848 0.8113
132 0.0606 0.0537 0.8831 0.1154 0.8509 0.1902 0.4416 0.8310 0.6338 0.7956
133 0.0547 0.0514 0.8786 0.1073 0.8474 0.2048 0.4324 0.8493 0.6394 0.8190
134 0.0473 0.0430 0.8916 0.0915 0.8621 0.2059 0.4258 0.8532 0.6339 0.8240
135 0.0459 0.0429 0.8948 0.0899 0.8648 0.1864 0.4255 0.8528 0.6140 0.8228
136 0.0426 0.0402 0.8888 0.0839 0.8602 0.1969 0.4234 0.8565 0.6225 0.8258
137 0.0408 0.0383 0.8988 0.0804 0.8697 0.2063 0.4247 0.8544 0.6332 0.8262
138 0.0468 0.0439 0.8897 0.0918 0.8613 0.2531 0.4342 0.8448 0.6897 0.8181
139 0.0635 0.0510 0.8853 0.1157 0.8561 0.2902 0.4439 0.8169 0.7363 0.7828
140 0.0743 0.0680 0.8623 0.1435 0.8303 0.2846 0.4506 0.8174 0.7376 0.7826
141 0.0650 0.0587 0.8693 0.1249 0.8387 0.2836 0.4348 0.8391 0.7208 0.8108
142 0.0615 0.0528 0.8814 0.1155 0.8519 0.2955 0.4324 0.8341 0.7304 0.8026
143 0.0478 0.0449 0.8871 0.0939 0.8559 0.2437 0.4224 0.8565 0.6683 0.8286
144 0.0462 0.0425 0.8880 0.0900 0.8582 0.2389 0.4243 0.8536 0.6655 0.8271
145 0.0417 0.0397 0.8978 0.0826 0.8703 0.2316 0.4245 0.8543 0.6584 0.8275
146 0.0416 0.0389 0.8909 0.0817 0.8622 0.2416 0.4227 0.8552 0.6666 0.8251
147 0.0422 0.0394 0.8898 0.0829 0.8618 0.2470 0.4254 0.8564 0.6747 0.8291
148 0.0426 0.0407 0.8887 0.0845 0.8605 0.2625 0.4413 0.8468 0.7062 0.8205
149 0.0521 0.0452 0.8872 0.0985 0.8557 0.2721 0.4287 0.8432 0.7032 0.8133
