epoch train_BCELoss train_SoftDiceLoss train_iou train_loss train_mAP val_BCELoss val_SoftDiceLoss val_iou val_loss val_mAP
0 0.6597 0.6314 0.4048 1.7583 0.3669 0.5842 0.6977 0.4751 1.5035 0.4343
1 0.4870 0.5366 0.5870 1.3140 0.5320 0.4284 0.6346 0.6403 1.1631 0.5735
2 0.3912 0.4788 0.6533 1.0514 0.5920 0.3657 0.6322 0.6669 0.9814 0.6125
3 0.3590 0.4488 0.6948 0.9490 0.6329 0.3528 0.6269 0.6972 0.9125 0.6410
4 0.3347 0.4207 0.7299 0.8632 0.6704 0.3355 0.6148 0.7180 0.8726 0.6610
5 0.3283 0.4155 0.7364 0.8570 0.6762 0.3319 0.6080 0.7294 0.8668 0.6747
6 0.3252 0.4119 0.7290 0.8532 0.6686 0.3242 0.5961 0.7487 0.8539 0.6972
7 0.3163 0.4037 0.7361 0.8373 0.6762 0.3051 0.5876 0.7575 0.8084 0.7126
8 0.3045 0.3927 0.7419 0.8107 0.6856 0.3069 0.6029 0.7285 0.8259 0.6770
9 0.2860 0.3693 0.7618 0.7588 0.7089 0.2857 0.5820 0.7615 0.7777 0.7030
10 0.2776 0.3647 0.7693 0.7468 0.7145 0.2972 0.5982 0.7371 0.8022 0.6599
11 0.2713 0.3596 0.7633 0.7467 0.7137 0.2623 0.5819 0.7743 0.7105 0.7415
12 0.2548 0.3441 0.7850 0.6821 0.7396 0.2783 0.5878 0.7671 0.7273 0.7297
13 0.2392 0.3231 0.7966 0.6466 0.7502 0.2444 0.5648 0.7943 0.6623 0.7616
14 0.2337 0.3199 0.8030 0.6253 0.7567 0.2397 0.5555 0.7963 0.6507 0.7599
15 0.2242 0.3101 0.8063 0.5920 0.7645 0.2500 0.5662 0.7837 0.6735 0.7482
16 0.2218 0.3066 0.8131 0.5925 0.7709 0.2399 0.5594 0.7954 0.6496 0.7632
17 0.2226 0.3073 0.8064 0.6055 0.7623 0.2327 0.5569 0.7866 0.6383 0.7523
18 0.2231 0.3054 0.8054 0.6082 0.7610 0.2250 0.5533 0.8055 0.6250 0.7694
19 0.2225 0.3051 0.7994 0.6245 0.7525 0.2444 0.5715 0.7790 0.6728 0.7429
20 0.2185 0.2991 0.8040 0.6183 0.7592 0.2344 0.5508 0.7959 0.6634 0.7622
21 0.2077 0.2865 0.8149 0.5775 0.7710 0.2277 0.5513 0.8048 0.6291 0.7702
22 0.2029 0.2818 0.8144 0.5699 0.7714 0.2236 0.5541 0.7977 0.6116 0.7624
23 0.1867 0.2671 0.8276 0.5208 0.7869 0.2080 0.5358 0.8107 0.5894 0.7806
24 0.1825 0.2615 0.8267 0.5253 0.7864 0.1934 0.5348 0.8194 0.5438 0.7866
25 0.1779 0.2567 0.8352 0.4952 0.7977 0.1958 0.5352 0.8221 0.5425 0.7897
26 0.1769 0.2530 0.8349 0.4988 0.7970 0.2007 0.5368 0.8196 0.5624 0.7849
27 0.1762 0.2500 0.8367 0.5000 0.7969 0.2130 0.5356 0.8076 0.5926 0.7762
28 0.1779 0.2511 0.8275 0.5226 0.7872 0.1943 0.5309 0.8156 0.5714 0.7830
29 0.1808 0.2564 0.8268 0.5281 0.7862 0.1940 0.5368 0.8035 0.6045 0.7732
30 0.1846 0.2553 0.8222 0.5494 0.7819 0.1997 0.5349 0.8107 0.5861 0.7805
31 0.1753 0.2457 0.8312 0.5241 0.7923 0.1935 0.5321 0.8227 0.5563 0.7925
32 0.1730 0.2466 0.8300 0.5157 0.7891 0.2240 0.5438 0.7974 0.6431 0.7664
33 0.1598 0.2303 0.8365 0.4868 0.7979 0.1889 0.5229 0.8224 0.5754 0.7961
34 0.1557 0.2247 0.8422 0.4635 0.8044 0.1812 0.5223 0.8263 0.5381 0.7993
35 0.1472 0.2162 0.8486 0.4317 0.8125 0.1801 0.5223 0.8295 0.5329 0.8026
36 0.1492 0.2196 0.8529 0.4385 0.8140 0.1810 0.5240 0.8310 0.5299 0.8046
37 0.1429 0.2084 0.8570 0.4282 0.8205 0.1870 0.5183 0.8302 0.5682 0.8020
38 0.1521 0.2169 0.8461 0.4594 0.8087 0.1774 0.5154 0.8269 0.5506 0.7944
39 0.1524 0.2123 0.8481 0.4665 0.8104 0.2202 0.5354 0.7954 0.6486 0.7615
40 0.1746 0.2444 0.8224 0.5430 0.7834 0.1972 0.5366 0.8083 0.6081 0.7786
41 0.1634 0.2290 0.8408 0.4950 0.8007 0.1758 0.5147 0.8284 0.5479 0.7989
42 0.1443 0.2074 0.8481 0.4524 0.8100 0.1730 0.5164 0.8335 0.5420 0.8016
43 0.1496 0.2121 0.8391 0.4733 0.8036 0.1789 0.5126 0.8365 0.5478 0.8038
44 0.1391 0.2061 0.8522 0.4299 0.8153 0.1753 0.5167 0.8397 0.5212 0.8113
45 0.1363 0.2017 0.8548 0.4200 0.8183 0.1722 0.5130 0.8424 0.5141 0.8136
46 0.1312 0.1929 0.8628 0.4049 0.8268 0.1700 0.5107 0.8369 0.5113 0.8096
47 0.1275 0.1890 0.8621 0.4021 0.8263 0.1700 0.5081 0.8429 0.5125 0.8167
48 0.1311 0.1886 0.8578 0.4191 0.8231 0.1925 0.5167 0.8246 0.5673 0.7933
49 0.1333 0.1943 0.8497 0.4308 0.8146 0.1938 0.5272 0.8211 0.5763 0.7927
50 0.1568 0.2197 0.8335 0.5018 0.7954 0.2250 0.5245 0.8139 0.7195 0.7698
51 0.1758 0.2385 0.8322 0.5381 0.7921 0.2114 0.5357 0.7819 0.6693 0.7602
52 0.1523 0.2146 0.8407 0.4759 0.8040 0.1901 0.5192 0.8106 0.6117 0.7783
53 0.1405 0.2043 0.8549 0.4335 0.8168 0.1713 0.5108 0.8432 0.5222 0.8176
54 0.1342 0.1981 0.8623 0.4100 0.8257 0.1643 0.5059 0.8489 0.5027 0.8213
55 0.1277 0.1893 0.8624 0.4012 0.8271 0.1642 0.5033 0.8488 0.5048 0.8205
56 0.1263 0.1870 0.8646 0.3936 0.8285 0.1681 0.5041 0.8471 0.5236 0.8191
57 0.1221 0.1797 0.8660 0.3886 0.8283 0.1684 0.5029 0.8467 0.5194 0.8176
58 0.1322 0.1890 0.8598 0.4139 0.8233 0.1712 0.5089 0.8413 0.5132 0.8108
59 0.1281 0.1849 0.8560 0.4192 0.8180 0.1932 0.5119 0.8273 0.5964 0.8019
60 0.1272 0.1822 0.8551 0.4252 0.8187 0.1782 0.4936 0.8346 0.5847 0.8047
61 0.1427 0.2000 0.8458 0.4608 0.8099 0.1845 0.5083 0.8210 0.5717 0.7946
62 0.1353 0.1927 0.8483 0.4445 0.8126 0.1917 0.5233 0.8096 0.5744 0.7792
63 0.1375 0.1900 0.8488 0.4430 0.8095 0.1871 0.5127 0.8341 0.5529 0.8056
64 0.1203 0.1779 0.8631 0.3906 0.8274 0.1605 0.5001 0.8482 0.4965 0.8217
65 0.1138 0.1672 0.8697 0.3713 0.8356 0.1621 0.4977 0.8483 0.5044 0.8208
66 0.1125 0.1671 0.8696 0.3685 0.8338 0.1618 0.4955 0.8519 0.5000 0.8247
67 0.1126 0.1633 0.8684 0.3750 0.8318 0.1837 0.5024 0.8295 0.5716 0.8041
68 0.1224 0.1739 0.8629 0.4014 0.8261 0.1792 0.4948 0.8364 0.5721 0.8021
69 0.1326 0.1883 0.8547 0.4293 0.8190 0.1624 0.5079 0.8153 0.5642 0.7921
70 0.1381 0.1920 0.8573 0.4438 0.8190 0.2121 0.5336 0.7759 0.6880 0.7515
71 0.1405 0.1971 0.8439 0.4670 0.8090 0.1879 0.5106 0.8074 0.6095 0.7853
72 0.1323 0.1868 0.8466 0.4474 0.8134 0.1770 0.5026 0.8289 0.5676 0.7987
73 0.1191 0.1740 0.8581 0.4050 0.8223 0.1526 0.4943 0.8367 0.5028 0.8095
74 0.1062 0.1549 0.8744 0.3600 0.8408 0.1558 0.4932 0.8405 0.5038 0.8155
75 0.1076 0.1575 0.8706 0.3668 0.8334 0.1594 0.4927 0.8356 0.5154 0.8099
76 0.1037 0.1532 0.8731 0.3593 0.8395 0.1547 0.4910 0.8425 0.5029 0.8173
77 0.1057 0.1524 0.8680 0.3698 0.8337 0.1542 0.4892 0.8463 0.5030 0.8175
78 0.1145 0.1610 0.8704 0.3829 0.8363 0.1809 0.5029 0.8295 0.5719 0.8000
79 0.1199 0.1709 0.8593 0.4007 0.8240 0.1632 0.5016 0.8350 0.5148 0.8075
80 0.1213 0.1721 0.8620 0.4069 0.8249 0.1626 0.4957 0.8326 0.5661 0.8008
81 0.1236 0.1759 0.8570 0.4138 0.8209 0.1745 0.4991 0.8278 0.5645 0.8025
82 0.1142 0.1628 0.8630 0.3947 0.8298 0.1629 0.4986 0.8346 0.5223 0.8035
83 0.1073 0.1553 0.8710 0.3688 0.8367 0.1738 0.4933 0.8398 0.5523 0.8085
84 0.1049 0.1515 0.8654 0.3681 0.8340 0.1535 0.4906 0.8395 0.5028 0.8124
85 0.1026 0.1503 0.8743 0.3509 0.8397 0.1567 0.4896 0.8396 0.5144 0.8097
86 0.0966 0.1418 0.8797 0.3295 0.8438 0.1464 0.4833 0.8548 0.4918 0.8249
87 0.0940 0.1384 0.8825 0.3288 0.8476 0.1577 0.4847 0.8368 0.5381 0.8051
88 0.1040 0.1488 0.8712 0.3636 0.8380 0.1694 0.4948 0.8346 0.5514 0.8036
89 0.1035 0.1481 0.8677 0.3737 0.8318 0.1705 0.4955 0.8276 0.5949 0.8006
90 0.1200 0.1668 0.8583 0.4167 0.8231 0.1753 0.4917 0.8249 0.5965 0.8022
91 0.1132 0.1575 0.8630 0.3951 0.8279 0.1587 0.4885 0.8400 0.5407 0.8103
92 0.1009 0.1443 0.8721 0.3603 0.8373 0.1598 0.4904 0.8369 0.5338 0.8114
93 0.0975 0.1400 0.8733 0.3469 0.8381 0.1548 0.4878 0.8458 0.5073 0.8172
94 0.0951 0.1379 0.8817 0.3313 0.8493 0.1567 0.4845 0.8550 0.5104 0.8248
95 0.0891 0.1329 0.8853 0.3156 0.8545 0.1583 0.4840 0.8537 0.5171 0.8225
96 0.0812 0.1188 0.8866 0.3034 0.8515 0.1544 0.4797 0.8608 0.5203 0.8315
97 0.0895 0.1284 0.8772 0.3326 0.8434 0.1551 0.4824 0.8459 0.5141 0.8201
98 0.0841 0.1218 0.8853 0.3105 0.8522 0.1571 0.4800 0.8526 0.5365 0.8231
99 0.0979 0.1394 0.8765 0.3527 0.8372 0.1747 0.4975 0.8342 0.5807 0.8006
100 0.1099 0.1524 0.8625 0.3941 0.8256 0.2020 0.4909 0.8269 0.6585 0.7945
101 0.1159 0.1598 0.8625 0.3974 0.8261 0.1607 0.4984 0.8300 0.5472 0.8056
102 0.1046 0.1516 0.8689 0.3702 0.8341 0.1492 0.4831 0.8537 0.4984 0.8300
103 0.1042 0.1468 0.8671 0.3736 0.8334 0.1584 0.4805 0.8522 0.5254 0.8263
104 0.0971 0.1390 0.8751 0.3386 0.8420 0.1501 0.4793 0.8429 0.5079 0.8187
105 0.0893 0.1295 0.8856 0.3206 0.8525 0.1476 0.4774 0.8485 0.5046 0.8220
106 0.0870 0.1270 0.8840 0.3142 0.8502 0.1584 0.4784 0.8451 0.5325 0.8222
107 0.0873 0.1262 0.8779 0.3225 0.8447 0.1495 0.4772 0.8500 0.5056 0.8243
108 0.0862 0.1226 0.8838 0.3208 0.8492 0.1589 0.4823 0.8427 0.5478 0.8192
109 0.0908 0.1304 0.8733 0.3398 0.8371 0.1382 0.4762 0.8580 0.4800 0.8299
110 0.0887 0.1294 0.8784 0.3304 0.8437 0.1602 0.4791 0.8301 0.5788 0.8026
111 0.1053 0.1467 0.8644 0.3792 0.8287 0.1584 0.4914 0.8365 0.5302 0.8056
112 0.0982 0.1364 0.8740 0.3536 0.8364 0.1588 0.4795 0.8381 0.5462 0.8089
113 0.0910 0.1303 0.8795 0.3351 0.8441 0.1765 0.4893 0.8336 0.5923 0.8026
114 0.0849 0.1231 0.8822 0.3176 0.8472 0.1442 0.4757 0.8543 0.5016 0.8305
115 0.0832 0.1216 0.8903 0.2998 0.8573 0.1399 0.4755 0.8562 0.4872 0.8328
116 0.0818 0.1174 0.8836 0.3086 0.8502 0.1450 0.4726 0.8556 0.4992 0.8323
117 0.0792 0.1125 0.8900 0.2999 0.8549 0.1508 0.4741 0.8486 0.5070 0.8198
118 0.0967 0.1316 0.8771 0.3539 0.8429 0.1674 0.4866 0.8485 0.5443 0.8213
119 0.0912 0.1303 0.8815 0.3307 0.8447 0.1503 0.4800 0.8488 0.5004 0.8235
120 0.1143 0.1595 0.8632 0.3993 0.8259 0.1638 0.4927 0.8276 0.5612 0.7985
121 0.1031 0.1435 0.8720 0.3664 0.8383 0.1663 0.4798 0.8378 0.5584 0.8127
122 0.0978 0.1381 0.8747 0.3544 0.8392 0.1777 0.4876 0.8343 0.5988 0.8080
123 0.0921 0.1317 0.8832 0.3288 0.8475 0.1582 0.4781 0.8495 0.5436 0.8262
124 0.0851 0.1230 0.8861 0.3154 0.8554 0.1522 0.4753 0.8409 0.5260 0.8123
125 0.0821 0.1199 0.8826 0.3069 0.8512 0.1533 0.4772 0.8457 0.5272 0.8199
126 0.0764 0.1120 0.8942 0.2855 0.8625 0.1497 0.4709 0.8571 0.5280 0.8338
127 0.0736 0.1069 0.8911 0.2872 0.8585 0.1553 0.4692 0.8551 0.5308 0.8291
128 0.0755 0.1082 0.8926 0.2906 0.8591 0.1486 0.4762 0.8476 0.5168 0.8198
129 0.0897 0.1225 0.8807 0.3323 0.8444 0.1720 0.4792 0.8392 0.5588 0.8105
130 0.0877 0.1265 0.8835 0.3174 0.8502 0.1538 0.4740 0.8518 0.5231 0.8237
131 0.0794 0.1115 0.8876 0.3058 0.8538 0.2470 0.5027 0.7986 0.7756 0.7778
132 0.0784 0.1124 0.8877 0.3044 0.8550 0.1677 0.4724 0.8396 0.5760 0.8174
133 0.0737 0.1080 0.8914 0.2889 0.8577 0.1488 0.4718 0.8534 0.5200 0.8273
134 0.0662 0.0978 0.9000 0.2607 0.8658 0.1467 0.4695 0.8571 0.5206 0.8333
135 0.0672 0.0981 0.9000 0.2635 0.8673 0.1458 0.4687 0.8533 0.5166 0.8289
136 0.0613 0.0914 0.8979 0.2573 0.8659 0.1520 0.4629 0.8542 0.5288 0.8278
137 0.0659 0.0951 0.8957 0.2647 0.8619 0.1453 0.4655 0.8601 0.5132 0.8337
138 0.0709 0.1015 0.8932 0.2804 0.8592 0.1417 0.4698 0.8447 0.5138 0.8165
139 0.0729 0.1056 0.8856 0.2940 0.8502 0.1785 0.4781 0.8306 0.6119 0.8065
140 0.0767 0.1091 0.8873 0.3001 0.8528 0.1811 0.4859 0.8300 0.6345 0.8075
141 0.0855 0.1207 0.8890 0.3121 0.8563 0.1615 0.4669 0.8556 0.5545 0.8289
142 0.0862 0.1214 0.8816 0.3225 0.8491 0.1451 0.4787 0.8532 0.5038 0.8287
143 0.0710 0.1039 0.8931 0.2790 0.8593 0.1508 0.4765 0.8494 0.5266 0.8235
144 0.0649 0.0945 0.8986 0.2635 0.8675 0.1459 0.4647 0.8605 0.5103 0.8348
145 0.0621 0.0910 0.9000 0.2525 0.8661 0.1482 0.4659 0.8610 0.5210 0.8366
146 0.0592 0.0849 0.9053 0.2426 0.8737 0.1613 0.4628 0.8600 0.5466 0.8327
147 0.0604 0.0866 0.8990 0.2547 0.8677 0.1665 0.4654 0.8626 0.5602 0.8368
148 0.0629 0.0910 0.8942 0.2677 0.8605 0.1743 0.4737 0.8516 0.5830 0.8283
149 0.0656 0.0933 0.8967 0.2725 0.8640 0.1716 0.4690 0.8551 0.5750 0.8282
