epoch train_BCELoss train_SoftDiceLoss train_iou train_loss train_mAP val_BCELoss val_SoftDiceLoss val_iou val_loss val_mAP
0 0.4838 0.5287 0.3485 1.0112 0.2492 0.4050 0.4537 0.5154 0.8579 0.4314
1 0.3031 0.3563 0.6765 0.6588 0.6086 0.2696 0.3402 0.6994 0.6094 0.6479
2 0.2486 0.2973 0.7292 0.5455 0.6663 0.2368 0.2829 0.7204 0.5195 0.6669
3 0.2064 0.2582 0.7645 0.4644 0.7085 0.2296 0.2847 0.7396 0.5141 0.6929
4 0.1905 0.2344 0.7787 0.4249 0.7253 0.2073 0.2506 0.7359 0.4579 0.6893
5 0.1634 0.2061 0.7996 0.3696 0.7505 0.1964 0.2339 0.7574 0.4304 0.7096
6 0.1582 0.1939 0.7982 0.3522 0.7488 0.2922 0.2518 0.6911 0.5441 0.6330
7 0.1468 0.1824 0.8008 0.3294 0.7527 0.1934 0.2028 0.7709 0.3965 0.7366
8 0.1275 0.1581 0.8233 0.2858 0.7790 0.1783 0.2036 0.7826 0.3823 0.7324
9 0.1262 0.1533 0.8193 0.2799 0.7767 0.1727 0.1771 0.7931 0.3501 0.7421
10 0.1118 0.1371 0.8271 0.2493 0.7836 0.1630 0.1668 0.7983 0.3305 0.7585
11 0.1101 0.1316 0.8299 0.2422 0.7857 0.1776 0.1747 0.7799 0.3528 0.7444
12 0.0954 0.1149 0.8369 0.2109 0.7968 0.1784 0.1608 0.7877 0.3398 0.7433
13 0.0840 0.1042 0.8475 0.1888 0.8101 0.1658 0.1456 0.7979 0.3121 0.7559
14 0.0790 0.0938 0.8577 0.1735 0.8226 0.1695 0.1516 0.7962 0.3219 0.7577
15 0.0700 0.0880 0.8668 0.1587 0.8328 0.1691 0.1499 0.7950 0.3198 0.7506
16 0.0656 0.0847 0.8722 0.1511 0.8384 0.1627 0.1465 0.8074 0.3101 0.7681
17 0.0669 0.0847 0.8711 0.1524 0.8373 0.1637 0.1446 0.8017 0.3092 0.7610
18 0.0634 0.0820 0.8766 0.1462 0.8454 0.1632 0.1441 0.8055 0.3081 0.7658
19 0.0623 0.0808 0.8757 0.1439 0.8446 0.1589 0.1424 0.8075 0.3022 0.7710
20 0.0609 0.0786 0.8800 0.1404 0.8501 0.1610 0.1426 0.8004 0.3044 0.7585
21 0.0616 0.0804 0.8746 0.1428 0.8425 0.1614 0.1423 0.8017 0.3046 0.7631
22 0.0598 0.0766 0.8765 0.1373 0.8462 0.1624 0.1424 0.8013 0.3056 0.7574
23 0.0562 0.0739 0.8840 0.1310 0.8552 0.1568 0.1380 0.8048 0.2956 0.7660
24 0.0566 0.0740 0.8833 0.1316 0.8533 0.1592 0.1393 0.8029 0.2994 0.7636
25 0.0571 0.0740 0.8853 0.1321 0.8567 0.1613 0.1399 0.8022 0.3020 0.7614
26 0.0567 0.0739 0.8828 0.1315 0.8544 0.1609 0.1395 0.8043 0.3013 0.7633
27 0.0556 0.0730 0.8824 0.1296 0.8556 0.1593 0.1380 0.8020 0.2982 0.7626
28 0.0574 0.0769 0.8806 0.1352 0.8494 0.1597 0.1388 0.8027 0.2994 0.7622
29 0.0574 0.0751 0.8793 0.1333 0.8500 0.1584 0.1378 0.8030 0.2971 0.7650
30 0.0690 0.0818 0.8581 0.1516 0.8236 0.2049 0.1564 0.7820 0.3619 0.7354
31 0.0655 0.0749 0.8653 0.1411 0.8313 0.1718 0.1395 0.8051 0.3122 0.7633
32 0.0830 0.0839 0.8546 0.1677 0.8186 0.1798 0.1463 0.7691 0.3270 0.7219
33 0.0888 0.0870 0.8395 0.1766 0.8019 0.1972 0.1468 0.7796 0.3449 0.7373
34 0.0808 0.0843 0.8490 0.1661 0.8135 0.1835 0.1448 0.7989 0.3292 0.7569
35 0.0888 0.0859 0.8383 0.1756 0.8042 0.1959 0.1392 0.7761 0.3358 0.7318
36 0.0961 0.0873 0.7617 0.1844 0.7348 0.1775 0.1378 0.7893 0.3163 0.7427
37 0.0831 0.0776 0.7714 0.1617 0.7446 0.1645 0.1293 0.7939 0.2949 0.7551
38 0.0712 0.0692 0.7792 0.1415 0.7556 0.1573 0.1204 0.8116 0.2788 0.7722
39 0.0602 0.0602 0.7895 0.1215 0.7672 0.1602 0.1195 0.8146 0.2808 0.7756
40 0.0590 0.0597 0.7909 0.1199 0.7679 0.1597 0.1191 0.8074 0.2798 0.7657
41 0.0564 0.0567 0.7919 0.1143 0.7705 0.1608 0.1179 0.8127 0.2798 0.7722
42 0.0571 0.0579 0.7934 0.1162 0.7721 0.1570 0.1155 0.8155 0.2736 0.7763
43 0.0546 0.0553 0.7959 0.1111 0.7744 0.1568 0.1162 0.8129 0.2741 0.7734
44 0.0548 0.0549 0.7936 0.1109 0.7729 0.1588 0.1163 0.8086 0.2762 0.7676
45 0.0510 0.0527 0.7959 0.1048 0.7745 0.1651 0.1162 0.8104 0.2824 0.7689
46 0.0507 0.0511 0.7959 0.1031 0.7748 0.1653 0.1165 0.8090 0.2829 0.7653
47 0.0516 0.0530 0.7934 0.1058 0.7718 0.1643 0.1155 0.8128 0.2809 0.7718
48 0.0509 0.0513 0.7980 0.1035 0.7782 0.1617 0.1146 0.8153 0.2774 0.7769
49 0.0505 0.0521 0.7924 0.1038 0.7710 0.1628 0.1161 0.8115 0.2800 0.7714
50 0.0513 0.0520 0.7966 0.1045 0.7766 0.1650 0.1174 0.8125 0.2836 0.7715
51 0.0498 0.0511 0.7959 0.1021 0.7756 0.1611 0.1143 0.8066 0.2766 0.7646
52 0.0482 0.0497 0.7994 0.0992 0.7793 0.1633 0.1158 0.8108 0.2802 0.7693
53 0.0492 0.0500 0.7968 0.1004 0.7764 0.1650 0.1168 0.8155 0.2828 0.7733
54 0.0585 0.0550 0.7860 0.1146 0.7626 0.1923 0.1271 0.7862 0.3204 0.7415
55 0.0666 0.0607 0.7764 0.1284 0.7515 0.1681 0.1211 0.8013 0.2903 0.7660
56 0.0687 0.0624 0.7727 0.1321 0.7485 0.1912 0.1212 0.8026 0.3134 0.7595
57 0.0749 0.0659 0.7715 0.1419 0.7462 0.1931 0.1292 0.7803 0.3233 0.7388
58 0.0767 0.0639 0.7758 0.1417 0.7530 0.1728 0.1153 0.8112 0.2892 0.7681
59 0.0623 0.0552 0.7857 0.1185 0.7621 0.1821 0.1161 0.8051 0.2993 0.7631
60 0.0557 0.0494 0.7959 0.1063 0.7740 0.1810 0.1116 0.8093 0.2937 0.7665
61 0.0584 0.0496 0.7884 0.1092 0.7666 0.1805 0.1168 0.8129 0.2984 0.7756
62 0.0486 0.0453 0.8007 0.0953 0.7805 0.1681 0.1063 0.8245 0.2756 0.7864
63 0.0400 0.0391 0.8056 0.0805 0.7865 0.1683 0.1060 0.8283 0.2756 0.7901
64 0.0381 0.0370 0.8055 0.0766 0.7871 0.1720 0.1058 0.8264 0.2790 0.7881
65 0.0373 0.0366 0.8063 0.0753 0.7885 0.1715 0.1065 0.8267 0.2793 0.7884
66 0.0361 0.0354 0.8099 0.0729 0.7920 0.1679 0.1044 0.8278 0.2736 0.7891
67 0.0370 0.0351 0.8095 0.0735 0.7915 0.1743 0.1056 0.8257 0.2812 0.7881
68 0.0353 0.0340 0.8093 0.0708 0.7923 0.1763 0.1050 0.8282 0.2826 0.7892
69 0.0346 0.0333 0.8101 0.0693 0.7927 0.1745 0.1045 0.8271 0.2802 0.7871
70 0.0339 0.0335 0.8068 0.0689 0.7908 0.1793 0.1057 0.8274 0.2862 0.7892
71 0.0344 0.0332 0.8088 0.0691 0.7920 0.1764 0.1050 0.8292 0.2826 0.7906
72 0.0335 0.0336 0.8090 0.0686 0.7922 0.1755 0.1048 0.8289 0.2815 0.7888
73 0.0324 0.0322 0.8109 0.0662 0.7945 0.1779 0.1051 0.8243 0.2842 0.7837
74 0.0329 0.0321 0.8099 0.0665 0.7932 0.1759 0.1052 0.8302 0.2823 0.7915
