epoch train_BCELoss train_SoftDiceLoss train_iou train_loss train_mAP val_BCELoss val_SoftDiceLoss val_iou val_loss val_mAP
0 0.6993 0.6712 0.0365 1.3695 0.0350 0.7002 0.7199 0.3571 1.4198 0.3571
1 0.6602 0.6561 0.2467 1.3150 0.2357 0.5218 0.7013 0.4158 1.2206 0.3382
2 0.4623 0.4990 0.6317 0.9577 0.5603 0.3983 0.6057 0.6951 1.0013 0.6227
3 0.3595 0.4105 0.6909 0.7668 0.6293 0.3190 0.5904 0.7205 0.9076 0.6645
4 0.3119 0.3673 0.7155 0.6770 0.6579 0.2763 0.5739 0.7506 0.8489 0.7037
5 0.2838 0.3395 0.7364 0.6215 0.6792 0.2874 0.5572 0.7185 0.8438 0.6635
6 0.2558 0.3108 0.7481 0.5651 0.6968 0.2909 0.5697 0.7122 0.8600 0.6390
7 0.2329 0.2857 0.7675 0.5172 0.7211 0.2315 0.5512 0.7846 0.7821 0.7469
8 0.2126 0.2710 0.7831 0.4823 0.7383 0.2092 0.5356 0.7968 0.7442 0.7523
9 0.2118 0.2682 0.7860 0.4787 0.7404 0.2080 0.5358 0.8010 0.7432 0.7598
10 0.1988 0.2544 0.8005 0.4519 0.7563 0.2072 0.5315 0.8041 0.7381 0.7610
11 0.1973 0.2507 0.7937 0.4466 0.7503 0.1982 0.5301 0.8068 0.7277 0.7662
12 0.1905 0.2471 0.8007 0.4363 0.7557 0.2031 0.5258 0.7995 0.7283 0.7603
13 0.1904 0.2395 0.7984 0.4286 0.7544 0.2277 0.5333 0.7847 0.7607 0.7440
14 0.1922 0.2388 0.7811 0.4299 0.7339 0.2421 0.5303 0.7771 0.7721 0.7287
15 0.1930 0.2334 0.7825 0.4254 0.7366 0.2533 0.5415 0.7563 0.7946 0.7064
16 0.1766 0.2129 0.7912 0.3886 0.7464 0.2404 0.5279 0.7719 0.7682 0.7299
17 0.1698 0.2035 0.8044 0.3724 0.7639 0.1892 0.5082 0.8075 0.6971 0.7666
18 0.1540 0.1920 0.8186 0.3450 0.7788 0.2091 0.5097 0.8020 0.7187 0.7612
19 0.1454 0.1828 0.8241 0.3274 0.7849 0.1807 0.5059 0.8217 0.6865 0.7827
20 0.1360 0.1744 0.8282 0.3095 0.7918 0.1779 0.5050 0.8236 0.6827 0.7867
21 0.1351 0.1703 0.8322 0.3045 0.7937 0.1759 0.5014 0.8296 0.6771 0.7932
22 0.1351 0.1696 0.8294 0.3037 0.7926 0.2017 0.5087 0.8063 0.7104 0.7671
23 0.1530 0.1787 0.8133 0.3309 0.7742 0.1792 0.5018 0.8126 0.6810 0.7758
24 0.1536 0.1809 0.8066 0.3337 0.7686 0.2026 0.5132 0.7803 0.7158 0.7425
25 0.1480 0.1729 0.8121 0.3203 0.7710 0.2696 0.5173 0.7553 0.7873 0.7126
26 0.1535 0.1708 0.8127 0.3238 0.7751 0.2193 0.5063 0.7892 0.7258 0.7523
27 0.1321 0.1532 0.8231 0.2848 0.7848 0.2068 0.4967 0.7971 0.7036 0.7559
28 0.1253 0.1436 0.8358 0.2684 0.7984 0.1846 0.4936 0.8184 0.6786 0.7872
29 0.1154 0.1357 0.8398 0.2506 0.8037 0.1626 0.4878 0.8260 0.6506 0.7874
30 0.1077 0.1305 0.8470 0.2377 0.8132 0.1683 0.4882 0.8227 0.6567 0.7877
31 0.1030 0.1249 0.8556 0.2273 0.8221 0.1717 0.4838 0.8239 0.6559 0.7878
32 0.1058 0.1241 0.8444 0.2293 0.8096 0.1967 0.4878 0.8136 0.6850 0.7771
33 0.1168 0.1348 0.8421 0.2511 0.8047 0.1632 0.4743 0.8235 0.6378 0.7895
34 0.1177 0.1328 0.8324 0.2501 0.7948 0.2211 0.4957 0.7877 0.7172 0.7516
35 0.1279 0.1336 0.8323 0.2612 0.7956 0.2534 0.4907 0.7959 0.7447 0.7614
36 0.1373 0.1424 0.8227 0.2795 0.7839 0.2009 0.4914 0.7983 0.6928 0.7644
37 0.1182 0.1287 0.8322 0.2467 0.7935 0.1950 0.4736 0.8243 0.6691 0.7920
38 0.1067 0.1136 0.8496 0.2202 0.8136 0.1798 0.4751 0.8311 0.6554 0.7970
39 0.0954 0.1071 0.8569 0.2023 0.8225 0.1996 0.4784 0.8230 0.6785 0.7872
40 0.0966 0.1090 0.8567 0.2055 0.8213 0.2068 0.4781 0.8151 0.6856 0.7771
41 0.0910 0.1014 0.8589 0.1922 0.8258 0.1857 0.4738 0.8261 0.6601 0.7949
42 0.0930 0.1021 0.8576 0.1950 0.8224 0.2036 0.4766 0.8173 0.6810 0.7910
43 0.1055 0.1161 0.8422 0.2215 0.8065 0.2149 0.4780 0.8185 0.6937 0.7809
44 0.1187 0.1172 0.8377 0.2358 0.8029 0.2143 0.4754 0.8059 0.6904 0.7693
45 0.1218 0.1252 0.8336 0.2470 0.7943 0.2498 0.4867 0.7630 0.7373 0.7138
46 0.1131 0.1150 0.8385 0.2282 0.8026 0.2209 0.4605 0.8136 0.6824 0.7763
47 0.0945 0.0982 0.8508 0.1926 0.8164 0.1932 0.4677 0.8186 0.6618 0.7863
48 0.0959 0.0954 0.8611 0.1914 0.8283 0.1882 0.4646 0.8335 0.6538 0.8049
49 0.0827 0.0888 0.8679 0.1716 0.8345 0.1848 0.4543 0.8394 0.6399 0.8093
50 0.0853 0.0861 0.8681 0.1715 0.8340 0.1860 0.4547 0.8401 0.6415 0.8107
51 0.0751 0.0814 0.8704 0.1565 0.8391 0.2033 0.4608 0.8255 0.6652 0.7950
52 0.0818 0.0873 0.8658 0.1692 0.8333 0.2298 0.4741 0.8186 0.7051 0.7840
53 0.0867 0.0888 0.8569 0.1757 0.8210 0.2577 0.4698 0.8077 0.7287 0.7731
54 0.0870 0.0883 0.8567 0.1755 0.8235 0.2553 0.4816 0.8004 0.7382 0.7654
55 0.0969 0.1028 0.8527 0.1999 0.8163 0.2227 0.4627 0.8123 0.6863 0.7790
56 0.0865 0.0860 0.8540 0.1727 0.8177 0.2507 0.4774 0.8095 0.7291 0.7733
57 0.0816 0.0815 0.8639 0.1635 0.8289 0.2111 0.4603 0.8240 0.6728 0.7930
58 0.0883 0.0825 0.8641 0.1712 0.8323 0.1780 0.4581 0.8446 0.6372 0.8146
59 0.0710 0.0757 0.8718 0.1471 0.8396 0.1901 0.4583 0.8416 0.6496 0.8114
60 0.0670 0.0714 0.8786 0.1388 0.8462 0.1883 0.4581 0.8432 0.6475 0.8131
61 0.0657 0.0698 0.8737 0.1359 0.8407 0.2233 0.4619 0.8352 0.6865 0.8040
62 0.0691 0.0709 0.8793 0.1404 0.8471 0.2076 0.4697 0.8328 0.6784 0.7991
63 0.0729 0.0764 0.8626 0.1497 0.8290 0.1881 0.4525 0.8319 0.6416 0.7993
64 0.0794 0.0767 0.8668 0.1566 0.8359 0.2212 0.4517 0.8276 0.6743 0.7983
65 0.1042 0.0930 0.8471 0.1977 0.8135 0.2064 0.4616 0.7966 0.6692 0.7580
66 0.0915 0.0892 0.8529 0.1812 0.8186 0.2371 0.4552 0.8132 0.6934 0.7701
67 0.0945 0.0865 0.8510 0.1815 0.8188 0.1836 0.4549 0.8275 0.6396 0.7933
68 0.0721 0.0709 0.8630 0.1436 0.8308 0.2015 0.4584 0.8332 0.6611 0.7990
69 0.0666 0.0659 0.8714 0.1330 0.8409 0.1986 0.4538 0.8419 0.6538 0.8095
70 0.0619 0.0619 0.8785 0.1244 0.8482 0.1988 0.4524 0.8388 0.6524 0.8056
71 0.0573 0.0589 0.8798 0.1169 0.8483 0.2419 0.4572 0.8247 0.7007 0.7950
72 0.0646 0.0649 0.8715 0.1302 0.8373 0.2027 0.4537 0.8331 0.6578 0.8009
73 0.0650 0.0643 0.8750 0.1298 0.8438 0.2190 0.4485 0.8308 0.6689 0.8021
74 0.0657 0.0630 0.8724 0.1293 0.8418 0.1963 0.4520 0.8350 0.6496 0.8023
75 0.0745 0.0680 0.8756 0.1433 0.8434 0.2364 0.4529 0.8225 0.6907 0.7898
76 0.0787 0.0774 0.8507 0.1568 0.8188 0.2476 0.4768 0.7902 0.7258 0.7573
77 0.0705 0.0680 0.8644 0.1392 0.8338 0.2089 0.4459 0.8383 0.6563 0.8086
78 0.0620 0.0618 0.8782 0.1246 0.8484 0.2090 0.4437 0.8416 0.6542 0.8132
79 0.0574 0.0549 0.8775 0.1131 0.8484 0.2056 0.4460 0.8434 0.6532 0.8154
80 0.0517 0.0514 0.8844 0.1038 0.8553 0.1987 0.4463 0.8393 0.6465 0.8107
81 0.0516 0.0528 0.8840 0.1052 0.8546 0.2121 0.4486 0.8394 0.6622 0.8133
82 0.0549 0.0512 0.8867 0.1068 0.8558 0.2138 0.4412 0.8442 0.6566 0.8158
83 0.0568 0.0539 0.8793 0.1115 0.8480 0.3549 0.4689 0.7800 0.8256 0.7365
84 0.0800 0.0694 0.8677 0.1501 0.8345 0.2523 0.4390 0.8183 0.6928 0.7827
85 0.0793 0.0705 0.8622 0.1506 0.8295 0.2369 0.4689 0.7885 0.7072 0.7468
86 0.0931 0.0825 0.8575 0.1764 0.8241 0.3620 0.4906 0.7562 0.8544 0.7112
87 0.0859 0.0797 0.8501 0.1665 0.8152 0.2031 0.4625 0.8310 0.6670 0.8001
88 0.0638 0.0578 0.8751 0.1226 0.8449 0.2437 0.4457 0.8358 0.6912 0.8056
89 0.0544 0.0538 0.8850 0.1090 0.8554 0.2638 0.4454 0.8212 0.7110 0.7860
90 0.0546 0.0523 0.8838 0.1078 0.8543 0.2624 0.4431 0.8226 0.7072 0.7850
91 0.0554 0.0538 0.8813 0.1101 0.8516 0.2421 0.4462 0.8414 0.6900 0.8131
92 0.0570 0.0552 0.8807 0.1130 0.8516 0.2746 0.4526 0.8238 0.7291 0.7924
93 0.0587 0.0547 0.8768 0.1143 0.8441 0.2411 0.4416 0.8333 0.6844 0.7991
94 0.0582 0.0531 0.8775 0.1122 0.8456 0.2721 0.4447 0.8259 0.7186 0.7934
95 0.0731 0.0650 0.8703 0.1390 0.8379 0.2757 0.4781 0.8012 0.7554 0.7657
96 0.0832 0.0740 0.8647 0.1581 0.8309 0.2200 0.4358 0.8358 0.6573 0.8008
97 0.0768 0.0681 0.8687 0.1458 0.8367 0.2289 0.4603 0.8248 0.6907 0.7942
98 0.0611 0.0580 0.8772 0.1201 0.8470 0.2322 0.4455 0.8323 0.6794 0.7979
99 0.0520 0.0492 0.8847 0.1022 0.8568 0.2124 0.4512 0.8422 0.6653 0.8089
