epoch train_BCELoss train_SoftDiceLoss train_iou train_loss train_mAP val_BCELoss val_SoftDiceLoss val_iou val_loss val_mAP
0 0.5001 0.5812 0.3864 1.0801 0.3152 0.3767 0.5593 0.3775 0.9349 0.2969
1 0.2889 0.2874 0.6071 0.5754 0.5360 0.2564 0.2669 0.6689 0.5227 0.5970
2 0.2429 0.2293 0.6785 0.4718 0.6202 0.2099 0.2330 0.6291 0.4427 0.5615
3 0.2106 0.1934 0.7197 0.4039 0.6669 0.2073 0.2319 0.7137 0.4392 0.6526
4 0.1984 0.1815 0.7364 0.3799 0.6857 0.3128 0.2837 0.6656 0.5962 0.6148
5 0.1842 0.1721 0.7451 0.3565 0.6973 0.1866 0.1760 0.7510 0.3626 0.7102
6 0.1706 0.1576 0.7589 0.3284 0.7114 0.3486 0.3650 0.6338 0.7133 0.5852
7 0.1666 0.1521 0.7649 0.3188 0.7196 0.1883 0.1754 0.7452 0.3638 0.6902
8 0.1642 0.1500 0.7782 0.3146 0.7351 0.1718 0.1740 0.7707 0.3462 0.7266
9 0.1586 0.1413 0.7833 0.3003 0.7403 0.1812 0.1974 0.7346 0.3789 0.6872
10 0.1542 0.1336 0.7828 0.2882 0.7403 0.1728 0.1750 0.7424 0.3482 0.6983
11 0.1413 0.1248 0.7961 0.2666 0.7538 0.1559 0.1581 0.7771 0.3145 0.7348
12 0.1502 0.1352 0.7942 0.2858 0.7504 0.2652 0.1975 0.7308 0.4627 0.6801
13 0.1448 0.1280 0.8046 0.2732 0.7614 0.2042 0.1936 0.7385 0.3980 0.6917
14 0.1360 0.1221 0.7951 0.2588 0.7512 0.1569 0.1483 0.7505 0.3056 0.7047
15 0.1291 0.1164 0.8041 0.2459 0.7646 0.1702 0.1546 0.7771 0.3253 0.7353
16 0.1352 0.1181 0.8039 0.2538 0.7657 0.1627 0.1641 0.7683 0.3273 0.7252
17 0.1255 0.1129 0.8094 0.2390 0.7684 0.1657 0.1512 0.7681 0.3172 0.7155
18 0.1286 0.1155 0.8123 0.2447 0.7717 0.1586 0.1366 0.7930 0.2958 0.7569
19 0.1148 0.1035 0.8243 0.2190 0.7832 0.1462 0.1413 0.7853 0.2882 0.7439
20 0.1264 0.1076 0.8187 0.2347 0.7809 0.1296 0.1275 0.8035 0.2578 0.7643
21 0.1075 0.0980 0.8273 0.2062 0.7878 0.1874 0.1627 0.7716 0.3506 0.7307
22 0.1138 0.0972 0.8255 0.2118 0.7858 0.1890 0.1544 0.7760 0.3439 0.7363
23 0.1045 0.0938 0.8368 0.1989 0.8007 0.2119 0.1841 0.7611 0.3965 0.7185
24 0.1156 0.1047 0.8256 0.2209 0.7849 0.1796 0.1676 0.7594 0.3477 0.7158
25 0.1125 0.0986 0.8304 0.2119 0.7916 0.1477 0.1303 0.7949 0.2787 0.7510
26 0.0894 0.0816 0.8485 0.1717 0.8112 0.1523 0.1288 0.8020 0.2818 0.7618
27 0.0875 0.0782 0.8555 0.1665 0.8199 0.1517 0.1319 0.8014 0.2843 0.7607
28 0.0867 0.0797 0.8465 0.1672 0.8087 0.1560 0.1348 0.7978 0.2915 0.7565
29 0.0862 0.0798 0.8478 0.1668 0.8096 0.1437 0.1247 0.8095 0.2692 0.7700
30 0.0875 0.0796 0.8444 0.1679 0.8079 0.1528 0.1317 0.8009 0.2853 0.7600
31 0.0809 0.0737 0.8479 0.1555 0.8109 0.1476 0.1250 0.8055 0.2734 0.7669
32 0.0805 0.0714 0.8552 0.1527 0.8202 0.1589 0.1311 0.7991 0.2908 0.7593
33 0.0842 0.0764 0.8490 0.1614 0.8132 0.1549 0.1305 0.7991 0.2861 0.7619
34 0.0844 0.0743 0.8512 0.1596 0.8132 0.1512 0.1283 0.8035 0.2803 0.7643
35 0.0735 0.0695 0.8558 0.1439 0.8210 0.1595 0.1350 0.7989 0.2952 0.7612
36 0.0752 0.0703 0.8545 0.1464 0.8172 0.1570 0.1332 0.7985 0.2910 0.7609
37 0.0724 0.0667 0.8539 0.1399 0.8197 0.1577 0.1281 0.8055 0.2866 0.7643
38 0.0708 0.0667 0.8568 0.1384 0.8202 0.1614 0.1317 0.8005 0.2938 0.7613
39 0.0776 0.0686 0.8549 0.1470 0.8165 0.1585 0.1268 0.8034 0.2861 0.7634
40 0.0721 0.0652 0.8648 0.1382 0.8290 0.1596 0.1285 0.8053 0.2888 0.7651
41 0.0689 0.0637 0.8675 0.1335 0.8334 0.1598 0.1248 0.8090 0.2854 0.7690
42 0.0755 0.0668 0.8592 0.1432 0.8233 0.1631 0.1333 0.8073 0.2971 0.7676
43 0.0732 0.0662 0.8568 0.1403 0.8202 0.1523 0.1241 0.8076 0.2772 0.7658
44 0.0711 0.0645 0.8618 0.1364 0.8268 0.1459 0.1190 0.8147 0.2657 0.7737
45 0.0712 0.0639 0.8629 0.1360 0.8273 0.1552 0.1259 0.8095 0.2819 0.7699
46 0.0721 0.0636 0.8562 0.1365 0.8200 0.1522 0.1263 0.8055 0.2793 0.7653
47 0.0690 0.0612 0.8648 0.1311 0.8290 0.1559 0.1245 0.8119 0.2812 0.7723
48 0.0708 0.0636 0.8658 0.1353 0.8304 0.1447 0.1218 0.8079 0.2673 0.7688
49 0.0699 0.0642 0.8595 0.1349 0.8226 0.1417 0.1132 0.8210 0.2558 0.7794
50 0.0671 0.0604 0.8638 0.1284 0.8292 0.1464 0.1199 0.8099 0.2672 0.7700
51 0.0634 0.0572 0.8637 0.1215 0.8297 0.1446 0.1190 0.8143 0.2645 0.7756
52 0.0693 0.0609 0.8581 0.1311 0.8232 0.1440 0.1191 0.8120 0.2639 0.7727
53 0.0624 0.0580 0.8655 0.1214 0.8315 0.1461 0.1206 0.8122 0.2675 0.7728
54 0.0668 0.0606 0.8645 0.1283 0.8298 0.1482 0.1200 0.8118 0.2690 0.7718
55 0.0694 0.0612 0.8600 0.1315 0.8258 0.1467 0.1212 0.8104 0.2687 0.7717
56 0.0679 0.0611 0.8623 0.1299 0.8282 0.1512 0.1245 0.8105 0.2765 0.7719
57 0.0663 0.0608 0.8688 0.1280 0.8330 0.1456 0.1195 0.8094 0.2660 0.7701
58 0.0631 0.0585 0.8681 0.1225 0.8334 0.1445 0.1195 0.8157 0.2648 0.7766
59 0.0683 0.0608 0.8651 0.1299 0.8285 0.1465 0.1202 0.8108 0.2676 0.7709
60 0.0649 0.0598 0.8661 0.1256 0.8321 0.1439 0.1193 0.8138 0.2640 0.7756
61 0.0660 0.0581 0.8706 0.1250 0.8386 0.1517 0.1243 0.8094 0.2768 0.7710
62 0.0643 0.0594 0.8587 0.1246 0.8248 0.1497 0.1226 0.8100 0.2732 0.7720
63 0.0628 0.0596 0.8632 0.1233 0.8301 0.1539 0.1250 0.8094 0.2797 0.7694
64 0.0653 0.0575 0.8656 0.1237 0.8312 0.1494 0.1227 0.8111 0.2729 0.7721
65 0.0678 0.0590 0.8636 0.1277 0.8291 0.1498 0.1243 0.8094 0.2749 0.7718
66 0.0659 0.0592 0.8585 0.1260 0.8243 0.1470 0.1233 0.8079 0.2712 0.7699
67 0.0696 0.0618 0.8625 0.1323 0.8274 0.1518 0.1234 0.8119 0.2761 0.7712
68 0.0648 0.0595 0.8668 0.1253 0.8320 0.1507 0.1242 0.8085 0.2757 0.7691
69 0.0659 0.0596 0.8643 0.1265 0.8310 0.1467 0.1220 0.8102 0.2695 0.7714
70 0.0637 0.0590 0.8686 0.1235 0.8336 0.1555 0.1243 0.8077 0.2806 0.7679
71 0.0668 0.0598 0.8676 0.1274 0.8347 0.1538 0.1246 0.8088 0.2792 0.7706
72 0.0667 0.0610 0.8661 0.1286 0.8324 0.1512 0.1240 0.8073 0.2760 0.7681
73 0.0679 0.0607 0.8668 0.1296 0.8319 0.1521 0.1233 0.8094 0.2762 0.7693
74 0.0653 0.0598 0.8632 0.1260 0.8279 0.1511 0.1230 0.8102 0.2749 0.7718
75 0.0655 0.0597 0.8651 0.1262 0.8308 0.1488 0.1226 0.8114 0.2722 0.7738
76 0.0645 0.0594 0.8623 0.1248 0.8292 0.1483 0.1218 0.8099 0.2709 0.7713
77 0.0652 0.0590 0.8654 0.1251 0.8307 0.1493 0.1224 0.8087 0.2725 0.7705
78 0.0651 0.0605 0.8663 0.1265 0.8341 0.1507 0.1233 0.8085 0.2748 0.7701
79 0.0652 0.0594 0.8663 0.1256 0.8322 0.1534 0.1238 0.8100 0.2780 0.7688
80 0.0638 0.0587 0.8623 0.1235 0.8253 0.1540 0.1247 0.8116 0.2795 0.7712
81 0.0616 0.0571 0.8724 0.1197 0.8379 0.1515 0.1243 0.8083 0.2766 0.7692
82 0.0665 0.0587 0.8674 0.1262 0.8332 0.1498 0.1228 0.8081 0.2734 0.7692
83 0.0626 0.0582 0.8665 0.1218 0.8333 0.1513 0.1234 0.8088 0.2756 0.7696
84 0.0704 0.0636 0.8606 0.1349 0.8261 0.1475 0.1215 0.8076 0.2698 0.7701
85 0.0632 0.0590 0.8684 0.1231 0.8341 0.1521 0.1225 0.8106 0.2754 0.7709
86 0.0645 0.0588 0.8627 0.1243 0.8289 0.1511 0.1226 0.8105 0.2746 0.7717
87 0.0615 0.0580 0.8650 0.1205 0.8303 0.1478 0.1222 0.8105 0.2708 0.7725
88 0.0680 0.0619 0.8614 0.1308 0.8262 0.1529 0.1242 0.8082 0.2779 0.7710
89 0.0684 0.0599 0.8636 0.1292 0.8273 0.1534 0.1256 0.8093 0.2798 0.7718
90 0.0682 0.0609 0.8651 0.1301 0.8313 0.1510 0.1235 0.8104 0.2753 0.7732
91 0.0634 0.0582 0.8660 0.1226 0.8327 0.1514 0.1236 0.8091 0.2759 0.7694
92 0.0715 0.0618 0.8580 0.1343 0.8237 0.1534 0.1254 0.8077 0.2796 0.7694
93 0.0637 0.0589 0.8668 0.1235 0.8319 0.1535 0.1248 0.8075 0.2791 0.7683
94 0.0680 0.0617 0.8610 0.1306 0.8254 0.1509 0.1237 0.8088 0.2754 0.7702
95 0.0667 0.0595 0.8602 0.1271 0.8271 0.1540 0.1245 0.8098 0.2793 0.7705
96 0.0711 0.0622 0.8715 0.1342 0.8363 0.1494 0.1223 0.8106 0.2726 0.7725
97 0.0708 0.0630 0.8669 0.1348 0.8302 0.1527 0.1241 0.8100 0.2777 0.7713
98 0.0646 0.0586 0.8679 0.1241 0.8341 0.1524 0.1239 0.8110 0.2772 0.7725
99 0.0625 0.0584 0.8622 0.1218 0.8278 0.1521 0.1249 0.8076 0.2778 0.7694
