epoch train_BCELoss train_SoftDiceLoss train_iou train_loss train_mAP val_BCELoss val_SoftDiceLoss val_iou val_loss val_mAP
0 0.4754 0.5018 0.5594 0.9746 0.4972 0.3442 0.5915 0.7014 0.9345 0.6336
1 0.3118 0.3654 0.6951 0.6753 0.6324 0.2783 0.5841 0.7320 0.8618 0.6826
2 0.2612 0.3161 0.7469 0.5761 0.6925 0.2744 0.5590 0.7549 0.8332 0.7118
3 0.2291 0.2898 0.7747 0.5179 0.7224 0.2354 0.5517 0.7772 0.7868 0.7413
4 0.2048 0.2666 0.7981 0.4705 0.7502 0.2330 0.5415 0.7745 0.7743 0.7353
5 0.1935 0.2566 0.8120 0.4491 0.7679 0.2363 0.5425 0.7733 0.7786 0.7353
6 0.1908 0.2531 0.8168 0.4430 0.7715 0.2459 0.5420 0.7759 0.7879 0.7376
7 0.1844 0.2452 0.8216 0.4288 0.7767 0.2272 0.5417 0.7811 0.7688 0.7420
8 0.1924 0.2458 0.7999 0.4375 0.7528 0.2528 0.5433 0.7653 0.7962 0.7169
9 0.1890 0.2388 0.7925 0.4271 0.7458 0.2290 0.5385 0.7700 0.7676 0.7325
10 0.1760 0.2258 0.7920 0.4013 0.7453 0.2148 0.5310 0.7707 0.7460 0.7287
11 0.1661 0.2123 0.8092 0.3779 0.7650 0.1754 0.5232 0.7973 0.6988 0.7533
12 0.1460 0.1907 0.8285 0.3362 0.7875 0.1784 0.5162 0.8130 0.6949 0.7771
13 0.1266 0.1738 0.8426 0.3000 0.8047 0.1867 0.5097 0.8052 0.6968 0.7715
14 0.1179 0.1662 0.8547 0.2836 0.8178 0.1756 0.5081 0.8113 0.6840 0.7779
15 0.1113 0.1581 0.8609 0.2689 0.8290 0.1746 0.5070 0.8152 0.6819 0.7797
16 0.1111 0.1578 0.8619 0.2685 0.8283 0.1806 0.5103 0.8166 0.6913 0.7830
17 0.1070 0.1521 0.8665 0.2586 0.8346 0.1837 0.5070 0.8140 0.6910 0.7827
18 0.1028 0.1449 0.8682 0.2472 0.8373 0.1788 0.5063 0.8144 0.6855 0.7799
19 0.1063 0.1466 0.8499 0.2524 0.8138 0.1667 0.5023 0.8154 0.6693 0.7810
20 0.1165 0.1488 0.8342 0.2649 0.7959 0.1918 0.5073 0.7530 0.6995 0.7094
21 0.1203 0.1469 0.8279 0.2667 0.7873 0.1887 0.5052 0.8084 0.6945 0.7792
22 0.1029 0.1366 0.8401 0.2390 0.8016 0.1886 0.5023 0.8051 0.6914 0.7747
23 0.0954 0.1238 0.8601 0.2187 0.8267 0.1754 0.4951 0.8191 0.6710 0.7849
24 0.0803 0.1101 0.8776 0.1898 0.8495 0.1732 0.4903 0.8172 0.6640 0.7865
25 0.0780 0.1079 0.8798 0.1854 0.8504 0.1732 0.4909 0.8160 0.6646 0.7850
26 0.0753 0.1054 0.8793 0.1801 0.8513 0.1801 0.4910 0.8197 0.6717 0.7916
27 0.0750 0.1052 0.8816 0.1797 0.8535 0.1687 0.4867 0.8263 0.6561 0.7973
28 0.0722 0.1009 0.8816 0.1725 0.8526 0.1733 0.4886 0.8176 0.6626 0.7885
29 0.0813 0.1046 0.8680 0.1853 0.8359 0.1934 0.4934 0.8119 0.6875 0.7782
30 0.0825 0.1037 0.8593 0.1855 0.8255 0.2765 0.5195 0.7564 0.7972 0.7065
31 0.0757 0.0946 0.8632 0.1694 0.8293 0.2028 0.4811 0.8146 0.6848 0.7864
32 0.0688 0.0864 0.8784 0.1541 0.8489 0.1833 0.4786 0.8218 0.6626 0.7932
33 0.0607 0.0803 0.8873 0.1397 0.8598 0.1847 0.4777 0.8211 0.6632 0.7934
34 0.0568 0.0761 0.8912 0.1315 0.8667 0.1896 0.4787 0.8157 0.6690 0.7888
35 0.0555 0.0755 0.8936 0.1294 0.8698 0.1827 0.4773 0.8188 0.6608 0.7897
36 0.0529 0.0746 0.8949 0.1258 0.8719 0.1815 0.4766 0.8221 0.6588 0.7920
37 0.0536 0.0741 0.8950 0.1257 0.8724 0.1908 0.4758 0.8240 0.6676 0.7964
38 0.0497 0.0686 0.8987 0.1162 0.8762 0.1899 0.4734 0.8271 0.6641 0.7980
39 0.0501 0.0673 0.8976 0.1148 0.8727 0.1902 0.4714 0.8251 0.6623 0.7958
40 0.0500 0.0657 0.8945 0.1130 0.8713 0.1732 0.4668 0.8242 0.6403 0.7922
41 0.0480 0.0624 0.8966 0.1075 0.8717 0.1831 0.4676 0.8250 0.6514 0.7936
42 0.0537 0.0648 0.8874 0.1158 0.8637 0.1929 0.4688 0.8294 0.6628 0.7971
43 0.0585 0.0661 0.8888 0.1221 0.8641 0.1868 0.4722 0.8244 0.6597 0.7956
44 0.0455 0.0577 0.9029 0.1005 0.8806 0.1431 0.4615 0.8360 0.6046 0.8023
45 0.0440 0.0566 0.9020 0.0978 0.8806 0.1437 0.4606 0.8358 0.6044 0.8028
46 0.0439 0.0570 0.9023 0.0980 0.8814 0.1864 0.4671 0.8289 0.6543 0.7998
47 0.0397 0.0521 0.9086 0.0890 0.8891 0.1858 0.4612 0.8281 0.6478 0.7984
48 0.0375 0.0501 0.9112 0.0848 0.8926 0.1857 0.4626 0.8266 0.6491 0.7971
49 0.0429 0.0547 0.9028 0.0949 0.8798 0.2930 0.5018 0.7706 0.7950 0.7222
50 0.0475 0.0567 0.8881 0.1021 0.8606 0.2424 0.4748 0.8010 0.7193 0.7672
51 0.0477 0.0559 0.8889 0.1014 0.8619 0.1910 0.4622 0.8251 0.6545 0.7954
52 0.0530 0.0579 0.8896 0.1089 0.8650 0.2200 0.4769 0.8132 0.6995 0.7869
53 0.0496 0.0546 0.8894 0.1026 0.8654 0.2430 0.4683 0.8186 0.7141 0.7854
54 0.0420 0.0493 0.9019 0.0896 0.8802 0.2008 0.4518 0.8312 0.6536 0.8044
55 0.0384 0.0468 0.9065 0.0833 0.8864 0.2014 0.4501 0.8293 0.6524 0.8021
56 0.0356 0.0446 0.9079 0.0783 0.8886 0.1995 0.4548 0.8326 0.6558 0.8055
57 0.0356 0.0429 0.9102 0.0767 0.8911 0.2014 0.4524 0.8294 0.6553 0.8026
58 0.0346 0.0424 0.9111 0.0752 0.8910 0.1972 0.4479 0.8329 0.6467 0.8046
59 0.0342 0.0412 0.9113 0.0738 0.8905 0.1857 0.4601 0.8320 0.6474 0.8000
60 0.0371 0.0428 0.9040 0.0785 0.8808 0.2119 0.4458 0.8229 0.6593 0.7936
61 0.0359 0.0420 0.9022 0.0766 0.8799 0.1868 0.4511 0.8366 0.6392 0.8073
62 0.0312 0.0377 0.9151 0.0677 0.8957 0.2074 0.4499 0.8387 0.6594 0.8109
63 0.0300 0.0365 0.9201 0.0654 0.9013 0.2041 0.4476 0.8422 0.6538 0.8141
64 0.0276 0.0344 0.9212 0.0610 0.9039 0.2135 0.4480 0.8348 0.6642 0.8078
65 0.0265 0.0334 0.9241 0.0590 0.9083 0.2069 0.4483 0.8386 0.6574 0.8094
66 0.0264 0.0331 0.9238 0.0585 0.9078 0.2100 0.4480 0.8371 0.6603 0.8088
67 0.0259 0.0323 0.9253 0.0574 0.9103 0.2056 0.4466 0.8391 0.6542 0.8115
68 0.0266 0.0321 0.9239 0.0578 0.9083 0.2132 0.4497 0.8345 0.6652 0.8041
69 0.0266 0.0317 0.9207 0.0576 0.9050 0.2160 0.4441 0.8311 0.6630 0.8020
70 0.0389 0.0404 0.9073 0.0788 0.8869 0.2313 0.4653 0.8110 0.6992 0.7796
71 0.0903 0.0814 0.8402 0.1722 0.8059 0.2159 0.4643 0.7964 0.6820 0.7633
72 0.0642 0.0600 0.8698 0.1249 0.8388 0.1799 0.4470 0.8345 0.6286 0.8049
73 0.0400 0.0409 0.8964 0.0813 0.8738 0.1803 0.4478 0.8321 0.6302 0.8021
74 0.0331 0.0369 0.9059 0.0702 0.8859 0.1823 0.4443 0.8368 0.6287 0.8087
75 0.0332 0.0366 0.9093 0.0701 0.8893 0.1880 0.4420 0.8404 0.6323 0.8109
76 0.0304 0.0341 0.9129 0.0647 0.8931 0.1914 0.4393 0.8393 0.6328 0.8096
77 0.0296 0.0333 0.9160 0.0630 0.8958 0.1979 0.4419 0.8414 0.6426 0.8117
78 0.0391 0.0386 0.9050 0.0778 0.8859 0.2316 0.4623 0.8241 0.6966 0.7911
79 0.0366 0.0374 0.9043 0.0742 0.8836 0.1849 0.4578 0.8287 0.6451 0.7972
80 0.0693 0.0601 0.8671 0.1296 0.8345 0.3658 0.4641 0.7754 0.8354 0.7382
81 0.0511 0.0514 0.8733 0.1029 0.8439 0.2916 0.4657 0.8060 0.7618 0.7725
82 0.0557 0.0500 0.8862 0.1061 0.8586 0.1568 0.4489 0.8269 0.6075 0.7934
83 0.0410 0.0408 0.8957 0.0821 0.8722 0.1860 0.4289 0.8363 0.6168 0.8046
84 0.0311 0.0339 0.9134 0.0653 0.8927 0.1783 0.4384 0.8384 0.6192 0.8090
85 0.0275 0.0315 0.9153 0.0592 0.8960 0.1734 0.4384 0.8398 0.6141 0.8093
86 0.0269 0.0305 0.9173 0.0577 0.8987 0.1761 0.4398 0.8385 0.6183 0.8081
87 0.0261 0.0293 0.9194 0.0558 0.9009 0.1866 0.4381 0.8406 0.6275 0.8094
88 0.0257 0.0283 0.9191 0.0543 0.9009 0.1798 0.4405 0.8410 0.6230 0.8100
89 0.0256 0.0277 0.9211 0.0537 0.9026 0.1885 0.4247 0.8438 0.6157 0.8137
90 0.0256 0.0271 0.9206 0.0532 0.9044 0.1737 0.4292 0.8443 0.6054 0.8105
91 0.0237 0.0257 0.9242 0.0500 0.9074 0.1895 0.4259 0.8479 0.6185 0.8189
92 0.0242 0.0259 0.9230 0.0507 0.9073 0.1851 0.4266 0.8453 0.6146 0.8126
93 0.0219 0.0238 0.9281 0.0466 0.9130 0.1825 0.4265 0.8424 0.6117 0.8123
94 0.0202 0.0224 0.9306 0.0435 0.9172 0.1890 0.4258 0.8428 0.6178 0.8116
95 0.0200 0.0225 0.9315 0.0434 0.9187 0.1855 0.4250 0.8429 0.6134 0.8123
96 0.0201 0.0225 0.9306 0.0435 0.9178 0.1843 0.4385 0.8453 0.6261 0.8144
97 0.0197 0.0219 0.9328 0.0426 0.9196 0.1890 0.4364 0.8440 0.6286 0.8123
98 0.0231 0.0238 0.9284 0.0479 0.9138 0.1856 0.4337 0.8384 0.6224 0.8065
99 0.0300 0.0293 0.9121 0.0602 0.8940 0.1906 0.4269 0.8278 0.6207 0.7964
100 0.0563 0.0454 0.8771 0.1028 0.8505 0.1807 0.4473 0.8345 0.6303 0.8035
101 0.0494 0.0464 0.8783 0.0968 0.8498 0.1911 0.4539 0.8320 0.6474 0.8027
102 0.0388 0.0364 0.8965 0.0763 0.8729 0.2459 0.4506 0.8284 0.7004 0.8025
103 0.0287 0.0294 0.9102 0.0593 0.8900 0.2252 0.4263 0.8291 0.6550 0.7983
104 0.0269 0.0275 0.9156 0.0556 0.8991 0.1948 0.4362 0.8431 0.6342 0.8156
105 0.0233 0.0250 0.9214 0.0495 0.9067 0.1971 0.4327 0.8449 0.6330 0.8181
106 0.0224 0.0237 0.9221 0.0474 0.9069 0.2033 0.4318 0.8420 0.6384 0.8143
107 0.0227 0.0235 0.9229 0.0475 0.9073 0.1957 0.4318 0.8474 0.6306 0.8204
108 0.0220 0.0228 0.9237 0.0460 0.9082 0.2241 0.4350 0.8416 0.6632 0.8143
109 0.0218 0.0231 0.9239 0.0461 0.9087 0.2078 0.4338 0.8453 0.6453 0.8185
110 0.0220 0.0229 0.9258 0.0461 0.9095 0.2079 0.4355 0.8391 0.6470 0.8126
111 0.0225 0.0226 0.9247 0.0464 0.9095 0.1886 0.4291 0.8436 0.6208 0.8102
112 0.0326 0.0284 0.9167 0.0624 0.8980 0.2212 0.4399 0.8403 0.6648 0.8132
113 0.0254 0.0247 0.9235 0.0515 0.9081 0.3120 0.4418 0.8219 0.7595 0.7948
114 0.0208 0.0222 0.9315 0.0444 0.9179 0.2272 0.4329 0.8302 0.6645 0.7992
115 0.0187 0.0202 0.9322 0.0405 0.9189 0.2270 0.4327 0.8316 0.6642 0.8029
116 0.0191 0.0202 0.9308 0.0409 0.9177 0.2192 0.4335 0.8428 0.6568 0.8132
117 0.0183 0.0194 0.9348 0.0393 0.9223 0.2303 0.4330 0.8405 0.6676 0.8118
118 0.0174 0.0184 0.9356 0.0374 0.9237 0.2312 0.4328 0.8338 0.6685 0.8056
119 0.0203 0.0207 0.9296 0.0425 0.9144 0.2444 0.4325 0.8431 0.6819 0.8145
120 0.0215 0.0220 0.9224 0.0450 0.9065 0.2381 0.4384 0.8266 0.6810 0.7962
121 0.0217 0.0221 0.9227 0.0453 0.9063 0.2116 0.4357 0.8396 0.6513 0.8132
122 0.0188 0.0195 0.9316 0.0400 0.9186 0.2648 0.4344 0.8356 0.7045 0.8092
123 0.0175 0.0183 0.9367 0.0377 0.9242 0.2472 0.4323 0.8394 0.6840 0.8110
124 0.0164 0.0172 0.9371 0.0355 0.9245 0.2480 0.4302 0.8383 0.6829 0.8105
125 0.0154 0.0165 0.9395 0.0338 0.9288 0.2338 0.4298 0.8408 0.6682 0.8123
126 0.0155 0.0165 0.9393 0.0339 0.9280 0.2500 0.4325 0.8411 0.6873 0.8126
127 0.0155 0.0163 0.9400 0.0338 0.9300 0.2525 0.4309 0.8383 0.6880 0.8104
128 0.0155 0.0163 0.9394 0.0338 0.9286 0.2449 0.4313 0.8345 0.6809 0.8065
129 0.0172 0.0177 0.9365 0.0367 0.9231 0.2635 0.4282 0.8390 0.6971 0.8117
130 0.0189 0.0189 0.9314 0.0396 0.9163 0.2455 0.4348 0.8414 0.6848 0.8117
131 0.0347 0.0307 0.9093 0.0671 0.8890 0.3026 0.4579 0.7967 0.7640 0.7541
132 0.0615 0.0515 0.8711 0.1143 0.8433 0.2305 0.4425 0.8233 0.6759 0.7917
133 0.0459 0.0402 0.8960 0.0876 0.8741 0.2412 0.4299 0.8280 0.6746 0.8001
134 0.0271 0.0276 0.9186 0.0563 0.9028 0.2183 0.4286 0.8425 0.6504 0.8155
135 0.0217 0.0225 0.9255 0.0459 0.9098 0.2269 0.4261 0.8414 0.6567 0.8144
136 0.0203 0.0214 0.9270 0.0435 0.9130 0.2325 0.4193 0.8408 0.6556 0.8124
137 0.0198 0.0205 0.9272 0.0422 0.9126 0.2377 0.4190 0.8428 0.6606 0.8161
138 0.0183 0.0185 0.9341 0.0387 0.9211 0.2424 0.4232 0.8476 0.6698 0.8200
139 0.0184 0.0184 0.9309 0.0387 0.9180 0.2388 0.4282 0.8449 0.6714 0.8176
140 0.0248 0.0218 0.9261 0.0484 0.9104 0.2929 0.4441 0.8385 0.7419 0.8057
141 0.0263 0.0249 0.9211 0.0529 0.9042 0.3206 0.4147 0.8348 0.7409 0.8054
142 0.0271 0.0265 0.9181 0.0554 0.9003 0.2342 0.4156 0.8448 0.6538 0.8158
143 0.0211 0.0207 0.9299 0.0437 0.9156 0.2809 0.4136 0.8395 0.6993 0.8118
144 0.0178 0.0183 0.9348 0.0381 0.9219 0.2551 0.4202 0.8451 0.6799 0.8163
145 0.0165 0.0176 0.9378 0.0362 0.9258 0.2582 0.4176 0.8461 0.6805 0.8176
146 0.0159 0.0168 0.9389 0.0348 0.9268 0.2666 0.4139 0.8455 0.6851 0.8180
147 0.0157 0.0161 0.9400 0.0340 0.9284 0.2727 0.4126 0.8504 0.6903 0.8239
148 0.0158 0.0162 0.9367 0.0343 0.9249 0.2684 0.4187 0.8423 0.6918 0.8124
149 0.0408 0.0326 0.9048 0.0752 0.8835 0.2504 0.4481 0.8171 0.7018 0.7830
