epoch train_BCELoss train_SoftDiceLoss train_iou train_loss train_mAP val_BCELoss val_SoftDiceLoss val_iou val_loss val_mAP
0 0.6742 0.6736 0.2631 1.7566 0.2619 0.6785 0.7280 0.3527 1.4061 0.3527
1 0.5788 0.6132 0.4604 1.3372 0.4190 0.4614 0.6598 0.5799 1.1192 0.5240
2 0.3772 0.4327 0.6614 0.8990 0.5934 0.3624 0.5957 0.6638 0.9564 0.5998
3 0.3012 0.3596 0.7002 0.7405 0.6401 0.2966 0.5840 0.6984 0.8791 0.6464
4 0.2638 0.3198 0.7298 0.6528 0.6753 0.2833 0.5878 0.6914 0.8700 0.6395
5 0.2402 0.2883 0.7506 0.5963 0.6975 0.2695 0.5599 0.7201 0.8286 0.6761
6 0.2191 0.2691 0.7583 0.5543 0.7081 0.2410 0.5474 0.7462 0.7876 0.6974
7 0.1929 0.2412 0.7845 0.4843 0.7394 0.2092 0.5349 0.7771 0.7435 0.7364
8 0.1805 0.2299 0.7884 0.4507 0.7422 0.2142 0.5363 0.7721 0.7499 0.7352
9 0.1640 0.2138 0.7997 0.4102 0.7594 0.2102 0.5286 0.7841 0.7383 0.7439
10 0.1654 0.2149 0.8087 0.4129 0.7617 0.2072 0.5282 0.7836 0.7349 0.7432
11 0.1618 0.2098 0.8053 0.4040 0.7627 0.2114 0.5296 0.7824 0.7405 0.7479
12 0.1603 0.2065 0.8019 0.4011 0.7592 0.2114 0.5254 0.7879 0.7362 0.7502
13 0.1637 0.2037 0.8024 0.4072 0.7599 0.2122 0.5254 0.7666 0.7372 0.7280
14 0.1696 0.2096 0.7975 0.4295 0.7569 0.2113 0.5223 0.7842 0.7333 0.7506
15 0.1563 0.1878 0.8061 0.3903 0.7641 0.1947 0.5125 0.7836 0.7069 0.7420
16 0.1474 0.1782 0.8123 0.3684 0.7719 0.2092 0.5103 0.7914 0.7192 0.7554
17 0.1416 0.1708 0.8122 0.3507 0.7729 0.2722 0.5263 0.7635 0.7985 0.7214
18 0.1224 0.1516 0.8302 0.3008 0.7925 0.2316 0.5113 0.7851 0.7428 0.7515
19 0.1160 0.1473 0.8383 0.2871 0.8005 0.2200 0.5092 0.7900 0.7291 0.7610
20 0.1072 0.1395 0.8437 0.2659 0.8062 0.2237 0.5085 0.7912 0.7322 0.7610
21 0.1091 0.1380 0.8434 0.2669 0.8062 0.2036 0.5020 0.7941 0.7055 0.7590
22 0.1080 0.1366 0.8447 0.2636 0.8073 0.2334 0.5094 0.7871 0.7429 0.7515
23 0.1121 0.1344 0.8401 0.2674 0.8008 0.2749 0.5120 0.7802 0.7870 0.7453
24 0.1164 0.1360 0.8316 0.2807 0.7903 0.2208 0.4997 0.7942 0.7206 0.7632
25 0.1373 0.1484 0.8186 0.3294 0.7784 0.2221 0.5012 0.7924 0.7234 0.7487
26 0.1260 0.1378 0.8195 0.3018 0.7799 0.2067 0.4959 0.7947 0.7027 0.7573
27 0.1145 0.1279 0.8370 0.2741 0.7990 0.2080 0.4873 0.8114 0.6955 0.7773
28 0.0976 0.1153 0.8455 0.2341 0.8103 0.2105 0.4842 0.8140 0.6948 0.7824
29 0.0869 0.1043 0.8523 0.2077 0.8203 0.2189 0.4850 0.8106 0.7042 0.7772
30 0.0822 0.1017 0.8570 0.1987 0.8225 0.2260 0.4859 0.8079 0.7121 0.7763
31 0.0810 0.0986 0.8654 0.1922 0.8317 0.1919 0.4790 0.8225 0.6711 0.7908
32 0.0846 0.0998 0.8591 0.2003 0.8263 0.2179 0.4784 0.8181 0.6964 0.7872
33 0.0937 0.1052 0.8496 0.2200 0.8140 0.2813 0.4924 0.7779 0.7742 0.7420
34 0.1061 0.1154 0.8371 0.2504 0.7985 0.2473 0.4746 0.8036 0.7222 0.7705
35 0.1247 0.1255 0.8229 0.2916 0.7855 0.2345 0.4871 0.7886 0.7222 0.7488
36 0.1070 0.1136 0.8357 0.2550 0.8007 0.2518 0.4972 0.7709 0.7496 0.7357
37 0.1019 0.1106 0.8369 0.2423 0.7972 0.2176 0.4895 0.8062 0.7076 0.7756
38 0.0842 0.0938 0.8530 0.1975 0.8205 0.1997 0.4738 0.8158 0.6740 0.7855
39 0.0718 0.0817 0.8584 0.1664 0.8248 0.2135 0.4658 0.8246 0.6798 0.7941
40 0.0718 0.0817 0.8643 0.1653 0.8324 0.2107 0.4663 0.8247 0.6775 0.7937
41 0.0714 0.0799 0.8642 0.1630 0.8333 0.2206 0.4700 0.8155 0.6911 0.7818
42 0.0685 0.0789 0.8722 0.1597 0.8404 0.2086 0.4645 0.8136 0.6735 0.7810
43 0.0734 0.0820 0.8649 0.1687 0.8318 0.2675 0.4609 0.7958 0.7288 0.7621
44 0.0925 0.0956 0.8548 0.2128 0.8219 0.2726 0.4851 0.7841 0.7583 0.7525
45 0.0894 0.0891 0.8505 0.2018 0.8159 0.4548 0.5083 0.7458 0.9640 0.7118
46 0.0966 0.0962 0.8443 0.2192 0.8107 0.2361 0.4627 0.8169 0.6993 0.7882
47 0.0851 0.0825 0.8586 0.1872 0.8226 0.2619 0.4622 0.8042 0.7249 0.7722
48 0.0815 0.0826 0.8640 0.1827 0.8317 0.2388 0.4642 0.8126 0.7037 0.7844
49 0.0727 0.0762 0.8658 0.1649 0.8364 0.2329 0.4573 0.8168 0.6909 0.7878
50 0.0655 0.0691 0.8712 0.1449 0.8404 0.2301 0.4556 0.8193 0.6863 0.7892
51 0.0628 0.0664 0.8752 0.1394 0.8454 0.2356 0.4609 0.8133 0.6973 0.7831
52 0.0625 0.0664 0.8760 0.1386 0.8459 0.2420 0.4618 0.8196 0.7046 0.7916
53 0.0629 0.0661 0.8698 0.1389 0.8389 0.2477 0.4524 0.8165 0.7010 0.7857
54 0.0712 0.0696 0.8714 0.1566 0.8413 0.2484 0.4510 0.8191 0.7003 0.7923
55 0.0948 0.0880 0.8482 0.2116 0.8156 0.2298 0.4668 0.8018 0.6974 0.7693
56 0.0839 0.0858 0.8499 0.1948 0.8158 0.2172 0.4598 0.8099 0.6779 0.7795
57 0.0760 0.0735 0.8626 0.1693 0.8284 0.2328 0.4589 0.8046 0.6927 0.7720
58 0.0707 0.0705 0.8693 0.1564 0.8379 0.2694 0.4464 0.8227 0.7166 0.7980
59 0.0590 0.0606 0.8827 0.1287 0.8545 0.2412 0.4504 0.8171 0.6926 0.7894
60 0.0542 0.0582 0.8789 0.1204 0.8503 0.2477 0.4488 0.8230 0.6975 0.7972
61 0.0560 0.0588 0.8860 0.1237 0.8569 0.2407 0.4491 0.8240 0.6907 0.7987
62 0.0534 0.0558 0.8830 0.1160 0.8517 0.2693 0.4390 0.8248 0.7091 0.7974
63 0.0539 0.0554 0.8844 0.1174 0.8560 0.2707 0.4516 0.8183 0.7234 0.7910
64 0.0625 0.0617 0.8738 0.1355 0.8426 0.2506 0.4658 0.8058 0.7175 0.7740
65 0.0799 0.0767 0.8626 0.1785 0.8305 0.2457 0.4676 0.8034 0.7143 0.7740
66 0.0759 0.0712 0.8673 0.1674 0.8327 0.2417 0.4633 0.8188 0.7062 0.7897
67 0.0649 0.0637 0.8718 0.1443 0.8413 0.2381 0.4550 0.8240 0.6943 0.7953
68 0.0584 0.0580 0.8785 0.1271 0.8462 0.2792 0.4488 0.8188 0.7291 0.7888
69 0.0568 0.0545 0.8787 0.1200 0.8484 0.2623 0.4394 0.8254 0.7028 0.7946
70 0.0515 0.0517 0.8873 0.1104 0.8582 0.2543 0.4408 0.8225 0.6962 0.7926
71 0.0511 0.0503 0.8869 0.1078 0.8565 0.2342 0.4383 0.8298 0.6736 0.8011
72 0.0486 0.0487 0.8870 0.1034 0.8597 0.2420 0.4336 0.8320 0.6767 0.8022
73 0.0510 0.0499 0.8898 0.1082 0.8619 0.2238 0.4492 0.8243 0.6742 0.7920
74 0.0535 0.0521 0.8840 0.1149 0.8553 0.2462 0.4319 0.8168 0.6793 0.7795
75 0.0711 0.0654 0.8674 0.1538 0.8361 0.3777 0.5144 0.7632 0.8934 0.7342
76 0.0729 0.0666 0.8673 0.1592 0.8349 0.2828 0.4517 0.8222 0.7358 0.7854
77 0.0663 0.0627 0.8754 0.1447 0.8429 0.2904 0.4333 0.8192 0.7248 0.7866
78 0.0578 0.0563 0.8732 0.1261 0.8414 0.2884 0.4351 0.8178 0.7247 0.7864
79 0.0488 0.0491 0.8876 0.1059 0.8601 0.2886 0.4345 0.8227 0.7244 0.7952
80 0.0530 0.0489 0.8864 0.1106 0.8575 0.3025 0.4318 0.8165 0.7355 0.7890
81 0.0470 0.0468 0.8881 0.1012 0.8597 0.3213 0.4325 0.8163 0.7551 0.7890
82 0.0501 0.0482 0.8857 0.1065 0.8568 0.3013 0.4285 0.8186 0.7310 0.7912
83 0.0504 0.0487 0.8881 0.1072 0.8576 0.2876 0.4251 0.8328 0.7140 0.8047
84 0.0599 0.0536 0.8855 0.1268 0.8540 0.2860 0.4695 0.8120 0.7570 0.7777
85 0.0788 0.0684 0.8681 0.1716 0.8350 0.2589 0.4443 0.8016 0.7046 0.7673
86 0.0744 0.0688 0.8647 0.1660 0.8340 0.3083 0.4640 0.7902 0.7736 0.7633
87 0.0696 0.0613 0.8688 0.1490 0.8395 0.2774 0.4426 0.8201 0.7214 0.7892
88 0.0605 0.0572 0.8835 0.1313 0.8534 0.2669 0.4444 0.8179 0.7129 0.7881
89 0.0489 0.0480 0.8914 0.1042 0.8628 0.2790 0.4395 0.8235 0.7201 0.7930
90 0.0522 0.0489 0.8882 0.1105 0.8623 0.2765 0.4390 0.8203 0.7170 0.7919
91 0.0449 0.0439 0.8920 0.0956 0.8648 0.2679 0.4350 0.8245 0.7045 0.7965
92 0.0492 0.0456 0.8923 0.1033 0.8646 0.2896 0.4292 0.8214 0.7203 0.7946
93 0.0431 0.0421 0.8980 0.0919 0.8698 0.3059 0.4314 0.8290 0.7388 0.7987
94 0.0534 0.0511 0.8835 0.1149 0.8519 0.2476 0.4471 0.8308 0.6961 0.7965
95 0.0739 0.0648 0.8678 0.1587 0.8370 0.2888 0.4524 0.8094 0.7427 0.7807
96 0.0653 0.0608 0.8757 0.1437 0.8451 0.2978 0.4314 0.8177 0.7305 0.7922
97 0.0571 0.0529 0.8771 0.1209 0.8486 0.2840 0.4419 0.8128 0.7275 0.7790
98 0.0460 0.0438 0.8921 0.0970 0.8640 0.3319 0.4165 0.8271 0.7499 0.7963
99 0.0441 0.0419 0.8967 0.0920 0.8698 0.3297 0.4154 0.8217 0.7466 0.7923
