epoch train_BCELoss train_SoftDiceLoss train_iou train_loss train_mAP val_BCELoss val_SoftDiceLoss val_iou val_loss val_mAP
0 0.4926 0.5306 0.5661 1.0195 0.5042 0.4272 0.5994 0.6735 1.0235 0.5934
1 0.3304 0.3863 0.7067 0.7131 0.6460 0.3578 0.5845 0.6915 0.9410 0.6262
2 0.2916 0.3501 0.7410 0.6396 0.6861 0.2870 0.5715 0.7335 0.8575 0.6941
3 0.2649 0.3252 0.7564 0.5885 0.7066 0.2644 0.5710 0.7428 0.8344 0.7061
4 0.2470 0.3059 0.7684 0.5513 0.7209 0.2653 0.5609 0.7526 0.8253 0.7103
5 0.2354 0.3014 0.7803 0.5352 0.7332 0.2622 0.5622 0.7515 0.8236 0.7123
6 0.2341 0.2949 0.7805 0.5275 0.7336 0.2585 0.5619 0.7519 0.8196 0.7165
7 0.2300 0.2903 0.7855 0.5190 0.7381 0.2562 0.5528 0.7629 0.8084 0.7252
8 0.2280 0.2812 0.7820 0.5079 0.7364 0.2462 0.5521 0.7754 0.7977 0.7371
9 0.2289 0.2785 0.7631 0.5063 0.7141 0.3429 0.5513 0.7476 0.8942 0.6898
10 0.2114 0.2627 0.7770 0.4730 0.7332 0.2712 0.5474 0.7613 0.8183 0.7201
11 0.2085 0.2522 0.7780 0.4598 0.7295 0.2489 0.5423 0.7747 0.7909 0.7304
12 0.1846 0.2275 0.7932 0.4113 0.7508 0.2206 0.5298 0.7974 0.7501 0.7631
13 0.1699 0.2141 0.8077 0.3832 0.7664 0.2174 0.5256 0.7936 0.7428 0.7621
14 0.1587 0.2043 0.8123 0.3622 0.7715 0.2158 0.5235 0.7962 0.7392 0.7631
15 0.1512 0.1995 0.8246 0.3499 0.7837 0.2133 0.5205 0.7996 0.7337 0.7637
16 0.1503 0.1977 0.8241 0.3471 0.7842 0.2080 0.5161 0.8001 0.7239 0.7641
17 0.1531 0.1951 0.8245 0.3474 0.7836 0.2002 0.5181 0.8044 0.7182 0.7688
18 0.1570 0.1970 0.8210 0.3532 0.7809 0.2649 0.5251 0.7759 0.7900 0.7314
19 0.1566 0.1928 0.8148 0.3487 0.7737 0.2585 0.5273 0.7696 0.7858 0.7271
20 0.1685 0.1956 0.8026 0.3636 0.7605 0.2450 0.5196 0.7857 0.7647 0.7558
21 0.1484 0.1797 0.8099 0.3276 0.7708 0.2158 0.5089 0.7997 0.7249 0.7608
22 0.1373 0.1691 0.8181 0.3060 0.7801 0.1876 0.5049 0.7995 0.6926 0.7691
23 0.1261 0.1535 0.8332 0.2791 0.7957 0.2134 0.5003 0.8088 0.7139 0.7717
24 0.1153 0.1478 0.8411 0.2626 0.8040 0.2030 0.4990 0.8112 0.7022 0.7785
25 0.1092 0.1395 0.8427 0.2482 0.8063 0.2012 0.4963 0.8129 0.6977 0.7789
26 0.1084 0.1378 0.8500 0.2458 0.8124 0.2018 0.4952 0.8115 0.6972 0.7785
27 0.1106 0.1367 0.8464 0.2469 0.8105 0.2077 0.4997 0.8103 0.7076 0.7768
28 0.1151 0.1391 0.8385 0.2538 0.8009 0.2038 0.4997 0.7988 0.7038 0.7618
29 0.1255 0.1469 0.8252 0.2721 0.7853 0.2279 0.5033 0.7969 0.7316 0.7607
30 0.1337 0.1469 0.8247 0.2803 0.7843 0.2188 0.5031 0.7809 0.7223 0.7401
31 0.1337 0.1454 0.8198 0.2789 0.7796 0.2150 0.4964 0.8061 0.7117 0.7690
32 0.1225 0.1350 0.8302 0.2573 0.7937 0.2034 0.4914 0.8152 0.6953 0.7819
33 0.1098 0.1214 0.8488 0.2309 0.8109 0.2060 0.4857 0.8140 0.6921 0.7792
34 0.0947 0.1143 0.8549 0.2088 0.8216 0.2026 0.4872 0.8156 0.6903 0.7853
35 0.0947 0.1111 0.8545 0.2056 0.8216 0.1988 0.4831 0.8166 0.6824 0.7855
36 0.0913 0.1072 0.8591 0.1983 0.8242 0.1965 0.4836 0.8162 0.6806 0.7864
37 0.0912 0.1045 0.8571 0.1956 0.8236 0.2181 0.4832 0.8239 0.7018 0.7886
38 0.1011 0.1151 0.8432 0.2161 0.8072 0.2147 0.4858 0.8175 0.7011 0.7827
39 0.1017 0.1086 0.8458 0.2102 0.8117 0.2674 0.5066 0.7751 0.7749 0.7430
40 0.1161 0.1192 0.8387 0.2352 0.8004 0.2376 0.4911 0.7995 0.7292 0.7624
41 0.1104 0.1177 0.8374 0.2281 0.7997 0.2674 0.4926 0.7969 0.7609 0.7613
42 0.0949 0.1055 0.8479 0.2005 0.8113 0.2319 0.4807 0.8250 0.7134 0.7942
43 0.0826 0.0882 0.8637 0.1709 0.8300 0.2412 0.4778 0.8181 0.7200 0.7876
44 0.0793 0.0877 0.8646 0.1670 0.8329 0.2370 0.4767 0.8174 0.7146 0.7855
45 0.0778 0.0852 0.8670 0.1631 0.8387 0.2498 0.4788 0.8172 0.7296 0.7887
46 0.0763 0.0857 0.8663 0.1621 0.8331 0.2652 0.4787 0.8147 0.7449 0.7833
47 0.0773 0.0880 0.8658 0.1653 0.8330 0.2694 0.4800 0.8126 0.7504 0.7799
48 0.0888 0.0919 0.8606 0.1808 0.8270 0.2797 0.4884 0.8037 0.7691 0.7683
49 0.0906 0.0952 0.8512 0.1859 0.8172 0.2285 0.4790 0.8106 0.7084 0.7775
50 0.1014 0.1026 0.8422 0.2043 0.8079 0.2244 0.4798 0.8193 0.7051 0.7865
51 0.1031 0.0983 0.8468 0.2016 0.8111 0.2533 0.4825 0.8057 0.7369 0.7762
52 0.1011 0.0951 0.8526 0.1966 0.8182 0.2251 0.4700 0.8216 0.6961 0.7886
53 0.0830 0.0866 0.8530 0.1698 0.8195 0.2314 0.4716 0.8247 0.7040 0.7923
54 0.0739 0.0771 0.8668 0.1514 0.8332 0.2311 0.4668 0.8219 0.6991 0.7911
55 0.0680 0.0723 0.8667 0.1406 0.8344 0.2259 0.4669 0.8238 0.6939 0.7924
56 0.0695 0.0732 0.8750 0.1431 0.8422 0.2329 0.4669 0.8235 0.7009 0.7942
57 0.0671 0.0709 0.8762 0.1384 0.8455 0.2496 0.4672 0.8181 0.7180 0.7878
58 0.0638 0.0661 0.8742 0.1303 0.8432 0.2736 0.4763 0.8126 0.7512 0.7830
59 0.0783 0.0784 0.8608 0.1571 0.8267 0.2463 0.4694 0.8107 0.7170 0.7761
60 0.0944 0.0863 0.8487 0.1812 0.8136 0.2385 0.4789 0.8168 0.7185 0.7838
61 0.0903 0.0870 0.8525 0.1778 0.8178 0.2169 0.4606 0.8173 0.6786 0.7761
62 0.0743 0.0715 0.8678 0.1463 0.8371 0.1964 0.4644 0.8303 0.6619 0.8008
63 0.0736 0.0724 0.8679 0.1466 0.8363 0.2093 0.4567 0.8360 0.6672 0.8038
64 0.0643 0.0670 0.8718 0.1319 0.8407 0.2047 0.4572 0.8348 0.6632 0.8045
65 0.0619 0.0629 0.8756 0.1253 0.8460 0.2072 0.4578 0.8294 0.6662 0.7982
66 0.0606 0.0630 0.8785 0.1242 0.8469 0.2320 0.4590 0.8323 0.6924 0.8009
67 0.0595 0.0617 0.8818 0.1217 0.8498 0.2078 0.4599 0.8332 0.6690 0.8029
68 0.0698 0.0699 0.8711 0.1403 0.8411 0.2039 0.4607 0.8273 0.6658 0.7961
69 0.0805 0.0764 0.8602 0.1575 0.8277 0.2279 0.4707 0.8220 0.6999 0.7920
70 0.0811 0.0780 0.8560 0.1597 0.8209 0.2432 0.4564 0.8200 0.7010 0.7850
71 0.0923 0.0851 0.8455 0.1780 0.8118 0.2578 0.4713 0.8173 0.7305 0.7847
72 0.0757 0.0737 0.8622 0.1501 0.8293 0.3036 0.4761 0.8027 0.7813 0.7693
73 0.0769 0.0722 0.8684 0.1498 0.8354 0.2424 0.4602 0.8284 0.7041 0.7949
74 0.0645 0.0640 0.8759 0.1292 0.8440 0.2328 0.4577 0.8382 0.6920 0.8088
75 0.0588 0.0586 0.8825 0.1181 0.8532 0.2315 0.4575 0.8377 0.6905 0.8073
76 0.0603 0.0578 0.8787 0.1188 0.8493 0.2288 0.4546 0.8337 0.6849 0.8032
77 0.0564 0.0575 0.8836 0.1145 0.8544 0.2405 0.4542 0.8344 0.6963 0.8057
78 0.0578 0.0570 0.8796 0.1156 0.8473 0.2301 0.4598 0.8299 0.6913 0.7993
79 0.0672 0.0627 0.8694 0.1306 0.8346 0.2957 0.4614 0.8156 0.7587 0.7816
80 0.0885 0.0799 0.8578 0.1691 0.8244 0.3662 0.4903 0.7858 0.8584 0.7557
81 0.0821 0.0792 0.8606 0.1620 0.8253 0.2742 0.4691 0.8098 0.7447 0.7759
82 0.0726 0.0644 0.8668 0.1378 0.8344 0.2838 0.4516 0.8290 0.7371 0.7967
83 0.0657 0.0637 0.8709 0.1302 0.8393 0.2640 0.4584 0.8269 0.7240 0.7922
84 0.0556 0.0564 0.8838 0.1129 0.8541 0.2378 0.4523 0.8389 0.6917 0.8080
85 0.0559 0.0545 0.8806 0.1113 0.8514 0.2415 0.4509 0.8387 0.6940 0.8095
86 0.0527 0.0524 0.8808 0.1060 0.8486 0.2538 0.4537 0.8359 0.7092 0.8073
87 0.0551 0.0532 0.8851 0.1091 0.8547 0.2535 0.4440 0.8356 0.6991 0.8074
88 0.0615 0.0588 0.8758 0.1211 0.8437 0.2908 0.4643 0.8117 0.7570 0.7828
89 0.0670 0.0591 0.8725 0.1270 0.8395 0.3360 0.4790 0.8075 0.8171 0.7758
90 0.0643 0.0616 0.8673 0.1267 0.8333 0.3237 0.4803 0.8080 0.8056 0.7750
91 0.0634 0.0603 0.8741 0.1245 0.8428 0.2824 0.4550 0.8244 0.7391 0.7933
92 0.0653 0.0598 0.8696 0.1260 0.8377 0.3067 0.4598 0.8218 0.7684 0.7904
93 0.0570 0.0528 0.8815 0.1108 0.8504 0.3163 0.4549 0.8253 0.7732 0.7904
94 0.0514 0.0486 0.8862 0.1009 0.8561 0.3058 0.4574 0.8281 0.7652 0.7962
95 0.0497 0.0478 0.8871 0.0985 0.8564 0.3064 0.4561 0.8293 0.7645 0.7983
96 0.0513 0.0491 0.8863 0.1014 0.8553 0.3214 0.4580 0.8265 0.7815 0.7929
97 0.0497 0.0479 0.8862 0.0986 0.8592 0.2678 0.4602 0.8170 0.7298 0.7766
98 0.0550 0.0514 0.8818 0.1074 0.8495 0.2772 0.4568 0.8361 0.7357 0.8035
99 0.0570 0.0551 0.8810 0.1130 0.8490 0.2543 0.4420 0.8196 0.6980 0.7847
100 0.0974 0.0812 0.8558 0.1796 0.8192 0.2136 0.4729 0.8190 0.6877 0.7849
101 0.0971 0.0816 0.8514 0.1796 0.8175 0.3072 0.4946 0.7825 0.8035 0.7501
102 0.0692 0.0652 0.8714 0.1354 0.8387 0.3712 0.4788 0.7774 0.8519 0.7311
103 0.0682 0.0587 0.8741 0.1279 0.8433 0.3322 0.4695 0.8141 0.8037 0.7871
104 0.0535 0.0514 0.8797 0.1059 0.8490 0.3057 0.4596 0.8300 0.7673 0.8022
105 0.0524 0.0479 0.8852 0.1014 0.8565 0.3082 0.4599 0.8308 0.7700 0.8028
106 0.0517 0.0490 0.8849 0.1017 0.8559 0.3197 0.4596 0.8287 0.7813 0.8009
107 0.0521 0.0490 0.8813 0.1022 0.8497 0.3032 0.4566 0.8322 0.7617 0.8046
108 0.0530 0.0480 0.8882 0.1020 0.8584 0.3218 0.4564 0.8313 0.7802 0.8008
109 0.0556 0.0497 0.8807 0.1063 0.8495 0.2887 0.4551 0.8203 0.7455 0.7878
110 0.0762 0.0663 0.8630 0.1434 0.8300 0.2553 0.4637 0.8179 0.7205 0.7859
111 0.0711 0.0636 0.8607 0.1357 0.8245 0.3118 0.4597 0.8181 0.7734 0.7905
112 0.0615 0.0530 0.8803 0.1156 0.8482 0.2817 0.4550 0.8231 0.7387 0.7972
113 0.0548 0.0510 0.8795 0.1069 0.8493 0.2589 0.4530 0.8360 0.7137 0.8045
114 0.0495 0.0469 0.8853 0.0975 0.8546 0.2425 0.4467 0.8402 0.6910 0.8099
115 0.0463 0.0444 0.8914 0.0919 0.8635 0.2599 0.4494 0.8401 0.7112 0.8114
116 0.0458 0.0434 0.8916 0.0903 0.8639 0.2680 0.4499 0.8344 0.7198 0.8052
117 0.0454 0.0412 0.8908 0.0877 0.8605 0.2672 0.4512 0.8340 0.7203 0.8017
118 0.0469 0.0430 0.8860 0.0910 0.8557 0.2741 0.4487 0.8373 0.7248 0.8097
119 0.0469 0.0419 0.8931 0.0899 0.8620 0.3269 0.4500 0.8293 0.7790 0.7979
120 0.0688 0.0601 0.8808 0.1300 0.8462 0.3213 0.4688 0.8181 0.7921 0.7874
121 0.0892 0.0750 0.8538 0.1652 0.8184 0.2604 0.4723 0.8161 0.7344 0.7828
122 0.0634 0.0578 0.8787 0.1223 0.8458 0.3017 0.4491 0.8352 0.7527 0.8065
123 0.0540 0.0502 0.8833 0.1053 0.8509 0.2704 0.4508 0.8310 0.7231 0.8035
124 0.0472 0.0452 0.8850 0.0935 0.8553 0.2596 0.4366 0.8466 0.6982 0.8196
125 0.0451 0.0438 0.8921 0.0901 0.8612 0.2615 0.4416 0.8472 0.7050 0.8195
126 0.0453 0.0428 0.8899 0.0893 0.8617 0.2650 0.4360 0.8480 0.7030 0.8193
127 0.0455 0.0424 0.8887 0.0891 0.8612 0.2918 0.4401 0.8468 0.7339 0.8209
128 0.0468 0.0437 0.8938 0.0916 0.8636 0.2868 0.4440 0.8385 0.7327 0.8113
129 0.0485 0.0457 0.8853 0.0954 0.8544 0.3575 0.4571 0.8240 0.8166 0.7961
130 0.0689 0.0578 0.8715 0.1278 0.8360 0.3197 0.4815 0.8115 0.8028 0.7783
131 0.0684 0.0600 0.8737 0.1295 0.8392 0.2751 0.4522 0.8295 0.7293 0.7967
132 0.0668 0.0607 0.8768 0.1287 0.8428 0.3231 0.4530 0.8193 0.7780 0.7849
133 0.0592 0.0523 0.8815 0.1127 0.8503 0.2877 0.4616 0.8278 0.7512 0.7974
134 0.0549 0.0495 0.8889 0.1056 0.8594 0.2566 0.4458 0.8294 0.7044 0.8022
135 0.0437 0.0434 0.8944 0.0883 0.8676 0.2644 0.4424 0.8316 0.7088 0.8051
136 0.0446 0.0417 0.8946 0.0876 0.8676 0.2865 0.4383 0.8431 0.7268 0.8181
137 0.0458 0.0417 0.8883 0.0887 0.8582 0.2905 0.4456 0.8403 0.7381 0.8112
138 0.0469 0.0422 0.8914 0.0904 0.8608 0.3007 0.4431 0.8387 0.7459 0.8129
139 0.0518 0.0468 0.8928 0.0998 0.8614 0.2588 0.4500 0.8295 0.7106 0.7969
140 0.0635 0.0558 0.8760 0.1204 0.8425 0.3149 0.4471 0.8130 0.7640 0.7691
141 0.0557 0.0509 0.8866 0.1078 0.8559 0.3308 0.4486 0.8299 0.7814 0.8009
142 0.0505 0.0459 0.8884 0.0977 0.8572 0.3123 0.4451 0.8441 0.7595 0.8147
143 0.0496 0.0464 0.8889 0.0972 0.8579 0.2859 0.4373 0.8376 0.7253 0.8069
144 0.0464 0.0425 0.8934 0.0902 0.8650 0.2797 0.4420 0.8433 0.7237 0.8138
145 0.0408 0.0397 0.8947 0.0817 0.8658 0.2757 0.4428 0.8451 0.7205 0.8156
146 0.0411 0.0379 0.8927 0.0803 0.8649 0.3054 0.4439 0.8386 0.7514 0.8109
147 0.0394 0.0369 0.8967 0.0775 0.8677 0.3214 0.4448 0.8348 0.7684 0.8087
148 0.0398 0.0367 0.8953 0.0777 0.8677 0.2898 0.4484 0.8412 0.7402 0.8136
149 0.0404 0.0373 0.8938 0.0790 0.8663 0.3467 0.4462 0.8369 0.7950 0.8081
