epoch train_BCELoss train_SoftDiceLoss train_iou train_loss train_mAP val_BCELoss val_SoftDiceLoss val_iou val_loss val_mAP
0 0.6904 0.6710 0.0155 1.3603 0.0146 0.6910 0.7241 0.0489 1.4141 0.0480
1 0.5777 0.5992 0.3773 1.1746 0.3328 0.4442 0.6196 0.6199 1.0607 0.5343
2 0.3321 0.3880 0.6806 0.7162 0.6105 0.2961 0.5829 0.7200 0.8769 0.6636
3 0.2615 0.3200 0.7369 0.5791 0.6796 0.2776 0.5609 0.7443 0.8375 0.6835
4 0.2216 0.2778 0.7662 0.4980 0.7173 0.2528 0.5591 0.7418 0.8113 0.6872
5 0.1957 0.2455 0.7837 0.4402 0.7366 0.2267 0.5305 0.7821 0.7568 0.7435
6 0.1716 0.2180 0.7976 0.3889 0.7552 0.2101 0.5251 0.7959 0.7350 0.7538
7 0.1407 0.1851 0.8287 0.3251 0.7907 0.2320 0.5247 0.7913 0.7567 0.7456
8 0.1309 0.1733 0.8341 0.3037 0.7946 0.2005 0.5127 0.8156 0.7132 0.7783
9 0.1133 0.1549 0.8506 0.2676 0.8163 0.2015 0.5063 0.8153 0.7079 0.7765
10 0.1065 0.1494 0.8591 0.2555 0.8264 0.2026 0.5071 0.8111 0.7098 0.7705
11 0.1059 0.1489 0.8554 0.2543 0.8237 0.1975 0.5051 0.8153 0.7027 0.7795
12 0.1012 0.1411 0.8588 0.2419 0.8259 0.2119 0.5069 0.8124 0.7190 0.7737
13 0.1079 0.1410 0.8451 0.2485 0.8106 0.2154 0.5078 0.8051 0.7234 0.7671
14 0.1087 0.1355 0.8418 0.2439 0.8065 0.2222 0.5054 0.8041 0.7279 0.7691
15 0.1143 0.1329 0.8408 0.2470 0.8046 0.3202 0.5370 0.7320 0.8578 0.6914
16 0.1204 0.1363 0.8306 0.2567 0.7941 0.1928 0.4889 0.8285 0.6820 0.7943
17 0.0910 0.1099 0.8584 0.2010 0.8255 0.2179 0.4961 0.8100 0.7145 0.7723
18 0.0785 0.0956 0.8722 0.1742 0.8437 0.2222 0.4834 0.8154 0.7063 0.7815
19 0.0708 0.0893 0.8811 0.1602 0.8531 0.2111 0.4769 0.8288 0.6886 0.7936
20 0.0666 0.0857 0.8828 0.1524 0.8557 0.2321 0.4802 0.8231 0.7131 0.7883
21 0.0650 0.0842 0.8851 0.1494 0.8585 0.1944 0.4724 0.8327 0.6674 0.7991
22 0.0631 0.0814 0.8844 0.1447 0.8574 0.2123 0.4698 0.8296 0.6828 0.7931
23 0.0646 0.0788 0.8842 0.1437 0.8575 0.2182 0.4749 0.8167 0.6940 0.7794
24 0.0738 0.0846 0.8670 0.1588 0.8362 0.2189 0.4880 0.7938 0.7077 0.7573
25 0.0851 0.0900 0.8520 0.1754 0.8192 0.1992 0.4894 0.8084 0.6894 0.7777
26 0.0775 0.0826 0.8620 0.1606 0.8306 0.1947 0.4611 0.8342 0.6566 0.7996
27 0.0587 0.0673 0.8840 0.1265 0.8570 0.1860 0.4524 0.8313 0.6394 0.7970
28 0.0520 0.0610 0.8890 0.1136 0.8641 0.2245 0.4627 0.8267 0.6883 0.7940
29 0.0473 0.0565 0.8988 0.1045 0.8765 0.2060 0.4544 0.8354 0.6614 0.7999
30 0.0446 0.0540 0.9010 0.0992 0.8780 0.2113 0.4538 0.8365 0.6662 0.8025
31 0.0455 0.0533 0.9024 0.0996 0.8798 0.1957 0.4535 0.8408 0.6503 0.8092
32 0.0452 0.0531 0.9009 0.0990 0.8781 0.2118 0.4556 0.8383 0.6686 0.8057
33 0.0434 0.0508 0.9012 0.0949 0.8780 0.2007 0.4496 0.8350 0.6514 0.8022
34 0.0679 0.0682 0.8698 0.1367 0.8400 0.2472 0.4685 0.8136 0.7170 0.7823
35 0.0743 0.0708 0.8673 0.1459 0.8379 0.2430 0.4622 0.8086 0.7065 0.7586
36 0.0705 0.0719 0.8618 0.1433 0.8311 0.1972 0.4585 0.8216 0.6567 0.7901
37 0.0539 0.0551 0.8852 0.1100 0.8600 0.2224 0.4534 0.8227 0.6772 0.7898
38 0.0427 0.0460 0.9020 0.0898 0.8784 0.2317 0.4525 0.8286 0.6858 0.7983
39 0.0408 0.0440 0.9046 0.0858 0.8826 0.2052 0.4488 0.8309 0.6555 0.8000
40 0.0364 0.0420 0.9083 0.0794 0.8868 0.2297 0.4506 0.8285 0.6819 0.7983
41 0.0370 0.0407 0.9082 0.0788 0.8872 0.2279 0.4499 0.8292 0.6793 0.7971
42 0.0386 0.0425 0.9055 0.0821 0.8835 0.2490 0.4455 0.8292 0.6961 0.7981
43 0.0369 0.0394 0.9096 0.0774 0.8878 0.2551 0.4488 0.8246 0.7057 0.7929
44 0.0392 0.0411 0.9045 0.0815 0.8815 0.2463 0.4493 0.8320 0.6973 0.8017
45 0.0387 0.0401 0.9002 0.0800 0.8765 0.2278 0.4498 0.8356 0.6793 0.8028
46 0.0369 0.0378 0.9079 0.0759 0.8862 0.2329 0.4445 0.8402 0.6792 0.8107
47 0.0349 0.0365 0.9121 0.0728 0.8910 0.2396 0.4478 0.8335 0.6892 0.8036
48 0.0312 0.0332 0.9175 0.0658 0.8979 0.2805 0.4393 0.8358 0.7219 0.8073
49 0.0290 0.0310 0.9216 0.0615 0.9040 0.2577 0.4379 0.8385 0.6976 0.8087
50 0.0286 0.0308 0.9243 0.0609 0.9068 0.2584 0.4374 0.8372 0.6978 0.8092
51 0.0282 0.0297 0.9221 0.0594 0.9050 0.2716 0.4371 0.8314 0.7109 0.8031
52 0.0284 0.0294 0.9238 0.0593 0.9061 0.2866 0.4373 0.8354 0.7260 0.8071
53 0.0281 0.0289 0.9213 0.0585 0.9030 0.2541 0.4394 0.8411 0.6956 0.8121
54 0.0315 0.0312 0.9158 0.0642 0.8962 0.2441 0.4377 0.8301 0.6838 0.7992
55 0.0310 0.0309 0.9164 0.0634 0.8962 0.3031 0.4359 0.8211 0.7413 0.7882
56 0.0351 0.0338 0.9102 0.0704 0.8892 0.2812 0.4474 0.8302 0.7306 0.8042
57 0.0531 0.0462 0.8886 0.1008 0.8633 0.2250 0.4571 0.8355 0.6838 0.8058
58 0.0441 0.0411 0.8977 0.0866 0.8757 0.2533 0.4267 0.8376 0.6822 0.8065
59 0.0298 0.0299 0.9158 0.0614 0.8968 0.2515 0.4232 0.8368 0.6768 0.8046
60 0.0276 0.0283 0.9240 0.0575 0.9062 0.2475 0.4239 0.8349 0.6735 0.8025
61 0.0277 0.0278 0.9218 0.0572 0.9041 0.2516 0.4264 0.8403 0.6802 0.8083
62 0.0277 0.0275 0.9209 0.0568 0.9030 0.2982 0.4280 0.8318 0.7287 0.8023
63 0.0368 0.0337 0.9100 0.0722 0.8902 0.2686 0.4383 0.8265 0.7090 0.7949
64 0.0353 0.0327 0.9070 0.0695 0.8860 0.3107 0.4424 0.8317 0.7554 0.8015
65 0.0343 0.0319 0.9099 0.0678 0.8881 0.2661 0.4368 0.8263 0.7049 0.7939
66 0.0333 0.0319 0.9098 0.0669 0.8883 0.2496 0.4099 0.8389 0.6614 0.8103
67 0.0341 0.0316 0.9130 0.0675 0.8930 0.2591 0.4439 0.8326 0.7051 0.8015
68 0.0331 0.0308 0.9165 0.0656 0.8962 0.2103 0.4335 0.8437 0.6458 0.8115
69 0.0256 0.0254 0.9236 0.0529 0.9070 0.2783 0.4203 0.8397 0.7010 0.8110
70 0.0227 0.0234 0.9265 0.0480 0.9111 0.2673 0.4220 0.8414 0.6916 0.8128
71 0.0223 0.0231 0.9287 0.0473 0.9121 0.2592 0.4295 0.8431 0.6911 0.8151
72 0.0221 0.0225 0.9297 0.0465 0.9138 0.2592 0.4290 0.8450 0.6906 0.8165
73 0.0225 0.0226 0.9298 0.0470 0.9145 0.2667 0.4271 0.8422 0.6962 0.8161
74 0.0317 0.0294 0.9149 0.0630 0.8955 0.3585 0.4384 0.8249 0.7996 0.7933
75 0.0708 0.0562 0.8704 0.1286 0.8427 0.2539 0.4515 0.8144 0.7070 0.7806
76 0.0649 0.0559 0.8732 0.1223 0.8450 0.2283 0.4312 0.8251 0.6612 0.7927
77 0.0467 0.0419 0.8936 0.0902 0.8709 0.2548 0.4286 0.8325 0.6855 0.8042
78 0.0326 0.0313 0.9096 0.0657 0.8895 0.2495 0.4062 0.8458 0.6578 0.8157
79 0.0271 0.0265 0.9189 0.0554 0.9004 0.2647 0.4064 0.8484 0.6733 0.8222
80 0.0250 0.0248 0.9228 0.0517 0.9053 0.2582 0.4101 0.8508 0.6706 0.8241
81 0.0243 0.0240 0.9239 0.0502 0.9062 0.2546 0.4149 0.8454 0.6718 0.8152
82 0.0243 0.0239 0.9241 0.0502 0.9069 0.2538 0.4123 0.8473 0.6683 0.8179
83 0.0275 0.0257 0.9157 0.0550 0.8973 0.2467 0.4169 0.8459 0.6658 0.8173
84 0.0377 0.0326 0.9083 0.0721 0.8877 0.2833 0.4404 0.8176 0.7258 0.7805
85 0.0415 0.0361 0.8979 0.0792 0.8738 0.2563 0.4239 0.8393 0.6822 0.8032
86 0.0336 0.0317 0.9061 0.0670 0.8835 0.3134 0.4094 0.8247 0.7250 0.7907
87 0.0340 0.0316 0.9096 0.0674 0.8868 0.2962 0.4033 0.8249 0.7017 0.7923
88 0.0278 0.0265 0.9186 0.0562 0.8999 0.2496 0.3994 0.8457 0.6513 0.8181
89 0.0240 0.0233 0.9234 0.0493 0.9064 0.2649 0.3998 0.8431 0.6669 0.8171
90 0.0234 0.0228 0.9281 0.0482 0.9116 0.2510 0.4093 0.8449 0.6626 0.8195
91 0.0221 0.0221 0.9285 0.0462 0.9121 0.2867 0.4080 0.8460 0.6972 0.8195
92 0.0211 0.0208 0.9302 0.0439 0.9145 0.2921 0.4199 0.8447 0.7145 0.8193
93 0.0214 0.0207 0.9292 0.0441 0.9135 0.2973 0.4281 0.8486 0.7279 0.8240
94 0.0222 0.0212 0.9287 0.0454 0.9128 0.3610 0.4070 0.8366 0.7707 0.8060
95 0.0272 0.0248 0.9206 0.0540 0.9027 0.3137 0.4092 0.8381 0.7252 0.8077
96 0.0256 0.0244 0.9195 0.0520 0.9015 0.3154 0.4303 0.8467 0.7482 0.8190
97 0.0247 0.0234 0.9232 0.0501 0.9076 0.2751 0.3952 0.8486 0.6727 0.8183
98 0.0272 0.0243 0.9266 0.0536 0.9099 0.2839 0.3939 0.8441 0.6804 0.8129
99 0.0203 0.0201 0.9333 0.0425 0.9187 0.3192 0.3938 0.8427 0.7158 0.8157
100 0.0188 0.0190 0.9358 0.0399 0.9220 0.3015 0.3929 0.8383 0.6970 0.8095
101 0.0181 0.0180 0.9387 0.0383 0.9264 0.2994 0.3887 0.8483 0.6908 0.8202
102 0.0183 0.0177 0.9388 0.0383 0.9262 0.3066 0.4113 0.8489 0.7205 0.8194
103 0.0188 0.0178 0.9407 0.0390 0.9277 0.2968 0.3916 0.8508 0.6910 0.8224
104 0.0195 0.0185 0.9358 0.0403 0.9225 0.3027 0.3944 0.8479 0.6996 0.8188
105 0.0200 0.0192 0.9359 0.0414 0.9207 0.3653 0.4344 0.8393 0.8024 0.8106
106 0.0198 0.0190 0.9370 0.0410 0.9225 0.3817 0.3905 0.8354 0.7751 0.8086
107 0.0190 0.0181 0.9400 0.0394 0.9268 0.2736 0.3833 0.8539 0.6595 0.8257
108 0.0171 0.0169 0.9416 0.0364 0.9296 0.2902 0.3826 0.8542 0.6755 0.8257
109 0.0157 0.0157 0.9458 0.0339 0.9355 0.2970 0.3818 0.8584 0.6815 0.8315
110 0.0151 0.0150 0.9462 0.0326 0.9358 0.2997 0.3843 0.8532 0.6867 0.8262
111 0.0150 0.0152 0.9462 0.0327 0.9359 0.3026 0.3801 0.8565 0.6854 0.8297
112 0.0161 0.0160 0.9431 0.0345 0.9320 0.3396 0.3848 0.8495 0.7272 0.8240
113 0.0164 0.0159 0.9427 0.0347 0.9314 0.2991 0.3820 0.8571 0.6838 0.8310
114 0.0165 0.0161 0.9429 0.0350 0.9310 0.3338 0.3861 0.8471 0.7227 0.8222
115 0.0172 0.0169 0.9418 0.0365 0.9297 0.3416 0.3859 0.8394 0.7302 0.8084
116 0.0171 0.0165 0.9442 0.0360 0.9322 0.3357 0.3832 0.8487 0.7217 0.8204
117 0.0159 0.0155 0.9465 0.0338 0.9358 0.3084 0.3904 0.8526 0.7016 0.8230
118 0.0147 0.0147 0.9473 0.0320 0.9373 0.3262 0.3911 0.8515 0.7202 0.8256
119 0.0138 0.0139 0.9507 0.0303 0.9418 0.3163 0.3907 0.8525 0.7098 0.8251
120 0.0130 0.0135 0.9524 0.0292 0.9441 0.3202 0.3887 0.8563 0.7118 0.8292
121 0.0129 0.0132 0.9531 0.0288 0.9441 0.3161 0.3923 0.8548 0.7112 0.8270
122 0.0131 0.0131 0.9517 0.0289 0.9435 0.3224 0.3845 0.8532 0.7098 0.8262
123 0.0135 0.0135 0.9517 0.0296 0.9429 0.3375 0.3828 0.8508 0.7232 0.8210
124 0.0148 0.0146 0.9487 0.0319 0.9391 0.3362 0.4128 0.8524 0.7518 0.8238
125 0.0302 0.0249 0.9216 0.0573 0.9048 0.7114 0.5175 0.7273 1.2310 0.6533
126 0.0928 0.0769 0.8539 0.1711 0.8226 0.2320 0.4463 0.8095 0.6800 0.7779
127 0.0650 0.0535 0.8792 0.1202 0.8553 0.2184 0.4515 0.8079 0.6716 0.7658
128 0.0452 0.0416 0.8994 0.0887 0.8780 0.2673 0.4140 0.8377 0.6836 0.8065
129 0.0304 0.0272 0.9220 0.0597 0.9050 0.2823 0.4070 0.8479 0.6917 0.8203
130 0.0244 0.0238 0.9295 0.0503 0.9140 0.2694 0.4063 0.8507 0.6781 0.8239
131 0.0228 0.0216 0.9329 0.0466 0.9189 0.2668 0.4134 0.8469 0.6826 0.8206
132 0.0227 0.0214 0.9312 0.0463 0.9163 0.2995 0.3874 0.8478 0.6893 0.8190
133 0.0218 0.0202 0.9331 0.0442 0.9182 0.2856 0.4272 0.8430 0.7151 0.8190
134 0.0208 0.0196 0.9337 0.0427 0.9198 0.3373 0.4029 0.8407 0.7427 0.8125
135 0.0423 0.0360 0.9075 0.0803 0.8863 0.3402 0.4578 0.8170 0.8001 0.7885
136 0.0441 0.0358 0.9046 0.0818 0.8835 0.3054 0.4133 0.8309 0.7210 0.7996
137 0.0333 0.0295 0.9142 0.0648 0.8952 0.2373 0.4255 0.8338 0.6650 0.7979
138 0.0261 0.0242 0.9222 0.0525 0.9065 0.2687 0.4171 0.8489 0.6881 0.8192
139 0.0207 0.0195 0.9340 0.0424 0.9204 0.2822 0.4167 0.8502 0.7012 0.8214
140 0.0184 0.0183 0.9379 0.0391 0.9252 0.2609 0.4140 0.8536 0.6773 0.8252
141 0.0185 0.0182 0.9365 0.0390 0.9246 0.3227 0.4089 0.8444 0.7343 0.8153
142 0.0189 0.0182 0.9364 0.0395 0.9236 0.3239 0.4152 0.8394 0.7416 0.8085
143 0.0182 0.0175 0.9378 0.0380 0.9254 0.3384 0.4154 0.8430 0.7564 0.8150
144 0.0179 0.0169 0.9388 0.0372 0.9256 0.2882 0.4150 0.8549 0.7057 0.8277
145 0.0187 0.0178 0.9349 0.0387 0.9215 0.3471 0.4152 0.8353 0.7648 0.8036
146 0.0169 0.0164 0.9416 0.0356 0.9294 0.3400 0.4136 0.8491 0.7562 0.8221
147 0.0157 0.0154 0.9438 0.0336 0.9318 0.3138 0.4150 0.8502 0.7314 0.8231
148 0.0149 0.0147 0.9470 0.0321 0.9367 0.3345 0.4094 0.8472 0.7466 0.8222
149 0.0144 0.0142 0.9483 0.0313 0.9393 0.3362 0.4120 0.8495 0.7509 0.8251
150 0.0137 0.0138 0.9494 0.0301 0.9405 0.3391 0.4108 0.8502 0.7527 0.8244
151 0.0137 0.0135 0.9496 0.0299 0.9402 0.3304 0.4106 0.8477 0.7437 0.8217
152 0.0142 0.0137 0.9500 0.0305 0.9410 0.3488 0.4159 0.8461 0.7675 0.8206
153 0.0142 0.0140 0.9483 0.0308 0.9388 0.3944 0.4131 0.8430 0.8103 0.8170
154 0.0144 0.0142 0.9481 0.0312 0.9376 0.3735 0.4085 0.8427 0.7847 0.8166
155 0.0151 0.0147 0.9480 0.0323 0.9375 0.3791 0.4222 0.8372 0.8039 0.8104
156 0.0169 0.0161 0.9429 0.0355 0.9309 0.3391 0.4115 0.8383 0.7531 0.8085
157 0.0155 0.0152 0.9448 0.0332 0.9343 0.3510 0.4160 0.8404 0.7696 0.8135
158 0.0137 0.0139 0.9496 0.0302 0.9408 0.3376 0.4256 0.8488 0.7657 0.8233
159 0.0129 0.0130 0.9522 0.0286 0.9440 0.3427 0.4201 0.8425 0.7655 0.8151
160 0.0123 0.0126 0.9554 0.0277 0.9474 0.3530 0.4212 0.8433 0.7770 0.8166
161 0.0122 0.0124 0.9535 0.0274 0.9455 0.3665 0.4155 0.8455 0.7849 0.8209
162 0.0121 0.0124 0.9544 0.0273 0.9463 0.3626 0.4155 0.8479 0.7810 0.8214
163 0.0124 0.0125 0.9541 0.0276 0.9461 0.3701 0.4182 0.8420 0.7910 0.8175
164 0.0261 0.0212 0.9326 0.0497 0.9192 0.4392 0.4564 0.7629 0.8978 0.7272
165 0.1087 0.0855 0.8481 0.1956 0.8169 0.3045 0.4520 0.7831 0.7581 0.7454
166 0.0613 0.0560 0.8812 0.1189 0.8569 0.2331 0.4140 0.8340 0.6488 0.8050
167 0.0400 0.0361 0.9047 0.0780 0.8846 0.2806 0.3943 0.8429 0.6770 0.8127
168 0.0285 0.0278 0.9179 0.0584 0.9007 0.2985 0.3976 0.8470 0.6983 0.8206
169 0.0220 0.0211 0.9319 0.0453 0.9179 0.3010 0.3979 0.8522 0.7011 0.8269
170 0.0199 0.0192 0.9365 0.0414 0.9239 0.2915 0.4000 0.8495 0.6937 0.8233
171 0.0198 0.0195 0.9347 0.0416 0.9224 0.2785 0.3903 0.8478 0.6710 0.8194
172 0.0218 0.0194 0.9348 0.0436 0.9219 0.2890 0.3895 0.8453 0.6808 0.8151
173 0.0219 0.0197 0.9313 0.0439 0.9190 0.3184 0.4205 0.8384 0.7412 0.8105
174 0.0242 0.0225 0.9239 0.0489 0.9084 0.3257 0.4232 0.8397 0.7513 0.8113
175 0.0422 0.0361 0.9015 0.0802 0.8803 0.2645 0.4333 0.8174 0.6997 0.7801
176 0.0319 0.0298 0.9095 0.0637 0.8910 0.3309 0.4276 0.8311 0.7609 0.8055
177 0.0258 0.0238 0.9257 0.0518 0.9105 0.3416 0.4208 0.8291 0.7648 0.7984
178 0.0215 0.0210 0.9298 0.0447 0.9166 0.3331 0.4245 0.8326 0.7601 0.8022
179 0.0197 0.0179 0.9385 0.0400 0.9269 0.3490 0.4195 0.8340 0.7711 0.8041
180 0.0163 0.0163 0.9393 0.0350 0.9271 0.3145 0.4208 0.8353 0.7378 0.8051
181 0.0164 0.0163 0.9402 0.0352 0.9282 0.3179 0.4202 0.8402 0.7405 0.8127
182 0.0158 0.0156 0.9419 0.0339 0.9308 0.3314 0.4179 0.8442 0.7518 0.8160
183 0.0171 0.0160 0.9408 0.0355 0.9299 0.3233 0.4175 0.8411 0.7433 0.8109
184 0.0150 0.0149 0.9439 0.0323 0.9340 0.3413 0.4171 0.8402 0.7608 0.8097
185 0.0156 0.0153 0.9450 0.0334 0.9351 0.3724 0.3888 0.8411 0.7638 0.8105
186 0.0153 0.0150 0.9447 0.0327 0.9342 0.3284 0.3983 0.8444 0.7293 0.8119
187 0.0161 0.0153 0.9456 0.0339 0.9356 0.3642 0.3879 0.8361 0.7547 0.8004
188 0.0155 0.0152 0.9444 0.0332 0.9350 0.2826 0.4041 0.8462 0.6891 0.8116
189 0.0132 0.0136 0.9493 0.0294 0.9403 0.3255 0.3938 0.8419 0.7221 0.8075
190 0.0124 0.0129 0.9510 0.0280 0.9430 0.3264 0.3913 0.8409 0.7203 0.8058
191 0.0126 0.0128 0.9531 0.0281 0.9451 0.3346 0.3995 0.8409 0.7368 0.8054
192 0.0126 0.0127 0.9515 0.0280 0.9430 0.3314 0.4115 0.8451 0.7456 0.8125
193 0.0130 0.0130 0.9507 0.0287 0.9426 0.3433 0.4007 0.8388 0.7467 0.8055
194 0.0128 0.0129 0.9508 0.0284 0.9432 0.3559 0.4062 0.8390 0.7647 0.8057
195 0.0129 0.0130 0.9506 0.0286 0.9418 0.3423 0.4018 0.8430 0.7469 0.8143
196 0.0141 0.0139 0.9487 0.0306 0.9396 0.4051 0.3960 0.8315 0.8037 0.8035
197 0.0384 0.0321 0.9114 0.0726 0.8925 0.2851 0.4232 0.8345 0.7104 0.8015
198 0.0180 0.0179 0.9361 0.0383 0.9230 0.3429 0.4153 0.8418 0.7607 0.8133
199 0.0145 0.0150 0.9452 0.0320 0.9356 0.3052 0.4132 0.8500 0.7208 0.8204
