epoch train_BCELoss train_SoftDiceLoss train_iou train_loss train_mAP val_BCELoss val_SoftDiceLoss val_iou val_loss val_mAP
0 0.3934 0.4488 0.6388 0.8371 0.5813 0.3354 0.5742 0.7125 0.9079 0.6459
1 0.2605 0.3173 0.7515 0.5756 0.7013 0.2654 0.5646 0.7503 0.8290 0.6987
2 0.2270 0.2810 0.7743 0.5066 0.7295 0.2385 0.5527 0.7640 0.7904 0.7189
3 0.2004 0.2509 0.7934 0.4501 0.7521 0.2197 0.5401 0.7753 0.7591 0.7330
4 0.1868 0.2401 0.8096 0.4258 0.7695 0.2153 0.5324 0.7883 0.7472 0.7449
5 0.1776 0.2330 0.8136 0.4095 0.7761 0.2079 0.5287 0.7934 0.7361 0.7500
6 0.1786 0.2328 0.8168 0.4103 0.7780 0.2127 0.5252 0.7914 0.7375 0.7475
7 0.1788 0.2279 0.8087 0.4057 0.7694 0.2160 0.5256 0.7826 0.7413 0.7375
8 0.1696 0.2138 0.8145 0.3824 0.7761 0.2201 0.5286 0.7801 0.7483 0.7431
9 0.1687 0.2050 0.8095 0.3730 0.7713 0.2654 0.5155 0.7729 0.7809 0.7214
10 0.1686 0.1992 0.8091 0.3671 0.7685 0.2487 0.5216 0.7680 0.7703 0.7279
11 0.1476 0.1768 0.8240 0.3239 0.7880 0.2030 0.5058 0.8002 0.7088 0.7617
12 0.1343 0.1596 0.8369 0.2935 0.8021 0.1911 0.4937 0.8090 0.6849 0.7693
13 0.1154 0.1451 0.8473 0.2600 0.8143 0.1782 0.4933 0.8035 0.6716 0.7655
14 0.1119 0.1367 0.8500 0.2482 0.8185 0.1980 0.4958 0.8141 0.6939 0.7796
15 0.1046 0.1313 0.8610 0.2355 0.8279 0.1825 0.4920 0.8147 0.6746 0.7762
16 0.1091 0.1358 0.8534 0.2446 0.8236 0.1590 0.4885 0.8223 0.6477 0.7887
17 0.1097 0.1315 0.8529 0.2409 0.8192 0.1858 0.4910 0.8030 0.6771 0.7638
18 0.1129 0.1300 0.8482 0.2426 0.8165 0.1717 0.4949 0.8063 0.6668 0.7662
19 0.1179 0.1287 0.8443 0.2464 0.8088 0.1778 0.4876 0.8141 0.6657 0.7837
20 0.1338 0.1410 0.8248 0.2746 0.7887 0.2662 0.5029 0.7566 0.7696 0.7051
21 0.1142 0.1200 0.8459 0.2342 0.8146 0.1982 0.4811 0.8117 0.6799 0.7771
22 0.1014 0.1086 0.8539 0.2102 0.8216 0.1793 0.4741 0.8260 0.6540 0.7894
23 0.0951 0.1037 0.8609 0.1990 0.8302 0.1890 0.4718 0.8220 0.6614 0.7916
24 0.0898 0.0996 0.8656 0.1897 0.8374 0.1752 0.4688 0.8191 0.6446 0.7860
25 0.0823 0.0963 0.8629 0.1788 0.8334 0.1685 0.4674 0.8250 0.6364 0.7915
26 0.0782 0.0891 0.8727 0.1675 0.8433 0.1744 0.4650 0.8297 0.6400 0.7982
27 0.0769 0.0865 0.8728 0.1636 0.8450 0.1835 0.4635 0.8357 0.6476 0.8070
28 0.0958 0.0983 0.8606 0.1944 0.8308 0.1779 0.4672 0.8259 0.6458 0.7914
29 0.1071 0.1068 0.8478 0.2143 0.8157 0.2403 0.5008 0.7755 0.7419 0.7315
30 0.1026 0.1007 0.8476 0.2037 0.8143 0.2439 0.4770 0.7927 0.7217 0.7493
31 0.1123 0.1111 0.8417 0.2239 0.8078 0.1585 0.4546 0.8338 0.6137 0.8046
32 0.0859 0.0892 0.8651 0.1756 0.8344 0.2142 0.4646 0.8196 0.6797 0.7893
33 0.0830 0.0831 0.8720 0.1667 0.8438 0.1775 0.4600 0.8270 0.6385 0.7932
34 0.0701 0.0745 0.8785 0.1452 0.8488 0.1757 0.4536 0.8377 0.6302 0.8051
35 0.0657 0.0709 0.8790 0.1372 0.8519 0.1768 0.4538 0.8379 0.6315 0.8074
36 0.0667 0.0698 0.8759 0.1371 0.8485 0.1633 0.4546 0.8428 0.6187 0.8131
37 0.0692 0.0716 0.8754 0.1415 0.8475 0.1627 0.4547 0.8408 0.6183 0.8102
38 0.0733 0.0734 0.8735 0.1473 0.8445 0.2028 0.4526 0.8313 0.6565 0.8045
39 0.0794 0.0784 0.8721 0.1584 0.8440 0.2061 0.4666 0.8100 0.6736 0.7785
40 0.1131 0.0998 0.8454 0.2137 0.8129 0.2478 0.4841 0.7814 0.7330 0.7439
41 0.1029 0.0972 0.8475 0.2008 0.8151 0.2201 0.4506 0.8208 0.6717 0.7908
42 0.0824 0.0812 0.8597 0.1644 0.8313 0.2076 0.4596 0.8154 0.6683 0.7876
43 0.0712 0.0706 0.8784 0.1427 0.8503 0.1996 0.4535 0.8297 0.6543 0.7974
44 0.0624 0.0633 0.8810 0.1265 0.8533 0.1952 0.4496 0.8364 0.6460 0.8049
45 0.0601 0.0603 0.8868 0.1213 0.8605 0.2015 0.4416 0.8345 0.6442 0.8050
46 0.0613 0.0606 0.8837 0.1227 0.8580 0.2039 0.4417 0.8346 0.6467 0.8049
47 0.0650 0.0639 0.8765 0.1298 0.8506 0.2398 0.4498 0.8255 0.6908 0.7981
48 0.0638 0.0596 0.8807 0.1242 0.8549 0.2116 0.4416 0.8283 0.6543 0.7944
49 0.0762 0.0687 0.8735 0.1459 0.8461 0.2376 0.4668 0.8184 0.7058 0.7865
50 0.0901 0.0800 0.8586 0.1710 0.8288 0.2125 0.4587 0.8217 0.6724 0.7871
51 0.0846 0.0751 0.8659 0.1607 0.8376 0.2178 0.4560 0.8186 0.6749 0.7842
52 0.0759 0.0689 0.8732 0.1459 0.8433 0.2276 0.4557 0.8206 0.6847 0.7863
53 0.0671 0.0632 0.8800 0.1313 0.8527 0.2385 0.4481 0.8221 0.6880 0.7916
54 0.0548 0.0550 0.8879 0.1108 0.8620 0.2074 0.4435 0.8310 0.6523 0.7979
55 0.0523 0.0515 0.8894 0.1049 0.8639 0.2094 0.4431 0.8308 0.6539 0.8002
56 0.0531 0.0519 0.8945 0.1061 0.8687 0.2107 0.4499 0.8280 0.6620 0.7980
57 0.0572 0.0542 0.8905 0.1125 0.8639 0.2318 0.4479 0.8320 0.6811 0.8010
58 0.0609 0.0563 0.8871 0.1183 0.8601 0.2135 0.4425 0.8365 0.6575 0.8046
59 0.0718 0.0626 0.8741 0.1355 0.8476 0.3340 0.4700 0.8000 0.8055 0.7640
60 0.0814 0.0743 0.8675 0.1567 0.8391 0.2363 0.4599 0.8141 0.6976 0.7794
61 0.0725 0.0663 0.8743 0.1399 0.8455 0.3140 0.4474 0.8113 0.7630 0.7783
62 0.0641 0.0593 0.8749 0.1245 0.8470 0.2264 0.4678 0.8167 0.6956 0.7821
63 0.0589 0.0557 0.8792 0.1158 0.8524 0.2127 0.4406 0.8311 0.6548 0.7965
64 0.0499 0.0468 0.8939 0.0979 0.8685 0.1940 0.4423 0.8439 0.6378 0.8077
65 0.0482 0.0457 0.8978 0.0951 0.8746 0.1929 0.4423 0.8427 0.6366 0.8075
66 0.0475 0.0457 0.8947 0.0944 0.8700 0.2139 0.4447 0.8360 0.6602 0.8025
67 0.0503 0.0474 0.8936 0.0989 0.8683 0.2103 0.4452 0.8376 0.6570 0.8040
68 0.0511 0.0484 0.8903 0.1007 0.8649 0.2685 0.4404 0.8317 0.7106 0.8041
69 0.0611 0.0554 0.8850 0.1177 0.8575 0.2204 0.4410 0.8308 0.6630 0.7991
70 0.0641 0.0570 0.8803 0.1223 0.8532 0.2090 0.4576 0.8184 0.6681 0.7833
71 0.0676 0.0594 0.8775 0.1283 0.8502 0.2549 0.4508 0.8097 0.7074 0.7724
72 0.0589 0.0570 0.8852 0.1172 0.8571 0.2212 0.4379 0.8274 0.6606 0.7989
73 0.0492 0.0463 0.8953 0.0969 0.8703 0.1987 0.4382 0.8304 0.6385 0.7996
74 0.0462 0.0436 0.8939 0.0911 0.8684 0.2141 0.4329 0.8383 0.6487 0.8074
75 0.0402 0.0402 0.9025 0.0817 0.8797 0.2214 0.4245 0.8362 0.6475 0.8045
76 0.0415 0.0393 0.9029 0.0821 0.8788 0.2212 0.4183 0.8387 0.6412 0.8067
77 0.0436 0.0413 0.8971 0.0863 0.8717 0.2083 0.4443 0.8361 0.6542 0.8054
78 0.0434 0.0400 0.9007 0.0847 0.8757 0.2060 0.4232 0.8401 0.6310 0.8129
79 0.0526 0.0475 0.8910 0.1014 0.8640 0.2447 0.4513 0.8233 0.6976 0.7894
80 0.0732 0.0620 0.8695 0.1364 0.8402 0.2159 0.4517 0.8130 0.6691 0.7721
81 0.0650 0.0588 0.8749 0.1251 0.8488 0.2316 0.4621 0.8237 0.6952 0.7945
82 0.0564 0.0510 0.8837 0.1087 0.8576 0.2515 0.4246 0.8236 0.6778 0.7888
83 0.0488 0.0448 0.8935 0.0949 0.8667 0.2438 0.4279 0.8350 0.6735 0.8046
84 0.0432 0.0417 0.8985 0.0862 0.8755 0.2626 0.4221 0.8331 0.6865 0.8064
85 0.0426 0.0398 0.9037 0.0838 0.8795 0.2414 0.4276 0.8377 0.6709 0.8066
86 0.0397 0.0370 0.9048 0.0781 0.8809 0.2670 0.4266 0.8386 0.6955 0.8102
87 0.0413 0.0374 0.9041 0.0802 0.8802 0.2272 0.4348 0.8375 0.6638 0.8018
88 0.0478 0.0425 0.8917 0.0918 0.8658 0.2588 0.4318 0.8358 0.6926 0.8069
89 0.0514 0.0449 0.8972 0.0976 0.8724 0.2650 0.4204 0.8314 0.6872 0.7972
90 0.0587 0.0522 0.8884 0.1123 0.8609 0.2281 0.4338 0.8238 0.6636 0.7927
91 0.0603 0.0506 0.8858 0.1123 0.8577 0.2426 0.4404 0.8156 0.6847 0.7778
92 0.0499 0.0465 0.8880 0.0978 0.8616 0.2532 0.4268 0.8356 0.6819 0.8027
93 0.0452 0.0410 0.9001 0.0876 0.8766 0.2506 0.4228 0.8379 0.6753 0.8023
94 0.0398 0.0372 0.9056 0.0785 0.8816 0.2235 0.4332 0.8451 0.6585 0.8117
95 0.0394 0.0373 0.9067 0.0783 0.8829 0.2361 0.4288 0.8407 0.6667 0.8103
96 0.0388 0.0359 0.9060 0.0762 0.8834 0.2299 0.4311 0.8482 0.6628 0.8141
97 0.0399 0.0374 0.9033 0.0787 0.8794 0.2490 0.4117 0.8478 0.6626 0.8164
98 0.0474 0.0427 0.9020 0.0916 0.8770 0.2279 0.4159 0.8393 0.6456 0.8090
99 0.0507 0.0470 0.8909 0.0992 0.8653 0.3432 0.4266 0.8155 0.7717 0.7844
100 0.0542 0.0457 0.8957 0.1014 0.8692 0.2607 0.4343 0.8362 0.6970 0.8064
101 0.0543 0.0482 0.8908 0.1040 0.8631 0.2202 0.4415 0.8419 0.6633 0.8112
102 0.0614 0.0534 0.8839 0.1161 0.8576 0.2377 0.4565 0.8245 0.6958 0.7943
103 0.0461 0.0433 0.8922 0.0908 0.8678 0.2274 0.4310 0.8453 0.6602 0.8172
104 0.0417 0.0384 0.9004 0.0816 0.8750 0.2311 0.4247 0.8515 0.6576 0.8219
105 0.0403 0.0379 0.9054 0.0798 0.8818 0.2312 0.4247 0.8517 0.6578 0.8233
106 0.0385 0.0354 0.9060 0.0754 0.8826 0.2357 0.4243 0.8515 0.6618 0.8223
107 0.0421 0.0383 0.9041 0.0819 0.8794 0.2457 0.4303 0.8484 0.6779 0.8182
108 0.0441 0.0399 0.8996 0.0856 0.8759 0.3087 0.4263 0.8316 0.7370 0.7963
109 0.0474 0.0448 0.8928 0.0936 0.8676 0.2441 0.4261 0.8487 0.6722 0.8123
110 0.0578 0.0504 0.8838 0.1097 0.8575 0.2055 0.4601 0.8268 0.6671 0.7927
111 0.0622 0.0545 0.8851 0.1181 0.8574 0.1863 0.4377 0.8442 0.6255 0.8123
112 0.0480 0.0422 0.9004 0.0916 0.8755 0.2379 0.4343 0.8416 0.6741 0.8071
113 0.0403 0.0374 0.9031 0.0792 0.8781 0.2141 0.4326 0.8501 0.6486 0.8171
114 0.0381 0.0356 0.9075 0.0752 0.8833 0.2046 0.4373 0.8480 0.6439 0.8191
115 0.0373 0.0339 0.9094 0.0727 0.8875 0.2043 0.4362 0.8467 0.6424 0.8170
116 0.0351 0.0330 0.9133 0.0698 0.8911 0.2039 0.4359 0.8504 0.6417 0.8202
117 0.0348 0.0331 0.9096 0.0695 0.8871 0.2624 0.4377 0.8481 0.7020 0.8201
118 0.0362 0.0339 0.9104 0.0717 0.8879 0.2422 0.4324 0.8508 0.6765 0.8208
119 0.0479 0.0422 0.8955 0.0916 0.8699 0.2707 0.4192 0.8116 0.6917 0.7743
120 0.0611 0.0530 0.8853 0.1155 0.8591 0.3883 0.5204 0.7533 0.9101 0.7193
121 0.0590 0.0528 0.8854 0.1133 0.8605 0.2514 0.4196 0.8245 0.6730 0.7882
122 0.0501 0.0445 0.8955 0.0961 0.8699 0.2144 0.4250 0.8397 0.6413 0.8061
123 0.0465 0.0417 0.8974 0.0897 0.8736 0.2585 0.4162 0.8364 0.6767 0.8018
124 0.0393 0.0362 0.9063 0.0771 0.8825 0.2250 0.4162 0.8468 0.6432 0.8175
125 0.0388 0.0362 0.9029 0.0766 0.8808 0.2222 0.4112 0.8484 0.6354 0.8173
126 0.0365 0.0342 0.9092 0.0723 0.8868 0.2225 0.4277 0.8512 0.6522 0.8210
127 0.0357 0.0333 0.9053 0.0706 0.8839 0.2703 0.4013 0.8445 0.6737 0.8157
128 0.0391 0.0352 0.9103 0.0759 0.8869 0.3162 0.4074 0.8361 0.7256 0.8012
129 0.0440 0.0390 0.9002 0.0846 0.8744 0.2995 0.4513 0.8254 0.7525 0.7897
130 0.0540 0.0454 0.8921 0.1008 0.8637 0.4196 0.4728 0.7852 0.8944 0.7511
131 0.0492 0.0427 0.8942 0.0935 0.8686 0.2215 0.4428 0.8443 0.6662 0.8156
132 0.0435 0.0397 0.9003 0.0848 0.8769 0.2495 0.4481 0.8394 0.6996 0.8081
133 0.0393 0.0367 0.9036 0.0776 0.8805 0.2084 0.4338 0.8515 0.6441 0.8210
134 0.0327 0.0311 0.9113 0.0655 0.8892 0.2243 0.4407 0.8546 0.6669 0.8213
135 0.0328 0.0313 0.9116 0.0658 0.8886 0.2256 0.4397 0.8575 0.6673 0.8242
136 0.0331 0.0320 0.9119 0.0667 0.8887 0.2540 0.4198 0.8532 0.6760 0.8179
137 0.0338 0.0317 0.9131 0.0672 0.8902 0.2671 0.4281 0.8455 0.6973 0.8174
138 0.0348 0.0312 0.9101 0.0676 0.8867 0.2429 0.4359 0.8496 0.6808 0.8192
139 0.0408 0.0375 0.9008 0.0798 0.8771 0.2468 0.4184 0.8401 0.6670 0.8127
140 0.0562 0.0487 0.8880 0.1063 0.8623 0.4605 0.5217 0.7105 0.9839 0.6663
141 0.0598 0.0512 0.8872 0.1124 0.8601 0.2545 0.4434 0.8366 0.6996 0.8103
142 0.0426 0.0380 0.8976 0.0821 0.8744 0.2698 0.4208 0.8420 0.6925 0.8166
143 0.0389 0.0354 0.9082 0.0759 0.8849 0.2360 0.4339 0.8376 0.6717 0.8098
144 0.0356 0.0337 0.9110 0.0709 0.8890 0.2313 0.4107 0.8422 0.6439 0.8124
145 0.0338 0.0319 0.9098 0.0673 0.8863 0.2427 0.4022 0.8397 0.6468 0.8105
146 0.0318 0.0299 0.9110 0.0633 0.8891 0.2534 0.3991 0.8461 0.6545 0.8161
147 0.0358 0.0333 0.9062 0.0708 0.8838 0.2582 0.4304 0.8491 0.6905 0.8179
148 0.0401 0.0361 0.9034 0.0777 0.8799 0.2496 0.4268 0.8368 0.6784 0.8029
149 0.0454 0.0426 0.8994 0.0895 0.8750 0.2889 0.4316 0.8384 0.7225 0.8077
