epoch train_BCELoss train_SoftDiceLoss train_iou train_loss train_mAP val_BCELoss val_SoftDiceLoss val_iou val_loss val_mAP
0 0.3970 0.4717 0.5916 0.8630 0.5352 0.2892 0.6003 0.6831 0.8856 0.6282
1 0.2446 0.2957 0.7291 0.5362 0.6744 0.2715 0.5540 0.7461 0.8238 0.6901
2 0.2080 0.2561 0.7609 0.4616 0.7101 0.2260 0.5365 0.7652 0.7613 0.7256
3 0.1814 0.2262 0.7845 0.4055 0.7393 0.2098 0.5220 0.7828 0.7307 0.7400
4 0.1665 0.2086 0.7979 0.3731 0.7544 0.2155 0.5229 0.7862 0.7375 0.7477
5 0.1573 0.1995 0.8059 0.3550 0.7627 0.2169 0.5216 0.7826 0.7376 0.7427
6 0.1559 0.1947 0.8098 0.3488 0.7668 0.2278 0.5184 0.7728 0.7454 0.7324
7 0.1590 0.1959 0.8018 0.3533 0.7585 0.1932 0.5107 0.7853 0.7031 0.7462
8 0.1514 0.1802 0.8085 0.3302 0.7663 0.2254 0.5191 0.7654 0.7440 0.7138
9 0.1541 0.1776 0.8054 0.3306 0.7636 0.2064 0.5002 0.7828 0.7062 0.7480
10 0.1579 0.1736 0.8050 0.3306 0.7628 0.2699 0.5261 0.7426 0.7957 0.7008
11 0.1435 0.1602 0.8116 0.3030 0.7724 0.2135 0.4951 0.7944 0.7085 0.7597
12 0.1195 0.1349 0.8340 0.2538 0.7979 0.1799 0.4797 0.8028 0.6595 0.7653
13 0.1117 0.1272 0.8426 0.2384 0.8072 0.2379 0.4894 0.7932 0.7273 0.7602
14 0.1035 0.1185 0.8476 0.2216 0.8122 0.2141 0.4836 0.8111 0.6977 0.7824
15 0.0980 0.1125 0.8514 0.2101 0.8199 0.2088 0.4768 0.8174 0.6856 0.7865
16 0.0969 0.1092 0.8577 0.2057 0.8259 0.2067 0.4739 0.8216 0.6806 0.7901
17 0.0961 0.1080 0.8560 0.2037 0.8232 0.2011 0.4733 0.8164 0.6744 0.7859
18 0.1114 0.1185 0.8416 0.2297 0.8058 0.2271 0.4902 0.7917 0.7175 0.7641
19 0.1219 0.1225 0.8301 0.2444 0.7966 0.1904 0.4844 0.7936 0.6751 0.7623
20 0.1193 0.1181 0.8338 0.2374 0.7996 0.2679 0.4846 0.7907 0.7529 0.7580
21 0.1120 0.1094 0.8488 0.2216 0.8139 0.1936 0.4736 0.8098 0.6677 0.7804
22 0.1054 0.1055 0.8447 0.2110 0.8101 0.1948 0.4581 0.8305 0.6533 0.8018
23 0.0946 0.0978 0.8519 0.1926 0.8218 0.2116 0.4559 0.8144 0.6679 0.7846
24 0.0803 0.0856 0.8654 0.1661 0.8344 0.1949 0.4565 0.8341 0.6519 0.8064
25 0.0742 0.0814 0.8714 0.1557 0.8427 0.1979 0.4567 0.8330 0.6551 0.8057
26 0.0783 0.0828 0.8754 0.1613 0.8455 0.2244 0.4542 0.8251 0.6790 0.7983
27 0.0772 0.0803 0.8655 0.1577 0.8355 0.2376 0.4539 0.8215 0.6919 0.7902
28 0.0845 0.0870 0.8601 0.1719 0.8273 0.2296 0.4610 0.8316 0.6914 0.8036
29 0.0915 0.0874 0.8547 0.1793 0.8232 0.2122 0.4580 0.8256 0.6710 0.7961
30 0.1022 0.0973 0.8513 0.2000 0.8176 0.2629 0.4523 0.8111 0.7159 0.7759
31 0.1024 0.0979 0.8514 0.2008 0.8175 0.2104 0.4586 0.8212 0.6699 0.7891
32 0.0844 0.0784 0.8641 0.1634 0.8334 0.1933 0.4558 0.8248 0.6500 0.7979
33 0.0803 0.0774 0.8623 0.1584 0.8327 0.2108 0.4555 0.8123 0.6672 0.7797
34 0.0679 0.0682 0.8771 0.1368 0.8494 0.1993 0.4433 0.8369 0.6435 0.8083
35 0.0689 0.0665 0.8747 0.1361 0.8478 0.2116 0.4441 0.8294 0.6566 0.7999
36 0.0698 0.0657 0.8799 0.1363 0.8528 0.2212 0.4493 0.8217 0.6714 0.7892
37 0.0664 0.0655 0.8742 0.1325 0.8452 0.2188 0.4291 0.8337 0.6486 0.8055
38 0.0744 0.0709 0.8687 0.1459 0.8381 0.2388 0.4574 0.8237 0.6973 0.7971
39 0.0867 0.0786 0.8574 0.1659 0.8268 0.2452 0.4670 0.8223 0.7134 0.7931
40 0.0970 0.0836 0.8541 0.1814 0.8213 0.2527 0.4526 0.8108 0.7063 0.7750
41 0.0931 0.0849 0.8614 0.1788 0.8290 0.2378 0.4557 0.8098 0.6948 0.7777
42 0.0754 0.0685 0.8692 0.1448 0.8407 0.2690 0.4339 0.8213 0.7040 0.7881
43 0.0716 0.0697 0.8728 0.1421 0.8442 0.2211 0.4406 0.8286 0.6628 0.7994
44 0.0627 0.0598 0.8825 0.1234 0.8547 0.2083 0.4344 0.8483 0.6438 0.8222
45 0.0574 0.0567 0.8883 0.1150 0.8606 0.2065 0.4375 0.8439 0.6451 0.8148
46 0.0568 0.0555 0.8830 0.1133 0.8556 0.2250 0.4362 0.8363 0.6624 0.8069
47 0.0605 0.0577 0.8840 0.1191 0.8571 0.2202 0.4372 0.8403 0.6586 0.8126
48 0.0705 0.0635 0.8747 0.1349 0.8454 0.2269 0.4464 0.8270 0.6744 0.7961
49 0.0810 0.0726 0.8689 0.1545 0.8387 0.1849 0.4415 0.8150 0.6275 0.7817
50 0.0735 0.0674 0.8664 0.1418 0.8355 0.2497 0.4250 0.8125 0.6760 0.7783
51 0.0719 0.0684 0.8745 0.1413 0.8460 0.2183 0.4383 0.8205 0.6579 0.7913
52 0.0657 0.0602 0.8783 0.1269 0.8503 0.2589 0.4357 0.8257 0.6959 0.7953
53 0.0574 0.0547 0.8880 0.1132 0.8600 0.2289 0.4162 0.8305 0.6463 0.8017
54 0.0531 0.0496 0.8916 0.1038 0.8655 0.2285 0.4166 0.8438 0.6464 0.8162
55 0.0496 0.0468 0.8918 0.0975 0.8656 0.2317 0.4153 0.8413 0.6483 0.8137
56 0.0505 0.0466 0.8946 0.0983 0.8683 0.2614 0.4212 0.8323 0.6841 0.8054
57 0.0516 0.0489 0.8947 0.1016 0.8689 0.2199 0.4242 0.8403 0.6455 0.8122
58 0.0565 0.0514 0.8894 0.1090 0.8621 0.2125 0.4285 0.8384 0.6424 0.8118
59 0.0616 0.0550 0.8828 0.1177 0.8545 0.2185 0.4403 0.8254 0.6602 0.7950
60 0.0786 0.0689 0.8714 0.1487 0.8401 0.2870 0.4744 0.8125 0.7630 0.7875
61 0.0716 0.0657 0.8749 0.1384 0.8469 0.2637 0.4540 0.8068 0.7192 0.7744
62 0.0596 0.0558 0.8830 0.1165 0.8561 0.2378 0.4339 0.8337 0.6732 0.8046
63 0.0617 0.0583 0.8786 0.1212 0.8516 0.2582 0.4333 0.8246 0.6930 0.7993
64 0.0468 0.0453 0.8971 0.0934 0.8711 0.2303 0.4296 0.8406 0.6613 0.8128
65 0.0488 0.0446 0.8955 0.0947 0.8714 0.2431 0.4277 0.8374 0.6723 0.8113
66 0.0433 0.0402 0.9011 0.0847 0.8760 0.2393 0.4204 0.8407 0.6613 0.8128
67 0.0435 0.0408 0.8967 0.0855 0.8717 0.2553 0.4224 0.8356 0.6792 0.8068
68 0.0479 0.0439 0.8985 0.0929 0.8741 0.2927 0.4215 0.8367 0.7159 0.8078
69 0.0532 0.0481 0.8895 0.1025 0.8627 0.2479 0.4275 0.8297 0.6771 0.7997
70 0.0717 0.0593 0.8792 0.1322 0.8515 0.2392 0.4106 0.8355 0.6512 0.8030
71 0.0717 0.0609 0.8723 0.1338 0.8445 0.2884 0.4333 0.8307 0.7234 0.8059
72 0.0583 0.0546 0.8868 0.1142 0.8597 0.2403 0.4271 0.8284 0.6689 0.8010
73 0.0544 0.0506 0.8844 0.1063 0.8575 0.2719 0.4101 0.8355 0.6836 0.8089
74 0.0458 0.0433 0.8905 0.0904 0.8656 0.2341 0.4076 0.8425 0.6433 0.8125
75 0.0413 0.0405 0.9006 0.0831 0.8754 0.2322 0.4069 0.8407 0.6406 0.8114
76 0.0461 0.0419 0.9019 0.0893 0.8770 0.2833 0.4111 0.8356 0.6960 0.8102
77 0.0454 0.0420 0.8971 0.0887 0.8722 0.2583 0.4082 0.8336 0.6681 0.8074
78 0.0458 0.0430 0.8940 0.0901 0.8683 0.2669 0.4124 0.8454 0.6809 0.8188
79 0.0527 0.0468 0.8905 0.1008 0.8637 0.2832 0.4120 0.8439 0.6968 0.8175
80 0.0710 0.0629 0.8710 0.1352 0.8408 0.2798 0.4439 0.8226 0.7253 0.7942
81 0.0647 0.0574 0.8817 0.1234 0.8534 0.2455 0.4172 0.8248 0.6643 0.7954
82 0.0522 0.0463 0.8916 0.0998 0.8637 0.2708 0.4058 0.8385 0.6783 0.8100
83 0.0461 0.0428 0.8964 0.0903 0.8713 0.2660 0.4134 0.8415 0.6811 0.8172
84 0.0397 0.0371 0.9019 0.0782 0.8784 0.2679 0.4052 0.8435 0.6748 0.8187
85 0.0410 0.0367 0.9011 0.0790 0.8785 0.2662 0.4044 0.8420 0.6722 0.8175
86 0.0395 0.0364 0.9037 0.0773 0.8785 0.2531 0.4054 0.8439 0.6601 0.8173
87 0.0398 0.0371 0.9015 0.0783 0.8763 0.2496 0.3986 0.8416 0.6498 0.8150
88 0.0404 0.0379 0.9027 0.0797 0.8782 0.2645 0.4067 0.8454 0.6729 0.8189
89 0.0440 0.0394 0.8958 0.0848 0.8721 0.2403 0.4400 0.8283 0.6818 0.7962
90 0.0629 0.0524 0.8887 0.1166 0.8597 0.2677 0.4233 0.8335 0.6927 0.8073
91 0.0729 0.0622 0.8761 0.1364 0.8470 0.2690 0.4315 0.8347 0.7022 0.7971
92 0.0541 0.0495 0.8917 0.1050 0.8652 0.2940 0.4407 0.8233 0.7364 0.7952
93 0.0463 0.0418 0.8979 0.0895 0.8722 0.2484 0.4296 0.8457 0.6797 0.8203
94 0.0417 0.0373 0.9062 0.0804 0.8802 0.2514 0.4274 0.8453 0.6805 0.8182
95 0.0384 0.0361 0.9012 0.0759 0.8766 0.2606 0.4268 0.8439 0.6892 0.8184
96 0.0379 0.0354 0.9025 0.0747 0.8797 0.2398 0.4267 0.8469 0.6682 0.8196
97 0.0372 0.0344 0.9076 0.0730 0.8837 0.2458 0.4255 0.8498 0.6730 0.8242
98 0.0422 0.0401 0.8985 0.0838 0.8723 0.2900 0.4311 0.8383 0.7228 0.8100
99 0.0504 0.0464 0.8935 0.0982 0.8670 0.2357 0.4345 0.8368 0.6718 0.8094
100 0.0755 0.0643 0.8766 0.1412 0.8472 0.2645 0.4262 0.8347 0.6923 0.8083
101 0.0545 0.0464 0.8904 0.1022 0.8657 0.2649 0.4035 0.8372 0.6700 0.8079
102 0.0497 0.0464 0.8906 0.0975 0.8632 0.2543 0.4150 0.8406 0.6711 0.8128
103 0.0485 0.0427 0.9011 0.0926 0.8744 0.3121 0.4098 0.8326 0.7238 0.8042
104 0.0402 0.0376 0.9053 0.0792 0.8818 0.2601 0.4197 0.8481 0.6817 0.8234
105 0.0354 0.0342 0.9062 0.0712 0.8843 0.2629 0.4198 0.8450 0.6846 0.8211
106 0.0357 0.0329 0.9084 0.0701 0.8847 0.2668 0.4144 0.8462 0.6831 0.8205
107 0.0382 0.0347 0.9069 0.0744 0.8829 0.2627 0.4141 0.8420 0.6787 0.8177
108 0.0418 0.0379 0.9037 0.0812 0.8795 0.3099 0.4217 0.8309 0.7334 0.8035
109 0.0391 0.0344 0.9031 0.0750 0.8795 0.2565 0.4121 0.8520 0.6704 0.8272
110 0.0465 0.0416 0.8935 0.0895 0.8689 0.2721 0.4424 0.8419 0.7163 0.8096
111 0.0562 0.0470 0.8897 0.1047 0.8617 0.2776 0.4265 0.8377 0.7059 0.8087
112 0.0506 0.0462 0.8901 0.0982 0.8627 0.3279 0.4267 0.8322 0.7566 0.8069
113 0.0425 0.0379 0.9041 0.0820 0.8790 0.3477 0.4250 0.8227 0.7745 0.7952
114 0.0379 0.0348 0.9046 0.0742 0.8824 0.3005 0.4196 0.8389 0.7220 0.8154
115 0.0345 0.0323 0.9064 0.0684 0.8831 0.3031 0.4207 0.8375 0.7259 0.8143
116 0.0340 0.0320 0.9083 0.0676 0.8855 0.3000 0.4038 0.8395 0.7057 0.8154
117 0.0356 0.0326 0.9115 0.0697 0.8884 0.3085 0.4216 0.8416 0.7321 0.8155
118 0.0387 0.0357 0.9085 0.0760 0.8851 0.2688 0.4128 0.8406 0.6834 0.8145
119 0.0491 0.0425 0.8966 0.0931 0.8729 0.4963 0.4598 0.7377 0.9579 0.6856
120 0.0629 0.0526 0.8824 0.1169 0.8537 0.2446 0.4461 0.8164 0.6922 0.7864
121 0.0499 0.0446 0.8918 0.0960 0.8652 0.2894 0.4280 0.8306 0.7193 0.8010
122 0.0421 0.0390 0.9005 0.0825 0.8748 0.2668 0.4157 0.8372 0.6844 0.8085
123 0.0404 0.0363 0.9012 0.0783 0.8773 0.2438 0.3901 0.8590 0.6357 0.8335
124 0.0350 0.0333 0.9079 0.0699 0.8849 0.2501 0.4180 0.8549 0.6701 0.8323
125 0.0318 0.0302 0.9122 0.0636 0.8903 0.2711 0.4057 0.8549 0.6787 0.8308
126 0.0319 0.0302 0.9100 0.0637 0.8875 0.2753 0.4257 0.8523 0.7029 0.8269
127 0.0345 0.0315 0.9122 0.0676 0.8897 0.3296 0.4127 0.8431 0.7444 0.8152
128 0.0363 0.0345 0.9043 0.0724 0.8790 0.3378 0.4280 0.8447 0.7677 0.8219
129 0.0390 0.0348 0.8996 0.0754 0.8761 0.3622 0.4450 0.8227 0.8093 0.7943
130 0.0921 0.0761 0.8544 0.1694 0.8218 0.2711 0.4771 0.8100 0.7496 0.7781
131 0.0611 0.0533 0.8843 0.1157 0.8552 0.2871 0.4163 0.8473 0.7052 0.8170
132 0.0560 0.0460 0.8924 0.1034 0.8661 0.2320 0.4311 0.8440 0.6648 0.8174
133 0.0439 0.0404 0.9013 0.0859 0.8757 0.2525 0.4071 0.8533 0.6614 0.8302
134 0.0379 0.0355 0.9044 0.0750 0.8821 0.2901 0.4192 0.8455 0.7111 0.8232
135 0.0352 0.0325 0.9105 0.0693 0.8871 0.2789 0.4136 0.8499 0.6943 0.8265
136 0.0324 0.0308 0.9110 0.0648 0.8863 0.3109 0.4090 0.8450 0.7218 0.8196
137 0.0370 0.0336 0.9092 0.0722 0.8844 0.2406 0.4117 0.8500 0.6543 0.8232
138 0.0415 0.0387 0.8987 0.0818 0.8738 0.2946 0.3965 0.8419 0.6930 0.8173
139 0.0403 0.0349 0.9024 0.0767 0.8797 0.2961 0.3992 0.8471 0.6972 0.8227
140 0.0387 0.0349 0.8981 0.0751 0.8743 0.3136 0.4134 0.8284 0.7289 0.7961
141 0.0555 0.0472 0.8953 0.1042 0.8693 0.2863 0.4039 0.8343 0.6921 0.8063
142 0.0450 0.0405 0.9002 0.0870 0.8750 0.2586 0.4122 0.8359 0.6726 0.8054
143 0.0399 0.0361 0.9045 0.0776 0.8802 0.2636 0.3978 0.8485 0.6634 0.8213
144 0.0331 0.0316 0.9137 0.0663 0.8915 0.2549 0.3970 0.8490 0.6538 0.8234
145 0.0314 0.0291 0.9131 0.0621 0.8921 0.2565 0.3933 0.8529 0.6517 0.8244
146 0.0322 0.0295 0.9124 0.0634 0.8894 0.2596 0.4051 0.8563 0.6667 0.8313
147 0.0322 0.0298 0.9096 0.0637 0.8876 0.2968 0.4214 0.8437 0.7201 0.8165
148 0.0408 0.0369 0.9041 0.0793 0.8806 0.2903 0.4240 0.8464 0.7164 0.8191
149 0.0473 0.0413 0.8994 0.0902 0.8742 0.3189 0.4078 0.8494 0.7287 0.8186
