epoch train_BCELoss train_SoftDiceLoss train_iou train_loss train_mAP val_BCELoss val_SoftDiceLoss val_iou val_loss val_mAP
0 0.7055 0.6659 0.1380 1.3705 0.1284 0.6934 0.7229 0.3550 1.4161 0.3549
1 0.4174 0.4525 0.6081 0.8668 0.5477 0.3332 0.5802 0.6933 0.9123 0.6277
2 0.2761 0.3243 0.6913 0.5995 0.6313 0.3106 0.5802 0.6772 0.8907 0.6058
3 0.2366 0.2648 0.7136 0.5011 0.6578 0.3840 0.5688 0.5933 0.9530 0.5176
4 0.2264 0.2382 0.6994 0.4646 0.6464 0.3528 0.5424 0.6648 0.8955 0.6027
5 0.2279 0.2122 0.7143 0.4403 0.6638 0.9317 0.6029 0.3788 1.5348 0.2958
6 0.2497 0.2338 0.6853 0.4837 0.6305 0.5954 0.6260 0.6063 1.2219 0.5667
7 0.2113 0.1988 0.7149 0.4104 0.6669 0.3158 0.5356 0.7175 0.8519 0.6748
8 0.1705 0.1637 0.7594 0.3347 0.7176 0.2500 0.5237 0.7377 0.7743 0.6946
9 0.1545 0.1511 0.7744 0.3062 0.7338 0.2217 0.5065 0.7611 0.7288 0.7190
10 0.1466 0.1440 0.7802 0.2913 0.7413 0.2194 0.4996 0.7630 0.7197 0.7204
11 0.1449 0.1416 0.7816 0.2872 0.7444 0.2381 0.5040 0.7596 0.7427 0.7228
12 0.1458 0.1380 0.7812 0.2845 0.7442 0.2642 0.5034 0.7531 0.7682 0.7102
13 0.1535 0.1451 0.7707 0.2994 0.7304 0.7913 0.5764 0.5250 1.3674 0.4584
14 0.1612 0.1451 0.7650 0.3071 0.7227 0.3081 0.5114 0.6647 0.8201 0.6192
15 0.1729 0.1577 0.7552 0.3312 0.7117 0.8101 0.6548 0.5526 1.4654 0.4949
16 0.1515 0.1428 0.7747 0.2951 0.7332 0.2757 0.5070 0.7448 0.7836 0.7027
17 0.1357 0.1281 0.7910 0.2647 0.7526 0.2383 0.4960 0.7622 0.7352 0.7208
18 0.1191 0.1133 0.8041 0.2334 0.7674 0.2280 0.4847 0.7841 0.7137 0.7423
19 0.1113 0.1014 0.8176 0.2137 0.7806 0.2471 0.4991 0.7689 0.7471 0.7299
20 0.0970 0.0936 0.8260 0.1915 0.7921 0.1992 0.4741 0.8031 0.6743 0.7713
21 0.0925 0.0878 0.8300 0.1813 0.7944 0.1960 0.4732 0.8153 0.6702 0.7802
22 0.1041 0.0944 0.8219 0.1994 0.7880 0.2342 0.5032 0.7720 0.7383 0.7288
23 0.1088 0.0996 0.8166 0.2093 0.7805 0.2392 0.5064 0.7744 0.7464 0.7391
24 0.1244 0.1126 0.8027 0.2380 0.7655 0.3093 0.4917 0.7403 0.8019 0.6981
25 0.1459 0.1306 0.7820 0.2775 0.7416 0.6771 0.5942 0.6042 1.2721 0.5511
26 0.1346 0.1187 0.7905 0.2542 0.7516 0.5039 0.5410 0.6948 1.0459 0.6493
27 0.1223 0.1169 0.8085 0.2402 0.7730 0.3598 0.5374 0.7033 0.8982 0.6642
28 0.1026 0.1009 0.8182 0.2046 0.7841 0.2528 0.4869 0.7749 0.7407 0.7362
29 0.0829 0.0817 0.8357 0.1657 0.8016 0.2277 0.4698 0.8036 0.6986 0.7653
30 0.0766 0.0733 0.8482 0.1510 0.8150 0.2229 0.4718 0.8033 0.6958 0.7661
31 0.0736 0.0723 0.8467 0.1470 0.8142 0.2136 0.4655 0.8150 0.6802 0.7831
32 0.0757 0.0716 0.8505 0.1484 0.8179 0.2862 0.4842 0.7881 0.7716 0.7510
33 0.0809 0.0712 0.8467 0.1532 0.8144 0.2378 0.4745 0.8012 0.7135 0.7670
34 0.1000 0.0908 0.8201 0.1918 0.7842 0.2815 0.5275 0.7528 0.8098 0.7147
35 0.1391 0.1222 0.7935 0.2623 0.7555 0.2339 0.5144 0.7600 0.7491 0.7215
36 0.1133 0.0999 0.8057 0.2143 0.7696 0.2673 0.4738 0.7758 0.7422 0.7339
37 0.0904 0.0848 0.8282 0.1762 0.7938 0.2176 0.4800 0.8080 0.6987 0.7695
38 0.0723 0.0711 0.8427 0.1446 0.8104 0.1988 0.4564 0.8200 0.6564 0.7843
39 0.0633 0.0608 0.8560 0.1252 0.8256 0.2017 0.4616 0.8204 0.6645 0.7906
40 0.0687 0.0645 0.8523 0.1344 0.8200 0.2004 0.4620 0.8211 0.6636 0.7913
41 0.0617 0.0581 0.8559 0.1210 0.8258 0.1975 0.4604 0.8261 0.6591 0.7933
42 0.0595 0.0573 0.8592 0.1179 0.8282 0.2232 0.4601 0.8130 0.6845 0.7794
43 0.0609 0.0548 0.8590 0.1168 0.8291 0.2364 0.4559 0.8181 0.6936 0.7858
44 0.0617 0.0546 0.8587 0.1175 0.8291 0.2534 0.4605 0.8167 0.7152 0.7837
45 0.0665 0.0587 0.8562 0.1264 0.8251 0.2226 0.4706 0.8156 0.6944 0.7823
46 0.0660 0.0603 0.8573 0.1275 0.8257 0.2425 0.4655 0.7957 0.7093 0.7628
47 0.0634 0.0602 0.8554 0.1248 0.8247 0.2529 0.4625 0.8087 0.7166 0.7742
48 0.0553 0.0516 0.8651 0.1081 0.8359 0.2553 0.4670 0.8161 0.7237 0.7835
49 0.0536 0.0493 0.8729 0.1042 0.8432 0.2247 0.4559 0.8243 0.6819 0.7931
50 0.0503 0.0463 0.8741 0.0979 0.8457 0.2414 0.4583 0.8211 0.7011 0.7913
51 0.0490 0.0456 0.8755 0.0958 0.8469 0.2278 0.4567 0.8212 0.6858 0.7912
52 0.0489 0.0448 0.8762 0.0950 0.8481 0.2717 0.4608 0.8130 0.7340 0.7826
53 0.0535 0.0474 0.8684 0.1023 0.8402 0.3092 0.4616 0.7971 0.7723 0.7660
54 0.0514 0.0449 0.8745 0.0976 0.8453 0.3142 0.4639 0.8004 0.7794 0.7674
55 0.0503 0.0454 0.8742 0.0971 0.8453 0.2608 0.4594 0.8106 0.7216 0.7780
56 0.0487 0.0441 0.8750 0.0940 0.8465 0.2533 0.4564 0.8156 0.7111 0.7805
57 0.0470 0.0437 0.8814 0.0920 0.8527 0.2727 0.4571 0.8066 0.7312 0.7720
58 0.0437 0.0403 0.8832 0.0853 0.8546 0.2739 0.4553 0.8106 0.7306 0.7783
59 0.0435 0.0393 0.8864 0.0842 0.8611 0.2811 0.4573 0.8114 0.7399 0.7800
60 0.0414 0.0381 0.8867 0.0808 0.8609 0.2620 0.4525 0.8122 0.7159 0.7781
61 0.0418 0.0379 0.8863 0.0811 0.8607 0.2819 0.4569 0.8099 0.7403 0.7772
62 0.0419 0.0377 0.8839 0.0810 0.8576 0.2911 0.4606 0.8107 0.7531 0.7796
63 0.0431 0.0381 0.8856 0.0827 0.8598 0.2766 0.4552 0.8173 0.7333 0.7826
64 0.0418 0.0376 0.8876 0.0808 0.8611 0.2543 0.4539 0.8119 0.7096 0.7810
65 0.0418 0.0382 0.8834 0.0814 0.8569 0.2751 0.4573 0.8174 0.7338 0.7868
66 0.0401 0.0362 0.8884 0.0778 0.8623 0.2627 0.4551 0.8139 0.7192 0.7828
67 0.0396 0.0361 0.8902 0.0770 0.8642 0.3214 0.4579 0.8119 0.7809 0.7744
68 0.0400 0.0369 0.8900 0.0783 0.8645 0.3194 0.4543 0.8104 0.7752 0.7768
69 0.0384 0.0353 0.8917 0.0751 0.8661 0.3051 0.4521 0.8132 0.7587 0.7789
70 0.0370 0.0341 0.8923 0.0726 0.8682 0.3065 0.4508 0.8142 0.7588 0.7802
71 0.0375 0.0338 0.8933 0.0728 0.8681 0.3129 0.4538 0.8134 0.7682 0.7790
72 0.0373 0.0337 0.8948 0.0725 0.8713 0.3226 0.4555 0.8137 0.7796 0.7790
73 0.0377 0.0341 0.8909 0.0733 0.8666 0.2809 0.4499 0.8144 0.7324 0.7777
74 0.0391 0.0338 0.8920 0.0744 0.8672 0.2873 0.4565 0.8209 0.7453 0.7874
75 0.0377 0.0338 0.8937 0.0730 0.8686 0.2905 0.4529 0.8057 0.7449 0.7693
76 0.0366 0.0331 0.8932 0.0712 0.8683 0.2874 0.4550 0.8176 0.7439 0.7804
77 0.0360 0.0327 0.8938 0.0701 0.8698 0.3051 0.4547 0.8129 0.7613 0.7740
78 0.0345 0.0330 0.8970 0.0690 0.8722 0.2976 0.4531 0.8132 0.7522 0.7783
79 0.0341 0.0312 0.8993 0.0668 0.8757 0.2891 0.4523 0.8140 0.7429 0.7799
80 0.0342 0.0311 0.8990 0.0668 0.8756 0.2857 0.4505 0.8154 0.7377 0.7810
81 0.0349 0.0315 0.8998 0.0679 0.8769 0.2939 0.4527 0.8152 0.7481 0.7787
82 0.0340 0.0315 0.8952 0.0671 0.8726 0.2906 0.4520 0.8149 0.7442 0.7815
83 0.0348 0.0314 0.8992 0.0677 0.8754 0.2797 0.4493 0.8160 0.7306 0.7801
84 0.0349 0.0313 0.8986 0.0677 0.8751 0.2818 0.4518 0.8129 0.7352 0.7796
85 0.0335 0.0299 0.9008 0.0650 0.8776 0.2908 0.4515 0.8150 0.7438 0.7799
86 0.0335 0.0296 0.8980 0.0646 0.8750 0.2823 0.4480 0.8150 0.7319 0.7783
87 0.0327 0.0295 0.9011 0.0638 0.8773 0.2963 0.4522 0.8165 0.7501 0.7805
88 0.0337 0.0303 0.8992 0.0655 0.8749 0.3141 0.4551 0.8136 0.7708 0.7777
89 0.0324 0.0295 0.9019 0.0634 0.8796 0.2938 0.4510 0.8153 0.7464 0.7804
90 0.0319 0.0293 0.8991 0.0627 0.8778 0.2977 0.4509 0.8157 0.7502 0.7811
91 0.0331 0.0297 0.9029 0.0644 0.8817 0.2846 0.4490 0.8144 0.7353 0.7780
92 0.0325 0.0294 0.9003 0.0635 0.8773 0.2788 0.4477 0.8177 0.7281 0.7811
93 0.0325 0.0291 0.9026 0.0632 0.8792 0.2912 0.4500 0.8144 0.7428 0.7767
94 0.0327 0.0297 0.9009 0.0640 0.8788 0.2991 0.4495 0.8179 0.7502 0.7792
95 0.0325 0.0288 0.9019 0.0629 0.8777 0.2848 0.4475 0.8188 0.7339 0.7856
96 0.0314 0.0283 0.9045 0.0613 0.8816 0.3038 0.4497 0.8203 0.7552 0.7839
97 0.0311 0.0285 0.9024 0.0612 0.8807 0.2962 0.4483 0.8183 0.7461 0.7836
98 0.0310 0.0280 0.9048 0.0606 0.8826 0.3054 0.4489 0.8189 0.7560 0.7821
99 0.0309 0.0279 0.9014 0.0604 0.8802 0.3061 0.4484 0.8211 0.7560 0.7857
