epoch train_BCELoss train_SoftDiceLoss train_iou train_loss train_mAP val_BCELoss val_SoftDiceLoss val_iou val_loss val_mAP
0 0.5365 0.5341 0.4956 1.0690 0.4152 0.3959 0.4388 0.6663 0.8340 0.5973
1 0.3702 0.4157 0.6390 0.7855 0.5665 0.4341 0.3557 0.6537 0.7889 0.5665
2 0.3205 0.3785 0.6679 0.6988 0.6024 0.3653 0.3318 0.6459 0.6968 0.5799
3 0.2921 0.3517 0.6932 0.6436 0.6287 0.3029 0.3192 0.6802 0.6219 0.6122
4 0.2601 0.3226 0.7133 0.5826 0.6523 0.2627 0.2811 0.7196 0.5437 0.6665
5 0.2426 0.3016 0.7151 0.5441 0.6549 0.2731 0.2775 0.7063 0.5505 0.6446
6 0.2285 0.2863 0.7313 0.5148 0.6744 0.2737 0.2626 0.7088 0.5362 0.6490
7 0.2078 0.2685 0.7364 0.4763 0.6783 0.2255 0.2528 0.7550 0.4783 0.6990
8 0.1950 0.2532 0.7533 0.4482 0.6960 0.2153 0.2426 0.7743 0.4581 0.7250
9 0.1781 0.2329 0.7672 0.4111 0.7140 0.2149 0.2300 0.7694 0.4451 0.7221
10 0.1630 0.2151 0.7788 0.3782 0.7296 0.2106 0.2226 0.7698 0.4334 0.7246
11 0.1601 0.2098 0.7835 0.3700 0.7340 0.2146 0.2067 0.7661 0.4216 0.7196
12 0.1468 0.1908 0.7902 0.3378 0.7412 0.2220 0.2127 0.7496 0.4349 0.6925
13 0.1448 0.1850 0.7903 0.3300 0.7442 0.1999 0.1980 0.7850 0.3982 0.7310
14 0.1392 0.1768 0.7847 0.3163 0.7384 0.2194 0.1895 0.7681 0.4092 0.7232
15 0.1228 0.1620 0.8026 0.2851 0.7591 0.2001 0.1818 0.7877 0.3823 0.7440
16 0.1106 0.1519 0.8193 0.2629 0.7764 0.1968 0.1814 0.7899 0.3786 0.7477
17 0.1109 0.1513 0.8247 0.2626 0.7814 0.1985 0.1797 0.7891 0.3786 0.7450
18 0.1054 0.1452 0.8270 0.2510 0.7857 0.1987 0.1803 0.7882 0.3794 0.7469
19 0.1070 0.1448 0.8322 0.2522 0.7915 0.1975 0.1805 0.7889 0.3784 0.7469
20 0.1046 0.1444 0.8306 0.2494 0.7901 0.1989 0.1803 0.7887 0.3797 0.7468
21 0.1056 0.1459 0.8306 0.2520 0.7883 0.1959 0.1789 0.7876 0.3753 0.7459
22 0.1044 0.1430 0.8338 0.2478 0.7923 0.1996 0.1794 0.7868 0.3793 0.7456
23 0.1060 0.1460 0.8283 0.2524 0.7862 0.2077 0.1811 0.7834 0.3892 0.7405
24 0.1063 0.1461 0.8274 0.2528 0.7840 0.2024 0.1811 0.7838 0.3839 0.7410
25 0.1217 0.1551 0.8148 0.2772 0.7712 0.1985 0.1787 0.7724 0.3777 0.7241
26 0.1157 0.1475 0.8043 0.2636 0.7598 0.2209 0.1755 0.7816 0.3968 0.7353
27 0.1080 0.1367 0.8152 0.2452 0.7719 0.1973 0.1615 0.7783 0.3594 0.7338
28 0.1080 0.1316 0.8168 0.2402 0.7752 0.1935 0.1648 0.7816 0.3590 0.7407
29 0.1056 0.1306 0.8176 0.2368 0.7753 0.1991 0.1555 0.7971 0.3550 0.7488
30 0.0945 0.1159 0.8357 0.2111 0.7958 0.1784 0.1457 0.8052 0.3248 0.7651
31 0.0867 0.1094 0.8433 0.1968 0.8049 0.1775 0.1469 0.8020 0.3251 0.7610
32 0.0899 0.1117 0.8393 0.2023 0.8003 0.1754 0.1429 0.8022 0.3190 0.7604
33 0.0866 0.1096 0.8458 0.1969 0.8079 0.1761 0.1469 0.7989 0.3237 0.7566
34 0.0795 0.1039 0.8528 0.1841 0.8153 0.1749 0.1417 0.8003 0.3174 0.7590
35 0.0816 0.1043 0.8511 0.1867 0.8125 0.1806 0.1435 0.7942 0.3248 0.7537
36 0.0802 0.1028 0.8525 0.1838 0.8148 0.1784 0.1414 0.8016 0.3205 0.7606
37 0.0790 0.1024 0.8545 0.1821 0.8182 0.1792 0.1434 0.7981 0.3233 0.7581
38 0.0801 0.1038 0.8525 0.1846 0.8166 0.1786 0.1440 0.7983 0.3233 0.7579
39 0.0775 0.1010 0.8491 0.1792 0.8126 0.1701 0.1398 0.8021 0.3106 0.7608
40 0.0893 0.1077 0.8396 0.1977 0.8021 0.1855 0.1422 0.7961 0.3284 0.7560
41 0.0940 0.1122 0.8236 0.2068 0.7830 0.1782 0.1425 0.7975 0.3215 0.7594
42 0.0945 0.1077 0.8206 0.2030 0.7800 0.1986 0.1529 0.7838 0.3522 0.7382
43 0.0848 0.0992 0.8351 0.1848 0.7963 0.2098 0.1456 0.7935 0.3563 0.7536
44 0.0860 0.0981 0.8332 0.1850 0.7959 0.2094 0.1475 0.7867 0.3577 0.7474
45 0.0745 0.0891 0.8503 0.1645 0.8146 0.1846 0.1350 0.8071 0.3206 0.7680
46 0.0726 0.0861 0.8546 0.1596 0.8184 0.1834 0.1318 0.8096 0.3162 0.7725
47 0.0658 0.0802 0.8604 0.1470 0.8276 0.1841 0.1337 0.8059 0.3187 0.7656
48 0.0651 0.0793 0.8581 0.1453 0.8252 0.1819 0.1300 0.8105 0.3128 0.7735
49 0.0635 0.0765 0.8600 0.1410 0.8275 0.1904 0.1329 0.8027 0.3242 0.7631
50 0.0642 0.0763 0.8608 0.1415 0.8273 0.1988 0.1346 0.8014 0.3343 0.7621
51 0.0636 0.0758 0.8648 0.1404 0.8322 0.1947 0.1342 0.8073 0.3298 0.7676
52 0.0628 0.0760 0.8679 0.1398 0.8353 0.1898 0.1330 0.8068 0.3238 0.7679
53 0.0647 0.0788 0.8633 0.1445 0.8290 0.1867 0.1322 0.8082 0.3199 0.7695
54 0.0631 0.0764 0.8644 0.1405 0.8311 0.1950 0.1331 0.8063 0.3291 0.7655
55 0.0615 0.0741 0.8690 0.1367 0.8370 0.1927 0.1340 0.8027 0.3276 0.7629
56 0.0625 0.0764 0.8630 0.1400 0.8307 0.1866 0.1317 0.8040 0.3192 0.7642
57 0.0630 0.0764 0.8645 0.1403 0.8315 0.1920 0.1333 0.8060 0.3263 0.7673
58 0.0635 0.0757 0.8641 0.1402 0.8316 0.1897 0.1313 0.8093 0.3219 0.7691
59 0.0614 0.0760 0.8672 0.1384 0.8336 0.1861 0.1314 0.8047 0.3184 0.7642
