epoch train_BCELoss train_SoftDiceLoss train_iou train_loss train_mAP val_BCELoss val_SoftDiceLoss val_iou val_loss val_mAP
0 0.7216 0.6632 0.0626 1.6296 0.0569 0.7103 0.7156 0.3527 1.4257 0.3527
1 0.6331 0.6158 0.4290 1.3668 0.3856 0.5254 0.6664 0.5690 1.1900 0.5134
2 0.4407 0.4715 0.6269 0.9804 0.5582 0.3812 0.6019 0.6591 0.9809 0.5898
3 0.3371 0.3863 0.7078 0.7694 0.6451 0.3371 0.5917 0.6979 0.9273 0.6363
4 0.2895 0.3455 0.7414 0.6817 0.6868 0.3325 0.5658 0.7336 0.8973 0.6693
5 0.2498 0.3075 0.7687 0.5983 0.7184 0.2902 0.5688 0.7392 0.8582 0.6854
6 0.2308 0.2876 0.7803 0.5560 0.7292 0.2652 0.5539 0.7442 0.8183 0.6936
7 0.1972 0.2577 0.8071 0.4807 0.7603 0.2393 0.5435 0.7707 0.7821 0.7228
8 0.1850 0.2463 0.8113 0.4536 0.7686 0.2474 0.5469 0.7731 0.7936 0.7336
9 0.1712 0.2336 0.8252 0.4195 0.7847 0.2423 0.5397 0.7714 0.7813 0.7276
10 0.1654 0.2259 0.8315 0.4031 0.7943 0.2407 0.5392 0.7714 0.7793 0.7267
11 0.1614 0.2259 0.8340 0.3991 0.7943 0.2354 0.5397 0.7686 0.7743 0.7185
12 0.1544 0.2155 0.8428 0.3807 0.8038 0.2277 0.5369 0.7832 0.7639 0.7388
13 0.1514 0.2108 0.8326 0.3750 0.7954 0.2415 0.5318 0.7746 0.7727 0.7254
14 0.1435 0.2005 0.8326 0.3592 0.7926 0.2286 0.5299 0.7847 0.7579 0.7404
15 0.1499 0.1965 0.8214 0.3730 0.7806 0.2483 0.5355 0.7546 0.7833 0.7097
16 0.1431 0.1873 0.8198 0.3588 0.7793 0.2281 0.5242 0.7795 0.7519 0.7329
17 0.1301 0.1741 0.8259 0.3281 0.7872 0.2327 0.5207 0.7838 0.7531 0.7308
18 0.1146 0.1625 0.8417 0.2931 0.8050 0.2008 0.5141 0.7995 0.7144 0.7558
19 0.1025 0.1516 0.8625 0.2643 0.8282 0.1961 0.5093 0.8005 0.7049 0.7585
20 0.0986 0.1445 0.8717 0.2499 0.8418 0.1964 0.5079 0.8034 0.7038 0.7610
21 0.0966 0.1413 0.8697 0.2437 0.8385 0.1986 0.5090 0.8048 0.7070 0.7588
22 0.0917 0.1367 0.8766 0.2339 0.8468 0.1986 0.5070 0.8026 0.7051 0.7598
23 0.0923 0.1335 0.8724 0.2328 0.8405 0.2155 0.5065 0.7913 0.7215 0.7442
24 0.0908 0.1286 0.8634 0.2300 0.8317 0.2376 0.5034 0.7878 0.7406 0.7391
25 0.1096 0.1396 0.8434 0.2753 0.8064 0.3265 0.5294 0.6931 0.8558 0.6416
26 0.1352 0.1532 0.8115 0.3308 0.7713 0.2821 0.5339 0.7516 0.8161 0.7078
27 0.0953 0.1251 0.8439 0.2370 0.8095 0.1983 0.4998 0.8037 0.6979 0.7571
28 0.0815 0.1125 0.8651 0.2033 0.8328 0.1954 0.4954 0.8089 0.6905 0.7703
29 0.0733 0.1030 0.8737 0.1824 0.8449 0.1948 0.4940 0.8047 0.6885 0.7634
30 0.0705 0.1000 0.8765 0.1745 0.8507 0.1909 0.4930 0.8020 0.6835 0.7592
31 0.0686 0.0978 0.8783 0.1697 0.8511 0.1972 0.4936 0.8067 0.6905 0.7633
32 0.0663 0.0948 0.8814 0.1643 0.8545 0.1982 0.4901 0.8057 0.6880 0.7613
33 0.0649 0.0923 0.8834 0.1608 0.8572 0.2044 0.4901 0.7948 0.6942 0.7542
34 0.0636 0.0888 0.8787 0.1567 0.8496 0.2109 0.4874 0.8185 0.6982 0.7753
35 0.0714 0.0917 0.8741 0.1718 0.8434 0.2251 0.4907 0.7878 0.7158 0.7516
36 0.0623 0.0828 0.8777 0.1520 0.8489 0.2078 0.4789 0.8055 0.6865 0.7669
37 0.0618 0.0802 0.8811 0.1474 0.8524 0.2280 0.4877 0.7950 0.7156 0.7541
38 0.0591 0.0783 0.8778 0.1425 0.8499 0.2207 0.4849 0.8059 0.7054 0.7688
39 0.0543 0.0730 0.8950 0.1299 0.8714 0.2090 0.4821 0.8089 0.6908 0.7702
40 0.0494 0.0700 0.8949 0.1201 0.8709 0.2033 0.4806 0.8103 0.6834 0.7709
41 0.0496 0.0674 0.9008 0.1177 0.8779 0.2165 0.4788 0.8056 0.6951 0.7652
42 0.0469 0.0661 0.9003 0.1134 0.8778 0.2205 0.4771 0.8099 0.6979 0.7712
43 0.0460 0.0634 0.8995 0.1092 0.8759 0.2216 0.4738 0.8120 0.6955 0.7740
44 0.0459 0.0630 0.9042 0.1093 0.8797 0.2239 0.4761 0.8058 0.7001 0.7655
45 0.0467 0.0610 0.8960 0.1083 0.8709 0.2005 0.4734 0.8150 0.6739 0.7739
46 0.0448 0.0582 0.8954 0.1032 0.8708 0.2102 0.4716 0.8122 0.6821 0.7723
47 0.0421 0.0556 0.9031 0.0972 0.8786 0.2161 0.4665 0.8104 0.6825 0.7699
48 0.0389 0.0528 0.9091 0.0909 0.8877 0.2314 0.4652 0.8121 0.6966 0.7732
49 0.0367 0.0505 0.9134 0.0860 0.8935 0.2181 0.4690 0.8220 0.6874 0.7834
50 0.0356 0.0496 0.9159 0.0836 0.8983 0.2223 0.4680 0.8217 0.6907 0.7836
51 0.0362 0.0493 0.9148 0.0839 0.8949 0.2174 0.4678 0.8193 0.6855 0.7768
52 0.0354 0.0484 0.9157 0.0823 0.8965 0.2201 0.4667 0.8159 0.6872 0.7753
53 0.0348 0.0467 0.9130 0.0802 0.8933 0.2311 0.4686 0.8184 0.7004 0.7771
54 0.0380 0.0496 0.9098 0.0873 0.8876 0.2847 0.4741 0.7973 0.7601 0.7579
55 0.0958 0.0893 0.8320 0.2111 0.7921 0.3676 0.5059 0.7059 0.8766 0.6513
56 0.0905 0.0871 0.8343 0.2055 0.7992 0.3169 0.5007 0.7608 0.8196 0.7113
57 0.0682 0.0730 0.8640 0.1573 0.8334 0.2314 0.4678 0.7993 0.6999 0.7663
58 0.0466 0.0547 0.8823 0.1062 0.8573 0.2389 0.4729 0.8085 0.7134 0.7724
59 0.0420 0.0501 0.8946 0.0955 0.8693 0.2183 0.4606 0.8161 0.6797 0.7823
60 0.0422 0.0495 0.8969 0.0948 0.8742 0.2297 0.4619 0.8139 0.6926 0.7791
61 0.0412 0.0507 0.8945 0.0953 0.8697 0.2353 0.4624 0.8138 0.6991 0.7816
62 0.0417 0.0499 0.8993 0.0951 0.8751 0.2176 0.4555 0.8171 0.6736 0.7844
63 0.0386 0.0452 0.9025 0.0862 0.8803 0.2411 0.4570 0.8192 0.6996 0.7847
64 0.0363 0.0438 0.8997 0.0813 0.8759 0.2511 0.4519 0.8112 0.7051 0.7744
65 0.0378 0.0428 0.9015 0.0825 0.8784 0.2432 0.4477 0.8248 0.6920 0.7924
66 0.0363 0.0422 0.9032 0.0811 0.8782 0.2390 0.4511 0.8268 0.6921 0.7958
67 0.0338 0.0399 0.9112 0.0748 0.8888 0.2384 0.4516 0.8273 0.6919 0.7964
68 0.0306 0.0370 0.9159 0.0682 0.8955 0.2530 0.4499 0.8223 0.7054 0.7871
69 0.0280 0.0347 0.9195 0.0630 0.9017 0.2459 0.4484 0.8242 0.6964 0.7912
70 0.0275 0.0341 0.9227 0.0616 0.9045 0.2543 0.4486 0.8293 0.7055 0.7959
71 0.0270 0.0332 0.9226 0.0603 0.9042 0.2450 0.4458 0.8287 0.6930 0.7961
72 0.0272 0.0336 0.9193 0.0611 0.9018 0.2515 0.4442 0.8241 0.6980 0.7891
73 0.0273 0.0329 0.9220 0.0609 0.9035 0.2511 0.4474 0.8265 0.7011 0.7934
74 0.0274 0.0326 0.9175 0.0608 0.8985 0.2584 0.4458 0.8240 0.7070 0.7904
75 0.0285 0.0331 0.9171 0.0624 0.8974 0.2454 0.4470 0.8157 0.6948 0.7761
76 0.0320 0.0357 0.9135 0.0707 0.8928 0.2586 0.4571 0.8122 0.7189 0.7775
77 0.0283 0.0325 0.9144 0.0626 0.8941 0.2746 0.4368 0.8223 0.7147 0.7882
78 0.0277 0.0315 0.9188 0.0609 0.9016 0.2694 0.4425 0.8213 0.7149 0.7872
79 0.0242 0.0291 0.9251 0.0545 0.9081 0.2676 0.4386 0.8218 0.7093 0.7896
80 0.0232 0.0278 0.9276 0.0518 0.9109 0.2714 0.4360 0.8203 0.7107 0.7874
81 0.0229 0.0275 0.9290 0.0511 0.9130 0.2728 0.4357 0.8238 0.7116 0.7910
82 0.0226 0.0272 0.9294 0.0508 0.9136 0.2748 0.4376 0.8278 0.7156 0.7959
83 0.0228 0.0269 0.9281 0.0507 0.9121 0.2732 0.4347 0.8171 0.7111 0.7836
84 0.0238 0.0274 0.9273 0.0524 0.9092 0.2749 0.4429 0.8272 0.7217 0.7973
85 0.0263 0.0289 0.9181 0.0565 0.8990 0.2961 0.4285 0.8150 0.7280 0.7809
86 0.0294 0.0302 0.9212 0.0623 0.9030 0.2653 0.4239 0.8266 0.6917 0.7964
87 0.0288 0.0303 0.9161 0.0636 0.8968 0.2593 0.4521 0.8152 0.7141 0.7748
88 0.0285 0.0312 0.9168 0.0635 0.8967 0.2459 0.4365 0.8273 0.6855 0.7868
89 0.0274 0.0296 0.9221 0.0610 0.9026 0.2883 0.4462 0.8217 0.7385 0.7866
90 0.0255 0.0276 0.9245 0.0562 0.9077 0.2461 0.4378 0.8224 0.6870 0.7836
91 0.0212 0.0248 0.9299 0.0479 0.9149 0.2532 0.4375 0.8284 0.6935 0.7901
92 0.0208 0.0237 0.9288 0.0461 0.9138 0.2653 0.4326 0.8308 0.7008 0.7926
93 0.0201 0.0231 0.9330 0.0449 0.9184 0.2719 0.4349 0.8255 0.7102 0.7898
94 0.0211 0.0244 0.9318 0.0475 0.9170 0.2761 0.4338 0.8218 0.7138 0.7860
95 0.0223 0.0242 0.9282 0.0488 0.9108 0.2733 0.4439 0.8248 0.7208 0.7897
96 0.0234 0.0251 0.9253 0.0510 0.9077 0.2648 0.4442 0.8332 0.7130 0.7943
97 0.0215 0.0237 0.9302 0.0473 0.9146 0.2647 0.4413 0.8345 0.7103 0.7990
98 0.0197 0.0224 0.9318 0.0441 0.9183 0.2670 0.4401 0.8320 0.7112 0.7963
99 0.0181 0.0206 0.9386 0.0406 0.9259 0.2664 0.4348 0.8366 0.7051 0.7997
