epoch train_BCELoss train_SoftDiceLoss train_iou train_loss train_mAP val_BCELoss val_SoftDiceLoss val_iou val_loss val_mAP
0 0.4454 0.4929 0.5013 0.9331 0.4444 0.3394 0.5816 0.6944 0.9171 0.6240
1 0.2804 0.3378 0.7309 0.6131 0.6749 0.2502 0.5644 0.7421 0.8120 0.6951
2 0.2452 0.2931 0.7543 0.5345 0.7023 0.3075 0.5761 0.7120 0.8819 0.6419
3 0.2153 0.2600 0.7824 0.4718 0.7328 0.2439 0.5408 0.7521 0.7829 0.7020
4 0.1949 0.2366 0.7852 0.4282 0.7404 0.1939 0.5186 0.8016 0.7108 0.7566
5 0.1798 0.2149 0.7963 0.3915 0.7534 0.2433 0.5259 0.7837 0.7679 0.7306
6 0.1739 0.2022 0.7958 0.3731 0.7552 0.2254 0.5216 0.7985 0.7459 0.7564
7 0.1763 0.1959 0.7927 0.3695 0.7496 0.1984 0.5018 0.7928 0.6988 0.7506
8 0.1617 0.1798 0.8028 0.3390 0.7629 0.1835 0.5087 0.7947 0.6912 0.7550
9 0.1496 0.1698 0.8107 0.3171 0.7702 0.2553 0.5251 0.7653 0.7798 0.7217
10 0.1470 0.1611 0.8122 0.3059 0.7747 0.1776 0.5009 0.7999 0.6775 0.7589
11 0.1378 0.1519 0.8227 0.2877 0.7845 0.1761 0.4888 0.8151 0.6641 0.7846
12 0.1468 0.1537 0.8148 0.2988 0.7757 0.1757 0.4955 0.8035 0.6705 0.7588
13 0.1347 0.1431 0.8234 0.2762 0.7867 0.1764 0.4807 0.8088 0.6564 0.7712
14 0.1285 0.1338 0.8339 0.2609 0.7964 0.1835 0.4782 0.8159 0.6614 0.7799
15 0.1222 0.1270 0.8324 0.2479 0.7957 0.1747 0.4762 0.8220 0.6505 0.7872
16 0.1214 0.1228 0.8374 0.2431 0.8004 0.1623 0.4637 0.8257 0.6257 0.7901
17 0.1211 0.1189 0.8392 0.2391 0.8032 0.1915 0.4718 0.8268 0.6632 0.7924
18 0.1171 0.1122 0.8393 0.2285 0.8056 0.1644 0.4585 0.8331 0.6229 0.7959
19 0.1159 0.1159 0.8382 0.2311 0.8028 0.2109 0.4657 0.8232 0.6765 0.7859
20 0.1077 0.1067 0.8446 0.2140 0.8116 0.2040 0.4723 0.8202 0.6765 0.7826
21 0.1099 0.1037 0.8470 0.2132 0.8120 0.1948 0.4777 0.8211 0.6731 0.7865
22 0.1195 0.1098 0.8447 0.2290 0.8103 0.1834 0.4743 0.8170 0.6583 0.7883
23 0.0999 0.0972 0.8496 0.1968 0.8161 0.1994 0.4713 0.8191 0.6710 0.7900
24 0.1047 0.0994 0.8513 0.2039 0.8169 0.1978 0.4549 0.8260 0.6533 0.7905
25 0.0942 0.0922 0.8623 0.1863 0.8290 0.1753 0.4492 0.8395 0.6248 0.8085
26 0.0838 0.0823 0.8654 0.1660 0.8339 0.1880 0.4472 0.8383 0.6355 0.8089
27 0.0801 0.0775 0.8778 0.1574 0.8456 0.1906 0.4454 0.8393 0.6362 0.8115
28 0.0809 0.0790 0.8690 0.1596 0.8381 0.1829 0.4464 0.8410 0.6296 0.8107
29 0.0774 0.0797 0.8676 0.1569 0.8338 0.1843 0.4505 0.8377 0.6351 0.8059
30 0.0745 0.0760 0.8724 0.1503 0.8405 0.2042 0.4484 0.8422 0.6531 0.8126
31 0.0711 0.0738 0.8737 0.1446 0.8409 0.1947 0.4484 0.8370 0.6436 0.8058
32 0.0906 0.0858 0.8545 0.1763 0.8210 0.2021 0.4477 0.8319 0.6502 0.7984
33 0.0996 0.0945 0.8524 0.1941 0.8189 0.2040 0.4451 0.8328 0.6502 0.7998
34 0.0801 0.0804 0.8703 0.1605 0.8393 0.1858 0.4447 0.8419 0.6310 0.8165
35 0.0763 0.0722 0.8728 0.1484 0.8424 0.1787 0.4410 0.8446 0.6202 0.8160
36 0.0717 0.0703 0.8773 0.1421 0.8463 0.1885 0.4400 0.8383 0.6290 0.8044
37 0.0789 0.0761 0.8668 0.1551 0.8346 0.2253 0.4509 0.8284 0.6769 0.7933
38 0.0929 0.0813 0.8637 0.1744 0.8302 0.2295 0.4687 0.8206 0.6992 0.7951
39 0.0904 0.0799 0.8630 0.1706 0.8323 0.2354 0.4789 0.7950 0.7153 0.7597
40 0.0766 0.0735 0.8743 0.1504 0.8439 0.2013 0.4457 0.8416 0.6479 0.8116
41 0.0693 0.0659 0.8762 0.1355 0.8448 0.2047 0.4414 0.8414 0.6470 0.8118
42 0.0782 0.0720 0.8772 0.1506 0.8461 0.2161 0.4515 0.8250 0.6685 0.7914
43 0.0726 0.0701 0.8741 0.1430 0.8444 0.2086 0.4534 0.8285 0.6630 0.8015
44 0.0896 0.0788 0.8630 0.1688 0.8304 0.1873 0.4611 0.8188 0.6490 0.7850
45 0.0799 0.0700 0.8689 0.1504 0.8378 0.2318 0.4674 0.8134 0.7007 0.7828
46 0.0683 0.0668 0.8720 0.1356 0.8417 0.2296 0.4434 0.8389 0.6741 0.8103
47 0.0663 0.0645 0.8832 0.1314 0.8535 0.2395 0.4425 0.8361 0.6833 0.8056
48 0.0646 0.0600 0.8830 0.1250 0.8542 0.2387 0.4360 0.8414 0.6760 0.8142
49 0.0638 0.0604 0.8748 0.1246 0.8438 0.1977 0.4345 0.8457 0.6334 0.8147
50 0.0719 0.0675 0.8699 0.1399 0.8383 0.2339 0.4532 0.8264 0.6882 0.7954
51 0.0716 0.0668 0.8745 0.1390 0.8417 0.2549 0.4365 0.8307 0.6930 0.8012
52 0.0669 0.0597 0.8794 0.1273 0.8502 0.2161 0.4330 0.8324 0.6504 0.8042
53 0.0614 0.0575 0.8823 0.1195 0.8505 0.2187 0.4365 0.8341 0.6563 0.8039
54 0.0563 0.0546 0.8898 0.1115 0.8601 0.1957 0.4292 0.8525 0.6259 0.8223
55 0.0646 0.0567 0.8817 0.1220 0.8508 0.2052 0.4441 0.8392 0.6506 0.8042
56 0.0781 0.0693 0.8724 0.1482 0.8408 0.2044 0.4627 0.8208 0.6682 0.7789
57 0.0643 0.0605 0.8746 0.1256 0.8430 0.2184 0.4356 0.8373 0.6553 0.8076
58 0.0574 0.0544 0.8861 0.1126 0.8565 0.1944 0.4292 0.8461 0.6247 0.8160
59 0.0521 0.0501 0.8910 0.1030 0.8627 0.1891 0.4262 0.8495 0.6165 0.8183
60 0.0530 0.0509 0.8874 0.1047 0.8580 0.2051 0.4254 0.8534 0.6317 0.8237
61 0.0702 0.0606 0.8783 0.1317 0.8479 0.1788 0.4324 0.8494 0.6125 0.8183
62 0.0824 0.0729 0.8682 0.1560 0.8346 0.2190 0.4570 0.8196 0.6771 0.7879
63 0.0659 0.0602 0.8775 0.1268 0.8477 0.1817 0.4434 0.8439 0.6264 0.8146
64 0.0589 0.0549 0.8856 0.1147 0.8550 0.1951 0.4501 0.8490 0.6466 0.8202
65 0.0522 0.0470 0.8898 0.1001 0.8622 0.1990 0.4413 0.8544 0.6419 0.8262
66 0.0535 0.0490 0.8835 0.1034 0.8524 0.1816 0.4437 0.8529 0.6267 0.8250
67 0.0580 0.0523 0.8831 0.1112 0.8564 0.2502 0.4295 0.8396 0.6812 0.8084
68 0.0679 0.0598 0.8755 0.1287 0.8440 0.2194 0.4389 0.8363 0.6600 0.8050
69 0.0757 0.0658 0.8728 0.1424 0.8418 0.2068 0.4342 0.8379 0.6427 0.8057
70 0.0563 0.0514 0.8842 0.1087 0.8561 0.2199 0.4267 0.8490 0.6482 0.8191
71 0.0476 0.0454 0.8971 0.0940 0.8692 0.2133 0.4247 0.8510 0.6395 0.8209
72 0.0510 0.0465 0.8903 0.0985 0.8612 0.2027 0.4232 0.8524 0.6273 0.8238
73 0.0502 0.0456 0.8955 0.0968 0.8678 0.2080 0.4402 0.8457 0.6498 0.8208
74 0.0668 0.0563 0.8796 0.1241 0.8478 0.2353 0.4453 0.8258 0.6822 0.7961
75 0.0587 0.0545 0.8803 0.1142 0.8509 0.1890 0.4339 0.8563 0.6245 0.8251
76 0.0557 0.0484 0.8869 0.1051 0.8581 0.2034 0.4261 0.8460 0.6310 0.8160
77 0.0508 0.0473 0.8907 0.0991 0.8619 0.1905 0.4274 0.8508 0.6194 0.8218
78 0.0505 0.0474 0.8936 0.0990 0.8667 0.1789 0.4277 0.8655 0.6081 0.8388
79 0.0462 0.0423 0.8929 0.0896 0.8644 0.2274 0.4235 0.8542 0.6526 0.8225
80 0.0627 0.0540 0.8807 0.1178 0.8520 0.2326 0.4409 0.8292 0.6749 0.7997
81 0.0550 0.0505 0.8905 0.1065 0.8614 0.2557 0.4489 0.8216 0.7063 0.7876
82 0.0462 0.0431 0.8884 0.0903 0.8603 0.2399 0.4273 0.8470 0.6689 0.8133
83 0.0452 0.0393 0.8998 0.0856 0.8724 0.2612 0.4171 0.8439 0.6801 0.8074
84 0.0451 0.0400 0.9004 0.0863 0.8732 0.2220 0.4251 0.8564 0.6488 0.8269
85 0.0491 0.0430 0.8968 0.0933 0.8679 0.1930 0.4303 0.8589 0.6249 0.8267
86 0.0687 0.0593 0.8768 0.1291 0.8438 0.3195 0.4921 0.7694 0.8131 0.7228
87 0.0752 0.0631 0.8691 0.1394 0.8376 0.2233 0.4325 0.8380 0.6576 0.8087
88 0.0507 0.0481 0.8886 0.1000 0.8614 0.1868 0.4292 0.8521 0.6176 0.8228
89 0.0431 0.0425 0.8985 0.0867 0.8720 0.1958 0.4261 0.8520 0.6236 0.8234
90 0.0440 0.0413 0.8981 0.0866 0.8707 0.1735 0.4259 0.8624 0.6008 0.8357
91 0.0447 0.0424 0.8931 0.0883 0.8659 0.2367 0.4557 0.8415 0.6942 0.8109
92 0.0791 0.0620 0.8746 0.1423 0.8421 0.2415 0.4343 0.8282 0.6773 0.7829
93 0.0585 0.0510 0.8855 0.1107 0.8579 0.2113 0.4207 0.8538 0.6337 0.8238
94 0.0534 0.0504 0.8926 0.1050 0.8638 0.1840 0.4175 0.8584 0.6031 0.8301
95 0.0417 0.0418 0.8942 0.0847 0.8684 0.1832 0.4170 0.8607 0.6019 0.8313
96 0.0434 0.0390 0.8937 0.0837 0.8649 0.2145 0.4208 0.8522 0.6371 0.8218
97 0.0488 0.0439 0.8903 0.0939 0.8613 0.2990 0.4331 0.8317 0.7340 0.7968
98 0.0661 0.0555 0.8795 0.1228 0.8473 0.2164 0.4413 0.8311 0.6593 0.7950
99 0.0668 0.0549 0.8837 0.1229 0.8547 0.2840 0.4306 0.8397 0.7166 0.8092
100 0.0495 0.0468 0.8916 0.0976 0.8649 0.2444 0.4171 0.8498 0.6634 0.8194
101 0.0448 0.0381 0.9023 0.0842 0.8760 0.2394 0.4175 0.8502 0.6588 0.8210
102 0.0442 0.0396 0.8970 0.0850 0.8699 0.2093 0.4204 0.8480 0.6314 0.8160
103 0.0539 0.0456 0.8925 0.1007 0.8643 0.2214 0.4257 0.8383 0.6488 0.8103
104 0.0766 0.0639 0.8717 0.1417 0.8425 0.2451 0.4364 0.8079 0.6831 0.7711
105 0.0625 0.0545 0.8784 0.1182 0.8483 0.2385 0.4051 0.8527 0.6453 0.8258
106 0.0456 0.0418 0.8943 0.0886 0.8674 0.2385 0.4290 0.8399 0.6692 0.8065
107 0.0432 0.0396 0.8942 0.0840 0.8665 0.2295 0.4222 0.8473 0.6534 0.8182
108 0.0408 0.0377 0.9009 0.0798 0.8747 0.2201 0.4188 0.8546 0.6405 0.8251
109 0.0433 0.0387 0.8939 0.0833 0.8671 0.2463 0.4010 0.8440 0.6489 0.8133
110 0.0621 0.0527 0.8836 0.1161 0.8556 0.2059 0.4371 0.8166 0.6444 0.7763
111 0.0637 0.0553 0.8876 0.1202 0.8570 0.2128 0.4283 0.8460 0.6428 0.8155
112 0.0444 0.0403 0.8970 0.0860 0.8694 0.2281 0.4206 0.8499 0.6505 0.8243
113 0.0507 0.0446 0.8973 0.0966 0.8725 0.2389 0.4196 0.8497 0.6603 0.8257
114 0.0440 0.0405 0.8982 0.0858 0.8726 0.1850 0.4183 0.8574 0.6049 0.8289
115 0.0467 0.0411 0.8978 0.0892 0.8698 0.2538 0.4202 0.8424 0.6759 0.8161
116 0.0515 0.0428 0.8927 0.0956 0.8659 0.2059 0.4371 0.8548 0.6445 0.8242
117 0.0603 0.0532 0.8818 0.1148 0.8506 0.2094 0.4197 0.8499 0.6309 0.8185
118 0.0433 0.0392 0.8998 0.0838 0.8747 0.2531 0.3951 0.8512 0.6501 0.8224
119 0.0437 0.0396 0.8984 0.0848 0.8716 0.2377 0.3941 0.8557 0.6335 0.8279
120 0.0408 0.0364 0.9015 0.0786 0.8773 0.2161 0.4093 0.8568 0.6272 0.8287
121 0.0409 0.0369 0.9008 0.0792 0.8751 0.1948 0.4197 0.8429 0.6162 0.8145
122 0.0525 0.0454 0.8957 0.0993 0.8679 0.2319 0.4096 0.8310 0.6433 0.7988
123 0.0469 0.0419 0.8947 0.0901 0.8683 0.2499 0.4139 0.8487 0.6656 0.8217
124 0.0385 0.0357 0.8962 0.0756 0.8706 0.2532 0.4193 0.8535 0.6745 0.8257
125 0.0389 0.0342 0.8973 0.0745 0.8737 0.2482 0.4214 0.8540 0.6716 0.8260
126 0.0338 0.0316 0.9033 0.0668 0.8781 0.2699 0.4087 0.8466 0.6806 0.8192
127 0.0373 0.0334 0.9021 0.0722 0.8750 0.2539 0.4149 0.8569 0.6708 0.8300
128 0.0503 0.0431 0.8967 0.0947 0.8689 0.2935 0.4458 0.8184 0.7410 0.7828
129 0.0465 0.0416 0.8980 0.0894 0.8706 0.2588 0.4250 0.8487 0.6858 0.8176
130 0.0435 0.0404 0.8956 0.0854 0.8712 0.2342 0.4185 0.8485 0.6547 0.8208
131 0.0351 0.0328 0.9090 0.0695 0.8835 0.2494 0.4172 0.8510 0.6687 0.8239
132 0.0370 0.0324 0.9015 0.0709 0.8775 0.2387 0.4167 0.8510 0.6573 0.8230
133 0.0405 0.0366 0.8966 0.0785 0.8705 0.2818 0.4281 0.8431 0.7118 0.8165
134 0.0579 0.0477 0.8830 0.1070 0.8536 0.2103 0.4170 0.8439 0.6288 0.8126
135 0.0523 0.0437 0.8920 0.0974 0.8640 0.2154 0.4414 0.8484 0.6586 0.8211
136 0.0419 0.0374 0.8989 0.0808 0.8720 0.2518 0.4216 0.8470 0.6753 0.8155
137 0.0361 0.0345 0.9038 0.0721 0.8810 0.2520 0.4242 0.8466 0.6782 0.8164
138 0.0372 0.0322 0.9077 0.0709 0.8825 0.2676 0.4117 0.8390 0.6812 0.8127
139 0.0404 0.0364 0.9037 0.0783 0.8780 0.3120 0.4178 0.8336 0.7317 0.8018
140 0.0519 0.0456 0.8895 0.0988 0.8634 0.2325 0.4197 0.8454 0.6541 0.8175
141 0.0433 0.0397 0.8989 0.0845 0.8721 0.3125 0.4110 0.8294 0.7252 0.8018
142 0.0377 0.0344 0.9049 0.0736 0.8794 0.2390 0.4005 0.8547 0.6413 0.8259
143 0.0343 0.0316 0.9096 0.0674 0.8834 0.2431 0.3988 0.8551 0.6437 0.8269
144 0.0347 0.0313 0.9043 0.0675 0.8796 0.2592 0.3915 0.8538 0.6526 0.8246
145 0.0330 0.0305 0.9096 0.0650 0.8839 0.2134 0.4335 0.8486 0.6486 0.8144
146 0.0516 0.0433 0.8960 0.0962 0.8684 0.3606 0.4449 0.8083 0.8073 0.7817
147 0.0426 0.0387 0.9025 0.0826 0.8757 0.2681 0.4017 0.8454 0.6716 0.8160
148 0.0387 0.0331 0.9115 0.0733 0.8878 0.2694 0.4138 0.8485 0.6850 0.8191
149 0.0367 0.0318 0.9064 0.0701 0.8822 0.2916 0.4002 0.8481 0.6937 0.8200
150 0.0352 0.0317 0.9094 0.0683 0.8848 0.2759 0.4216 0.8429 0.6995 0.8132
151 0.0346 0.0305 0.9044 0.0667 0.8800 0.2964 0.4174 0.8404 0.7158 0.8112
152 0.0434 0.0372 0.8968 0.0820 0.8690 0.4305 0.4376 0.8043 0.8703 0.7715
153 0.0428 0.0377 0.9028 0.0819 0.8769 0.2808 0.4294 0.8489 0.7121 0.8228
154 0.0335 0.0305 0.9101 0.0655 0.8853 0.3260 0.4037 0.8364 0.7317 0.8115
155 0.0304 0.0289 0.9100 0.0608 0.8853 0.3265 0.4020 0.8411 0.7305 0.8161
156 0.0349 0.0324 0.9071 0.0688 0.8836 0.2562 0.4152 0.8523 0.6733 0.8231
157 0.0388 0.0340 0.9024 0.0742 0.8767 0.2286 0.4290 0.8513 0.6594 0.8214
158 0.0499 0.0406 0.8957 0.0920 0.8682 0.2747 0.4650 0.7754 0.7384 0.7414
159 0.0437 0.0396 0.9013 0.0847 0.8754 0.2478 0.4166 0.8394 0.6664 0.8065
160 0.0374 0.0321 0.9096 0.0711 0.8870 0.2416 0.4211 0.8442 0.6646 0.8153
161 0.0329 0.0299 0.9161 0.0644 0.8934 0.2715 0.4197 0.8455 0.6932 0.8164
162 0.0329 0.0299 0.9113 0.0645 0.8860 0.2910 0.4071 0.8451 0.7002 0.8155
163 0.0457 0.0378 0.9022 0.0850 0.8779 0.2801 0.4153 0.8433 0.6973 0.8122
164 0.0414 0.0367 0.8984 0.0795 0.8733 0.2622 0.4482 0.8416 0.7121 0.8054
165 0.0488 0.0407 0.8993 0.0910 0.8731 0.2380 0.4428 0.8295 0.6826 0.7973
166 0.0359 0.0339 0.9067 0.0713 0.8812 0.2551 0.4293 0.8430 0.6864 0.8138
167 0.0314 0.0302 0.9088 0.0632 0.8832 0.2501 0.4295 0.8410 0.6815 0.8125
168 0.0307 0.0289 0.9124 0.0611 0.8889 0.2794 0.4317 0.8397 0.7132 0.8123
169 0.0389 0.0335 0.9068 0.0740 0.8828 0.2518 0.3965 0.8445 0.6502 0.8191
170 0.0402 0.0361 0.9006 0.0778 0.8748 0.4181 0.4289 0.7948 0.8492 0.7614
171 0.0480 0.0398 0.9012 0.0892 0.8741 0.2874 0.4134 0.8403 0.7027 0.8125
172 0.0353 0.0324 0.9086 0.0693 0.8829 0.2592 0.4209 0.8481 0.6821 0.8199
173 0.0341 0.0305 0.9098 0.0661 0.8886 0.2711 0.4196 0.8478 0.6927 0.8185
174 0.0332 0.0298 0.9159 0.0646 0.8937 0.2886 0.4249 0.8437 0.7155 0.8164
175 0.0345 0.0324 0.9102 0.0684 0.8832 0.2793 0.4064 0.8474 0.6877 0.8203
176 0.0336 0.0288 0.9085 0.0639 0.8849 0.2546 0.4281 0.8465 0.6847 0.8176
177 0.0410 0.0358 0.9051 0.0783 0.8791 0.2451 0.4316 0.8438 0.6785 0.8190
178 0.0311 0.0289 0.9128 0.0615 0.8878 0.2922 0.4220 0.8470 0.7163 0.8205
179 0.0304 0.0298 0.9108 0.0617 0.8872 0.2551 0.4258 0.8459 0.6829 0.8163
180 0.0336 0.0292 0.9081 0.0643 0.8844 0.2820 0.4266 0.8453 0.7106 0.8193
181 0.0399 0.0341 0.9078 0.0756 0.8826 0.5255 0.4059 0.8226 0.9339 0.7935
182 0.0413 0.0388 0.8943 0.0815 0.8672 0.3298 0.4346 0.8444 0.7666 0.8184
183 0.0452 0.0406 0.9032 0.0873 0.8784 0.2390 0.4177 0.8506 0.6584 0.8200
184 0.0446 0.0379 0.9009 0.0841 0.8763 0.2509 0.4163 0.8538 0.6691 0.8246
185 0.0312 0.0298 0.9122 0.0625 0.8893 0.2664 0.4132 0.8536 0.6815 0.8250
186 0.0294 0.0277 0.9155 0.0587 0.8918 0.2895 0.4294 0.8511 0.7210 0.8238
187 0.0341 0.0311 0.9155 0.0668 0.8917 0.3131 0.4340 0.8397 0.7493 0.8134
188 0.0588 0.0482 0.8878 0.1085 0.8602 0.2754 0.4390 0.8324 0.7163 0.8008
189 0.0467 0.0429 0.8918 0.0911 0.8635 0.2386 0.4366 0.8412 0.6772 0.8117
190 0.0376 0.0355 0.9045 0.0746 0.8804 0.2503 0.4208 0.8509 0.6730 0.8235
191 0.0361 0.0325 0.9102 0.0702 0.8849 0.2549 0.4203 0.8497 0.6772 0.8235
192 0.0341 0.0323 0.9104 0.0680 0.8876 0.2694 0.4255 0.8506 0.6969 0.8230
193 0.0341 0.0311 0.9076 0.0669 0.8828 0.2600 0.4194 0.8531 0.6815 0.8282
194 0.0369 0.0332 0.9055 0.0717 0.8794 0.2680 0.4447 0.8353 0.7146 0.8059
195 0.0394 0.0344 0.9040 0.0753 0.8793 0.2529 0.4200 0.8531 0.6748 0.8250
196 0.0348 0.0312 0.9100 0.0676 0.8859 0.2923 0.4228 0.8534 0.7172 0.8270
197 0.0326 0.0299 0.9151 0.0640 0.8903 0.2604 0.4208 0.8545 0.6833 0.8276
198 0.0299 0.0274 0.9131 0.0589 0.8908 0.2907 0.4225 0.8481 0.7153 0.8204
199 0.0292 0.0265 0.9148 0.0573 0.8928 0.2651 0.4238 0.8553 0.6910 0.8244
