epoch BCELoss SoftDiceLoss iou loss mAP
0 0.4615 0.4784 0.5249 0.9371 0.4410
1 0.2449 0.2341 0.6535 0.4788 0.5893
2 0.2610 0.2172 0.6938 0.4781 0.6385
3 0.3945 0.2512 0.6746 0.6452 0.6250
4 0.3129 0.2252 0.6458 0.5380 0.5799
5 0.1727 0.1439 0.7371 0.3168 0.6823
6 0.2190 0.1639 0.7502 0.3831 0.7105
7 0.1935 0.1490 0.7686 0.3430 0.7253
8 0.2193 0.1577 0.7292 0.3773 0.6791
9 0.2134 0.1551 0.7453 0.3690 0.6974
10 0.1973 0.1412 0.7365 0.3388 0.6857
11 0.2452 0.1361 0.7788 0.3817 0.7419
12 0.2245 0.1369 0.7290 0.3617 0.6801
13 0.2062 0.1126 0.7911 0.3194 0.7509
14 0.2224 0.1221 0.7880 0.3450 0.7522
15 0.2029 0.1165 0.7978 0.3200 0.7642
16 0.2029 0.1287 0.7539 0.3321 0.7102
17 0.2033 0.1227 0.7755 0.3268 0.7315
18 0.1775 0.1111 0.7778 0.2893 0.7337
19 0.2737 0.1444 0.7497 0.4186 0.7017
20 0.2130 0.1106 0.8032 0.3242 0.7644
21 0.1777 0.1074 0.7971 0.2859 0.7598
22 0.2254 0.1143 0.7891 0.3405 0.7533
23 0.2589 0.1304 0.7232 0.3894 0.6744
24 0.1782 0.1082 0.7940 0.2873 0.7568
25 0.1806 0.0967 0.8117 0.2782 0.7778
26 0.1859 0.0937 0.8109 0.2806 0.7765
27 0.1805 0.0956 0.8085 0.2770 0.7730
28 0.1837 0.0942 0.8091 0.2788 0.7747
29 0.1874 0.0956 0.8057 0.2840 0.7706
30 0.1880 0.0949 0.8087 0.2839 0.7737
31 0.1882 0.0946 0.8148 0.2837 0.7792
32 0.1875 0.0948 0.8076 0.2833 0.7735
33 0.1947 0.0936 0.8084 0.2893 0.7749
34 0.1887 0.0952 0.8087 0.2848 0.7733
35 0.1915 0.0939 0.8112 0.2863 0.7766
36 0.1889 0.0955 0.8022 0.2854 0.7674
37 0.1939 0.0945 0.8072 0.2894 0.7729
38 0.1956 0.0941 0.8080 0.2907 0.7725
39 0.1947 0.0937 0.8074 0.2893 0.7734
40 0.2004 0.0933 0.8117 0.2947 0.7772
41 0.2028 0.0951 0.8080 0.2988 0.7738
42 0.1977 0.0942 0.8082 0.2928 0.7729
43 0.2020 0.0934 0.8061 0.2962 0.7711
44 0.2036 0.0937 0.8118 0.2982 0.7772
45 0.2018 0.0952 0.8052 0.2978 0.7693
46 0.1991 0.0940 0.8076 0.2940 0.7731
47 0.1996 0.0932 0.8093 0.2937 0.7750
48 0.1966 0.0923 0.8145 0.2899 0.7801
49 0.2015 0.0930 0.8013 0.2954 0.7667
50 0.1998 0.0931 0.8039 0.2938 0.7698
51 0.2008 0.0932 0.8079 0.2949 0.7732
52 0.2014 0.0934 0.8031 0.2956 0.7686
53 0.2021 0.0933 0.8051 0.2962 0.7708
54 0.2010 0.0937 0.8020 0.2956 0.7675
55 0.2025 0.0937 0.8053 0.2971 0.7710
56 0.1999 0.0933 0.8037 0.2941 0.7695
57 0.2039 0.0924 0.8083 0.2972 0.7741
58 0.2027 0.0955 0.7975 0.2991 0.7629
59 0.2035 0.0929 0.8078 0.2973 0.7732
60 0.2030 0.0923 0.8124 0.2962 0.7778
61 0.2014 0.0945 0.8011 0.2968 0.7670
62 0.2029 0.0929 0.8066 0.2966 0.7721
63 0.2051 0.0925 0.8103 0.2985 0.7753
64 0.2020 0.0921 0.8060 0.2950 0.7720
65 0.2034 0.0932 0.8049 0.2974 0.7702
66 0.2074 0.0919 0.8150 0.3001 0.7808
67 0.2019 0.0932 0.8052 0.2960 0.7703
68 0.2052 0.0915 0.8183 0.2976 0.7844
69 0.2029 0.0924 0.8088 0.2962 0.7748
70 0.2038 0.0934 0.8065 0.2980 0.7721
71 0.2047 0.0937 0.8043 0.2993 0.7694
72 0.2044 0.0925 0.8073 0.2978 0.7730
73 0.2072 0.0922 0.8096 0.3003 0.7751
74 0.2013 0.0928 0.8049 0.2950 0.7704
75 0.2080 0.0930 0.8049 0.3019 0.7700
76 0.2033 0.0934 0.8073 0.2976 0.7727
77 0.2030 0.0923 0.8088 0.2963 0.7741
78 0.2095 0.0931 0.8080 0.3034 0.7731
79 0.2054 0.0923 0.8094 0.2986 0.7749
80 0.2024 0.0938 0.8016 0.2971 0.7664
81 0.2053 0.0938 0.8033 0.3000 0.7689
82 0.2027 0.0922 0.8037 0.2958 0.7691
83 0.2062 0.0930 0.8071 0.3002 0.7732
84 0.2055 0.0922 0.8099 0.2986 0.7763
85 0.2025 0.0927 0.8052 0.2961 0.7702
86 0.2036 0.0931 0.8073 0.2976 0.7731
87 0.2071 0.0927 0.8086 0.3006 0.7750
88 0.2061 0.0924 0.8124 0.2993 0.7770
89 0.2036 0.0927 0.8057 0.2972 0.7708
90 0.2063 0.0924 0.8135 0.2996 0.7792
91 0.2056 0.0931 0.8091 0.2996 0.7746
92 0.2052 0.0921 0.8116 0.2982 0.7777
93 0.2062 0.0928 0.8100 0.2998 0.7753
94 0.2067 0.0940 0.8016 0.3015 0.7663
95 0.2028 0.0930 0.8048 0.2967 0.7695
96 0.2086 0.0919 0.8106 0.3013 0.7753
97 0.2028 0.0922 0.8070 0.2958 0.7723
98 0.2063 0.0912 0.8178 0.2984 0.7834
99 0.2028 0.0932 0.8065 0.2969 0.7722
