epoch train_BCELoss train_SoftDiceLoss train_iou train_loss train_mAP val_BCELoss val_SoftDiceLoss val_iou val_loss val_mAP
0 0.6513 0.6829 0.2870 1.3333 0.2869 0.6668 0.7367 0.3549 1.4032 0.3549
1 0.6188 0.6675 0.3420 1.2850 0.3384 0.5021 0.7142 0.3690 1.2145 0.3438
2 0.4191 0.4858 0.6176 0.9000 0.5455 0.3293 0.5976 0.7024 0.9226 0.6337
3 0.3181 0.3796 0.6849 0.6927 0.6230 0.2748 0.5757 0.7301 0.8474 0.6761
4 0.2727 0.3301 0.7215 0.5993 0.6644 0.2327 0.5617 0.7409 0.7926 0.6989
5 0.2525 0.2989 0.7281 0.5490 0.6756 0.2365 0.5548 0.7396 0.7902 0.6960
6 0.2205 0.2703 0.7550 0.4889 0.7027 0.2045 0.5398 0.7826 0.7434 0.7439
7 0.2005 0.2404 0.7682 0.4392 0.7195 0.2342 0.5443 0.7609 0.7778 0.7229
8 0.1839 0.2272 0.7912 0.4095 0.7432 0.2065 0.5221 0.7789 0.7279 0.7404
9 0.1847 0.2284 0.7867 0.4115 0.7414 0.1962 0.5194 0.7894 0.7151 0.7547
10 0.1702 0.2164 0.7961 0.3851 0.7516 0.1933 0.5190 0.7893 0.7117 0.7549
11 0.1727 0.2149 0.7976 0.3860 0.7531 0.1978 0.5157 0.7842 0.7129 0.7425
12 0.1639 0.2041 0.8014 0.3665 0.7585 0.2101 0.5187 0.7845 0.7284 0.7471
13 0.1733 0.2088 0.7887 0.3808 0.7447 0.1958 0.5185 0.7802 0.7139 0.7419
14 0.1744 0.2098 0.7813 0.3830 0.7346 0.1829 0.5156 0.7892 0.6984 0.7518
15 0.1662 0.1930 0.7939 0.3581 0.7451 0.1852 0.5083 0.7900 0.6933 0.7533
16 0.1681 0.1892 0.7961 0.3564 0.7491 0.1920 0.5105 0.7961 0.7025 0.7625
17 0.1490 0.1727 0.8082 0.3207 0.7655 0.1831 0.5070 0.7916 0.6902 0.7541
18 0.1381 0.1566 0.8280 0.2938 0.7840 0.1812 0.4929 0.8067 0.6741 0.7708
19 0.1278 0.1529 0.8236 0.2798 0.7826 0.1822 0.4940 0.8132 0.6763 0.7796
20 0.1212 0.1423 0.8359 0.2626 0.7961 0.1808 0.4925 0.8171 0.6733 0.7837
21 0.1210 0.1450 0.8326 0.2652 0.7940 0.1762 0.4917 0.8127 0.6679 0.7811
22 0.1190 0.1405 0.8329 0.2588 0.7958 0.1982 0.5000 0.8006 0.6983 0.7645
23 0.1252 0.1425 0.8239 0.2670 0.7822 0.1741 0.4942 0.8132 0.6685 0.7830
24 0.1358 0.1485 0.8149 0.2837 0.7741 0.1895 0.4904 0.8138 0.6800 0.7797
25 0.1386 0.1485 0.8147 0.2866 0.7721 0.2682 0.5141 0.7692 0.7826 0.7249
26 0.1487 0.1505 0.8109 0.2989 0.7691 0.1939 0.4962 0.7925 0.6904 0.7557
27 0.1295 0.1410 0.8139 0.2702 0.7703 0.1819 0.4826 0.8126 0.6649 0.7743
28 0.1080 0.1203 0.8445 0.2279 0.8020 0.1735 0.4805 0.8157 0.6543 0.7792
29 0.1049 0.1155 0.8408 0.2201 0.8027 0.1711 0.4797 0.8256 0.6512 0.7939
30 0.0969 0.1111 0.8474 0.2076 0.8116 0.1704 0.4768 0.8249 0.6476 0.7929
31 0.1015 0.1119 0.8496 0.2131 0.8126 0.1990 0.4841 0.8171 0.6837 0.7829
32 0.1003 0.1122 0.8476 0.2122 0.8102 0.2654 0.4914 0.7985 0.7576 0.7667
33 0.1047 0.1089 0.8478 0.2134 0.8109 0.2076 0.4806 0.8166 0.6888 0.7875
34 0.1087 0.1121 0.8400 0.2206 0.8021 0.2255 0.4950 0.7886 0.7213 0.7565
35 0.1216 0.1263 0.8242 0.2479 0.7835 0.2631 0.5030 0.7842 0.7669 0.7502
36 0.1236 0.1255 0.8214 0.2491 0.7833 0.2162 0.4738 0.8093 0.6909 0.7787
37 0.1171 0.1187 0.8329 0.2358 0.7926 0.2133 0.4768 0.8076 0.6910 0.7729
38 0.0940 0.0982 0.8431 0.1922 0.8043 0.1919 0.4655 0.8162 0.6582 0.7839
39 0.0908 0.0925 0.8556 0.1834 0.8209 0.1873 0.4671 0.8275 0.6551 0.7988
40 0.0876 0.0912 0.8546 0.1788 0.8211 0.1831 0.4650 0.8289 0.6489 0.7993
41 0.0826 0.0867 0.8626 0.1694 0.8276 0.1634 0.4646 0.8342 0.6287 0.8035
42 0.0854 0.0857 0.8585 0.1712 0.8214 0.1773 0.4636 0.8233 0.6416 0.7884
43 0.0898 0.0885 0.8586 0.1784 0.8220 0.1768 0.4597 0.8303 0.6371 0.8013
44 0.1086 0.1044 0.8403 0.2132 0.8010 0.1844 0.4658 0.8212 0.6511 0.7830
45 0.1102 0.1034 0.8312 0.2138 0.7905 0.2426 0.4910 0.7828 0.7344 0.7455
46 0.1045 0.0993 0.8426 0.2041 0.8061 0.1968 0.4809 0.8102 0.6786 0.7768
47 0.0967 0.0923 0.8453 0.1893 0.8100 0.2160 0.4610 0.8172 0.6780 0.7835
48 0.0794 0.0808 0.8617 0.1606 0.8258 0.1963 0.4587 0.8201 0.6560 0.7875
49 0.0803 0.0789 0.8642 0.1595 0.8304 0.1869 0.4599 0.8297 0.6478 0.8008
50 0.0686 0.0736 0.8713 0.1425 0.8361 0.1896 0.4572 0.8332 0.6478 0.8044
51 0.0765 0.0768 0.8649 0.1537 0.8311 0.2025 0.4557 0.8294 0.6592 0.7961
52 0.0804 0.0793 0.8657 0.1600 0.8331 0.1998 0.4699 0.8103 0.6708 0.7845
53 0.0816 0.0786 0.8589 0.1605 0.8223 0.1863 0.4513 0.8284 0.6387 0.7983
54 0.0958 0.0889 0.8519 0.1851 0.8176 0.2534 0.4711 0.8008 0.7257 0.7662
55 0.1023 0.0966 0.8363 0.1994 0.7997 0.3073 0.4592 0.7998 0.7678 0.7644
56 0.1052 0.0948 0.8422 0.2004 0.8065 0.2418 0.4668 0.8014 0.7099 0.7705
57 0.0919 0.0878 0.8519 0.1802 0.8153 0.2165 0.4559 0.8265 0.6735 0.7920
58 0.0786 0.0777 0.8641 0.1568 0.8290 0.1928 0.4585 0.8230 0.6523 0.7914
59 0.0701 0.0693 0.8697 0.1399 0.8351 0.1929 0.4521 0.8307 0.6462 0.8013
60 0.0690 0.0655 0.8709 0.1351 0.8384 0.1987 0.4516 0.8323 0.6515 0.8044
61 0.0642 0.0657 0.8769 0.1305 0.8434 0.2110 0.4516 0.8317 0.6638 0.8009
62 0.0686 0.0651 0.8741 0.1343 0.8422 0.2011 0.4548 0.8263 0.6571 0.7992
63 0.0804 0.0754 0.8576 0.1565 0.8240 0.2276 0.4598 0.8129 0.6885 0.7769
64 0.0853 0.0777 0.8549 0.1636 0.8193 0.2322 0.4776 0.8048 0.7109 0.7709
65 0.1087 0.0937 0.8417 0.2030 0.8024 0.2236 0.4607 0.8017 0.6857 0.7653
66 0.1046 0.0972 0.8447 0.2024 0.8071 0.2882 0.4736 0.7920 0.7634 0.7551
67 0.0824 0.0763 0.8601 0.1593 0.8245 0.1909 0.4553 0.8248 0.6474 0.7948
68 0.0743 0.0714 0.8639 0.1464 0.8299 0.2172 0.4632 0.8260 0.6817 0.7972
69 0.0706 0.0680 0.8719 0.1393 0.8398 0.1774 0.4491 0.8338 0.6277 0.8039
70 0.0707 0.0670 0.8676 0.1384 0.8361 0.1760 0.4469 0.8355 0.6242 0.8042
71 0.0626 0.0609 0.8734 0.1242 0.8396 0.1710 0.4452 0.8389 0.6173 0.8081
72 0.0608 0.0600 0.8739 0.1214 0.8413 0.1870 0.4527 0.8389 0.6410 0.8084
73 0.0684 0.0632 0.8691 0.1323 0.8371 0.1830 0.4496 0.8411 0.6339 0.8123
74 0.0718 0.0672 0.8614 0.1398 0.8266 0.2303 0.4600 0.8135 0.6918 0.7780
75 0.0855 0.0769 0.8547 0.1632 0.8166 0.3739 0.5120 0.7421 0.8875 0.7145
76 0.0777 0.0710 0.8634 0.1495 0.8265 0.2462 0.4570 0.8139 0.7047 0.7842
77 0.0727 0.0624 0.8693 0.1358 0.8361 0.2155 0.4603 0.8246 0.6773 0.7962
78 0.0671 0.0623 0.8690 0.1302 0.8382 0.1939 0.4494 0.8379 0.6448 0.8090
79 0.0615 0.0585 0.8751 0.1208 0.8440 0.1791 0.4421 0.8373 0.6226 0.8085
80 0.0554 0.0553 0.8811 0.1115 0.8497 0.1873 0.4429 0.8362 0.6317 0.8056
81 0.0572 0.0553 0.8828 0.1133 0.8497 0.2147 0.4445 0.8352 0.6607 0.8056
82 0.0568 0.0560 0.8747 0.1136 0.8432 0.2182 0.4532 0.8334 0.6730 0.8055
83 0.0594 0.0558 0.8812 0.1159 0.8490 0.2470 0.4510 0.8298 0.6997 0.8016
84 0.0626 0.0553 0.8771 0.1187 0.8437 0.2227 0.4507 0.8182 0.6750 0.7849
85 0.0823 0.0719 0.8631 0.1550 0.8292 0.2567 0.4694 0.8147 0.7277 0.7805
86 0.0882 0.0766 0.8581 0.1656 0.8231 0.1955 0.4494 0.8394 0.6464 0.8116
87 0.0684 0.0599 0.8741 0.1292 0.8424 0.2004 0.4447 0.8404 0.6465 0.8117
88 0.0600 0.0530 0.8806 0.1139 0.8473 0.1998 0.4396 0.8464 0.6409 0.8175
89 0.0564 0.0540 0.8820 0.1113 0.8490 0.1878 0.4379 0.8490 0.6272 0.8194
90 0.0563 0.0523 0.8837 0.1095 0.8543 0.1937 0.4383 0.8424 0.6336 0.8124
91 0.0530 0.0508 0.8804 0.1048 0.8500 0.2206 0.4440 0.8378 0.6662 0.8085
92 0.0544 0.0518 0.8815 0.1072 0.8518 0.2289 0.4420 0.8429 0.6725 0.8134
93 0.0562 0.0506 0.8790 0.1077 0.8478 0.2049 0.4532 0.8450 0.6596 0.8163
94 0.0724 0.0644 0.8731 0.1378 0.8403 0.2326 0.4672 0.8274 0.7014 0.8025
95 0.0796 0.0691 0.8646 0.1496 0.8305 0.1793 0.4522 0.8355 0.6328 0.8044
96 0.0715 0.0676 0.8617 0.1400 0.8280 0.3233 0.4810 0.7858 0.8061 0.7527
97 0.0793 0.0675 0.8692 0.1478 0.8374 0.2334 0.4429 0.8281 0.6781 0.7937
98 0.0581 0.0543 0.8813 0.1133 0.8506 0.2078 0.4379 0.8470 0.6473 0.8193
99 0.0520 0.0493 0.8817 0.1023 0.8501 0.2265 0.4354 0.8434 0.6636 0.8161
