epoch train_BCELoss train_SoftDiceLoss train_iou train_loss train_mAP val_BCELoss val_SoftDiceLoss val_iou val_loss val_mAP
0 0.5447 0.5380 0.4142 1.0817 0.3190 0.4510 0.5101 0.6691 0.9605 0.6059
1 0.3560 0.4028 0.6732 0.7583 0.6052 0.3591 0.3447 0.6782 0.7033 0.5988
2 0.3021 0.3576 0.7192 0.6595 0.6575 0.2941 0.3230 0.7474 0.6169 0.6930
3 0.2650 0.3231 0.7494 0.5880 0.6921 0.2664 0.2875 0.7606 0.5539 0.7023
4 0.2335 0.2961 0.7700 0.5296 0.7149 0.2582 0.2890 0.7776 0.5471 0.7276
5 0.2154 0.2775 0.7693 0.4928 0.7166 0.2316 0.2583 0.7852 0.4899 0.7309
6 0.1905 0.2545 0.7935 0.4451 0.7462 0.2420 0.2661 0.7829 0.5083 0.7270
7 0.1730 0.2348 0.8012 0.4080 0.7544 0.2320 0.2405 0.7685 0.4725 0.7088
8 0.1568 0.2140 0.8161 0.3710 0.7695 0.2443 0.2242 0.7744 0.4685 0.7164
9 0.1425 0.1983 0.8234 0.3410 0.7820 0.2197 0.2344 0.7822 0.4545 0.7376
10 0.1291 0.1817 0.8312 0.3110 0.7888 0.2056 0.2007 0.8095 0.4067 0.7631
11 0.1227 0.1718 0.8332 0.2948 0.7926 0.1944 0.1894 0.8090 0.3841 0.7629
12 0.1118 0.1561 0.8447 0.2683 0.8044 0.2130 0.1838 0.8044 0.3972 0.7624
13 0.1071 0.1492 0.8443 0.2567 0.8056 0.1770 0.1666 0.8267 0.3441 0.7853
14 0.1009 0.1398 0.8383 0.2412 0.7992 0.1981 0.1745 0.7904 0.3731 0.7483
15 0.0932 0.1324 0.8500 0.2261 0.8123 0.1713 0.1598 0.8153 0.3317 0.7763
16 0.0868 0.1262 0.8642 0.2136 0.8299 0.1726 0.1576 0.8094 0.3307 0.7710
17 0.0835 0.1233 0.8692 0.2074 0.8367 0.1690 0.1549 0.8231 0.3245 0.7856
18 0.0830 0.1211 0.8717 0.2046 0.8388 0.1744 0.1557 0.8150 0.3306 0.7767
19 0.0801 0.1203 0.8709 0.2011 0.8391 0.1705 0.1529 0.8106 0.3240 0.7712
20 0.0794 0.1197 0.8727 0.1997 0.8396 0.1762 0.1556 0.8048 0.3324 0.7663
21 0.0775 0.1175 0.8783 0.1957 0.8453 0.1726 0.1534 0.8082 0.3265 0.7683
22 0.0768 0.1148 0.8769 0.1923 0.8458 0.1750 0.1535 0.8117 0.3291 0.7723
23 0.0790 0.1168 0.8747 0.1966 0.8442 0.1701 0.1500 0.8101 0.3207 0.7712
24 0.0755 0.1164 0.8799 0.1927 0.8479 0.1666 0.1490 0.8099 0.3162 0.7720
25 0.0755 0.1154 0.8783 0.1916 0.8461 0.1678 0.1486 0.8121 0.3170 0.7725
26 0.0722 0.1099 0.8876 0.1829 0.8584 0.1668 0.1485 0.8121 0.3159 0.7732
27 0.0732 0.1117 0.8838 0.1856 0.8540 0.1671 0.1488 0.8169 0.3165 0.7783
28 0.0724 0.1099 0.8850 0.1830 0.8558 0.1668 0.1489 0.8124 0.3163 0.7740
29 0.0716 0.1090 0.8857 0.1814 0.8566 0.1660 0.1479 0.8112 0.3145 0.7733
30 0.0827 0.1152 0.8658 0.1985 0.8329 0.2138 0.1571 0.8015 0.3712 0.7525
31 0.1102 0.1332 0.8242 0.2440 0.7809 0.2141 0.1698 0.7683 0.3842 0.7206
32 0.1011 0.1240 0.8388 0.2257 0.7999 0.1919 0.1407 0.8157 0.3331 0.7675
33 0.0899 0.1139 0.8466 0.2045 0.8098 0.1862 0.1502 0.8210 0.3371 0.7833
34 0.0854 0.1040 0.8534 0.1901 0.8186 0.1738 0.1339 0.8173 0.3084 0.7761
35 0.0736 0.0935 0.8587 0.1679 0.8243 0.1845 0.1355 0.8200 0.3207 0.7811
36 0.0994 0.1039 0.7687 0.2040 0.7424 0.1962 0.1487 0.8061 0.3458 0.7666
37 0.1024 0.1043 0.7716 0.2074 0.7438 0.1627 0.1201 0.8253 0.2835 0.7849
38 0.0781 0.0893 0.7797 0.1683 0.7539 0.1552 0.1196 0.8297 0.2755 0.7897
39 0.0749 0.0833 0.7881 0.1592 0.7645 0.1569 0.1187 0.8290 0.2765 0.7873
40 0.0721 0.0808 0.7896 0.1539 0.7666 0.1569 0.1189 0.8298 0.2768 0.7901
41 0.0738 0.0841 0.7891 0.1590 0.7668 0.1652 0.1231 0.8272 0.2892 0.7887
42 0.0683 0.0776 0.7937 0.1469 0.7718 0.1646 0.1208 0.8301 0.2863 0.7896
43 0.0684 0.0763 0.7946 0.1457 0.7727 0.1653 0.1206 0.8297 0.2869 0.7903
44 0.0645 0.0735 0.7959 0.1391 0.7748 0.1602 0.1150 0.8290 0.2762 0.7896
45 0.0662 0.0734 0.7965 0.1407 0.7749 0.1594 0.1121 0.8266 0.2725 0.7875
46 0.0640 0.0721 0.7982 0.1372 0.7777 0.1611 0.1153 0.8280 0.2774 0.7867
47 0.0625 0.0719 0.7993 0.1355 0.7782 0.1607 0.1141 0.8291 0.2758 0.7894
48 0.0613 0.0709 0.7976 0.1333 0.7771 0.1601 0.1141 0.8266 0.2752 0.7866
49 0.0625 0.0711 0.7999 0.1347 0.7782 0.1609 0.1151 0.8243 0.2769 0.7843
50 0.0611 0.0707 0.8001 0.1329 0.7796 0.1603 0.1145 0.8271 0.2758 0.7869
51 0.0603 0.0704 0.7990 0.1319 0.7782 0.1631 0.1151 0.8284 0.2792 0.7895
52 0.0606 0.0701 0.8008 0.1319 0.7793 0.1612 0.1143 0.8264 0.2764 0.7852
53 0.0606 0.0694 0.8010 0.1311 0.7803 0.1647 0.1157 0.8309 0.2814 0.7912
54 0.0704 0.0749 0.7893 0.1463 0.7663 0.2053 0.1266 0.7842 0.3325 0.7365
55 0.0952 0.0936 0.7594 0.1897 0.7305 0.1721 0.1248 0.8068 0.2978 0.7708
56 0.0889 0.0869 0.7726 0.1767 0.7452 0.1802 0.1266 0.8085 0.3077 0.7704
57 0.0854 0.0827 0.7697 0.1690 0.7425 0.1761 0.1217 0.7987 0.2987 0.7608
58 0.0900 0.0849 0.7596 0.1758 0.7323 0.2125 0.1306 0.7986 0.3438 0.7550
59 0.0897 0.0828 0.7717 0.1734 0.7447 0.1879 0.1265 0.8083 0.3155 0.7702
60 0.0809 0.0777 0.7724 0.1596 0.7452 0.1758 0.1138 0.8224 0.2907 0.7837
61 0.0662 0.0649 0.7847 0.1322 0.7603 0.1757 0.1082 0.8286 0.2850 0.7921
62 0.0565 0.0567 0.7991 0.1145 0.7787 0.1639 0.1032 0.8405 0.2682 0.8077
63 0.0537 0.0543 0.7983 0.1093 0.7765 0.1618 0.1019 0.8402 0.2648 0.8059
64 0.0495 0.0517 0.8029 0.1026 0.7820 0.1628 0.1011 0.8364 0.2651 0.8027
65 0.0517 0.0514 0.8042 0.1044 0.7835 0.1690 0.1032 0.8359 0.2735 0.8023
66 0.0465 0.0492 0.8037 0.0971 0.7827 0.1661 0.1009 0.8353 0.2681 0.8008
67 0.0488 0.0494 0.8061 0.0996 0.7859 0.1650 0.1001 0.8364 0.2662 0.7994
68 0.0449 0.0475 0.8052 0.0939 0.7851 0.1676 0.1012 0.8364 0.2700 0.8011
69 0.0462 0.0476 0.8066 0.0952 0.7870 0.1662 0.0983 0.8408 0.2657 0.8049
70 0.0448 0.0471 0.8031 0.0933 0.7837 0.1681 0.0999 0.8411 0.2692 0.8054
71 0.0463 0.0465 0.8044 0.0943 0.7855 0.1662 0.0975 0.8364 0.2648 0.8010
72 0.0455 0.0462 0.8089 0.0931 0.7891 0.1658 0.0984 0.8405 0.2653 0.8041
73 0.0457 0.0464 0.8074 0.0935 0.7874 0.1671 0.0990 0.8380 0.2673 0.8030
74 0.0446 0.0463 0.8046 0.0923 0.7850 0.1661 0.0995 0.8365 0.2668 0.8009
